1446 1
0 -2.436176 
1 -0.688503 
2 -0.105416 
3 -1.042698 
4 -1.168732 
5 1.715823 
6 -1.279652 
7 -1.386535 
8 -1.228409 
9 1.602210 
10 0.453454 
11 -2.207237 
12 -2.014967 
13 2.066337 
14 -0.880288 
15 0.063443 
16 -0.191621 
17 -2.110365 
18 -1.455867 
19 0.216913 
20 -0.838223 
21 -1.222619 
22 1.921608 
23 2.115757 
24 -1.698059 
25 -1.270399 
26 0.040447 
27 -1.502901 
28 -1.043412 
29 -1.464382 
30 1.344943 
31 -1.850849 
32 -2.059979 
33 -1.136748 
34 0.269514 
35 -0.727184 
36 -1.385949 
37 -1.946350 
38 -0.060721 
39 -1.207962 
40 -0.033628 
41 -1.843409 
42 -1.526541 
43 -1.009662 
44 -1.502938 
45 0.532906 
46 2.603129 
47 -0.713930 
48 -1.332347 
49 -0.944280 
50 -1.546567 
51 -1.122012 
52 -1.839993 
53 1.729247 
54 -0.745266 
55 -0.894166 
56 1.524309 
57 -0.307665 
58 -1.334323 
59 -1.915272 
60 -1.637683 
61 -1.791019 
62 0.261659 
63 -1.027934 
64 -0.086962 
65 -0.057879 
66 -1.145931 
67 2.689258 
68 -1.354025 
69 2.417057 
70 -1.080091 
71 0.204509 
72 -1.310086 
73 -1.451091 
74 1.168577 
75 -1.486660 
76 -0.722452 
77 -2.047587 
78 -1.658250 
79 0.257858 
80 -1.563322 
81 1.825510 
82 -1.321204 
83 -0.489962 
84 -1.932336 
85 -1.027278 
86 1.536604 
87 -1.010687 
88 -0.399649 
89 1.362344 
90 -2.012034 
91 -1.566628 
92 -1.707852 
93 -0.923197 
94 -1.276750 
95 -1.023754 
96 1.994257 
97 -0.772569 
98 -0.475250 
99 -1.789319 
100 -1.126774 
101 -1.483141 
102 -0.032238 
103 -1.875161 
104 -1.456599 
105 -1.386546 
106 1.940206 
107 1.451745 
108 -1.096493 
109 -1.415463 
110 1.717637 
111 -1.604153 
112 0.134964 
113 -1.880663 
114 1.921942 
115 -1.242134 
116 1.886962 
117 1.946991 
118 -0.649818 
119 -1.358799 
120 -2.201710 
121 -1.474301 
122 -0.596291 
123 -0.188081 
124 1.187489 
125 -2.019899 
126 -1.177600 
127 -0.302462 
128 -1.584780 
129 -0.753342 
130 -1.346758 
131 1.361668 
132 2.216724 
133 0.834708 
134 1.023592 
135 1.571883 
136 -2.081258 
137 2.194509 
138 0.080414 
139 0.239464 
140 2.019426 
141 -1.707132 
142 1.418155 
143 -0.531485 
144 1.915814 
145 -2.257670 
146 -0.040045 
147 -0.301142 
148 -1.393218 
149 -0.996633 
150 -1.314592 
151 -1.416369 
152 -1.304668 
153 -0.667278 
154 -1.718597 
155 -1.150246 
156 -1.223556 
157 -0.880297 
158 -1.997586 
159 -0.478485 
160 -0.987638 
161 0.519523 
162 -1.992252 
163 -1.386508 
164 1.785045 
165 -1.716244 
166 0.084307 
167 -1.394776 
168 -1.888301 
169 -1.355533 
170 -1.174394 
171 0.389286 
172 -0.712508 
173 -0.286008 
174 -2.166450 
175 1.770018 
176 1.858032 
177 -0.390977 
178 -1.359593 
179 -1.559865 
180 0.496697 
181 -1.015282 
182 -2.458464 
183 1.230186 
184 -1.210875 
185 -0.277562 
186 -0.403033 
187 -2.116778 
188 -1.343828 
189 -1.364986 
190 -0.192128 
191 2.379252 
192 1.384838 
193 -0.711707 
194 -1.130066 
195 -1.896571 
196 -0.573416 
197 -1.445605 
198 -0.597059 
199 -1.973711 
200 -1.520634 
201 1.840210 
202 -0.400660 
203 -1.700471 
204 -1.039334 
205 -1.416568 
206 -0.506439 
207 -1.894547 
208 -0.914911 
209 -2.514855 
210 -0.434527 
211 -0.380578 
212 -1.488315 
213 -1.048855 
214 -1.395061 
215 -1.304700 
216 1.659083 
217 -1.747969 
218 -1.593238 
219 0.150839 
220 1.424522 
221 -1.269789 
222 -0.541409 
223 -2.129049 
224 -1.526663 
225 -0.377116 
226 -1.637373 
227 -1.360146 
228 -0.627597 
229 2.932247 
230 -0.800289 
231 0.240075 
232 -1.747910 
233 1.541330 
234 0.415010 
235 1.988116 
236 -1.748501 
237 -1.867348 
238 -0.774684 
239 0.494003 
240 1.313107 
241 0.144746 
242 -1.105900 
243 -2.359105 
244 -1.326408 
245 -1.457663 
246 -1.044942 
247 -1.302585 
248 -0.535819 
249 1.815499 
250 -1.907901 
251 1.845100 
252 1.921307 
253 1.115054 
254 -1.814547 
255 -0.754641 
256 2.289695 
257 -0.862340 
258 -0.606111 
259 -1.544062 
260 1.699286 
261 -0.900909 
262 -1.259566 
263 -1.417350 
264 -1.293374 
265 -1.323055 
266 -1.551210 
267 -0.696928 
268 -1.718953 
269 -1.750788 
270 -0.233920 
271 -1.045225 
272 -1.813203 
273 -1.195551 
274 -0.737819 
275 -1.060956 
276 1.747483 
277 -1.671613 
278 -0.439884 
279 -1.283851 
280 -1.193032 
281 -1.528094 
282 -0.969657 
283 1.416641 
284 -1.750155 
285 1.358591 
286 -1.395642 
287 -0.972089 
288 -0.914013 
289 -1.572318 
290 -0.186690 
291 -1.721684 
292 -0.975857 
293 -1.831768 
294 1.841005 
295 -1.084016 
296 -0.377448 
297 -1.497221 
298 -1.643638 
299 -0.327894 
300 -1.448595 
301 -1.041995 
302 2.104340 
303 -0.193890 
304 -1.987868 
305 -1.276966 
306 2.076198 
307 0.080497 
308 1.454283 
309 -1.565536 
310 0.992764 
311 -1.562720 
312 -1.520587 
313 -1.349503 
314 1.250723 
315 0.196674 
316 -1.462957 
317 -1.776560 
318 1.430540 
319 -0.551206 
320 -0.522123 
321 -1.570215 
322 1.894315 
323 -1.224525 
324 -1.827535 
325 -0.618649 
326 0.432172 
327 2.410599 
328 -1.134165 
329 -0.464842 
330 -1.593274 
331 -1.696852 
332 -1.532963 
333 -0.553052 
334 -1.761055 
335 -1.065564 
336 0.093039 
337 -1.616012 
338 -2.298125 
339 -0.090339 
340 -0.342811 
341 -0.358608 
342 -2.723337 
343 -0.021093 
344 -1.348238 
345 -2.009787 
346 -0.467945 
347 -0.325965 
348 -1.138181 
349 2.130416 
350 0.224793 
351 -1.820786 
352 -1.061355 
353 -1.420832 
354 0.241508 
355 -2.016406 
356 -1.742543 
357 1.471150 
358 -1.125521 
359 -1.287777 
360 -0.890285 
361 1.526001 
362 -1.658347 
363 -0.852682 
364 -0.921515 
365 0.086926 
366 -1.433707 
367 -2.078325 
368 -1.351934 
369 -1.622118 
370 0.376412 
371 -1.730744 
372 -0.758600 
373 -0.497180 
374 -0.103156 
375 -2.418789 
376 -1.436409 
377 -1.503188 
378 -0.973266 
379 -1.083097 
380 0.100578 
381 -0.207483 
382 -1.523398 
383 2.629350 
384 -2.146909 
385 -0.559260 
386 -0.374945 
387 1.504117 
388 -1.518958 
389 -1.602239 
390 1.850148 
391 0.144198 
392 -0.218492 
393 -1.865369 
394 -1.173257 
395 1.735335 
396 1.458019 
397 -0.968586 
398 -1.429989 
399 -1.749602 
400 0.886833 
401 2.356040 
402 -1.698492 
403 -0.315787 
404 -0.377084 
405 2.252774 
406 -0.934019 
407 -1.387553 
408 -1.781628 
409 -1.427439 
410 -0.006048 
411 -1.216256 
412 1.543189 
413 -1.828550 
414 0.007159 
415 1.774973 
416 -0.890604 
417 0.153591 
418 -1.499288 
419 -1.729938 
420 -0.366562 
421 1.869874 
422 -2.136462 
423 0.271950 
424 1.798174 
425 1.266607 
426 -0.850691 
427 2.199428 
428 -1.755417 
429 2.021363 
430 -0.989659 
431 0.867524 
432 -1.795199 
433 -1.809799 
434 1.108472 
435 -0.588239 
436 -0.297048 
437 -0.653257 
438 -1.733685 
439 2.159122 
440 -1.656812 
441 -1.816345 
442 -0.245888 
443 1.366061 
444 1.068684 
445 -1.624774 
446 -1.557403 
447 1.644423 
448 -0.149394 
449 2.080527 
450 -0.954537 
451 -1.777389 
452 0.824611 
453 -0.621426 
454 2.842351 
455 1.535598 
456 -1.198140 
457 0.251157 
458 2.505795 
459 -0.835631 
460 -0.509438 
461 -1.409637 
462 0.167115 
463 -2.022129 
464 -0.393807 
465 1.853792 
466 2.299800 
467 -0.225953 
468 0.224829 
469 -0.900334 
470 -2.224053 
471 -0.961394 
472 -0.932515 
473 -1.367601 
474 -1.808104 
475 -0.856229 
476 -0.800608 
477 -1.625906 
478 -1.022686 
479 -1.453889 
480 -1.488408 
481 -1.925372 
482 0.097620 
483 1.161090 
484 1.306888 
485 -1.873327 
486 -0.297992 
487 2.046298 
488 -1.561715 
489 -1.942763 
490 -0.584988 
491 0.315314 
492 -0.542972 
493 0.018219 
494 -2.163423 
495 -1.476593 
496 -0.575759 
497 -1.757322 
498 -1.670756 
499 -0.172722 
500 -0.073992 
501 -1.890264 
502 -0.276139 
503 -1.901604 
504 -0.238199 
505 -0.058546 
506 -2.188766 
507 -1.338175 
508 -1.653623 
509 0.020598 
510 -1.260477 
511 -1.595028 
512 0.140952 
513 -1.363957 
514 -1.335183 
515 -1.591851 
516 -1.215393 
517 -0.672091 
518 -1.610494 
519 1.857176 
520 2.552948 
521 -0.199602 
522 1.096560 
523 -1.874914 
524 -1.245302 
525 1.644312 
526 1.698662 
527 -1.256579 
528 -1.235590 
529 -1.072973 
530 -1.588531 
531 -0.973495 
532 -0.257600 
533 -1.221206 
534 0.279663 
535 -2.507085 
536 -1.374727 
537 0.201573 
538 2.005475 
539 -1.605021 
540 1.577379 
541 -1.267422 
542 -0.995798 
543 -1.922683 
544 2.144861 
545 0.119287 
546 1.494375 
547 -1.729348 
548 -0.867663 
549 1.502003 
550 -2.174739 
551 -0.331136 
552 -1.526690 
553 -0.369870 
554 1.115541 
555 -2.191782 
556 -1.403262 
557 -2.370014 
558 -0.237894 
559 0.163919 
560 1.879316 
561 0.251638 
562 -2.049598 
563 1.279408 
564 2.450838 
565 0.355618 
566 -0.375457 
567 -0.923442 
568 -0.117874 
569 -2.038337 
570 -1.490846 
571 -0.915039 
572 -1.113486 
573 -1.520968 
574 0.172257 
575 -1.920395 
576 -0.076915 
577 2.026690 
578 -2.148627 
579 -0.681556 
580 -0.864189 
581 -1.079560 
582 -1.005225 
583 -1.820484 
584 0.243328 
585 -2.771627 
586 0.074531 
587 -1.049945 
588 -1.007578 
589 1.456918 
590 -0.834769 
591 -1.869184 
592 -1.398322 
593 -2.381724 
594 -0.384812 
595 -0.482936 
596 1.471134 
597 1.164205 
598 -2.480028 
599 -0.393943 
600 -0.078216 
601 0.469227 
602 -2.860322 
603 -0.859365 
604 0.617278 
605 2.195103 
606 -1.500499 
607 -1.502443 
608 0.254219 
609 -0.945975 
610 2.985259 
611 0.347351 
612 0.414614 
613 -0.990932 
614 2.125002 
615 -1.225421 
616 2.413317 
617 -0.094147 
618 -1.536453 
619 1.287858 
620 -0.849821 
621 -1.646821 
622 -0.778573 
623 -1.728478 
624 -1.456162 
625 2.539378 
626 -0.120345 
627 1.612726 
628 -0.100153 
629 2.072044 
630 -1.579425 
631 -1.690586 
632 2.225500 
633 1.574449 
634 -1.750720 
635 -0.402303 
636 1.511728 
637 -1.746990 
638 -0.822934 
639 -1.606636 
640 -0.107400 
641 1.208770 
642 -2.829571 
643 -0.518322 
644 -1.827893 
645 1.523445 
646 -1.614283 
647 -0.859038 
648 -2.181220 
649 -1.728902 
650 -0.307738 
651 -0.089381 
652 1.682871 
653 -1.650295 
654 -0.105812 
655 2.229882 
656 -1.480368 
657 -0.239714 
658 -1.566413 
659 -1.454636 
660 -2.755734 
661 -1.096254 
662 0.268772 
663 0.204372 
664 -1.980663 
665 -0.761210 
666 -0.915407 
667 1.711395 
668 -1.352762 
669 -1.497103 
670 -1.113026 
671 -1.201463 
672 1.701770 
673 -1.691401 
674 1.793879 
675 -0.842529 
676 -1.067881 
677 -1.838444 
678 -0.891158 
679 -1.188318 
680 -1.849937 
681 1.226961 
682 -1.535383 
683 1.353285 
684 1.851417 
685 -1.457483 
686 -0.148918 
687 -1.735059 
688 -1.093202 
689 -1.175581 
690 -0.213352 
691 -2.101903 
692 2.201808 
693 -1.306085 
694 2.180068 
695 0.002904 
696 -1.274976 
697 -1.459723 
698 0.130103 
699 -1.857515 
700 -1.802012 
701 -1.087267 
702 -1.642354 
703 0.096588 
704 -0.700477 
705 1.748777 
706 -0.822218 
707 -2.210422 
708 -1.601546 
709 0.273453 
710 1.976460 
711 -1.661569 
712 -1.164341 
713 0.218761 
714 1.934355 
715 -2.131283 
716 1.477819 
717 -0.538387 
718 1.518931 
719 -2.244729 
720 1.934401 
721 0.233504 
722 -1.604460 
723 -1.684083 
724 -1.209870 
725 -2.452264 
726 0.200700 
727 1.415522 
728 1.982111 
729 1.733881 
730 1.526441 
731 -1.276270 
732 -0.557717 
733 -2.102927 
734 0.103097 
735 2.183434 
736 -1.285710 
737 0.256242 
738 2.280184 
739 -1.653169 
740 -0.569282 
741 -1.953166 
742 1.279971 
743 1.917450 
744 -2.087269 
745 -2.034987 
746 0.981926 
747 -0.141797 
748 -0.827786 
749 -1.047096 
750 -2.304898 
751 -0.650366 
752 1.303419 
753 -1.897881 
754 2.514093 
755 0.877918 
756 -0.169750 
757 -1.047796 
758 -1.221274 
759 -2.258880 
760 -0.314283 
761 -2.301670 
762 -1.213413 
763 -0.990339 
764 -0.794215 
765 -2.963949 
766 0.212537 
767 -0.393446 
768 0.224763 
769 -1.737323 
770 -1.161136 
771 -1.667505 
772 -1.526484 
773 -1.143365 
774 -1.278228 
775 -1.220012 
776 -1.768318 
777 -1.223880 
778 -1.033342 
779 -0.986467 
780 1.628138 
781 -0.073097 
782 2.232222 
783 -1.549232 
784 -1.320848 
785 -0.753003 
786 -0.981646 
787 -1.707648 
788 -1.446091 
789 -1.664573 
790 1.790767 
791 -0.552702 
792 -0.065394 
793 -2.194725 
794 -1.409243 
795 -1.055491 
796 -1.610259 
797 -1.181852 
798 -1.636744 
799 0.503116 
800 -1.013515 
801 -0.989257 
802 2.333937 
803 -0.955792 
804 1.922130 
805 -0.624046 
806 -1.431118 
807 -1.429703 
808 -1.782722 
809 -0.837687 
810 -0.430932 
811 -1.449932 
812 -1.526743 
813 0.451687 
814 -0.893249 
815 -2.166673 
816 -1.294879 
817 -1.303941 
818 -1.582276 
819 1.188383 
820 -2.264089 
821 -1.442583 
822 1.035752 
823 -0.116245 
824 -0.128298 
825 2.271677 
826 -0.771173 
827 -1.700069 
828 2.008791 
829 -0.565284 
830 -1.619731 
831 -1.029962 
832 -1.972685 
833 2.176700 
834 -0.797472 
835 -0.479823 
836 -1.740246 
837 0.158538 
838 -1.778712 
839 -1.076188 
840 -0.478673 
841 -0.835537 
842 2.164700 
843 -1.901960 
844 -0.695670 
845 0.664100 
846 -1.566712 
847 -1.952046 
848 -0.344874 
849 -0.017675 
850 -0.792352 
851 3.249858 
852 1.935939 
853 2.173524 
854 -1.557430 
855 -0.484515 
856 -1.028211 
857 -1.621961 
858 -1.588277 
859 -0.520854 
860 -0.128155 
861 -0.516165 
862 -2.130607 
863 2.082308 
864 1.611730 
865 -1.973495 
866 2.192415 
867 -0.093537 
868 -0.963878 
869 -0.753490 
870 -0.388296 
871 -2.519709 
872 -1.222239 
873 1.639344 
874 -1.869760 
875 1.361190 
876 -0.599019 
877 1.414001 
878 -2.450350 
879 -0.507213 
880 -1.374069 
881 -0.262099 
882 -0.175673 
883 2.902637 
884 0.414853 
885 -1.154405 
886 -2.231155 
887 -1.287198 
888 1.700747 
889 -1.619783 
890 -1.888795 
891 -0.172841 
892 1.840106 
893 -0.780344 
894 -1.637048 
895 -1.164818 
896 0.994041 
897 2.203064 
898 -0.743864 
899 2.594240 
900 -2.074655 
901 1.843398 
902 -0.404328 
903 -1.227369 
904 -0.326685 
905 -2.091407 
906 1.344553 
907 2.420333 
908 1.519634 
909 0.270222 
910 -1.570875 
911 -2.151567 
912 0.084856 
913 -1.447113 
914 2.631478 
915 1.784697 
916 -1.360631 
917 0.339484 
918 1.011973 
919 -2.354684 
920 -0.784919 
921 -2.089253 
922 -0.749924 
923 1.688526 
924 2.235851 
925 0.115988 
926 -0.801585 
927 -2.088853 
928 -1.725502 
929 2.124138 
930 1.895100 
931 -0.110735 
932 -1.283884 
933 -0.217138 
934 -1.198566 
935 -2.071771 
936 -0.757819 
937 -2.559044 
938 -0.865623 
939 -0.497687 
940 -1.922229 
941 -1.148058 
942 -1.144594 
943 -0.426334 
944 -2.315145 
945 1.754352 
946 0.728654 
947 -0.789158 
948 -1.415056 
949 -0.302107 
950 -0.311954 
951 -2.361626 
952 1.899029 
953 1.759329 
954 -1.542790 
955 -1.107691 
956 -1.924277 
957 1.163345 
958 -0.848469 
959 -1.332755 
960 0.001018 
961 -1.890029 
962 1.754753 
963 -1.897387 
964 -0.075154 
965 -0.213586 
966 3.587132 
967 -0.544180 
968 -0.580670 
969 -0.676687 
970 -2.533849 
971 1.383916 
972 -0.249094 
973 -0.846842 
974 -1.467025 
975 2.861069 
976 -3.377848 
977 -0.286368 
978 -0.063894 
979 -0.059847 
980 -1.473485 
981 -0.601486 
982 1.480677 
983 -1.991470 
984 1.296322 
985 0.169867 
986 0.268526 
987 -2.739672 
988 0.511648 
989 2.605289 
990 2.467389 
991 1.395364 
992 -1.468212 
993 -0.039670 
994 2.532842 
995 2.300716 
996 -0.101439 
997 1.207442 
998 -2.810740 
999 -0.800763 
1000 2.167375 
1001 2.197121 
1002 0.220769 
1003 -1.755558 
1004 -0.800171 
1005 -0.609796 
1006 -2.846503 
1007 0.227972 
1008 2.042484 
1009 -0.649497 
1010 -1.684899 
1011 1.961325 
1012 -2.069309 
1013 -1.102589 
1014 2.106779 
1015 -0.003984 
1016 -0.134744 
1017 -1.945182 
1018 -1.530748 
1019 1.151820 
1020 -0.335767 
1021 1.525289 
1022 0.107450 
1023 -3.020609 
1024 0.375314 
1025 1.937786 
1026 -1.707490 
1027 -1.398751 
1028 0.364141 
1029 -2.751813 
1030 -0.085602 
1031 -0.865647 
1032 1.465166 
1033 0.268455 
1034 2.329674 
1035 2.240830 
1036 -1.561468 
1037 -1.374434 
1038 -0.885266 
1039 -1.034672 
1040 -1.440552 
1041 -1.052351 
1042 -1.817361 
1043 -0.589688 
1044 -1.216978 
1045 2.015669 
1046 1.568538 
1047 -1.385221 
1048 -1.412057 
1049 1.914411 
1050 1.765016 
1051 -0.931997 
1052 -0.789642 
1053 -1.016015 
1054 -2.120659 
1055 -0.977424 
1056 -1.777746 
1057 -1.566347 
1058 -0.523910 
1059 1.355742 
1060 -1.210125 
1061 -0.285136 
1062 -2.257107 
1063 -0.664352 
1064 2.595542 
1065 -0.631001 
1066 0.355531 
1067 -1.431221 
1068 1.620556 
1069 -2.089194 
1070 -0.270061 
1071 1.872378 
1072 -0.331491 
1073 -2.370887 
1074 -0.089362 
1075 -0.791605 
1076 0.247809 
1077 -0.508352 
1078 -0.093777 
1079 -2.860613 
1080 -1.522185 
1081 -1.164834 
1082 1.644031 
1083 -1.391276 
1084 -0.336857 
1085 -2.131881 
1086 -1.528113 
1087 0.005987 
1088 -0.386679 
1089 -2.276392 
1090 -0.338395 
1091 -1.307400 
1092 -1.912349 
1093 1.714694 
1094 -0.683385 
1095 -1.164029 
1096 -0.485451 
1097 -1.845877 
1098 -1.371796 
1099 -0.827389 
1100 1.583930 
1101 -1.405409 
1102 1.399507 
1103 -1.678869 
1104 -0.820469 
1105 -0.955105 
1106 -2.024891 
1107 -1.128281 
1108 -2.093205 
1109 -1.394963 
1110 1.533550 
1111 0.155869 
1112 -0.677179 
1113 1.940532 
1114 0.563320 
1115 -2.345472 
1116 -2.205199 
1117 -0.487916 
1118 -1.323120 
1119 -0.724164 
1120 1.691585 
1121 1.346380 
1122 -1.502148 
1123 1.885643 
1124 -1.456754 
1125 1.900222 
1126 -1.772055 
1127 -0.079766 
1128 1.449640 
1129 -1.858886 
1130 0.188323 
1131 -1.954057 
1132 -3.110774 
1133 0.188017 
1134 0.094249 
1135 -0.454899 
1136 -2.337464 
1137 0.174851 
1138 -1.102396 
1139 -1.083842 
1140 -0.281665 
1141 2.141164 
1142 -2.295508 
1143 0.465893 
1144 -0.333256 
1145 -1.728510 
1146 2.239341 
1147 -1.040714 
1148 -0.194625 
1149 -0.523099 
1150 -2.045760 
1151 -1.586047 
1152 2.817509 
1153 -0.287785 
1154 -0.305066 
1155 2.020649 
1156 -0.986059 
1157 -1.119392 
1158 1.862820 
1159 -1.519220 
1160 0.256221 
1161 -0.191267 
1162 -2.294272 
1163 1.995830 
1164 0.182582 
1165 -1.482099 
1166 -1.058537 
1167 -1.888557 
1168 -1.016742 
1169 -1.990290 
1170 -0.039377 
1171 2.039416 
1172 -2.077076 
1173 -0.025289 
1174 -0.210428 
1175 -1.844796 
1176 -1.552189 
1177 -0.415710 
1178 -0.912317 
1179 -1.867646 
1180 -2.535808 
1181 -0.620938 
1182 1.398220 
1183 0.113441 
1184 -1.680976 
1185 2.467388 
1186 0.305556 
1187 -0.850559 
1188 -1.886113 
1189 -1.484071 
1190 -1.297578 
1191 0.016408 
1192 0.089964 
1193 -1.178577 
1194 -2.030061 
1195 1.791542 
1196 0.624489 
1197 -1.696635 
1198 -1.040402 
1199 2.456477 
1200 1.869836 
1201 -0.903150 
1202 -0.968442 
1203 -1.665445 
1204 1.456779 
1205 -1.884551 
1206 -0.006336 
1207 -1.512451 
1208 1.658427 
1209 -1.413793 
1210 -1.576379 
1211 -1.050001 
1212 1.758108 
1213 -1.065118 
1214 -0.811303 
1215 -1.822978 
1216 -1.000184 
1217 -1.059605 
1218 -2.500726 
1219 0.016359 
1220 -2.720821 
1221 -0.439586 
1222 -0.147501 
1223 0.877600 
1224 -0.425714 
1225 0.125870 
1226 -0.051832 
1227 -3.241556 
1228 -0.368558 
1229 -1.587759 
1230 -1.746065 
1231 1.462162 
1232 -1.931825 
1233 -0.733462 
1234 -0.588673 
1235 2.141484 
1236 -1.081559 
1237 0.513775 
1238 -0.831833 
1239 -2.576454 
1240 -1.915522 
1241 -1.157244 
1242 -1.228380 
1243 1.444231 
1244 -0.579532 
1245 -1.481308 
1246 -1.207482 
1247 2.144758 
1248 -1.572294 
1249 -2.177471 
1250 1.405737 
1251 0.050661 
1252 -0.912001 
1253 1.185572 
1254 -2.197744 
1255 -0.979645 
1256 -0.969835 
1257 -2.058306 
1258 -1.645527 
1259 0.218187 
1260 1.582860 
1261 0.202501 
1262 -2.511593 
1263 -1.018335 
1264 -0.284974 
1265 -1.673172 
1266 -1.499016 
1267 -1.319602 
1268 0.237069 
1269 -2.021686 
1270 -0.348602 
1271 -2.045242 
1272 -1.448226 
1273 -2.064839 
1274 -1.034671 
1275 -0.343883 
1276 1.162355 
1277 -2.357098 
1278 -1.396243 
1279 -0.086240 
1280 -1.657760 
1281 -0.152178 
1282 -1.691327 
1283 1.900374 
1284 -0.405182 
1285 -1.211679 
1286 2.407232 
1287 -1.451638 
1288 -1.937788 
1289 -0.468563 
1290 -1.204483 
1291 -1.275182 
1292 -0.822989 
1293 -1.938084 
1294 -1.416507 
1295 0.791611 
1296 -0.045442 
1297 -1.200179 
1298 -0.737234 
1299 -2.404562 
1300 -1.773601 
1301 -2.015983 
1302 -0.153091 
1303 -0.645801 
1304 -1.733778 
1305 -0.795567 
1306 1.764891 
1307 1.899864 
1308 -2.715633 
1309 -0.975790 
1310 0.139721 
1311 -0.349621 
1312 1.090915 
1313 -0.272277 
1314 -2.367601 
1315 -1.513461 
1316 -1.419387 
1317 -1.938918 
1318 -1.151007 
1319 -0.264625 
1320 0.873921 
1321 -0.583886 
1322 -2.621127 
1323 1.326810 
1324 -1.223794 
1325 -1.395632 
1326 -1.642805 
1327 -0.481179 
1328 -2.107743 
1329 0.522529 
1330 -1.610044 
1331 -0.971471 
1332 -2.210836 
1333 -0.220372 
1334 -0.576714 
1335 -1.266599 
1336 -1.348654 
1337 -2.266095 
1338 1.512665 
1339 0.430128 
1340 -0.027976 
1341 -0.416519 
1342 -1.457628 
1343 2.618297 
1344 0.203376 
1345 2.781473 
1346 -2.515126 
1347 0.391219 
1348 -1.519252 
1349 -2.192511 
1350 0.074722 
1351 -0.801723 
1352 -1.969978 
1353 2.665867 
1354 -0.295823 
1355 0.097412 
1356 0.351918 
1357 1.584502 
1358 -1.822940 
1359 -1.704698 
1360 2.087135 
1361 1.305444 
1362 -1.339803 
1363 -1.226203 
1364 0.175112 
1365 -2.192030 
1366 0.572540 
1367 -2.016224 
1368 -0.941478 
1369 -1.520303 
1370 2.158888 
1371 -1.041277 
1372 2.015648 
1373 2.802834 
1374 1.460307 
1375 -0.456321 
1376 1.586389 
1377 -1.553684 
1378 -1.061196 
1379 1.694612 
1380 0.515204 
1381 -0.483310 
1382 -3.271478 
1383 -0.019153 
1384 -0.765736 
1385 2.401877 
1386 1.722753 
1387 -1.249212 
1388 -2.861346 
1389 0.428930 
1390 0.167243 
1391 -1.351906 
1392 -1.179675 
1393 -1.179723 
1394 -1.865004 
1395 1.494095 
1396 -1.554469 
1397 -0.099615 
1398 2.735340 
1399 -0.465536 
1400 -1.336782 
1401 -2.345283 
1402 -0.880973 
1403 0.277502 
1404 2.449502 
1405 -1.199688 
1406 -1.623420 
1407 0.144028 
1408 -1.818880 
1409 2.275860 
1410 -0.643395 
1411 0.262915 
1412 2.079902 
1413 -1.888584 
1414 -0.033273 
1415 1.671056 
1416 -1.093256 
1417 0.112425 
1418 -2.284925 
1419 -1.046157 
1420 -1.136556 
1421 -1.632728 
1422 1.470800 
1423 1.867348 
1424 1.891356 
1425 -1.505809 
1426 -1.064022 
1427 1.579533 
1428 -2.373716 
1429 -0.463667 
1430 0.100071 
1431 -1.370024 
1432 -2.052214 
1433 -1.902580 
1434 0.483529 
1435 -0.199010 
1436 1.773451 
1437 0.326301 
1438 0.045536 
1439 -2.636198 
1440 1.543065 
1441 0.404147 
1442 0.537612 
1443 -2.624351 
1444 -0.358841 
1445 -2.743722 
