5962 1
0 -1.644388 
1 -1.431339 
2 -1.588063 
3 -1.541211 
4 -1.544383 
5 -1.480948 
6 -1.508337 
7 -1.500228 
8 -1.508407 
9 -1.521501 
10 -1.507043 
11 -1.551941 
12 -1.509354 
13 -1.488899 
14 -1.528678 
15 -1.537234 
16 -1.601710 
17 -1.447232 
18 -1.508874 
19 -1.515531 
20 -1.558478 
21 -1.504410 
22 -1.550233 
23 -1.543188 
24 -1.510222 
25 -1.510315 
26 -1.572412 
27 -1.555712 
28 -1.640188 
29 -1.518988 
30 -1.468131 
31 -1.580733 
32 -1.537680 
33 -1.543279 
34 -1.584724 
35 -1.565390 
36 -1.493540 
37 -1.653532 
38 -1.466144 
39 -1.563274 
40 -1.638297 
41 -1.583625 
42 -1.460367 
43 -1.597903 
44 -1.505967 
45 -1.486926 
46 -1.625703 
47 -1.554884 
48 -1.546293 
49 -1.626680 
50 -1.540067 
51 -1.490878 
52 -1.610650 
53 -1.516903 
54 -1.532426 
55 -1.608437 
56 -1.488836 
57 -1.563168 
58 -1.656066 
59 -1.575651 
60 -1.570731 
61 -1.559079 
62 -1.517057 
63 -1.481608 
64 -1.483204 
65 -1.626273 
66 -1.542758 
67 -1.570835 
68 -1.582487 
69 -1.529256 
70 -1.440416 
71 -1.663960 
72 -1.521784 
73 -1.455365 
74 -1.649283 
75 -1.522152 
76 -1.600745 
77 -1.698555 
78 -1.465626 
79 -1.470821 
80 -1.578591 
81 -1.446900 
82 -1.535558 
83 -1.622036 
84 -1.529310 
85 -1.520405 
86 -1.625292 
87 -1.496316 
88 -1.500871 
89 -1.718529 
90 -1.517053 
91 -1.461798 
92 -1.629885 
93 -1.468567 
94 -1.466198 
95 -1.634667 
96 -1.651123 
97 -1.520490 
98 -1.503580 
99 -1.455415 
100 -1.548977 
101 -1.432216 
102 -1.654375 
103 -1.526751 
104 -1.587082 
105 -1.653172 
106 -1.511745 
107 -1.410762 
108 -1.577894 
109 -1.415798 
110 -1.536298 
111 -1.685968 
112 -1.496490 
113 -1.484930 
114 -1.620132 
115 -1.521454 
116 -1.553449 
117 -1.558456 
118 -1.542959 
119 -1.502030 
120 -1.613051 
121 -1.511333 
122 -1.494378 
123 -1.630937 
124 -1.501042 
125 -1.466319 
126 -1.749931 
127 -1.390733 
128 -1.581495 
129 -1.596532 
130 -1.455062 
131 -1.446253 
132 -1.549323 
133 -1.564387 
134 -1.547263 
135 -1.521474 
136 -1.371470 
137 -1.465862 
138 -1.518700 
139 -1.701205 
140 -1.533618 
141 -1.565056 
142 -1.597618 
143 -1.482572 
144 -1.528699 
145 -1.639711 
146 -1.471211 
147 -1.506009 
148 -1.645716 
149 -1.510107 
150 -1.452589 
151 -1.606557 
152 -1.499958 
153 -1.478597 
154 -1.601411 
155 -1.620087 
156 -1.544432 
157 -1.564574 
158 -1.540305 
159 -1.503256 
160 -1.639805 
161 -1.412690 
162 -1.464261 
163 -1.621963 
164 -1.495478 
165 -1.493845 
166 -1.601084 
167 -1.479172 
168 -1.565760 
169 -1.578017 
170 -1.532516 
171 -1.544140 
172 -1.504242 
173 -1.470819 
174 -1.591410 
175 -1.553803 
176 -1.576819 
177 -1.585584 
178 -1.520526 
179 -1.546640 
180 -1.474079 
181 -1.519401 
182 -1.656533 
183 -1.527684 
184 -1.513556 
185 -1.648254 
186 -1.568905 
187 -1.472774 
188 -1.556425 
189 -1.507619 
190 -1.535316 
191 -1.572067 
192 -1.617673 
193 -1.458903 
194 -1.584071 
195 -1.523609 
196 -1.535998 
197 -1.606974 
198 -1.540687 
199 -1.560006 
200 -1.672769 
201 -1.420065 
202 -1.456947 
203 -1.592707 
204 -1.541153 
205 -1.563928 
206 -1.575513 
207 -1.534809 
208 -1.638713 
209 -1.556907 
210 -1.449850 
211 -1.561344 
212 -1.451779 
213 -1.712586 
214 -1.465385 
215 -1.511481 
216 -1.639567 
217 -1.489089 
218 -1.526889 
219 -1.551963 
220 -1.464736 
221 -1.556234 
222 -1.586528 
223 -1.577862 
224 -1.575838 
225 -1.617736 
226 -1.481467 
227 -1.461601 
228 -1.638411 
229 -1.534453 
230 -1.504345 
231 -1.587005 
232 -1.554243 
233 -1.563090 
234 -1.607794 
235 -1.462764 
236 -1.559664 
237 -1.647460 
238 -1.469764 
239 -1.468961 
240 -1.641461 
241 -1.499785 
242 -1.454944 
243 -1.596127 
244 -1.605155 
245 -1.546077 
246 -1.504831 
247 -1.504850 
248 -1.502393 
249 -1.450692 
250 -1.683896 
251 -1.530192 
252 -1.493755 
253 -1.649820 
254 -1.461412 
255 -1.584894 
256 -1.651362 
257 -1.514706 
258 -1.446665 
259 -1.562637 
260 -1.525867 
261 -1.510777 
262 -1.663566 
263 -1.461262 
264 -1.521928 
265 -1.594565 
266 -1.529943 
267 -1.544809 
268 -1.649767 
269 -1.439022 
270 -1.435937 
271 -1.673817 
272 -1.540823 
273 -1.491842 
274 -1.599673 
275 -1.516133 
276 -1.516811 
277 -1.648218 
278 -1.469656 
279 -1.477586 
280 -1.651174 
281 -1.572907 
282 -1.521518 
283 -1.483688 
284 -1.355420 
285 -1.493262 
286 -1.494859 
287 -1.826165 
288 -1.484685 
289 -1.526924 
290 -1.667260 
291 -1.491510 
292 -1.503967 
293 -1.594099 
294 -1.520989 
295 -1.539328 
296 -1.612375 
297 -1.481996 
298 -1.466345 
299 -1.594146 
300 -1.622043 
301 -1.465042 
302 -1.615247 
303 -1.539475 
304 -1.557480 
305 -1.579552 
306 -1.440324 
307 -1.551465 
308 -1.671018 
309 -1.449165 
310 -1.421675 
311 -1.657023 
312 -1.573391 
313 -1.517003 
314 -1.592993 
315 -1.470990 
316 -1.577588 
317 -1.498846 
318 -1.570071 
319 -1.581086 
320 -1.496122 
321 -1.385350 
322 -1.582369 
323 -1.665337 
324 -1.655251 
325 -1.449301 
326 -1.391723 
327 -1.634304 
328 -1.460390 
329 -1.523201 
330 -1.661231 
331 -1.483413 
332 -1.509080 
333 -1.621373 
334 -1.495791 
335 -1.563089 
336 -1.536787 
337 -1.573895 
338 -1.559656 
339 -1.512585 
340 -1.439303 
341 -1.510198 
342 -1.735939 
343 -1.511543 
344 -1.568277 
345 -1.769330 
346 -1.427941 
347 -1.410747 
348 -1.717420 
349 -1.489875 
350 -1.506130 
351 -1.526191 
352 -1.547527 
353 -1.555700 
354 -1.482196 
355 -1.691751 
356 -1.570636 
357 -1.510949 
358 -1.421861 
359 -1.645544 
360 -1.422737 
361 -1.669425 
362 -1.511073 
363 -1.512418 
364 -1.573991 
365 -1.503225 
366 -1.596698 
367 -1.511341 
368 -1.580321 
369 -1.577661 
370 -1.525091 
371 -1.456295 
372 -1.455778 
373 -1.553139 
374 -1.564420 
375 -1.565884 
376 -1.690934 
377 -1.450334 
378 -1.401646 
379 -1.555649 
380 -1.543773 
381 -1.525727 
382 -1.615730 
383 -1.552059 
384 -1.494400 
385 -1.539140 
386 -1.492464 
387 -1.562435 
388 -1.612095 
389 -1.626820 
390 -1.582585 
391 -1.509025 
392 -1.504837 
393 -1.584326 
394 -1.481313 
395 -1.494109 
396 -1.468930 
397 -1.480547 
398 -1.778215 
399 -1.464743 
400 -1.524356 
401 -1.623932 
402 -1.574609 
403 -1.491614 
404 -1.595291 
405 -1.466607 
406 -1.528090 
407 -1.617187 
408 -1.535635 
409 -1.508428 
410 -1.630795 
411 -1.515735 
412 -1.375882 
413 -1.605830 
414 -1.609140 
415 -1.556584 
416 -1.546487 
417 -1.521439 
418 -1.496501 
419 -1.633939 
420 -1.554845 
421 -1.470298 
422 -1.669717 
423 -1.504262 
424 -1.545234 
425 -1.553239 
426 -1.585189 
427 -1.601893 
428 -1.484408 
429 -1.659808 
430 -1.637712 
431 -1.546120 
432 -1.488953 
433 -1.542844 
434 -1.491052 
435 -1.640130 
436 -1.519135 
437 -1.480878 
438 -1.500339 
439 -1.595030 
440 -1.564545 
441 -1.568143 
442 -1.561616 
443 -1.436046 
444 -1.432726 
445 -1.607583 
446 -1.502635 
447 -1.514544 
448 -1.496991 
449 -1.620412 
450 -1.548610 
451 -1.479031 
452 -1.569488 
453 -1.445486 
454 -1.511388 
455 -1.584223 
456 -1.387658 
457 -1.411428 
458 -1.437302 
459 -1.816430 
460 -1.710759 
461 -1.477712 
462 -1.391259 
463 -1.504631 
464 -1.452797 
465 -1.586542 
466 -1.454009 
467 -1.504779 
468 -1.555142 
469 -1.558433 
470 -1.610704 
471 -1.371201 
472 -1.608012 
473 -1.442085 
474 -1.513384 
475 -1.463054 
476 -1.487412 
477 -1.551047 
478 -1.480669 
479 -1.536039 
480 -1.574715 
481 -1.487167 
482 -1.491631 
483 -1.459165 
484 -1.368513 
485 -1.536967 
486 -1.504382 
487 -1.673996 
488 -1.551446 
489 -1.532963 
490 -1.515092 
491 -1.450245 
492 -1.344333 
493 -1.579962 
494 -1.592232 
495 -1.466068 
496 -1.409855 
497 -1.343796 
498 -1.626120 
499 -1.635330 
500 -1.553286 
501 -1.503622 
502 -1.422014 
503 -1.530233 
504 -1.181474 
505 -1.223696 
506 -1.871451 
507 -1.693245 
508 -1.716711 
509 -1.445928 
510 -1.312958 
511 -1.603237 
512 -1.583112 
513 -1.433293 
514 -1.475066 
515 -1.522382 
516 -1.784740 
517 -1.227974 
518 -1.238768 
519 -1.883821 
520 -1.701145 
521 -1.749512 
522 -1.424634 
523 -1.162146 
524 -1.530054 
525 -1.499576 
526 -1.470716 
527 -1.460012 
528 -1.821902 
529 -1.831541 
530 -1.403360 
531 -1.074796 
532 -1.306410 
533 -1.613071 
534 -1.838337 
535 -1.330055 
536 -0.887587 
537 -1.722250 
538 -1.666258 
539 -1.651225 
540 -1.815891 
541 -1.788940 
542 -1.422471 
543 -1.105940 
544 -1.228511 
545 -1.403235 
546 -1.628208 
547 -1.765604 
548 -1.027815 
549 -0.641243 
550 -2.229696 
551 -1.718682 
552 -1.755382 
553 -1.597203 
554 -1.540617 
555 -1.152615 
556 -1.383145 
557 -1.514426 
558 -1.681642 
559 -1.428583 
560 -1.239618 
561 -1.284729 
562 -1.081872 
563 -2.385224 
564 -1.570518 
565 -1.478574 
566 -1.419478 
567 -1.476921 
568 -1.945037 
569 -1.456531 
570 -1.258946 
571 -1.362623 
572 -1.554423 
573 -1.646337 
574 -1.801508 
575 -1.214589 
576 -1.792418 
577 -1.465760 
578 -1.374439 
579 -1.343703 
580 -1.491768 
581 -1.923719 
582 -1.393577 
583 -1.251499 
584 -1.786958 
585 -1.574185 
586 -1.559809 
587 -1.342168 
588 -0.342348 
589 -2.148595 
590 -1.660236 
591 -1.434920 
592 -1.452785 
593 -1.394712 
594 -1.759902 
595 -1.512043 
596 -2.353137 
597 -1.705005 
598 -1.007467 
599 -1.041255 
600 -0.543810 
601 -0.255309 
602 -2.503478 
603 -1.800286 
604 -1.540512 
605 -1.449778 
606 -1.481347 
607 -1.593595 
608 -2.212994 
609 -1.635937 
610 -1.281143 
611 -0.901523 
612 -0.862534 
613 -0.621221 
614 -0.360440 
615 -3.271134 
616 -1.739940 
617 -1.424448 
618 -1.291542 
619 -1.531524 
620 -1.771390 
621 -1.630497 
622 -1.266190 
623 -1.476985 
624 -2.494830 
625 -1.788895 
626 -0.887869 
627 -0.630753 
628 -1.836124 
629 -1.680131 
630 -1.275129 
631 -1.245325 
632 -1.474637 
633 -1.500652 
634 -1.651754 
635 -1.597337 
636 -1.579333 
637 -1.475862 
638 -1.731682 
639 -1.430762 
640 -1.245295 
641 -1.625651 
642 -1.614238 
643 -1.596553 
644 -1.816414 
645 -1.682338 
646 -1.344022 
647 -1.420814 
648 -1.355573 
649 -1.449286 
650 -1.618006 
651 -1.653531 
652 -1.522137 
653 -1.198338 
654 -1.653186 
655 -1.726221 
656 -2.180995 
657 -1.648775 
658 -1.239397 
659 -0.992481 
660 -0.746006 
661 -1.012539 
662 -2.103402 
663 -1.946087 
664 -1.673522 
665 -1.599369 
666 -1.288057 
667 -1.615749 
668 -1.774212 
669 -1.801356 
670 -1.418810 
671 -1.099834 
672 -1.355574 
673 0.244959 
674 -0.035503 
675 -2.893957 
676 -1.484095 
677 -1.846608 
678 -1.461295 
679 -1.252227 
680 -1.249980 
681 -1.416512 
682 -1.548708 
683 -1.798925 
684 -2.663757 
685 -1.119741 
686 1.239108 
687 1.457323 
688 -0.438242 
689 -1.236778 
690 -2.356773 
691 -1.816523 
692 -1.045336 
693 -1.437898 
694 -1.522190 
695 -1.898818 
696 -2.734490 
697 -1.663702 
698 -0.364984 
699 1.015205 
700 1.879261 
701 0.610280 
702 -1.124962 
703 -2.490331 
704 -0.641771 
705 -0.544841 
706 -2.155674 
707 -2.022859 
708 -2.599467 
709 -1.769276 
710 -0.787055 
711 0.294898 
712 2.054608 
713 2.276752 
714 1.551303 
715 0.849766 
716 -0.174414 
717 -0.309557 
718 -0.379650 
719 -3.646545 
720 -2.061081 
721 -1.892248 
722 -1.118736 
723 -0.607938 
724 0.674561 
725 1.962596 
726 2.011061 
727 2.029182 
728 3.061533 
729 1.311013 
730 -0.326561 
731 -0.628690 
732 -1.614941 
733 -1.291803 
734 -1.634805 
735 -1.316895 
736 -2.904500 
737 -0.888010 
738 0.830987 
739 1.641875 
740 2.164415 
741 2.245141 
742 1.176094 
743 0.109016 
744 0.212965 
745 -1.927072 
746 -1.744573 
747 -1.669694 
748 -2.044209 
749 -2.086172 
750 -1.223094 
751 -0.214533 
752 0.847084 
753 1.661480 
754 2.481562 
755 1.584649 
756 0.537990 
757 0.574330 
758 -2.421249 
759 -1.992597 
760 -1.584548 
761 -1.542699 
762 -1.425988 
763 -1.421448 
764 -1.789449 
765 -0.391657 
766 0.948555 
767 2.710943 
768 1.900956 
769 0.884612 
770 0.749295 
771 -2.345940 
772 -1.650948 
773 -1.343274 
774 -1.400121 
775 -1.589033 
776 -2.604374 
777 -1.963268 
778 -0.552058 
779 0.096610 
780 1.761496 
781 1.783450 
782 1.930115 
783 1.613841 
784 -1.726487 
785 -1.506878 
786 -1.355842 
787 -1.366059 
788 -1.889729 
789 -1.952505 
790 -1.316479 
791 -0.666030 
792 -0.966307 
793 0.599385 
794 1.717549 
795 2.497679 
796 0.845143 
797 -1.730165 
798 -1.682888 
799 -1.770361 
800 -1.704795 
801 -1.511713 
802 -1.448144 
803 -1.523333 
804 -1.645822 
805 -1.446005 
806 -1.427395 
807 -1.502684 
808 -1.530774 
809 -1.302852 
810 -1.759120 
811 -1.521541 
812 -1.793013 
813 -1.844111 
814 -1.517271 
815 -1.019234 
816 -1.166705 
817 -1.483667 
818 -1.806349 
819 -1.683007 
820 -1.544006 
821 -1.495132 
822 -1.442206 
823 -1.639373 
824 -1.534200 
825 -2.234337 
826 -1.516287 
827 -0.687192 
828 0.044393 
829 0.107875 
830 -0.799157 
831 -3.450038 
832 -1.895353 
833 -1.403492 
834 -1.446084 
835 -1.218050 
836 -1.581325 
837 -1.446627 
838 -1.748172 
839 -1.265016 
840 -0.298421 
841 1.390131 
842 2.687634 
843 1.783092 
844 -0.120169 
845 -1.101872 
846 -2.566159 
847 -1.811515 
848 -1.256279 
849 -1.762910 
850 -1.456787 
851 -1.614772 
852 -1.850596 
853 -0.161536 
854 1.128813 
855 2.853022 
856 3.290038 
857 1.298829 
858 0.099651 
859 -0.965408 
860 -1.266403 
861 -1.278966 
862 -1.818843 
863 -1.613647 
864 -2.846947 
865 -1.476700 
866 0.064201 
867 1.281675 
868 1.840497 
869 2.048568 
870 1.536468 
871 1.039270 
872 0.422037 
873 -0.254847 
874 -0.676649 
875 -3.787827 
876 -1.902101 
877 -2.194200 
878 -1.247445 
879 0.057374 
880 1.134520 
881 2.052990 
882 1.695192 
883 1.640445 
884 2.916808 
885 1.985912 
886 1.056173 
887 0.405413 
888 -1.819341 
889 -1.567996 
890 -1.301018 
891 -1.248140 
892 -0.439902 
893 0.982453 
894 2.604073 
895 2.014385 
896 1.611540 
897 2.023369 
898 1.654382 
899 1.110461 
900 0.873344 
901 -1.767912 
902 -1.828260 
903 -1.651165 
904 -2.245138 
905 -1.911269 
906 0.199263 
907 1.691459 
908 1.727149 
909 1.575457 
910 1.522492 
911 1.458101 
912 1.395664 
913 1.138587 
914 -1.947520 
915 -1.674726 
916 -1.582804 
917 -1.603566 
918 -2.049604 
919 -0.880183 
920 0.391047 
921 1.804253 
922 2.079092 
923 1.950694 
924 1.637800 
925 1.470719 
926 1.353414 
927 -1.974487 
928 -1.458074 
929 -1.538595 
930 -1.530085 
931 -1.531351 
932 -2.232311 
933 -0.506112 
934 0.991926 
935 2.422095 
936 1.848460 
937 1.871299 
938 1.380352 
939 1.347661 
940 -1.648703 
941 -1.667881 
942 -1.329512 
943 -1.398214 
944 -2.131868 
945 -2.341515 
946 -1.078204 
947 0.359209 
948 1.271524 
949 1.721159 
950 1.697263 
951 1.727753 
952 1.556581 
953 -1.607641 
954 -1.635331 
955 -1.421552 
956 -1.328612 
957 -1.761582 
958 -1.758679 
959 -1.129827 
960 -0.040075 
961 1.008702 
962 2.245001 
963 2.624688 
964 1.626363 
965 1.476580 
966 -1.732709 
967 -1.509631 
968 -1.429898 
969 -1.629696 
970 -1.411320 
971 -1.600876 
972 -1.980805 
973 -1.508811 
974 -1.510750 
975 -1.257321 
976 -1.480820 
977 -1.559115 
978 -1.620597 
979 -1.747713 
980 -1.563054 
981 -1.506627 
982 -1.572025 
983 -1.490777 
984 -1.591392 
985 -1.570283 
986 -1.563611 
987 -1.499032 
988 -1.526999 
989 -1.257526 
990 -1.653754 
991 -1.774320 
992 -1.417507 
993 -1.576497 
994 -1.293503 
995 -1.625649 
996 -1.722394 
997 -1.329083 
998 -1.586449 
999 -1.454939 
1000 -1.996461 
1001 -1.631017 
1002 -1.606921 
1003 -1.312586 
1004 -1.714270 
1005 -1.629501 
1006 -1.335973 
1007 -2.074700 
1008 -1.302868 
1009 -1.271015 
1010 -1.949887 
1011 -1.982588 
1012 -1.730982 
1013 -1.484138 
1014 -1.313150 
1015 -1.441872 
1016 -1.610786 
1017 -1.553758 
1018 -1.593423 
1019 -1.501151 
1020 -1.472690 
1021 -1.475673 
1022 -1.506273 
1023 -1.730752 
1024 -1.412055 
1025 -1.582983 
1026 -1.574484 
1027 -1.692820 
1028 -1.631235 
1029 -1.528679 
1030 -1.497656 
1031 -1.370741 
1032 -1.554801 
1033 -1.550257 
1034 -1.516143 
1035 -1.403088 
1036 -2.083863 
1037 -2.312060 
1038 -0.843159 
1039 -0.785536 
1040 -2.900777 
1041 -0.343320 
1042 -0.523976 
1043 0.042465 
1044 0.036120 
1045 -0.240678 
1046 -0.098316 
1047 -2.572189 
1048 -0.521403 
1049 -0.607350 
1050 -2.386667 
1051 -2.171027 
1052 -1.148594 
1053 -1.547497 
1054 -1.525207 
1055 -1.723644 
1056 -1.600426 
1057 -1.585047 
1058 -1.465656 
1059 -1.466968 
1060 -1.500821 
1061 -1.626516 
1062 -1.591144 
1063 -1.573105 
1064 -1.433055 
1065 -1.658690 
1066 -1.542901 
1067 -1.442416 
1068 -1.464338 
1069 -1.575642 
1070 -1.564745 
1071 -1.504863 
1072 -1.957471 
1073 -2.020151 
1074 -1.700221 
1075 -0.590152 
1076 -1.288336 
1077 -0.499216 
1078 2.295743 
1079 1.674260 
1080 1.340813 
1081 1.818781 
1082 1.949338 
1083 2.110300 
1084 2.035108 
1085 2.314143 
1086 1.854804 
1087 -0.001272 
1088 0.166781 
1089 0.069187 
1090 -2.000342 
1091 -2.715159 
1092 -0.957875 
1093 -1.799201 
1094 -1.669241 
1095 -1.795616 
1096 -1.531409 
1097 -1.674450 
1098 -1.481402 
1099 -1.538536 
1100 -1.295839 
1101 -1.555774 
1102 -1.740968 
1103 -1.489644 
1104 -1.439130 
1105 -1.438280 
1106 -1.630830 
1107 -1.522894 
1108 -2.387203 
1109 -1.402711 
1110 -1.479064 
1111 -1.146040 
1112 -0.317827 
1113 -0.381142 
1114 0.239751 
1115 3.721725 
1116 0.962606 
1117 1.101052 
1118 2.056373 
1119 2.366490 
1120 1.323046 
1121 1.312621 
1122 2.002038 
1123 1.299233 
1124 2.163559 
1125 2.181106 
1126 2.452754 
1127 0.272432 
1128 0.512859 
1129 0.407085 
1130 -1.990948 
1131 -2.464888 
1132 -0.920528 
1133 -1.949625 
1134 -1.938774 
1135 -1.972069 
1136 -1.024563 
1137 -1.366128 
1138 -1.872846 
1139 -1.775087 
1140 -1.426614 
1141 -1.803550 
1142 -1.416934 
1143 -1.358786 
1144 -2.035907 
1145 -1.916750 
1146 -0.982629 
1147 -1.136485 
1148 -4.089541 
1149 -0.082879 
1150 -0.096096 
1151 0.169841 
1152 1.502728 
1153 1.562639 
1154 1.786873 
1155 2.302797 
1156 1.663988 
1157 1.643766 
1158 1.536389 
1159 1.531276 
1160 1.446667 
1161 1.493045 
1162 1.543754 
1163 1.819269 
1164 1.866536 
1165 2.116745 
1166 2.223303 
1167 0.695599 
1168 1.343702 
1169 1.565192 
1170 -0.772019 
1171 -0.727233 
1172 -0.260567 
1173 -0.852558 
1174 -0.849722 
1175 -3.295963 
1176 -1.645147 
1177 -1.619640 
1178 -1.348755 
1179 -1.421161 
1180 -1.480249 
1181 -1.525663 
1182 -1.713506 
1183 -1.322995 
1184 -2.361711 
1185 -2.213336 
1186 -0.317466 
1187 -0.153120 
1188 0.037669 
1189 2.119235 
1190 2.054070 
1191 2.158400 
1192 1.615202 
1193 1.703231 
1194 1.522017 
1195 1.433136 
1196 1.587498 
1197 1.541769 
1198 1.548142 
1199 1.595349 
1200 1.626746 
1201 1.563923 
1202 1.435915 
1203 1.599558 
1204 1.811499 
1205 1.881578 
1206 2.025992 
1207 1.098726 
1208 2.284919 
1209 2.372209 
1210 0.928234 
1211 1.063896 
1212 -1.486761 
1213 -1.567478 
1214 -1.556890 
1215 -1.350183 
1216 -1.668286 
1217 -1.400585 
1218 -1.524421 
1219 -1.420529 
1220 -1.706754 
1221 -1.806906 
1222 -1.881146 
1223 -0.602578 
1224 -1.545631 
1225 -1.514417 
1226 1.866954 
1227 1.730357 
1228 0.839428 
1229 1.742344 
1230 1.978973 
1231 1.967794 
1232 1.495722 
1233 1.616481 
1234 1.686895 
1235 1.510603 
1236 1.665718 
1237 1.437537 
1238 1.666526 
1239 1.677976 
1240 1.655583 
1241 1.445888 
1242 1.601690 
1243 1.560665 
1244 1.732161 
1245 1.750128 
1246 1.810830 
1247 1.326106 
1248 1.078003 
1249 -1.702498 
1250 -1.539798 
1251 -1.774569 
1252 -1.460846 
1253 -1.756489 
1254 -1.454479 
1255 -1.433150 
1256 -1.429454 
1257 -1.405395 
1258 -1.523055 
1259 -1.618227 
1260 -1.765468 
1261 -1.773577 
1262 -2.159822 
1263 -0.111623 
1264 -0.047502 
1265 0.068795 
1266 2.296217 
1267 2.806213 
1268 1.161231 
1269 1.657382 
1270 1.692722 
1271 1.732709 
1272 1.677417 
1273 1.564388 
1274 1.500812 
1275 1.664737 
1276 1.608536 
1277 1.610276 
1278 1.595894 
1279 1.572899 
1280 1.759641 
1281 1.608773 
1282 1.579531 
1283 1.555228 
1284 1.383770 
1285 1.458648 
1286 -1.621212 
1287 -1.756577 
1288 -1.567363 
1289 -1.498332 
1290 -1.588364 
1291 -1.421092 
1292 -1.765368 
1293 -1.493055 
1294 -1.396818 
1295 -1.460135 
1296 -1.413469 
1297 -1.637635 
1298 -1.571921 
1299 -1.360682 
1300 -1.925755 
1301 -1.780271 
1302 -1.754426 
1303 0.774369 
1304 0.586322 
1305 0.605974 
1306 2.737294 
1307 2.293609 
1308 1.411935 
1309 1.593456 
1310 1.654566 
1311 1.573574 
1312 1.648035 
1313 1.587608 
1314 1.536202 
1315 1.513162 
1316 1.616403 
1317 1.632696 
1318 1.590349 
1319 1.561697 
1320 1.566389 
1321 1.593917 
1322 1.498365 
1323 -1.748561 
1324 -1.439513 
1325 -1.691172 
1326 -1.547354 
1327 -1.443901 
1328 -1.590289 
1329 -1.511863 
1330 -1.438283 
1331 -1.566036 
1332 -1.473869 
1333 -1.456285 
1334 -1.544305 
1335 -1.591898 
1336 -1.486783 
1337 -1.595346 
1338 -1.459955 
1339 -1.594196 
1340 -0.990331 
1341 -1.392318 
1342 -1.330464 
1343 1.979011 
1344 1.111146 
1345 1.065129 
1346 2.216225 
1347 2.278571 
1348 1.564839 
1349 1.539146 
1350 1.514888 
1351 1.560545 
1352 1.655258 
1353 1.627817 
1354 1.668114 
1355 1.544927 
1356 1.751411 
1357 1.632815 
1358 1.551053 
1359 1.595230 
1360 -1.549812 
1361 -1.504413 
1362 -1.462845 
1363 -1.524550 
1364 -1.561243 
1365 -1.549709 
1366 -1.498512 
1367 -1.590455 
1368 -1.496387 
1369 -1.589656 
1370 -1.489972 
1371 -1.545972 
1372 -1.835466 
1373 -1.392896 
1374 -1.469127 
1375 -1.392935 
1376 -2.257840 
1377 -1.368254 
1378 -1.444673 
1379 -1.262428 
1380 0.198229 
1381 0.319136 
1382 0.631240 
1383 3.832646 
1384 1.372172 
1385 1.354073 
1386 2.033646 
1387 1.719159 
1388 1.727631 
1389 1.517445 
1390 1.464547 
1391 1.549880 
1392 1.734270 
1393 1.765288 
1394 1.477543 
1395 1.473692 
1396 1.477005 
1397 -1.570416 
1398 -1.543671 
1399 -1.533304 
1400 -1.590056 
1401 -1.426517 
1402 -1.615732 
1403 -1.566138 
1404 -1.522317 
1405 -1.324583 
1406 -1.706013 
1407 -1.374921 
1408 -1.987657 
1409 -2.791176 
1410 -0.543416 
1411 -0.291617 
1412 1.013048 
1413 1.238776 
1414 1.941465 
1415 2.487285 
1416 1.554347 
1417 1.624869 
1418 1.412668 
1419 1.658320 
1420 1.514370 
1421 -1.581560 
1422 -1.233765 
1423 -1.888602 
1424 -1.370132 
1425 -1.592872 
1426 -1.525636 
1427 -1.599467 
1428 -1.794273 
1429 -2.591377 
1430 -1.013546 
1431 -0.545223 
1432 -1.332775 
1433 -0.663478 
1434 -2.465545 
1435 -1.771001 
1436 -1.557588 
1437 -1.398463 
1438 -1.556599 
1439 -1.542844 
1440 -1.571054 
1441 -1.569836 
1442 -1.331400 
1443 -1.673060 
1444 -1.218679 
1445 -1.724446 
1446 -1.767478 
1447 -1.478508 
1448 -1.584247 
1449 -1.842234 
1450 -1.428594 
1451 -1.368605 
1452 -1.424700 
1453 -1.135413 
1454 -1.707072 
1455 -1.780255 
1456 -1.542476 
1457 -1.804557 
1458 -2.267796 
1459 -0.500064 
1460 -1.333507 
1461 -1.653957 
1462 -1.235056 
1463 -1.103780 
1464 -0.319658 
1465 -2.046469 
1466 -2.026805 
1467 -1.463558 
1468 -1.882423 
1469 -1.424142 
1470 -1.194568 
1471 -1.540221 
1472 -1.595961 
1473 -1.515864 
1474 -1.448310 
1475 -1.555862 
1476 -1.841615 
1477 -1.555747 
1478 -1.390260 
1479 -1.369581 
1480 -1.179725 
1481 -1.410842 
1482 -2.015451 
1483 -1.619146 
1484 -1.647472 
1485 -1.631077 
1486 -1.322988 
1487 -1.576259 
1488 -1.417955 
1489 -2.628920 
1490 -1.030087 
1491 -1.045387 
1492 -3.703929 
1493 -0.474257 
1494 -0.470062 
1495 -0.856158 
1496 1.250050 
1497 0.849492 
1498 0.225263 
1499 2.808456 
1500 1.867103 
1501 2.237733 
1502 -0.716116 
1503 -0.841792 
1504 0.352372 
1505 -2.487836 
1506 -1.932173 
1507 -1.086258 
1508 -1.604623 
1509 -1.548101 
1510 -1.555685 
1511 -1.586707 
1512 -1.608903 
1513 -1.625952 
1514 -1.498115 
1515 -1.447584 
1516 -1.500320 
1517 -1.331173 
1518 -1.317250 
1519 -2.036931 
1520 -1.877551 
1521 -1.550686 
1522 -1.310733 
1523 -1.228317 
1524 -1.645252 
1525 -1.626028 
1526 -1.989077 
1527 -0.803344 
1528 -1.627981 
1529 -3.298707 
1530 -0.133157 
1531 -0.169125 
1532 -0.446440 
1533 2.528041 
1534 2.110474 
1535 1.384348 
1536 1.713697 
1537 2.123146 
1538 1.806968 
1539 1.242170 
1540 2.170364 
1541 2.626624 
1542 0.324059 
1543 0.516756 
1544 0.780126 
1545 -1.603289 
1546 -1.968889 
1547 -1.463683 
1548 -1.767796 
1549 -1.385465 
1550 -1.570647 
1551 -1.592130 
1552 -1.535589 
1553 -1.665409 
1554 -1.557981 
1555 -1.466796 
1556 -1.643211 
1557 -1.336232 
1558 -1.513330 
1559 -1.473106 
1560 -1.415989 
1561 -1.565454 
1562 -1.479457 
1563 -1.592269 
1564 -1.649178 
1565 -1.602314 
1566 -2.361229 
1567 0.212702 
1568 0.375967 
1569 -0.197930 
1570 2.583625 
1571 2.345130 
1572 1.044039 
1573 1.644436 
1574 1.920329 
1575 1.843666 
1576 1.503266 
1577 1.631405 
1578 1.881553 
1579 1.248762 
1580 2.285596 
1581 2.578887 
1582 0.713840 
1583 0.639457 
1584 1.145149 
1585 -1.461191 
1586 -1.503015 
1587 -1.026939 
1588 -1.449823 
1589 -1.607973 
1590 -1.462866 
1591 -1.915989 
1592 -0.925706 
1593 -1.672307 
1594 -1.641498 
1595 -1.777777 
1596 -1.369075 
1597 -1.428391 
1598 -1.528408 
1599 -1.688501 
1600 -2.491905 
1601 -1.201654 
1602 -1.174377 
1603 -1.388897 
1604 0.401103 
1605 0.326406 
1606 0.135642 
1607 3.816341 
1608 1.771035 
1609 1.322503 
1610 1.859877 
1611 1.844157 
1612 1.615671 
1613 1.537814 
1614 1.476412 
1615 1.611733 
1616 1.683222 
1617 1.692743 
1618 1.565784 
1619 1.359044 
1620 2.509186 
1621 2.310790 
1622 1.214896 
1623 1.033170 
1624 2.868244 
1625 -0.009436 
1626 0.438046 
1627 0.454009 
1628 -0.309086 
1629 -0.031938 
1630 -2.449236 
1631 -2.319798 
1632 -1.528324 
1633 -1.433241 
1634 -1.526008 
1635 -1.455250 
1636 -1.687023 
1637 -1.876997 
1638 -1.377624 
1639 -1.314014 
1640 -3.918111 
1641 -0.218623 
1642 -0.226024 
1643 -0.151466 
1644 1.593567 
1645 1.617621 
1646 1.448160 
1647 2.380674 
1648 1.462768 
1649 1.674268 
1650 1.377834 
1651 1.775518 
1652 1.568862 
1653 1.822452 
1654 1.583188 
1655 1.467296 
1656 1.845765 
1657 1.746672 
1658 1.492062 
1659 1.234594 
1660 2.130062 
1661 2.044974 
1662 1.415346 
1663 1.383148 
1664 1.496886 
1665 0.773811 
1666 1.087148 
1667 -2.942898 
1668 -1.421273 
1669 -1.484454 
1670 -1.566740 
1671 -1.434000 
1672 -1.655180 
1673 -1.571778 
1674 -1.352949 
1675 -1.375464 
1676 -2.221416 
1677 -2.269381 
1678 -0.722227 
1679 -0.744424 
1680 -1.156868 
1681 1.486971 
1682 1.736161 
1683 2.344969 
1684 1.550450 
1685 1.455738 
1686 1.853008 
1687 1.454925 
1688 1.611002 
1689 1.664748 
1690 1.566186 
1691 1.548923 
1692 1.510729 
1693 1.440852 
1694 1.672969 
1695 1.773637 
1696 1.615341 
1697 1.554780 
1698 1.725418 
1699 1.530813 
1700 1.648368 
1701 1.811416 
1702 1.567035 
1703 1.654671 
1704 -1.533976 
1705 -1.387937 
1706 -1.630644 
1707 -1.404246 
1708 -1.478406 
1709 -1.831340 
1710 -1.442239 
1711 -1.323887 
1712 -1.588298 
1713 -1.840428 
1714 -1.402298 
1715 -1.155474 
1716 -2.361945 
1717 -2.455255 
1718 -0.023162 
1719 -0.102001 
1720 0.279485 
1721 2.114813 
1722 2.129987 
1723 2.333369 
1724 1.641899 
1725 1.615568 
1726 1.508342 
1727 1.477573 
1728 1.691820 
1729 1.649132 
1730 1.560622 
1731 1.591638 
1732 1.743653 
1733 1.522171 
1734 1.536150 
1735 1.672388 
1736 1.656715 
1737 1.668738 
1738 1.775004 
1739 1.503687 
1740 1.475973 
1741 -1.530684 
1742 -1.696167 
1743 -1.539139 
1744 -1.430655 
1745 -1.674821 
1746 -1.431712 
1747 -1.572978 
1748 -1.323877 
1749 -1.466003 
1750 -1.931423 
1751 -1.431443 
1752 -1.607177 
1753 -1.635461 
1754 -2.013536 
1755 -0.660327 
1756 -2.242638 
1757 -2.193597 
1758 1.003351 
1759 0.849515 
1760 0.498869 
1761 1.866458 
1762 1.920307 
1763 2.208122 
1764 1.626407 
1765 1.641303 
1766 1.551840 
1767 1.518234 
1768 1.758703 
1769 1.608313 
1770 1.543000 
1771 1.582474 
1772 1.630270 
1773 1.608766 
1774 1.669314 
1775 1.727587 
1776 1.438424 
1777 1.513341 
1778 -1.546764 
1779 -1.851346 
1780 -1.513999 
1781 -1.565248 
1782 -1.579070 
1783 -1.556144 
1784 -1.617329 
1785 -1.534386 
1786 -1.476064 
1787 -1.524285 
1788 -1.492946 
1789 -1.509091 
1790 -1.515073 
1791 -1.488075 
1792 -1.905915 
1793 -1.870645 
1794 -1.839543 
1795 -0.307593 
1796 -0.742730 
1797 -0.522781 
1798 2.499015 
1799 2.329738 
1800 0.973377 
1801 2.018506 
1802 1.770496 
1803 1.627573 
1804 1.703167 
1805 1.554642 
1806 1.671746 
1807 1.394998 
1808 1.562528 
1809 1.826532 
1810 1.490962 
1811 1.687226 
1812 1.556702 
1813 1.540946 
1814 1.584225 
1815 -1.669033 
1816 -1.640020 
1817 -1.384665 
1818 -1.516840 
1819 -1.528268 
1820 -1.493420 
1821 -1.557236 
1822 -1.630545 
1823 -1.483758 
1824 -1.426696 
1825 -1.390260 
1826 -1.659248 
1827 -1.610770 
1828 -1.327918 
1829 -1.525597 
1830 -1.515374 
1831 -1.679140 
1832 -1.706935 
1833 -1.815594 
1834 -1.935632 
1835 0.895975 
1836 0.574217 
1837 0.450658 
1838 2.454703 
1839 2.506441 
1840 1.212962 
1841 1.677171 
1842 1.679623 
1843 1.662827 
1844 1.618768 
1845 1.694422 
1846 1.570524 
1847 1.582333 
1848 1.616863 
1849 1.642745 
1850 1.620075 
1851 1.660528 
1852 -1.470913 
1853 -1.509560 
1854 -1.664908 
1855 -1.364709 
1856 -1.525317 
1857 -1.529438 
1858 -1.622658 
1859 -1.515520 
1860 -1.891464 
1861 -1.341122 
1862 -1.817608 
1863 -0.957543 
1864 -3.058838 
1865 -0.181395 
1866 -0.314540 
1867 1.944703 
1868 0.865674 
1869 2.002559 
1870 1.630906 
1871 1.836686 
1872 1.486043 
1873 1.529099 
1874 1.982037 
1875 1.455348 
1876 -1.404127 
1877 -1.783173 
1878 -1.320009 
1879 -1.643413 
1880 -1.682788 
1881 -2.070040 
1882 -1.608303 
1883 -0.857008 
1884 -2.815334 
1885 -0.194456 
1886 1.270589 
1887 0.489843 
1888 0.734214 
1889 -0.877082 
1890 -0.440509 
1891 -3.189088 
1892 -1.079823 
1893 -1.594280 
1894 -1.926225 
1895 -1.719648 
1896 -1.849633 
1897 -1.512766 
1898 -1.647854 
1899 -1.210899 
1900 -1.495376 
1901 -1.491297 
1902 -1.528382 
1903 -1.447783 
1904 -1.317426 
1905 -1.530817 
1906 -1.779822 
1907 -1.306728 
1908 -1.797879 
1909 -1.887474 
1910 -1.520449 
1911 -0.967638 
1912 -3.155759 
1913 -1.205885 
1914 0.199371 
1915 0.150987 
1916 1.182618 
1917 2.033508 
1918 1.975038 
1919 1.788888 
1920 0.958882 
1921 0.541110 
1922 -0.921148 
1923 -2.367064 
1924 -1.010620 
1925 -0.869008 
1926 -2.140057 
1927 -2.107275 
1928 -1.275496 
1929 -1.428312 
1930 -1.465452 
1931 -2.037115 
1932 -1.718448 
1933 -1.516604 
1934 -1.767882 
1935 -1.377813 
1936 -1.137372 
1937 -1.567014 
1938 -1.639288 
1939 -1.647968 
1940 -1.489367 
1941 -1.543351 
1942 -1.457672 
1943 -1.406516 
1944 -1.375899 
1945 -1.529913 
1946 -1.914294 
1947 -1.248940 
1948 -1.985417 
1949 -2.133128 
1950 -0.953022 
1951 0.628774 
1952 0.696474 
1953 1.300506 
1954 2.458760 
1955 2.343402 
1956 2.312041 
1957 1.748834 
1958 1.740351 
1959 1.181737 
1960 -0.053698 
1961 -0.070756 
1962 -0.350031 
1963 -2.950788 
1964 -0.936654 
1965 -0.971308 
1966 -1.836569 
1967 -2.329207 
1968 -1.327586 
1969 -1.749473 
1970 -1.763970 
1971 -1.540282 
1972 -1.225498 
1973 -1.309121 
1974 -1.850434 
1975 -1.610084 
1976 -1.494107 
1977 -1.512608 
1978 -1.464131 
1979 -1.498852 
1980 -1.667452 
1981 -1.637624 
1982 -1.436177 
1983 -1.451661 
1984 -3.250416 
1985 -1.063943 
1986 -0.896895 
1987 -0.177317 
1988 1.006638 
1989 0.904817 
1990 1.567480 
1991 3.294820 
1992 1.387016 
1993 1.804591 
1994 1.746196 
1995 1.437955 
1996 2.633130 
1997 1.611173 
1998 1.664919 
1999 1.133903 
2000 0.165618 
2001 0.375256 
2002 0.242858 
2003 -3.352453 
2004 -1.245707 
2005 -0.631414 
2006 -2.261945 
2007 -1.979518 
2008 -0.903710 
2009 -1.276009 
2010 -1.228661 
2011 -2.799104 
2012 -1.362021 
2013 -1.891576 
2014 -1.370302 
2015 -1.300664 
2016 -1.776592 
2017 -1.759604 
2018 -1.471212 
2019 -1.029563 
2020 -2.884889 
2021 -1.906986 
2022 -0.293971 
2023 -0.189358 
2024 0.270155 
2025 1.980507 
2026 1.826851 
2027 2.706206 
2028 1.473574 
2029 1.480751 
2030 1.855302 
2031 1.519928 
2032 1.642734 
2033 1.858031 
2034 1.351949 
2035 1.366000 
2036 2.803978 
2037 1.497265 
2038 1.562638 
2039 1.198237 
2040 1.244310 
2041 1.257424 
2042 1.962851 
2043 -0.935697 
2044 -0.683062 
2045 -0.280771 
2046 -2.604231 
2047 -1.188869 
2048 -1.623405 
2049 -1.474733 
2050 -1.482089 
2051 -1.391430 
2052 -1.353821 
2053 -1.537739 
2054 -1.701122 
2055 -1.370312 
2056 -1.956793 
2057 -2.113506 
2058 -1.603598 
2059 -0.336158 
2060 -0.108710 
2061 0.128578 
2062 2.547376 
2063 2.199969 
2064 1.275206 
2065 1.681082 
2066 1.775727 
2067 1.856280 
2068 1.622456 
2069 1.602989 
2070 1.542038 
2071 1.567567 
2072 1.706951 
2073 1.777022 
2074 1.476503 
2075 1.438548 
2076 2.002511 
2077 1.722605 
2078 1.616022 
2079 1.553444 
2080 1.916480 
2081 2.060851 
2082 1.645187 
2083 1.127123 
2084 0.562521 
2085 -1.807296 
2086 -1.842182 
2087 -1.717873 
2088 -1.535355 
2089 -1.285984 
2090 -1.657369 
2091 -1.517040 
2092 -1.686604 
2093 -1.469625 
2094 -1.583949 
2095 -1.540696 
2096 -0.659988 
2097 -0.513038 
2098 -0.338710 
2099 3.166643 
2100 1.398329 
2101 1.565923 
2102 1.972612 
2103 2.042763 
2104 1.853711 
2105 1.528107 
2106 1.535695 
2107 1.436759 
2108 1.540930 
2109 1.640221 
2110 1.535084 
2111 1.613400 
2112 1.648419 
2113 1.726479 
2114 1.448325 
2115 1.564181 
2116 1.768644 
2117 1.715554 
2118 1.599608 
2119 1.493904 
2120 1.489230 
2121 1.367667 
2122 -1.888173 
2123 -1.737065 
2124 -1.580586 
2125 -1.484023 
2126 -1.528792 
2127 -1.529209 
2128 -1.563464 
2129 -1.550934 
2130 -1.432643 
2131 -1.569103 
2132 -3.069237 
2133 -0.983648 
2134 -0.862349 
2135 -0.918632 
2136 1.199031 
2137 1.087359 
2138 1.088395 
2139 3.264816 
2140 1.943115 
2141 1.550938 
2142 1.410217 
2143 1.436027 
2144 1.803916 
2145 1.435077 
2146 1.470171 
2147 1.533926 
2148 1.548961 
2149 1.614972 
2150 1.614519 
2151 1.684680 
2152 1.606235 
2153 1.685139 
2154 1.586428 
2155 1.544228 
2156 1.610133 
2157 1.530336 
2158 1.600654 
2159 -1.607834 
2160 -1.538074 
2161 -1.493680 
2162 -1.488989 
2163 -1.634591 
2164 -1.532084 
2165 -1.412949 
2166 -1.536826 
2167 -1.604295 
2168 -1.845321 
2169 -1.854908 
2170 -1.294563 
2171 -1.278535 
2172 -3.600528 
2173 0.226923 
2174 0.165191 
2175 -0.065702 
2176 1.666865 
2177 1.676874 
2178 1.683060 
2179 2.013015 
2180 1.665828 
2181 1.645922 
2182 1.406267 
2183 1.524805 
2184 1.743790 
2185 1.508434 
2186 1.564998 
2187 1.560983 
2188 1.626900 
2189 1.604419 
2190 1.486029 
2191 1.615860 
2192 1.673466 
2193 1.589697 
2194 1.549890 
2195 1.580241 
2196 -1.661636 
2197 -1.371413 
2198 -1.536657 
2199 -1.477077 
2200 -1.629734 
2201 -1.577140 
2202 -1.421173 
2203 -1.507923 
2204 -1.357771 
2205 -1.592854 
2206 -1.519919 
2207 -1.546137 
2208 -1.947256 
2209 -2.171559 
2210 -0.910886 
2211 -0.927598 
2212 -1.829607 
2213 1.510370 
2214 1.468909 
2215 1.595210 
2216 1.668540 
2217 1.594319 
2218 1.714667 
2219 1.486776 
2220 1.711754 
2221 1.585610 
2222 1.459611 
2223 1.424300 
2224 1.632619 
2225 1.545274 
2226 1.596048 
2227 1.552683 
2228 1.577273 
2229 1.562020 
2230 1.736426 
2231 1.552534 
2232 1.502124 
2233 -1.588279 
2234 -1.333633 
2235 -1.704257 
2236 -1.580221 
2237 -1.429925 
2238 -1.500942 
2239 -1.578453 
2240 -1.436011 
2241 -1.480926 
2242 -1.603232 
2243 -1.597203 
2244 -1.490258 
2245 -1.696597 
2246 -1.579635 
2247 -1.299774 
2248 -2.231343 
2249 -2.313797 
2250 -0.332419 
2251 -0.308086 
2252 -0.207343 
2253 2.133850 
2254 2.000031 
2255 2.117429 
2256 1.475151 
2257 1.600586 
2258 1.786320 
2259 1.428353 
2260 1.599729 
2261 1.637574 
2262 1.610161 
2263 1.552409 
2264 1.712696 
2265 1.591771 
2266 1.565081 
2267 1.521957 
2268 1.502383 
2269 1.464403 
2270 -1.901235 
2271 -1.336014 
2272 -1.489570 
2273 -1.736887 
2274 -1.400001 
2275 -1.448292 
2276 -1.529772 
2277 -1.573448 
2278 -1.438715 
2279 -1.710055 
2280 -1.364684 
2281 -1.558744 
2282 -1.545888 
2283 -1.534488 
2284 -1.805837 
2285 -1.832829 
2286 -1.643181 
2287 -0.779548 
2288 -2.032281 
2289 -2.021875 
2290 0.797675 
2291 0.837828 
2292 0.693298 
2293 2.119694 
2294 1.841153 
2295 1.953635 
2296 1.491923 
2297 1.567208 
2298 1.656291 
2299 1.475236 
2300 1.889695 
2301 1.467042 
2302 1.481602 
2303 1.563095 
2304 1.503694 
2305 1.495826 
2306 1.585705 
2307 -1.717272 
2308 -1.714202 
2309 -1.463176 
2310 -1.498633 
2311 -1.359526 
2312 -1.397897 
2313 -1.477943 
2314 -1.520547 
2315 -1.615888 
2316 -1.666178 
2317 -1.929504 
2318 -1.241676 
2319 -1.169877 
2320 -0.600967 
2321 0.384097 
2322 1.938551 
2323 2.745042 
2324 1.522907 
2325 1.508669 
2326 1.714648 
2327 1.453135 
2328 1.806265 
2329 1.535060 
2330 1.396186 
2331 -1.442088 
2332 -1.406506 
2333 -1.347940 
2334 -1.682421 
2335 -1.493469 
2336 -1.797683 
2337 -2.447951 
2338 0.201220 
2339 -0.819454 
2340 1.821857 
2341 1.449667 
2342 1.925815 
2343 1.739779 
2344 1.011156 
2345 1.843321 
2346 -1.581301 
2347 0.228431 
2348 -1.988179 
2349 -0.356648 
2350 -2.145638 
2351 -1.102720 
2352 -1.722851 
2353 -1.034834 
2354 -1.097995 
2355 -2.272119 
2356 -1.777608 
2357 -1.474528 
2358 -1.368072 
2359 -1.442078 
2360 -1.246804 
2361 -1.668169 
2362 -1.688642 
2363 -1.425854 
2364 -2.075876 
2365 -2.437813 
2366 -0.319065 
2367 -0.513987 
2368 -0.764532 
2369 2.035985 
2370 2.259770 
2371 1.370837 
2372 1.806211 
2373 2.064280 
2374 1.524181 
2375 1.431319 
2376 2.952414 
2377 1.908702 
2378 0.222137 
2379 0.415816 
2380 0.945427 
2381 -1.685660 
2382 -2.193962 
2383 0.173452 
2384 -1.639383 
2385 -1.613881 
2386 -0.484118 
2387 -2.253817 
2388 -2.189694 
2389 -0.806630 
2390 -1.898910 
2391 -1.427095 
2392 -1.634935 
2393 -1.465256 
2394 -1.571478 
2395 -1.409410 
2396 -1.479210 
2397 -1.415491 
2398 -1.693967 
2399 -1.488093 
2400 -1.799558 
2401 -1.834356 
2402 -1.907423 
2403 -0.369510 
2404 -0.776342 
2405 -1.364922 
2406 1.980715 
2407 2.028610 
2408 0.483769 
2409 2.070114 
2410 1.893805 
2411 1.794716 
2412 1.815710 
2413 1.899127 
2414 1.810108 
2415 1.254761 
2416 2.358730 
2417 2.303113 
2418 0.430911 
2419 0.440400 
2420 0.559284 
2421 -1.667213 
2422 -1.524247 
2423 -0.789415 
2424 -1.917854 
2425 -1.660686 
2426 -0.703979 
2427 -1.767168 
2428 -0.516826 
2429 -1.697365 
2430 -1.778070 
2431 -1.865351 
2432 -1.526771 
2433 -1.630940 
2434 -1.511004 
2435 -1.359927 
2436 -1.668053 
2437 -1.514474 
2438 -1.423046 
2439 -1.666697 
2440 -0.587568 
2441 -0.886614 
2442 -1.579189 
2443 2.289153 
2444 1.233784 
2445 0.719337 
2446 2.133419 
2447 2.260381 
2448 1.596230 
2449 1.472812 
2450 1.724588 
2451 1.586581 
2452 1.683239 
2453 1.820351 
2454 1.933796 
2455 1.264598 
2456 2.384850 
2457 1.786122 
2458 0.833593 
2459 1.354332 
2460 1.238356 
2461 -0.094165 
2462 -0.162059 
2463 -0.343847 
2464 -0.676942 
2465 -0.257294 
2466 -2.231271 
2467 -2.184008 
2468 -1.589022 
2469 -1.468463 
2470 -1.573655 
2471 -1.464811 
2472 -1.650541 
2473 -1.805469 
2474 -1.316496 
2475 -1.431497 
2476 -3.031924 
2477 -0.397355 
2478 -0.580812 
2479 -0.799226 
2480 1.526629 
2481 1.619386 
2482 1.259869 
2483 2.465443 
2484 1.649091 
2485 1.562285 
2486 1.422474 
2487 1.745234 
2488 1.620848 
2489 1.473558 
2490 1.544135 
2491 1.566589 
2492 1.763372 
2493 1.827675 
2494 1.638196 
2495 1.435858 
2496 2.301272 
2497 1.858047 
2498 1.597397 
2499 1.440501 
2500 1.056548 
2501 0.539902 
2502 0.618070 
2503 -3.230870 
2504 -1.352628 
2505 -1.666031 
2506 -1.580626 
2507 -1.328313 
2508 -1.601557 
2509 -1.670630 
2510 -1.562571 
2511 -1.250527 
2512 -2.195426 
2513 -2.431361 
2514 -0.328435 
2515 -0.337722 
2516 -0.684877 
2517 1.999076 
2518 2.206291 
2519 1.596621 
2520 1.785234 
2521 1.586637 
2522 1.592805 
2523 1.560368 
2524 1.621793 
2525 1.600767 
2526 1.591017 
2527 1.495865 
2528 1.456942 
2529 1.753522 
2530 1.488979 
2531 1.633107 
2532 1.693751 
2533 1.724597 
2534 1.633829 
2535 1.522824 
2536 2.226388 
2537 1.653598 
2538 1.693143 
2539 1.393048 
2540 -1.324502 
2541 -1.400389 
2542 -1.578067 
2543 -1.603886 
2544 -1.466691 
2545 -1.579917 
2546 -1.535190 
2547 -1.396850 
2548 -1.796798 
2549 -1.826039 
2550 -1.777858 
2551 -0.595606 
2552 -0.884711 
2553 -1.185914 
2554 2.181158 
2555 1.984196 
2556 0.942070 
2557 1.821080 
2558 1.855088 
2559 1.937313 
2560 1.711466 
2561 1.605077 
2562 1.560928 
2563 1.468792 
2564 1.579218 
2565 1.570277 
2566 1.516106 
2567 1.670171 
2568 1.561270 
2569 1.652384 
2570 1.581336 
2571 1.546540 
2572 1.648580 
2573 1.727918 
2574 1.593620 
2575 1.500146 
2576 1.650390 
2577 -1.524304 
2578 -1.455981 
2579 -1.590030 
2580 -1.503894 
2581 -1.430022 
2582 -1.505882 
2583 -1.595099 
2584 -1.353902 
2585 -1.540368 
2586 -1.444802 
2587 -1.699495 
2588 -1.915155 
2589 -1.827235 
2590 -1.621263 
2591 1.078845 
2592 0.796436 
2593 0.898191 
2594 2.245607 
2595 2.473747 
2596 1.535058 
2597 1.743396 
2598 1.494561 
2599 1.595515 
2600 1.507177 
2601 1.538564 
2602 1.643285 
2603 1.658638 
2604 1.572559 
2605 1.694060 
2606 1.575400 
2607 1.534996 
2608 1.607901 
2609 1.601226 
2610 1.576602 
2611 1.555362 
2612 1.633080 
2613 1.640200 
2614 -1.458123 
2615 -1.528877 
2616 -1.481154 
2617 -1.465076 
2618 -1.648602 
2619 -1.526343 
2620 -1.407398 
2621 -1.408607 
2622 -1.540912 
2623 -1.615114 
2624 -2.039159 
2625 -1.391604 
2626 -1.451362 
2627 -1.423651 
2628 -0.017803 
2629 -0.100659 
2630 0.022532 
2631 3.900865 
2632 1.243780 
2633 1.238829 
2634 2.337205 
2635 1.724180 
2636 1.587248 
2637 1.453858 
2638 1.557345 
2639 1.700396 
2640 1.542357 
2641 1.563572 
2642 1.800586 
2643 1.610039 
2644 1.589141 
2645 1.656443 
2646 1.562135 
2647 1.584297 
2648 1.697928 
2649 1.662882 
2650 1.651801 
2651 -1.392555 
2652 -1.637274 
2653 -1.550361 
2654 -1.449994 
2655 -1.553473 
2656 -1.516418 
2657 -1.480124 
2658 -1.519129 
2659 -1.631276 
2660 -1.690851 
2661 -1.462214 
2662 -1.545836 
2663 -1.386487 
2664 -3.113065 
2665 -0.911823 
2666 -0.846001 
2667 -1.043188 
2668 1.028488 
2669 1.117738 
2670 1.008020 
2671 3.461604 
2672 1.466598 
2673 1.518116 
2674 1.475353 
2675 1.861726 
2676 1.787583 
2677 1.543311 
2678 1.551750 
2679 1.530382 
2680 1.650775 
2681 1.640399 
2682 1.609001 
2683 1.571477 
2684 1.605676 
2685 1.822937 
2686 1.465368 
2687 1.498159 
2688 -1.348684 
2689 -1.768678 
2690 -1.503535 
2691 -1.528547 
2692 -1.528178 
2693 -1.512564 
2694 -1.579069 
2695 -1.515201 
2696 -1.514823 
2697 -1.525473 
2698 -1.516455 
2699 -1.576758 
2700 -1.894417 
2701 -1.701219 
2702 -1.325579 
2703 -1.243187 
2704 -3.917423 
2705 0.019049 
2706 0.089343 
2707 -0.194469 
2708 1.559916 
2709 1.520715 
2710 1.337632 
2711 2.570038 
2712 1.407522 
2713 1.940479 
2714 1.543330 
2715 1.398138 
2716 1.653871 
2717 1.572558 
2718 1.576049 
2719 1.675513 
2720 1.623345 
2721 1.765700 
2722 1.490988 
2723 1.596190 
2724 1.574482 
2725 -1.598536 
2726 -1.623541 
2727 -1.537957 
2728 -1.506465 
2729 -1.654401 
2730 -1.502671 
2731 -1.615263 
2732 -1.708999 
2733 -1.468943 
2734 -1.635074 
2735 -1.393159 
2736 -1.433766 
2737 -1.826012 
2738 -1.391402 
2739 -1.374389 
2740 -2.190591 
2741 -2.415948 
2742 -0.561877 
2743 -0.577846 
2744 -2.694234 
2745 1.488113 
2746 1.560805 
2747 0.925586 
2748 1.519433 
2749 1.542446 
2750 1.364755 
2751 1.920318 
2752 1.521783 
2753 1.434321 
2754 1.913416 
2755 1.487359 
2756 1.603196 
2757 1.738582 
2758 1.590991 
2759 1.600246 
2760 1.459054 
2761 1.405395 
2762 -2.107095 
2763 -1.266460 
2764 -1.533622 
2765 -1.448115 
2766 -1.478513 
2767 -1.718098 
2768 -1.342542 
2769 -1.761760 
2770 -1.292175 
2771 -1.738318 
2772 -2.634792 
2773 -1.107952 
2774 -1.850240 
2775 0.201458 
2776 0.046483 
2777 1.821381 
2778 1.390337 
2779 3.009642 
2780 1.536727 
2781 1.586331 
2782 1.654325 
2783 1.602747 
2784 1.670928 
2785 1.546485 
2786 -1.404468 
2787 -1.656209 
2788 -1.440863 
2789 -2.296973 
2790 -1.532697 
2791 -0.815461 
2792 -2.591943 
2793 0.391809 
2794 0.513401 
2795 2.528185 
2796 1.577313 
2797 1.577087 
2798 1.767320 
2799 1.285917 
2800 2.310170 
2801 2.407075 
2802 0.436339 
2803 1.357248 
2804 -0.427236 
2805 1.241196 
2806 -1.639868 
2807 -1.355161 
2808 -0.012730 
2809 -0.049053 
2810 -2.909760 
2811 -1.976143 
2812 -1.382342 
2813 -1.455651 
2814 -1.362667 
2815 -1.754097 
2816 -1.698841 
2817 -1.456732 
2818 -1.402988 
2819 -1.738510 
2820 -3.227794 
2821 -0.760062 
2822 -0.816320 
2823 -0.072096 
2824 1.336265 
2825 1.343508 
2826 1.540073 
2827 2.724181 
2828 1.481584 
2829 1.842450 
2830 1.646904 
2831 1.540081 
2832 1.981594 
2833 2.016410 
2834 1.666706 
2835 1.144466 
2836 2.152521 
2837 2.175031 
2838 1.069985 
2839 1.349196 
2840 2.633794 
2841 0.058714 
2842 0.078887 
2843 0.460093 
2844 0.007704 
2845 -0.217132 
2846 -0.424804 
2847 -3.701950 
2848 -1.375766 
2849 -1.691730 
2850 -1.628198 
2851 -1.372023 
2852 -1.501447 
2853 -1.616218 
2854 -1.475920 
2855 -1.507946 
2856 -2.287770 
2857 -2.157721 
2858 -0.791707 
2859 -0.819005 
2860 -1.095528 
2861 1.768781 
2862 1.766038 
2863 1.948181 
2864 1.507834 
2865 1.655700 
2866 1.689488 
2867 1.577634 
2868 1.571448 
2869 1.751638 
2870 1.503811 
2871 1.511960 
2872 1.866740 
2873 1.940487 
2874 1.901918 
2875 1.035224 
2876 2.196778 
2877 2.391833 
2878 0.799275 
2879 1.162267 
2880 2.671534 
2881 0.523369 
2882 0.938576 
2883 -1.125505 
2884 -1.577152 
2885 -1.343419 
2886 -1.555147 
2887 -1.365493 
2888 -1.475443 
2889 -1.433239 
2890 -1.441673 
2891 -1.624098 
2892 -1.743061 
2893 -2.075683 
2894 -1.566031 
2895 -0.607684 
2896 -2.042050 
2897 -1.796420 
2898 1.448445 
2899 1.260931 
2900 0.761849 
2901 1.842445 
2902 1.980406 
2903 2.109946 
2904 1.601148 
2905 1.584255 
2906 1.479791 
2907 1.571177 
2908 1.600935 
2909 1.901295 
2910 1.459728 
2911 1.484357 
2912 1.960276 
2913 1.789450 
2914 1.733097 
2915 1.493554 
2916 2.115104 
2917 2.339994 
2918 1.529474 
2919 1.537323 
2920 0.398045 
2921 -1.806141 
2922 -1.823130 
2923 -1.822938 
2924 -1.438246 
2925 -1.609431 
2926 -1.447832 
2927 -1.451616 
2928 -1.485579 
2929 -1.401824 
2930 -1.615351 
2931 -1.660232 
2932 -1.841955 
2933 -2.028731 
2934 -1.238027 
2935 0.943426 
2936 0.729366 
2937 0.969693 
2938 2.483708 
2939 2.499574 
2940 1.500813 
2941 1.550176 
2942 1.641454 
2943 1.654637 
2944 1.528972 
2945 1.630605 
2946 1.588936 
2947 1.620611 
2948 1.560593 
2949 1.705231 
2950 1.608159 
2951 1.524277 
2952 1.912325 
2953 1.593634 
2954 1.622641 
2955 1.755604 
2956 1.223984 
2957 1.208333 
2958 -2.021742 
2959 -1.916671 
2960 -1.610243 
2961 -1.490980 
2962 -1.514887 
2963 -1.372406 
2964 -1.557191 
2965 -1.609529 
2966 -1.510064 
2967 -1.423139 
2968 -2.578565 
2969 -1.346724 
2970 -1.204192 
2971 -0.998692 
2972 0.818677 
2973 0.874827 
2974 1.134460 
2975 3.425841 
2976 1.606587 
2977 1.567880 
2978 1.609733 
2979 1.842689 
2980 1.723325 
2981 1.652241 
2982 1.489078 
2983 1.490690 
2984 1.549772 
2985 1.650827 
2986 1.699151 
2987 1.434183 
2988 1.568068 
2989 1.780491 
2990 1.454868 
2991 1.581306 
2992 1.678340 
2993 1.639761 
2994 1.660978 
2995 -1.511493 
2996 -1.601347 
2997 -1.533100 
2998 -1.412488 
2999 -1.594513 
3000 -1.464376 
3001 -1.473899 
3002 -1.485801 
3003 -1.646815 
3004 -2.068485 
3005 -2.153915 
3006 -0.909481 
3007 -0.961948 
3008 -2.825242 
3009 1.216083 
3010 1.195660 
3011 1.118179 
3012 1.504577 
3013 1.516293 
3014 1.543742 
3015 2.017878 
3016 1.514653 
3017 1.669977 
3018 1.645568 
3019 1.502417 
3020 1.537500 
3021 1.647699 
3022 1.678086 
3023 1.565269 
3024 1.755281 
3025 1.791038 
3026 1.422398 
3027 1.500607 
3028 1.630508 
3029 1.591055 
3030 1.596651 
3031 1.619394 
3032 -1.517138 
3033 -1.680806 
3034 -1.482356 
3035 -1.565704 
3036 -1.507764 
3037 -1.502438 
3038 -1.487918 
3039 -1.562432 
3040 -1.620356 
3041 -1.633489 
3042 -1.815706 
3043 -0.923053 
3044 -2.473033 
3045 -2.254666 
3046 0.371729 
3047 0.453828 
3048 0.568559 
3049 2.210399 
3050 2.109455 
3051 2.085320 
3052 1.591605 
3053 1.380596 
3054 1.911698 
3055 1.357614 
3056 1.359802 
3057 1.394993 
3058 1.607854 
3059 2.002055 
3060 1.694276 
3061 1.560211 
3062 1.641680 
3063 1.578426 
3064 1.601042 
3065 1.668573 
3066 1.626311 
3067 1.624257 
3068 1.749680 
3069 -1.577020 
3070 -1.469873 
3071 -1.462743 
3072 -1.650616 
3073 -1.504707 
3074 -1.490121 
3075 -1.468748 
3076 -1.392337 
3077 -1.556505 
3078 -1.558896 
3079 -1.477202 
3080 -2.017047 
3081 -1.868988 
3082 -1.637415 
3083 -0.398206 
3084 -0.332122 
3085 -0.005416 
3086 2.449176 
3087 2.207400 
3088 1.323301 
3089 1.716885 
3090 1.827278 
3091 1.712646 
3092 1.513292 
3093 1.499737 
3094 1.546944 
3095 1.741770 
3096 1.659502 
3097 1.650156 
3098 1.481463 
3099 1.547323 
3100 1.547138 
3101 1.621850 
3102 1.634722 
3103 1.626428 
3104 1.653783 
3105 1.819609 
3106 -1.331087 
3107 -1.382830 
3108 -1.593537 
3109 -1.477714 
3110 -1.465386 
3111 -1.579118 
3112 -1.426453 
3113 -1.526185 
3114 -1.522355 
3115 -1.526960 
3116 -1.421492 
3117 -1.644046 
3118 -1.620600 
3119 -1.458821 
3120 -1.861516 
3121 -1.792687 
3122 -1.197459 
3123 1.051629 
3124 0.875349 
3125 1.149019 
3126 2.314240 
3127 2.340151 
3128 1.739480 
3129 1.616060 
3130 1.561208 
3131 1.420235 
3132 1.620039 
3133 1.498989 
3134 1.527356 
3135 1.599218 
3136 1.645173 
3137 1.574999 
3138 1.588071 
3139 1.592958 
3140 1.543253 
3141 1.592895 
3142 1.748141 
3143 -1.424622 
3144 -1.470843 
3145 -1.579061 
3146 -1.552866 
3147 -1.543327 
3148 -1.553672 
3149 -1.713553 
3150 -1.377775 
3151 -1.502370 
3152 -1.386735 
3153 -1.336183 
3154 -1.461484 
3155 -1.773724 
3156 -1.618584 
3157 -1.689425 
3158 -1.622459 
3159 -1.435089 
3160 -0.802056 
3161 -0.820645 
3162 0.174156 
3163 2.806492 
3164 1.286486 
3165 1.620393 
3166 1.966299 
3167 1.853158 
3168 1.671884 
3169 1.481387 
3170 1.438314 
3171 1.653017 
3172 1.595131 
3173 1.614717 
3174 1.551658 
3175 1.616731 
3176 1.572739 
3177 1.599810 
3178 1.571658 
3179 1.626839 
3180 -1.471415 
3181 -1.503185 
3182 -1.505400 
3183 -1.539777 
3184 -1.503826 
3185 -1.477922 
3186 -1.545887 
3187 -1.568315 
3188 -1.435001 
3189 -1.626312 
3190 -1.425626 
3191 -1.692173 
3192 -1.395287 
3193 -1.391004 
3194 -1.603871 
3195 -1.629775 
3196 -2.349237 
3197 -1.401558 
3198 -1.407916 
3199 -0.979643 
3200 0.806845 
3201 0.830242 
3202 1.715572 
3203 2.972986 
3204 1.590763 
3205 1.685083 
3206 1.607625 
3207 1.629492 
3208 1.604458 
3209 1.578332 
3210 1.508015 
3211 1.602072 
3212 1.647700 
3213 1.621228 
3214 1.630263 
3215 1.626787 
3216 1.570549 
3217 -1.555902 
3218 -1.586101 
3219 -1.461481 
3220 -1.488197 
3221 -1.427613 
3222 -1.644594 
3223 -1.553048 
3224 -1.430351 
3225 -1.405681 
3226 -1.563073 
3227 -1.511227 
3228 -2.484240 
3229 -1.980407 
3230 -0.466042 
3231 0.478115 
3232 1.361076 
3233 1.666110 
3234 1.660469 
3235 1.913293 
3236 1.472882 
3237 1.729257 
3238 1.357361 
3239 1.663935 
3240 1.461692 
3241 -1.622867 
3242 -1.474406 
3243 -1.524042 
3244 -1.804613 
3245 -2.017850 
3246 -1.016046 
3247 -1.199583 
3248 0.450869 
3249 0.170631 
3250 2.502399 
3251 2.329620 
3252 1.865920 
3253 1.552113 
3254 1.362622 
3255 1.391531 
3256 1.977981 
3257 1.643229 
3258 1.464495 
3259 1.578560 
3260 2.217961 
3261 1.631486 
3262 1.334319 
3263 1.784638 
3264 0.812340 
3265 -1.546134 
3266 -2.126434 
3267 -1.459993 
3268 -1.465655 
3269 -1.566007 
3270 -1.493032 
3271 -1.580897 
3272 -1.487900 
3273 -1.425381 
3274 -1.478433 
3275 -1.864454 
3276 -0.820487 
3277 -0.888138 
3278 -0.798539 
3279 2.766585 
3280 1.181289 
3281 1.116048 
3282 2.180351 
3283 2.084807 
3284 1.498775 
3285 1.625229 
3286 1.645090 
3287 1.434575 
3288 1.770547 
3289 1.734779 
3290 1.686249 
3291 1.337531 
3292 1.731134 
3293 2.036392 
3294 1.553153 
3295 1.504920 
3296 2.464380 
3297 1.420928 
3298 1.418791 
3299 1.673645 
3300 0.978820 
3301 0.733904 
3302 -2.182516 
3303 -2.165622 
3304 -1.539258 
3305 -1.525014 
3306 -1.667383 
3307 -1.373134 
3308 -1.427139 
3309 -1.523532 
3310 -1.547712 
3311 -1.555997 
3312 -2.658258 
3313 -1.075598 
3314 -1.205261 
3315 -1.039816 
3316 1.146619 
3317 0.995546 
3318 1.096256 
3319 3.275155 
3320 1.459247 
3321 1.696464 
3322 1.572895 
3323 1.669486 
3324 1.651664 
3325 1.538380 
3326 1.518194 
3327 1.600330 
3328 1.577618 
3329 1.658300 
3330 1.755393 
3331 1.486927 
3332 1.950321 
3333 1.974685 
3334 1.408059 
3335 1.556546 
3336 1.719942 
3337 1.345173 
3338 0.880902 
3339 -2.496623 
3340 -1.520531 
3341 -1.486477 
3342 -1.540285 
3343 -1.504103 
3344 -1.443880 
3345 -1.496970 
3346 -1.494281 
3347 -1.638049 
3348 -2.078506 
3349 -1.965939 
3350 -1.061753 
3351 -1.038063 
3352 -2.613089 
3353 0.890499 
3354 1.006058 
3355 1.010731 
3356 1.546568 
3357 1.571589 
3358 1.736246 
3359 1.721179 
3360 1.562896 
3361 1.671728 
3362 1.513421 
3363 1.536259 
3364 1.565864 
3365 1.529897 
3366 1.562293 
3367 1.717972 
3368 1.658257 
3369 1.750991 
3370 1.595647 
3371 1.455712 
3372 1.891157 
3373 2.076741 
3374 1.405116 
3375 1.313442 
3376 -1.572220 
3377 -1.463137 
3378 -1.537585 
3379 -1.430191 
3380 -1.454524 
3381 -1.586981 
3382 -1.535799 
3383 -1.431518 
3384 -1.681771 
3385 -1.769142 
3386 -1.746971 
3387 -0.891130 
3388 -2.180105 
3389 -2.070274 
3390 0.588558 
3391 0.724296 
3392 0.534409 
3393 2.020204 
3394 1.915530 
3395 2.231021 
3396 1.741803 
3397 1.609246 
3398 1.544927 
3399 1.401268 
3400 1.581953 
3401 1.563993 
3402 1.637946 
3403 1.512285 
3404 1.629553 
3405 1.621386 
3406 1.676272 
3407 1.607203 
3408 1.586469 
3409 1.636754 
3410 1.722342 
3411 1.544821 
3412 1.501347 
3413 -1.595030 
3414 -1.481924 
3415 -1.617229 
3416 -1.659921 
3417 -1.438586 
3418 -1.462052 
3419 -1.522503 
3420 -1.417121 
3421 -1.577712 
3422 -1.584722 
3423 -1.486445 
3424 -1.812260 
3425 -2.026735 
3426 -1.711247 
3427 0.440358 
3428 0.450771 
3429 0.675872 
3430 2.644576 
3431 2.425528 
3432 1.382350 
3433 1.577494 
3434 1.821719 
3435 1.643234 
3436 1.593739 
3437 1.584231 
3438 1.506893 
3439 1.741880 
3440 1.593011 
3441 1.664427 
3442 1.601344 
3443 1.556983 
3444 1.619673 
3445 1.693558 
3446 1.604274 
3447 1.482909 
3448 1.686375 
3449 1.585273 
3450 -1.515983 
3451 -1.479620 
3452 -1.526817 
3453 -1.476647 
3454 -1.519439 
3455 -1.602186 
3456 -1.458834 
3457 -1.480838 
3458 -1.481406 
3459 -1.578694 
3460 -1.951692 
3461 -1.503541 
3462 -1.470909 
3463 -1.436965 
3464 -0.139966 
3465 0.067246 
3466 0.154563 
3467 3.380449 
3468 1.433488 
3469 1.554469 
3470 1.922535 
3471 1.865065 
3472 1.662907 
3473 1.572877 
3474 1.470160 
3475 1.639296 
3476 1.613363 
3477 1.473163 
3478 1.525134 
3479 1.616758 
3480 1.598730 
3481 1.563933 
3482 1.589676 
3483 1.586857 
3484 1.548146 
3485 1.739000 
3486 1.521327 
3487 -1.443878 
3488 -1.445460 
3489 -1.636980 
3490 -1.532354 
3491 -1.494830 
3492 -1.548804 
3493 -1.411318 
3494 -1.391840 
3495 -1.648389 
3496 -1.813016 
3497 -1.789076 
3498 -1.318481 
3499 -1.366284 
3500 -3.122686 
3501 -0.426096 
3502 -0.162077 
3503 0.068379 
3504 1.643234 
3505 1.715936 
3506 1.526545 
3507 2.159511 
3508 1.616706 
3509 1.673941 
3510 1.569064 
3511 1.460983 
3512 1.570623 
3513 1.489317 
3514 1.741103 
3515 1.584340 
3516 1.629461 
3517 1.616900 
3518 1.526209 
3519 1.588660 
3520 1.656835 
3521 1.532817 
3522 1.651576 
3523 1.525051 
3524 -1.576657 
3525 -1.485992 
3526 -1.534473 
3527 -1.585793 
3528 -1.485363 
3529 -1.594063 
3530 -1.455150 
3531 -1.634584 
3532 -1.611686 
3533 -1.572243 
3534 -1.626669 
3535 -1.346901 
3536 -1.831823 
3537 -2.799038 
3538 -0.381971 
3539 -0.309121 
3540 -0.897916 
3541 2.036824 
3542 2.092663 
3543 1.758271 
3544 1.594268 
3545 1.578246 
3546 1.699870 
3547 1.472152 
3548 1.565863 
3549 1.698941 
3550 1.596402 
3551 1.511192 
3552 1.616359 
3553 1.516473 
3554 1.637273 
3555 1.611475 
3556 1.637529 
3557 1.671337 
3558 1.419706 
3559 1.623201 
3560 1.644733 
3561 -1.492533 
3562 -1.416920 
3563 -1.736459 
3564 -1.487136 
3565 -1.549305 
3566 -1.590753 
3567 -1.489006 
3568 -1.494196 
3569 -1.533127 
3570 -1.559175 
3571 -1.558730 
3572 -1.774254 
3573 -1.659819 
3574 -1.956198 
3575 -0.644194 
3576 -1.413843 
3577 -2.011215 
3578 1.384868 
3579 1.548260 
3580 0.620730 
3581 2.057348 
3582 1.931500 
3583 1.916216 
3584 1.494048 
3585 1.814883 
3586 1.516439 
3587 1.446597 
3588 1.536808 
3589 1.649200 
3590 1.610426 
3591 1.662925 
3592 1.575943 
3593 1.640868 
3594 1.617432 
3595 1.558521 
3596 1.751477 
3597 1.671823 
3598 -1.445326 
3599 -1.423141 
3600 -1.548369 
3601 -1.463308 
3602 -1.620220 
3603 -1.577931 
3604 -1.608248 
3605 -1.511333 
3606 -1.552954 
3607 -1.505385 
3608 -1.470240 
3609 -1.495449 
3610 -1.461908 
3611 -1.584410 
3612 -1.600762 
3613 -1.906983 
3614 -2.186200 
3615 0.078199 
3616 0.199380 
3617 -0.271753 
3618 2.567380 
3619 2.361840 
3620 1.187763 
3621 1.758938 
3622 1.770283 
3623 1.665845 
3624 1.729603 
3625 1.589744 
3626 1.509964 
3627 1.584048 
3628 1.584646 
3629 1.688584 
3630 1.533098 
3631 1.591227 
3632 1.670015 
3633 1.576842 
3634 1.477224 
3635 -1.566937 
3636 -1.506443 
3637 -1.620739 
3638 -1.526556 
3639 -1.539950 
3640 -1.572758 
3641 -1.538212 
3642 -1.510233 
3643 -1.583428 
3644 -1.504634 
3645 -1.448632 
3646 -1.550362 
3647 -1.596880 
3648 -1.570665 
3649 -1.512622 
3650 -1.445548 
3651 -1.599221 
3652 -1.223205 
3653 -1.150902 
3654 -2.014756 
3655 1.861521 
3656 1.039365 
3657 0.594633 
3658 2.324493 
3659 2.326205 
3660 1.466375 
3661 1.931536 
3662 1.626393 
3663 1.323936 
3664 1.633018 
3665 1.789438 
3666 1.459999 
3667 1.463417 
3668 1.641191 
3669 1.742761 
3670 1.609411 
3671 1.596308 
3672 -1.577284 
3673 -1.630597 
3674 -1.453624 
3675 -1.484920 
3676 -1.494627 
3677 -1.479166 
3678 -1.654092 
3679 -1.546932 
3680 -1.727591 
3681 -1.518971 
3682 -1.815634 
3683 -0.998064 
3684 -2.255404 
3685 0.471386 
3686 0.295577 
3687 2.657229 
3688 1.194587 
3689 1.801994 
3690 1.432979 
3691 1.866059 
3692 1.509327 
3693 1.894850 
3694 1.453182 
3695 1.524305 
3696 -1.456702 
3697 -1.558671 
3698 -1.445124 
3699 -1.551633 
3700 -2.497185 
3701 -1.623825 
3702 -1.490413 
3703 0.189182 
3704 0.130007 
3705 1.560755 
3706 2.018450 
3707 2.368891 
3708 1.809742 
3709 1.516394 
3710 1.451216 
3711 1.433951 
3712 1.508605 
3713 1.653247 
3714 1.460931 
3715 1.665740 
3716 1.858857 
3717 1.694315 
3718 1.705171 
3719 1.391797 
3720 -1.439477 
3721 -1.516943 
3722 -1.432176 
3723 -1.612106 
3724 -1.285357 
3725 -1.620619 
3726 -1.698420 
3727 -1.447584 
3728 -1.920681 
3729 -1.824468 
3730 -1.858139 
3731 -0.506887 
3732 -1.252957 
3733 -0.718535 
3734 2.013524 
3735 2.009611 
3736 1.094328 
3737 1.799911 
3738 1.823663 
3739 1.885973 
3740 1.547950 
3741 1.649080 
3742 1.611813 
3743 1.557484 
3744 1.669974 
3745 1.500832 
3746 1.680875 
3747 1.529028 
3748 1.629213 
3749 1.626932 
3750 1.557281 
3751 1.568805 
3752 1.701747 
3753 1.741451 
3754 1.673654 
3755 1.524348 
3756 1.308019 
3757 -1.642545 
3758 -1.521472 
3759 -1.710866 
3760 -1.592297 
3761 -1.538224 
3762 -1.465980 
3763 -1.489801 
3764 -1.351313 
3765 -1.573770 
3766 -1.672704 
3767 -1.539056 
3768 -1.783114 
3769 -1.833912 
3770 -1.656184 
3771 0.966634 
3772 0.780187 
3773 0.748944 
3774 2.394549 
3775 2.389877 
3776 1.471998 
3777 1.639204 
3778 1.486947 
3779 1.721297 
3780 1.597001 
3781 1.575433 
3782 1.605142 
3783 1.582358 
3784 1.494365 
3785 1.484120 
3786 1.477139 
3787 1.915436 
3788 1.741631 
3789 1.577515 
3790 1.503456 
3791 1.634973 
3792 1.601685 
3793 1.465855 
3794 -1.736903 
3795 -1.623155 
3796 -1.548821 
3797 -1.461353 
3798 -1.554615 
3799 -1.524799 
3800 -1.402791 
3801 -1.508431 
3802 -1.491168 
3803 -1.667841 
3804 -2.265638 
3805 -1.447653 
3806 -1.482022 
3807 -1.312634 
3808 0.645970 
3809 0.545166 
3810 0.577241 
3811 3.607372 
3812 1.570882 
3813 1.541683 
3814 1.971144 
3815 1.697219 
3816 1.815558 
3817 1.403491 
3818 1.467234 
3819 1.654748 
3820 1.585863 
3821 1.750228 
3822 1.576882 
3823 1.553371 
3824 1.630648 
3825 1.580658 
3826 1.591475 
3827 1.598927 
3828 1.610889 
3829 1.643076 
3830 1.437150 
3831 -1.684913 
3832 -1.564613 
3833 -1.544267 
3834 -1.525397 
3835 -1.530043 
3836 -1.477699 
3837 -1.542910 
3838 -1.462183 
3839 -1.610152 
3840 -2.002379 
3841 -1.825794 
3842 -1.219177 
3843 -1.306492 
3844 -3.025762 
3845 0.267523 
3846 0.303266 
3847 0.626615 
3848 1.684320 
3849 1.628479 
3850 1.748960 
3851 1.889097 
3852 1.638954 
3853 1.547027 
3854 1.553749 
3855 1.526422 
3856 1.521476 
3857 1.881535 
3858 1.527229 
3859 1.493175 
3860 1.499984 
3861 1.566949 
3862 1.519549 
3863 1.782302 
3864 1.599911 
3865 1.488677 
3866 1.653533 
3867 1.577823 
3868 -1.416390 
3869 -1.554708 
3870 -1.649121 
3871 -1.512588 
3872 -1.458371 
3873 -1.546993 
3874 -1.611190 
3875 -1.482853 
3876 -1.638687 
3877 -1.576238 
3878 -1.747198 
3879 -1.268114 
3880 -2.234075 
3881 -2.315308 
3882 0.070015 
3883 -0.157876 
3884 0.326614 
3885 1.917101 
3886 2.149908 
3887 2.216364 
3888 1.573019 
3889 1.539627 
3890 1.630909 
3891 1.482302 
3892 1.587690 
3893 1.601513 
3894 1.596660 
3895 1.553628 
3896 1.601160 
3897 1.536104 
3898 1.628269 
3899 1.641770 
3900 1.612386 
3901 1.535774 
3902 1.537233 
3903 1.715416 
3904 1.679806 
3905 -1.553999 
3906 -1.460305 
3907 -1.580706 
3908 -1.513000 
3909 -1.490299 
3910 -1.563944 
3911 -1.612151 
3912 -1.417058 
3913 -1.521840 
3914 -1.633015 
3915 -1.440523 
3916 -1.892231 
3917 -1.957386 
3918 -1.875408 
3919 -0.224703 
3920 -0.253614 
3921 0.011012 
3922 2.507618 
3923 2.394856 
3924 1.120588 
3925 1.775595 
3926 1.729577 
3927 1.883574 
3928 1.555616 
3929 1.578470 
3930 1.553381 
3931 1.698353 
3932 1.713960 
3933 1.584635 
3934 1.551939 
3935 1.529966 
3936 1.648890 
3937 1.584337 
3938 1.590102 
3939 1.625968 
3940 1.592870 
3941 1.798716 
3942 -1.373104 
3943 -1.495237 
3944 -1.525249 
3945 -1.587639 
3946 -1.502016 
3947 -1.601890 
3948 -1.405646 
3949 -1.415071 
3950 -1.601588 
3951 -1.540870 
3952 -1.638057 
3953 -1.578312 
3954 -1.577562 
3955 -1.708062 
3956 -1.062336 
3957 -0.708996 
3958 -0.434773 
3959 2.859051 
3960 1.382373 
3961 1.253963 
3962 2.076898 
3963 2.095690 
3964 1.788159 
3965 1.547611 
3966 1.494563 
3967 1.512159 
3968 1.660192 
3969 1.595079 
3970 1.525855 
3971 1.561996 
3972 1.598152 
3973 1.606632 
3974 1.624903 
3975 1.570791 
3976 1.630718 
3977 1.656714 
3978 1.648033 
3979 -1.401908 
3980 -1.558222 
3981 -1.499071 
3982 -1.503428 
3983 -1.572041 
3984 -1.456019 
3985 -1.476966 
3986 -1.537865 
3987 -1.592506 
3988 -1.606064 
3989 -1.457544 
3990 -1.594947 
3991 -1.458299 
3992 -2.578585 
3993 -1.204683 
3994 -1.053255 
3995 -0.675825 
3996 1.288221 
3997 1.446697 
3998 1.343335 
3999 2.775667 
4000 1.574096 
4001 1.688276 
4002 1.508478 
4003 1.580878 
4004 1.557249 
4005 1.632734 
4006 1.631725 
4007 1.535424 
4008 1.547085 
4009 1.566081 
4010 1.575608 
4011 1.647433 
4012 1.593880 
4013 1.539310 
4014 1.508965 
4015 1.715947 
4016 -1.555313 
4017 -1.412369 
4018 -1.601573 
4019 -1.573555 
4020 -1.513476 
4021 -1.525238 
4022 -1.553145 
4023 -1.531067 
4024 -1.456541 
4025 -1.433923 
4026 -1.407260 
4027 -1.760502 
4028 -1.895155 
4029 -1.942720 
4030 -1.104104 
4031 -1.262811 
4032 -2.229832 
4033 0.826347 
4034 0.953300 
4035 1.596602 
4036 1.808695 
4037 1.486531 
4038 1.740884 
4039 1.560402 
4040 1.606828 
4041 1.444687 
4042 1.534309 
4043 1.674292 
4044 1.621084 
4045 1.623143 
4046 1.657831 
4047 1.493903 
4048 1.663637 
4049 1.644071 
4050 1.559916 
4051 1.573047 
4052 1.818217 
4053 -1.510561 
4054 -1.390759 
4055 -1.472360 
4056 -1.570967 
4057 -1.505835 
4058 -1.570367 
4059 -1.479537 
4060 -1.489504 
4061 -1.505869 
4062 -1.545275 
4063 -1.584303 
4064 -1.577548 
4065 -1.624870 
4066 -1.657253 
4067 -1.252728 
4068 -2.519142 
4069 -2.087684 
4070 -0.178663 
4071 -0.156343 
4072 0.150581 
4073 2.211937 
4074 2.044433 
4075 2.114269 
4076 1.384515 
4077 1.661124 
4078 1.788746 
4079 1.401082 
4080 1.562708 
4081 1.631040 
4082 1.564438 
4083 1.558020 
4084 1.563605 
4085 1.645946 
4086 1.628627 
4087 1.555506 
4088 1.644124 
4089 1.699366 
4090 -1.498353 
4091 -1.357107 
4092 -1.551639 
4093 -1.562507 
4094 -1.433285 
4095 -1.611153 
4096 -1.519840 
4097 -1.482952 
4098 -1.586637 
4099 -1.616743 
4100 -1.481756 
4101 -1.613019 
4102 -1.602086 
4103 -1.304535 
4104 -1.696155 
4105 -1.774123 
4106 -1.985774 
4107 -0.559868 
4108 -1.593270 
4109 -1.592347 
4110 1.834085 
4111 1.770901 
4112 0.686464 
4113 1.922832 
4114 1.814902 
4115 2.032280 
4116 1.728877 
4117 1.512617 
4118 1.543196 
4119 1.565687 
4120 1.556470 
4121 1.728082 
4122 1.600597 
4123 1.563384 
4124 1.606180 
4125 1.561390 
4126 1.493508 
4127 -1.662166 
4128 -1.511331 
4129 -1.579211 
4130 -1.606418 
4131 -1.503380 
4132 -1.541802 
4133 -1.439704 
4134 -1.645472 
4135 -1.438788 
4136 -2.080791 
4137 -1.840167 
4138 -1.076692 
4139 -1.128560 
4140 0.260042 
4141 0.592403 
4142 2.217159 
4143 2.950124 
4144 1.390854 
4145 1.561524 
4146 1.472218 
4147 1.845416 
4148 1.549653 
4149 2.029774 
4150 1.528055 
4151 -1.304289 
4152 -1.492105 
4153 -1.523579 
4154 -1.705082 
4155 -1.478306 
4156 -0.944256 
4157 -1.037878 
4158 -2.015234 
4159 -2.094141 
4160 -1.855613 
4161 -1.815179 
4162 -1.499147 
4163 -1.092327 
4164 -1.954628 
4165 -1.481775 
4166 -1.407035 
4167 -1.276021 
4168 -1.424779 
4169 -0.313803 
4170 -0.648856 
4171 -3.253325 
4172 -1.587862 
4173 -1.623380 
4174 -1.521678 
4175 -1.337597 
4176 -1.183370 
4177 -2.041576 
4178 -1.463667 
4179 -1.388546 
4180 -3.470350 
4181 -0.852123 
4182 0.846486 
4183 1.022328 
4184 -0.148920 
4185 -1.412215 
4186 -2.448786 
4187 -1.853959 
4188 -1.288181 
4189 -1.207300 
4190 -1.932696 
4191 -1.644709 
4192 -3.123381 
4193 -1.361300 
4194 0.271976 
4195 1.313192 
4196 3.202268 
4197 1.485073 
4198 0.141611 
4199 -1.159881 
4200 -1.377968 
4201 -1.422829 
4202 -1.370941 
4203 -1.927112 
4204 -2.632115 
4205 -2.028814 
4206 -0.899671 
4207 0.492968 
4208 1.081471 
4209 2.001436 
4210 1.906182 
4211 1.289954 
4212 0.561667 
4213 -0.984850 
4214 -2.048822 
4215 -2.679460 
4216 -1.822551 
4217 -1.635795 
4218 -1.674672 
4219 -0.946305 
4220 0.370654 
4221 1.568159 
4222 2.165119 
4223 2.074891 
4224 2.991308 
4225 1.987115 
4226 0.700707 
4227 -0.138560 
4228 -0.302747 
4229 -1.934568 
4230 -1.759557 
4231 -1.594903 
4232 -1.552680 
4233 0.095564 
4234 1.541551 
4235 2.791483 
4236 1.564041 
4237 1.626009 
4238 1.712076 
4239 1.453016 
4240 1.086430 
4241 0.699424 
4242 -2.173583 
4243 -2.051449 
4244 -2.178280 
4245 -2.322777 
4246 -0.625311 
4247 0.928530 
4248 1.654709 
4249 1.699431 
4250 1.473034 
4251 1.469136 
4252 1.740611 
4253 1.526317 
4254 1.274980 
4255 -1.832820 
4256 -1.521476 
4257 -1.799579 
4258 -1.541690 
4259 -1.095698 
4260 0.163417 
4261 1.431220 
4262 2.177516 
4263 2.278085 
4264 1.804791 
4265 1.698492 
4266 1.553594 
4267 1.472680 
4268 -1.573689 
4269 -1.501440 
4270 -1.424115 
4271 -1.563654 
4272 -2.124743 
4273 -0.948820 
4274 0.674734 
4275 2.330483 
4276 1.854965 
4277 1.538345 
4278 1.411607 
4279 1.480693 
4280 1.535950 
4281 -1.634554 
4282 -1.590167 
4283 -1.473599 
4284 -1.875603 
4285 -2.010027 
4286 -1.666208 
4287 -0.209614 
4288 0.951222 
4289 2.290107 
4290 1.575148 
4291 1.502372 
4292 1.493557 
4293 1.530803 
4294 -1.829564 
4295 -1.536223 
4296 -1.471744 
4297 -1.502158 
4298 -1.484165 
4299 -1.670931 
4300 -0.835431 
4301 0.608231 
4302 2.236237 
4303 2.455099 
4304 1.574261 
4305 1.409232 
4306 1.430996 
4307 -1.935017 
4308 -1.723820 
4309 -1.486955 
4310 -1.446272 
4311 -1.588356 
4312 -2.780344 
4313 -1.588959 
4314 -0.002472 
4315 1.319921 
4316 1.652273 
4317 1.643032 
4318 1.594664 
4319 1.436722 
4320 -1.429956 
4321 -1.650361 
4322 -1.427171 
4323 -1.434999 
4324 -3.053395 
4325 0.438495 
4326 0.719300 
4327 -1.141224 
4328 -1.333676 
4329 -1.662125 
4330 -1.668888 
4331 -1.452770 
4332 -1.009758 
4333 -1.873517 
4334 -1.562401 
4335 -1.599823 
4336 -3.196435 
4337 -1.318847 
4338 0.397856 
4339 0.989197 
4340 0.126160 
4341 -0.800376 
4342 -2.120558 
4343 -2.546019 
4344 -1.320249 
4345 -1.113273 
4346 -1.851034 
4347 -1.770129 
4348 -2.317179 
4349 -2.247253 
4350 -0.736184 
4351 0.337897 
4352 2.862548 
4353 1.287741 
4354 0.101178 
4355 -1.523502 
4356 -1.462683 
4357 -1.465793 
4358 -1.098781 
4359 -1.874499 
4360 -1.841625 
4361 -2.160874 
4362 -1.408090 
4363 -0.361046 
4364 0.726509 
4365 2.241204 
4366 2.272866 
4367 1.132756 
4368 0.066220 
4369 -0.915460 
4370 -2.511020 
4371 -1.938942 
4372 -1.577901 
4373 -1.594046 
4374 -1.730901 
4375 -1.108872 
4376 -0.050437 
4377 1.145385 
4378 2.158667 
4379 2.520433 
4380 3.109730 
4381 2.017044 
4382 0.461768 
4383 -0.381179 
4384 -0.530518 
4385 -1.625833 
4386 -1.724278 
4387 -1.856186 
4388 -1.627174 
4389 0.131398 
4390 1.528771 
4391 2.672074 
4392 1.943635 
4393 1.719858 
4394 1.503877 
4395 1.266412 
4396 0.927168 
4397 0.525014 
4398 -2.341131 
4399 -2.162992 
4400 -2.238548 
4401 -1.993673 
4402 -0.113551 
4403 1.478520 
4404 1.900648 
4405 1.476831 
4406 1.471198 
4407 1.405458 
4408 1.621212 
4409 1.582475 
4410 1.512032 
4411 -1.694544 
4412 -1.885322 
4413 -1.789801 
4414 -1.695502 
4415 -0.569397 
4416 0.898186 
4417 1.770163 
4418 2.014798 
4419 1.822351 
4420 1.702893 
4421 1.702785 
4422 1.488119 
4423 1.529355 
4424 -1.547819 
4425 -1.488789 
4426 -1.472167 
4427 -1.604200 
4428 -1.404466 
4429 0.234735 
4430 1.759842 
4431 2.756113 
4432 1.871873 
4433 1.592961 
4434 1.450686 
4435 1.514219 
4436 1.517179 
4437 -1.627749 
4438 -1.535000 
4439 -1.475062 
4440 -2.400557 
4441 -2.196381 
4442 -0.656198 
4443 0.825687 
4444 1.641171 
4445 1.766253 
4446 1.599269 
4447 1.471141 
4448 1.567923 
4449 1.440459 
4450 -1.767357 
4451 -1.466924 
4452 -1.583556 
4453 -1.729867 
4454 -1.625679 
4455 -1.266742 
4456 -0.117029 
4457 1.227928 
4458 2.450920 
4459 2.258333 
4460 1.405212 
4461 1.448794 
4462 1.448300 
4463 -2.014039 
4464 -1.614594 
4465 -1.415147 
4466 -1.503023 
4467 -1.548373 
4468 -2.226317 
4469 -0.999414 
4470 0.762594 
4471 2.317142 
4472 1.712923 
4473 1.585107 
4474 1.555140 
4475 1.536197 
4476 -1.762628 
4477 -1.609577 
4478 -1.300174 
4479 -1.223516 
4480 -1.796309 
4481 -2.203364 
4482 -1.450559 
4483 0.087999 
4484 1.107360 
4485 1.619569 
4486 1.887998 
4487 1.771711 
4488 1.594257 
4489 -1.456120 
4490 -1.550960 
4491 -1.563436 
4492 -1.654037 
4493 -0.002216 
4494 2.086713 
4495 2.177611 
4496 0.796623 
4497 -0.767711 
4498 -1.963217 
4499 -2.439407 
4500 -1.086864 
4501 -0.761197 
4502 -2.156411 
4503 -1.846128 
4504 -2.452899 
4505 -1.690094 
4506 -0.086625 
4507 1.626059 
4508 3.316509 
4509 1.503856 
4510 0.447312 
4511 -0.553493 
4512 -1.340482 
4513 -1.446336 
4514 -1.303818 
4515 -2.002892 
4516 -2.071442 
4517 -2.057372 
4518 -1.398095 
4519 -0.226706 
4520 1.114127 
4521 2.040439 
4522 2.172925 
4523 1.073017 
4524 0.057427 
4525 -1.041464 
4526 -1.896531 
4527 -2.599416 
4528 -1.577444 
4529 -1.390507 
4530 -1.798842 
4531 -1.227017 
4532 -0.392665 
4533 1.359291 
4534 2.271616 
4535 2.088441 
4536 3.043546 
4537 1.957926 
4538 0.911713 
4539 -0.298284 
4540 -0.510847 
4541 -1.692688 
4542 -1.791448 
4543 -1.818417 
4544 -1.663843 
4545 -0.169836 
4546 1.165371 
4547 3.024146 
4548 1.748233 
4549 1.760481 
4550 1.626690 
4551 1.163106 
4552 0.807376 
4553 0.390017 
4554 -2.161366 
4555 -2.410928 
4556 -3.093260 
4557 -1.532910 
4558 -0.005441 
4559 1.010336 
4560 1.448264 
4561 1.578940 
4562 1.493610 
4563 1.846266 
4564 1.992539 
4565 1.478008 
4566 1.190445 
4567 -1.739692 
4568 -1.971781 
4569 -2.067861 
4570 -1.438913 
4571 -0.221521 
4572 0.927103 
4573 1.799831 
4574 1.988060 
4575 1.699102 
4576 1.676302 
4577 1.669136 
4578 1.545901 
4579 1.468661 
4580 -1.499782 
4581 -1.483572 
4582 -1.537991 
4583 -1.549204 
4584 -0.723361 
4585 0.616604 
4586 1.883890 
4587 2.878399 
4588 1.721815 
4589 1.733759 
4590 1.517084 
4591 1.479383 
4592 1.619742 
4593 -1.552233 
4594 -1.449552 
4595 -1.632863 
4596 -2.753040 
4597 -1.595079 
4598 0.127635 
4599 1.525585 
4600 1.392143 
4601 1.697173 
4602 1.607043 
4603 1.664796 
4604 1.637021 
4605 1.650145 
4606 -1.494570 
4607 -1.603183 
4608 -1.668829 
4609 -2.098220 
4610 -1.580495 
4611 -0.602182 
4612 0.868451 
4613 1.782374 
4614 2.068471 
4615 1.662877 
4616 1.635946 
4617 1.617626 
4618 1.644228 
4619 -1.480475 
4620 -1.538905 
4621 -1.464831 
4622 -1.569598 
4623 -1.532536 
4624 -1.505930 
4625 0.018771 
4626 1.648622 
4627 2.733254 
4628 1.831726 
4629 1.474642 
4630 1.504338 
4631 1.501495 
4632 -1.540037 
4633 -1.420820 
4634 -1.522505 
4635 -1.645601 
4636 -2.309534 
4637 -2.054447 
4638 -0.668057 
4639 1.120265 
4640 1.603480 
4641 1.580396 
4642 1.587825 
4643 1.538179 
4644 1.645960 
4645 -1.797514 
4646 -1.335745 
4647 -1.350105 
4648 -1.414902 
4649 -1.846479 
4650 -1.760692 
4651 -0.995522 
4652 0.406244 
4653 1.676132 
4654 1.999940 
4655 2.083071 
4656 1.520887 
4657 1.467299 
4658 -1.582864 
4659 -1.524564 
4660 -2.401050 
4661 -1.394692 
4662 0.366634 
4663 1.766899 
4664 2.331146 
4665 1.906978 
4666 1.281046 
4667 0.793999 
4668 0.214807 
4669 0.043948 
4670 -0.298261 
4671 -3.664246 
4672 -2.196937 
4673 -1.999491 
4674 -1.291606 
4675 0.002171 
4676 0.919786 
4677 1.927227 
4678 1.825675 
4679 1.719252 
4680 3.391713 
4681 1.521412 
4682 0.431002 
4683 -0.417208 
4684 -1.685911 
4685 -1.415882 
4686 -1.383241 
4687 -1.294528 
4688 -0.502063 
4689 0.820143 
4690 2.144087 
4691 2.659991 
4692 2.584325 
4693 1.748869 
4694 1.216489 
4695 0.855004 
4696 0.213296 
4697 -1.827922 
4698 -1.634595 
4699 -1.956616 
4700 -2.104011 
4701 -0.809065 
4702 0.880671 
4703 2.455784 
4704 1.642867 
4705 1.666062 
4706 1.709819 
4707 1.288550 
4708 1.135707 
4709 0.775485 
4710 -2.142488 
4711 -2.033180 
4712 -2.411739 
4713 -2.217032 
4714 -0.678998 
4715 0.622540 
4716 1.502783 
4717 1.500741 
4718 1.746720 
4719 1.602652 
4720 1.681406 
4721 1.617469 
4722 1.271739 
4723 -1.864625 
4724 -1.887964 
4725 -1.879874 
4726 -1.696077 
4727 -0.510408 
4728 0.490615 
4729 1.554611 
4730 2.204356 
4731 2.068513 
4732 1.756295 
4733 1.699260 
4734 1.594425 
4735 1.468831 
4736 -1.434480 
4737 -1.540846 
4738 -1.576753 
4739 -1.581673 
4740 -0.883200 
4741 0.679865 
4742 2.169696 
4743 2.496689 
4744 1.372288 
4745 1.886139 
4746 1.713338 
4747 1.374789 
4748 1.678396 
4749 -1.501096 
4750 -1.537286 
4751 -1.540415 
4752 -2.449656 
4753 -1.274439 
4754 0.602698 
4755 1.979533 
4756 1.442085 
4757 2.056844 
4758 1.509448 
4759 1.375508 
4760 1.645952 
4761 1.615613 
4762 -1.565454 
4763 -1.448934 
4764 -1.831676 
4765 -2.127155 
4766 -1.617763 
4767 -0.037975 
4768 1.143984 
4769 1.717115 
4770 1.851843 
4771 1.661617 
4772 1.681055 
4773 1.561563 
4774 1.823363 
4775 -1.303244 
4776 -1.417708 
4777 -1.513028 
4778 -1.510679 
4779 -1.609733 
4780 -0.854987 
4781 0.719824 
4782 2.293745 
4783 2.344667 
4784 1.630363 
4785 1.697777 
4786 1.564009 
4787 1.506834 
4788 -1.479608 
4789 -1.526242 
4790 -1.479431 
4791 -1.728300 
4792 -2.401366 
4793 -1.967993 
4794 -0.025544 
4795 1.403555 
4796 1.681584 
4797 1.686484 
4798 1.496897 
4799 1.456386 
4800 1.650968 
4801 -1.548677 
4802 -1.455452 
4803 -1.673120 
4804 -1.612643 
4805 -2.187726 
4806 -1.570189 
4807 -0.703261 
4808 0.604703 
4809 1.804118 
4810 2.082952 
4811 2.129629 
4812 1.437538 
4813 1.431618 
4814 -1.995265 
4815 -1.404950 
4816 -1.406741 
4817 -1.532987 
4818 -1.584539 
4819 -1.602870 
4820 -1.903212 
4821 0.058537 
4822 1.601885 
4823 2.620413 
4824 1.649834 
4825 1.544923 
4826 1.562624 
4827 -1.678081 
4828 -2.185697 
4829 -2.330051 
4830 -1.058128 
4831 0.328558 
4832 1.435440 
4833 2.103467 
4834 1.535466 
4835 1.215078 
4836 2.191457 
4837 2.057923 
4838 1.741589 
4839 1.151678 
4840 -1.909462 
4841 -1.361982 
4842 -1.565432 
4843 -1.096417 
4844 -0.099119 
4845 1.050366 
4846 2.330092 
4847 2.306357 
4848 1.837151 
4849 1.900186 
4850 1.562871 
4851 1.275619 
4852 0.780788 
4853 -2.015222 
4854 -1.546144 
4855 -1.702759 
4856 -2.379053 
4857 -0.794551 
4858 0.816444 
4859 2.399828 
4860 1.765214 
4861 1.747781 
4862 1.688842 
4863 1.163243 
4864 1.665002 
4865 0.997843 
4866 -1.862955 
4867 -1.731053 
4868 -2.396725 
4869 -1.991613 
4870 -0.936126 
4871 0.486598 
4872 1.472855 
4873 1.565995 
4874 1.744269 
4875 1.604486 
4876 1.540907 
4877 1.693513 
4878 1.255885 
4879 -1.800983 
4880 -1.718716 
4881 -1.675669 
4882 -1.670579 
4883 -0.959340 
4884 0.558384 
4885 1.772520 
4886 1.945527 
4887 2.043192 
4888 1.622110 
4889 1.571729 
4890 1.657986 
4891 1.518183 
4892 -1.535127 
4893 -1.448490 
4894 -1.455780 
4895 -1.601689 
4896 -1.427722 
4897 0.221594 
4898 1.831585 
4899 2.467246 
4900 1.495997 
4901 1.623093 
4902 1.615622 
4903 1.596374 
4904 1.595855 
4905 -1.455716 
4906 -1.559890 
4907 -1.549984 
4908 -2.280786 
4909 -1.659730 
4910 0.251155 
4911 1.778603 
4912 1.831401 
4913 1.417171 
4914 1.584293 
4915 1.462609 
4916 1.590603 
4917 1.718306 
4918 -1.358178 
4919 -1.481473 
4920 -1.868995 
4921 -2.252460 
4922 -1.395318 
4923 0.182737 
4924 1.301127 
4925 1.811848 
4926 1.717559 
4927 1.705279 
4928 1.640450 
4929 1.538660 
4930 1.625656 
4931 -1.546876 
4932 -1.622233 
4933 -1.549857 
4934 -1.726962 
4935 -1.188031 
4936 -0.101931 
4937 1.218305 
4938 2.424065 
4939 2.237180 
4940 1.565539 
4941 1.514380 
4942 1.492682 
4943 1.759282 
4944 -1.380575 
4945 -1.594288 
4946 -1.494852 
4947 -1.679574 
4948 -2.025011 
4949 -0.912192 
4950 0.996971 
4951 2.441528 
4952 1.622972 
4953 1.546875 
4954 1.578077 
4955 1.611966 
4956 2.069288 
4957 -1.297247 
4958 -1.444701 
4959 -1.390391 
4960 -2.118853 
4961 -2.153594 
4962 -1.317427 
4963 0.089133 
4964 1.276727 
4965 1.754848 
4966 1.801569 
4967 1.475849 
4968 1.708018 
4969 1.646201 
4970 -1.606972 
4971 -1.391082 
4972 -1.535433 
4973 -1.620493 
4974 -1.664360 
4975 -1.353141 
4976 -0.534111 
4977 1.003443 
4978 2.268672 
4979 2.222843 
4980 1.618166 
4981 1.631971 
4982 1.383833 
4983 -1.624272 
4984 -1.636607 
4985 -1.424916 
4986 -1.522929 
4987 -1.522579 
4988 -2.126500 
4989 -1.208325 
4990 0.651085 
4991 2.249871 
4992 1.542744 
4993 1.693945 
4994 1.618537 
4995 1.245276 
4996 -1.566795 
4997 -1.623788 
4998 -1.724713 
4999 -1.139791 
5000 -0.073788 
5001 1.569374 
5002 2.171376 
5003 2.116409 
5004 1.603928 
5005 1.590511 
5006 1.720569 
5007 1.483710 
5008 1.263599 
5009 -1.750335 
5010 -1.363257 
5011 -1.770594 
5012 -1.989339 
5013 -0.547608 
5014 1.062955 
5015 2.473197 
5016 1.515034 
5017 1.393365 
5018 1.719883 
5019 1.737460 
5020 1.583648 
5021 1.403412 
5022 -1.811030 
5023 -1.484744 
5024 -2.203838 
5025 -2.181178 
5026 -0.880398 
5027 0.658154 
5028 1.523415 
5029 1.799635 
5030 1.582838 
5031 1.427652 
5032 1.428253 
5033 1.905015 
5034 1.341133 
5035 -1.694137 
5036 -1.611772 
5037 -1.683928 
5038 -1.782250 
5039 -1.083346 
5040 0.201887 
5041 1.707408 
5042 2.158937 
5043 1.908562 
5044 1.583986 
5045 1.604640 
5046 1.833232 
5047 1.367169 
5048 -1.440885 
5049 -1.361109 
5050 -1.398628 
5051 -1.844004 
5052 -1.490893 
5053 0.347052 
5054 1.991713 
5055 2.434126 
5056 1.686932 
5057 1.564336 
5058 1.457682 
5059 1.657944 
5060 1.768024 
5061 -1.459159 
5062 -1.422034 
5063 -1.535148 
5064 -2.815549 
5065 -1.615347 
5066 0.148946 
5067 1.432772 
5068 1.523941 
5069 1.565629 
5070 1.645284 
5071 1.619943 
5072 1.672608 
5073 1.833570 
5074 -1.398328 
5075 -1.380298 
5076 -1.969590 
5077 -2.208399 
5078 -1.404708 
5079 -0.030902 
5080 1.090482 
5081 1.757007 
5082 1.895039 
5083 1.736509 
5084 1.634539 
5085 1.640337 
5086 1.679272 
5087 -1.457877 
5088 -1.454769 
5089 -1.634146 
5090 -1.655228 
5091 -1.465969 
5092 -0.167049 
5093 1.096656 
5094 2.409300 
5095 2.211614 
5096 1.668635 
5097 1.640204 
5098 1.566976 
5099 1.551934 
5100 -1.437783 
5101 -1.450602 
5102 -1.575568 
5103 -1.703598 
5104 -2.166605 
5105 -0.603293 
5106 0.979784 
5107 2.449053 
5108 1.733851 
5109 1.608042 
5110 1.553180 
5111 1.480110 
5112 1.739334 
5113 -1.468446 
5114 -1.548756 
5115 -1.485742 
5116 -2.359967 
5117 -2.202536 
5118 -0.929860 
5119 0.553599 
5120 1.586509 
5121 1.631113 
5122 1.587254 
5123 1.530657 
5124 1.756037 
5125 1.667781 
5126 -1.391294 
5127 -1.428392 
5128 -1.465493 
5129 -1.557404 
5130 -1.778446 
5131 -1.334685 
5132 0.071356 
5133 1.418106 
5134 2.289214 
5135 2.121192 
5136 1.656009 
5137 1.729347 
5138 1.574812 
5139 -1.378240 
5140 -1.528689 
5141 -1.396152 
5142 -1.494303 
5143 -1.614536 
5144 -2.157987 
5145 -0.492847 
5146 1.085649 
5147 2.446105 
5148 1.639381 
5149 1.542464 
5150 1.622839 
5151 1.585029 
5152 -1.561546 
5153 -1.512519 
5154 -1.396973 
5155 -1.626406 
5156 -2.041963 
5157 -2.185126 
5158 -1.175756 
5159 0.498977 
5160 1.407996 
5161 1.544018 
5162 1.774428 
5163 1.691170 
5164 1.478911 
5165 -1.089463 
5166 -1.455113 
5167 -1.920338 
5168 -2.268730 
5169 -1.115171 
5170 0.848760 
5171 2.109921 
5172 1.484477 
5173 1.440251 
5174 1.546589 
5175 1.716962 
5176 1.751828 
5177 1.488362 
5178 -1.567574 
5179 -1.640391 
5180 -2.289098 
5181 -1.983933 
5182 -0.920510 
5183 0.310877 
5184 1.168613 
5185 1.558344 
5186 1.596066 
5187 1.887484 
5188 2.095618 
5189 1.518104 
5190 1.421689 
5191 -1.389165 
5192 -1.325452 
5193 -2.054579 
5194 -1.559959 
5195 -0.978095 
5196 0.130522 
5197 1.194774 
5198 2.208566 
5199 2.168595 
5200 1.928159 
5201 1.517435 
5202 1.489918 
5203 1.491714 
5204 -1.408966 
5205 -1.325890 
5206 -1.462681 
5207 -1.767881 
5208 -1.755005 
5209 -0.117994 
5210 1.467117 
5211 2.635723 
5212 1.661273 
5213 1.564644 
5214 1.465191 
5215 1.603620 
5216 1.602486 
5217 -1.427938 
5218 -1.491253 
5219 -1.644137 
5220 -2.955020 
5221 -1.432805 
5222 -0.047784 
5223 1.124635 
5224 1.425456 
5225 1.718068 
5226 1.663541 
5227 1.507385 
5228 1.768097 
5229 1.677210 
5230 -1.380509 
5231 -1.483018 
5232 -2.244135 
5233 -2.044192 
5234 -0.927686 
5235 -0.173025 
5236 0.493400 
5237 1.407261 
5238 1.970090 
5239 2.080206 
5240 1.765176 
5241 1.576353 
5242 1.658145 
5243 -1.414820 
5244 -1.421401 
5245 -1.575561 
5246 -1.954900 
5247 -1.066539 
5248 -0.407414 
5249 1.036891 
5250 2.149828 
5251 2.339108 
5252 1.776675 
5253 1.682698 
5254 1.456025 
5255 1.430661 
5256 -1.278173 
5257 -1.372056 
5258 -1.616443 
5259 -1.766462 
5260 -1.497620 
5261 -0.026563 
5262 1.586520 
5263 2.739244 
5264 1.729783 
5265 1.571387 
5266 1.514571 
5267 1.477223 
5268 1.750168 
5269 -1.355105 
5270 -1.415368 
5271 -1.676721 
5272 -2.425585 
5273 -1.924806 
5274 -0.674351 
5275 0.836128 
5276 1.496135 
5277 1.498161 
5278 1.681874 
5279 1.553545 
5280 1.828155 
5281 1.750309 
5282 -1.324703 
5283 -1.423498 
5284 -1.521668 
5285 -1.976716 
5286 -1.592853 
5287 -0.796055 
5288 0.547384 
5289 1.625449 
5290 1.991766 
5291 2.061607 
5292 1.720981 
5293 1.683404 
5294 1.571640 
5295 -1.334169 
5296 -1.241494 
5297 -1.435440 
5298 -1.666188 
5299 -1.661591 
5300 -1.637248 
5301 -0.061455 
5302 1.485450 
5303 2.653279 
5304 1.584808 
5305 1.526559 
5306 1.571574 
5307 1.523091 
5308 -1.463556 
5309 -1.583627 
5310 -1.489903 
5311 -1.601430 
5312 -2.718418 
5313 -1.759372 
5314 -0.156179 
5315 0.938599 
5316 1.329333 
5317 1.375986 
5318 1.732490 
5319 1.811388 
5320 2.148190 
5321 -1.522224 
5322 -1.351374 
5323 -1.230640 
5324 -1.664473 
5325 -2.046486 
5326 -1.533300 
5327 -0.628760 
5328 0.544661 
5329 1.277847 
5330 1.830122 
5331 2.466073 
5332 2.102304 
5333 1.567425 
5334 -1.194732 
5335 -1.282752 
5336 -2.214221 
5337 -2.202969 
5338 -0.679967 
5339 0.433189 
5340 1.113780 
5341 1.463540 
5342 1.911694 
5343 1.828968 
5344 2.288507 
5345 1.438863 
5346 1.324309 
5347 -1.396492 
5348 -1.291890 
5349 -2.134189 
5350 -1.685355 
5351 -0.847475 
5352 0.205900 
5353 1.170231 
5354 2.260838 
5355 2.338783 
5356 1.995081 
5357 1.846848 
5358 1.217404 
5359 1.243710 
5360 -1.180377 
5361 -1.225112 
5362 -1.999714 
5363 -1.590803 
5364 -1.396276 
5365 0.233593 
5366 1.262750 
5367 2.868252 
5368 1.733390 
5369 1.536041 
5370 1.547634 
5371 1.476445 
5372 1.682642 
5373 -1.431580 
5374 -1.548119 
5375 -1.625245 
5376 -2.713792 
5377 -1.572124 
5378 0.018037 
5379 1.395660 
5380 1.601347 
5381 1.532863 
5382 1.490868 
5383 1.495839 
5384 1.669623 
5385 1.711213 
5386 -1.382411 
5387 -1.473608 
5388 -1.950392 
5389 -2.092978 
5390 -1.449473 
5391 0.033466 
5392 1.079782 
5393 1.598298 
5394 1.877392 
5395 1.809518 
5396 1.637235 
5397 1.643390 
5398 1.682559 
5399 -1.309769 
5400 -1.510257 
5401 -1.742652 
5402 -1.666871 
5403 -1.142426 
5404 -0.255823 
5405 0.892546 
5406 2.281994 
5407 2.328613 
5408 1.650359 
5409 1.536235 
5410 1.558767 
5411 1.550480 
5412 -1.487383 
5413 -1.476679 
5414 -1.530634 
5415 -1.551894 
5416 -1.362370 
5417 -0.222255 
5418 1.125168 
5419 2.966066 
5420 1.678970 
5421 1.481221 
5422 1.527757 
5423 1.493947 
5424 1.698696 
5425 -1.483673 
5426 -1.436173 
5427 -1.539756 
5428 -2.497811 
5429 -1.860720 
5430 -0.184405 
5431 1.148468 
5432 1.680695 
5433 1.598594 
5434 1.408041 
5435 1.479748 
5436 1.771883 
5437 1.877070 
5438 -1.256251 
5439 -1.291962 
5440 -1.683475 
5441 -2.255037 
5442 -1.421904 
5443 -0.351571 
5444 0.877826 
5445 1.751506 
5446 1.873560 
5447 1.921772 
5448 1.684641 
5449 1.735634 
5450 1.683514 
5451 -1.269177 
5452 -1.277636 
5453 -1.410497 
5454 -1.505924 
5455 -1.992020 
5456 -1.090086 
5457 0.476108 
5458 1.839947 
5459 2.816769 
5460 1.658825 
5461 1.593871 
5462 1.550057 
5463 1.566374 
5464 -1.890819 
5465 -1.448476 
5466 -1.375470 
5467 -1.506394 
5468 -2.844143 
5469 -1.485949 
5470 -0.127631 
5471 1.318518 
5472 1.693941 
5473 1.499684 
5474 1.532418 
5475 1.573587 
5476 1.776206 
5477 -1.528347 
5478 -1.518071 
5479 -1.493597 
5480 -1.525784 
5481 -1.990702 
5482 -1.759280 
5483 -0.474977 
5484 0.679479 
5485 1.579963 
5486 1.990166 
5487 2.100495 
5488 1.657244 
5489 1.747287 
5490 -1.447965 
5491 -1.378987 
5492 -1.221349 
5493 -1.325494 
5494 -1.932361 
5495 -1.622818 
5496 -1.084086 
5497 0.284241 
5498 1.514925 
5499 2.954242 
5500 1.776741 
5501 1.678773 
5502 1.520210 
5503 -1.132442 
5504 -1.391913 
5505 -1.521056 
5506 -1.507777 
5507 -1.665286 
5508 -1.943971 
5509 -1.693603 
5510 -1.797214 
5511 -0.468161 
5512 -0.756304 
5513 1.360421 
5514 1.369671 
5515 2.899191 
5516 1.572248 
5517 1.730697 
5518 1.534120 
5519 1.464474 
5520 1.541667 
5521 1.586523 
5522 1.635110 
5523 1.657997 
5524 1.588879 
5525 1.688179 
5526 1.650362 
5527 1.512920 
5528 1.624701 
5529 -1.514438 
5530 -1.555071 
5531 -1.623392 
5532 -1.461227 
5533 -1.473439 
5534 -1.695370 
5535 -1.528428 
5536 -1.453364 
5537 -1.780243 
5538 -1.373626 
5539 -1.430662 
5540 -2.064482 
5541 -1.896461 
5542 -1.924366 
5543 0.510895 
5544 0.501622 
5545 0.492893 
5546 2.533839 
5547 2.507544 
5548 1.227538 
5549 1.568377 
5550 1.776102 
5551 1.759918 
5552 1.621787 
5553 1.572507 
5554 1.600524 
5555 1.541046 
5556 1.570428 
5557 1.564456 
5558 1.672823 
5559 1.611769 
5560 1.648901 
5561 1.610729 
5562 1.576735 
5563 1.568538 
5564 1.715961 
5565 1.664075 
5566 -1.453111 
5567 -1.444380 
5568 -1.521199 
5569 -1.516078 
5570 -1.491999 
5571 -1.674300 
5572 -1.524379 
5573 -1.456768 
5574 -1.631809 
5575 -1.503653 
5576 -2.218950 
5577 -1.422775 
5578 -1.429735 
5579 -1.387794 
5580 -0.307226 
5581 -0.314281 
5582 -0.420759 
5583 3.527797 
5584 1.149993 
5585 1.118942 
5586 2.045931 
5587 2.310041 
5588 1.623388 
5589 1.561837 
5590 1.570659 
5591 1.572323 
5592 1.713212 
5593 1.511140 
5594 1.519209 
5595 1.751435 
5596 1.616657 
5597 1.577336 
5598 1.530373 
5599 1.737292 
5600 1.729676 
5601 1.628934 
5602 1.608675 
5603 -1.374918 
5604 -1.519389 
5605 -1.615058 
5606 -1.636902 
5607 -1.498485 
5608 -1.544296 
5609 -1.493275 
5610 -1.429405 
5611 -1.518091 
5612 -1.947988 
5613 -1.923217 
5614 -1.151312 
5615 -1.067642 
5616 -3.745834 
5617 -0.097344 
5618 -0.046127 
5619 -0.311534 
5620 1.365471 
5621 1.394325 
5622 1.358251 
5623 2.839369 
5624 1.362957 
5625 1.361874 
5626 2.083757 
5627 1.488039 
5628 1.601149 
5629 1.681587 
5630 1.595817 
5631 1.501015 
5632 1.605208 
5633 1.571686 
5634 1.559649 
5635 1.681442 
5636 1.567152 
5637 1.656169 
5638 1.563520 
5639 1.524870 
5640 -1.469153 
5641 -1.489638 
5642 -1.594480 
5643 -1.566195 
5644 -1.519932 
5645 -1.593772 
5646 -1.494978 
5647 -1.508625 
5648 -1.581790 
5649 -1.591430 
5650 -1.454643 
5651 -1.633808 
5652 -2.302152 
5653 -2.261029 
5654 -0.317776 
5655 -0.040539 
5656 0.007530 
5657 1.818219 
5658 2.247726 
5659 2.239418 
5660 1.732695 
5661 1.566705 
5662 1.578354 
5663 1.549737 
5664 1.565651 
5665 1.510211 
5666 1.689903 
5667 1.560002 
5668 1.549485 
5669 1.692071 
5670 1.624489 
5671 1.579838 
5672 1.641732 
5673 1.579990 
5674 1.620140 
5675 1.575879 
5676 1.747422 
5677 -1.377067 
5678 -1.447521 
5679 -1.648924 
5680 -1.563824 
5681 -1.476019 
5682 -1.623512 
5683 -1.579404 
5684 -1.417343 
5685 -1.585503 
5686 -1.543578 
5687 -1.585926 
5688 -1.935876 
5689 -1.984750 
5690 -1.845320 
5691 -0.480873 
5692 -0.574666 
5693 -0.520766 
5694 2.277224 
5695 2.320202 
5696 1.226911 
5697 1.812946 
5698 1.809194 
5699 1.784241 
5700 1.684935 
5701 1.462548 
5702 1.482604 
5703 1.702831 
5704 1.611390 
5705 1.623473 
5706 1.591736 
5707 1.574341 
5708 1.664543 
5709 1.684642 
5710 1.548903 
5711 1.518471 
5712 1.761446 
5713 1.693474 
5714 -1.445001 
5715 -1.366090 
5716 -1.583544 
5717 -1.492473 
5718 -1.480953 
5719 -1.651544 
5720 -1.466712 
5721 -1.372958 
5722 -1.800419 
5723 -1.444330 
5724 -1.683601 
5725 -1.613681 
5726 -1.540359 
5727 -1.541743 
5728 -0.836603 
5729 -1.270547 
5730 -1.146366 
5731 2.267417 
5732 1.176472 
5733 1.107688 
5734 2.341932 
5735 2.067177 
5736 1.421035 
5737 1.789423 
5738 1.538396 
5739 1.571915 
5740 1.663850 
5741 1.566341 
5742 1.587515 
5743 1.634984 
5744 1.578504 
5745 1.614030 
5746 1.628602 
5747 1.557956 
5748 1.656215 
5749 1.641059 
5750 1.603129 
5751 -1.387982 
5752 -1.475608 
5753 -1.638446 
5754 -1.469564 
5755 -1.644266 
5756 -1.534510 
5757 -1.394529 
5758 -1.395150 
5759 -1.754658 
5760 -1.692907 
5761 -1.644201 
5762 -1.365946 
5763 -1.370861 
5764 -3.059496 
5765 -0.765557 
5766 -0.737595 
5767 -0.662823 
5768 1.239236 
5769 1.422361 
5770 1.354076 
5771 2.815561 
5772 1.474174 
5773 1.427519 
5774 1.979210 
5775 1.514475 
5776 1.562082 
5777 1.594092 
5778 1.619362 
5779 1.577854 
5780 1.670038 
5781 1.559118 
5782 1.548805 
5783 1.670858 
5784 1.577684 
5785 1.593411 
5786 1.609004 
5787 1.590338 
5788 -1.424468 
5789 -1.500978 
5790 -1.649949 
5791 -1.650677 
5792 -1.526869 
5793 -1.599912 
5794 -1.481603 
5795 -1.624803 
5796 -1.518466 
5797 -1.408232 
5798 -1.399447 
5799 -1.757515 
5800 -2.108956 
5801 -2.172788 
5802 -0.851428 
5803 -0.797808 
5804 -1.358025 
5805 1.505805 
5806 1.893860 
5807 1.891473 
5808 1.672645 
5809 1.652959 
5810 1.654019 
5811 1.597489 
5812 1.651221 
5813 1.542318 
5814 1.645548 
5815 1.515020 
5816 1.593979 
5817 1.627754 
5818 1.575547 
5819 1.568503 
5820 1.625089 
5821 1.601630 
5822 1.552971 
5823 1.616210 
5824 1.659844 
5825 -1.553146 
5826 -1.619265 
5827 -1.405134 
5828 -1.529531 
5829 -1.550370 
5830 -1.559815 
5831 -1.562240 
5832 -1.461364 
5833 -1.645202 
5834 -1.524827 
5835 -1.533465 
5836 -1.583902 
5837 -1.737205 
5838 -1.735540 
5839 -1.027169 
5840 -2.277257 
5841 -2.345628 
5842 0.519179 
5843 0.445897 
5844 0.359538 
5845 2.122386 
5846 1.932421 
5847 2.012180 
5848 1.811743 
5849 1.438022 
5850 1.448534 
5851 1.567917 
5852 1.604473 
5853 1.611237 
5854 1.613807 
5855 1.662334 
5856 1.623687 
5857 1.549949 
5858 1.656324 
5859 1.669741 
5860 1.611725 
5861 1.664057 
5862 -1.479948 
5863 -1.478537 
5864 -1.415878 
5865 -1.658804 
5866 -1.606507 
5867 -1.444677 
5868 -1.556293 
5869 -1.554436 
5870 -1.667582 
5871 -1.471969 
5872 -1.328088 
5873 -1.723802 
5874 -1.497924 
5875 -1.459075 
5876 -1.915901 
5877 -1.810923 
5878 -1.843663 
5879 -0.442581 
5880 -0.979617 
5881 -0.779702 
5882 2.489770 
5883 2.096249 
5884 0.919579 
5885 1.782971 
5886 1.840654 
5887 1.848239 
5888 1.620015 
5889 1.575319 
5890 1.551854 
5891 1.550931 
5892 1.530532 
5893 1.623979 
5894 1.604501 
5895 1.596308 
5896 1.569952 
5897 1.642680 
5898 1.606579 
5899 -1.429974 
5900 -1.436790 
5901 -1.632294 
5902 -1.508754 
5903 -1.600014 
5904 -1.541078 
5905 -1.578200 
5906 -1.560718 
5907 -1.497010 
5908 -1.434892 
5909 -1.472969 
5910 -1.799437 
5911 -1.423484 
5912 -1.222285 
5913 -1.702667 
5914 -1.633464 
5915 -1.593759 
5916 -1.589211 
5917 -1.994190 
5918 -1.972706 
5919 0.505200 
5920 0.283732 
5921 0.229575 
5922 2.519908 
5923 2.328248 
5924 1.299320 
5925 1.782162 
5926 1.684982 
5927 1.716012 
5928 1.671097 
5929 1.462005 
5930 1.474304 
5931 1.772530 
5932 1.667813 
5933 1.710973 
5934 1.590808 
5935 1.595320 
5936 -1.436649 
5937 -1.426513 
5938 -1.643430 
5939 -1.632944 
5940 -1.594798 
5941 -1.526750 
5942 -1.468617 
5943 -1.531559 
5944 -1.528935 
5945 -1.472175 
5946 -1.532519 
5947 -1.543011 
5948 -2.105574 
5949 -1.971721 
5950 -1.051603 
5951 -0.976218 
5952 0.873340 
5953 0.929731 
5954 2.238800 
5955 2.242973 
5956 1.486025 
5957 1.550570 
5958 1.628022 
5959 1.685296 
5960 2.407276 
5961 2.350387 
