39 1
0 0.226390 
1 -0.385638 
2 0.271127 
3 -0.241760 
4 -0.434564 
5 -0.174024 
6 -0.470864 
7 0.367462 
8 -0.300366 
9 0.230836 
10 -0.103144 
11 -0.319740 
12 -0.430935 
13 -0.360192 
14 0.350531 
15 0.001927 
16 0.374535 
17 -0.019063 
18 -0.000691 
19 0.451250 
20 -0.095952 
21 -0.306754 
22 0.416241 
23 0.493032 
24 -0.273797 
25 -0.376077 
26 -0.470795 
27 0.247098 
28 0.139143 
29 -0.124819 
30 -0.021963 
31 0.342091 
32 0.226390 
33 -0.385638 
34 0.271127 
35 -0.241760 
36 -0.434564 
37 -0.174024 
38 -0.470864 
