958 1
0 1.763763 
1 1.342067 
2 1.500964 
3 1.414134 
4 1.304427 
5 1.890954 
6 1.759205 
7 1.149299 
8 0.779389 
9 1.532835 
10 1.979368 
11 1.420231 
12 1.432465 
13 0.870166 
14 2.301803 
15 1.366196 
16 1.955339 
17 2.056889 
18 0.855313 
19 1.563322 
20 -0.132316 
21 1.186179 
22 2.128267 
23 1.486065 
24 -0.803817 
25 0.812120 
26 -0.733785 
27 2.574720 
28 -0.082105 
29 1.924583 
30 1.663479 
31 1.696400 
32 0.884078 
33 0.972014 
34 2.444234 
35 1.102603 
36 1.200140 
37 1.118952 
38 2.276259 
39 0.709815 
40 0.640697 
41 1.454530 
42 2.312787 
43 1.287792 
44 1.232751 
45 1.124563 
46 2.136319 
47 1.743532 
48 0.319247 
49 2.828840 
50 1.107097 
51 0.706791 
52 1.999359 
53 1.711812 
54 2.122492 
55 0.672004 
56 -0.652079 
57 1.974822 
58 0.012592 
59 2.226339 
60 -0.052786 
61 0.892140 
62 2.813331 
63 -1.410942 
64 0.463961 
65 1.978180 
66 -0.330036 
67 2.039161 
68 -1.089209 
69 2.600632 
70 0.230812 
71 -0.858575 
72 1.109473 
73 -1.662396 
74 -2.122064 
75 -1.399276 
76 -2.332397 
77 -0.389982 
78 -1.495643 
79 0.604974 
80 1.122174 
81 2.394880 
82 0.958205 
83 1.899145 
84 2.135395 
85 0.283077 
86 1.289945 
87 1.311120 
88 1.837508 
89 0.107514 
90 -1.954874 
91 -1.694744 
92 1.244550 
93 1.590011 
94 -2.777636 
95 -0.716386 
96 -1.687517 
97 0.322984 
98 0.684309 
99 2.647749 
100 -0.354738 
101 0.721001 
102 2.841692 
103 -1.249811 
104 1.479425 
105 0.387343 
106 2.736663 
107 -0.447354 
108 1.192093 
109 1.326565 
110 -0.367239 
111 2.522548 
112 0.751292 
113 2.073197 
114 1.767361 
115 1.591677 
116 1.480577 
117 0.401496 
118 1.103288 
119 1.528110 
120 1.123090 
121 2.455536 
122 -1.726746 
123 1.268802 
124 0.722139 
125 0.570465 
126 2.579953 
127 1.186167 
128 -0.436602 
129 1.732766 
130 1.467786 
131 2.224253 
132 2.223510 
133 0.452596 
134 2.269256 
135 -0.124556 
136 0.818713 
137 2.094690 
138 2.028590 
139 0.439366 
140 0.915889 
141 1.134125 
142 2.482801 
143 0.395077 
144 1.505588 
145 1.678790 
146 -0.549718 
147 2.198096 
148 1.546493 
149 1.507709 
150 0.829165 
151 1.997852 
152 2.315420 
153 1.664903 
154 1.013119 
155 0.091629 
156 0.326223 
157 1.446352 
158 1.954156 
159 2.021834 
160 -0.055328 
161 2.301391 
162 0.852633 
163 1.632867 
164 1.736833 
165 1.376644 
166 2.056218 
167 1.592995 
168 1.902734 
169 1.569643 
170 0.611794 
171 1.567547 
172 0.877288 
173 1.917562 
174 1.781708 
175 1.145259 
176 1.356486 
177 1.948678 
178 1.979151 
179 -0.016276 
180 0.298387 
181 2.180176 
182 0.521268 
183 1.983847 
184 -1.642864 
185 -0.308012 
186 1.981278 
187 2.068237 
188 1.851473 
189 1.116717 
190 1.992188 
191 1.231824 
192 1.672523 
193 1.486331 
194 1.334489 
195 1.569412 
196 1.301011 
197 2.229339 
198 1.536299 
199 0.084508 
200 2.642467 
201 0.449636 
202 -0.798855 
203 -1.594910 
204 -2.655209 
205 -0.857900 
206 2.383156 
207 -1.351753 
208 1.670941 
209 0.958580 
210 2.119715 
211 1.439119 
212 2.209964 
213 0.883056 
214 1.702247 
215 1.160489 
216 -0.796112 
217 -2.804717 
218 -1.754077 
219 -1.061226 
220 2.412108 
221 1.634726 
222 1.222174 
223 -0.540380 
224 1.903502 
225 1.241150 
226 -2.539602 
227 -1.212857 
228 -1.996038 
229 -1.641862 
230 -2.105191 
231 -2.582993 
232 -2.352634 
233 -2.164864 
234 -0.170228 
235 1.465228 
236 2.474961 
237 0.403013 
238 -0.408580 
239 1.390184 
240 -0.400039 
241 -2.780867 
242 -1.890061 
243 -0.988819 
244 -2.665586 
245 -1.343156 
246 -1.350769 
247 1.779715 
248 -0.914941 
249 -1.389409 
250 -1.712725 
251 -2.618197 
252 -2.268839 
253 -2.370418 
254 -2.337194 
255 0.851805 
256 -1.755282 
257 -1.767569 
258 1.361930 
259 -2.246188 
260 0.224609 
261 -2.135839 
262 0.773156 
263 -2.682230 
264 -3.236874 
265 -0.376052 
266 -1.053794 
267 0.636497 
268 -0.701708 
269 -2.935971 
270 -1.526727 
271 -0.041945 
272 -0.382807 
273 -1.854819 
274 -2.394877 
275 0.153132 
276 1.415320 
277 -0.148013 
278 -1.300350 
279 2.584303 
280 2.434354 
281 1.041485 
282 1.939241 
283 0.280007 
284 1.891640 
285 1.902324 
286 1.837360 
287 -0.597470 
288 1.371556 
289 2.742634 
290 1.243201 
291 -0.859115 
292 1.457820 
293 0.867097 
294 1.938607 
295 1.101120 
296 -0.265326 
297 2.265137 
298 0.143167 
299 1.898135 
300 2.558383 
301 -0.646873 
302 0.733300 
303 1.151092 
304 2.045401 
305 1.549499 
306 1.383999 
307 0.111527 
308 1.088199 
309 -1.315791 
310 2.652014 
311 -0.619945 
312 0.440187 
313 -0.962403 
314 -2.187913 
315 -2.717962 
316 -1.263401 
317 2.174356 
318 0.368437 
319 1.843096 
320 -0.378944 
321 1.814771 
322 2.432457 
323 0.163369 
324 1.494427 
325 0.511957 
326 1.366327 
327 1.872999 
328 2.993910 
329 -0.648499 
330 -0.190691 
331 -0.290184 
332 -2.480604 
333 -0.690817 
334 1.818648 
335 -0.011379 
336 1.930392 
337 -1.851036 
338 -2.070644 
339 -0.442931 
340 1.384082 
341 2.533917 
342 0.248152 
343 -0.513636 
344 -0.481641 
345 0.550928 
346 1.682936 
347 2.253897 
348 2.815740 
349 -0.436769 
350 -1.496432 
351 0.148147 
352 0.862590 
353 0.396428 
354 2.616462 
355 0.673512 
356 2.125140 
357 0.735122 
358 1.498235 
359 0.488772 
360 2.326321 
361 0.482378 
362 -2.047292 
363 -0.157931 
364 1.606027 
365 2.383136 
366 -0.365369 
367 0.597689 
368 1.823962 
369 0.273777 
370 0.864742 
371 1.973416 
372 0.468231 
373 1.902282 
374 1.987429 
375 -0.190398 
376 -0.652876 
377 2.994256 
378 0.150667 
379 0.413761 
380 1.183335 
381 1.799535 
382 0.777415 
383 1.675368 
384 2.429152 
385 0.763793 
386 0.233695 
387 0.447936 
388 1.508909 
389 0.284730 
390 1.312338 
391 1.823517 
392 1.788235 
393 2.184200 
394 0.511747 
395 0.458888 
396 0.990014 
397 1.166489 
398 -0.091465 
399 2.391083 
400 1.704096 
401 2.188746 
402 0.293197 
403 0.626374 
404 2.171575 
405 1.053559 
406 1.065701 
407 0.992770 
408 0.996075 
409 2.622295 
410 -0.163841 
411 0.860803 
412 -0.372063 
413 2.503542 
414 -0.543933 
415 1.740110 
416 1.535420 
417 2.598027 
418 -0.361947 
419 0.446373 
420 -0.235247 
421 1.966540 
422 0.294758 
423 2.218558 
424 1.084638 
425 -2.477430 
426 0.550818 
427 0.427208 
428 -0.977461 
429 2.172338 
430 2.047376 
431 0.704171 
432 1.705215 
433 1.549588 
434 -0.290436 
435 1.758127 
436 -0.712562 
437 0.167578 
438 2.161364 
439 2.122430 
440 0.241833 
441 1.759257 
442 1.080521 
443 1.805720 
444 0.813027 
445 2.179277 
446 1.929565 
447 -0.879508 
448 2.125305 
449 -0.190229 
450 2.104331 
451 0.055823 
452 0.354896 
453 0.836621 
454 2.699879 
455 0.326928 
456 1.643391 
457 1.437888 
458 1.287948 
459 1.674098 
460 0.700778 
461 2.002778 
462 1.685175 
463 0.610020 
464 -0.423255 
465 2.088783 
466 2.237899 
467 0.126963 
468 2.052317 
469 1.668080 
470 1.446336 
471 -0.594651 
472 0.652062 
473 2.751869 
474 0.834657 
475 -0.428212 
476 -0.004785 
477 1.900495 
478 1.851996 
479 1.006705 
480 2.473428 
481 -0.053319 
482 1.662183 
483 -0.886729 
484 0.548968 
485 -1.304508 
486 2.125936 
487 2.002105 
488 -1.002099 
489 2.025237 
490 -0.046593 
491 2.147425 
492 -0.696464 
493 1.733962 
494 1.984342 
495 1.375834 
496 -0.551000 
497 0.652637 
498 -0.186236 
499 3.005006 
500 1.931187 
501 2.117044 
502 -0.286978 
503 0.746494 
504 -1.686632 
505 -0.631635 
506 -0.731611 
507 2.679478 
508 1.571977 
509 2.019759 
510 1.357812 
511 -0.399117 
512 -0.944127 
513 0.176385 
514 2.327034 
515 1.991621 
516 -0.169366 
517 1.759858 
518 1.177652 
519 1.967983 
520 1.939124 
521 1.432462 
522 0.366258 
523 1.322127 
524 2.820695 
525 0.282748 
526 0.185813 
527 0.990138 
528 1.432052 
529 1.884511 
530 0.499095 
531 1.669220 
532 2.149985 
533 1.030263 
534 1.587125 
535 0.090823 
536 1.767846 
537 1.213550 
538 0.340812 
539 1.784264 
540 1.671002 
541 1.734504 
542 1.708436 
543 -0.877265 
544 -0.342203 
545 1.414371 
546 1.798032 
547 1.758350 
548 2.199687 
549 0.899092 
550 0.186947 
551 1.533948 
552 -0.437059 
553 2.808686 
554 0.311835 
555 1.135464 
556 1.491313 
557 1.646891 
558 0.359845 
559 1.714591 
560 0.519562 
561 0.461951 
562 2.109878 
563 1.772550 
564 1.128278 
565 0.827570 
566 2.629930 
567 -0.992725 
568 -0.101584 
569 2.429696 
570 1.715305 
571 0.370139 
572 1.144230 
573 -0.222191 
574 2.837739 
575 0.339025 
576 1.572764 
577 1.500669 
578 0.037838 
579 1.884069 
580 1.836609 
581 2.290890 
582 0.105548 
583 0.210337 
584 1.830728 
585 0.497517 
586 1.812567 
587 1.011984 
588 0.936782 
589 1.093569 
590 2.240489 
591 1.155651 
592 1.517632 
593 1.725597 
594 0.502580 
595 1.583970 
596 1.657731 
597 1.062833 
598 1.633077 
599 1.110322 
600 1.222950 
601 1.608945 
602 1.902487 
603 0.519552 
604 1.421857 
605 1.935963 
606 0.085088 
607 1.610413 
608 1.951226 
609 1.522785 
610 -0.614368 
611 1.546897 
612 -0.128216 
613 2.332020 
614 1.300396 
615 1.298408 
616 -1.558660 
617 1.537731 
618 1.883781 
619 1.543046 
620 2.281082 
621 -0.430167 
622 1.993040 
623 -1.125521 
624 2.328278 
625 1.500719 
626 0.843708 
627 0.760675 
628 -0.824410 
629 -1.835514 
630 -2.674133 
631 -1.801406 
632 2.947824 
633 -0.637046 
634 1.124712 
635 -0.287262 
636 -0.796062 
637 1.696814 
638 -2.088742 
639 1.697948 
640 -0.859289 
641 -1.816629 
642 -2.678969 
643 -1.458670 
644 -0.486201 
645 -1.012554 
646 0.879493 
647 2.942887 
648 1.038095 
649 1.057597 
650 2.568705 
651 0.215426 
652 1.837243 
653 2.043278 
654 0.146006 
655 0.942118 
656 1.946361 
657 -0.066388 
658 2.246348 
659 0.036458 
660 -0.098472 
661 1.114719 
662 2.315475 
663 1.473664 
664 1.653881 
665 -0.022429 
666 1.911592 
667 1.601448 
668 1.666403 
669 0.580304 
670 1.998628 
671 0.840815 
672 1.516294 
673 1.575819 
674 1.360321 
675 1.218295 
676 1.407128 
677 1.605055 
678 1.559069 
679 0.993221 
680 2.151656 
681 1.129191 
682 1.263777 
683 0.588966 
684 1.846727 
685 2.284888 
686 0.993758 
687 -1.100360 
688 1.524485 
689 1.259135 
690 -0.138783 
691 2.081952 
692 1.483457 
693 -2.362433 
694 -2.250794 
695 -0.989226 
696 1.891661 
697 1.566537 
698 -0.997738 
699 -1.846510 
700 -1.057278 
701 -2.600738 
702 1.654057 
703 -0.932917 
704 -1.592647 
705 1.357093 
706 1.775355 
707 1.866021 
708 1.986102 
709 1.196044 
710 -2.072229 
711 -1.165477 
712 -0.960146 
713 2.954514 
714 0.824891 
715 -0.657880 
716 -0.835073 
717 0.008408 
718 2.002120 
719 2.287939 
720 1.673774 
721 2.453020 
722 -0.302139 
723 0.324683 
724 1.525701 
725 0.311011 
726 1.886082 
727 1.686608 
728 1.734593 
729 1.383050 
730 1.202050 
731 1.222849 
732 -0.208545 
733 -2.281743 
734 1.715886 
735 -0.182815 
736 1.990608 
737 1.516285 
738 -1.512622 
739 1.097375 
740 -2.035415 
741 -1.609361 
742 -1.905071 
743 -1.707175 
744 0.788219 
745 -1.667102 
746 -0.054944 
747 -2.171992 
748 0.104228 
749 -1.605400 
750 0.027779 
751 2.843520 
752 2.130696 
753 1.615977 
754 1.075795 
755 0.901835 
756 -2.081347 
757 -0.926615 
758 -2.204495 
759 -1.512627 
760 0.782631 
761 0.887558 
762 1.689344 
763 2.200003 
764 2.868404 
765 1.093389 
766 0.317772 
767 -0.670281 
768 -2.189645 
769 1.204265 
770 1.892099 
771 0.433782 
772 -1.028381 
773 -2.324481 
774 0.300151 
775 -1.114757 
776 -0.062772 
777 -0.226968 
778 1.245705 
779 -2.766614 
780 -1.250301 
781 -2.801341 
782 0.666191 
783 -0.801163 
784 -1.439108 
785 -1.552500 
786 -2.470253 
787 -1.903574 
788 -1.981472 
789 -2.334505 
790 1.065093 
791 -0.712430 
792 -2.201950 
793 -2.040757 
794 0.542374 
795 -2.348646 
796 -1.779691 
797 2.227707 
798 -1.933883 
799 -1.205171 
800 -1.892117 
801 -1.945363 
802 1.825154 
803 1.623746 
804 -2.374739 
805 -1.034583 
806 1.995095 
807 0.021474 
808 -0.748717 
809 2.711315 
810 0.758481 
811 -1.272825 
812 -1.422410 
813 0.102186 
814 2.702520 
815 -0.717132 
816 2.251159 
817 2.043147 
818 -0.293945 
819 -1.234939 
820 -0.324661 
821 -0.953039 
822 -2.089684 
823 -2.472829 
824 -1.172989 
825 0.056450 
826 -2.953012 
827 0.373982 
828 -1.909395 
829 -1.837338 
830 -2.165614 
831 -2.001198 
832 1.066959 
833 -0.225962 
834 -2.169742 
835 -2.538370 
836 -2.252083 
837 -1.507441 
838 -2.132211 
839 1.352400 
840 -0.162178 
841 -1.991183 
842 -1.957129 
843 1.767716 
844 -0.517246 
845 0.326965 
846 2.425606 
847 1.625855 
848 -1.755843 
849 1.368539 
850 -2.080456 
851 -1.786290 
852 1.107245 
853 -1.971968 
854 -2.416426 
855 -1.887715 
856 1.372686 
857 0.376737 
858 -2.330867 
859 -2.649532 
860 -1.970515 
861 -0.846072 
862 -2.293332 
863 -1.641177 
864 0.260212 
865 -2.567532 
866 -1.628874 
867 -1.367465 
868 1.015557 
869 -1.317705 
870 0.294100 
871 -2.960360 
872 -0.849741 
873 1.066383 
874 -2.475303 
875 0.455122 
876 1.303578 
877 0.770598 
878 2.181507 
879 -1.696962 
880 -0.647129 
881 -1.848723 
882 -1.654805 
883 -2.269296 
884 -0.391262 
885 -2.483922 
886 1.040698 
887 1.310694 
888 -0.625531 
889 -2.150749 
890 -2.577780 
891 0.127552 
892 0.108045 
893 1.179609 
894 -2.745132 
895 0.106330 
896 2.103213 
897 0.401320 
898 -1.386114 
899 1.115017 
900 -1.774345 
901 -1.419118 
902 -0.651585 
903 -2.744599 
904 0.507845 
905 0.396145 
906 -2.940478 
907 -0.724867 
908 2.606246 
909 -0.932014 
910 -1.350076 
911 1.025614 
912 0.329733 
913 -2.132575 
914 2.248312 
915 -0.906900 
916 -1.057434 
917 0.915451 
918 -0.106029 
919 2.676683 
920 -2.737462 
921 -0.568830 
922 -1.646099 
923 -0.765173 
924 -1.950283 
925 1.808652 
926 1.956081 
927 0.550261 
928 1.386326 
929 2.176755 
930 1.046232 
931 0.748325 
932 2.132603 
933 0.617065 
934 0.172128 
935 1.867054 
936 1.721806 
937 -0.295736 
938 2.220387 
939 1.342760 
940 0.688074 
941 0.778332 
942 1.240892 
943 2.459179 
944 -0.305928 
945 2.695985 
946 -0.303168 
947 1.398919 
948 1.763040 
949 -1.263180 
950 2.292894 
951 0.235536 
952 -0.778220 
953 0.771616 
954 2.529717 
955 1.466733 
956 2.964286 
957 0.774768 
