39 1
0 0.313499 
1 -0.452946 
2 0.158544 
3 0.096247 
4 -0.405941 
5 0.342730 
6 -0.045576 
7 -0.273502 
8 0.360255 
9 -0.460162 
10 0.003861 
11 -0.348407 
12 -0.446015 
13 0.235383 
14 0.306051 
15 0.464136 
16 0.015141 
17 -0.476910 
18 0.024379 
19 -0.049233 
20 0.103793 
21 -0.099534 
22 0.439879 
23 -0.401169 
24 -0.463687 
25 0.032045 
26 -0.494919 
27 0.085284 
28 -0.311412 
29 0.405771 
30 -0.475339 
31 0.074757 
32 0.313499 
33 -0.452946 
34 0.158544 
35 0.096247 
36 -0.405941 
37 0.342730 
38 -0.045576 
