2314 1
0 2.060989 
1 1.021583 
2 -1.526128 
3 -0.918555 
4 -1.588846 
5 -1.599467 
6 1.662509 
7 -1.080387 
8 -2.231623 
9 -0.828884 
10 -1.032071 
11 -0.000359 
12 -0.920755 
13 -1.292146 
14 -1.720601 
15 -1.229163 
16 0.427379 
17 2.941305 
18 -1.049189 
19 -0.526964 
20 -1.532070 
21 -1.545526 
22 1.257817 
23 -1.268899 
24 -1.444761 
25 -0.517931 
26 -1.998006 
27 -0.875973 
28 -0.440543 
29 2.320862 
30 1.847982 
31 -0.421847 
32 -1.336410 
33 -0.845584 
34 -1.615965 
35 1.829919 
36 -1.226375 
37 -0.750854 
38 1.984254 
39 -1.428448 
40 -1.340123 
41 -0.052468 
42 2.496187 
43 -1.121448 
44 -1.482021 
45 2.268631 
46 1.064231 
47 -1.206342 
48 -0.741963 
49 -1.253751 
50 -1.152920 
51 -1.819520 
52 1.960040 
53 -0.437689 
54 1.970294 
55 -1.168356 
56 -1.256592 
57 1.975569 
58 -1.492532 
59 -0.504639 
60 -1.413624 
61 -0.716248 
62 -1.748291 
63 -1.101226 
64 -1.767273 
65 -1.307295 
66 -0.516373 
67 1.955179 
68 -1.027180 
69 2.268637 
70 -0.793517 
71 -1.442153 
72 -1.703963 
73 -1.222623 
74 -1.439381 
75 1.125126 
76 -1.500398 
77 1.206025 
78 -1.967796 
79 -0.867933 
80 -0.261569 
81 1.839016 
82 -1.539845 
83 -1.905228 
84 -1.827217 
85 -0.817149 
86 -1.490415 
87 -0.806948 
88 -0.821988 
89 -1.220653 
90 -1.830460 
91 -1.025251 
92 -1.079688 
93 -1.215584 
94 -1.044038 
95 -1.668666 
96 2.285188 
97 -0.486243 
98 2.306176 
99 -0.058466 
100 -1.907812 
101 -0.834849 
102 -0.728076 
103 -1.449000 
104 -1.866792 
105 0.087400 
106 -0.899605 
107 2.188441 
108 -2.105006 
109 -0.783276 
110 -0.537319 
111 -1.183919 
112 -0.666226 
113 -1.494481 
114 1.978354 
115 -1.182784 
116 -0.998411 
117 1.151662 
118 -1.522431 
119 -1.959906 
120 1.499993 
121 -1.267646 
122 1.357650 
123 -1.763430 
124 0.297251 
125 -2.131348 
126 -0.435353 
127 2.162386 
128 1.494019 
129 -1.545486 
130 -0.941547 
131 -0.988161 
132 -1.517603 
133 -1.726811 
134 -0.637562 
135 -1.024514 
136 -0.916334 
137 -0.984572 
138 -2.089752 
139 -0.994094 
140 0.061458 
141 -1.214738 
142 -1.736926 
143 2.193398 
144 2.043395 
145 -0.584454 
146 -1.551990 
147 -1.156730 
148 -1.700498 
149 1.259778 
150 1.619326 
151 -1.553787 
152 1.310862 
153 -0.490637 
154 -1.703371 
155 -1.833389 
156 -1.465006 
157 2.203253 
158 -1.082956 
159 -1.051962 
160 -1.438702 
161 -1.653252 
162 -0.859503 
163 1.755908 
164 0.710987 
165 -0.957221 
166 2.682367 
167 1.516814 
168 -1.747115 
169 -1.244463 
170 1.698109 
171 -0.315076 
172 -1.330123 
173 -1.822338 
174 0.142905 
175 -1.690367 
176 -0.724133 
177 1.875305 
178 1.836615 
179 -1.519338 
180 -0.795094 
181 1.402213 
182 -1.330155 
183 -1.843339 
184 1.767601 
185 -1.174901 
186 -0.734404 
187 -1.714812 
188 -0.232900 
189 -2.540192 
190 -0.262351 
191 -1.067269 
192 -1.305061 
193 -1.757020 
194 1.659283 
195 -0.754696 
196 -1.948678 
197 1.705922 
198 -1.526663 
199 0.090649 
200 -1.054549 
201 -0.705842 
202 -2.719488 
203 0.404164 
204 1.523006 
205 -0.813374 
206 -1.380957 
207 -0.908954 
208 -1.590114 
209 -1.098842 
210 -1.095019 
211 -1.209008 
212 -0.086330 
213 -1.321705 
214 -2.165674 
215 -1.088186 
216 -1.459156 
217 1.925523 
218 1.857232 
219 -0.899034 
220 -1.877791 
221 1.101898 
222 -1.361471 
223 -1.114920 
224 -1.327667 
225 -1.473531 
226 -1.237156 
227 -0.933804 
228 1.691317 
229 -1.464821 
230 1.698421 
231 -1.078001 
232 -1.368223 
233 -0.857477 
234 0.108645 
235 -2.261541 
236 -2.784462 
237 -0.408145 
238 -0.841676 
239 -0.344064 
240 -0.572810 
241 -0.965868 
242 1.959639 
243 -1.968571 
244 -1.335164 
245 -0.662738 
246 -1.443785 
247 -1.495839 
248 -1.791034 
249 -1.550939 
250 -0.692898 
251 -0.947766 
252 -1.580123 
253 -1.336583 
254 0.036573 
255 -1.789952 
256 -1.217348 
257 -0.090358 
258 -1.949554 
259 -1.470588 
260 -0.870965 
261 1.541185 
262 -1.462002 
263 -1.343401 
264 -1.464358 
265 -0.527275 
266 2.548805 
267 -0.774020 
268 -1.581407 
269 -1.304835 
270 -1.542383 
271 1.078681 
272 -0.891180 
273 -0.707904 
274 -1.428836 
275 -1.799049 
276 -1.355223 
277 1.561435 
278 -0.361843 
279 -2.008590 
280 -1.242059 
281 -0.802460 
282 -1.239707 
283 -1.669904 
284 -0.569209 
285 -0.881985 
286 -0.329161 
287 -2.469125 
288 -0.999807 
289 -0.720941 
290 -1.769921 
291 -1.221214 
292 1.597879 
293 -1.801400 
294 -1.781880 
295 -0.033070 
296 -1.635678 
297 1.815360 
298 -1.100520 
299 -0.685522 
300 -1.595374 
301 -1.763403 
302 1.736446 
303 -0.553804 
304 -1.564290 
305 -1.410950 
306 -0.482628 
307 1.883402 
308 -1.108928 
309 1.923466 
310 -1.485846 
311 -0.982878 
312 -0.218035 
313 -1.288992 
314 -1.250250 
315 -2.156996 
316 -1.506679 
317 -0.364592 
318 -0.092776 
319 -2.220812 
320 -1.609177 
321 -1.218163 
322 -0.805254 
323 -1.333403 
324 2.684619 
325 0.062184 
326 -1.534814 
327 -0.559239 
328 2.511470 
329 0.169300 
330 -1.905335 
331 -0.151041 
332 -2.000275 
333 1.091212 
334 -0.729847 
335 -1.712060 
336 1.770015 
337 1.959749 
338 -1.001692 
339 1.468192 
340 2.132122 
341 -2.015052 
342 -0.535221 
343 -0.259678 
344 -1.431799 
345 -1.773218 
346 -1.425420 
347 0.015173 
348 -0.991351 
349 2.351279 
350 -1.658291 
351 -0.405283 
352 -1.633259 
353 -0.424391 
354 -1.495710 
355 -1.191689 
356 -0.459079 
357 2.150335 
358 -1.893193 
359 -0.503138 
360 -1.163171 
361 -1.465974 
362 -0.395539 
363 -1.881037 
364 -0.280016 
365 -0.939000 
366 -1.155625 
367 2.642548 
368 -1.979961 
369 0.043707 
370 -1.273479 
371 1.931524 
372 0.468768 
373 -2.325266 
374 -1.526642 
375 -0.384783 
376 -0.952164 
377 1.810245 
378 1.923162 
379 -1.364786 
380 -1.459413 
381 -0.853563 
382 -1.443686 
383 -1.321087 
384 1.919968 
385 -1.636102 
386 -1.222130 
387 -0.373239 
388 -1.385300 
389 -1.210865 
390 -1.241931 
391 -1.266123 
392 -0.431932 
393 2.402101 
394 2.008172 
395 -0.702720 
396 -0.587746 
397 -1.546534 
398 1.973119 
399 -1.291228 
400 2.134732 
401 -0.241856 
402 2.076874 
403 -1.025891 
404 -0.946527 
405 -1.828770 
406 -1.763419 
407 0.061110 
408 -0.069441 
409 -1.543228 
410 -1.712679 
411 -1.274253 
412 -1.803620 
413 -1.709667 
414 -0.846995 
415 -0.408316 
416 -1.671349 
417 -1.596513 
418 -0.584863 
419 -0.908778 
420 2.038106 
421 -1.477012 
422 -1.004598 
423 -0.936187 
424 1.314817 
425 -1.562746 
426 -1.280863 
427 -1.417960 
428 2.063797 
429 -1.243000 
430 -0.733468 
431 -1.609202 
432 -1.698150 
433 0.306251 
434 -0.615429 
435 -1.908338 
436 1.796468 
437 -1.345855 
438 -1.481769 
439 -1.293642 
440 -1.297701 
441 -0.576343 
442 -0.927171 
443 -2.025624 
444 -1.078528 
445 -1.103737 
446 -0.663489 
447 -1.756921 
448 2.174292 
449 -1.184652 
450 0.022291 
451 2.011496 
452 -0.117104 
453 -2.128786 
454 -1.695644 
455 -0.611829 
456 -1.745279 
457 1.710866 
458 -0.752401 
459 -1.117187 
460 -0.376322 
461 -1.408764 
462 -1.786006 
463 -1.238222 
464 1.712638 
465 -0.474316 
466 -1.719250 
467 -1.110343 
468 -0.988778 
469 -1.552999 
470 -1.089893 
471 -1.377237 
472 -0.882299 
473 -1.064361 
474 2.031911 
475 -1.426070 
476 -2.027027 
477 -1.715328 
478 0.050662 
479 -0.351787 
480 -1.044133 
481 -0.378119 
482 -1.804239 
483 2.123466 
484 0.002803 
485 2.068210 
486 1.883818 
487 -1.547415 
488 1.514899 
489 2.417119 
490 -1.470406 
491 -0.096018 
492 -0.107541 
493 -0.757325 
494 -1.786140 
495 2.342886 
496 -1.483002 
497 -1.941618 
498 -0.585044 
499 -0.944195 
500 -0.959019 
501 -1.516320 
502 -0.233081 
503 -1.872747 
504 -1.232476 
505 -0.616663 
506 -1.401895 
507 1.941715 
508 3.134168 
509 -0.897462 
510 -0.174544 
511 0.226483 
512 -0.644342 
513 -1.676781 
514 -0.987896 
515 -1.675143 
516 -0.557485 
517 -1.823951 
518 -0.585411 
519 -1.954641 
520 -0.388394 
521 -1.341679 
522 -2.172310 
523 -0.914486 
524 -1.166511 
525 -1.757232 
526 0.359839 
527 -1.770107 
528 -0.519366 
529 -1.483637 
530 -1.095702 
531 -1.699079 
532 -0.148890 
533 -2.027819 
534 -1.913831 
535 -0.315694 
536 -0.910990 
537 -1.455046 
538 -0.483469 
539 -2.007025 
540 -1.518507 
541 1.549794 
542 -0.586668 
543 -2.053843 
544 -0.457732 
545 -1.994101 
546 -0.146778 
547 -1.781306 
548 -1.223105 
549 -0.757537 
550 -1.535426 
551 -1.555748 
552 1.755259 
553 -1.882626 
554 -0.974830 
555 -0.974301 
556 -1.095273 
557 -1.763520 
558 -1.208150 
559 -0.750495 
560 1.944763 
561 1.837398 
562 -0.025201 
563 -1.703050 
564 0.148959 
565 -0.935683 
566 -1.755970 
567 -1.950924 
568 -1.801921 
569 -0.752796 
570 -1.171817 
571 -1.245429 
572 -1.510679 
573 1.764830 
574 1.707272 
575 -1.220766 
576 -0.917773 
577 -0.747691 
578 0.158604 
579 -2.890956 
580 -1.154985 
581 -1.008075 
582 1.972584 
583 2.127120 
584 -1.910556 
585 -0.235436 
586 -0.620946 
587 -2.000977 
588 -0.684732 
589 -0.961581 
590 -1.416161 
591 -2.038866 
592 -0.677374 
593 -1.589207 
594 -1.337979 
595 2.054409 
596 -0.617644 
597 -1.658596 
598 1.381261 
599 -2.115831 
600 2.045187 
601 -1.650994 
602 -0.977940 
603 -0.963819 
604 -0.067774 
605 -1.903201 
606 -0.729042 
607 -2.002590 
608 -0.580388 
609 -0.990162 
610 -1.272238 
611 -2.081439 
612 2.067073 
613 -1.231083 
614 -0.896568 
615 -1.318405 
616 -0.954357 
617 -1.777792 
618 1.836715 
619 -1.195407 
620 -0.455496 
621 1.587457 
622 1.903544 
623 -1.952026 
624 -1.566605 
625 1.412163 
626 2.031205 
627 2.160857 
628 0.939681 
629 -2.541925 
630 -0.031385 
631 -1.639374 
632 -0.126638 
633 -1.706541 
634 1.751781 
635 -1.694339 
636 -1.825004 
637 -0.359632 
638 -1.551676 
639 -1.179301 
640 -2.190916 
641 -1.393811 
642 -0.894876 
643 -0.367446 
644 -1.080828 
645 -1.470828 
646 1.914337 
647 -1.131132 
648 -0.692196 
649 -1.041073 
650 1.649003 
651 -2.062618 
652 -2.034180 
653 1.675862 
654 -1.217319 
655 -0.544109 
656 -1.235249 
657 2.575057 
658 0.072679 
659 -1.180452 
660 -0.935705 
661 0.028761 
662 -1.887806 
663 -1.671584 
664 1.816324 
665 -1.567938 
666 -1.107255 
667 -0.952095 
668 -1.512999 
669 -1.390837 
670 -0.928063 
671 1.728847 
672 -1.469979 
673 -1.441220 
674 -1.259730 
675 -0.854499 
676 -1.884735 
677 -1.182086 
678 1.952837 
679 -0.286786 
680 2.656911 
681 -1.804913 
682 -0.147790 
683 -0.285486 
684 -1.705093 
685 -2.204995 
686 -0.212633 
687 -0.416117 
688 -2.026173 
689 -0.448084 
690 -0.751998 
691 -0.493918 
692 0.373408 
693 -0.426311 
694 -1.811186 
695 -2.209828 
696 1.383508 
697 2.122916 
698 -0.578505 
699 -0.988573 
700 1.705301 
701 -1.949685 
702 -1.662737 
703 -0.234770 
704 -0.585249 
705 -1.444643 
706 -1.017682 
707 -1.801521 
708 -1.426830 
709 -0.820155 
710 -1.013358 
711 -1.650599 
712 -2.182949 
713 1.736390 
714 -0.463794 
715 -1.292953 
716 -1.086303 
717 1.704171 
718 0.099402 
719 -2.124384 
720 -2.048838 
721 -0.445101 
722 -0.660369 
723 -1.606043 
724 -1.288261 
725 -2.423365 
726 -0.298063 
727 1.425069 
728 -0.452008 
729 -1.324948 
730 -0.643309 
731 -2.398338 
732 -1.419731 
733 -1.500596 
734 -1.260415 
735 -1.106287 
736 -0.686263 
737 -1.859347 
738 -1.743725 
739 -0.605406 
740 2.413763 
741 -1.135316 
742 -0.365654 
743 -1.527769 
744 -0.678657 
745 1.695086 
746 -1.641448 
747 -1.707959 
748 -1.308786 
749 1.781513 
750 -1.637901 
751 -0.876006 
752 -0.674466 
753 -1.377222 
754 -1.399866 
755 -1.626149 
756 -1.601530 
757 2.391499 
758 0.222878 
759 -1.467725 
760 -1.809022 
761 -0.912731 
762 -1.256561 
763 -1.281100 
764 -1.398885 
765 -1.672999 
766 -0.533149 
767 -1.507473 
768 -1.312207 
769 -0.479981 
770 -1.156192 
771 2.295452 
772 -1.213582 
773 -1.145063 
774 -2.088750 
775 -0.077696 
776 -1.241525 
777 -0.107087 
778 -1.578665 
779 -1.889218 
780 -0.666728 
781 -0.420460 
782 -1.983046 
783 2.324070 
784 -2.005011 
785 -1.372379 
786 -0.621735 
787 -0.937085 
788 -0.455044 
789 2.177355 
790 1.569595 
791 -1.408947 
792 -1.665376 
793 -1.789795 
794 -0.209952 
795 2.180476 
796 -1.804102 
797 -0.245998 
798 -1.179944 
799 1.859527 
800 -2.201512 
801 -1.487213 
802 -0.241855 
803 -0.762591 
804 -1.153832 
805 -2.191748 
806 1.364284 
807 -0.777665 
808 -1.209331 
809 -1.816154 
810 -1.276196 
811 -0.783110 
812 -1.135513 
813 -0.824152 
814 -1.240960 
815 -1.809922 
816 -1.019954 
817 1.776578 
818 -0.978209 
819 -1.746335 
820 -1.349322 
821 -0.796634 
822 -1.820887 
823 -1.038202 
824 -0.550522 
825 -1.928620 
826 -1.456619 
827 -0.969536 
828 1.855352 
829 -1.233654 
830 -1.001909 
831 -1.733350 
832 -1.084662 
833 -0.335299 
834 2.372949 
835 -1.709928 
836 -1.255711 
837 -1.091513 
838 1.390904 
839 -1.766571 
840 -2.114000 
841 -1.561193 
842 1.226284 
843 -0.833024 
844 1.640275 
845 -1.103065 
846 -1.210983 
847 -1.787910 
848 -1.175116 
849 -1.333052 
850 -1.651263 
851 1.756416 
852 -1.377824 
853 -1.542971 
854 1.357840 
855 -1.736463 
856 1.479696 
857 1.634828 
858 -1.375884 
859 1.898067 
860 -0.923371 
861 -2.904783 
862 -0.342871 
863 -0.221945 
864 -1.410092 
865 -0.682115 
866 -1.463486 
867 1.836412 
868 -1.003424 
869 -0.534502 
870 2.215986 
871 -1.617286 
872 -1.093349 
873 -2.287179 
874 -0.732316 
875 -0.799197 
876 -1.194203 
877 -1.449768 
878 -1.097867 
879 -1.437694 
880 -1.627129 
881 -1.674819 
882 1.747357 
883 -0.448904 
884 -1.765631 
885 1.453704 
886 -1.091899 
887 -1.520496 
888 -1.935254 
889 1.264427 
890 0.029973 
891 2.455612 
892 -1.600407 
893 -0.708464 
894 -0.736988 
895 2.264706 
896 2.057778 
897 -0.731348 
898 -1.131103 
899 2.166357 
900 -0.762660 
901 -0.064964 
902 -1.062780 
903 -2.775415 
904 0.118240 
905 2.020388 
906 -2.021973 
907 -1.463312 
908 -1.887433 
909 -0.627316 
910 -1.508889 
911 1.637195 
912 -1.345605 
913 -1.392357 
914 1.464707 
915 -1.349381 
916 -1.619024 
917 -0.815633 
918 -1.316378 
919 -1.238926 
920 -1.678232 
921 0.822816 
922 -2.265101 
923 -0.850837 
924 -0.516936 
925 1.964090 
926 -1.946240 
927 -1.307065 
928 -1.023177 
929 2.682756 
930 -1.142009 
931 -0.749375 
932 -1.306012 
933 1.702503 
934 -1.086055 
935 -1.330994 
936 -1.197382 
937 -0.383982 
938 -0.783773 
939 -2.489463 
940 1.432970 
941 -1.044092 
942 -0.456836 
943 3.095311 
944 -1.134805 
945 -2.080737 
946 0.952511 
947 -1.362797 
948 -1.489602 
949 -1.727268 
950 -0.888928 
951 -1.082124 
952 -2.313206 
953 0.178697 
954 -1.156279 
955 -1.312545 
956 -2.250005 
957 1.703160 
958 -1.356870 
959 -0.207105 
960 -0.408984 
961 -2.505670 
962 2.345821 
963 0.404639 
964 3.258639 
965 -1.513089 
966 1.011455 
967 1.664158 
968 -1.097098 
969 -1.379112 
970 -0.984786 
971 -1.672670 
972 -1.208269 
973 2.137847 
974 1.483692 
975 -1.491331 
976 -1.857907 
977 -1.609099 
978 -0.038793 
979 1.756250 
980 -1.368690 
981 -1.346129 
982 -1.656253 
983 -0.753579 
984 -0.784598 
985 -1.492730 
986 -1.522818 
987 1.600766 
988 -2.331543 
989 1.641701 
990 -1.201341 
991 -0.572185 
992 -0.852002 
993 -0.038057 
994 -2.605305 
995 1.726599 
996 -0.745055 
997 -1.651427 
998 -1.437686 
999 1.917313 
1000 -2.697556 
1001 0.083566 
1002 -0.978743 
1003 -0.890267 
1004 -2.272776 
1005 0.023561 
1006 -0.161171 
1007 -2.193793 
1008 -0.826304 
1009 -1.490898 
1010 -0.470624 
1011 -2.250571 
1012 -2.518005 
1013 -0.254623 
1014 -1.627143 
1015 -0.149258 
1016 -0.705326 
1017 -2.015883 
1018 1.726838 
1019 -1.188512 
1020 -0.944449 
1021 -2.868137 
1022 -0.038015 
1023 -0.806015 
1024 -1.283914 
1025 2.016778 
1026 2.442240 
1027 -0.665892 
1028 1.784857 
1029 -1.882163 
1030 0.194812 
1031 -1.660913 
1032 -1.083819 
1033 1.928703 
1034 1.964692 
1035 -1.304057 
1036 -0.914694 
1037 -1.189384 
1038 -1.235509 
1039 -1.676468 
1040 -1.002826 
1041 -1.953134 
1042 0.076491 
1043 -1.629590 
1044 -1.805775 
1045 -0.452184 
1046 -0.856099 
1047 2.279134 
1048 -1.809049 
1049 -1.469504 
1050 -0.619587 
1051 -1.253016 
1052 2.349497 
1053 -1.193995 
1054 -0.284340 
1055 -1.508477 
1056 -0.375279 
1057 -1.163578 
1058 -2.805151 
1059 0.427498 
1060 -2.320156 
1061 -0.926480 
1062 -0.138457 
1063 -0.926796 
1064 -1.571933 
1065 -0.560317 
1066 1.777406 
1067 -1.687064 
1068 -0.322331 
1069 -1.393457 
1070 -1.723537 
1071 -1.420294 
1072 -0.505269 
1073 -1.332236 
1074 -2.104483 
1075 -0.988968 
1076 -1.371265 
1077 1.389453 
1078 -1.456816 
1079 -1.327123 
1080 -0.089151 
1081 1.710716 
1082 2.345636 
1083 -1.678603 
1084 1.901828 
1085 -1.532877 
1086 -0.788493 
1087 -1.250019 
1088 0.120588 
1089 1.289692 
1090 -3.199224 
1091 -0.452807 
1092 -1.800492 
1093 -0.662043 
1094 -2.075057 
1095 -0.418476 
1096 -0.996352 
1097 -0.243582 
1098 -1.971612 
1099 -1.681658 
1100 2.270880 
1101 2.143728 
1102 -0.316328 
1103 -1.505408 
1104 0.061297 
1105 -1.005334 
1106 -1.763820 
1107 -1.788745 
1108 2.514236 
1109 -0.172523 
1110 2.035800 
1111 -1.254759 
1112 -1.930800 
1113 -1.123505 
1114 -0.444140 
1115 1.899160 
1116 -0.586247 
1117 -1.437519 
1118 -1.698458 
1119 -1.361692 
1120 1.744435 
1121 -1.979379 
1122 -1.822013 
1123 -0.359493 
1124 1.651111 
1125 -1.274269 
1126 -1.437622 
1127 2.009561 
1128 -1.406422 
1129 -2.500973 
1130 -0.482199 
1131 -0.178078 
1132 2.450545 
1133 -1.549420 
1134 -0.995627 
1135 1.558180 
1136 -1.060655 
1137 -0.758751 
1138 -1.482299 
1139 -1.613582 
1140 -0.962126 
1141 0.569984 
1142 2.481461 
1143 -2.004611 
1144 -0.996505 
1145 -1.619621 
1146 -1.297666 
1147 1.862547 
1148 -1.290958 
1149 -1.960199 
1150 -0.245038 
1151 -1.303578 
1152 -0.314481 
1153 -0.797241 
1154 -2.006312 
1155 2.102190 
1156 -0.657492 
1157 -1.292527 
1158 1.794307 
1159 -1.993298 
1160 -1.656119 
1161 -0.853628 
1162 -1.523737 
1163 -0.998252 
1164 -0.783693 
1165 -1.025390 
1166 -1.915336 
1167 -1.415259 
1168 -1.359687 
1169 -1.667870 
1170 -0.289270 
1171 -1.599640 
1172 -2.995867 
1173 -0.530213 
1174 0.143789 
1175 -0.563372 
1176 -1.246382 
1177 -1.528186 
1178 -0.818353 
1179 1.979413 
1180 2.371266 
1181 -0.082874 
1182 -1.831911 
1183 1.595126 
1184 2.090424 
1185 -1.527333 
1186 -0.719268 
1187 -1.170814 
1188 1.612652 
1189 -1.292749 
1190 -1.464201 
1191 1.799626 
1192 -1.302078 
1193 2.365207 
1194 -1.343802 
1195 -0.367589 
1196 2.035709 
1197 -1.341027 
1198 1.678839 
1199 -1.219578 
1200 1.930115 
1201 -1.384871 
1202 -1.285604 
1203 1.766680 
1204 -1.195653 
1205 -2.138543 
1206 -0.439825 
1207 -1.080497 
1208 2.353815 
1209 -1.941164 
1210 0.324498 
1211 -0.425932 
1212 -1.642337 
1213 -1.118348 
1214 1.163777 
1215 -1.820150 
1216 -1.858783 
1217 -0.129493 
1218 -0.419745 
1219 -2.165214 
1220 -0.745770 
1221 -1.970728 
1222 -1.783659 
1223 -0.171842 
1224 0.391821 
1225 -1.498953 
1226 -1.679130 
1227 2.172880 
1228 1.642886 
1229 -1.291597 
1230 -0.887803 
1231 2.126319 
1232 1.642055 
1233 -1.573969 
1234 -1.053037 
1235 -1.194531 
1236 1.496370 
1237 -2.505874 
1238 0.971687 
1239 -1.133579 
1240 2.221383 
1241 2.304715 
1242 -0.251410 
1243 -0.864449 
1244 1.707139 
1245 -1.536316 
1246 -2.033475 
1247 -0.303614 
1248 -1.220785 
1249 1.095907 
1250 -1.725617 
1251 -1.527710 
1252 -0.842593 
1253 -0.441315 
1254 -2.000504 
1255 -1.521815 
1256 1.873359 
1257 -1.441277 
1258 1.113260 
1259 -1.530713 
1260 0.181841 
1261 -0.854571 
1262 -3.000809 
1263 -0.193246 
1264 1.480560 
1265 -1.331921 
1266 -1.539821 
1267 1.700838 
1268 -1.832895 
1269 -1.478936 
1270 -0.096017 
1271 -1.458347 
1272 -1.066974 
1273 1.912092 
1274 -1.785283 
1275 -1.023992 
1276 -0.150893 
1277 -1.771260 
1278 -1.548352 
1279 1.934377 
1280 -1.556464 
1281 -1.805763 
1282 -0.600321 
1283 -0.997404 
1284 -1.641886 
1285 2.337414 
1286 -0.408887 
1287 1.642260 
1288 1.523874 
1289 -1.685792 
1290 -1.118113 
1291 2.294777 
1292 2.167625 
1293 0.242887 
1294 1.645618 
1295 -1.600742 
1296 2.035307 
1297 -1.453987 
1298 -1.849836 
1299 -0.125096 
1300 -1.238639 
1301 -1.281676 
1302 -1.538260 
1303 -0.939230 
1304 -1.254925 
1305 -1.239951 
1306 -1.453163 
1307 1.770174 
1308 1.701055 
1309 -1.971966 
1310 -1.369626 
1311 -0.952729 
1312 -1.205547 
1313 -0.869861 
1314 2.013588 
1315 1.799646 
1316 -0.598003 
1317 1.876036 
1318 -1.059744 
1319 -2.070782 
1320 1.639243 
1321 1.938135 
1322 -0.221452 
1323 -2.085645 
1324 -0.160248 
1325 -1.137058 
1326 -1.244590 
1327 -2.283415 
1328 -1.454131 
1329 -1.430028 
1330 -1.857506 
1331 0.144820 
1332 -0.732110 
1333 -0.554275 
1334 -1.835277 
1335 -1.678882 
1336 -1.069177 
1337 -0.672973 
1338 -1.795593 
1339 1.931527 
1340 -1.557169 
1341 -1.930792 
1342 -0.098298 
1343 1.752031 
1344 -1.446030 
1345 -1.288716 
1346 -0.956249 
1347 1.935226 
1348 0.011165 
1349 -1.264798 
1350 2.859298 
1351 2.199307 
1352 2.157034 
1353 -0.957239 
1354 -1.702897 
1355 -0.829273 
1356 -1.697714 
1357 -0.222745 
1358 -0.950295 
1359 -2.111203 
1360 0.233119 
1361 -2.131025 
1362 -2.426604 
1363 0.035478 
1364 -1.052470 
1365 -0.337295 
1366 2.128235 
1367 -1.925160 
1368 -2.283445 
1369 -0.939051 
1370 -0.396824 
1371 1.395162 
1372 -0.605621 
1373 -1.959669 
1374 -0.326303 
1375 2.450720 
1376 -1.912471 
1377 1.876316 
1378 -0.932078 
1379 -1.113654 
1380 1.686896 
1381 -0.983561 
1382 2.254261 
1383 1.786385 
1384 -1.711442 
1385 -1.594767 
1386 -1.199711 
1387 1.461074 
1388 -1.097558 
1389 -0.476548 
1390 -2.037079 
1391 -1.300933 
1392 1.601775 
1393 -1.109153 
1394 -2.798685 
1395 -0.077160 
1396 2.128199 
1397 -0.277027 
1398 -1.941170 
1399 -1.075497 
1400 -0.626791 
1401 -1.318074 
1402 -1.676834 
1403 1.917171 
1404 -2.176048 
1405 -0.990947 
1406 -0.060127 
1407 -1.618355 
1408 -0.506977 
1409 2.967765 
1410 -0.916150 
1411 -0.943243 
1412 -0.962432 
1413 1.149813 
1414 -2.669658 
1415 1.440280 
1416 -1.129959 
1417 -1.742114 
1418 1.107741 
1419 -1.435313 
1420 -0.654431 
1421 0.034391 
1422 -0.730104 
1423 -2.883435 
1424 -0.785719 
1425 -0.133233 
1426 -1.023698 
1427 -2.574900 
1428 -0.510903 
1429 -2.081258 
1430 -0.104591 
1431 -2.019644 
1432 2.491144 
1433 -1.228694 
1434 -1.524064 
1435 -0.211318 
1436 -1.396053 
1437 1.764988 
1438 -0.719508 
1439 -1.852382 
1440 -1.613106 
1441 -1.245871 
1442 1.036160 
1443 -1.549807 
1444 -0.328448 
1445 -2.160419 
1446 2.187621 
1447 -0.623756 
1448 0.143528 
1449 -1.874966 
1450 -0.491032 
1451 -2.321330 
1452 -1.811560 
1453 2.319666 
1454 1.486600 
1455 0.519523 
1456 -0.887631 
1457 -0.719178 
1458 -1.013953 
1459 -2.433529 
1460 -1.365808 
1461 -0.757257 
1462 1.711924 
1463 -1.681617 
1464 -1.489845 
1465 -0.947378 
1466 -1.966997 
1467 -0.395107 
1468 -2.069473 
1469 2.102913 
1470 -0.596258 
1471 1.900996 
1472 -0.860896 
1473 1.961439 
1474 -2.139577 
1475 -1.157282 
1476 -0.898920 
1477 1.009801 
1478 1.609685 
1479 -2.160866 
1480 -1.052078 
1481 0.591019 
1482 -2.443741 
1483 -1.107561 
1484 -0.534281 
1485 2.620877 
1486 -0.370842 
1487 2.289199 
1488 -0.313567 
1489 -3.053392 
1490 -0.232763 
1491 -0.956141 
1492 -1.544909 
1493 -0.256079 
1494 -2.599001 
1495 -0.137816 
1496 -0.609988 
1497 -1.351263 
1498 -2.266315 
1499 1.265178 
1500 -1.185250 
1501 -1.733110 
1502 0.305804 
1503 -1.941564 
1504 -1.002656 
1505 -1.163633 
1506 -1.949671 
1507 1.471848 
1508 1.718093 
1509 -0.852533 
1510 1.549981 
1511 -1.808370 
1512 -0.543204 
1513 -1.692848 
1514 -0.746412 
1515 -2.064040 
1516 -1.362225 
1517 -2.027931 
1518 -0.341162 
1519 -1.125649 
1520 -1.784272 
1521 -1.240216 
1522 -0.705963 
1523 1.811004 
1524 -0.260171 
1525 -2.502550 
1526 0.844187 
1527 -0.594754 
1528 1.368374 
1529 -1.749359 
1530 -1.238519 
1531 -1.232824 
1532 -1.308310 
1533 1.479038 
1534 -1.665460 
1535 1.846393 
1536 -1.543724 
1537 1.803023 
1538 -1.310607 
1539 -1.075500 
1540 -1.896108 
1541 -1.426352 
1542 -1.282676 
1543 -0.057894 
1544 1.876940 
1545 -1.056356 
1546 -1.309553 
1547 -1.316863 
1548 -0.908570 
1549 -0.816819 
1550 -2.636565 
1551 -0.063585 
1552 1.656533 
1553 1.465576 
1554 1.744728 
1555 -1.755530 
1556 1.928047 
1557 -1.303313 
1558 -1.121780 
1559 -1.384763 
1560 -0.219626 
1561 -1.278018 
1562 -2.080574 
1563 -1.159563 
1564 -1.495185 
1565 -2.238750 
1566 0.052661 
1567 -0.900267 
1568 -1.966699 
1569 -1.723965 
1570 -0.850230 
1571 -0.061497 
1572 -1.552628 
1573 -0.735034 
1574 -1.780395 
1575 1.740560 
1576 -0.796280 
1577 -0.919258 
1578 -1.555971 
1579 -1.733576 
1580 -0.377119 
1581 -0.535398 
1582 -2.447268 
1583 1.804211 
1584 -1.724753 
1585 -0.651102 
1586 1.898875 
1587 -1.165621 
1588 -1.346393 
1589 -0.739263 
1590 1.884372 
1591 -1.613535 
1592 1.947026 
1593 2.619998 
1594 1.459121 
1595 0.114547 
1596 -0.877329 
1597 1.731295 
1598 1.370645 
1599 -1.636315 
1600 0.288529 
1601 -1.894450 
1602 -1.954398 
1603 1.515910 
1604 0.369332 
1605 3.060668 
1606 -0.392214 
1607 -1.470932 
1608 -0.742851 
1609 1.575241 
1610 -1.742388 
1611 1.699758 
1612 -2.454240 
1613 -0.793816 
1614 1.949884 
1615 0.452509 
1616 -0.951045 
1617 2.337854 
1618 2.294530 
1619 0.231044 
1620 -1.097746 
1621 -1.019732 
1622 -1.324155 
1623 2.405424 
1624 -0.067446 
1625 -2.258295 
1626 -0.705663 
1627 -1.492531 
1628 -1.465845 
1629 -0.452315 
1630 -1.447897 
1631 -1.395289 
1632 -0.904333 
1633 -1.047925 
1634 -1.049057 
1635 -1.852080 
1636 -1.104384 
1637 2.205876 
1638 -1.615763 
1639 -0.284379 
1640 -1.610235 
1641 -1.460645 
1642 -0.513658 
1643 -1.465433 
1644 -1.887079 
1645 -2.138723 
1646 -0.471977 
1647 -0.453830 
1648 1.964981 
1649 -0.559813 
1650 -1.148575 
1651 -2.018849 
1652 1.933254 
1653 1.870409 
1654 -0.882855 
1655 -1.371105 
1656 0.244043 
1657 1.818290 
1658 -1.826931 
1659 -1.814448 
1660 -0.810880 
1661 -1.559272 
1662 1.580365 
1663 2.023720 
1664 -1.507418 
1665 -0.436775 
1666 1.818778 
1667 2.234330 
1668 -1.574176 
1669 -1.205542 
1670 -1.863317 
1671 -0.238118 
1672 -1.194061 
1673 0.003789 
1674 -2.786445 
1675 -0.152133 
1676 -0.883716 
1677 -1.261965 
1678 -1.674319 
1679 1.946045 
1680 -0.538446 
1681 -0.413321 
1682 -2.609471 
1683 1.184819 
1684 -1.345670 
1685 -0.829230 
1686 -0.063278 
1687 2.835764 
1688 -1.897211 
1689 -1.305734 
1690 -1.220013 
1691 -0.474482 
1692 3.134351 
1693 0.415354 
1694 -0.447657 
1695 1.791083 
1696 1.353305 
1697 1.908712 
1698 -1.180070 
1699 -1.701879 
1700 0.128749 
1701 -1.011800 
1702 -2.719879 
1703 -0.993815 
1704 -1.918460 
1705 -0.770740 
1706 1.841633 
1707 -1.194632 
1708 -1.393080 
1709 -1.624298 
1710 -0.438018 
1711 1.790272 
1712 2.348518 
1713 1.211814 
1714 -2.079952 
1715 1.056725 
1716 -1.875467 
1717 -0.225345 
1718 -1.695045 
1719 -1.207535 
1720 0.640112 
1721 2.236064 
1722 2.085868 
1723 2.384474 
1724 -1.324340 
1725 -2.060663 
1726 1.432540 
1727 -0.845962 
1728 -1.280169 
1729 -1.297356 
1730 1.140461 
1731 -1.659674 
1732 1.621746 
1733 -1.153743 
1734 2.032408 
1735 -1.577807 
1736 1.269006 
1737 1.375022 
1738 -1.641411 
1739 -2.002440 
1740 1.291880 
1741 -2.408575 
1742 -1.104116 
1743 -0.755759 
1744 -1.504054 
1745 -1.042594 
1746 -1.107731 
1747 -1.599875 
1748 1.788472 
1749 -1.880074 
1750 0.045197 
1751 -1.607336 
1752 -1.045889 
1753 -1.674535 
1754 -1.763190 
1755 -0.691041 
1756 -1.617282 
1757 0.705389 
1758 1.988511 
1759 1.951746 
1760 1.835283 
1761 -1.195211 
1762 -2.231299 
1763 -0.435520 
1764 -0.104462 
1765 0.412546 
1766 -1.015296 
1767 -3.012661 
1768 -0.667856 
1769 1.574298 
1770 -0.253096 
1771 -3.092135 
1772 -0.485087 
1773 -1.610913 
1774 1.898217 
1775 -1.420572 
1776 -2.030468 
1777 -1.527635 
1778 -1.169094 
1779 -0.301570 
1780 -1.914050 
1781 -0.785211 
1782 -0.165067 
1783 -2.053348 
1784 -1.335672 
1785 -1.651781 
1786 -0.953117 
1787 -1.084094 
1788 -1.308939 
1789 -1.944136 
1790 -0.992897 
1791 -0.572818 
1792 1.991608 
1793 -1.081642 
1794 -0.932198 
1795 1.870678 
1796 -0.931279 
1797 -1.542750 
1798 2.308328 
1799 -0.654865 
1800 -1.921411 
1801 2.277352 
1802 1.130697 
1803 -0.683230 
1804 -1.918319 
1805 -0.892074 
1806 -0.969422 
1807 -1.313536 
1808 0.199216 
1809 -2.048529 
1810 -1.086669 
1811 -1.538151 
1812 1.815426 
1813 -1.511653 
1814 -1.227071 
1815 -1.536850 
1816 -2.025781 
1817 1.414793 
1818 -0.338753 
1819 -1.898682 
1820 2.351856 
1821 1.829328 
1822 -1.397215 
1823 -0.181796 
1824 -0.758401 
1825 -0.133839 
1826 -2.249230 
1827 2.065660 
1828 -1.834512 
1829 0.538913 
1830 -1.412275 
1831 1.983214 
1832 -2.192582 
1833 1.870978 
1834 -0.405969 
1835 -0.882660 
1836 -1.392228 
1837 -1.187375 
1838 -1.121947 
1839 1.949703 
1840 -2.043582 
1841 -1.164302 
1842 -0.113204 
1843 -1.350637 
1844 -0.783433 
1845 -2.103862 
1846 -1.311608 
1847 1.571869 
1848 1.465081 
1849 -1.519544 
1850 -1.681987 
1851 -0.870158 
1852 -1.450014 
1853 -0.779694 
1854 -1.296153 
1855 -1.524424 
1856 0.782951 
1857 -2.161063 
1858 -1.337543 
1859 -0.586157 
1860 -1.232748 
1861 -1.552015 
1862 1.676510 
1863 1.579485 
1864 -0.775788 
1865 -1.172652 
1866 1.618429 
1867 -2.079659 
1868 -1.418663 
1869 -1.287329 
1870 -0.760467 
1871 -1.664180 
1872 -1.639808 
1873 -0.909260 
1874 -0.507018 
1875 -1.910511 
1876 1.451559 
1877 -1.079091 
1878 -1.218505 
1879 -1.739325 
1880 -1.274893 
1881 -0.487067 
1882 -1.814383 
1883 -1.452417 
1884 -0.285045 
1885 0.207558 
1886 -3.343407 
1887 -0.438362 
1888 -1.358805 
1889 -1.659705 
1890 1.921161 
1891 0.255016 
1892 -1.608512 
1893 1.751009 
1894 -1.061700 
1895 -1.332320 
1896 -1.462914 
1897 -0.341769 
1898 -1.834337 
1899 1.818306 
1900 -1.604509 
1901 0.226606 
1902 -1.225467 
1903 2.434954 
1904 -1.723200 
1905 -1.592367 
1906 1.643935 
1907 -0.503397 
1908 -0.922694 
1909 -2.270872 
1910 -1.365339 
1911 -0.427754 
1912 -1.852293 
1913 0.743536 
1914 -1.484215 
1915 1.967975 
1916 -0.406401 
1917 -2.165769 
1918 -0.646858 
1919 -1.486032 
1920 -1.339941 
1921 -0.212501 
1922 -2.771293 
1923 -0.362076 
1924 0.663285 
1925 -0.648156 
1926 -2.196785 
1927 -1.814647 
1928 -1.609431 
1929 -0.836452 
1930 -0.608364 
1931 2.413227 
1932 -1.989137 
1933 -0.946080 
1934 1.256979 
1935 1.964274 
1936 -1.408385 
1937 -2.459297 
1938 0.975675 
1939 1.133173 
1940 -0.781813 
1941 -0.562396 
1942 -1.590767 
1943 -1.586317 
1944 1.745840 
1945 -1.204732 
1946 -1.269267 
1947 -1.221691 
1948 1.806558 
1949 -0.402331 
1950 -1.315662 
1951 -2.164992 
1952 -1.758254 
1953 1.451413 
1954 -1.517230 
1955 -1.143282 
1956 -0.326619 
1957 -1.155767 
1958 -1.744284 
1959 -1.751808 
1960 0.007091 
1961 -2.938908 
1962 -0.528599 
1963 -0.592510 
1964 -0.409044 
1965 -1.885010 
1966 -2.008831 
1967 -0.641510 
1968 -1.086050 
1969 -1.613080 
1970 -1.226988 
1971 1.667000 
1972 -0.869299 
1973 1.810130 
1974 -1.868147 
1975 -1.037145 
1976 -0.444378 
1977 -2.113800 
1978 -0.828402 
1979 1.902508 
1980 -1.370499 
1981 -0.680890 
1982 1.703041 
1983 -1.799086 
1984 -1.100175 
1985 -1.953160 
1986 1.579333 
1987 -0.990486 
1988 -0.616981 
1989 -0.035033 
1990 -1.902214 
1991 -2.185639 
1992 -1.286092 
1993 -2.258232 
1994 -0.837573 
1995 -0.471962 
1996 -1.533136 
1997 -1.352720 
1998 -0.756264 
1999 -1.625176 
2000 0.033400 
2001 -0.886473 
2002 2.561371 
2003 2.214575 
2004 -1.312232 
2005 2.263489 
2006 0.222982 
2007 2.566325 
2008 -1.467618 
2009 -1.169806 
2010 1.423038 
2011 -1.709044 
2012 1.396744 
2013 -1.567966 
2014 -0.243860 
2015 -2.162133 
2016 -1.501646 
2017 -0.770597 
2018 -1.555276 
2019 1.758007 
2020 -0.782426 
2021 2.279364 
2022 -1.133215 
2023 -1.718160 
2024 -1.284168 
2025 -1.006041 
2026 -1.666460 
2027 1.567863 
2028 -1.730503 
2029 2.932672 
2030 -0.240084 
2031 -0.105661 
2032 -1.554110 
2033 -1.203422 
2034 -1.884526 
2035 0.044804 
2036 -0.877965 
2037 -0.916042 
2038 -2.144050 
2039 1.942375 
2040 -1.996894 
2041 -0.206682 
2042 1.477725 
2043 -1.688671 
2044 -0.532117 
2045 2.380282 
2046 -0.583522 
2047 -1.998849 
2048 -0.929169 
2049 -1.069988 
2050 -1.631084 
2051 -1.322657 
2052 -0.087551 
2053 1.980639 
2054 2.062047 
2055 -1.456860 
2056 -1.418243 
2057 -1.353917 
2058 -1.769691 
2059 -0.406761 
2060 -0.843342 
2061 -1.527105 
2062 2.325456 
2063 -0.952305 
2064 -1.114031 
2065 1.761451 
2066 -0.645492 
2067 -1.970529 
2068 -1.573101 
2069 -1.464338 
2070 -1.077612 
2071 -1.042174 
2072 -1.766475 
2073 -1.271202 
2074 -1.325917 
2075 -0.629190 
2076 -0.660949 
2077 -1.780584 
2078 2.333760 
2079 0.103592 
2080 -1.046029 
2081 1.955057 
2082 -1.980868 
2083 -0.116076 
2084 -0.066051 
2085 -2.086532 
2086 -1.449488 
2087 -0.869426 
2088 -1.294104 
2089 -1.381298 
2090 -1.730842 
2091 -0.637024 
2092 1.896086 
2093 -1.313764 
2094 -0.096238 
2095 -1.671609 
2096 -1.742400 
2097 0.109770 
2098 -1.945966 
2099 -1.125519 
2100 2.062232 
2101 -1.383151 
2102 -1.592329 
2103 1.058689 
2104 -2.271689 
2105 -1.307528 
2106 -0.765263 
2107 -0.631586 
2108 1.429746 
2109 -0.971457 
2110 -1.859504 
2111 -1.121844 
2112 -1.407213 
2113 -0.754516 
2114 -1.707932 
2115 1.611911 
2116 -1.192148 
2117 -0.859625 
2118 -1.452519 
2119 -1.483013 
2120 1.630273 
2121 -1.440226 
2122 -1.707058 
2123 -0.848091 
2124 -0.041189 
2125 -1.636797 
2126 -1.040984 
2127 -1.878449 
2128 -1.566963 
2129 -1.715191 
2130 -1.168480 
2131 -0.695309 
2132 -1.713569 
2133 0.165092 
2134 -1.972272 
2135 -0.959105 
2136 -2.250566 
2137 0.774099 
2138 1.754756 
2139 -1.134752 
2140 -0.827834 
2141 -0.933659 
2142 -1.694820 
2143 2.070914 
2144 0.090932 
2145 -1.009766 
2146 -0.679551 
2147 -2.766855 
2148 -0.670264 
2149 -1.568820 
2150 -0.907094 
2151 -1.765288 
2152 -1.028722 
2153 2.129614 
2154 1.566572 
2155 -1.337682 
2156 1.761076 
2157 -1.483088 
2158 -1.615718 
2159 1.136867 
2160 -0.575816 
2161 -1.735378 
2162 -1.659013 
2163 -0.975191 
2164 -1.399346 
2165 0.073956 
2166 2.444056 
2167 -1.264091 
2168 -0.619227 
2169 -1.571988 
2170 -0.649935 
2171 -1.825451 
2172 -1.839177 
2173 -0.933280 
2174 2.006404 
2175 -0.798314 
2176 -1.001460 
2177 -1.229806 
2178 -1.643213 
2179 1.730817 
2180 -1.833210 
2181 -1.100999 
2182 -0.717529 
2183 -1.215626 
2184 -1.083343 
2185 -1.164024 
2186 -1.682815 
2187 -0.981333 
2188 -0.668905 
2189 1.880629 
2190 -1.648179 
2191 -1.397173 
2192 -0.941483 
2193 -0.713935 
2194 -1.049948 
2195 -1.932117 
2196 -0.936146 
2197 -1.326418 
2198 -1.961013 
2199 -0.197004 
2200 2.257623 
2201 -1.110123 
2202 -1.264768 
2203 -0.669899 
2204 -1.703920 
2205 -1.279009 
2206 0.456279 
2207 -1.757958 
2208 2.746067 
2209 -1.477264 
2210 -0.108922 
2211 -0.513745 
2212 -1.816502 
2213 -0.981815 
2214 -1.599013 
2215 -0.287959 
2216 -1.680428 
2217 -0.546861 
2218 1.231589 
2219 1.871702 
2220 -1.429282 
2221 -1.304151 
2222 -0.948588 
2223 -1.390970 
2224 -1.278653 
2225 -0.694414 
2226 -1.420898 
2227 -1.623926 
2228 -1.552688 
2229 -0.497940 
2230 -1.173713 
2231 2.143283 
2232 -1.018258 
2233 -1.520007 
2234 -0.051100 
2235 -2.012103 
2236 -1.351085 
2237 -1.471471 
2238 -1.313409 
2239 -0.658134 
2240 2.042596 
2241 -1.352346 
2242 0.352423 
2243 -1.946261 
2244 2.125078 
2245 -1.258636 
2246 -2.014763 
2247 1.087649 
2248 -0.942889 
2249 -1.495998 
2250 -0.980057 
2251 -1.584469 
2252 -0.679036 
2253 -1.339225 
2254 1.849952 
2255 -1.738989 
2256 -1.110882 
2257 1.590827 
2258 -1.173190 
2259 -1.633493 
2260 -0.901205 
2261 -1.435728 
2262 -1.394287 
2263 -1.304758 
2264 -0.974928 
2265 -1.144730 
2266 -1.449154 
2267 -1.463627 
2268 -1.643024 
2269 -0.511598 
2270 -1.101318 
2271 -1.555061 
2272 -1.593510 
2273 -0.930348 
2274 -0.259480 
2275 -2.077806 
2276 -0.695073 
2277 -1.100719 
2278 -2.016441 
2279 1.831106 
2280 -1.315044 
2281 -1.797568 
2282 -1.015676 
2283 -0.694152 
2284 1.868027 
2285 -0.583129 
2286 -1.120376 
2287 -1.686044 
2288 1.850707 
2289 -1.578616 
2290 -1.208521 
2291 -0.822944 
2292 1.281257 
2293 -1.359647 
2294 1.433519 
2295 1.879422 
2296 -1.486401 
2297 -0.596001 
2298 2.224702 
2299 -1.382552 
2300 -1.055857 
2301 -1.458284 
2302 -0.786566 
2303 1.957749 
2304 -1.207331 
2305 -1.298432 
2306 -1.071115 
2307 -1.437707 
2308 -1.127984 
2309 -1.843644 
2310 -0.152846 
2311 -1.069668 
2312 -2.328613 
2313 -1.131019 
