3031 1
0 -0.210675 
1 -0.442194 
2 0.249880 
3 -0.427158 
4 -0.055117 
5 -0.133048 
6 0.220303 
7 0.244770 
8 0.214086 
9 0.431456 
10 0.009738 
11 0.167229 
12 -0.265475 
13 0.167229 
14 0.167229 
15 0.167229 
16 0.423626 
17 0.223732 
18 -0.296064 
19 -0.250029 
20 -0.124933 
21 -0.116400 
22 -0.216558 
23 -0.210675 
24 0.379225 
25 0.076072 
26 0.204794 
27 -0.419276 
28 0.406844 
29 0.129688 
30 0.421864 
31 0.167229 
32 0.167229 
33 0.167229 
34 0.304132 
35 -0.159137 
36 0.107568 
37 0.198745 
38 0.409495 
39 -0.287934 
40 -0.394203 
41 0.359423 
42 0.184856 
43 -0.069807 
44 -0.343711 
45 0.024865 
46 0.429390 
47 -0.159406 
48 0.288035 
49 -0.415118 
50 -0.494695 
51 0.211004 
52 0.336861 
53 -0.358716 
54 0.496292 
55 -0.153873 
56 -0.085679 
57 0.378112 
58 -0.317040 
59 0.284567 
60 0.237943 
61 0.408156 
62 0.137167 
63 -0.141350 
64 0.322369 
65 -0.109118 
66 0.077407 
67 0.167229 
68 0.049791 
69 0.378112 
70 0.351608 
71 0.423626 
72 0.446680 
73 -0.133048 
74 0.220303 
75 -0.363202 
76 0.244770 
77 0.214086 
78 0.273669 
79 0.089483 
80 0.063801 
81 0.365547 
82 0.188157 
83 -0.366291 
84 -0.195460 
85 -0.442194 
86 -0.251274 
87 -0.427158 
88 -0.055117 
89 -0.133048 
90 0.220303 
91 0.040671 
92 0.244770 
93 -0.191188 
94 -0.166764 
95 0.060729 
96 0.327811 
97 0.229904 
98 -0.470182 
99 -0.122597 
100 0.436111 
101 0.223732 
102 -0.396215 
103 0.441835 
104 -0.459938 
105 -0.221108 
106 -0.423487 
107 0.251665 
108 -0.496331 
109 0.376265 
110 0.335116 
111 0.450532 
112 -0.017860 
113 0.214905 
114 -0.420751 
115 0.247438 
116 0.338133 
117 -0.415118 
118 0.265454 
119 -0.494695 
120 -0.377811 
121 0.198330 
122 0.334653 
123 -0.287934 
124 0.335794 
125 0.040089 
126 -0.337723 
127 0.366024 
128 -0.321912 
129 0.405829 
130 -0.023008 
131 0.425441 
132 -0.414810 
133 0.137693 
134 -0.440286 
135 0.446680 
136 -0.224905 
137 0.249880 
138 0.284567 
139 0.088801 
140 -0.363202 
141 -0.152125 
142 -0.292553 
143 0.380129 
144 0.340916 
145 -0.342548 
146 0.143293 
147 -0.094833 
148 -0.190345 
149 0.472114 
150 0.349557 
151 -0.453504 
152 0.268936 
153 -0.219901 
154 -0.250664 
155 0.311282 
156 0.145847 
157 -0.232211 
158 0.137301 
159 0.189682 
160 -0.377811 
161 0.392275 
162 0.129688 
163 0.129688 
164 0.311282 
165 0.009904 
166 0.446680 
167 -0.350713 
168 -0.101723 
169 -0.004312 
170 0.049791 
171 0.352045 
172 0.040671 
173 0.311282 
174 0.204794 
175 -0.277085 
176 0.076072 
177 0.336861 
178 -0.419276 
179 0.351608 
180 -0.062300 
181 0.273669 
182 -0.358716 
183 -0.265475 
184 0.107808 
185 0.129688 
186 0.496292 
187 0.400449 
188 0.421864 
189 -0.103725 
190 0.061852 
191 0.454997 
192 0.210184 
193 0.379225 
194 0.365547 
195 0.143293 
196 0.378112 
197 -0.490444 
198 -0.071498 
199 -0.156217 
200 -0.445092 
201 0.249822 
202 0.053933 
203 0.252329 
204 0.282183 
205 -0.350713 
206 -0.124933 
207 -0.153873 
208 0.211004 
209 0.406844 
210 0.421864 
211 0.421864 
212 0.325834 
213 0.007844 
214 0.251665 
215 -0.496331 
216 0.153189 
217 0.376265 
218 0.335116 
219 0.450532 
220 -0.017860 
221 0.214905 
222 -0.420751 
223 0.247438 
224 0.338133 
225 0.189682 
226 0.112023 
227 -0.175415 
228 0.390146 
229 -0.224905 
230 0.053933 
231 -0.224905 
232 -0.224905 
233 -0.321912 
234 0.311282 
235 0.107568 
236 -0.103725 
237 -0.265475 
238 0.311282 
239 0.405829 
240 0.024865 
241 0.429390 
242 -0.159406 
243 0.288035 
244 -0.381412 
245 0.352045 
246 0.396578 
247 -0.101864 
248 0.236525 
249 0.046985 
250 -0.311567 
251 0.190579 
252 -0.246997 
253 0.277915 
254 0.177652 
255 0.004354 
256 0.145334 
257 -0.204613 
258 0.386640 
259 -0.085679 
260 -0.296064 
261 -0.250029 
262 -0.116400 
263 -0.216558 
264 -0.453431 
265 -0.472974 
266 0.211567 
267 0.484938 
268 0.061852 
269 0.409495 
270 0.198745 
271 0.446680 
272 -0.409711 
273 -0.265475 
274 -0.098634 
275 0.446680 
276 0.279074 
277 -0.368300 
278 -0.473006 
279 0.377809 
280 -0.068174 
281 -0.411804 
282 0.252390 
283 0.370590 
284 0.198745 
285 0.409495 
286 -0.388280 
287 -0.149774 
288 0.480939 
289 0.049791 
290 0.378112 
291 0.378112 
292 0.351608 
293 0.423626 
294 0.446680 
295 0.446680 
296 0.446680 
297 0.446680 
298 0.446680 
299 0.446680 
300 0.446680 
301 0.446680 
302 0.145847 
303 0.145847 
304 -0.363202 
305 0.059491 
306 0.145847 
307 0.423626 
308 0.273669 
309 0.320565 
310 0.423626 
311 0.423626 
312 0.352045 
313 0.365547 
314 0.223732 
315 0.053933 
316 0.167229 
317 0.423626 
318 0.129688 
319 -0.183104 
320 0.423626 
321 0.223732 
322 -0.442194 
323 0.223732 
324 0.223732 
325 0.223732 
326 -0.427158 
327 -0.055117 
328 -0.133048 
329 0.220303 
330 0.040671 
331 0.040671 
332 0.244770 
333 -0.191188 
334 -0.166764 
335 0.060729 
336 0.327811 
337 0.229904 
338 -0.470182 
339 -0.122597 
340 0.436111 
341 0.223732 
342 -0.396215 
343 0.441835 
344 -0.459938 
345 -0.459938 
346 -0.221108 
347 -0.423487 
348 0.251665 
349 -0.496331 
350 0.376265 
351 0.335116 
352 0.450532 
353 -0.017860 
354 0.214905 
355 -0.420751 
356 0.247438 
357 0.338133 
358 -0.415118 
359 -0.094833 
360 -0.494695 
361 -0.377811 
362 0.198330 
363 0.334653 
364 -0.287934 
365 0.335794 
366 0.040089 
367 -0.337723 
368 0.366024 
369 -0.321912 
370 0.405829 
371 -0.023008 
372 0.425441 
373 -0.414810 
374 0.137693 
375 -0.440286 
376 0.446680 
377 -0.224905 
378 0.249880 
379 0.284567 
380 0.088801 
381 -0.363202 
382 -0.152125 
383 -0.292553 
384 0.380129 
385 0.340916 
386 -0.342548 
387 0.143293 
388 0.143293 
389 -0.094833 
390 -0.190345 
391 -0.371651 
392 0.033382 
393 -0.089215 
394 0.472114 
395 -0.412494 
396 0.107621 
397 -0.184070 
398 0.289050 
399 -0.161396 
400 0.365547 
401 0.145847 
402 0.145847 
403 0.145847 
404 0.311282 
405 0.311282 
406 0.311282 
407 0.311282 
408 0.311282 
409 0.311282 
410 0.311282 
411 0.145847 
412 -0.232211 
413 0.137301 
414 0.189682 
415 0.189682 
416 0.189682 
417 0.189682 
418 -0.377811 
419 -0.094833 
420 0.129688 
421 0.129688 
422 0.311282 
423 0.311282 
424 0.311282 
425 0.311282 
426 0.311282 
427 0.311282 
428 0.311282 
429 0.311282 
430 -0.394203 
431 -0.394203 
432 -0.142701 
433 -0.142701 
434 -0.142701 
435 -0.142701 
436 -0.142701 
437 0.311282 
438 0.311282 
439 0.009904 
440 0.009904 
441 0.009904 
442 0.009904 
443 0.009904 
444 0.009904 
445 0.009904 
446 0.009904 
447 0.009904 
448 0.009904 
449 0.009904 
450 0.009904 
451 0.009904 
452 0.009904 
453 0.009904 
454 0.311282 
455 0.288290 
456 0.265066 
457 0.446680 
458 0.446680 
459 0.446680 
460 0.446680 
461 0.446680 
462 0.446680 
463 0.365594 
464 0.365594 
465 0.365594 
466 0.365594 
467 0.365594 
468 0.365594 
469 0.310696 
470 0.310696 
471 -0.143134 
472 -0.143134 
473 -0.143134 
474 -0.143134 
475 -0.143134 
476 -0.143134 
477 -0.214583 
478 -0.214583 
479 -0.214583 
480 -0.214583 
481 0.395718 
482 0.395718 
483 0.395718 
484 0.395718 
485 -0.477509 
486 -0.477509 
487 -0.477509 
488 -0.477509 
489 0.144645 
490 0.144645 
491 0.144645 
492 0.144645 
493 -0.101723 
494 -0.101723 
495 -0.101723 
496 -0.101723 
497 -0.277085 
498 -0.277085 
499 -0.277085 
500 -0.277085 
501 0.107808 
502 0.107808 
503 -0.394203 
504 -0.394203 
505 -0.394203 
506 -0.394203 
507 -0.394203 
508 -0.394203 
509 0.446680 
510 -0.011534 
511 0.311282 
512 0.311282 
513 0.311282 
514 0.235763 
515 -0.350713 
516 -0.350713 
517 -0.350713 
518 -0.350713 
519 -0.350713 
520 -0.350713 
521 0.359423 
522 0.359423 
523 0.214086 
524 0.214086 
525 0.214086 
526 0.214086 
527 0.214086 
528 0.214086 
529 -0.004312 
530 -0.004312 
531 -0.004312 
532 -0.004312 
533 0.236987 
534 0.236987 
535 0.236987 
536 0.236987 
537 -0.102419 
538 -0.102419 
539 -0.102419 
540 -0.102419 
541 0.271694 
542 0.271694 
543 0.271694 
544 0.271694 
545 0.271694 
546 -0.337723 
547 -0.337723 
548 -0.337723 
549 -0.350713 
550 -0.085447 
551 -0.101723 
552 -0.101723 
553 -0.101723 
554 -0.101723 
555 -0.101723 
556 -0.101723 
557 -0.101723 
558 -0.101723 
559 -0.101723 
560 -0.101723 
561 -0.101723 
562 -0.101723 
563 -0.101723 
564 -0.101723 
565 -0.101723 
566 -0.101723 
567 -0.101723 
568 -0.101723 
569 -0.101723 
570 -0.101723 
571 -0.101723 
572 -0.101723 
573 -0.101723 
574 -0.101723 
575 -0.101723 
576 -0.101723 
577 -0.101723 
578 -0.101723 
579 -0.101723 
580 -0.101723 
581 -0.101723 
582 -0.101723 
583 -0.101723 
584 0.206714 
585 0.206714 
586 0.206714 
587 0.206714 
588 0.206714 
589 0.206714 
590 0.491339 
591 0.491339 
592 -0.101723 
593 -0.101723 
594 -0.101723 
595 -0.101723 
596 -0.101723 
597 -0.101723 
598 -0.101723 
599 -0.101723 
600 -0.101723 
601 -0.101723 
602 -0.004312 
603 -0.004312 
604 -0.004312 
605 -0.004312 
606 -0.004312 
607 -0.004312 
608 -0.004312 
609 -0.004312 
610 -0.004312 
611 -0.004312 
612 -0.004312 
613 -0.004312 
614 -0.004312 
615 -0.004312 
616 -0.004312 
617 0.211567 
618 0.211567 
619 0.211567 
620 0.211567 
621 0.484938 
622 0.484938 
623 0.484938 
624 0.484938 
625 0.279074 
626 0.279074 
627 0.279074 
628 0.279074 
629 -0.004312 
630 -0.004312 
631 -0.004312 
632 -0.004312 
633 -0.004312 
634 -0.004312 
635 0.049791 
636 0.049791 
637 0.049791 
638 0.049791 
639 0.049791 
640 0.049791 
641 -0.368300 
642 -0.368300 
643 -0.368300 
644 -0.368300 
645 -0.368300 
646 -0.368300 
647 -0.473006 
648 -0.473006 
649 0.144645 
650 0.144645 
651 0.144645 
652 0.144645 
653 0.144645 
654 0.144645 
655 0.431456 
656 0.431456 
657 0.431456 
658 0.431456 
659 0.431456 
660 0.431456 
661 0.009738 
662 0.009738 
663 0.009738 
664 0.009738 
665 0.472114 
666 0.472114 
667 0.472114 
668 0.472114 
669 -0.317040 
670 -0.317040 
671 -0.317040 
672 -0.317040 
673 0.237943 
674 0.237943 
675 0.237943 
676 0.237943 
677 0.408156 
678 0.408156 
679 0.408156 
680 0.408156 
681 0.137167 
682 0.137167 
683 0.137167 
684 0.137167 
685 0.049791 
686 0.311282 
687 0.352045 
688 0.352045 
689 0.352045 
690 0.352045 
691 0.352045 
692 0.352045 
693 -0.129234 
694 -0.129234 
695 -0.129234 
696 0.457384 
697 0.457384 
698 0.457384 
699 0.457384 
700 0.457384 
701 0.457384 
702 0.295652 
703 0.295652 
704 0.295652 
705 0.295652 
706 -0.215841 
707 -0.215841 
708 -0.215841 
709 -0.215841 
710 -0.215841 
711 0.352045 
712 0.311282 
713 0.311282 
714 0.143293 
715 0.143293 
716 -0.452656 
717 0.393115 
718 0.040671 
719 0.040671 
720 0.040671 
721 0.040671 
722 0.040671 
723 0.040671 
724 -0.283248 
725 -0.283248 
726 -0.283248 
727 -0.283248 
728 -0.283248 
729 -0.283248 
730 -0.283248 
731 0.167229 
732 0.167229 
733 0.167229 
734 0.167229 
735 -0.350713 
736 -0.350713 
737 -0.350713 
738 -0.350713 
739 -0.135850 
740 -0.135850 
741 -0.135850 
742 -0.135850 
743 -0.135850 
744 0.040671 
745 0.311282 
746 0.311282 
747 0.311282 
748 0.311282 
749 0.311282 
750 0.311282 
751 0.223294 
752 0.223294 
753 0.223294 
754 0.311282 
755 -0.007932 
756 0.204794 
757 0.204794 
758 0.204794 
759 0.204794 
760 0.204794 
761 0.204794 
762 0.304132 
763 0.304132 
764 0.304132 
765 -0.048470 
766 -0.048470 
767 -0.048470 
768 -0.048470 
769 -0.048470 
770 -0.048470 
771 0.103720 
772 0.103720 
773 0.103720 
774 0.103720 
775 -0.406988 
776 -0.406988 
777 -0.406988 
778 -0.406988 
779 -0.207932 
780 -0.207932 
781 -0.207932 
782 -0.207932 
783 -0.018239 
784 -0.018239 
785 -0.018239 
786 -0.018239 
787 -0.465855 
788 -0.465855 
789 -0.465855 
790 -0.465855 
791 0.412934 
792 0.412934 
793 0.412934 
794 0.412934 
795 -0.209393 
796 -0.209393 
797 -0.105744 
798 -0.105744 
799 -0.105744 
800 -0.105744 
801 -0.105744 
802 -0.105744 
803 -0.105744 
804 0.126738 
805 0.126738 
806 -0.156217 
807 -0.156217 
808 -0.156217 
809 -0.156217 
810 -0.156217 
811 0.204794 
812 -0.277085 
813 -0.277085 
814 -0.277085 
815 -0.277085 
816 -0.277085 
817 -0.277085 
818 -0.277085 
819 -0.277085 
820 -0.277085 
821 -0.277085 
822 -0.277085 
823 -0.277085 
824 -0.277085 
825 -0.277085 
826 -0.277085 
827 -0.277085 
828 -0.277085 
829 -0.277085 
830 -0.277085 
831 -0.277085 
832 0.282183 
833 0.282183 
834 0.282183 
835 0.282183 
836 0.282183 
837 0.282183 
838 0.282183 
839 -0.277652 
840 -0.277652 
841 -0.277652 
842 -0.277652 
843 -0.277085 
844 -0.277085 
845 -0.277085 
846 -0.277085 
847 -0.277085 
848 -0.277085 
849 -0.277085 
850 -0.277085 
851 -0.277085 
852 -0.277085 
853 -0.277085 
854 -0.277085 
855 -0.277085 
856 -0.277085 
857 -0.277085 
858 -0.277085 
859 -0.277085 
860 -0.277085 
861 -0.277085 
862 -0.277085 
863 0.438432 
864 -0.006799 
865 -0.291682 
866 -0.303712 
867 0.099275 
868 -0.122718 
869 0.167764 
870 -0.174164 
871 0.320787 
872 0.076072 
873 0.076072 
874 0.076072 
875 0.076072 
876 0.076072 
877 0.076072 
878 -0.296064 
879 -0.296064 
880 -0.296064 
881 -0.296064 
882 -0.296064 
883 -0.296064 
884 -0.250029 
885 -0.250029 
886 -0.250029 
887 -0.250029 
888 -0.116400 
889 -0.116400 
890 -0.116400 
891 -0.116400 
892 -0.216558 
893 -0.216558 
894 -0.216558 
895 -0.216558 
896 -0.210675 
897 -0.210675 
898 -0.210675 
899 -0.210675 
900 0.379225 
901 0.379225 
902 0.379225 
903 0.379225 
904 0.076072 
905 0.076072 
906 0.076072 
907 0.076072 
908 0.425441 
909 0.425441 
910 0.425441 
911 0.425441 
912 0.425441 
913 0.425441 
914 0.425441 
915 -0.414810 
916 -0.414810 
917 -0.414810 
918 -0.414810 
919 0.137693 
920 0.137693 
921 0.137693 
922 0.137693 
923 -0.029646 
924 -0.029646 
925 -0.445092 
926 -0.445092 
927 -0.445092 
928 -0.445092 
929 -0.445092 
930 0.076072 
931 0.042510 
932 0.400583 
933 0.336861 
934 0.336861 
935 0.336861 
936 0.336861 
937 0.336861 
938 0.336861 
939 0.252329 
940 0.252329 
941 0.252329 
942 0.252329 
943 -0.375998 
944 -0.375998 
945 -0.375998 
946 -0.375998 
947 -0.375998 
948 -0.235383 
949 -0.235383 
950 -0.235383 
951 0.377429 
952 0.377429 
953 0.377429 
954 0.377429 
955 -0.267254 
956 -0.267254 
957 -0.267254 
958 -0.267254 
959 0.120826 
960 0.120826 
961 0.120826 
962 0.120826 
963 -0.440286 
964 -0.440286 
965 -0.440286 
966 -0.440286 
967 -0.224905 
968 -0.224905 
969 -0.224905 
970 -0.224905 
971 0.249880 
972 0.249880 
973 0.188157 
974 0.188157 
975 0.188157 
976 0.188157 
977 0.188157 
978 0.188157 
979 0.188157 
980 0.198330 
981 0.198330 
982 0.198330 
983 0.198330 
984 0.336861 
985 -0.419276 
986 -0.419276 
987 -0.419276 
988 -0.419276 
989 -0.419276 
990 -0.419276 
991 0.334653 
992 -0.094833 
993 -0.094833 
994 0.320787 
995 0.320787 
996 0.320787 
997 0.320787 
998 0.320787 
999 0.320787 
1000 0.042510 
1001 0.042510 
1002 0.042510 
1003 0.042510 
1004 0.400583 
1005 0.400583 
1006 0.400583 
1007 0.400583 
1008 0.204523 
1009 0.204523 
1010 0.204523 
1011 0.204523 
1012 -0.121173 
1013 -0.121173 
1014 -0.121173 
1015 -0.121173 
1016 -0.385983 
1017 -0.385983 
1018 -0.385983 
1019 -0.385983 
1020 -0.387465 
1021 -0.387465 
1022 -0.387465 
1023 -0.387465 
1024 0.326451 
1025 0.326451 
1026 0.326451 
1027 0.326451 
1028 -0.234764 
1029 -0.234764 
1030 -0.234764 
1031 -0.234764 
1032 -0.069807 
1033 -0.069807 
1034 -0.069807 
1035 -0.069807 
1036 -0.069807 
1037 -0.419276 
1038 0.351608 
1039 0.351608 
1040 0.351608 
1041 0.351608 
1042 0.351608 
1043 0.351608 
1044 -0.343711 
1045 -0.343711 
1046 -0.343711 
1047 -0.009694 
1048 -0.009694 
1049 -0.009694 
1050 -0.009694 
1051 0.454997 
1052 0.454997 
1053 0.454997 
1054 0.454997 
1055 -0.490444 
1056 -0.490444 
1057 -0.490444 
1058 -0.490444 
1059 -0.071498 
1060 -0.071498 
1061 0.288290 
1062 0.288290 
1063 0.288290 
1064 0.288290 
1065 0.288290 
1066 0.288290 
1067 0.265066 
1068 0.265066 
1069 0.265066 
1070 0.265066 
1071 -0.011534 
1072 -0.011534 
1073 -0.011534 
1074 -0.011534 
1075 0.235763 
1076 0.235763 
1077 0.235763 
1078 0.235763 
1079 -0.085447 
1080 -0.085447 
1081 -0.085447 
1082 -0.085447 
1083 0.429390 
1084 0.429390 
1085 0.429390 
1086 0.429390 
1087 0.429390 
1088 0.351608 
1089 0.204523 
1090 -0.121173 
1091 -0.062300 
1092 -0.062300 
1093 -0.062300 
1094 -0.062300 
1095 -0.062300 
1096 -0.062300 
1097 -0.159406 
1098 -0.159406 
1099 -0.159406 
1100 -0.442194 
1101 -0.442194 
1102 -0.442194 
1103 -0.442194 
1104 -0.427158 
1105 -0.427158 
1106 -0.427158 
1107 -0.427158 
1108 -0.055117 
1109 -0.055117 
1110 -0.055117 
1111 -0.055117 
1112 -0.133048 
1113 -0.133048 
1114 -0.133048 
1115 -0.133048 
1116 -0.235478 
1117 -0.235478 
1118 -0.235478 
1119 -0.235478 
1120 -0.235478 
1121 -0.235478 
1122 -0.235478 
1123 -0.052202 
1124 -0.052202 
1125 -0.052202 
1126 -0.052202 
1127 -0.351504 
1128 -0.351504 
1129 -0.351504 
1130 -0.351504 
1131 -0.168176 
1132 -0.168176 
1133 -0.168176 
1134 -0.168176 
1135 -0.168176 
1136 -0.062300 
1137 0.273669 
1138 0.273669 
1139 0.273669 
1140 0.273669 
1141 0.273669 
1142 0.273669 
1143 0.435108 
1144 0.435108 
1145 0.435108 
1146 0.435108 
1147 0.435108 
1148 0.435108 
1149 0.236819 
1150 0.236819 
1151 0.268936 
1152 0.268936 
1153 0.268936 
1154 0.268936 
1155 0.268936 
1156 0.268936 
1157 -0.219901 
1158 -0.219901 
1159 -0.219901 
1160 -0.219901 
1161 -0.250664 
1162 -0.250664 
1163 -0.250664 
1164 -0.250664 
1165 -0.058416 
1166 -0.058416 
1167 -0.058416 
1168 -0.058416 
1169 0.409403 
1170 0.409403 
1171 0.409403 
1172 0.409403 
1173 -0.252953 
1174 -0.252953 
1175 -0.252953 
1176 -0.252953 
1177 -0.026307 
1178 -0.026307 
1179 -0.026307 
1180 -0.026307 
1181 -0.421143 
1182 -0.421143 
1183 -0.375998 
1184 -0.375998 
1185 -0.375998 
1186 -0.375998 
1187 0.273669 
1188 -0.358716 
1189 -0.358716 
1190 -0.358716 
1191 -0.358716 
1192 -0.358716 
1193 -0.358716 
1194 0.326803 
1195 0.326803 
1196 0.326803 
1197 0.326803 
1198 0.326803 
1199 0.326803 
1200 -0.058416 
1201 -0.058416 
1202 -0.058416 
1203 -0.058416 
1204 0.409403 
1205 0.409403 
1206 0.409403 
1207 0.409403 
1208 -0.252953 
1209 -0.252953 
1210 -0.252953 
1211 -0.252953 
1212 -0.026307 
1213 -0.026307 
1214 -0.026307 
1215 -0.026307 
1216 -0.421143 
1217 -0.421143 
1218 0.244770 
1219 0.244770 
1220 0.244770 
1221 0.244770 
1222 0.244770 
1223 0.244770 
1224 0.214086 
1225 0.214086 
1226 0.214086 
1227 0.214086 
1228 -0.004312 
1229 -0.004312 
1230 -0.004312 
1231 -0.004312 
1232 0.236987 
1233 0.236987 
1234 0.236987 
1235 0.236987 
1236 0.366024 
1237 0.366024 
1238 0.366024 
1239 -0.358716 
1240 -0.277652 
1241 -0.277652 
1242 -0.277652 
1243 -0.277652 
1244 -0.277652 
1245 -0.277652 
1246 -0.277652 
1247 -0.102419 
1248 -0.102419 
1249 -0.102419 
1250 -0.102419 
1251 -0.102419 
1252 -0.102419 
1253 0.236916 
1254 0.236916 
1255 0.236916 
1256 0.236916 
1257 0.236916 
1258 0.236916 
1259 0.206714 
1260 0.206714 
1261 0.206714 
1262 0.206714 
1263 0.491339 
1264 0.491339 
1265 0.491339 
1266 0.491339 
1267 -0.235478 
1268 -0.235478 
1269 -0.235478 
1270 -0.235478 
1271 -0.052202 
1272 -0.052202 
1273 -0.052202 
1274 -0.052202 
1275 -0.351504 
1276 -0.351504 
1277 -0.351504 
1278 -0.351504 
1279 -0.168176 
1280 -0.168176 
1281 -0.168176 
1282 -0.168176 
1283 0.435108 
1284 0.435108 
1285 0.435108 
1286 0.435108 
1287 0.435108 
1288 -0.429920 
1289 -0.429920 
1290 -0.429920 
1291 -0.277652 
1292 -0.265475 
1293 -0.265475 
1294 -0.265475 
1295 -0.265475 
1296 -0.265475 
1297 -0.265475 
1298 0.252980 
1299 0.252980 
1300 0.252980 
1301 0.252980 
1302 0.252980 
1303 0.252980 
1304 -0.312451 
1305 -0.312451 
1306 -0.312451 
1307 -0.312451 
1308 0.276794 
1309 0.276794 
1310 0.276794 
1311 0.276794 
1312 -0.143134 
1313 -0.143134 
1314 -0.143134 
1315 -0.143134 
1316 -0.214583 
1317 -0.214583 
1318 -0.214583 
1319 -0.214583 
1320 -0.209352 
1321 -0.209352 
1322 -0.209352 
1323 -0.209352 
1324 -0.209352 
1325 -0.209352 
1326 -0.236274 
1327 -0.236274 
1328 -0.236274 
1329 -0.236274 
1330 -0.347228 
1331 -0.347228 
1332 -0.347228 
1333 -0.347228 
1334 0.208956 
1335 0.208956 
1336 0.208956 
1337 0.208956 
1338 0.208956 
1339 0.211004 
1340 0.211004 
1341 0.211004 
1342 0.211004 
1343 0.336861 
1344 0.336861 
1345 0.336861 
1346 -0.265475 
1347 0.107808 
1348 0.107808 
1349 0.107808 
1350 0.107808 
1351 0.107808 
1352 0.107808 
1353 -0.358716 
1354 -0.358716 
1355 -0.358716 
1356 -0.358716 
1357 -0.400176 
1358 -0.400176 
1359 -0.400176 
1360 -0.400176 
1361 0.204794 
1362 0.204794 
1363 0.107808 
1364 0.107808 
1365 0.107808 
1366 0.107808 
1367 -0.419276 
1368 -0.419276 
1369 -0.419276 
1370 -0.419276 
1371 0.107808 
1372 0.107808 
1373 0.107808 
1374 0.107808 
1375 0.107808 
1376 0.107808 
1377 0.107808 
1378 0.107808 
1379 0.107808 
1380 0.107808 
1381 0.107808 
1382 0.107808 
1383 0.107808 
1384 0.107808 
1385 0.107808 
1386 0.107808 
1387 0.107808 
1388 0.107808 
1389 0.377809 
1390 0.377809 
1391 0.377809 
1392 0.377809 
1393 0.377809 
1394 0.377809 
1395 0.377809 
1396 0.377809 
1397 0.107808 
1398 0.129688 
1399 0.129688 
1400 0.129688 
1401 0.129688 
1402 0.129688 
1403 0.129688 
1404 -0.068174 
1405 -0.068174 
1406 -0.068174 
1407 -0.068174 
1408 -0.068174 
1409 -0.068174 
1410 -0.411804 
1411 -0.411804 
1412 -0.411804 
1413 -0.411804 
1414 0.252390 
1415 0.252390 
1416 0.252390 
1417 0.252390 
1418 0.366278 
1419 0.366278 
1420 0.366278 
1421 0.366278 
1422 0.366278 
1423 0.366278 
1424 -0.129234 
1425 -0.129234 
1426 -0.129234 
1427 -0.129234 
1428 0.049791 
1429 0.049791 
1430 0.049791 
1431 0.049791 
1432 0.351608 
1433 0.351608 
1434 0.351608 
1435 0.351608 
1436 0.273669 
1437 0.273669 
1438 0.273669 
1439 0.273669 
1440 -0.103725 
1441 -0.103725 
1442 -0.103725 
1443 -0.103725 
1444 0.061852 
1445 0.061852 
1446 -0.159137 
1447 -0.159137 
1448 -0.159137 
1449 -0.159137 
1450 -0.159137 
1451 0.129688 
1452 0.496292 
1453 0.496292 
1454 0.496292 
1455 0.496292 
1456 0.496292 
1457 0.496292 
1458 0.107568 
1459 0.107568 
1460 0.107568 
1461 0.107568 
1462 0.160081 
1463 0.160081 
1464 0.160081 
1465 -0.227732 
1466 -0.227732 
1467 -0.227732 
1468 -0.227732 
1469 0.450833 
1470 0.450833 
1471 0.450833 
1472 0.450833 
1473 0.223964 
1474 0.223964 
1475 0.223964 
1476 0.223964 
1477 0.464898 
1478 0.464898 
1479 0.464898 
1480 0.464898 
1481 -0.200886 
1482 -0.200886 
1483 -0.377811 
1484 -0.377811 
1485 -0.377811 
1486 -0.377811 
1487 -0.377811 
1488 -0.377811 
1489 0.198330 
1490 0.198330 
1491 0.198330 
1492 0.198330 
1493 0.198330 
1494 0.083836 
1495 0.083836 
1496 0.083836 
1497 0.083836 
1498 0.233298 
1499 0.233298 
1500 0.233298 
1501 0.233298 
1502 0.233298 
1503 0.496292 
1504 0.400449 
1505 0.400449 
1506 0.400449 
1507 0.400449 
1508 0.400449 
1509 0.400449 
1510 -0.062300 
1511 -0.062300 
1512 0.363955 
1513 0.363955 
1514 0.363955 
1515 0.363955 
1516 0.325834 
1517 0.325834 
1518 0.325834 
1519 0.325834 
1520 0.007844 
1521 0.007844 
1522 0.423626 
1523 0.423626 
1524 0.423626 
1525 0.423626 
1526 0.423626 
1527 0.423626 
1528 0.423626 
1529 -0.141350 
1530 -0.141350 
1531 -0.141350 
1532 0.322369 
1533 0.322369 
1534 0.322369 
1535 0.322369 
1536 -0.109118 
1537 -0.109118 
1538 -0.109118 
1539 -0.109118 
1540 0.077407 
1541 0.077407 
1542 0.077407 
1543 0.077407 
1544 -0.183104 
1545 -0.183104 
1546 -0.183104 
1547 -0.183104 
1548 0.243729 
1549 0.243729 
1550 0.243729 
1551 0.243729 
1552 -0.490239 
1553 -0.490239 
1554 -0.490239 
1555 -0.490239 
1556 -0.180813 
1557 -0.180813 
1558 -0.156217 
1559 -0.156217 
1560 -0.156217 
1561 -0.156217 
1562 -0.156217 
1563 -0.156217 
1564 -0.156217 
1565 -0.445092 
1566 -0.445092 
1567 -0.445092 
1568 -0.445092 
1569 0.252329 
1570 0.252329 
1571 0.252329 
1572 0.252329 
1573 0.252329 
1574 0.400449 
1575 0.421864 
1576 0.421864 
1577 0.421864 
1578 0.421864 
1579 0.421864 
1580 0.421864 
1581 0.184856 
1582 0.184856 
1583 0.184856 
1584 0.184856 
1585 0.184856 
1586 0.184856 
1587 -0.223350 
1588 -0.223350 
1589 -0.223350 
1590 -0.223350 
1591 -0.062300 
1592 -0.062300 
1593 -0.062396 
1594 -0.062396 
1595 -0.062396 
1596 -0.062396 
1597 -0.062396 
1598 -0.062396 
1599 0.168980 
1600 0.168980 
1601 0.168980 
1602 0.168980 
1603 -0.475155 
1604 -0.475155 
1605 -0.475155 
1606 -0.475155 
1607 0.106487 
1608 0.106487 
1609 0.106487 
1610 0.106487 
1611 -0.248938 
1612 -0.248938 
1613 -0.248938 
1614 -0.248938 
1615 0.290297 
1616 0.290297 
1617 0.290297 
1618 0.290297 
1619 -0.390955 
1620 -0.390955 
1621 -0.390955 
1622 -0.390955 
1623 -0.386139 
1624 -0.386139 
1625 -0.386139 
1626 -0.386139 
1627 -0.386139 
1628 0.359423 
1629 0.359423 
1630 0.421864 
1631 -0.103725 
1632 -0.103725 
1633 -0.103725 
1634 -0.103725 
1635 -0.103725 
1636 -0.103725 
1637 -0.366291 
1638 -0.366291 
1639 -0.366291 
1640 -0.366291 
1641 -0.366291 
1642 -0.195460 
1643 -0.195460 
1644 -0.195460 
1645 -0.195460 
1646 -0.459938 
1647 -0.459938 
1648 -0.459938 
1649 -0.459938 
1650 0.413320 
1651 0.413320 
1652 0.413320 
1653 0.413320 
1654 0.241921 
1655 0.241921 
1656 0.241921 
1657 0.241921 
1658 -0.419130 
1659 -0.419130 
1660 -0.419130 
1661 -0.419130 
1662 -0.419130 
1663 0.425441 
1664 0.425441 
1665 0.425441 
1666 0.425441 
1667 0.425441 
1668 -0.414810 
1669 -0.414810 
1670 -0.414810 
1671 -0.414810 
1672 0.137693 
1673 0.137693 
1674 0.137693 
1675 0.137693 
1676 -0.029646 
1677 -0.029646 
1678 -0.029646 
1679 -0.029646 
1680 -0.029646 
1681 -0.103725 
1682 0.061852 
1683 0.061852 
1684 0.061852 
1685 0.061852 
1686 0.061852 
1687 0.061852 
1688 -0.375998 
1689 -0.375998 
1690 -0.375998 
1691 -0.375998 
1692 -0.375998 
1693 -0.135850 
1694 -0.135850 
1695 -0.135850 
1696 -0.135850 
1697 -0.135850 
1698 0.305173 
1699 0.305173 
1700 0.305173 
1701 -0.235383 
1702 -0.235383 
1703 -0.235383 
1704 -0.235383 
1705 0.377429 
1706 0.377429 
1707 0.377429 
1708 0.377429 
1709 -0.267254 
1710 -0.267254 
1711 -0.267254 
1712 -0.267254 
1713 0.120826 
1714 0.120826 
1715 0.249822 
1716 0.249822 
1717 0.249822 
1718 0.249822 
1719 0.249822 
1720 0.249822 
1721 0.282183 
1722 0.282183 
1723 0.282183 
1724 0.282183 
1725 -0.277652 
1726 -0.277652 
1727 -0.277652 
1728 -0.277652 
1729 -0.277652 
1730 0.335794 
1731 0.335794 
1732 0.061852 
1733 0.454997 
1734 0.454997 
1735 0.454997 
1736 0.454997 
1737 0.454997 
1738 0.454997 
1739 -0.452656 
1740 -0.452656 
1741 -0.452656 
1742 -0.452656 
1743 -0.452656 
1744 0.393115 
1745 0.393115 
1746 0.393115 
1747 0.393115 
1748 -0.007932 
1749 -0.007932 
1750 -0.007932 
1751 -0.007932 
1752 0.438432 
1753 0.438432 
1754 0.438432 
1755 0.438432 
1756 -0.006799 
1757 -0.006799 
1758 -0.006799 
1759 -0.006799 
1760 -0.291682 
1761 -0.291682 
1762 0.395718 
1763 0.395718 
1764 0.395718 
1765 0.395718 
1766 0.395718 
1767 0.395718 
1768 0.395718 
1769 -0.477509 
1770 -0.477509 
1771 -0.477509 
1772 -0.477509 
1773 0.144645 
1774 0.144645 
1775 0.144645 
1776 0.144645 
1777 -0.101723 
1778 -0.101723 
1779 -0.101723 
1780 -0.101723 
1781 -0.115259 
1782 -0.115259 
1783 -0.115259 
1784 0.454997 
1785 0.210184 
1786 0.210184 
1787 0.210184 
1788 0.210184 
1789 0.210184 
1790 0.210184 
1791 -0.029646 
1792 -0.029646 
1793 -0.029646 
1794 -0.029646 
1795 -0.277085 
1796 -0.277085 
1797 -0.277085 
1798 -0.277085 
1799 -0.277085 
1800 0.195431 
1801 0.195431 
1802 0.195431 
1803 0.457596 
1804 0.457596 
1805 0.457596 
1806 0.457596 
1807 0.237742 
1808 0.237742 
1809 0.237742 
1810 0.237742 
1811 -0.216446 
1812 -0.216446 
1813 -0.216446 
1814 -0.216446 
1815 -0.191188 
1816 -0.191188 
1817 -0.004312 
1818 -0.004312 
1819 -0.004312 
1820 -0.004312 
1821 -0.004312 
1822 -0.004312 
1823 0.236987 
1824 0.236987 
1825 0.236987 
1826 0.236987 
1827 -0.102419 
1828 -0.102419 
1829 -0.102419 
1830 -0.102419 
1831 -0.102419 
1832 0.220303 
1833 0.220303 
1834 0.220303 
1835 0.310341 
1836 0.310341 
1837 0.310341 
1838 0.310341 
1839 0.310341 
1840 0.310341 
1841 0.200301 
1842 0.200301 
1843 0.200301 
1844 0.200301 
1845 0.288035 
1846 0.288035 
1847 0.288035 
1848 0.210184 
1849 0.379225 
1850 0.379225 
1851 0.379225 
1852 0.379225 
1853 0.379225 
1854 0.379225 
1855 0.340403 
1856 0.340403 
1857 0.340403 
1858 0.340403 
1859 0.340403 
1860 0.289830 
1861 0.289830 
1862 0.289830 
1863 0.289830 
1864 -0.166764 
1865 -0.166764 
1866 -0.166764 
1867 -0.166764 
1868 -0.166764 
1869 -0.166764 
1870 0.060729 
1871 0.060729 
1872 0.060729 
1873 0.060729 
1874 0.327811 
1875 0.327811 
1876 0.327811 
1877 0.327811 
1878 0.229904 
1879 0.229904 
1880 0.229904 
1881 0.229904 
1882 -0.470182 
1883 -0.470182 
1884 -0.470182 
1885 -0.470182 
1886 -0.122597 
1887 -0.122597 
1888 -0.122597 
1889 -0.122597 
1890 0.436111 
1891 0.436111 
1892 0.436111 
1893 0.436111 
1894 -0.396215 
1895 -0.396215 
1896 -0.429920 
1897 -0.429920 
1898 -0.429920 
1899 -0.429920 
1900 -0.429920 
1901 -0.429920 
1902 0.366278 
1903 0.366278 
1904 0.366278 
1905 0.379225 
1906 0.365547 
1907 0.365547 
1908 0.365547 
1909 0.365547 
1910 0.365547 
1911 0.365547 
1912 -0.115259 
1913 -0.115259 
1914 -0.115259 
1915 -0.115259 
1916 -0.115259 
1917 0.457384 
1918 0.457384 
1919 0.457384 
1920 0.457384 
1921 0.295652 
1922 0.295652 
1923 0.295652 
1924 0.295652 
1925 -0.215841 
1926 -0.215841 
1927 -0.215841 
1928 -0.215841 
1929 -0.283248 
1930 -0.283248 
1931 -0.283248 
1932 -0.283248 
1933 -0.283248 
1934 0.365547 
1935 0.365547 
1936 0.365547 
1937 0.378112 
1938 0.378112 
1939 0.378112 
1940 0.378112 
1941 0.413320 
1942 0.413320 
1943 0.413320 
1944 0.413320 
1945 0.413320 
1946 0.413320 
1947 0.241921 
1948 0.241921 
1949 0.241921 
1950 0.241921 
1951 -0.419130 
1952 -0.419130 
1953 -0.419130 
1954 -0.419130 
1955 -0.419130 
1956 0.365547 
1957 0.143293 
1958 0.143293 
1959 0.143293 
1960 0.143293 
1961 0.143293 
1962 0.143293 
1963 -0.255165 
1964 -0.255165 
1965 -0.255165 
1966 0.334653 
1967 0.334653 
1968 0.334653 
1969 0.334653 
1970 0.334653 
1971 0.334653 
1972 0.335794 
1973 0.335794 
1974 0.335794 
1975 0.335794 
1976 0.040089 
1977 0.040089 
1978 0.040089 
1979 0.040089 
1980 -0.337723 
1981 -0.337723 
1982 -0.337723 
1983 -0.337723 
1984 0.366024 
1985 0.366024 
1986 0.366024 
1987 0.366024 
1988 -0.321912 
1989 -0.321912 
1990 -0.321912 
1991 -0.321912 
1992 0.405829 
1993 0.405829 
1994 0.405829 
1995 0.405829 
1996 -0.023008 
1997 -0.023008 
1998 -0.023008 
1999 -0.023008 
2000 -0.023008 
2001 0.195431 
2002 -0.135850 
2003 -0.135850 
2004 -0.135850 
2005 -0.135850 
2006 -0.135850 
2007 0.143293 
2008 0.378112 
2009 0.378112 
2010 0.378112 
2011 0.378112 
2012 0.378112 
2013 0.378112 
2014 0.304132 
2015 0.304132 
2016 0.304132 
2017 0.457596 
2018 0.457596 
2019 0.457596 
2020 0.457596 
2021 0.237742 
2022 0.237742 
2023 0.237742 
2024 0.237742 
2025 -0.216446 
2026 -0.216446 
2027 -0.248938 
2028 -0.248938 
2029 -0.248938 
2030 -0.248938 
2031 -0.248938 
2032 -0.248938 
2033 0.290297 
2034 0.290297 
2035 0.290297 
2036 0.290297 
2037 0.271694 
2038 0.271694 
2039 0.271694 
2040 0.271694 
2041 -0.385983 
2042 -0.385983 
2043 -0.385983 
2044 -0.385983 
2045 -0.387465 
2046 -0.387465 
2047 -0.387465 
2048 -0.387465 
2049 0.326451 
2050 0.326451 
2051 0.326451 
2052 0.326451 
2053 -0.234764 
2054 -0.234764 
2055 -0.234764 
2056 -0.234764 
2057 -0.234764 
2058 0.378112 
2059 -0.490444 
2060 -0.490444 
2061 -0.490444 
2062 -0.490444 
2063 -0.490444 
2064 -0.490444 
2065 0.406844 
2066 0.406844 
2067 0.406844 
2068 0.406844 
2069 0.406844 
2070 0.406844 
2071 -0.145557 
2072 -0.145557 
2073 -0.145557 
2074 0.328117 
2075 0.328117 
2076 0.328117 
2077 0.328117 
2078 0.326803 
2079 0.326803 
2080 0.326803 
2081 0.326803 
2082 -0.215841 
2083 -0.215841 
2084 -0.215841 
2085 -0.215841 
2086 -0.215841 
2087 -0.215841 
2088 -0.283248 
2089 -0.283248 
2090 -0.283248 
2091 -0.283248 
2092 0.252980 
2093 0.252980 
2094 0.252980 
2095 0.252980 
2096 -0.312451 
2097 -0.312451 
2098 -0.312451 
2099 -0.312451 
2100 0.276794 
2101 0.276794 
2102 0.276794 
2103 -0.014036 
2104 -0.014036 
2105 0.496292 
2106 0.496292 
2107 0.496292 
2108 0.496292 
2109 0.496292 
2110 -0.490444 
2111 -0.071498 
2112 -0.071498 
2113 -0.071498 
2114 -0.071498 
2115 -0.071498 
2116 -0.071498 
2117 0.446680 
2118 0.446680 
2119 0.446680 
2120 0.446680 
2121 -0.405886 
2122 -0.405886 
2123 -0.405886 
2124 -0.405886 
2125 -0.456407 
2126 -0.456407 
2127 -0.456407 
2128 -0.456407 
2129 0.366278 
2130 0.366278 
2131 0.366278 
2132 0.366278 
2133 -0.129234 
2134 -0.129234 
2135 -0.381412 
2136 -0.381412 
2137 -0.381412 
2138 -0.381412 
2139 -0.381412 
2140 -0.381412 
2141 -0.381412 
2142 0.145847 
2143 0.145847 
2144 0.145847 
2145 0.145847 
2146 0.400449 
2147 0.400449 
2148 0.400449 
2149 0.400449 
2150 0.210184 
2151 0.210184 
2152 0.210184 
2153 0.210184 
2154 -0.453431 
2155 -0.453431 
2156 -0.453431 
2157 -0.453431 
2158 -0.094833 
2159 -0.094833 
2160 -0.094833 
2161 -0.071498 
2162 -0.156217 
2163 -0.156217 
2164 -0.156217 
2165 -0.156217 
2166 -0.156217 
2167 -0.156217 
2168 -0.472974 
2169 -0.472974 
2170 -0.472974 
2171 -0.472974 
2172 -0.472974 
2173 -0.472974 
2174 0.304601 
2175 0.304601 
2176 0.304601 
2177 0.304601 
2178 0.033835 
2179 0.033835 
2180 0.033835 
2181 0.033835 
2182 0.335506 
2183 0.335506 
2184 0.335506 
2185 0.335506 
2186 0.089483 
2187 0.089483 
2188 0.089483 
2189 0.089483 
2190 0.063801 
2191 0.063801 
2192 0.063801 
2193 0.063801 
2194 -0.473574 
2195 -0.473574 
2196 -0.473574 
2197 -0.473574 
2198 -0.473574 
2199 -0.473574 
2200 0.231931 
2201 0.231931 
2202 0.231931 
2203 0.231931 
2204 0.231931 
2205 0.258014 
2206 0.258014 
2207 0.258014 
2208 0.258014 
2209 0.198745 
2210 0.198745 
2211 0.198745 
2212 -0.156217 
2213 -0.445092 
2214 -0.445092 
2215 -0.445092 
2216 -0.445092 
2217 -0.445092 
2218 -0.445092 
2219 0.409495 
2220 0.409495 
2221 0.415982 
2222 0.415982 
2223 0.415982 
2224 0.415982 
2225 0.327337 
2226 0.327337 
2227 0.327337 
2228 0.327337 
2229 0.031005 
2230 0.031005 
2231 0.031005 
2232 0.031005 
2233 0.293371 
2234 0.293371 
2235 0.293371 
2236 0.293371 
2237 -0.255165 
2238 -0.255165 
2239 -0.255165 
2240 -0.255165 
2241 -0.255165 
2242 -0.255165 
2243 -0.255165 
2244 0.258014 
2245 0.258014 
2246 0.258014 
2247 0.258014 
2248 0.415982 
2249 0.415982 
2250 0.415982 
2251 0.415982 
2252 0.327337 
2253 0.327337 
2254 0.327337 
2255 0.327337 
2256 0.031005 
2257 0.031005 
2258 0.031005 
2259 0.031005 
2260 -0.069807 
2261 -0.069807 
2262 -0.069807 
2263 -0.445092 
2264 0.249822 
2265 0.249822 
2266 0.249822 
2267 0.249822 
2268 0.249822 
2269 0.249822 
2270 0.293371 
2271 0.293371 
2272 0.293371 
2273 0.293371 
2274 0.293371 
2275 0.236819 
2276 0.236819 
2277 0.236819 
2278 0.304601 
2279 0.304601 
2280 0.304601 
2281 0.304601 
2282 0.033835 
2283 0.033835 
2284 0.033835 
2285 0.033835 
2286 0.335506 
2287 0.335506 
2288 0.335506 
2289 0.335506 
2290 -0.124933 
2291 -0.124933 
2292 -0.124933 
2293 -0.124933 
2294 -0.153873 
2295 -0.153873 
2296 0.284567 
2297 0.284567 
2298 0.284567 
2299 0.284567 
2300 0.284567 
2301 0.284567 
2302 0.088801 
2303 0.088801 
2304 0.088801 
2305 0.088801 
2306 0.088801 
2307 -0.303712 
2308 -0.303712 
2309 -0.303712 
2310 -0.303712 
2311 0.040089 
2312 0.040089 
2313 0.040089 
2314 0.249822 
2315 0.053933 
2316 0.053933 
2317 0.053933 
2318 0.053933 
2319 0.053933 
2320 0.053933 
2321 0.099275 
2322 0.099275 
2323 0.099275 
2324 0.099275 
2325 0.099275 
2326 0.099275 
2327 -0.122718 
2328 -0.122718 
2329 -0.122718 
2330 -0.122718 
2331 0.167764 
2332 0.167764 
2333 0.167764 
2334 0.167764 
2335 -0.174164 
2336 -0.174164 
2337 -0.174164 
2338 -0.174164 
2339 0.365600 
2340 0.365600 
2341 0.365600 
2342 0.365600 
2343 0.365600 
2344 0.365600 
2345 0.365600 
2346 0.304818 
2347 0.304818 
2348 0.304818 
2349 0.304818 
2350 -0.346729 
2351 -0.346729 
2352 -0.346729 
2353 -0.346729 
2354 -0.371651 
2355 -0.371651 
2356 -0.371651 
2357 -0.371651 
2358 0.033382 
2359 0.033382 
2360 0.033382 
2361 0.033382 
2362 -0.089215 
2363 -0.089215 
2364 -0.089215 
2365 -0.089215 
2366 0.184856 
2367 0.184856 
2368 0.184856 
2369 0.184856 
2370 0.184856 
2371 0.053933 
2372 0.252329 
2373 0.252329 
2374 0.252329 
2375 0.252329 
2376 0.252329 
2377 0.252329 
2378 0.441835 
2379 0.441835 
2380 0.441835 
2381 0.441835 
2382 0.441835 
2383 0.441835 
2384 -0.221108 
2385 -0.221108 
2386 -0.221108 
2387 -0.221108 
2388 -0.423487 
2389 -0.423487 
2390 -0.423487 
2391 -0.423487 
2392 0.145334 
2393 0.145334 
2394 0.145334 
2395 0.145334 
2396 -0.409711 
2397 -0.409711 
2398 -0.409711 
2399 -0.409711 
2400 -0.098634 
2401 -0.098634 
2402 -0.098634 
2403 -0.098634 
2404 -0.388280 
2405 -0.388280 
2406 0.107808 
2407 0.107808 
2408 0.107808 
2409 0.107808 
2410 0.107808 
2411 0.107808 
2412 0.107808 
2413 0.454997 
2414 0.454997 
2415 -0.149774 
2416 -0.149774 
2417 -0.149774 
2418 -0.149774 
2419 -0.149774 
2420 -0.149774 
2421 -0.149774 
2422 0.252329 
2423 0.282183 
2424 0.282183 
2425 0.282183 
2426 0.282183 
2427 0.282183 
2428 0.282183 
2429 0.480939 
2430 0.480939 
2431 0.480939 
2432 0.480939 
2433 0.480939 
2434 0.480939 
2435 0.349557 
2436 0.349557 
2437 0.349557 
2438 0.349557 
2439 -0.453504 
2440 -0.453504 
2441 -0.453504 
2442 -0.453504 
2443 -0.453504 
2444 0.369314 
2445 0.369314 
2446 0.369314 
2447 -0.274447 
2448 -0.274447 
2449 -0.274447 
2450 -0.274447 
2451 -0.380125 
2452 -0.380125 
2453 -0.380125 
2454 -0.380125 
2455 -0.472656 
2456 -0.472656 
2457 -0.472656 
2458 -0.472656 
2459 -0.015161 
2460 -0.015161 
2461 -0.015161 
2462 -0.015161 
2463 0.204393 
2464 0.204393 
2465 0.204393 
2466 0.204393 
2467 -0.246997 
2468 -0.246997 
2469 -0.246997 
2470 -0.246997 
2471 -0.415118 
2472 -0.415118 
2473 -0.415118 
2474 0.282183 
2475 -0.350713 
2476 -0.350713 
2477 -0.350713 
2478 -0.350713 
2479 -0.350713 
2480 -0.350713 
2481 0.252980 
2482 0.252980 
2483 0.252980 
2484 0.252980 
2485 0.252980 
2486 -0.312451 
2487 -0.312451 
2488 -0.312451 
2489 -0.312451 
2490 0.276794 
2491 0.276794 
2492 0.276794 
2493 0.276794 
2494 -0.143134 
2495 -0.143134 
2496 -0.143134 
2497 -0.143134 
2498 -0.214583 
2499 -0.214583 
2500 -0.214583 
2501 -0.214583 
2502 0.395718 
2503 0.395718 
2504 0.395718 
2505 0.395718 
2506 -0.477509 
2507 -0.477509 
2508 0.271694 
2509 0.271694 
2510 0.271694 
2511 0.271694 
2512 0.271694 
2513 0.271694 
2514 -0.385983 
2515 -0.385983 
2516 -0.385983 
2517 -0.385983 
2518 -0.387465 
2519 -0.387465 
2520 -0.387465 
2521 -0.387465 
2522 -0.387465 
2523 -0.350713 
2524 -0.350713 
2525 -0.124933 
2526 -0.124933 
2527 -0.124933 
2528 -0.124933 
2529 -0.124933 
2530 -0.124933 
2531 0.326451 
2532 0.326451 
2533 0.326451 
2534 0.326451 
2535 0.326451 
2536 -0.234764 
2537 -0.234764 
2538 -0.234764 
2539 -0.234764 
2540 -0.009694 
2541 -0.009694 
2542 -0.009694 
2543 -0.009694 
2544 0.305173 
2545 0.305173 
2546 0.305173 
2547 -0.142701 
2548 -0.142701 
2549 -0.142701 
2550 0.365594 
2551 0.365594 
2552 0.365594 
2553 0.365594 
2554 0.310696 
2555 0.310696 
2556 0.310696 
2557 0.310696 
2558 -0.473574 
2559 -0.473574 
2560 -0.473574 
2561 -0.473574 
2562 0.231931 
2563 0.231931 
2564 0.231931 
2565 0.231931 
2566 0.236916 
2567 0.236916 
2568 0.236916 
2569 0.236916 
2570 -0.287934 
2571 -0.287934 
2572 -0.287934 
2573 -0.287934 
2574 -0.287934 
2575 -0.124933 
2576 -0.153873 
2577 -0.153873 
2578 -0.153873 
2579 -0.153873 
2580 -0.153873 
2581 -0.153873 
2582 -0.223350 
2583 -0.223350 
2584 -0.223350 
2585 -0.412494 
2586 -0.412494 
2587 -0.412494 
2588 -0.412494 
2589 0.107621 
2590 0.107621 
2591 0.107621 
2592 0.107621 
2593 -0.184070 
2594 -0.184070 
2595 -0.184070 
2596 -0.184070 
2597 -0.202912 
2598 -0.202912 
2599 -0.202912 
2600 -0.202912 
2601 -0.202912 
2602 -0.202912 
2603 -0.495434 
2604 -0.495434 
2605 -0.495434 
2606 -0.495434 
2607 -0.367422 
2608 -0.367422 
2609 -0.367422 
2610 -0.367422 
2611 0.223294 
2612 0.223294 
2613 0.223294 
2614 0.223294 
2615 -0.429920 
2616 -0.429920 
2617 -0.429920 
2618 -0.429920 
2619 -0.115259 
2620 -0.115259 
2621 -0.265475 
2622 -0.265475 
2623 -0.265475 
2624 -0.265475 
2625 -0.265475 
2626 -0.153873 
2627 0.211004 
2628 0.211004 
2629 0.211004 
2630 0.211004 
2631 0.211004 
2632 0.211004 
2633 0.143293 
2634 0.143293 
2635 0.143293 
2636 0.457384 
2637 0.457384 
2638 0.457384 
2639 0.457384 
2640 0.295652 
2641 0.295652 
2642 0.295652 
2643 0.295652 
2644 -0.085679 
2645 -0.085679 
2646 -0.085679 
2647 -0.085679 
2648 -0.085679 
2649 -0.085679 
2650 -0.363202 
2651 -0.363202 
2652 -0.363202 
2653 -0.363202 
2654 -0.152125 
2655 -0.152125 
2656 -0.152125 
2657 -0.152125 
2658 0.059491 
2659 0.059491 
2660 0.059491 
2661 0.059491 
2662 0.320565 
2663 0.320565 
2664 0.320565 
2665 0.320565 
2666 0.352045 
2667 0.352045 
2668 0.352045 
2669 0.352045 
2670 0.040671 
2671 0.040671 
2672 0.040671 
2673 0.040671 
2674 -0.060756 
2675 -0.060756 
2676 -0.060756 
2677 0.211004 
2678 0.406844 
2679 0.406844 
2680 0.406844 
2681 0.406844 
2682 0.406844 
2683 0.406844 
2684 -0.494695 
2685 0.277915 
2686 0.277915 
2687 0.277915 
2688 0.277915 
2689 0.177652 
2690 0.177652 
2691 0.177652 
2692 0.177652 
2693 0.004354 
2694 0.004354 
2695 0.004354 
2696 0.004354 
2697 0.386640 
2698 0.386640 
2699 0.386640 
2700 0.386640 
2701 -0.490444 
2702 -0.490444 
2703 -0.490444 
2704 -0.490444 
2705 -0.490444 
2706 -0.490444 
2707 -0.071498 
2708 -0.071498 
2709 -0.071498 
2710 -0.071498 
2711 0.249822 
2712 0.249822 
2713 -0.390955 
2714 -0.390955 
2715 -0.390955 
2716 -0.390955 
2717 -0.390955 
2718 -0.390955 
2719 -0.386139 
2720 -0.386139 
2721 -0.386139 
2722 -0.386139 
2723 -0.145557 
2724 -0.145557 
2725 -0.145557 
2726 -0.145557 
2727 -0.159137 
2728 -0.159137 
2729 -0.159137 
2730 0.406844 
2731 0.421864 
2732 0.421864 
2733 0.421864 
2734 0.421864 
2735 0.421864 
2736 0.421864 
2737 0.421864 
2738 0.421864 
2739 0.153189 
2740 0.153189 
2741 0.153189 
2742 0.153189 
2743 0.153189 
2744 0.153189 
2745 0.328117 
2746 0.328117 
2747 0.328117 
2748 0.328117 
2749 0.328117 
2750 0.328117 
2751 0.328117 
2752 0.325834 
2753 0.325834 
2754 0.007844 
2755 0.007844 
2756 0.251665 
2757 0.251665 
2758 0.112023 
2759 -0.496331 
2760 -0.496331 
2761 -0.175415 
2762 0.390146 
2763 0.153189 
2764 0.376265 
2765 0.376265 
2766 0.335116 
2767 0.335116 
2768 -0.060756 
2769 -0.202912 
2770 0.450532 
2771 0.450532 
2772 -0.017860 
2773 -0.017860 
2774 0.214905 
2775 0.214905 
2776 -0.420751 
2777 -0.420751 
2778 0.247438 
2779 0.247438 
2780 -0.495434 
2781 0.338133 
2782 0.338133 
2783 0.189682 
2784 0.189682 
2785 0.112023 
2786 0.112023 
2787 -0.175415 
2788 -0.175415 
2789 -0.367422 
2790 0.390146 
2791 0.390146 
2792 -0.224905 
2793 -0.224905 
2794 -0.224905 
2795 -0.224905 
2796 -0.224905 
2797 -0.224905 
2798 0.053933 
2799 0.053933 
2800 -0.224905 
2801 -0.224905 
2802 -0.224905 
2803 -0.224905 
2804 -0.224905 
2805 -0.321912 
2806 -0.321912 
2807 -0.048470 
2808 0.103720 
2809 -0.406988 
2810 -0.207932 
2811 -0.018239 
2812 -0.465855 
2813 0.129688 
2814 0.412934 
2815 -0.209393 
2816 0.083836 
2817 0.311282 
2818 0.107568 
2819 -0.103725 
2820 -0.265475 
2821 -0.265475 
2822 -0.265475 
2823 -0.265475 
2824 -0.265475 
2825 -0.265475 
2826 -0.265475 
2827 -0.265475 
2828 -0.381412 
2829 0.311282 
2830 0.311282 
2831 0.311282 
2832 0.311282 
2833 0.311282 
2834 0.311282 
2835 0.311282 
2836 0.233298 
2837 0.405829 
2838 0.405829 
2839 0.363955 
2840 0.311282 
2841 -0.381412 
2842 -0.381412 
2843 -0.381412 
2844 -0.381412 
2845 -0.381412 
2846 -0.381412 
2847 0.396578 
2848 -0.101864 
2849 0.236525 
2850 0.046985 
2851 -0.311567 
2852 0.190579 
2853 -0.246997 
2854 0.277915 
2855 0.177652 
2856 0.004354 
2857 0.145334 
2858 -0.204613 
2859 0.386640 
2860 -0.085679 
2861 -0.296064 
2862 -0.250029 
2863 -0.116400 
2864 -0.216558 
2865 -0.453431 
2866 -0.472974 
2867 0.211567 
2868 0.484938 
2869 0.236987 
2870 -0.102419 
2871 0.271694 
2872 -0.385983 
2873 0.061852 
2874 -0.387465 
2875 0.326451 
2876 -0.234764 
2877 -0.009694 
2878 0.305173 
2879 -0.235383 
2880 0.377429 
2881 -0.267254 
2882 0.120826 
2883 -0.440286 
2884 0.409495 
2885 0.198745 
2886 0.446680 
2887 -0.409711 
2888 -0.265475 
2889 -0.098634 
2890 0.446680 
2891 0.446680 
2892 0.279074 
2893 -0.368300 
2894 -0.473006 
2895 0.377809 
2896 -0.068174 
2897 -0.411804 
2898 0.252390 
2899 0.370590 
2900 0.198745 
2901 0.409495 
2902 -0.388280 
2903 -0.149774 
2904 -0.343711 
2905 0.480939 
2906 0.365600 
2907 0.059491 
2908 -0.210675 
2909 0.223732 
2910 0.088801 
2911 0.243729 
2912 0.208956 
2913 0.208956 
2914 -0.014036 
2915 -0.490239 
2916 -0.014036 
2917 -0.400176 
2918 -0.400176 
2919 -0.180813 
2920 -0.014036 
2921 -0.209352 
2922 -0.236274 
2923 -0.014036 
2924 -0.347228 
2925 -0.152125 
2926 -0.442194 
2927 -0.210675 
2928 -0.210675 
2929 -0.427158 
2930 -0.210675 
2931 0.059491 
2932 -0.210675 
2933 0.059491 
2934 0.059491 
2935 0.320565 
2936 -0.210675 
2937 -0.055117 
2938 0.024865 
2939 0.024865 
2940 0.024865 
2941 0.024865 
2942 0.024865 
2943 0.040671 
2944 -0.210675 
2945 -0.152125 
2946 0.059491 
2947 0.320565 
2948 0.059491 
2949 -0.210675 
2950 0.365600 
2951 -0.210675 
2952 -0.210675 
2953 -0.210675 
2954 0.320565 
2955 0.059491 
2956 -0.210675 
2957 -0.210675 
2958 0.304818 
2959 0.320565 
2960 0.304818 
2961 0.304818 
2962 -0.152125 
2963 -0.023008 
2964 -0.223350 
2965 -0.223350 
2966 -0.223350 
2967 -0.223350 
2968 -0.223350 
2969 -0.223350 
2970 -0.223350 
2971 -0.223350 
2972 -0.062396 
2973 0.168980 
2974 -0.475155 
2975 0.106487 
2976 -0.009694 
2977 0.305173 
2978 -0.235383 
2979 0.377429 
2980 -0.267254 
2981 0.120826 
2982 -0.440286 
2983 -0.224905 
2984 0.249880 
2985 0.284567 
2986 0.088801 
2987 -0.363202 
2988 -0.152125 
2989 0.059491 
2990 -0.023008 
2991 -0.023008 
2992 -0.023008 
2993 -0.023008 
2994 -0.023008 
2995 -0.023008 
2996 0.265836 
2997 -0.210675 
2998 -0.210675 
2999 -0.210675 
3000 -0.405886 
3001 0.265836 
3002 -0.210675 
3003 -0.210675 
3004 0.320565 
3005 0.320565 
3006 -0.210675 
3007 -0.152125 
3008 -0.456407 
3009 -0.456407 
3010 -0.456407 
3011 -0.427158 
3012 0.265836 
3013 -0.210675 
3014 -0.346729 
3015 -0.405886 
3016 0.320565 
3017 0.320565 
3018 0.365600 
3019 -0.442194 
3020 0.365600 
3021 0.365600 
3022 -0.210675 
3023 -0.405886 
3024 -0.152125 
3025 -0.456407 
3026 -0.456407 
3027 0.365600 
3028 -0.346729 
3029 0.365600 
3030 -0.210675 
