3031 1
0 2.071605 
1 -1.558250 
2 -1.051845 
3 -0.916457 
4 -1.824678 
5 -1.206997 
6 -1.972528 
7 -0.821059 
8 -2.099731 
9 -1.856584 
10 -0.743898 
11 1.373252 
12 0.112855 
13 2.224626 
14 1.560580 
15 1.391028 
16 0.110756 
17 2.202987 
18 0.354753 
19 2.103958 
20 0.797481 
21 2.036578 
22 -0.302918 
23 2.197837 
24 0.662699 
25 2.508001 
26 0.447932 
27 1.073700 
28 2.458388 
29 -0.273279 
30 0.014189 
31 1.927969 
32 1.527243 
33 1.447040 
34 1.607720 
35 1.369304 
36 1.537964 
37 1.553587 
38 2.139834 
39 0.463697 
40 1.992755 
41 1.822568 
42 1.040685 
43 1.080716 
44 1.875359 
45 2.179898 
46 1.203133 
47 0.430785 
48 2.471603 
49 1.603022 
50 0.711087 
51 0.291592 
52 1.561289 
53 1.644688 
54 1.670704 
55 1.317583 
56 -0.349819 
57 -2.206953 
58 1.974795 
59 -0.187107 
60 1.720789 
61 0.081838 
62 1.950218 
63 1.767225 
64 -0.605295 
65 0.680834 
66 2.343513 
67 1.806171 
68 0.171043 
69 -2.790328 
70 0.020844 
71 0.463125 
72 -1.168988 
73 -1.199471 
74 -2.134364 
75 -1.816233 
76 -3.105884 
77 -0.328109 
78 -0.656689 
79 -0.334982 
80 -0.329274 
81 -1.815409 
82 2.528291 
83 -0.432484 
84 1.752060 
85 -0.728325 
86 1.001096 
87 1.937567 
88 1.618581 
89 1.603510 
90 1.691821 
91 0.842892 
92 1.399090 
93 1.486966 
94 1.558076 
95 1.501176 
96 1.481503 
97 1.394570 
98 1.447160 
99 1.653755 
100 1.260511 
101 1.851270 
102 1.376990 
103 1.412084 
104 1.566107 
105 1.537216 
106 1.427178 
107 1.412074 
108 1.468682 
109 1.570288 
110 1.540736 
111 1.426159 
112 1.279346 
113 1.292781 
114 1.497364 
115 1.780947 
116 2.011803 
117 1.127736 
118 -1.914137 
119 -0.655275 
120 0.542996 
121 2.297704 
122 1.861393 
123 -0.461593 
124 0.106330 
125 2.499023 
126 -0.625489 
127 -1.592679 
128 1.975838 
129 0.888625 
130 1.123736 
131 1.673375 
132 1.393390 
133 1.506418 
134 1.572334 
135 -1.477125 
136 0.932596 
137 0.851186 
138 -1.718568 
139 2.163817 
140 1.576146 
141 0.762744 
142 1.516217 
143 1.922212 
144 0.565427 
145 1.966231 
146 -1.087751 
147 -2.219142 
148 -0.130955 
149 1.386122 
150 -1.601043 
151 -2.125224 
152 -1.200024 
153 1.585635 
154 2.119172 
155 0.350386 
156 -1.716503 
157 -1.521653 
158 -0.596193 
159 -2.051711 
160 -1.834556 
161 -1.470110 
162 1.459095 
163 1.383403 
164 2.284822 
165 -0.463130 
166 -1.186697 
167 1.522854 
168 1.304686 
169 1.944542 
170 1.603667 
171 0.977498 
172 -1.600672 
173 0.398109 
174 -1.716677 
175 1.787029 
176 1.763721 
177 -0.852203 
178 0.694458 
179 2.127453 
180 -1.286726 
181 0.907295 
182 1.415631 
183 -2.191037 
184 0.078452 
185 1.417475 
186 -2.480161 
187 0.712221 
188 -0.564550 
189 2.141022 
190 -1.450461 
191 1.428979 
192 1.002486 
193 -1.993003 
194 2.003987 
195 0.262251 
196 -1.851035 
197 -0.972069 
198 -1.380636 
199 -1.620001 
200 -0.276361 
201 1.747630 
202 -2.111021 
203 -1.193965 
204 0.793765 
205 -1.978931 
206 -2.154732 
207 0.304422 
208 -2.320856 
209 -1.081572 
210 -1.345785 
211 -0.929113 
212 0.275488 
213 -2.761244 
214 -0.993657 
215 0.868581 
216 -1.916209 
217 1.845066 
218 1.116458 
219 1.118677 
220 -3.071712 
221 -0.326822 
222 0.528700 
223 0.568941 
224 -1.763044 
225 -1.990498 
226 -0.386733 
227 -1.495521 
228 -2.721655 
229 0.533750 
230 -0.784906 
231 1.255946 
232 0.043063 
233 1.012460 
234 2.750838 
235 -1.070435 
236 -1.384220 
237 0.071581 
238 -1.856080 
239 -2.096509 
240 -1.407743 
241 -1.585772 
242 -1.589239 
243 -1.539099 
244 -0.911544 
245 0.364698 
246 1.994619 
247 2.228873 
248 1.081919 
249 2.655347 
250 1.104176 
251 -0.054329 
252 1.649869 
253 1.968039 
254 1.512196 
255 -0.242450 
256 -1.266245 
257 1.262411 
258 2.301459 
259 0.475903 
260 1.684917 
261 1.301626 
262 0.339514 
263 2.067100 
264 1.537992 
265 1.520607 
266 2.118341 
267 -0.025972 
268 1.336132 
269 0.973577 
270 -1.804318 
271 -2.092886 
272 -1.079240 
273 0.002246 
274 2.375825 
275 -1.561619 
276 1.774551 
277 1.424144 
278 0.681034 
279 1.761731 
280 2.051386 
281 0.649494 
282 0.114041 
283 2.033387 
284 -1.901185 
285 0.628871 
286 -1.770686 
287 -1.421928 
288 -0.546234 
289 -0.470455 
290 -2.316937 
291 -1.973922 
292 -0.477276 
293 0.317381 
294 -2.544722 
295 -1.922701 
296 -1.578554 
297 -1.918190 
298 -1.632825 
299 -1.701017 
300 -1.262929 
301 -0.835824 
302 -2.028731 
303 -2.130085 
304 -1.968010 
305 0.563886 
306 -2.339574 
307 -0.110570 
308 -1.890911 
309 1.261146 
310 0.022780 
311 -0.051316 
312 2.097725 
313 -1.858153 
314 1.497875 
315 1.982192 
316 1.297968 
317 -0.090303 
318 2.299232 
319 1.623002 
320 0.121959 
321 2.220865 
322 -0.457865 
323 2.074137 
324 1.674647 
325 1.664632 
326 1.086776 
327 1.313046 
328 1.814430 
329 1.900787 
330 0.967640 
331 0.885520 
332 1.438116 
333 1.454964 
334 1.586820 
335 1.472505 
336 1.388326 
337 1.409879 
338 1.418197 
339 1.549588 
340 1.273297 
341 2.198663 
342 1.414842 
343 1.310416 
344 1.411895 
345 1.541415 
346 1.511606 
347 1.485168 
348 1.422002 
349 1.531404 
350 1.444925 
351 1.439239 
352 1.385971 
353 1.279359 
354 1.449652 
355 1.780552 
356 1.757565 
357 1.858066 
358 1.008939 
359 -1.708774 
360 -0.420214 
361 0.633625 
362 1.900897 
363 2.193266 
364 -0.245816 
365 0.645557 
366 2.847803 
367 -0.496484 
368 -0.860313 
369 2.248037 
370 1.104154 
371 1.459596 
372 1.591915 
373 1.416538 
374 1.400997 
375 1.537715 
376 -1.815008 
377 1.317144 
378 1.051215 
379 -1.501531 
380 1.766566 
381 1.545731 
382 0.868275 
383 1.592326 
384 1.747855 
385 0.764492 
386 1.947593 
387 -1.393911 
388 -1.474137 
389 -1.966429 
390 -0.087024 
391 2.143318 
392 1.994556 
393 1.304816 
394 1.503389 
395 1.369208 
396 1.490352 
397 2.501876 
398 0.689422 
399 0.555888 
400 -1.897439 
401 -1.867449 
402 -2.032020 
403 -1.821210 
404 2.154725 
405 2.019591 
406 0.364959 
407 0.379946 
408 0.473082 
409 0.370751 
410 0.451625 
411 -2.715082 
412 -1.346856 
413 -0.683052 
414 -2.066233 
415 -2.068196 
416 -2.018923 
417 -2.028539 
418 -1.767105 
419 -1.696140 
420 1.322856 
421 1.358083 
422 1.803932 
423 1.859915 
424 1.539632 
425 1.469798 
426 1.504811 
427 1.458035 
428 1.333464 
429 1.323135 
430 1.725658 
431 1.671315 
432 1.794193 
433 1.637673 
434 1.911107 
435 2.010088 
436 1.569013 
437 1.651339 
438 1.917420 
439 -0.458766 
440 -0.665198 
441 -0.547807 
442 -0.517894 
443 -0.676482 
444 -0.606933 
445 -0.698079 
446 -0.698325 
447 -0.773655 
448 -0.869501 
449 -0.893195 
450 -0.932517 
451 -0.817870 
452 -0.501993 
453 -0.811246 
454 2.570818 
455 1.363402 
456 1.788076 
457 -1.434288 
458 -1.445538 
459 -1.416910 
460 -1.336258 
461 -1.276551 
462 -1.441375 
463 -2.133228 
464 -1.478917 
465 -1.679863 
466 -1.656189 
467 -1.659488 
468 -1.798855 
469 -1.699204 
470 -1.708304 
471 -1.298969 
472 -1.610614 
473 -1.545387 
474 -1.431466 
475 -1.744471 
476 -1.720645 
477 -1.501301 
478 -1.511407 
479 -1.549422 
480 -1.244402 
481 -1.600149 
482 -1.706536 
483 -2.190892 
484 -3.018871 
485 -0.120814 
486 0.131779 
487 0.492222 
488 0.736516 
489 1.743493 
490 1.685740 
491 1.808214 
492 1.580624 
493 1.681599 
494 1.599686 
495 1.604851 
496 1.913318 
497 1.562168 
498 1.535833 
499 1.177225 
500 1.669637 
501 0.354878 
502 0.083231 
503 -1.678200 
504 -1.477734 
505 -1.435727 
506 -1.504509 
507 -1.747096 
508 -1.313635 
509 -1.135065 
510 1.652556 
511 1.754193 
512 1.493958 
513 1.542061 
514 1.423003 
515 1.370293 
516 1.485697 
517 1.524608 
518 1.505156 
519 1.456656 
520 1.131130 
521 1.556167 
522 1.659618 
523 1.617296 
524 1.496469 
525 1.458526 
526 1.513804 
527 1.526464 
528 1.635519 
529 1.590502 
530 1.625607 
531 1.125142 
532 1.137373 
533 1.332542 
534 1.307582 
535 2.046941 
536 1.811674 
537 1.694374 
538 1.660341 
539 0.595884 
540 1.261106 
541 1.180090 
542 1.256798 
543 1.952902 
544 2.106983 
545 2.018269 
546 -0.248654 
547 -0.191130 
548 -0.164120 
549 1.881317 
550 1.628549 
551 1.866597 
552 1.512796 
553 1.507385 
554 1.442849 
555 1.478253 
556 1.543366 
557 1.408949 
558 1.472059 
559 1.577062 
560 1.505317 
561 1.541668 
562 1.564275 
563 1.455155 
564 1.454903 
565 1.522518 
566 1.583174 
567 1.440781 
568 1.478226 
569 1.475648 
570 1.493716 
571 1.558440 
572 1.497352 
573 1.471014 
574 1.484937 
575 1.515176 
576 1.524842 
577 1.498436 
578 1.550816 
579 1.449650 
580 1.485190 
581 1.493398 
582 1.522393 
583 1.534222 
584 1.549673 
585 1.573554 
586 1.496866 
587 1.469057 
588 1.532317 
589 1.485255 
590 1.472374 
591 1.586358 
592 1.498951 
593 1.467752 
594 1.552780 
595 1.565026 
596 1.527346 
597 1.659328 
598 1.415992 
599 1.421788 
600 0.998911 
601 1.670894 
602 1.690185 
603 1.694310 
604 1.536124 
605 1.560895 
606 1.560275 
607 1.537669 
608 2.007416 
609 1.888136 
610 0.861345 
611 0.858061 
612 0.776936 
613 0.725429 
614 1.950008 
615 2.002083 
616 1.925512 
617 1.303073 
618 1.357574 
619 1.338833 
620 1.504881 
621 1.405375 
622 1.464401 
623 1.510914 
624 1.293699 
625 1.160171 
626 1.290997 
627 2.035930 
628 2.663602 
629 0.946821 
630 0.893532 
631 0.774581 
632 0.707032 
633 0.641425 
634 2.324013 
635 1.846665 
636 1.519003 
637 1.535356 
638 1.490690 
639 1.458325 
640 1.508187 
641 1.521939 
642 1.563423 
643 1.462815 
644 1.697384 
645 1.529373 
646 1.480009 
647 1.148370 
648 1.450401 
649 1.524156 
650 1.406993 
651 1.521621 
652 1.657808 
653 1.543873 
654 1.496796 
655 1.116093 
656 1.093431 
657 1.986697 
658 1.961543 
659 0.401721 
660 0.532098 
661 0.668818 
662 0.647843 
663 2.772856 
664 2.187447 
665 1.284297 
666 1.246650 
667 0.893961 
668 0.938860 
669 0.856531 
670 1.008863 
671 2.674901 
672 1.855498 
673 1.362514 
674 1.411142 
675 1.350249 
676 1.830508 
677 1.772288 
678 1.609938 
679 0.271417 
680 0.706699 
681 1.474180 
682 1.494437 
683 1.632313 
684 1.911109 
685 1.980608 
686 1.237422 
687 1.078068 
688 1.519270 
689 1.576709 
690 1.492435 
691 1.525147 
692 1.116586 
693 1.648819 
694 1.683601 
695 1.641018 
696 1.608259 
697 1.515568 
698 1.502095 
699 1.462234 
700 1.616380 
701 1.663710 
702 1.355230 
703 1.441032 
704 1.349900 
705 1.486527 
706 1.601282 
707 1.635865 
708 1.506387 
709 1.571910 
710 1.499677 
711 1.557339 
712 1.863968 
713 1.854709 
714 -1.519124 
715 0.353976 
716 1.409661 
717 1.386093 
718 -1.559711 
719 -1.596362 
720 -1.551454 
721 -1.613511 
722 -1.533094 
723 -1.548145 
724 -1.455762 
725 -1.539307 
726 -1.594690 
727 -1.581808 
728 -1.529508 
729 -1.581910 
730 -1.619750 
731 -1.458352 
732 -1.461881 
733 -1.636248 
734 -1.533592 
735 -1.565809 
736 -1.630599 
737 -1.577351 
738 -1.477247 
739 -1.461572 
740 -1.897904 
741 -1.449360 
742 -1.350189 
743 -1.233116 
744 -2.841157 
745 0.656842 
746 0.806417 
747 0.827816 
748 1.034415 
749 1.013337 
750 1.043561 
751 2.393845 
752 1.610824 
753 1.534849 
754 0.885814 
755 1.950588 
756 -1.588589 
757 -1.620739 
758 -1.628197 
759 -1.530494 
760 -1.645440 
761 -1.559375 
762 -1.560154 
763 -1.680806 
764 -1.741277 
765 -1.595571 
766 -1.666244 
767 -1.618934 
768 -1.642709 
769 -1.640659 
770 -1.636809 
771 -1.305429 
772 -1.691707 
773 -1.795648 
774 -1.694714 
775 -0.802800 
776 -0.819087 
777 -0.710079 
778 -0.848781 
779 -2.797225 
780 -1.856418 
781 -1.862365 
782 -1.841774 
783 -0.654037 
784 -0.748422 
785 -0.774998 
786 -0.933637 
787 -2.762030 
788 -1.806258 
789 -1.892137 
790 -1.794820 
791 -1.249589 
792 -1.433477 
793 -1.420229 
794 -1.512428 
795 -1.800653 
796 -1.666907 
797 -1.533657 
798 -1.501466 
799 -1.543262 
800 -1.629551 
801 -1.631528 
802 -1.583236 
803 -1.540812 
804 -1.647841 
805 -1.657027 
806 -1.453162 
807 -1.547400 
808 -1.335608 
809 -1.212463 
810 -1.142755 
811 -2.463157 
812 1.651412 
813 1.522848 
814 1.520767 
815 1.574019 
816 1.636961 
817 1.584175 
818 1.377964 
819 1.366062 
820 1.482592 
821 1.490447 
822 1.458738 
823 1.400012 
824 1.405412 
825 1.449219 
826 1.505938 
827 1.504773 
828 1.505276 
829 1.417934 
830 1.488442 
831 1.413437 
832 1.214763 
833 1.193076 
834 1.200706 
835 2.129798 
836 2.225502 
837 1.229234 
838 1.222299 
839 1.191069 
840 1.445232 
841 1.485602 
842 1.465800 
843 1.440427 
844 1.333229 
845 1.697871 
846 1.722378 
847 1.117195 
848 1.435027 
849 1.523535 
850 1.491093 
851 1.518836 
852 1.008415 
853 1.641208 
854 1.615186 
855 1.581177 
856 2.323493 
857 1.192079 
858 1.148641 
859 0.857122 
860 0.725028 
861 0.699232 
862 2.492199 
863 1.642568 
864 1.498813 
865 1.340737 
866 1.349462 
867 1.457663 
868 1.442942 
869 1.359163 
870 1.417932 
871 1.455613 
872 1.567518 
873 1.531950 
874 1.478960 
875 1.528023 
876 1.423431 
877 1.461809 
878 1.672421 
879 1.691847 
880 2.104445 
881 2.075206 
882 0.649667 
883 0.514557 
884 0.700587 
885 0.648035 
886 2.021786 
887 2.133418 
888 1.815366 
889 1.759653 
890 1.203405 
891 1.194537 
892 2.194302 
893 1.865414 
894 -0.905137 
895 -1.207104 
896 -1.902217 
897 -1.986668 
898 -1.360317 
899 -1.158341 
900 -0.936679 
901 -0.881757 
902 0.551892 
903 1.035773 
904 1.437386 
905 1.430960 
906 1.647591 
907 1.723754 
908 1.574232 
909 1.622085 
910 1.562884 
911 1.278362 
912 1.415633 
913 1.393223 
914 1.327430 
915 1.918701 
916 1.800484 
917 1.798049 
918 1.650477 
919 0.521084 
920 0.787008 
921 0.764058 
922 0.932817 
923 2.749438 
924 1.330967 
925 1.523292 
926 1.542412 
927 1.935673 
928 1.827783 
929 1.793135 
930 1.457296 
931 1.435438 
932 2.715874 
933 -1.013987 
934 -0.965282 
935 -0.965971 
936 -1.578743 
937 -1.521016 
938 -1.540097 
939 -1.507597 
940 -1.174278 
941 -1.324858 
942 -1.290489 
943 -2.263632 
944 -2.807335 
945 -0.887212 
946 -0.622006 
947 -0.669684 
948 -0.345175 
949 -0.660751 
950 -0.656833 
951 -3.022123 
952 -2.129116 
953 -1.586971 
954 -1.594328 
955 -1.561039 
956 -2.202542 
957 -1.783980 
958 -1.423795 
959 0.785127 
960 1.064066 
961 1.591648 
962 1.561639 
963 1.854150 
964 1.581481 
965 1.674818 
966 1.661092 
967 1.141213 
968 1.384210 
969 0.581830 
970 0.373941 
971 -2.681581 
972 -1.444078 
973 -1.683158 
974 -1.604903 
975 -1.786555 
976 -2.093438 
977 -1.479741 
978 -1.345924 
979 -1.436472 
980 -1.674378 
981 -1.562785 
982 -1.629053 
983 -1.672119 
984 -1.729006 
985 1.507896 
986 1.459186 
987 1.444186 
988 1.156266 
989 1.197791 
990 1.204681 
991 2.331927 
992 1.511273 
993 1.424306 
994 1.640758 
995 1.667289 
996 1.624815 
997 1.612589 
998 1.511297 
999 1.625734 
1000 1.827971 
1001 1.872054 
1002 1.185194 
1003 1.249359 
1004 1.623322 
1005 1.575003 
1006 1.549685 
1007 1.595615 
1008 1.536787 
1009 1.420197 
1010 1.717940 
1011 1.686406 
1012 1.873776 
1013 1.874102 
1014 1.779271 
1015 0.399810 
1016 0.035757 
1017 -0.175542 
1018 -2.045966 
1019 -2.310432 
1020 -2.218311 
1021 -1.923264 
1022 -0.963332 
1023 -1.030259 
1024 -0.879042 
1025 -0.835026 
1026 -2.013864 
1027 -2.221659 
1028 -2.180483 
1029 -2.145519 
1030 -0.470790 
1031 -0.175380 
1032 0.253001 
1033 0.505060 
1034 1.754428 
1035 1.877141 
1036 0.856634 
1037 0.849229 
1038 1.999866 
1039 1.952872 
1040 1.637073 
1041 1.502980 
1042 1.537621 
1043 1.603357 
1044 2.014069 
1045 1.463963 
1046 1.436389 
1047 1.430171 
1048 1.561460 
1049 1.488291 
1050 1.514678 
1051 1.441322 
1052 2.201818 
1053 0.914184 
1054 0.761266 
1055 1.612694 
1056 2.012803 
1057 1.201130 
1058 1.107165 
1059 1.243926 
1060 0.669877 
1061 1.624257 
1062 1.773643 
1063 1.581055 
1064 1.613512 
1065 1.545817 
1066 1.480139 
1067 1.253367 
1068 2.704279 
1069 -0.190200 
1070 -0.402661 
1071 -0.287092 
1072 -0.223188 
1073 1.461971 
1074 1.583407 
1075 2.027721 
1076 0.996112 
1077 1.656540 
1078 1.684516 
1079 1.954134 
1080 1.883557 
1081 1.820140 
1082 1.294163 
1083 1.305753 
1084 2.436611 
1085 1.120540 
1086 1.050179 
1087 0.729065 
1088 2.556031 
1089 0.290360 
1090 0.813883 
1091 -1.750390 
1092 -1.638847 
1093 -1.563112 
1094 -1.605603 
1095 -1.523963 
1096 -1.347199 
1097 -1.665310 
1098 -1.730617 
1099 -1.708174 
1100 -1.584511 
1101 -1.575701 
1102 -1.514432 
1103 -1.494863 
1104 -1.633074 
1105 -1.668032 
1106 -1.689546 
1107 -1.649028 
1108 -1.499101 
1109 -1.434810 
1110 -1.639520 
1111 -1.650117 
1112 -1.510013 
1113 -1.473750 
1114 -1.444518 
1115 -1.618810 
1116 -1.867768 
1117 -1.797120 
1118 -1.774163 
1119 -1.787929 
1120 -1.849845 
1121 -1.872106 
1122 -1.794001 
1123 -0.514885 
1124 -1.484564 
1125 -0.981208 
1126 -0.819463 
1127 0.874502 
1128 0.944386 
1129 0.809040 
1130 0.169895 
1131 -2.459988 
1132 -1.505801 
1133 -1.623809 
1134 -1.599046 
1135 -1.542874 
1136 -2.033779 
1137 1.376954 
1138 1.310280 
1139 1.406347 
1140 1.423438 
1141 1.435641 
1142 1.495620 
1143 1.687011 
1144 1.585224 
1145 1.486140 
1146 1.519710 
1147 1.521066 
1148 1.150284 
1149 1.782281 
1150 1.660807 
1151 1.381326 
1152 1.265941 
1153 1.295537 
1154 1.272597 
1155 2.115355 
1156 2.672529 
1157 1.002031 
1158 0.809169 
1159 0.734357 
1160 0.987891 
1161 1.188996 
1162 1.196493 
1163 2.240181 
1164 2.644964 
1165 0.893474 
1166 0.714522 
1167 0.522629 
1168 0.517753 
1169 0.303664 
1170 0.317956 
1171 -0.211661 
1172 -0.272951 
1173 -1.850739 
1174 -1.919038 
1175 -2.110557 
1176 -2.830547 
1177 -0.099012 
1178 0.349486 
1179 0.467060 
1180 0.473239 
1181 -1.544081 
1182 -1.624025 
1183 -1.369075 
1184 -1.270294 
1185 -0.760229 
1186 1.568105 
1187 1.855229 
1188 1.539421 
1189 1.491390 
1190 1.514937 
1191 1.531897 
1192 1.754994 
1193 1.684288 
1194 1.206070 
1195 1.245222 
1196 1.662585 
1197 1.569353 
1198 1.356645 
1199 1.300484 
1200 1.770025 
1201 1.966374 
1202 0.975504 
1203 0.695281 
1204 -1.703474 
1205 -1.783920 
1206 -2.111894 
1207 -1.742802 
1208 0.878953 
1209 1.242816 
1210 1.832466 
1211 1.782932 
1212 1.301939 
1213 1.319035 
1214 1.543552 
1215 1.534594 
1216 1.581897 
1217 1.558507 
1218 1.565774 
1219 1.597195 
1220 2.009001 
1221 1.448084 
1222 1.223556 
1223 1.237666 
1224 0.687007 
1225 0.725763 
1226 0.573846 
1227 0.696023 
1228 1.425886 
1229 1.459002 
1230 1.671049 
1231 1.625089 
1232 1.697111 
1233 1.784054 
1234 1.171418 
1235 1.271100 
1236 1.339851 
1237 1.160246 
1238 1.125631 
1239 2.147667 
1240 1.525467 
1241 1.501870 
1242 1.611036 
1243 1.401439 
1244 1.480051 
1245 1.496995 
1246 1.462839 
1247 1.450412 
1248 1.570560 
1249 1.447965 
1250 1.403285 
1251 1.481904 
1252 1.468825 
1253 1.444625 
1254 1.467278 
1255 1.512948 
1256 1.576459 
1257 1.427929 
1258 1.524505 
1259 1.357136 
1260 1.225682 
1261 1.416216 
1262 1.428598 
1263 1.749336 
1264 1.780291 
1265 1.590068 
1266 1.591100 
1267 0.690886 
1268 1.303125 
1269 1.364569 
1270 1.283419 
1271 1.862368 
1272 1.327355 
1273 1.319323 
1274 1.320753 
1275 1.820431 
1276 1.808402 
1277 1.600684 
1278 1.516200 
1279 0.724856 
1280 1.007985 
1281 1.000841 
1282 0.970534 
1283 2.509277 
1284 1.553746 
1285 1.436363 
1286 1.517194 
1287 1.509316 
1288 1.245711 
1289 1.353555 
1290 1.334614 
1291 1.995717 
1292 -2.036615 
1293 -2.083370 
1294 -2.027708 
1295 -1.883876 
1296 -2.091052 
1297 -2.091793 
1298 -0.967658 
1299 -0.928974 
1300 -1.470513 
1301 -1.492264 
1302 -1.493759 
1303 -1.514897 
1304 -1.543958 
1305 -1.552305 
1306 -1.441349 
1307 -1.412810 
1308 -1.442556 
1309 -1.349945 
1310 -1.998652 
1311 -2.030166 
1312 -1.548519 
1313 -1.463141 
1314 -1.383557 
1315 -1.424899 
1316 -1.244084 
1317 -1.278816 
1318 -1.650056 
1319 -1.548876 
1320 -1.386166 
1321 -1.334790 
1322 -1.398977 
1323 -1.638951 
1324 -1.080380 
1325 -1.010210 
1326 -1.886592 
1327 -1.830938 
1328 -1.603392 
1329 -1.528686 
1330 -1.709598 
1331 -1.720031 
1332 -2.223002 
1333 -2.031876 
1334 -0.304035 
1335 -0.202191 
1336 -1.361503 
1337 -1.461270 
1338 -1.464712 
1339 -1.640196 
1340 -0.870297 
1341 -1.560165 
1342 -1.695312 
1343 -1.847163 
1344 -1.645936 
1345 -1.718796 
1346 -2.347009 
1347 0.101611 
1348 0.218333 
1349 0.211574 
1350 0.184698 
1351 0.267717 
1352 0.178189 
1353 0.736773 
1354 0.910457 
1355 2.789245 
1356 2.662926 
1357 0.810030 
1358 0.738192 
1359 0.634537 
1360 0.739198 
1361 0.671928 
1362 0.602215 
1363 0.757530 
1364 0.819178 
1365 0.600581 
1366 0.635763 
1367 0.764326 
1368 0.770316 
1369 0.549832 
1370 0.654289 
1371 0.883280 
1372 0.955790 
1373 0.756850 
1374 0.599284 
1375 0.438586 
1376 0.297741 
1377 -0.996696 
1378 -1.327920 
1379 -1.613897 
1380 -0.981339 
1381 -1.449728 
1382 -1.415378 
1383 -2.449238 
1384 -2.178516 
1385 -1.924327 
1386 -1.836316 
1387 0.115050 
1388 0.519381 
1389 1.546032 
1390 1.510154 
1391 1.573934 
1392 1.636370 
1393 1.655300 
1394 0.677932 
1395 0.394644 
1396 0.263332 
1397 0.219973 
1398 1.977476 
1399 2.235925 
1400 1.480780 
1401 1.454641 
1402 1.516409 
1403 1.384395 
1404 1.461271 
1405 1.531954 
1406 1.392660 
1407 1.492404 
1408 1.712492 
1409 1.801884 
1410 1.183441 
1411 1.084592 
1412 1.138395 
1413 1.309216 
1414 1.626664 
1415 1.682688 
1416 1.496958 
1417 1.416531 
1418 1.473968 
1419 1.533730 
1420 1.899311 
1421 1.781300 
1422 1.202804 
1423 0.903817 
1424 -1.503018 
1425 -1.740377 
1426 -1.605311 
1427 -1.107978 
1428 -1.595723 
1429 -1.284264 
1430 0.544069 
1431 0.820673 
1432 0.549498 
1433 0.289857 
1434 -1.701708 
1435 -2.192303 
1436 -2.075791 
1437 -1.873637 
1438 0.096646 
1439 0.426608 
1440 0.537236 
1441 0.684002 
1442 1.954416 
1443 2.162133 
1444 2.279488 
1445 2.068569 
1446 0.032201 
1447 -0.196839 
1448 -0.484789 
1449 -0.524986 
1450 -0.632405 
1451 2.706925 
1452 -1.600967 
1453 -1.689141 
1454 -1.665461 
1455 -1.671771 
1456 -1.599908 
1457 -1.558623 
1458 -1.674748 
1459 -1.746789 
1460 -1.822110 
1461 -1.740311 
1462 -1.415500 
1463 -1.469485 
1464 -1.624310 
1465 -1.771100 
1466 -1.695098 
1467 -1.043349 
1468 -1.210608 
1469 -1.305628 
1470 -1.427227 
1471 -1.970887 
1472 -1.705206 
1473 -1.626291 
1474 -1.588895 
1475 -1.233392 
1476 -1.468802 
1477 -1.487420 
1478 -1.438347 
1479 -1.756291 
1480 -1.582359 
1481 -1.502236 
1482 -1.545043 
1483 -1.481711 
1484 -1.578243 
1485 -1.580837 
1486 -1.525530 
1487 -1.569151 
1488 -1.381151 
1489 -1.304433 
1490 -1.427015 
1491 -2.256394 
1492 -2.402924 
1493 -2.222136 
1494 -0.534784 
1495 -0.394365 
1496 -0.996437 
1497 -0.855910 
1498 0.813110 
1499 1.033289 
1500 0.258729 
1501 0.518884 
1502 0.580072 
1503 -3.134222 
1504 1.261474 
1505 1.627514 
1506 1.714814 
1507 1.600873 
1508 1.327741 
1509 0.940907 
1510 -1.826895 
1511 -2.146374 
1512 -2.007424 
1513 -1.862561 
1514 -1.639680 
1515 -1.682886 
1516 -1.774581 
1517 -1.807095 
1518 -1.688565 
1519 -1.693023 
1520 -1.783142 
1521 -1.847355 
1522 -1.612518 
1523 -1.260787 
1524 0.275453 
1525 0.202343 
1526 -1.863061 
1527 -2.092772 
1528 -1.437323 
1529 -1.552739 
1530 -1.764463 
1531 -1.791404 
1532 -1.975671 
1533 -1.897581 
1534 -1.749720 
1535 -1.700876 
1536 -0.862855 
1537 -0.515063 
1538 -0.349203 
1539 -0.649292 
1540 -1.726421 
1541 -1.776632 
1542 -1.893406 
1543 -2.012405 
1544 -1.567082 
1545 -1.621189 
1546 -1.228720 
1547 -1.303179 
1548 -1.786394 
1549 -1.964761 
1550 -1.181728 
1551 -0.828567 
1552 1.067631 
1553 1.349119 
1554 1.300490 
1555 1.172135 
1556 -0.217469 
1557 -0.107431 
1558 1.873515 
1559 2.162674 
1560 1.413711 
1561 1.621680 
1562 1.633142 
1563 1.587831 
1564 1.405827 
1565 1.610095 
1566 1.698943 
1567 1.665064 
1568 1.336986 
1569 1.697879 
1570 1.781952 
1571 1.626530 
1572 2.119872 
1573 2.101396 
1574 -0.052591 
1575 -0.952743 
1576 -1.404608 
1577 -1.451480 
1578 -1.388593 
1579 -1.346347 
1580 -1.477926 
1581 -1.172558 
1582 -0.987179 
1583 1.403603 
1584 1.049577 
1585 1.600511 
1586 1.757277 
1587 1.646159 
1588 1.436022 
1589 1.763678 
1590 1.862140 
1591 1.449748 
1592 2.067029 
1593 -0.947962 
1594 -1.248013 
1595 -1.361166 
1596 -1.350993 
1597 -1.692934 
1598 -1.671637 
1599 -1.791833 
1600 -1.455275 
1601 -1.740354 
1602 -1.729794 
1603 -1.813758 
1604 -2.032571 
1605 -1.521456 
1606 -1.558929 
1607 -1.626427 
1608 -2.956747 
1609 -0.354775 
1610 0.019543 
1611 0.796121 
1612 1.033987 
1613 -0.990420 
1614 -1.190631 
1615 0.052048 
1616 0.200468 
1617 0.148458 
1618 0.006123 
1619 -0.241068 
1620 -0.233743 
1621 -1.578912 
1622 -1.878646 
1623 -1.996782 
1624 -1.684529 
1625 -1.568092 
1626 -1.631726 
1627 -1.621231 
1628 -0.769261 
1629 -0.718007 
1630 -0.823045 
1631 2.870021 
1632 1.731343 
1633 1.619499 
1634 1.554596 
1635 1.597019 
1636 1.760928 
1637 1.570188 
1638 1.302749 
1639 1.331420 
1640 1.413044 
1641 1.522955 
1642 1.418482 
1643 1.386853 
1644 1.516798 
1645 1.484353 
1646 1.398464 
1647 1.455564 
1648 1.422786 
1649 1.450603 
1650 1.492494 
1651 1.467630 
1652 1.475269 
1653 1.559710 
1654 1.362051 
1655 1.436953 
1656 1.493433 
1657 1.543451 
1658 1.412035 
1659 1.389797 
1660 1.305067 
1661 1.238505 
1662 1.187506 
1663 1.874812 
1664 1.436949 
1665 1.513881 
1666 1.339264 
1667 1.437780 
1668 2.050014 
1669 1.843666 
1670 0.838504 
1671 0.695065 
1672 -0.386261 
1673 -0.668939 
1674 -0.934217 
1675 -0.768125 
1676 -0.717308 
1677 -0.503654 
1678 0.391582 
1679 0.362254 
1680 -0.117107 
1681 2.409049 
1682 -1.481870 
1683 -1.733507 
1684 -1.621531 
1685 -1.449659 
1686 -1.686565 
1687 -1.562255 
1688 -1.844649 
1689 -1.619519 
1690 -1.517455 
1691 -1.308303 
1692 -1.430596 
1693 -1.321736 
1694 -1.370349 
1695 -1.980898 
1696 -2.070158 
1697 -1.897707 
1698 -1.467088 
1699 0.421846 
1700 0.562329 
1701 0.862505 
1702 1.106641 
1703 2.577851 
1704 1.895268 
1705 1.771033 
1706 1.643619 
1707 0.413475 
1708 0.790964 
1709 0.306172 
1710 -0.094667 
1711 -1.463392 
1712 -0.868698 
1713 -1.057424 
1714 -1.210906 
1715 -2.576016 
1716 -1.776103 
1717 -1.728743 
1718 -1.941074 
1719 -1.115243 
1720 -1.266798 
1721 -1.394551 
1722 -1.409660 
1723 -2.141304 
1724 -1.892261 
1725 -1.741015 
1726 -1.727960 
1727 -0.906331 
1728 -1.492364 
1729 -1.665173 
1730 -1.572711 
1731 -1.550496 
1732 -1.406808 
1733 1.604238 
1734 1.604027 
1735 1.502421 
1736 1.193290 
1737 1.260975 
1738 1.203228 
1739 2.136723 
1740 1.597651 
1741 1.603985 
1742 1.369830 
1743 1.316079 
1744 1.495756 
1745 1.482075 
1746 1.450306 
1747 1.466701 
1748 1.513981 
1749 1.519791 
1750 1.501246 
1751 1.421730 
1752 1.411461 
1753 1.460550 
1754 1.455652 
1755 1.623767 
1756 1.493634 
1757 1.538825 
1758 1.493353 
1759 1.474794 
1760 2.300833 
1761 1.876907 
1762 -0.742765 
1763 -1.045439 
1764 -1.300756 
1765 -1.462856 
1766 -1.540671 
1767 -1.882507 
1768 -1.392694 
1769 -0.181546 
1770 0.094698 
1771 2.859669 
1772 1.861905 
1773 1.344383 
1774 1.387734 
1775 1.347973 
1776 1.600886 
1777 1.549848 
1778 1.504480 
1779 1.229507 
1780 1.564082 
1781 1.484478 
1782 1.459239 
1783 1.430403 
1784 1.951298 
1785 1.334031 
1786 1.438517 
1787 1.459920 
1788 1.533112 
1789 1.523996 
1790 1.535725 
1791 1.587591 
1792 1.299339 
1793 1.447278 
1794 1.500004 
1795 1.907524 
1796 2.057824 
1797 1.377355 
1798 1.364545 
1799 1.245125 
1800 1.671427 
1801 1.515450 
1802 1.555047 
1803 1.427351 
1804 1.498024 
1805 1.664389 
1806 1.669965 
1807 1.330683 
1808 1.309876 
1809 1.186016 
1810 1.223228 
1811 2.241107 
1812 1.665421 
1813 1.814153 
1814 1.806395 
1815 1.089960 
1816 1.970684 
1817 1.765453 
1818 1.596993 
1819 0.100451 
1820 -0.062683 
1821 -0.509388 
1822 -0.815522 
1823 -2.659796 
1824 -1.589719 
1825 -1.733132 
1826 -1.883729 
1827 -1.962232 
1828 -2.223275 
1829 -1.442255 
1830 -1.383043 
1831 -1.175245 
1832 -1.603625 
1833 -1.936523 
1834 -1.846904 
1835 -1.705996 
1836 -2.232866 
1837 -1.489586 
1838 -1.294255 
1839 -0.604003 
1840 -0.276704 
1841 1.655167 
1842 1.780646 
1843 1.995654 
1844 2.194462 
1845 1.260159 
1846 1.302404 
1847 1.250273 
1848 0.904442 
1849 -1.936340 
1850 -1.915266 
1851 -1.834652 
1852 -1.776489 
1853 -1.782583 
1854 -1.779160 
1855 -1.173717 
1856 -1.183870 
1857 -1.223335 
1858 -1.721913 
1859 -1.856942 
1860 -1.571051 
1861 -1.570394 
1862 -1.839472 
1863 -1.787799 
1864 -1.865774 
1865 -1.706376 
1866 -1.605227 
1867 -0.715081 
1868 -1.091990 
1869 -1.176736 
1870 -1.870551 
1871 -1.811842 
1872 -1.338086 
1873 -1.322346 
1874 -1.844768 
1875 -1.759485 
1876 -2.217205 
1877 -2.205155 
1878 -0.828198 
1879 -0.856874 
1880 -1.737179 
1881 -1.769451 
1882 -0.880831 
1883 -0.620870 
1884 -0.311871 
1885 -0.485343 
1886 -2.030632 
1887 -2.196318 
1888 -1.411652 
1889 -1.309241 
1890 -1.861001 
1891 -1.876799 
1892 -1.852031 
1893 -1.845218 
1894 -1.219435 
1895 -1.259130 
1896 -1.407975 
1897 -1.392126 
1898 -1.313059 
1899 -2.383512 
1900 -1.747754 
1901 -1.508243 
1902 -1.443031 
1903 -1.243660 
1904 -0.578217 
1905 -1.948502 
1906 1.772929 
1907 1.760416 
1908 1.575306 
1909 1.485195 
1910 1.505345 
1911 1.537946 
1912 1.563546 
1913 1.557964 
1914 1.569592 
1915 1.277602 
1916 1.627935 
1917 1.435381 
1918 1.322758 
1919 1.409192 
1920 1.442155 
1921 1.403078 
1922 1.371592 
1923 1.670775 
1924 1.622921 
1925 1.543103 
1926 1.490110 
1927 1.097959 
1928 1.197331 
1929 1.266185 
1930 1.270008 
1931 1.978427 
1932 1.487596 
1933 1.494059 
1934 1.443648 
1935 1.397326 
1936 2.226703 
1937 1.199165 
1938 1.181870 
1939 1.014593 
1940 0.668792 
1941 1.604530 
1942 1.750150 
1943 1.645308 
1944 3.022709 
1945 0.365905 
1946 0.290936 
1947 0.179973 
1948 0.061241 
1949 1.502544 
1950 1.600229 
1951 1.933590 
1952 1.631285 
1953 1.442344 
1954 1.384657 
1955 1.307411 
1956 3.072497 
1957 0.373669 
1958 0.470087 
1959 0.452023 
1960 0.468218 
1961 0.554454 
1962 0.721732 
1963 2.811473 
1964 1.817206 
1965 1.711894 
1966 1.473019 
1967 1.426179 
1968 1.914758 
1969 -1.145828 
1970 -1.839994 
1971 -1.782643 
1972 -0.035617 
1973 0.204723 
1974 0.709988 
1975 0.968270 
1976 1.562096 
1977 1.568899 
1978 1.657319 
1979 1.652450 
1980 1.458018 
1981 1.392979 
1982 1.816692 
1983 1.892976 
1984 1.948245 
1985 1.745550 
1986 1.142135 
1987 0.729024 
1988 -1.376786 
1989 -1.518774 
1990 -1.934776 
1991 -1.907151 
1992 -1.774380 
1993 -1.703633 
1994 -1.628018 
1995 -1.762695 
1996 -2.333206 
1997 -2.040924 
1998 -0.284252 
1999 -0.088499 
2000 0.047040 
2001 0.695211 
2002 0.755953 
2003 0.622910 
2004 -0.423563 
2005 -0.583081 
2006 -0.693876 
2007 0.839234 
2008 -1.607206 
2009 -1.623191 
2010 -1.599767 
2011 -1.552103 
2012 -1.631496 
2013 -1.614395 
2014 -1.487889 
2015 -1.443565 
2016 -1.406684 
2017 -1.404479 
2018 -1.411836 
2019 -1.872957 
2020 -1.749044 
2021 -1.847177 
2022 -1.879463 
2023 -0.589632 
2024 -0.713024 
2025 -0.750639 
2026 -0.797515 
2027 -2.818097 
2028 -2.208981 
2029 -1.672242 
2030 -1.592600 
2031 -0.227936 
2032 -0.252192 
2033 -1.684667 
2034 -1.808814 
2035 -1.879625 
2036 -2.035439 
2037 -1.560521 
2038 -1.544184 
2039 -1.424532 
2040 -1.981813 
2041 -1.785075 
2042 -1.626187 
2043 -0.274121 
2044 -0.521111 
2045 -0.644595 
2046 -0.730072 
2047 -2.833162 
2048 -1.350207 
2049 -1.433750 
2050 -1.488866 
2051 -1.958599 
2052 -2.046490 
2053 -1.424777 
2054 -1.376341 
2055 -1.304739 
2056 -1.474294 
2057 -1.513246 
2058 -2.154502 
2059 -1.114627 
2060 -1.491480 
2061 -1.562198 
2062 -1.513710 
2063 -1.494197 
2064 -1.101709 
2065 -1.921683 
2066 -1.781306 
2067 -1.461986 
2068 0.879799 
2069 1.278418 
2070 1.312251 
2071 2.160191 
2072 2.130195 
2073 1.832682 
2074 -0.419963 
2075 -0.755858 
2076 -1.206960 
2077 -1.340187 
2078 -1.818156 
2079 -1.753279 
2080 -1.492550 
2081 -1.424401 
2082 -1.618196 
2083 -1.718981 
2084 -1.484787 
2085 -1.180200 
2086 1.520135 
2087 1.889558 
2088 1.865180 
2089 1.718476 
2090 1.839028 
2091 1.615618 
2092 -0.596167 
2093 -0.949731 
2094 -1.938096 
2095 -2.040992 
2096 -1.776561 
2097 -1.774064 
2098 -1.330964 
2099 -1.372195 
2100 -1.369137 
2101 -1.433932 
2102 -1.343092 
2103 -1.982215 
2104 -2.192329 
2105 -1.396841 
2106 -1.322076 
2107 -1.070729 
2108 -1.204094 
2109 -1.112123 
2110 -1.395015 
2111 -2.160516 
2112 -1.652479 
2113 -1.531675 
2114 -1.519561 
2115 -1.583494 
2116 -1.256275 
2117 -1.675617 
2118 -1.775881 
2119 -1.756586 
2120 -2.177159 
2121 -1.460110 
2122 -1.365056 
2123 -1.093334 
2124 -1.087037 
2125 -1.744813 
2126 -1.804992 
2127 -1.584136 
2128 -1.609910 
2129 -1.542513 
2130 -1.535990 
2131 -1.601068 
2132 -1.654326 
2133 -1.600140 
2134 -1.482865 
2135 -1.610501 
2136 -1.610677 
2137 -1.553342 
2138 -1.546262 
2139 -1.544668 
2140 -1.359718 
2141 -1.364605 
2142 -1.789535 
2143 -1.812258 
2144 -2.330488 
2145 -2.048364 
2146 -0.649944 
2147 -0.607703 
2148 -1.707219 
2149 -1.284947 
2150 1.015724 
2151 1.571303 
2152 1.776815 
2153 1.766582 
2154 0.982594 
2155 1.076039 
2156 1.183320 
2157 1.093920 
2158 1.889011 
2159 1.840553 
2160 1.427458 
2161 -1.477763 
2162 -1.644441 
2163 -1.783682 
2164 -1.512460 
2165 -1.440031 
2166 -1.634072 
2167 -1.528736 
2168 -1.616974 
2169 -1.317297 
2170 -1.107860 
2171 -1.166214 
2172 -0.511840 
2173 -0.782698 
2174 -1.990322 
2175 -2.080979 
2176 -1.879638 
2177 -1.533132 
2178 1.228392 
2179 1.591413 
2180 1.888176 
2181 1.720086 
2182 1.572140 
2183 1.057830 
2184 -1.194543 
2185 -1.424236 
2186 -1.695588 
2187 -1.743387 
2188 -1.695871 
2189 -1.654019 
2190 -1.276564 
2191 -1.031027 
2192 0.120493 
2193 0.183583 
2194 -0.976573 
2195 -1.183198 
2196 -1.678851 
2197 -1.812916 
2198 -1.532537 
2199 -1.480074 
2200 0.781587 
2201 1.131546 
2202 1.768164 
2203 1.819625 
2204 1.680657 
2205 1.521969 
2206 1.352744 
2207 0.856855 
2208 0.352847 
2209 -1.728641 
2210 -1.888731 
2211 -1.928422 
2212 -2.426803 
2213 -0.519821 
2214 -0.472108 
2215 -0.488400 
2216 -0.318743 
2217 -0.450275 
2218 -0.558739 
2219 -2.793634 
2220 -1.902924 
2221 -1.668120 
2222 -1.628677 
2223 -1.330526 
2224 -1.272804 
2225 1.506869 
2226 1.679653 
2227 2.098143 
2228 1.761252 
2229 1.594255 
2230 1.811298 
2231 1.715111 
2232 2.410623 
2233 1.214519 
2234 1.143337 
2235 0.979296 
2236 0.888772 
2237 -1.520353 
2238 -1.870785 
2239 -1.805064 
2240 -1.419974 
2241 -1.356376 
2242 -1.855656 
2243 -1.813707 
2244 -1.735377 
2245 -1.642031 
2246 -1.623143 
2247 -1.621606 
2248 -1.497667 
2249 -1.484424 
2250 -1.799245 
2251 -1.844372 
2252 -1.602062 
2253 -1.590570 
2254 -1.597160 
2255 -1.577635 
2256 -1.716938 
2257 -1.741310 
2258 -1.703117 
2259 -1.695067 
2260 -1.336834 
2261 -1.235105 
2262 -1.134394 
2263 -1.081146 
2264 1.574468 
2265 1.532234 
2266 1.464242 
2267 1.594583 
2268 1.535478 
2269 1.632987 
2270 1.459469 
2271 1.409641 
2272 1.522513 
2273 1.529666 
2274 1.493742 
2275 1.386812 
2276 1.669978 
2277 1.672489 
2278 1.269420 
2279 1.381101 
2280 1.552137 
2281 1.445701 
2282 1.353166 
2283 1.474016 
2284 1.432005 
2285 1.503277 
2286 1.511889 
2287 1.526274 
2288 1.563854 
2289 1.530082 
2290 1.397789 
2291 1.434338 
2292 1.209269 
2293 1.210680 
2294 1.677949 
2295 1.808551 
2296 1.428948 
2297 1.424058 
2298 1.481721 
2299 1.503516 
2300 1.296582 
2301 1.286108 
2302 1.556460 
2303 1.685699 
2304 1.326200 
2305 1.407009 
2306 1.430825 
2307 1.999915 
2308 2.298231 
2309 1.274148 
2310 1.174458 
2311 0.905031 
2312 0.917186 
2313 0.818281 
2314 2.154891 
2315 -2.025413 
2316 -1.827057 
2317 -1.744539 
2318 -1.657281 
2319 -1.774427 
2320 -1.769997 
2321 -1.421307 
2322 -1.510656 
2323 -1.396343 
2324 -1.386822 
2325 -2.283847 
2326 -2.278682 
2327 -0.550686 
2328 -1.444438 
2329 -1.085605 
2330 -1.262973 
2331 -1.566771 
2332 -1.184337 
2333 -1.538466 
2334 -1.521796 
2335 -1.550504 
2336 -1.102690 
2337 -1.116923 
2338 -1.127579 
2339 -2.294974 
2340 -1.936315 
2341 -1.839369 
2342 -1.235227 
2343 -1.266390 
2344 -1.326230 
2345 -1.331002 
2346 -1.625697 
2347 -1.716823 
2348 -1.497051 
2349 -1.403700 
2350 -1.587970 
2351 -1.482898 
2352 -1.960634 
2353 -1.925580 
2354 -0.886074 
2355 -0.810443 
2356 -0.858750 
2357 -0.948482 
2358 -1.953442 
2359 -1.891889 
2360 -1.554703 
2361 -1.476739 
2362 -1.546675 
2363 -1.552562 
2364 -1.947766 
2365 -1.947210 
2366 -0.889460 
2367 -0.804617 
2368 -0.888266 
2369 -0.958029 
2370 -1.027727 
2371 -2.734933 
2372 -1.576501 
2373 -1.434670 
2374 -1.463059 
2375 -1.535905 
2376 -1.296492 
2377 -1.301593 
2378 -1.780876 
2379 -1.735221 
2380 -1.583762 
2381 -1.672575 
2382 -1.523168 
2383 -1.561281 
2384 -1.683203 
2385 -1.717848 
2386 -1.345166 
2387 -1.248938 
2388 0.417369 
2389 0.779645 
2390 0.234133 
2391 0.052232 
2392 -1.586383 
2393 -1.617467 
2394 -1.821834 
2395 -1.830619 
2396 -1.526984 
2397 -1.539901 
2398 -1.537545 
2399 -1.528615 
2400 -1.541714 
2401 -1.545281 
2402 -1.450821 
2403 -1.488087 
2404 -1.646866 
2405 -1.595372 
2406 -1.328827 
2407 -1.390931 
2408 -1.818222 
2409 -1.551310 
2410 -1.381285 
2411 -0.927855 
2412 -0.662047 
2413 1.400435 
2414 1.630793 
2415 1.949328 
2416 2.250832 
2417 1.403926 
2418 1.290963 
2419 0.755963 
2420 0.691840 
2421 0.720876 
2422 -2.053302 
2423 1.813240 
2424 1.560726 
2425 1.472801 
2426 1.458972 
2427 1.485849 
2428 1.364637 
2429 1.695827 
2430 1.592925 
2431 1.400527 
2432 1.872603 
2433 1.769147 
2434 1.487107 
2435 -0.112114 
2436 -0.327890 
2437 -0.653989 
2438 -0.544724 
2439 1.564671 
2440 0.769280 
2441 -1.714110 
2442 -2.030804 
2443 -2.148205 
2444 -2.381818 
2445 -1.665085 
2446 -1.760480 
2447 0.361646 
2448 0.713225 
2449 1.270978 
2450 1.307071 
2451 2.108811 
2452 1.444857 
2453 1.396421 
2454 1.467568 
2455 1.780841 
2456 1.604650 
2457 1.357637 
2458 1.499956 
2459 1.658326 
2460 1.693497 
2461 1.565876 
2462 1.601399 
2463 1.231517 
2464 1.867702 
2465 1.679092 
2466 1.614081 
2467 0.657652 
2468 0.493412 
2469 -1.787235 
2470 -1.686917 
2471 -1.885683 
2472 -1.419352 
2473 -1.373992 
2474 1.049766 
2475 -2.503937 
2476 -1.844732 
2477 -1.679587 
2478 -1.775060 
2479 -1.619496 
2480 -1.766405 
2481 -1.510444 
2482 -1.441158 
2483 -1.520887 
2484 -1.390708 
2485 -1.336177 
2486 -1.793882 
2487 -1.789165 
2488 -1.487243 
2489 -1.499328 
2490 -1.508946 
2491 -1.479771 
2492 -1.432404 
2493 -1.399656 
2494 -1.596312 
2495 -1.598192 
2496 -1.435469 
2497 -1.497350 
2498 -1.583356 
2499 -1.522654 
2500 -1.474541 
2501 -1.508172 
2502 -1.619451 
2503 -1.616590 
2504 -1.649821 
2505 -1.640687 
2506 -1.394150 
2507 -1.434400 
2508 -1.825752 
2509 -1.810082 
2510 -1.612214 
2511 -0.361246 
2512 -0.251812 
2513 -0.281742 
2514 -2.049958 
2515 -2.192628 
2516 -1.635209 
2517 -1.605043 
2518 -1.573644 
2519 -1.532201 
2520 -1.617846 
2521 -1.718814 
2522 -1.677927 
2523 -0.769299 
2524 -2.259902 
2525 -1.932068 
2526 -1.809220 
2527 -1.803253 
2528 -1.819216 
2529 -1.777605 
2530 -1.810246 
2531 -1.259472 
2532 -1.509003 
2533 -1.496882 
2534 -1.420146 
2535 -1.548548 
2536 -1.428242 
2537 -1.460850 
2538 -1.485802 
2539 -1.451486 
2540 -1.534795 
2541 -1.523481 
2542 -1.486164 
2543 -1.627781 
2544 -1.649368 
2545 -1.686413 
2546 -1.916215 
2547 -1.920297 
2548 -1.542495 
2549 -1.533289 
2550 -1.424663 
2551 -1.478150 
2552 -1.435806 
2553 -1.452243 
2554 -1.503710 
2555 -1.472547 
2556 -1.641078 
2557 -1.566547 
2558 -1.560117 
2559 -1.699343 
2560 -1.416533 
2561 -1.394505 
2562 -1.425766 
2563 -1.416768 
2564 -1.460847 
2565 -1.410427 
2566 -1.542480 
2567 -1.535382 
2568 -1.586098 
2569 -1.449095 
2570 -1.542629 
2571 -1.521927 
2572 -1.434724 
2573 -1.350568 
2574 -1.430486 
2575 -2.207106 
2576 1.014258 
2577 0.917855 
2578 0.524521 
2579 0.450050 
2580 0.250164 
2581 0.413189 
2582 2.061606 
2583 2.263879 
2584 1.575241 
2585 1.808131 
2586 1.840810 
2587 1.260077 
2588 1.819790 
2589 1.597863 
2590 1.548200 
2591 1.069664 
2592 1.383556 
2593 1.781597 
2594 1.722917 
2595 0.500743 
2596 0.214042 
2597 0.419099 
2598 0.727466 
2599 2.833019 
2600 1.900293 
2601 1.340983 
2602 1.493741 
2603 1.605054 
2604 1.913641 
2605 1.794627 
2606 1.795543 
2607 -0.536769 
2608 -1.030107 
2609 -1.057146 
2610 -0.759853 
2611 1.713179 
2612 1.313603 
2613 1.295025 
2614 1.410607 
2615 -2.106918 
2616 -1.876825 
2617 -1.875016 
2618 -1.804092 
2619 -1.829251 
2620 -2.909045 
2621 -0.633269 
2622 -0.333310 
2623 0.101917 
2624 0.205841 
2625 0.177257 
2626 1.020127 
2627 -2.984061 
2628 -1.763712 
2629 -1.684293 
2630 -1.712407 
2631 -1.679489 
2632 -1.826963 
2633 -1.476339 
2634 -1.480107 
2635 -1.452051 
2636 -1.482505 
2637 -1.517944 
2638 -1.560843 
2639 -1.562179 
2640 -2.361612 
2641 -2.250636 
2642 -0.449070 
2643 -0.397092 
2644 -0.599018 
2645 -0.534924 
2646 -1.793205 
2647 -2.046070 
2648 -1.373907 
2649 -1.528931 
2650 -1.681087 
2651 -1.479179 
2652 0.190980 
2653 0.320866 
2654 -0.150142 
2655 -0.325763 
2656 -1.492931 
2657 -1.456782 
2658 -1.724728 
2659 -1.504025 
2660 -1.526041 
2661 -1.552538 
2662 -1.745589 
2663 -1.699551 
2664 -1.487427 
2665 -1.455599 
2666 -1.559718 
2667 -1.512222 
2668 -1.418164 
2669 -1.489711 
2670 -1.446168 
2671 -1.553017 
2672 -1.519999 
2673 -1.576510 
2674 -1.792443 
2675 -1.785895 
2676 -1.952707 
2677 -2.335171 
2678 -0.993664 
2679 -1.063277 
2680 -1.631204 
2681 -1.547991 
2682 -1.579431 
2683 -1.517320 
2684 -1.412090 
2685 -1.559206 
2686 -1.524858 
2687 -1.966443 
2688 -1.839987 
2689 -1.546096 
2690 -1.534486 
2691 -1.579897 
2692 -1.624045 
2693 -1.522920 
2694 -1.488907 
2695 -1.683130 
2696 -1.887459 
2697 -1.469480 
2698 -1.476110 
2699 -1.561565 
2700 -1.421530 
2701 -1.658226 
2702 -1.584523 
2703 -1.682325 
2704 -1.615520 
2705 -1.565089 
2706 -1.619530 
2707 -1.631217 
2708 -1.710916 
2709 -1.653795 
2710 -1.566342 
2711 -1.539832 
2712 -2.422867 
2713 0.628075 
2714 0.911001 
2715 1.198076 
2716 1.887781 
2717 0.306713 
2718 0.004447 
2719 -2.432392 
2720 -1.604884 
2721 -1.768251 
2722 -1.736711 
2723 -1.612617 
2724 -2.096497 
2725 0.791417 
2726 1.178522 
2727 1.910256 
2728 1.796943 
2729 1.746400 
2730 -1.470162 
2731 -1.232174 
2732 -1.595390 
2733 -1.924129 
2734 -1.466291 
2735 -1.275653 
2736 -1.426400 
2737 -1.444552 
2738 -1.475115 
2739 -1.807650 
2740 -1.608040 
2741 -1.520868 
2742 -1.554798 
2743 -1.575036 
2744 -2.108022 
2745 1.079946 
2746 1.193142 
2747 1.218612 
2748 1.505684 
2749 0.864092 
2750 0.858769 
2751 0.843782 
2752 -0.253805 
2753 0.257089 
2754 -2.075227 
2755 -2.231189 
2756 -1.531970 
2757 -1.397670 
2758 -1.706061 
2759 0.602501 
2760 0.921749 
2761 -2.220906 
2762 -1.411568 
2763 -1.397850 
2764 1.103611 
2765 2.133412 
2766 0.580862 
2767 1.209809 
2768 0.889264 
2769 -1.035985 
2770 0.403264 
2771 1.423463 
2772 -2.160375 
2773 -2.390226 
2774 -0.322522 
2775 -0.269113 
2776 0.012955 
2777 1.239529 
2778 0.481917 
2779 1.355339 
2780 0.039938 
2781 -1.692806 
2782 -1.723590 
2783 -2.030845 
2784 -2.560487 
2785 -0.606332 
2786 -0.564323 
2787 -1.674031 
2788 -1.453507 
2789 -0.727338 
2790 -1.776606 
2791 -1.843899 
2792 1.657400 
2793 1.072968 
2794 0.928344 
2795 1.653739 
2796 1.678829 
2797 1.650514 
2798 -0.714264 
2799 -1.315382 
2800 2.399525 
2801 0.095287 
2802 0.154534 
2803 1.600353 
2804 1.632414 
2805 1.482364 
2806 1.497827 
2807 -0.886888 
2808 0.815047 
2809 1.146954 
2810 1.728741 
2811 1.593241 
2812 1.323986 
2813 2.293199 
2814 1.087836 
2815 0.660130 
2816 2.491638 
2817 2.090338 
2818 -0.683283 
2819 -1.268505 
2820 0.086787 
2821 -0.075444 
2822 0.031544 
2823 0.426014 
2824 0.074559 
2825 0.095311 
2826 0.828448 
2827 0.866982 
2828 -1.292150 
2829 -1.538495 
2830 -1.628743 
2831 -1.511517 
2832 -1.316055 
2833 -1.939757 
2834 -1.400167 
2835 -1.278756 
2836 -1.137433 
2837 -1.811720 
2838 -1.852433 
2839 -0.953326 
2840 -1.179444 
2841 -1.516843 
2842 -1.791715 
2843 -1.682344 
2844 -1.518607 
2845 -1.145482 
2846 -1.182821 
2847 2.343817 
2848 1.711890 
2849 1.127161 
2850 2.098113 
2851 1.145936 
2852 0.324567 
2853 1.750541 
2854 1.973152 
2855 1.688855 
2856 0.295245 
2857 -1.311205 
2858 1.524868 
2859 2.443507 
2860 0.889309 
2861 2.230852 
2862 1.807160 
2863 0.784581 
2864 2.155977 
2865 1.244847 
2866 1.290561 
2867 1.668120 
2868 0.676397 
2869 1.838142 
2870 0.372074 
2871 2.239011 
2872 1.955588 
2873 1.733175 
2874 0.740163 
2875 1.624483 
2876 -0.018732 
2877 1.672632 
2878 2.388853 
2879 1.136640 
2880 2.202767 
2881 1.869491 
2882 1.032572 
2883 0.468298 
2884 0.376922 
2885 -1.661432 
2886 -2.479505 
2887 -0.968387 
2888 -0.030317 
2889 2.113696 
2890 -1.434677 
2891 -1.779883 
2892 1.810387 
2893 1.628280 
2894 0.985640 
2895 1.828524 
2896 2.099699 
2897 0.929287 
2898 0.530995 
2899 2.103504 
2900 -2.039034 
2901 0.543031 
2902 -1.852548 
2903 -1.582452 
2904 -0.914467 
2905 -0.368939 
2906 2.275986 
2907 2.104977 
2908 1.564646 
2909 2.025543 
2910 1.537365 
2911 1.290306 
2912 0.578375 
2913 0.409999 
2914 2.040390 
2915 2.129296 
2916 1.596383 
2917 1.749461 
2918 1.902420 
2919 0.159172 
2920 1.841836 
2921 1.447806 
2922 0.957749 
2923 1.696010 
2924 1.241949 
2925 0.976992 
2926 1.589392 
2927 2.040355 
2928 1.932384 
2929 0.231780 
2930 1.883345 
2931 1.397763 
2932 1.647331 
2933 1.303375 
2934 1.253520 
2935 1.681382 
2936 2.586555 
2937 1.233870 
2938 0.790905 
2939 0.668291 
2940 1.126380 
2941 1.252902 
2942 1.532341 
2943 1.068534 
2944 1.096414 
2945 0.900892 
2946 1.460356 
2947 1.978647 
2948 1.548774 
2949 1.239502 
2950 1.773423 
2951 1.144877 
2952 1.039547 
2953 1.255418 
2954 1.885732 
2955 1.540952 
2956 1.142456 
2957 1.210856 
2958 1.696332 
2959 1.687442 
2960 1.936863 
2961 2.042168 
2962 1.083298 
2963 0.010450 
2964 1.730252 
2965 1.656394 
2966 1.403134 
2967 1.507128 
2968 1.468662 
2969 1.468906 
2970 1.440977 
2971 1.465171 
2972 1.596953 
2973 1.180037 
2974 1.537491 
2975 1.555130 
2976 0.044021 
2977 3.124661 
2978 0.758760 
2979 0.213532 
2980 1.806125 
2981 1.450526 
2982 0.949341 
2983 1.516768 
2984 0.804885 
2985 1.707261 
2986 1.321912 
2987 1.811641 
2988 1.129256 
2989 0.378335 
2990 0.976822 
2991 1.106389 
2992 1.271083 
2993 1.077612 
2994 1.050055 
2995 1.082003 
2996 2.116090 
2997 1.754308 
2998 0.988665 
2999 0.903969 
3000 1.053733 
3001 2.145945 
3002 0.909137 
3003 1.406367 
3004 1.453112 
3005 1.424446 
3006 1.804931 
3007 1.127325 
3008 1.691036 
3009 1.638393 
3010 1.737088 
3011 0.416951 
3012 1.959027 
3013 1.791332 
3014 1.545562 
3015 1.003016 
3016 1.761431 
3017 1.614403 
3018 1.486626 
3019 1.229114 
3020 1.579280 
3021 1.576345 
3022 1.469614 
3023 1.133103 
3024 0.961059 
3025 1.476958 
3026 1.456929 
3027 1.795826 
3028 1.630919 
3029 2.487326 
3030 1.712997 
