1446 1
0 -0.209629 
1 -0.123961 
2 -0.100695 
3 0.190460 
4 0.134437 
5 -0.374094 
6 -0.464112 
7 0.159468 
8 0.485796 
9 0.258895 
10 0.029125 
11 -0.449640 
12 -0.229149 
13 -0.374094 
14 -0.123961 
15 -0.049200 
16 0.137199 
17 -0.481278 
18 -0.229149 
19 0.258895 
20 -0.229133 
21 0.494528 
22 0.258895 
23 -0.394187 
24 -0.449640 
25 0.383921 
26 0.372512 
27 -0.456134 
28 -0.315029 
29 0.217514 
30 -0.494323 
31 -0.423889 
32 -0.315029 
33 -0.060364 
34 0.243062 
35 0.322326 
36 -0.481250 
37 -0.018945 
38 -0.337486 
39 0.353890 
40 0.047316 
41 -0.123961 
42 -0.123961 
43 -0.085985 
44 -0.156157 
45 0.336559 
46 0.010115 
47 -0.203297 
48 -0.337486 
49 -0.329173 
50 0.152466 
51 -0.337486 
52 0.398290 
53 0.067984 
54 -0.027604 
55 -0.302696 
56 -0.374094 
57 -0.156157 
58 0.152466 
59 0.176323 
60 -0.018945 
61 -0.378597 
62 -0.298916 
63 -0.315029 
64 0.137199 
65 -0.494323 
66 -0.232493 
67 -0.457390 
68 0.152466 
69 0.137199 
70 -0.444854 
71 0.134744 
72 -0.485846 
73 0.223176 
74 -0.452486 
75 -0.302696 
76 -0.153994 
77 -0.449640 
78 -0.411109 
79 0.134744 
80 0.176323 
81 0.415499 
82 0.222532 
83 -0.452486 
84 -0.423209 
85 -0.302696 
86 -0.452486 
87 0.440833 
88 -0.392826 
89 -0.229133 
90 -0.209629 
91 -0.337486 
92 0.401095 
93 -0.156157 
94 -0.485846 
95 0.401095 
96 -0.229133 
97 -0.162621 
98 0.095725 
99 -0.330421 
100 0.462126 
101 0.461667 
102 -0.101895 
103 -0.091492 
104 -0.045642 
105 -0.232493 
106 -0.472754 
107 -0.048815 
108 -0.005784 
109 0.176323 
110 0.119802 
111 -0.457390 
112 0.487289 
113 0.223176 
114 -0.213805 
115 -0.052704 
116 -0.249620 
117 -0.232493 
118 -0.377712 
119 0.203895 
120 -0.014543 
121 0.401095 
122 -0.485846 
123 -0.175728 
124 0.010115 
125 -0.329080 
126 -0.182919 
127 -0.392826 
128 -0.378597 
129 0.374292 
130 -0.414404 
131 0.403624 
132 -0.444751 
133 -0.048815 
134 -0.036553 
135 -0.249620 
136 -0.285175 
137 0.223733 
138 -0.353974 
139 -0.232493 
140 -0.436313 
141 0.223176 
142 -0.257519 
143 0.462278 
144 -0.494323 
145 -0.298916 
146 -0.417949 
147 -0.470655 
148 0.494528 
149 -0.245771 
150 -0.115086 
151 -0.329080 
152 0.465272 
153 0.434133 
154 -0.412128 
155 0.483031 
156 -0.181480 
157 0.401095 
158 -0.014543 
159 -0.083346 
160 -0.057729 
161 -0.378597 
162 0.013698 
163 -0.392826 
164 -0.098491 
165 -0.174944 
166 -0.181480 
167 -0.376338 
168 -0.479171 
169 0.380432 
170 0.067629 
171 0.342315 
172 0.134744 
173 -0.457390 
174 -0.052704 
175 -0.085985 
176 0.261608 
177 -0.357188 
178 -0.265759 
179 -0.444854 
180 0.167054 
181 -0.298916 
182 -0.481250 
183 0.261608 
184 0.462126 
185 -0.061733 
186 -0.444854 
187 -0.329080 
188 -0.057729 
189 -0.209629 
190 0.080431 
191 -0.229133 
192 -0.249620 
193 0.462126 
194 -0.137652 
195 0.483031 
196 -0.488109 
197 -0.264880 
198 -0.264880 
199 0.095725 
200 -0.285175 
201 0.399715 
202 -0.210964 
203 -0.052704 
204 -0.330421 
205 0.067629 
206 0.347338 
207 -0.100921 
208 -0.269163 
209 0.325932 
210 0.179168 
211 0.443828 
212 0.325932 
213 0.155153 
214 0.261608 
215 -0.396689 
216 -0.302180 
217 -0.057729 
218 0.398290 
219 -0.376338 
220 0.045189 
221 -0.473662 
222 0.347338 
223 -0.174944 
224 0.345613 
225 -0.478931 
226 -0.381474 
227 0.203895 
228 0.264849 
229 -0.213805 
230 0.238982 
231 0.067629 
232 0.013698 
233 0.063972 
234 -0.217614 
235 0.210740 
236 -0.491425 
237 -0.104860 
238 -0.023516 
239 0.063972 
240 -0.164675 
241 0.217514 
242 0.398537 
243 0.241331 
244 -0.378597 
245 -0.464112 
246 -0.083650 
247 -0.181002 
248 -0.018945 
249 -0.128934 
250 0.334879 
251 0.096993 
252 0.063972 
253 0.203895 
254 0.203895 
255 -0.277996 
256 -0.374094 
257 0.384436 
258 0.434133 
259 -0.354956 
260 0.010115 
261 -0.464112 
262 -0.330421 
263 0.179168 
264 -0.264265 
265 -0.049200 
266 -0.377712 
267 -0.213805 
268 -0.285175 
269 -0.285175 
270 -0.264265 
271 0.074954 
272 -0.115086 
273 0.166582 
274 -0.450368 
275 0.462126 
276 -0.457390 
277 0.222656 
278 -0.411109 
279 0.347338 
280 -0.381474 
281 0.355113 
282 -0.010040 
283 0.287093 
284 0.483031 
285 -0.049200 
286 -0.481250 
287 -0.457390 
288 -0.376338 
289 -0.100921 
290 0.272176 
291 -0.440236 
292 0.488491 
293 -0.469651 
294 0.434133 
295 -0.298916 
296 -0.298275 
297 -0.411850 
298 0.398290 
299 -0.421621 
300 0.262879 
301 0.119802 
302 0.372512 
303 -0.083346 
304 0.345613 
305 0.096993 
306 0.238632 
307 -0.069357 
308 0.080431 
309 -0.023516 
310 -0.100695 
311 -0.099117 
312 -0.203297 
313 0.203895 
314 0.210740 
315 0.384032 
316 0.461667 
317 -0.100921 
318 0.372512 
319 0.262319 
320 -0.264880 
321 -0.100921 
322 -0.055562 
323 0.345613 
324 0.179168 
325 0.066711 
326 0.494528 
327 0.080431 
328 -0.399928 
329 0.261608 
330 0.222656 
331 -0.174944 
332 -0.002679 
333 0.483031 
334 0.108250 
335 -0.209629 
336 -0.099117 
337 0.109156 
338 -0.378597 
339 0.239884 
340 -0.322306 
341 0.222532 
342 -0.116998 
343 -0.430797 
344 -0.464112 
345 -0.027604 
346 0.217514 
347 -0.381474 
348 0.237242 
349 0.210740 
350 -0.055562 
351 -0.302696 
352 -0.035404 
353 -0.027604 
354 -0.265759 
355 -0.141401 
356 -0.035206 
357 -0.436313 
358 -0.298275 
359 0.217514 
360 -0.488109 
361 -0.049200 
362 0.045189 
363 -0.027604 
364 -0.387691 
365 -0.411850 
366 -0.411358 
367 0.483031 
368 -0.473662 
369 -0.338771 
370 -0.452486 
371 -0.338771 
372 0.287093 
373 -0.213805 
374 0.138791 
375 0.494528 
376 0.372512 
377 0.419803 
378 -0.473662 
379 -0.099117 
380 -0.229149 
381 0.324173 
382 0.287093 
383 -0.128934 
384 0.241331 
385 -0.456134 
386 0.155153 
387 0.096993 
388 0.134437 
389 -0.423209 
390 0.399715 
391 -0.262849 
392 0.262319 
393 -0.423209 
394 -0.055562 
395 0.403624 
396 0.372512 
397 -0.164301 
398 0.251695 
399 0.072707 
400 -0.417949 
401 0.403624 
402 -0.208638 
403 0.107301 
404 -0.099117 
405 -0.203484 
406 -0.370375 
407 -0.229149 
408 0.013698 
409 0.071562 
410 -0.479171 
411 0.098022 
412 -0.098491 
413 -0.115086 
414 -0.036553 
415 -0.436313 
416 -0.099117 
417 0.399715 
418 0.074954 
419 -0.374531 
420 0.355113 
421 -0.436313 
422 0.222656 
423 -0.430797 
424 -0.436313 
425 -0.378597 
426 0.355113 
427 -0.353974 
428 -0.014543 
429 0.355113 
430 0.336559 
431 0.251695 
432 0.322326 
433 -0.338771 
434 -0.045642 
435 0.108250 
436 -0.415374 
437 -0.098491 
438 -0.394187 
439 -0.210964 
440 -0.473662 
441 0.238632 
442 0.419803 
443 -0.164301 
444 0.372512 
445 -0.371563 
446 0.287093 
447 -0.203484 
448 -0.213805 
449 0.238982 
450 -0.061733 
451 -0.376338 
452 0.024512 
453 -0.036553 
454 0.287093 
455 -0.436313 
456 0.355113 
457 -0.246010 
458 -0.246010 
459 -0.284892 
460 -0.351512 
461 -0.231623 
462 -0.457390 
463 -0.469651 
464 -0.128934 
465 -0.339920 
466 0.287093 
467 0.483031 
468 -0.018945 
469 -0.069357 
470 -0.002679 
471 0.322326 
472 -0.037684 
473 -0.208638 
474 -0.167686 
475 0.369603 
476 0.122756 
477 -0.440236 
478 -0.120581 
479 0.008066 
480 0.272176 
481 -0.423209 
482 0.384436 
483 -0.417949 
484 0.353890 
485 0.095725 
486 -0.311450 
487 -0.045642 
488 0.210740 
489 0.387640 
490 0.137199 
491 -0.027604 
492 -0.037684 
493 -0.104860 
494 0.383027 
495 0.433468 
496 0.353890 
497 0.222656 
498 -0.181480 
499 0.449584 
500 0.222656 
501 -0.116998 
502 -0.035206 
503 -0.338771 
504 0.054594 
505 -0.162621 
506 0.108250 
507 -0.381474 
508 0.211732 
509 -0.494323 
510 -0.099117 
511 -0.208638 
512 -0.018945 
513 0.336559 
514 -0.085985 
515 0.325678 
516 -0.176629 
517 -0.165465 
518 -0.481278 
519 0.010115 
520 0.419803 
521 -0.104860 
522 0.223733 
523 0.487289 
524 0.251695 
525 0.372512 
526 0.488491 
527 0.462278 
528 0.372512 
529 -0.387691 
530 0.134437 
531 -0.164301 
532 0.295243 
533 -0.387691 
534 -0.120581 
535 -0.302180 
536 0.383027 
537 -0.221616 
538 0.380432 
539 -0.311522 
540 -0.036553 
541 -0.128934 
542 0.433468 
543 0.071562 
544 0.155153 
545 -0.049200 
546 -0.417949 
547 -0.245771 
548 0.194629 
549 0.399715 
550 -0.491425 
551 0.293605 
552 0.449584 
553 0.044815 
554 0.462278 
555 0.137361 
556 0.222656 
557 0.252016 
558 0.287093 
559 0.238982 
560 -0.353974 
561 -0.272872 
562 0.434133 
563 0.443828 
564 -0.203484 
565 0.080431 
566 0.044815 
567 0.382996 
568 -0.457390 
569 -0.478931 
570 0.440833 
571 0.382587 
572 0.098022 
573 -0.423209 
574 0.067984 
575 0.176323 
576 -0.028391 
577 0.211141 
578 0.155153 
579 0.384032 
580 0.384436 
581 0.082833 
582 -0.139076 
583 -0.037684 
584 0.082833 
585 -0.120581 
586 -0.478931 
587 0.490619 
588 -0.115086 
589 -0.164301 
590 -0.399928 
591 -0.354956 
592 -0.018945 
593 -0.399928 
594 -0.213805 
595 0.236216 
596 -0.048815 
597 -0.302180 
598 0.074954 
599 0.179168 
600 -0.391430 
601 0.334879 
602 0.098828 
603 0.194629 
604 0.325932 
605 0.325678 
606 0.044815 
607 -0.399928 
608 -0.176717 
609 0.262319 
610 0.488491 
611 0.063972 
612 -0.378597 
613 0.134437 
614 -0.339920 
615 -0.418962 
616 0.137361 
617 0.384436 
618 0.152466 
619 0.488491 
620 0.091977 
621 -0.048815 
622 0.241331 
623 0.239884 
624 0.098828 
625 -0.083650 
626 0.155153 
627 -0.440236 
628 -0.055562 
629 -0.370375 
630 0.108799 
631 -0.221824 
632 -0.246010 
633 -0.048815 
634 0.241331 
635 0.238982 
636 0.372512 
637 0.421146 
638 -0.418962 
639 -0.387691 
640 -0.412128 
641 0.384436 
642 -0.221824 
643 -0.267934 
644 -0.231623 
645 0.147567 
646 -0.446033 
647 0.239884 
648 0.108250 
649 -0.190835 
650 -0.036553 
651 -0.436313 
652 0.306596 
653 -0.203297 
654 0.264849 
655 -0.100695 
656 0.054594 
657 -0.069357 
658 -0.262849 
659 0.345613 
660 -0.446033 
661 -0.176717 
662 -0.479171 
663 -0.045642 
664 0.345613 
665 -0.343508 
666 -0.246010 
667 -0.158681 
668 -0.440236 
669 0.251695 
670 0.098828 
671 -0.156157 
672 -0.302180 
673 -0.371563 
674 0.306596 
675 0.236216 
676 0.137361 
677 -0.085985 
678 -0.485846 
679 -0.048815 
680 0.345613 
681 -0.055562 
682 0.262319 
683 0.462278 
684 -0.302180 
685 -0.378597 
686 -0.387691 
687 -0.262849 
688 -0.164675 
689 -0.213805 
690 -0.018945 
691 0.095725 
692 -0.267934 
693 0.108799 
694 -0.444751 
695 -0.231623 
696 -0.221824 
697 0.152666 
698 0.465272 
699 -0.213805 
700 -0.302180 
701 0.264849 
702 0.211732 
703 0.398537 
704 0.166582 
705 -0.378597 
706 0.433468 
707 0.190460 
708 0.425400 
709 0.305906 
710 -0.353974 
711 -0.165465 
712 -0.417949 
713 0.485796 
714 0.260485 
715 0.487289 
716 0.376805 
717 -0.217614 
718 -0.450368 
719 -0.262849 
720 -0.139076 
721 0.380432 
722 -0.257519 
723 0.091977 
724 0.425400 
725 0.045189 
726 0.108250 
727 -0.456134 
728 -0.378597 
729 -0.258575 
730 -0.378597 
731 0.449584 
732 -0.195026 
733 0.433468 
734 -0.213805 
735 -0.378597 
736 0.108799 
737 0.167054 
738 -0.267934 
739 0.264849 
740 -0.412128 
741 -0.165465 
742 -0.036553 
743 0.306596 
744 0.159468 
745 0.159468 
746 0.091977 
747 -0.203484 
748 -0.230229 
749 -0.153994 
750 0.190460 
751 0.487289 
752 0.380432 
753 0.355113 
754 -0.267934 
755 -0.203297 
756 0.443828 
757 -0.048815 
758 0.227713 
759 0.345613 
760 0.382996 
761 0.325678 
762 -0.116998 
763 -0.037684 
764 0.159468 
765 -0.269163 
766 -0.412128 
767 -0.315029 
768 -0.055562 
769 -0.277996 
770 -0.230229 
771 0.462278 
772 0.190460 
773 0.138791 
774 0.108799 
775 0.325932 
776 -0.014543 
777 0.410586 
778 -0.277996 
779 -0.018945 
780 0.372512 
781 0.461667 
782 -0.411850 
783 -0.036553 
784 0.372512 
785 -0.088306 
786 -0.208638 
787 0.483031 
788 -0.176629 
789 0.262319 
790 0.137361 
791 -0.100695 
792 -0.412128 
793 -0.417949 
794 -0.452486 
795 0.179168 
796 0.262319 
797 -0.481278 
798 -0.230229 
799 -0.489394 
800 0.325678 
801 -0.173829 
802 0.067984 
803 0.398290 
804 -0.489394 
805 0.342315 
806 0.287093 
807 -0.010040 
808 -0.221616 
809 0.243062 
810 0.374292 
811 -0.230229 
812 0.382587 
813 0.252674 
814 -0.176629 
815 -0.030706 
816 -0.099117 
817 0.462278 
818 -0.018945 
819 -0.472754 
820 0.251695 
821 0.190460 
822 0.462278 
823 -0.100695 
824 -0.374531 
825 -0.267934 
826 -0.085985 
827 0.071562 
828 -0.153994 
829 -0.264265 
830 -0.481250 
831 0.251695 
832 0.462278 
833 -0.444751 
834 -0.036553 
835 0.433468 
836 -0.085985 
837 -0.174214 
838 0.147567 
839 0.421146 
840 -0.221616 
841 -0.175728 
842 0.227713 
843 0.227713 
844 -0.378597 
845 -0.267934 
846 -0.195026 
847 0.054594 
848 0.465272 
849 0.227713 
850 -0.222269 
851 0.415499 
852 -0.411850 
853 -0.048815 
854 0.159468 
855 0.096993 
856 -0.478931 
857 -0.472754 
858 0.410586 
859 0.258895 
860 -0.354956 
861 -0.377712 
862 0.387640 
863 -0.048815 
864 -0.489394 
865 0.325501 
866 -0.085985 
867 -0.035404 
868 -0.164301 
869 0.238982 
870 0.465272 
871 0.071562 
872 0.134437 
873 -0.085985 
874 0.262364 
875 -0.217614 
876 -0.439896 
877 0.372512 
878 -0.381474 
879 -0.128934 
880 -0.245771 
881 -0.232493 
882 -0.486814 
883 0.137361 
884 -0.069357 
885 -0.036553 
886 -0.048815 
887 0.299252 
888 -0.098491 
889 0.262319 
890 -0.085985 
891 -0.069357 
892 -0.436313 
893 -0.120581 
894 0.383027 
895 -0.481278 
896 -0.217614 
897 0.227713 
898 -0.217614 
899 0.415499 
900 0.287093 
901 0.306596 
902 -0.057729 
903 0.345613 
904 0.325501 
905 -0.035206 
906 -0.370375 
907 0.342315 
908 0.462278 
909 0.167054 
910 0.190460 
911 0.325678 
912 -0.037684 
913 -0.481278 
914 -0.005784 
915 0.305906 
916 0.410586 
917 -0.257519 
918 -0.055562 
919 -0.472754 
920 0.372512 
921 -0.018945 
922 0.150385 
923 0.210740 
924 -0.421621 
925 0.490619 
926 0.237242 
927 0.243062 
928 0.287093 
929 -0.055562 
930 0.372512 
931 -0.378597 
932 0.109156 
933 -0.036553 
934 -0.357188 
935 0.374292 
936 0.190460 
937 -0.153994 
938 -0.430797 
939 -0.100695 
940 -0.446033 
941 0.190460 
942 0.223733 
943 0.122756 
944 -0.354956 
945 0.415499 
946 -0.412128 
947 0.071562 
948 0.272176 
949 -0.217614 
950 -0.302180 
951 0.443828 
952 -0.456134 
953 -0.048815 
954 0.299252 
955 -0.343590 
956 0.152329 
957 -0.456134 
958 0.383027 
959 -0.262849 
960 -0.384126 
961 -0.085985 
962 -0.176717 
963 0.287093 
964 -0.098491 
965 0.293605 
966 0.047316 
967 -0.267934 
968 -0.272872 
969 -0.217614 
970 -0.414404 
971 0.222532 
972 -0.158681 
973 -0.174214 
974 0.487289 
975 0.137361 
976 -0.446033 
977 0.462278 
978 0.419803 
979 -0.037684 
980 -0.430797 
981 -0.339920 
982 -0.339920 
983 -0.002679 
984 0.122756 
985 0.324173 
986 -0.002679 
987 -0.049200 
988 -0.472754 
989 0.152329 
990 -0.414404 
991 -0.100695 
992 0.382587 
993 0.384436 
994 -0.083650 
995 0.443828 
996 -0.083650 
997 0.152329 
998 -0.231623 
999 0.237242 
1000 -0.489394 
1001 -0.055562 
1002 -0.411850 
1003 0.211732 
1004 0.190460 
1005 -0.115086 
1006 -0.231623 
1007 -0.330421 
1008 -0.489394 
1009 -0.055562 
1010 -0.036553 
1011 0.222532 
1012 -0.469651 
1013 0.147567 
1014 -0.456134 
1015 -0.164675 
1016 0.449584 
1017 0.196320 
1018 -0.010040 
1019 -0.098491 
1020 -0.354956 
1021 -0.497523 
1022 -0.351056 
1023 -0.002679 
1024 0.227713 
1025 0.287093 
1026 -0.245771 
1027 0.382587 
1028 0.462278 
1029 -0.010040 
1030 0.380432 
1031 -0.269163 
1032 -0.457390 
1033 0.150385 
1034 0.222532 
1035 -0.421621 
1036 -0.048815 
1037 0.239884 
1038 0.211732 
1039 0.410586 
1040 0.147567 
1041 -0.329080 
1042 -0.116998 
1043 -0.414404 
1044 -0.141401 
1045 0.488491 
1046 -0.055562 
1047 0.098828 
1048 0.262319 
1049 0.152666 
1050 0.152329 
1051 0.239884 
1052 0.488491 
1053 0.227713 
1054 -0.332566 
1055 -0.052704 
1056 -0.002679 
1057 -0.277996 
1058 0.488491 
1059 -0.175728 
1060 -0.399928 
1061 0.227713 
1062 -0.472754 
1063 0.322326 
1064 -0.098491 
1065 -0.173829 
1066 -0.450368 
1067 -0.115478 
1068 -0.100695 
1069 0.223176 
1070 0.433468 
1071 -0.446033 
1072 -0.353974 
1073 0.152329 
1074 -0.351512 
1075 -0.391430 
1076 0.325932 
1077 0.134744 
1078 -0.277996 
1079 -0.018945 
1080 0.488491 
1081 0.383027 
1082 -0.267934 
1083 0.421146 
1084 0.252016 
1085 0.398537 
1086 0.227713 
1087 -0.217614 
1088 -0.048815 
1089 -0.339920 
1090 -0.472754 
1091 -0.175728 
1092 0.239884 
1093 -0.351056 
1094 -0.027604 
1095 0.353537 
1096 -0.037684 
1097 0.465272 
1098 0.251695 
1099 -0.035404 
1100 0.237242 
1101 -0.354956 
1102 -0.421621 
1103 0.383027 
1104 0.461667 
1105 0.203895 
1106 -0.002679 
1107 0.487289 
1108 -0.018945 
1109 -0.311522 
1110 0.152329 
1111 0.465272 
1112 -0.269163 
1113 0.147567 
1114 -0.203484 
1115 -0.353434 
1116 0.095725 
1117 -0.378597 
1118 0.347338 
1119 0.063972 
1120 0.147567 
1121 -0.411850 
1122 0.237242 
1123 0.298211 
1124 0.074954 
1125 0.485796 
1126 0.054594 
1127 -0.100695 
1128 0.298211 
1129 0.196320 
1130 0.490619 
1131 0.324173 
1132 -0.175728 
1133 -0.298275 
1134 0.324173 
1135 -0.446033 
1136 0.251695 
1137 0.262879 
1138 -0.392826 
1139 -0.221824 
1140 -0.083346 
1141 -0.210964 
1142 -0.010040 
1143 -0.164675 
1144 -0.457390 
1145 0.398537 
1146 -0.267934 
1147 -0.221616 
1148 0.223733 
1149 0.082245 
1150 -0.048815 
1151 -0.370375 
1152 0.155153 
1153 -0.055562 
1154 -0.128934 
1155 -0.098491 
1156 0.382996 
1157 0.067629 
1158 0.415499 
1159 -0.010040 
1160 0.047316 
1161 -0.444854 
1162 -0.221616 
1163 -0.497523 
1164 -0.411850 
1165 0.376805 
1166 -0.488109 
1167 -0.491425 
1168 0.387640 
1169 0.045189 
1170 -0.374531 
1171 -0.249620 
1172 -0.277996 
1173 -0.264265 
1174 0.045189 
1175 -0.415374 
1176 0.383027 
1177 -0.213805 
1178 -0.245771 
1179 -0.311522 
1180 -0.162621 
1181 -0.005784 
1182 0.325932 
1183 0.101047 
1184 0.066711 
1185 0.210740 
1186 -0.100695 
1187 -0.354956 
1188 -0.332566 
1189 -0.449640 
1190 0.190460 
1191 0.383027 
1192 0.293605 
1193 -0.302180 
1194 0.166582 
1195 -0.210964 
1196 -0.371563 
1197 -0.436313 
1198 -0.486814 
1199 -0.357188 
1200 0.082833 
1201 0.299252 
1202 -0.298275 
1203 0.487289 
1204 -0.069357 
1205 -0.036553 
1206 0.210740 
1207 0.054594 
1208 -0.010040 
1209 0.237242 
1210 0.096993 
1211 0.210740 
1212 0.047316 
1213 0.421146 
1214 -0.457390 
1215 -0.085985 
1216 -0.030706 
1217 0.237242 
1218 -0.302180 
1219 -0.213805 
1220 -0.221616 
1221 0.044815 
1222 -0.061733 
1223 0.376805 
1224 0.421146 
1225 0.167054 
1226 -0.351512 
1227 0.440833 
1228 0.210740 
1229 -0.302180 
1230 -0.010040 
1231 0.403624 
1232 0.376805 
1233 0.421146 
1234 -0.357188 
1235 0.440833 
1236 -0.035206 
1237 -0.421621 
1238 -0.174944 
1239 0.382587 
1240 0.237242 
1241 -0.221616 
1242 -0.479171 
1243 -0.069357 
1244 -0.481250 
1245 -0.175728 
1246 -0.277996 
1247 -0.175728 
1248 0.443828 
1249 0.421146 
1250 -0.069357 
1251 -0.353434 
1252 0.462278 
1253 0.262879 
1254 -0.231623 
1255 -0.182919 
1256 -0.371563 
1257 -0.086187 
1258 0.487289 
1259 0.227713 
1260 -0.069357 
1261 -0.224992 
1262 -0.488109 
1263 0.150385 
1264 -0.036553 
1265 0.237242 
1266 0.227713 
1267 0.336559 
1268 -0.100695 
1269 -0.237966 
1270 0.490619 
1271 -0.264880 
1272 0.421146 
1273 -0.264880 
1274 -0.381474 
1275 -0.332566 
1276 -0.412128 
1277 -0.099117 
1278 -0.036553 
1279 0.483031 
1280 0.421146 
1281 -0.267934 
1282 -0.269163 
1283 -0.083650 
1284 0.345613 
1285 0.251695 
1286 -0.115086 
1287 0.008066 
1288 -0.391430 
1289 0.108799 
1290 -0.176629 
1291 0.251695 
1292 0.063972 
1293 0.465272 
1294 0.068735 
1295 -0.444751 
1296 0.210740 
1297 -0.481278 
1298 0.066711 
1299 0.068735 
1300 -0.237966 
1301 0.443828 
1302 0.227713 
1303 0.206242 
1304 0.487289 
1305 0.206242 
1306 -0.083650 
1307 -0.421621 
1308 -0.258575 
1309 -0.399928 
1310 -0.354956 
1311 -0.213805 
1312 -0.100695 
1313 0.227713 
1314 0.305755 
1315 0.122756 
1316 0.073162 
1317 -0.195026 
1318 -0.264880 
1319 0.347338 
1320 -0.258575 
1321 0.071562 
1322 0.425400 
1323 -0.272872 
1324 0.190460 
1325 -0.384126 
1326 -0.384126 
1327 0.384032 
1328 0.067984 
1329 0.068735 
1330 0.268853 
1331 0.293605 
1332 -0.237966 
1333 -0.061733 
1334 -0.061733 
1335 0.196320 
1336 0.252016 
1337 -0.452486 
1338 -0.497523 
1339 0.206242 
1340 -0.411850 
1341 -0.061733 
1342 -0.473662 
1343 -0.394187 
1344 0.138791 
1345 0.347338 
1346 0.054594 
1347 -0.013567 
1348 -0.237966 
1349 -0.264880 
1350 -0.257519 
1351 0.167054 
1352 -0.061733 
1353 -0.048815 
1354 -0.421621 
1355 -0.411850 
1356 0.082833 
1357 0.047316 
1358 0.095725 
1359 -0.436313 
1360 0.047316 
1361 0.238632 
1362 -0.173384 
1363 -0.357188 
1364 -0.100921 
1365 0.443828 
1366 -0.339920 
1367 0.462278 
1368 0.268853 
1369 0.324173 
1370 0.372512 
1371 0.206242 
1372 0.298211 
1373 0.210740 
1374 0.324173 
1375 -0.470655 
1376 0.325932 
1377 0.190460 
1378 -0.100921 
1379 -0.302180 
1380 0.272176 
1381 0.497432 
1382 0.345613 
1383 0.487289 
1384 -0.036553 
1385 0.372512 
1386 -0.421621 
1387 -0.232493 
1388 0.387640 
1389 -0.061733 
1390 0.109156 
1391 -0.332566 
1392 0.134437 
1393 0.443828 
1394 -0.028391 
1395 0.487289 
1396 0.013698 
1397 -0.116432 
1398 -0.486814 
1399 -0.262849 
1400 -0.311522 
1401 -0.048815 
1402 0.382587 
1403 -0.173384 
1404 -0.444751 
1405 0.488659 
1406 0.487289 
1407 -0.302180 
1408 -0.173384 
1409 -0.085985 
1410 -0.164301 
1411 -0.083067 
1412 -0.069357 
1413 -0.385641 
1414 -0.128934 
1415 0.325678 
1416 -0.489394 
1417 -0.083067 
1418 0.387640 
1419 -0.028391 
1420 0.376805 
1421 0.251695 
1422 0.487289 
1423 -0.378597 
1424 0.222532 
1425 0.243062 
1426 -0.203484 
1427 -0.141401 
1428 0.483031 
1429 -0.497523 
1430 -0.036553 
1431 0.440833 
1432 -0.491425 
1433 0.374292 
1434 -0.083067 
1435 -0.357188 
1436 0.443828 
1437 0.223525 
1438 0.415499 
1439 -0.415150 
1440 0.210740 
1441 -0.104860 
1442 0.415499 
1443 -0.481250 
1444 0.096993 
1445 0.147567 
