3031 1
0 1.947821 
1 1.356191 
2 1.421342 
3 1.480040 
4 1.777250 
5 1.499738 
6 1.639639 
7 1.454212 
8 1.610190 
9 1.669738 
10 1.582264 
11 1.403689 
12 0.926509 
13 1.835543 
14 1.777382 
15 1.722522 
16 1.266927 
17 1.398428 
18 1.659751 
19 1.493982 
20 1.437742 
21 1.777013 
22 1.671960 
23 1.355611 
24 1.639660 
25 1.573395 
26 1.449259 
27 1.544726 
28 1.556696 
29 1.607606 
30 1.682735 
31 1.221574 
32 1.100716 
33 0.646829 
34 -2.158253 
35 -2.100714 
36 -1.711247 
37 -1.788087 
38 -1.808097 
39 -1.629577 
40 -1.666476 
41 -2.177196 
42 -0.952718 
43 -2.020531 
44 -1.674103 
45 -1.615449 
46 -1.672056 
47 -1.666198 
48 -1.793760 
49 -1.651173 
50 -1.514904 
51 -1.783308 
52 -1.485811 
53 -1.553404 
54 -1.783263 
55 1.501871 
56 2.023278 
57 1.511673 
58 -2.617650 
59 -0.823997 
60 -1.736583 
61 -1.771996 
62 -1.668920 
63 -1.624777 
64 -1.719216 
65 -1.683973 
66 -1.777908 
67 1.274424 
68 0.929757 
69 0.978447 
70 2.908929 
71 0.694967 
72 0.325774 
73 0.235466 
74 2.833346 
75 0.694576 
76 2.860739 
77 -0.029894 
78 1.011650 
79 0.696689 
80 1.381771 
81 0.726126 
82 2.396972 
83 0.731833 
84 2.473121 
85 -0.577002 
86 1.778859 
87 0.362371 
88 0.737266 
89 1.630283 
90 2.058333 
91 1.344247 
92 1.810523 
93 2.218936 
94 1.140525 
95 0.322477 
96 1.478348 
97 2.223447 
98 0.414679 
99 1.568536 
100 2.350582 
101 1.453335 
102 0.190998 
103 0.195980 
104 2.298796 
105 0.725791 
106 1.347593 
107 1.268119 
108 0.577854 
109 0.099062 
110 3.310817 
111 0.477166 
112 2.488163 
113 1.483901 
114 0.476140 
115 0.884923 
116 1.917250 
117 1.957195 
118 0.151778 
119 1.381881 
120 2.360987 
121 0.860653 
122 1.579669 
123 1.326076 
124 1.433007 
125 2.236756 
126 1.253337 
127 0.969974 
128 0.712665 
129 3.023619 
130 0.510558 
131 0.738718 
132 2.951960 
133 0.874399 
134 0.052698 
135 0.413194 
136 0.989121 
137 1.442086 
138 2.024808 
139 1.423324 
140 0.358046 
141 1.133229 
142 2.539464 
143 1.224767 
144 0.002016 
145 3.052499 
146 0.485518 
147 1.086707 
148 1.826936 
149 1.151861 
150 1.715503 
151 1.091933 
152 2.064654 
153 1.575083 
154 1.140528 
155 0.775597 
156 1.924386 
157 1.571488 
158 0.464058 
159 1.071815 
160 2.302350 
161 0.739741 
162 1.182083 
163 1.091594 
164 0.930254 
165 -1.793092 
166 -2.342100 
167 0.542029 
168 1.288764 
169 1.344530 
170 -1.716066 
171 -1.627537 
172 1.850106 
173 0.752696 
174 -1.417787 
175 1.345504 
176 -1.682939 
177 -1.400541 
178 1.032379 
179 -1.573381 
180 0.978296 
181 -2.221077 
182 1.338774 
183 1.067484 
184 -1.277051 
185 0.893415 
186 0.542058 
187 -2.362083 
188 -1.936979 
189 -1.629279 
190 0.963159 
191 -1.592565 
192 1.786279 
193 1.272208 
194 0.920405 
195 -1.430073 
196 1.309551 
197 -1.854193 
198 0.561392 
199 -1.315173 
200 1.531421 
201 1.487727 
202 1.414755 
203 -0.089847 
204 1.202586 
205 1.220740 
206 1.293964 
207 1.277222 
208 -2.048612 
209 1.301170 
210 0.989569 
211 1.099519 
212 2.544074 
213 0.382945 
214 1.757517 
215 0.327981 
216 2.101220 
217 1.753420 
218 1.069204 
219 0.536869 
220 2.605549 
221 0.276320 
222 0.819826 
223 1.376396 
224 0.765659 
225 1.760877 
226 1.706582 
227 1.749854 
228 2.334771 
229 -0.204890 
230 0.734673 
231 2.432585 
232 0.517788 
233 0.374600 
234 1.566502 
235 2.558900 
236 1.234025 
237 1.386116 
238 2.107204 
239 1.399306 
240 -1.700975 
241 -1.419557 
242 -1.673978 
243 -1.254056 
244 -1.270363 
245 -1.035472 
246 -1.754292 
247 -0.952551 
248 -1.744348 
249 -1.378320 
250 -1.685670 
251 -1.691537 
252 -1.717303 
253 -1.569422 
254 -1.420163 
255 -1.706691 
256 -1.677413 
257 -2.076782 
258 -1.463935 
259 -1.442878 
260 -1.727933 
261 -1.424169 
262 -1.884906 
263 -1.400894 
264 -1.403257 
265 -1.471111 
266 -1.782486 
267 -1.439748 
268 0.323936 
269 -2.123213 
270 -2.170000 
271 -0.696555 
272 -1.045335 
273 -0.786556 
274 -2.237240 
275 -0.715917 
276 -1.701339 
277 -1.724690 
278 -1.454063 
279 -1.492665 
280 -1.393459 
281 -1.546316 
282 -1.682354 
283 -1.511364 
284 -1.931420 
285 -1.840886 
286 -1.271800 
287 -1.002651 
288 2.691353 
289 0.705896 
290 0.968044 
291 1.015111 
292 2.368871 
293 1.394547 
294 1.251808 
295 2.160054 
296 1.636188 
297 2.017424 
298 1.660517 
299 1.656367 
300 0.506092 
301 0.341091 
302 0.417384 
303 3.061341 
304 1.349661 
305 0.573496 
306 2.674953 
307 0.122639 
308 1.273606 
309 2.109182 
310 1.099731 
311 1.942843 
312 1.159600 
313 0.754137 
314 2.411957 
315 1.342392 
316 1.458774 
317 1.147380 
318 1.423300 
319 -2.277006 
320 0.649431 
321 2.347108 
322 -0.264404 
323 1.940698 
324 1.677335 
325 1.797401 
326 0.662324 
327 1.037227 
328 1.824044 
329 2.257890 
330 1.015730 
331 0.509443 
332 1.709153 
333 2.077268 
334 1.356856 
335 0.621050 
336 1.265095 
337 2.277369 
338 0.658734 
339 1.404784 
340 2.760774 
341 2.252431 
342 0.519266 
343 0.373293 
344 1.314874 
345 2.096271 
346 0.867905 
347 1.494847 
348 1.403762 
349 0.559435 
350 0.175629 
351 2.808915 
352 0.580025 
353 2.524877 
354 1.505862 
355 0.623207 
356 1.015670 
357 1.913587 
358 1.990087 
359 0.500973 
360 1.380702 
361 2.157791 
362 0.867642 
363 1.234128 
364 1.070628 
365 1.361034 
366 2.130718 
367 1.202523 
368 0.988277 
369 0.862988 
370 2.658250 
371 0.789728 
372 0.869951 
373 2.963725 
374 0.976883 
375 0.226360 
376 0.483280 
377 1.119128 
378 1.666815 
379 2.193924 
380 1.322291 
381 0.384695 
382 1.285261 
383 2.468488 
384 1.576686 
385 0.323227 
386 2.411639 
387 0.381557 
388 1.412947 
389 1.489956 
390 2.099006 
391 1.633319 
392 1.587697 
393 1.577532 
394 1.625030 
395 1.437723 
396 1.712834 
397 1.352634 
398 1.585063 
399 1.527025 
400 0.161046 
401 1.580247 
402 1.127160 
403 2.072742 
404 1.548132 
405 1.731926 
406 1.538561 
407 1.496835 
408 1.591541 
409 1.263967 
410 1.291922 
411 2.702714 
412 1.799485 
413 1.324065 
414 1.412684 
415 1.659469 
416 1.159753 
417 0.900887 
418 2.425522 
419 0.818883 
420 1.894103 
421 1.474788 
422 1.583691 
423 1.375657 
424 1.444421 
425 1.709878 
426 1.669124 
427 1.257635 
428 1.471051 
429 1.590572 
430 1.679849 
431 1.518898 
432 1.557235 
433 1.527171 
434 1.779789 
435 1.417185 
436 1.346850 
437 1.516475 
438 0.997498 
439 -2.550347 
440 -1.926594 
441 -1.600511 
442 -1.664910 
443 -1.566820 
444 -1.568038 
445 -1.633991 
446 -1.758934 
447 -1.824274 
448 -1.660287 
449 -1.659331 
450 -1.677956 
451 -2.023671 
452 -2.481659 
453 -1.480918 
454 1.607004 
455 1.473636 
456 0.513358 
457 -1.684418 
458 -2.025882 
459 -1.677839 
460 -1.666164 
461 -1.462498 
462 -1.518317 
463 -1.722021 
464 -1.713392 
465 -1.618804 
466 -1.570854 
467 -1.711666 
468 -1.382540 
469 -1.454500 
470 -1.759339 
471 -1.870004 
472 -1.585810 
473 -1.897400 
474 -1.587393 
475 -1.251466 
476 -1.398250 
477 -1.838751 
478 -1.672197 
479 -1.748263 
480 -1.556830 
481 -1.476709 
482 -1.443760 
483 -1.818774 
484 -1.779206 
485 -1.823355 
486 -1.661605 
487 -1.349970 
488 -1.661975 
489 -1.546447 
490 -1.717076 
491 -1.670883 
492 -1.721586 
493 -1.494205 
494 -1.730798 
495 -1.466406 
496 -1.551356 
497 -1.653494 
498 -1.618158 
499 -1.746058 
500 -1.431294 
501 -1.562869 
502 -1.717181 
503 -1.885692 
504 -1.562529 
505 -1.347943 
506 -1.397686 
507 -1.932705 
508 -2.242647 
509 -2.141035 
510 1.004734 
511 0.955957 
512 1.568388 
513 1.584478 
514 1.309706 
515 2.010422 
516 1.639097 
517 1.494615 
518 1.266905 
519 1.690929 
520 1.594071 
521 1.683850 
522 1.448998 
523 1.322574 
524 1.368018 
525 1.423875 
526 1.497650 
527 1.629484 
528 1.595890 
529 1.506066 
530 1.566718 
531 1.502661 
532 1.261612 
533 1.377008 
534 1.545055 
535 1.736564 
536 1.705847 
537 1.550695 
538 1.399943 
539 1.359533 
540 1.569893 
541 1.649265 
542 1.411753 
543 1.461697 
544 1.540911 
545 1.794955 
546 1.493205 
547 1.243747 
548 1.011525 
549 1.953627 
550 0.946341 
551 2.113899 
552 1.670207 
553 1.483500 
554 1.401521 
555 1.327524 
556 1.558325 
557 1.427886 
558 1.502383 
559 1.372858 
560 1.314495 
561 1.508293 
562 1.456447 
563 1.587398 
564 1.725075 
565 1.391626 
566 1.415513 
567 1.227636 
568 1.624429 
569 1.736296 
570 1.187925 
571 1.295143 
572 1.429024 
573 1.269034 
574 1.464646 
575 1.841997 
576 1.634091 
577 1.470117 
578 1.291694 
579 1.338623 
580 1.366758 
581 1.333017 
582 1.549032 
583 1.685064 
584 1.688544 
585 1.612068 
586 1.238004 
587 1.347100 
588 1.808636 
589 1.608321 
590 1.361569 
591 1.281790 
592 1.420871 
593 1.433273 
594 1.459481 
595 1.506228 
596 1.546538 
597 1.541457 
598 1.401720 
599 1.392287 
600 1.349361 
601 2.310078 
602 1.374831 
603 1.223620 
604 1.602211 
605 1.632803 
606 1.464814 
607 1.535528 
608 1.420017 
609 1.461558 
610 1.555636 
611 1.620871 
612 1.640110 
613 1.564048 
614 1.366399 
615 1.500191 
616 1.599109 
617 1.449587 
618 1.312075 
619 1.618184 
620 1.906979 
621 1.681004 
622 1.308307 
623 1.163752 
624 1.263529 
625 1.795596 
626 1.530251 
627 1.418985 
628 1.699465 
629 1.680476 
630 1.502268 
631 1.286799 
632 1.219429 
633 0.986945 
634 1.895165 
635 -2.210586 
636 -1.949578 
637 -1.521930 
638 -1.465020 
639 -1.942520 
640 -1.533729 
641 -1.524745 
642 -1.683328 
643 -1.834717 
644 -1.787291 
645 -1.890932 
646 -1.546140 
647 -1.497159 
648 -1.474658 
649 -1.542719 
650 -1.865910 
651 -1.822634 
652 -1.681961 
653 -1.850700 
654 -1.458521 
655 -1.513495 
656 -1.465307 
657 -1.697490 
658 -1.764218 
659 -1.625481 
660 -1.860151 
661 -1.588108 
662 -1.627397 
663 -1.727345 
664 -1.435958 
665 -1.636806 
666 -1.880301 
667 -1.697837 
668 -1.715193 
669 -1.547599 
670 -1.561944 
671 -1.791405 
672 -1.559555 
673 -1.647587 
674 -1.692316 
675 -1.720035 
676 -1.743380 
677 -1.559729 
678 -1.683409 
679 -1.760078 
680 -1.788013 
681 -1.623894 
682 -1.695693 
683 -1.552199 
684 -2.411562 
685 -1.780350 
686 0.918276 
687 -2.010253 
688 -1.745023 
689 -2.134575 
690 -1.710687 
691 -1.490137 
692 -1.745883 
693 -1.983634 
694 -1.765383 
695 -1.737165 
696 -1.716348 
697 -1.781651 
698 -1.726692 
699 -1.820943 
700 -1.850065 
701 -1.761075 
702 -1.737843 
703 -1.732669 
704 -1.515492 
705 -1.754309 
706 -2.144137 
707 -1.772450 
708 -2.157043 
709 -2.043986 
710 -1.926372 
711 -1.277277 
712 1.912458 
713 1.311747 
714 1.676984 
715 1.795047 
716 0.840769 
717 1.068440 
718 1.816021 
719 1.897314 
720 1.597914 
721 1.310000 
722 1.322169 
723 1.651747 
724 1.492378 
725 1.561774 
726 1.299053 
727 1.548472 
728 1.352382 
729 1.575818 
730 1.518343 
731 1.445696 
732 1.371162 
733 1.247128 
734 1.469350 
735 1.866202 
736 1.729208 
737 1.497852 
738 1.233657 
739 1.284171 
740 1.360009 
741 1.437564 
742 1.504510 
743 1.628647 
744 2.309836 
745 1.559567 
746 1.388602 
747 1.325978 
748 1.433869 
749 1.596560 
750 1.528538 
751 1.687418 
752 1.627015 
753 1.582999 
754 1.609661 
755 1.611110 
756 -1.670584 
757 -1.643310 
758 -1.855523 
759 -1.821298 
760 -1.757439 
761 -1.703140 
762 -1.879911 
763 -1.612813 
764 -1.792090 
765 -1.758642 
766 -1.830108 
767 -1.719950 
768 -2.175735 
769 -1.763708 
770 -1.621484 
771 -1.546188 
772 -1.517776 
773 -1.791668 
774 -1.771496 
775 -1.995963 
776 -1.630651 
777 -1.912368 
778 -1.638663 
779 -1.601014 
780 -1.825018 
781 -1.802610 
782 -1.852948 
783 -1.601443 
784 -1.822749 
785 -1.627395 
786 -1.660896 
787 -1.719837 
788 -1.953142 
789 -1.743876 
790 -1.819386 
791 -1.497558 
792 -1.701570 
793 -1.758990 
794 -1.759948 
795 -1.955521 
796 -1.766561 
797 -1.566464 
798 -1.699160 
799 -1.871928 
800 -1.741011 
801 -1.715119 
802 -1.694104 
803 -1.788448 
804 -1.799263 
805 -1.530542 
806 -1.833349 
807 -1.822511 
808 -1.932358 
809 -2.084405 
810 -1.803787 
811 -1.339441 
812 1.451147 
813 1.376573 
814 1.508834 
815 1.591154 
816 1.670770 
817 1.368409 
818 1.380047 
819 1.337063 
820 1.523248 
821 1.570377 
822 1.415656 
823 1.438509 
824 1.605547 
825 1.506033 
826 1.264736 
827 1.490492 
828 1.453041 
829 1.392009 
830 1.468780 
831 1.452342 
832 1.351202 
833 1.625759 
834 1.384396 
835 1.519862 
836 1.677117 
837 1.697307 
838 1.209857 
839 1.397073 
840 1.517166 
841 1.619443 
842 1.625297 
843 1.214172 
844 1.273363 
845 1.356996 
846 1.482744 
847 1.852710 
848 2.098914 
849 1.600283 
850 1.228277 
851 1.059016 
852 1.069684 
853 1.161503 
854 1.618421 
855 2.000534 
856 1.709885 
857 1.443315 
858 1.177882 
859 1.566805 
860 1.500360 
861 1.583825 
862 2.201333 
863 0.483859 
864 1.873897 
865 1.946452 
866 1.810613 
867 1.754398 
868 1.924569 
869 1.715795 
870 1.936047 
871 1.445190 
872 -1.534255 
873 -1.636057 
874 -1.760843 
875 -1.780745 
876 -1.847918 
877 -1.812410 
878 -1.820339 
879 -1.394345 
880 -1.638946 
881 -1.598149 
882 -1.863055 
883 -1.769802 
884 -1.943125 
885 -1.743093 
886 -1.679238 
887 -1.691623 
888 -1.852033 
889 -1.850524 
890 -1.423576 
891 -1.898145 
892 -1.755790 
893 -1.708601 
894 -1.732231 
895 -1.610738 
896 -1.663454 
897 -1.589369 
898 -1.774673 
899 -1.875679 
900 -1.774204 
901 -1.763110 
902 -1.618326 
903 -1.599031 
904 -1.800479 
905 -1.772018 
906 -1.596063 
907 -1.905497 
908 -1.666027 
909 -1.690433 
910 -1.794363 
911 -1.544871 
912 -1.681805 
913 -1.575417 
914 -1.989938 
915 -1.556870 
916 -1.683120 
917 -1.408023 
918 -1.659581 
919 -1.882221 
920 -1.875372 
921 -1.691737 
922 -1.523252 
923 -1.915397 
924 -1.686712 
925 -1.573831 
926 -1.666512 
927 -1.755381 
928 -2.199899 
929 -2.243835 
930 -1.563009 
931 0.978250 
932 1.151430 
933 -1.924254 
934 -1.853558 
935 -2.035804 
936 -1.596408 
937 -1.792556 
938 -1.847073 
939 -1.722889 
940 -1.813239 
941 -1.677120 
942 -1.784342 
943 -1.793318 
944 -1.693999 
945 -1.855449 
946 -1.921478 
947 -1.564703 
948 -1.664378 
949 -1.585057 
950 -1.822634 
951 -1.811482 
952 -1.786826 
953 -1.752366 
954 -1.788233 
955 -1.585308 
956 -1.618740 
957 -1.887209 
958 -1.800645 
959 -1.734964 
960 -1.763753 
961 -1.821916 
962 -1.772497 
963 -1.617948 
964 -1.734192 
965 -1.793020 
966 -1.855855 
967 -1.706002 
968 -1.772974 
969 -1.763654 
970 -1.777431 
971 -1.747567 
972 -1.791506 
973 -1.784336 
974 -1.738057 
975 -1.866430 
976 -1.782450 
977 -1.797834 
978 -1.784812 
979 -1.601779 
980 -1.695190 
981 -1.828716 
982 -1.805574 
983 -1.761935 
984 -1.362812 
985 1.315412 
986 1.438670 
987 1.724786 
988 1.655405 
989 1.515005 
990 1.340390 
991 1.219948 
992 1.288093 
993 1.296693 
994 1.536411 
995 1.730795 
996 1.558421 
997 1.431751 
998 1.305359 
999 1.512272 
1000 1.440842 
1001 1.398440 
1002 1.424365 
1003 1.528845 
1004 1.403737 
1005 1.376320 
1006 1.332384 
1007 1.544372 
1008 1.599838 
1009 1.535255 
1010 1.324701 
1011 1.290106 
1012 1.269658 
1013 1.323524 
1014 1.334642 
1015 1.799454 
1016 2.051590 
1017 1.552562 
1018 1.149604 
1019 1.130674 
1020 1.311940 
1021 1.480731 
1022 1.517225 
1023 1.402620 
1024 1.750535 
1025 1.397886 
1026 1.266307 
1027 1.448350 
1028 1.468409 
1029 1.474752 
1030 1.417800 
1031 1.358768 
1032 1.644102 
1033 1.569113 
1034 1.352210 
1035 0.957207 
1036 0.764808 
1037 2.787506 
1038 -1.462620 
1039 -1.790764 
1040 -1.870383 
1041 -1.407845 
1042 -1.582624 
1043 -1.686738 
1044 -1.718793 
1045 -1.833479 
1046 -1.646767 
1047 -1.326686 
1048 -1.829721 
1049 -1.558365 
1050 -1.712010 
1051 -1.587150 
1052 -1.682081 
1053 -1.546137 
1054 -1.763104 
1055 -1.521491 
1056 -1.557126 
1057 -1.663079 
1058 -1.449399 
1059 -1.811366 
1060 -1.688648 
1061 -1.652849 
1062 -1.744857 
1063 -1.436349 
1064 -1.782945 
1065 -1.601429 
1066 -1.727336 
1067 -1.428122 
1068 -1.468583 
1069 -1.569734 
1070 -1.641724 
1071 -1.742447 
1072 -1.821241 
1073 -1.572290 
1074 -1.640804 
1075 -1.588611 
1076 -1.662655 
1077 -1.619062 
1078 -1.556151 
1079 -1.680412 
1080 -1.699507 
1081 -1.656192 
1082 -1.425544 
1083 -1.493507 
1084 -1.803261 
1085 -1.753475 
1086 -1.450887 
1087 -1.528830 
1088 -2.063042 
1089 1.583693 
1090 1.505530 
1091 1.760760 
1092 1.627816 
1093 1.554841 
1094 1.373048 
1095 1.476544 
1096 1.502380 
1097 1.343732 
1098 1.648923 
1099 1.342471 
1100 1.577281 
1101 1.584469 
1102 1.551405 
1103 1.280759 
1104 1.579940 
1105 1.340879 
1106 1.526671 
1107 1.803716 
1108 1.524659 
1109 1.374128 
1110 1.676917 
1111 1.438975 
1112 1.341217 
1113 1.552185 
1114 1.608131 
1115 1.560091 
1116 1.488421 
1117 1.371601 
1118 1.450806 
1119 1.609517 
1120 1.796824 
1121 1.721795 
1122 1.347018 
1123 1.100694 
1124 1.124163 
1125 1.540480 
1126 1.514701 
1127 1.864686 
1128 1.895210 
1129 1.539497 
1130 1.213875 
1131 1.368418 
1132 1.520686 
1133 1.431395 
1134 1.503636 
1135 1.705147 
1136 1.922621 
1137 -1.516907 
1138 -1.885341 
1139 -1.697662 
1140 -1.648790 
1141 -1.799991 
1142 -1.746271 
1143 -1.650178 
1144 -1.658461 
1145 -1.577547 
1146 -1.458123 
1147 -1.973664 
1148 -1.787477 
1149 -1.653605 
1150 -1.823077 
1151 -1.616803 
1152 -1.547392 
1153 -1.795001 
1154 -1.753356 
1155 -1.574877 
1156 -1.520572 
1157 -1.752099 
1158 -1.736983 
1159 -1.739614 
1160 -1.692299 
1161 -1.668849 
1162 -1.686785 
1163 -1.828991 
1164 -1.734637 
1165 -1.734911 
1166 -1.703799 
1167 -1.480227 
1168 -1.789026 
1169 -1.799352 
1170 -1.514835 
1171 -1.728374 
1172 -1.749621 
1173 -1.642405 
1174 -1.586777 
1175 -1.704428 
1176 -1.689365 
1177 -1.691689 
1178 -1.680342 
1179 -1.737834 
1180 -1.798309 
1181 -1.591396 
1182 -1.583513 
1183 -1.755800 
1184 -1.723999 
1185 -1.819405 
1186 -1.721454 
1187 -1.561903 
1188 1.684448 
1189 1.619530 
1190 1.295120 
1191 1.097071 
1192 1.367145 
1193 1.500261 
1194 1.455014 
1195 1.609549 
1196 1.501825 
1197 1.385257 
1198 1.309757 
1199 1.504742 
1200 1.807185 
1201 1.591281 
1202 1.287689 
1203 1.236533 
1204 1.199409 
1205 1.200091 
1206 1.572328 
1207 1.749785 
1208 1.695563 
1209 1.595976 
1210 1.443720 
1211 1.111257 
1212 1.304226 
1213 1.237392 
1214 1.858644 
1215 1.427622 
1216 1.803864 
1217 1.492000 
1218 1.374483 
1219 1.241173 
1220 1.212754 
1221 1.325577 
1222 1.627023 
1223 1.759666 
1224 1.289963 
1225 1.228430 
1226 1.636876 
1227 1.698553 
1228 1.358613 
1229 1.355052 
1230 1.588321 
1231 1.702050 
1232 1.421243 
1233 1.465139 
1234 1.453505 
1235 1.462761 
1236 1.525595 
1237 1.184111 
1238 1.130839 
1239 2.291982 
1240 1.804389 
1241 1.575268 
1242 1.544133 
1243 1.082436 
1244 1.392073 
1245 1.437985 
1246 1.862560 
1247 1.512787 
1248 1.369528 
1249 1.520937 
1250 1.456675 
1251 1.692438 
1252 1.444541 
1253 1.571069 
1254 1.461628 
1255 1.448477 
1256 1.427600 
1257 1.561498 
1258 1.565153 
1259 1.419296 
1260 1.559588 
1261 1.525216 
1262 1.322579 
1263 1.537000 
1264 1.668435 
1265 1.762014 
1266 1.347791 
1267 1.319860 
1268 1.359774 
1269 1.498993 
1270 1.840307 
1271 1.426262 
1272 1.343081 
1273 1.469438 
1274 1.795538 
1275 1.584268 
1276 1.333036 
1277 1.267270 
1278 1.684888 
1279 1.784629 
1280 1.814705 
1281 1.526989 
1282 1.479891 
1283 1.236162 
1284 1.122725 
1285 1.385106 
1286 1.853900 
1287 1.819111 
1288 1.661692 
1289 1.467359 
1290 1.220245 
1291 1.801951 
1292 1.454986 
1293 1.194399 
1294 1.548778 
1295 2.012885 
1296 2.098501 
1297 1.530700 
1298 1.312961 
1299 1.337129 
1300 1.447338 
1301 1.520936 
1302 1.560635 
1303 1.869340 
1304 1.647535 
1305 1.562817 
1306 1.420827 
1307 1.508085 
1308 1.813667 
1309 1.667170 
1310 1.391135 
1311 1.537637 
1312 1.688967 
1313 1.621862 
1314 1.569891 
1315 1.563857 
1316 1.247686 
1317 1.264823 
1318 1.830310 
1319 1.893051 
1320 2.102674 
1321 1.627258 
1322 1.310669 
1323 1.483691 
1324 1.759021 
1325 1.530341 
1326 1.295256 
1327 1.694561 
1328 2.106271 
1329 1.662333 
1330 1.550718 
1331 1.185567 
1332 1.028217 
1333 1.457986 
1334 1.902196 
1335 1.940258 
1336 1.630885 
1337 1.744499 
1338 1.393556 
1339 1.263432 
1340 1.331699 
1341 1.541259 
1342 1.647922 
1343 1.784013 
1344 1.722812 
1345 1.795741 
1346 1.537291 
1347 -1.821856 
1348 -2.068836 
1349 -1.546862 
1350 -1.791984 
1351 -1.946471 
1352 -1.709172 
1353 -1.816493 
1354 -1.860561 
1355 -1.841247 
1356 -1.929592 
1357 -1.799698 
1358 -1.925212 
1359 -1.930749 
1360 -1.850884 
1361 -1.913675 
1362 -1.727787 
1363 -2.106243 
1364 -1.682132 
1365 -1.911187 
1366 -1.998950 
1367 -1.706096 
1368 -1.945762 
1369 -1.861359 
1370 -1.871783 
1371 -1.843765 
1372 -1.849908 
1373 -1.691759 
1374 -1.825808 
1375 -1.835251 
1376 -2.043990 
1377 -1.741779 
1378 -1.634421 
1379 -1.950450 
1380 -1.718131 
1381 -1.630412 
1382 -1.924709 
1383 -1.918998 
1384 -1.860416 
1385 -1.795699 
1386 -1.868333 
1387 -1.843547 
1388 -1.844411 
1389 -1.874688 
1390 -1.850605 
1391 -1.889957 
1392 -1.754281 
1393 -1.987438 
1394 -1.830523 
1395 -1.946409 
1396 -1.807317 
1397 -1.197909 
1398 1.892767 
1399 1.763321 
1400 1.460863 
1401 1.418035 
1402 1.385793 
1403 1.818274 
1404 1.872101 
1405 1.810528 
1406 1.367366 
1407 1.197483 
1408 1.372601 
1409 1.422906 
1410 1.742410 
1411 1.870960 
1412 1.491602 
1413 1.455193 
1414 1.585811 
1415 1.512310 
1416 1.733282 
1417 1.632065 
1418 1.378404 
1419 1.404247 
1420 1.641744 
1421 1.446602 
1422 1.618827 
1423 1.577655 
1424 1.357316 
1425 1.367945 
1426 1.584204 
1427 1.736083 
1428 1.987453 
1429 1.546744 
1430 1.353776 
1431 1.209226 
1432 1.252122 
1433 1.401929 
1434 1.617960 
1435 1.816940 
1436 1.779545 
1437 1.641422 
1438 1.439337 
1439 1.299761 
1440 1.636827 
1441 1.692152 
1442 1.512066 
1443 1.450819 
1444 1.371927 
1445 1.393526 
1446 1.630398 
1447 1.681638 
1448 1.743918 
1449 1.459779 
1450 1.377127 
1451 1.736039 
1452 1.342335 
1453 1.549715 
1454 1.680732 
1455 1.722050 
1456 1.636552 
1457 1.632435 
1458 1.515354 
1459 1.510866 
1460 1.493253 
1461 1.411387 
1462 1.610865 
1463 1.612415 
1464 1.884915 
1465 1.511286 
1466 1.442851 
1467 1.352504 
1468 1.377443 
1469 1.732228 
1470 1.603902 
1471 1.641706 
1472 1.394010 
1473 1.273038 
1474 1.538600 
1475 2.127296 
1476 1.853821 
1477 1.684726 
1478 1.420572 
1479 1.292122 
1480 1.463861 
1481 1.576991 
1482 1.677852 
1483 1.624627 
1484 1.780070 
1485 1.629189 
1486 1.493796 
1487 1.359077 
1488 1.328139 
1489 1.404822 
1490 1.713311 
1491 1.840652 
1492 1.897329 
1493 1.651977 
1494 1.451513 
1495 1.366722 
1496 1.340397 
1497 1.599898 
1498 1.790286 
1499 1.507082 
1500 1.626060 
1501 1.507830 
1502 1.515201 
1503 1.604379 
1504 -1.510871 
1505 -1.703295 
1506 -1.606522 
1507 -1.373379 
1508 -1.700575 
1509 -1.722523 
1510 -1.452452 
1511 -1.474126 
1512 -1.514139 
1513 -1.613859 
1514 -1.659950 
1515 -1.576838 
1516 -1.770162 
1517 -1.713411 
1518 -1.493794 
1519 -1.487554 
1520 -1.563225 
1521 -1.661687 
1522 -1.550174 
1523 -1.482888 
1524 -1.350597 
1525 -1.294535 
1526 -1.705495 
1527 -1.697905 
1528 -1.914243 
1529 -1.506026 
1530 -1.524564 
1531 -1.512012 
1532 -1.505832 
1533 -1.577195 
1534 -1.618137 
1535 -1.574446 
1536 -1.536476 
1537 -1.516511 
1538 -1.397673 
1539 -1.659862 
1540 -1.512270 
1541 -1.581891 
1542 -1.535157 
1543 -1.549162 
1544 -1.775620 
1545 -1.478901 
1546 -1.620829 
1547 -1.766840 
1548 -1.363562 
1549 -1.544661 
1550 -1.588901 
1551 -1.560955 
1552 -1.597197 
1553 -1.364658 
1554 -1.600687 
1555 -1.646278 
1556 -1.808675 
1557 -1.420766 
1558 -1.507502 
1559 -1.525578 
1560 -1.581148 
1561 -1.460581 
1562 -1.586467 
1563 -1.726646 
1564 -1.541693 
1565 -1.670348 
1566 -1.536739 
1567 -1.474326 
1568 -1.463726 
1569 -1.724665 
1570 -1.633479 
1571 -1.600775 
1572 -1.363815 
1573 -1.262280 
1574 -2.980485 
1575 -1.695347 
1576 -1.682869 
1577 -1.687212 
1578 -1.599988 
1579 -1.609126 
1580 -1.596091 
1581 -1.451026 
1582 -1.723025 
1583 -1.748020 
1584 -1.784748 
1585 -1.710310 
1586 -1.394571 
1587 -1.643831 
1588 -1.596100 
1589 -1.570158 
1590 -1.631229 
1591 -1.720547 
1592 -1.651536 
1593 -1.693825 
1594 -1.503844 
1595 -1.665843 
1596 -1.578168 
1597 -1.654063 
1598 -1.633709 
1599 -1.724971 
1600 -1.597964 
1601 -1.751667 
1602 -1.572993 
1603 -1.587331 
1604 -1.791172 
1605 -1.694431 
1606 -1.680482 
1607 -1.603039 
1608 -1.479790 
1609 -1.761992 
1610 -1.464633 
1611 -1.810140 
1612 -1.867127 
1613 -1.856708 
1614 -1.402450 
1615 -1.517738 
1616 -1.527110 
1617 -1.719753 
1618 -1.710809 
1619 -1.699832 
1620 -1.787519 
1621 -1.652828 
1622 -1.582495 
1623 -1.563739 
1624 -1.601927 
1625 -1.366534 
1626 -1.656035 
1627 -1.800569 
1628 -1.515480 
1629 -1.839784 
1630 -2.018477 
1631 -1.768579 
1632 -1.632318 
1633 -1.925313 
1634 -1.497705 
1635 -1.664985 
1636 -2.053790 
1637 -1.668114 
1638 -1.598742 
1639 -1.543628 
1640 -1.678785 
1641 -1.941914 
1642 -1.842081 
1643 -1.606120 
1644 -1.575784 
1645 -1.743090 
1646 -1.857316 
1647 -1.635390 
1648 -1.952788 
1649 -1.791468 
1650 -1.563134 
1651 -1.695343 
1652 -1.625959 
1653 -1.678623 
1654 -1.586750 
1655 -1.679095 
1656 -1.822497 
1657 -1.718511 
1658 -1.925290 
1659 -1.523816 
1660 -1.770536 
1661 -1.818931 
1662 -1.494472 
1663 -1.806918 
1664 -1.789587 
1665 -1.806598 
1666 -1.688215 
1667 -1.673336 
1668 -1.531622 
1669 -1.888506 
1670 -1.952569 
1671 -1.684041 
1672 -1.642569 
1673 -1.868935 
1674 -1.550631 
1675 -1.769310 
1676 -1.866883 
1677 -1.884122 
1678 -1.510623 
1679 -1.596768 
1680 -1.818606 
1681 -1.440220 
1682 1.671007 
1683 1.683343 
1684 1.579104 
1685 1.511655 
1686 1.523487 
1687 1.349635 
1688 1.503640 
1689 1.423447 
1690 1.540042 
1691 1.551477 
1692 1.398944 
1693 1.383817 
1694 1.457759 
1695 1.750883 
1696 1.751439 
1697 1.312436 
1698 1.374406 
1699 1.619792 
1700 1.443131 
1701 1.300382 
1702 1.517987 
1703 1.747028 
1704 1.539778 
1705 1.889577 
1706 1.440402 
1707 1.178160 
1708 1.397934 
1709 1.446144 
1710 1.613946 
1711 1.625720 
1712 1.413741 
1713 1.515169 
1714 1.384133 
1715 1.589819 
1716 1.503062 
1717 1.154837 
1718 1.486517 
1719 1.866580 
1720 1.593224 
1721 1.301060 
1722 1.361052 
1723 1.691483 
1724 1.741414 
1725 1.832097 
1726 1.264408 
1727 1.093469 
1728 1.476305 
1729 1.551311 
1730 1.558193 
1731 1.405419 
1732 2.048707 
1733 -1.457508 
1734 -1.709135 
1735 -1.694787 
1736 -1.880378 
1737 -1.657818 
1738 -1.708173 
1739 -1.929696 
1740 -1.554999 
1741 -1.519373 
1742 -2.019405 
1743 -1.821658 
1744 -1.949713 
1745 -1.779418 
1746 -1.644746 
1747 -1.750471 
1748 -1.635587 
1749 -1.770182 
1750 -1.743361 
1751 -1.888573 
1752 -1.681254 
1753 -1.589528 
1754 -1.835999 
1755 -1.810555 
1756 -1.692447 
1757 -1.809714 
1758 -1.919058 
1759 -1.775243 
1760 -1.613559 
1761 -1.820204 
1762 -1.833384 
1763 -1.825160 
1764 -1.924677 
1765 -1.854307 
1766 -1.725649 
1767 -1.923021 
1768 -1.669108 
1769 -1.741238 
1770 -1.675177 
1771 -1.929150 
1772 -1.734824 
1773 -1.619497 
1774 -1.799071 
1775 -1.786132 
1776 -1.694711 
1777 -1.723868 
1778 -1.760246 
1779 -1.911670 
1780 -1.774212 
1781 -1.625983 
1782 -1.951358 
1783 -1.883327 
1784 -1.349221 
1785 1.823396 
1786 1.389480 
1787 1.622918 
1788 1.615662 
1789 1.577775 
1790 1.302155 
1791 1.208470 
1792 1.398205 
1793 1.704242 
1794 1.672207 
1795 1.194623 
1796 0.961152 
1797 1.249432 
1798 1.712046 
1799 1.908284 
1800 1.995511 
1801 1.413125 
1802 1.222968 
1803 1.208341 
1804 1.475873 
1805 1.507641 
1806 1.548574 
1807 1.520009 
1808 1.452894 
1809 1.402240 
1810 1.441373 
1811 1.586027 
1812 1.566145 
1813 1.674508 
1814 1.446245 
1815 1.219039 
1816 1.058286 
1817 1.309856 
1818 1.541094 
1819 1.838198 
1820 2.117301 
1821 1.626544 
1822 1.067153 
1823 1.005747 
1824 1.124439 
1825 1.484743 
1826 1.700347 
1827 1.617602 
1828 1.179487 
1829 1.188447 
1830 1.646069 
1831 1.895790 
1832 1.797432 
1833 1.606261 
1834 1.208640 
1835 1.063128 
1836 1.101836 
1837 1.401397 
1838 1.719132 
1839 1.599044 
1840 1.512593 
1841 1.439451 
1842 1.347359 
1843 1.762398 
1844 1.452541 
1845 1.334459 
1846 1.529670 
1847 1.339914 
1848 2.290662 
1849 1.232918 
1850 1.386444 
1851 1.355779 
1852 1.682180 
1853 1.701467 
1854 1.412714 
1855 1.357023 
1856 1.134012 
1857 1.398261 
1858 1.854318 
1859 1.469775 
1860 1.713302 
1861 1.590327 
1862 1.384115 
1863 1.374625 
1864 1.689245 
1865 1.614546 
1866 1.312693 
1867 1.550155 
1868 1.562730 
1869 1.480015 
1870 1.455166 
1871 1.549738 
1872 1.331903 
1873 1.393168 
1874 1.563123 
1875 1.744211 
1876 1.916357 
1877 1.422256 
1878 1.428101 
1879 1.292191 
1880 1.420029 
1881 1.454826 
1882 1.679237 
1883 1.571104 
1884 1.556997 
1885 1.505811 
1886 1.431244 
1887 1.531998 
1888 1.540123 
1889 1.408889 
1890 1.506613 
1891 1.507844 
1892 1.557511 
1893 1.447937 
1894 1.314227 
1895 1.701818 
1896 1.321972 
1897 1.333806 
1898 1.521689 
1899 1.798717 
1900 1.462778 
1901 1.540354 
1902 1.680929 
1903 1.253213 
1904 1.046451 
1905 1.944465 
1906 1.521505 
1907 1.633633 
1908 1.551589 
1909 1.492572 
1910 1.519253 
1911 1.465205 
1912 1.586182 
1913 1.611915 
1914 1.511050 
1915 1.315305 
1916 1.397795 
1917 1.358315 
1918 1.763748 
1919 1.602598 
1920 1.402629 
1921 1.592068 
1922 1.619506 
1923 1.379529 
1924 1.354839 
1925 1.471325 
1926 1.484037 
1927 1.683260 
1928 1.843609 
1929 1.788515 
1930 1.331201 
1931 1.240451 
1932 1.227551 
1933 1.616093 
1934 1.578591 
1935 1.685140 
1936 1.399915 
1937 1.454132 
1938 1.620241 
1939 1.585973 
1940 1.316139 
1941 1.355613 
1942 1.492273 
1943 1.860166 
1944 1.744441 
1945 1.476711 
1946 1.454819 
1947 1.376623 
1948 1.563253 
1949 1.468706 
1950 1.559402 
1951 1.556857 
1952 1.531463 
1953 1.610394 
1954 1.556904 
1955 1.383959 
1956 1.910111 
1957 -1.542131 
1958 -1.733236 
1959 -1.642459 
1960 -1.729083 
1961 -1.651131 
1962 -1.691738 
1963 -1.819813 
1964 -1.980703 
1965 -1.600916 
1966 -1.776372 
1967 -1.648159 
1968 -1.887155 
1969 -1.625882 
1970 -1.824226 
1971 -1.697859 
1972 -1.750441 
1973 -1.759333 
1974 -1.721896 
1975 -1.609701 
1976 -1.621174 
1977 -1.816031 
1978 -1.871856 
1979 -1.555078 
1980 -1.857623 
1981 -1.673627 
1982 -1.740113 
1983 -1.581894 
1984 -1.840027 
1985 -1.555636 
1986 -1.737672 
1987 -1.737919 
1988 -1.754652 
1989 -1.724296 
1990 -1.791091 
1991 -1.819370 
1992 -1.731537 
1993 -1.637747 
1994 -1.700474 
1995 -1.796814 
1996 -1.864142 
1997 -1.713864 
1998 -1.933246 
1999 -1.421597 
2000 -1.658567 
2001 -1.940096 
2002 -1.637445 
2003 -1.827024 
2004 -1.976804 
2005 -1.773483 
2006 -1.752222 
2007 -1.447809 
2008 1.313863 
2009 1.449800 
2010 1.545437 
2011 1.448576 
2012 1.577424 
2013 1.666021 
2014 1.301253 
2015 1.339564 
2016 1.629198 
2017 1.572259 
2018 1.427401 
2019 1.180035 
2020 1.133005 
2021 1.210986 
2022 1.509989 
2023 1.882885 
2024 1.598282 
2025 1.403845 
2026 1.311267 
2027 1.398246 
2028 1.362393 
2029 1.414244 
2030 1.593701 
2031 1.473544 
2032 1.613580 
2033 1.496412 
2034 1.330100 
2035 1.417177 
2036 1.369279 
2037 1.440784 
2038 1.378817 
2039 1.636737 
2040 1.546490 
2041 1.537973 
2042 1.386739 
2043 1.253771 
2044 1.173145 
2045 1.286597 
2046 1.619241 
2047 1.690515 
2048 1.674242 
2049 1.372384 
2050 1.382598 
2051 1.312302 
2052 1.619869 
2053 1.485422 
2054 1.335407 
2055 1.345158 
2056 1.036288 
2057 0.894322 
2058 2.749227 
2059 -1.678362 
2060 -1.808170 
2061 -1.392533 
2062 -1.825800 
2063 -1.630772 
2064 -1.568551 
2065 -1.374222 
2066 -1.676162 
2067 -1.951232 
2068 -1.673706 
2069 -1.783896 
2070 -1.615310 
2071 -1.585982 
2072 -1.494853 
2073 -1.532761 
2074 -1.583791 
2075 -1.963375 
2076 -1.614574 
2077 -1.614969 
2078 -1.574398 
2079 -1.736059 
2080 -1.639956 
2081 -1.758488 
2082 -1.627171 
2083 -1.686560 
2084 -1.522222 
2085 -1.612218 
2086 -1.739245 
2087 -1.516264 
2088 -1.779686 
2089 -1.470147 
2090 -1.784719 
2091 -1.664552 
2092 -1.530608 
2093 -1.671350 
2094 -1.481738 
2095 -1.755424 
2096 -1.864187 
2097 -1.582636 
2098 -1.468086 
2099 -1.665075 
2100 -1.623900 
2101 -1.923584 
2102 -1.439700 
2103 -1.586315 
2104 -1.713691 
2105 -1.562588 
2106 -1.557751 
2107 -1.835788 
2108 -1.762836 
2109 -1.861092 
2110 -1.871510 
2111 1.070657 
2112 1.540479 
2113 1.443120 
2114 1.585996 
2115 1.529905 
2116 1.145396 
2117 1.352150 
2118 1.754447 
2119 1.661774 
2120 1.750766 
2121 1.604088 
2122 1.455018 
2123 1.139300 
2124 1.074393 
2125 1.093463 
2126 1.938906 
2127 1.971619 
2128 1.573064 
2129 1.552151 
2130 1.439362 
2131 1.496209 
2132 1.554214 
2133 1.749350 
2134 1.396455 
2135 1.356442 
2136 1.554977 
2137 1.504180 
2138 1.495613 
2139 1.618344 
2140 1.386780 
2141 1.758267 
2142 1.396667 
2143 1.473674 
2144 1.343092 
2145 1.349050 
2146 1.658787 
2147 1.748730 
2148 1.521951 
2149 1.482392 
2150 1.423860 
2151 1.563756 
2152 1.474998 
2153 1.325060 
2154 1.472309 
2155 1.547421 
2156 1.964530 
2157 1.506541 
2158 1.479037 
2159 1.202132 
2160 0.684650 
2161 1.884053 
2162 -1.889715 
2163 -1.613880 
2164 -1.770480 
2165 -1.686343 
2166 -1.411820 
2167 -1.653228 
2168 -1.540865 
2169 -1.489472 
2170 -1.610135 
2171 -1.724413 
2172 -1.673369 
2173 -1.477193 
2174 -1.611191 
2175 -1.692137 
2176 -1.561273 
2177 -1.674274 
2178 -1.469375 
2179 -1.533167 
2180 -1.547211 
2181 -1.527109 
2182 -1.615469 
2183 -1.504341 
2184 -1.378841 
2185 -1.633282 
2186 -1.749004 
2187 -1.641089 
2188 -1.627376 
2189 -1.676914 
2190 -1.463756 
2191 -1.596789 
2192 -1.601604 
2193 -1.569627 
2194 -1.628579 
2195 -1.480337 
2196 -1.745821 
2197 -1.549154 
2198 -1.613944 
2199 -1.572133 
2200 -1.749489 
2201 -1.508590 
2202 -1.568272 
2203 -1.595769 
2204 -1.588299 
2205 -1.571992 
2206 -1.507612 
2207 -1.690706 
2208 -1.808500 
2209 -1.581027 
2210 -1.440252 
2211 -1.467645 
2212 -2.307953 
2213 1.478171 
2214 1.303226 
2215 1.056845 
2216 1.123236 
2217 1.399607 
2218 1.510185 
2219 1.746378 
2220 1.771297 
2221 1.497951 
2222 1.294805 
2223 1.316472 
2224 1.175644 
2225 1.259496 
2226 1.581728 
2227 1.731909 
2228 1.716461 
2229 1.446214 
2230 1.274288 
2231 1.408949 
2232 1.548051 
2233 1.476714 
2234 1.270869 
2235 1.665653 
2236 1.534523 
2237 1.491818 
2238 1.416114 
2239 1.109585 
2240 1.121431 
2241 1.437110 
2242 1.537095 
2243 1.597593 
2244 1.458931 
2245 1.545144 
2246 1.395810 
2247 1.373928 
2248 1.424578 
2249 1.424574 
2250 1.267636 
2251 1.509851 
2252 1.440141 
2253 1.408666 
2254 1.398836 
2255 1.537205 
2256 1.539742 
2257 1.699051 
2258 1.348811 
2259 1.198015 
2260 1.202425 
2261 1.397028 
2262 1.217203 
2263 2.514860 
2264 1.785896 
2265 1.584598 
2266 1.195599 
2267 1.112597 
2268 1.200554 
2269 1.250541 
2270 1.392603 
2271 1.914147 
2272 1.614522 
2273 1.533493 
2274 1.269369 
2275 1.459829 
2276 1.290052 
2277 1.505564 
2278 1.561304 
2279 1.374726 
2280 1.380478 
2281 1.419629 
2282 1.439734 
2283 1.377332 
2284 1.610345 
2285 1.349752 
2286 1.505097 
2287 1.519486 
2288 1.386406 
2289 1.525272 
2290 1.386952 
2291 1.493477 
2292 1.323223 
2293 1.326614 
2294 1.518582 
2295 1.671038 
2296 1.521950 
2297 1.539327 
2298 1.416819 
2299 1.379121 
2300 1.403355 
2301 1.403217 
2302 1.258218 
2303 1.622736 
2304 1.734637 
2305 1.458754 
2306 1.288454 
2307 1.388692 
2308 1.424400 
2309 1.567398 
2310 1.505402 
2311 1.285396 
2312 0.996267 
2313 0.832543 
2314 2.453677 
2315 1.814275 
2316 1.862902 
2317 1.339983 
2318 1.294653 
2319 1.479610 
2320 1.361468 
2321 1.531662 
2322 1.547716 
2323 1.403738 
2324 1.473436 
2325 1.261377 
2326 1.556809 
2327 1.570159 
2328 1.670171 
2329 1.508725 
2330 1.344007 
2331 1.276556 
2332 1.695485 
2333 1.493622 
2334 1.593094 
2335 1.268138 
2336 1.257043 
2337 1.338475 
2338 1.625345 
2339 1.587489 
2340 1.697210 
2341 1.488513 
2342 1.344684 
2343 1.504035 
2344 1.478208 
2345 1.590720 
2346 1.377499 
2347 1.386055 
2348 1.604615 
2349 1.590863 
2350 1.433967 
2351 1.308747 
2352 1.535664 
2353 1.497093 
2354 1.501002 
2355 1.386946 
2356 1.221417 
2357 1.366672 
2358 1.582896 
2359 1.693484 
2360 1.998797 
2361 1.239780 
2362 1.198415 
2363 1.445596 
2364 1.434670 
2365 1.507079 
2366 1.458895 
2367 1.442659 
2368 1.559493 
2369 1.342653 
2370 1.503288 
2371 2.055769 
2372 1.580304 
2373 2.064178 
2374 1.846430 
2375 1.956467 
2376 1.650978 
2377 1.512848 
2378 1.763842 
2379 2.347128 
2380 1.830489 
2381 2.002502 
2382 1.738248 
2383 1.776636 
2384 1.730518 
2385 1.920444 
2386 1.782974 
2387 1.633523 
2388 1.881319 
2389 1.750060 
2390 1.629021 
2391 2.007178 
2392 3.115839 
2393 2.141819 
2394 0.604249 
2395 -0.638104 
2396 -2.129141 
2397 -2.345714 
2398 -2.251883 
2399 -2.424562 
2400 -2.025699 
2401 -2.458399 
2402 -2.091029 
2403 -2.597062 
2404 -2.247348 
2405 -2.608016 
2406 -2.075063 
2407 -2.128970 
2408 -2.201979 
2409 -2.205417 
2410 -2.108845 
2411 -2.528202 
2412 -2.384448 
2413 -2.199990 
2414 -2.335289 
2415 -2.197017 
2416 -2.398704 
2417 -2.187225 
2418 -2.374610 
2419 -2.131422 
2420 -1.358974 
2421 -1.210499 
2422 0.125985 
2423 3.528073 
2424 2.222616 
2425 1.538767 
2426 1.105056 
2427 1.030126 
2428 1.309628 
2429 1.484198 
2430 1.716470 
2431 1.436319 
2432 1.392832 
2433 1.202682 
2434 1.397927 
2435 1.874925 
2436 1.696551 
2437 1.340738 
2438 1.329599 
2439 1.406870 
2440 1.528682 
2441 1.280906 
2442 1.397819 
2443 1.695067 
2444 1.497265 
2445 1.347193 
2446 1.401480 
2447 1.710410 
2448 1.495412 
2449 1.629871 
2450 1.449431 
2451 1.190809 
2452 1.207351 
2453 1.190342 
2454 1.446374 
2455 1.887471 
2456 1.579186 
2457 1.300819 
2458 1.379617 
2459 1.453561 
2460 1.412365 
2461 1.317551 
2462 1.565472 
2463 1.590123 
2464 1.643886 
2465 1.495709 
2466 1.376753 
2467 1.253473 
2468 1.676032 
2469 1.411611 
2470 1.401965 
2471 1.366018 
2472 1.145389 
2473 1.184649 
2474 2.209376 
2475 1.573056 
2476 1.721047 
2477 1.482148 
2478 1.422022 
2479 1.342174 
2480 1.215888 
2481 1.594271 
2482 1.540297 
2483 1.519807 
2484 1.460459 
2485 1.406502 
2486 1.502276 
2487 1.539360 
2488 1.444745 
2489 1.272312 
2490 1.462869 
2491 1.712883 
2492 1.837795 
2493 1.413377 
2494 1.182655 
2495 1.458719 
2496 1.629556 
2497 1.390831 
2498 1.322974 
2499 1.646886 
2500 1.839211 
2501 1.367540 
2502 1.399995 
2503 1.412761 
2504 1.575229 
2505 1.418943 
2506 1.409890 
2507 1.491791 
2508 1.827742 
2509 1.660741 
2510 1.295814 
2511 1.087707 
2512 1.283698 
2513 1.452344 
2514 1.507893 
2515 1.629397 
2516 1.881589 
2517 1.686008 
2518 1.163468 
2519 1.218740 
2520 1.343309 
2521 1.485994 
2522 1.445166 
2523 1.607033 
2524 1.963852 
2525 1.130066 
2526 1.493446 
2527 1.570722 
2528 1.456015 
2529 1.495384 
2530 1.673295 
2531 1.227215 
2532 1.402441 
2533 1.374138 
2534 1.624085 
2535 1.724479 
2536 1.509351 
2537 1.599778 
2538 1.316821 
2539 1.396814 
2540 1.567822 
2541 1.493415 
2542 1.379705 
2543 1.575767 
2544 1.694699 
2545 1.496146 
2546 1.398256 
2547 1.431431 
2548 1.360460 
2549 1.402821 
2550 1.494549 
2551 1.677338 
2552 1.732550 
2553 1.394667 
2554 1.330800 
2555 1.516346 
2556 1.357820 
2557 1.431837 
2558 1.602242 
2559 1.502364 
2560 1.646264 
2561 1.404360 
2562 1.451250 
2563 1.514986 
2564 1.361797 
2565 1.356941 
2566 1.519673 
2567 1.773233 
2568 1.851617 
2569 1.470269 
2570 1.328673 
2571 1.201884 
2572 1.471563 
2573 1.547153 
2574 1.239125 
2575 1.967753 
2576 1.265929 
2577 1.310179 
2578 1.426923 
2579 1.910670 
2580 1.466128 
2581 1.469222 
2582 1.541902 
2583 1.438266 
2584 1.666542 
2585 1.645012 
2586 1.323072 
2587 1.353533 
2588 1.205350 
2589 1.406863 
2590 1.526018 
2591 1.670430 
2592 1.637100 
2593 1.641854 
2594 1.304351 
2595 1.274780 
2596 1.119059 
2597 1.222876 
2598 1.839758 
2599 1.709341 
2600 1.475935 
2601 1.347065 
2602 1.454817 
2603 1.592583 
2604 1.669841 
2605 1.315503 
2606 1.479774 
2607 1.523246 
2608 1.454268 
2609 1.365516 
2610 1.436659 
2611 1.576299 
2612 1.851682 
2613 1.420495 
2614 1.373370 
2615 1.400272 
2616 1.675997 
2617 1.427388 
2618 1.344329 
2619 1.519410 
2620 1.482925 
2621 1.484166 
2622 1.537923 
2623 1.491101 
2624 1.219004 
2625 1.310183 
2626 2.060756 
2627 -1.703996 
2628 -1.689747 
2629 -1.734813 
2630 -1.514351 
2631 -1.762403 
2632 -1.725841 
2633 -1.629050 
2634 -1.753359 
2635 -1.571725 
2636 -1.537380 
2637 -1.479317 
2638 -1.638892 
2639 -1.892981 
2640 -1.898572 
2641 -1.703325 
2642 -1.479292 
2643 -1.440095 
2644 -1.757743 
2645 -1.512818 
2646 -1.741743 
2647 -1.604511 
2648 -1.696634 
2649 -1.459320 
2650 -1.762020 
2651 -1.672054 
2652 -1.631231 
2653 -1.581717 
2654 -1.767692 
2655 -1.616100 
2656 -1.763448 
2657 -1.691705 
2658 -1.564940 
2659 -1.675163 
2660 -1.545879 
2661 -1.669137 
2662 -1.590813 
2663 -1.790642 
2664 -1.528252 
2665 -1.586410 
2666 -1.588244 
2667 -1.880841 
2668 -1.587805 
2669 -1.654061 
2670 -1.897264 
2671 -1.453516 
2672 -1.574579 
2673 -1.576408 
2674 -1.585735 
2675 -1.837449 
2676 -2.022811 
2677 -1.815168 
2678 1.306641 
2679 1.258785 
2680 1.335101 
2681 1.324139 
2682 1.532001 
2683 1.687558 
2684 1.505923 
2685 1.532575 
2686 1.395565 
2687 1.303985 
2688 1.316121 
2689 1.758832 
2690 1.440998 
2691 1.447507 
2692 1.562660 
2693 1.451079 
2694 1.487088 
2695 1.394974 
2696 1.564132 
2697 1.583961 
2698 1.417840 
2699 1.465406 
2700 1.427939 
2701 1.312373 
2702 1.432938 
2703 1.517325 
2704 1.855550 
2705 1.347882 
2706 1.446936 
2707 1.230036 
2708 1.277598 
2709 1.333042 
2710 1.549493 
2711 1.609285 
2712 1.311617 
2713 1.402976 
2714 1.512014 
2715 1.435369 
2716 1.627918 
2717 1.490479 
2718 1.509669 
2719 1.288588 
2720 1.218731 
2721 1.437721 
2722 1.650195 
2723 1.503057 
2724 1.520568 
2725 1.385109 
2726 1.467425 
2727 1.419578 
2728 1.177897 
2729 0.950872 
2730 2.454991 
2731 1.217221 
2732 1.423187 
2733 1.574997 
2734 1.931608 
2735 1.409781 
2736 1.613642 
2737 1.449055 
2738 0.949228 
2739 1.249657 
2740 1.553628 
2741 1.461220 
2742 1.537673 
2743 1.338229 
2744 1.194636 
2745 1.519312 
2746 1.434243 
2747 1.407612 
2748 1.690335 
2749 1.566414 
2750 1.430447 
2751 1.160151 
2752 2.450067 
2753 1.563233 
2754 0.596350 
2755 0.186120 
2756 1.631625 
2757 1.154669 
2758 2.098375 
2759 0.551409 
2760 0.170276 
2761 1.402641 
2762 1.704094 
2763 2.288862 
2764 1.867991 
2765 1.598274 
2766 1.251399 
2767 0.962373 
2768 2.068065 
2769 2.021027 
2770 0.590248 
2771 0.140587 
2772 2.411592 
2773 1.906806 
2774 0.318281 
2775 0.176048 
2776 1.319261 
2777 1.153134 
2778 1.826875 
2779 1.657380 
2780 2.547627 
2781 0.897898 
2782 0.524448 
2783 1.478513 
2784 1.018356 
2785 1.799256 
2786 1.219463 
2787 1.811829 
2788 0.953657 
2789 1.451483 
2790 1.773239 
2791 1.129418 
2792 2.753459 
2793 0.339085 
2794 -0.025065 
2795 2.188030 
2796 2.095181 
2797 2.133435 
2798 0.944749 
2799 0.640369 
2800 1.875705 
2801 0.941407 
2802 0.609243 
2803 2.716814 
2804 2.328371 
2805 0.523573 
2806 0.172991 
2807 2.567419 
2808 1.453129 
2809 1.603506 
2810 1.328250 
2811 0.977392 
2812 1.615130 
2813 0.991898 
2814 1.451850 
2815 1.493646 
2816 1.098839 
2817 1.327609 
2818 2.810590 
2819 1.107768 
2820 1.590956 
2821 1.480613 
2822 1.457257 
2823 1.767489 
2824 1.747805 
2825 1.736335 
2826 1.419705 
2827 1.483701 
2828 -0.251004 
2829 1.312106 
2830 2.071902 
2831 1.508121 
2832 1.252719 
2833 2.012925 
2834 1.239717 
2835 1.016241 
2836 1.667200 
2837 1.406288 
2838 0.841532 
2839 1.668690 
2840 1.075526 
2841 -2.019860 
2842 -2.042033 
2843 -2.123177 
2844 -1.091464 
2845 -1.216023 
2846 -0.504678 
2847 -4.662478 
2848 -1.660025 
2849 -1.988622 
2850 -1.349409 
2851 -1.598062 
2852 -1.753488 
2853 -1.922027 
2854 -1.623107 
2855 -1.631300 
2856 -1.785475 
2857 -1.479811 
2858 -1.933973 
2859 -1.670204 
2860 -1.859552 
2861 -1.760389 
2862 -1.751748 
2863 -1.582641 
2864 -1.770119 
2865 -1.700044 
2866 -1.806238 
2867 -1.764301 
2868 -1.960336 
2869 1.335746 
2870 1.456802 
2871 1.559154 
2872 1.827162 
2873 1.100203 
2874 1.910303 
2875 1.652704 
2876 1.550522 
2877 1.483278 
2878 1.688851 
2879 1.351297 
2880 1.490320 
2881 1.537610 
2882 1.583072 
2883 1.592823 
2884 -2.606605 
2885 -2.261696 
2886 -0.680893 
2887 -1.811221 
2888 -0.538900 
2889 -4.252183 
2890 -0.930185 
2891 -1.812454 
2892 -1.520179 
2893 -1.839289 
2894 -1.785133 
2895 -1.688805 
2896 -1.779836 
2897 -1.776009 
2898 -1.650892 
2899 -1.718719 
2900 -2.191862 
2901 -1.956411 
2902 -1.544450 
2903 -1.622771 
2904 -0.231910 
2905 2.456994 
2906 2.395105 
2907 1.358383 
2908 2.113190 
2909 1.560937 
2910 -0.912604 
2911 -1.680456 
2912 -1.520038 
2913 -1.572511 
2914 -1.950537 
2915 -1.817839 
2916 -1.497516 
2917 -1.815271 
2918 -1.649267 
2919 -1.732338 
2920 -1.928971 
2921 -1.521990 
2922 -1.548842 
2923 -1.559664 
2924 -1.843004 
2925 0.556913 
2926 0.936533 
2927 2.695520 
2928 2.265070 
2929 -0.067032 
2930 2.680634 
2931 0.322439 
2932 2.276568 
2933 1.346196 
2934 1.076073 
2935 1.260168 
2936 2.207111 
2937 0.859863 
2938 1.335388 
2939 1.515226 
2940 1.647110 
2941 1.729049 
2942 1.616133 
2943 1.374235 
2944 2.055155 
2945 0.932720 
2946 1.557290 
2947 1.410380 
2948 0.833345 
2949 1.927439 
2950 1.110157 
2951 1.487847 
2952 1.610695 
2953 1.627101 
2954 1.489504 
2955 0.930757 
2956 1.825371 
2957 1.333472 
2958 1.267103 
2959 1.124627 
2960 1.540345 
2961 1.127637 
2962 0.849320 
2963 2.337277 
2964 1.836073 
2965 1.630678 
2966 1.438988 
2967 0.964768 
2968 1.627370 
2969 1.397534 
2970 1.027381 
2971 1.224445 
2972 1.346984 
2973 1.284835 
2974 1.606219 
2975 1.136811 
2976 1.257628 
2977 1.362755 
2978 1.212396 
2979 1.663133 
2980 1.497861 
2981 1.292908 
2982 1.059646 
2983 1.435549 
2984 1.289491 
2985 1.579453 
2986 1.399190 
2987 1.163073 
2988 1.048931 
2989 1.261933 
2990 2.103957 
2991 1.451895 
2992 1.532230 
2993 1.336664 
2994 1.618741 
2995 1.576289 
2996 1.048137 
2997 1.128857 
2998 1.777978 
2999 1.460159 
3000 1.832771 
3001 0.624062 
3002 2.783304 
3003 0.354841 
3004 -0.271882 
3005 -0.524772 
3006 3.772604 
3007 1.154234 
3008 1.542869 
3009 2.036119 
3010 2.251703 
3011 0.035397 
3012 1.514725 
3013 2.033228 
3014 1.508306 
3015 1.695120 
3016 1.568187 
3017 1.752489 
3018 1.891120 
3019 1.160118 
3020 1.196469 
3021 1.160921 
3022 1.902564 
3023 1.248493 
3024 0.752018 
3025 1.551920 
3026 1.514909 
3027 2.182067 
3028 0.156477 
3029 4.129943 
3030 0.331353 
