1446 1
0 -0.385582 
1 0.007691 
2 -0.399837 
3 -0.133623 
4 0.341594 
5 -0.200804 
6 -0.245225 
7 -0.457389 
8 0.356870 
9 -0.326350 
10 0.291516 
11 0.116246 
12 0.007807 
13 -0.200804 
14 0.007691 
15 -0.405181 
16 -0.327294 
17 0.271747 
18 -0.333368 
19 -0.326350 
20 0.287565 
21 -0.054514 
22 -0.326350 
23 0.053922 
24 0.116246 
25 -0.153900 
26 0.007691 
27 0.011706 
28 0.471190 
29 0.290103 
30 -0.087588 
31 -0.405181 
32 0.471190 
33 0.316700 
34 0.237704 
35 0.284330 
36 -0.121984 
37 -0.350567 
38 -0.218304 
39 0.345639 
40 -0.358788 
41 0.007691 
42 0.007691 
43 -0.148681 
44 -0.433984 
45 -0.004558 
46 -0.128291 
47 -0.407216 
48 -0.218304 
49 -0.385577 
50 -0.300872 
51 -0.218304 
52 0.222112 
53 0.457853 
54 -0.333368 
55 0.305475 
56 -0.200804 
57 -0.433984 
58 -0.300872 
59 0.132090 
60 0.373060 
61 -0.148681 
62 0.107583 
63 0.471190 
64 -0.327294 
65 -0.087588 
66 -0.153217 
67 -0.158986 
68 -0.300872 
69 -0.327294 
70 0.235800 
71 0.458022 
72 -0.399837 
73 -0.115915 
74 0.365125 
75 0.305475 
76 -0.244717 
77 0.116246 
78 -0.164488 
79 0.458022 
80 0.132090 
81 -0.244717 
82 0.366364 
83 0.365125 
84 0.007807 
85 0.305475 
86 0.365125 
87 0.316700 
88 0.055248 
89 0.287565 
90 -0.385582 
91 -0.218304 
92 0.240784 
93 -0.433984 
94 -0.399837 
95 0.240784 
96 0.287565 
97 -0.389265 
98 -0.322835 
99 -0.041716 
100 0.285070 
101 0.366594 
102 0.116798 
103 -0.399837 
104 0.227787 
105 -0.418220 
106 -0.024748 
107 -0.350567 
108 0.199288 
109 0.132090 
110 0.403361 
111 0.351927 
112 -0.200804 
113 -0.115915 
114 0.287565 
115 0.356746 
116 -0.441647 
117 -0.153217 
118 0.208333 
119 -0.310442 
120 0.374578 
121 0.240784 
122 -0.399837 
123 -0.173332 
124 -0.128291 
125 0.094460 
126 -0.197328 
127 0.055248 
128 -0.148681 
129 0.188872 
130 0.284330 
131 -0.191498 
132 -0.198199 
133 -0.350567 
134 -0.350567 
135 -0.441647 
136 0.319876 
137 -0.212035 
138 -0.327294 
139 -0.153217 
140 0.494841 
141 -0.115915 
142 -0.008411 
143 -0.198811 
144 -0.087588 
145 0.107583 
146 -0.158986 
147 -0.125247 
148 -0.054514 
149 0.453767 
150 0.391200 
151 0.094460 
152 -0.442325 
153 0.240784 
154 -0.164488 
155 -0.140132 
156 -0.136272 
157 0.240784 
158 0.432950 
159 0.349629 
160 0.314411 
161 -0.326350 
162 0.093783 
163 0.055248 
164 0.076037 
165 -0.333368 
166 -0.378171 
167 0.255835 
168 0.270878 
169 -0.270330 
170 -0.310442 
171 -0.004558 
172 0.458022 
173 0.377862 
174 0.356746 
175 -0.158906 
176 0.119350 
177 0.011706 
178 -0.322835 
179 0.235800 
180 0.385681 
181 0.107583 
182 -0.121984 
183 0.119350 
184 0.285070 
185 -0.431577 
186 0.235800 
187 0.094460 
188 0.314411 
189 -0.385582 
190 -0.484881 
191 0.287565 
192 -0.441647 
193 0.285070 
194 0.276794 
195 0.076037 
196 -0.153900 
197 -0.200012 
198 -0.200012 
199 -0.327294 
200 0.319876 
201 -0.133623 
202 -0.041716 
203 0.356746 
204 -0.041716 
205 0.313285 
206 -0.200012 
207 0.065181 
208 -0.001370 
209 -0.442325 
210 0.413783 
211 0.494841 
212 -0.020396 
213 0.413388 
214 0.119350 
215 0.393481 
216 -0.062474 
217 0.314411 
218 0.222112 
219 0.255835 
220 -0.020396 
221 0.270878 
222 0.144515 
223 0.471190 
224 -0.198199 
225 0.109572 
226 -0.074589 
227 -0.310442 
228 0.356746 
229 -0.344589 
230 -0.407216 
231 -0.310442 
232 0.093783 
233 -0.057195 
234 -0.062474 
235 -0.133623 
236 -0.342513 
237 0.316873 
238 0.447461 
239 -0.057195 
240 -0.125247 
241 0.290103 
242 0.490397 
243 0.432950 
244 -0.148681 
245 -0.245225 
246 -0.280190 
247 0.237704 
248 0.331161 
249 -0.158986 
250 -0.348028 
251 -0.177858 
252 -0.057195 
253 0.076037 
254 -0.163578 
255 0.055248 
256 -0.200804 
257 -0.197328 
258 -0.148681 
259 -0.441647 
260 -0.128291 
261 -0.245225 
262 -0.161111 
263 0.287565 
264 -0.184974 
265 -0.245941 
266 0.208333 
267 -0.074589 
268 0.319876 
269 0.319876 
270 -0.134276 
271 0.093783 
272 -0.333368 
273 -0.001370 
274 0.321476 
275 0.285070 
276 -0.074589 
277 -0.197328 
278 0.413783 
279 0.144515 
280 -0.198199 
281 0.379851 
282 -0.008411 
283 0.364173 
284 -0.350567 
285 -0.133623 
286 -0.121984 
287 -0.198199 
288 0.255835 
289 0.313285 
290 0.366364 
291 0.458022 
292 -0.133623 
293 0.005131 
294 0.364173 
295 0.107583 
296 0.005435 
297 0.377862 
298 0.222112 
299 -0.301024 
300 0.290103 
301 -0.407216 
302 0.364173 
303 0.349629 
304 0.144515 
305 -0.177858 
306 -0.385577 
307 -0.307358 
308 -0.484881 
309 0.366594 
310 -0.200804 
311 -0.001370 
312 0.076037 
313 -0.074589 
314 -0.191498 
315 0.116798 
316 0.005131 
317 0.065181 
318 0.395355 
319 -0.148681 
320 0.284330 
321 0.065181 
322 -0.191498 
323 0.007807 
324 -0.245225 
325 0.093783 
326 -0.258745 
327 -0.484881 
328 -0.257969 
329 0.119350 
330 0.325303 
331 0.471190 
332 0.007807 
333 0.174495 
334 -0.198811 
335 -0.385582 
336 0.140079 
337 0.457853 
338 -0.148681 
339 -0.441006 
340 0.133267 
341 -0.460560 
342 0.132090 
343 0.096917 
344 -0.245225 
345 0.398027 
346 0.290103 
347 0.007691 
348 0.373060 
349 -0.327294 
350 -0.074589 
351 0.305475 
352 -0.032130 
353 0.398027 
354 0.343397 
355 0.291516 
356 -0.322835 
357 -0.333368 
358 0.330996 
359 0.290103 
360 -0.244717 
361 -0.245941 
362 0.199288 
363 0.398027 
364 0.366594 
365 -0.317890 
366 0.193252 
367 -0.163578 
368 0.065181 
369 0.313285 
370 0.365125 
371 -0.433984 
372 0.398027 
373 -0.148681 
374 0.227787 
375 -0.200012 
376 -0.074589 
377 -0.245941 
378 0.270878 
379 0.140079 
380 0.007807 
381 -0.164488 
382 -0.333368 
383 -0.158986 
384 0.432950 
385 0.043434 
386 0.364173 
387 -0.177858 
388 -0.283393 
389 0.347695 
390 -0.325466 
391 -0.158906 
392 -0.148681 
393 0.347695 
394 -0.307358 
395 -0.327294 
396 0.007691 
397 0.403361 
398 -0.074589 
399 -0.106240 
400 0.447461 
401 -0.128291 
402 0.270878 
403 -0.195722 
404 0.140079 
405 -0.348028 
406 0.007691 
407 -0.326350 
408 -0.283393 
409 -0.327091 
410 0.413783 
411 0.446948 
412 0.076037 
413 -0.300872 
414 0.333396 
415 0.174495 
416 0.140079 
417 -0.325466 
418 -0.300872 
419 0.240784 
420 0.188872 
421 0.494841 
422 0.007807 
423 -0.470514 
424 0.377862 
425 -0.326350 
426 -0.460560 
427 -0.333368 
428 -0.218304 
429 -0.348028 
430 0.052309 
431 -0.344589 
432 0.284330 
433 -0.191498 
434 0.494068 
435 -0.300872 
436 0.366364 
437 -0.283393 
438 -0.244717 
439 -0.028650 
440 0.270878 
441 0.255835 
442 0.364173 
443 0.374578 
444 0.007691 
445 -0.153900 
446 -0.300872 
447 -0.348028 
448 0.434390 
449 0.374578 
450 0.295057 
451 0.255835 
452 -0.455925 
453 -0.344589 
454 0.494841 
455 0.231143 
456 -0.307358 
457 0.116246 
458 0.432950 
459 0.341594 
460 0.058333 
461 0.152105 
462 0.374578 
463 0.055248 
464 -0.326350 
465 -0.028650 
466 0.395355 
467 0.240501 
468 0.364173 
469 -0.432575 
470 -0.300872 
471 -0.283393 
472 -0.350567 
473 -0.062474 
474 -0.258745 
475 0.379851 
476 -0.136272 
477 -0.333368 
478 -0.148681 
479 -0.041716 
480 -0.385577 
481 -0.342513 
482 -0.358788 
483 -0.341000 
484 -0.322835 
485 0.385681 
486 0.117348 
487 0.494068 
488 -0.432575 
489 -0.307358 
490 -0.327294 
491 0.276794 
492 0.333396 
493 0.145702 
494 -0.128291 
495 -0.466620 
496 -0.431577 
497 0.240784 
498 -0.407288 
499 0.186628 
500 -0.283393 
501 0.305475 
502 -0.365290 
503 -0.327091 
504 0.316873 
505 -0.008411 
506 0.240501 
507 0.240501 
508 -0.378171 
509 -0.087588 
510 -0.433984 
511 -0.218304 
512 0.395355 
513 0.133267 
514 -0.148681 
515 -0.466620 
516 0.240501 
517 0.018603 
518 -0.365290 
519 -0.133623 
520 -0.062474 
521 0.316873 
522 -0.301024 
523 0.298875 
524 -0.133623 
525 -0.062474 
526 0.432950 
527 0.373060 
528 0.471190 
529 0.119350 
530 0.471190 
531 -0.441006 
532 -0.200804 
533 -0.327091 
534 0.174495 
535 -0.350567 
536 -0.128291 
537 0.403361 
538 -0.148681 
539 0.471190 
540 0.333396 
541 0.188872 
542 0.369816 
543 0.058890 
544 -0.441006 
545 -0.245941 
546 0.018603 
547 -0.407288 
548 0.330996 
549 -0.325466 
550 -0.322835 
551 -0.326350 
552 0.186628 
553 -0.062474 
554 -0.358788 
555 -0.229843 
556 -0.432575 
557 0.399173 
558 0.333396 
559 -0.344589 
560 -0.133623 
561 0.446948 
562 -0.350567 
563 0.298875 
564 0.231143 
565 -0.484881 
566 0.373060 
567 0.227787 
568 -0.350567 
569 -0.457389 
570 0.377862 
571 0.193252 
572 -0.054514 
573 0.140079 
574 0.000187 
575 0.132090 
576 -0.258745 
577 -0.418220 
578 -0.198811 
579 0.271747 
580 -0.350567 
581 0.330996 
582 0.347695 
583 -0.283393 
584 0.193252 
585 -0.133623 
586 -0.457389 
587 -0.455925 
588 -0.333368 
589 0.432950 
590 0.007691 
591 -0.441647 
592 -0.062474 
593 -0.133623 
594 -0.283393 
595 -0.256956 
596 0.364173 
597 -0.325466 
598 0.373060 
599 -0.008411 
600 0.348178 
601 0.316873 
602 -0.191498 
603 -0.126148 
604 0.395355 
605 -0.184974 
606 -0.133623 
607 0.055248 
608 -0.077937 
609 -0.148681 
610 0.287565 
611 -0.057195 
612 -0.148681 
613 -0.074589 
614 0.018603 
615 -0.134276 
616 -0.087588 
617 -0.133623 
618 -0.300872 
619 -0.062474 
620 -0.055057 
621 -0.125336 
622 -0.333368 
623 -0.163578 
624 0.471190 
625 0.231143 
626 0.007691 
627 -0.133623 
628 0.152105 
629 0.007691 
630 0.152105 
631 -0.157739 
632 -0.062474 
633 -0.062474 
634 0.432950 
635 -0.074589 
636 -0.431577 
637 -0.283393 
638 0.490397 
639 -0.008411 
640 -0.244717 
641 0.152105 
642 -0.333368 
643 0.333396 
644 -0.006819 
645 0.227787 
646 0.343397 
647 0.107583 
648 0.094460 
649 0.011706 
650 -0.326350 
651 -0.270965 
652 -0.431577 
653 -0.407216 
654 -0.326350 
655 -0.062474 
656 -0.197328 
657 0.287565 
658 -0.191498 
659 -0.333368 
660 0.343397 
661 0.188872 
662 0.393481 
663 -0.077957 
664 0.055248 
665 -0.229843 
666 0.429576 
667 0.377862 
668 -0.074589 
669 -0.333368 
670 -0.055057 
671 -0.433984 
672 -0.344589 
673 0.210740 
674 -0.431577 
675 -0.077937 
676 0.314411 
677 0.333396 
678 -0.399837 
679 -0.062474 
680 0.305475 
681 0.152105 
682 -0.466620 
683 -0.198811 
684 0.395355 
685 -0.074589 
686 -0.062474 
687 0.333396 
688 -0.125247 
689 -0.283393 
690 -0.158986 
691 0.005131 
692 0.364173 
693 -0.385582 
694 0.109572 
695 0.188872 
696 -0.133623 
697 -0.167712 
698 -0.350567 
699 -0.333368 
700 -0.350567 
701 -0.326350 
702 -0.270330 
703 0.291516 
704 -0.128291 
705 -0.148681 
706 -0.200804 
707 -0.074589 
708 -0.163578 
709 -0.163578 
710 0.347695 
711 0.132090 
712 -0.283393 
713 0.447461 
714 -0.158906 
715 0.298875 
716 0.109572 
717 0.132090 
718 0.321476 
719 -0.348028 
720 -0.332502 
721 -0.008411 
722 0.152105 
723 0.432950 
724 -0.441006 
725 -0.307358 
726 -0.054514 
727 -0.327091 
728 -0.327091 
729 0.316700 
730 -0.055057 
731 0.186628 
732 0.116798 
733 0.305475 
734 -0.055057 
735 0.116246 
736 0.333396 
737 0.174948 
738 0.364173 
739 0.494841 
740 -0.327091 
741 -0.035281 
742 0.231143 
743 -0.327091 
744 0.333396 
745 0.132090 
746 0.319876 
747 0.096917 
748 0.174495 
749 -0.244717 
750 -0.283393 
751 0.298875 
752 0.132090 
753 -0.064298 
754 0.364173 
755 -0.106240 
756 -0.125336 
757 0.494841 
758 -0.218304 
759 -0.348028 
760 -0.378171 
761 -0.466620 
762 -0.378171 
763 -0.256907 
764 0.333396 
765 -0.106240 
766 0.395355 
767 0.471190 
768 0.392256 
769 -0.163578 
770 -0.191498 
771 0.271747 
772 0.231143 
773 -0.032130 
774 0.377862 
775 0.345639 
776 0.222112 
777 0.348178 
778 0.188872 
779 0.240784 
780 0.152105 
781 -0.195722 
782 -0.344589 
783 -0.198811 
784 -0.128291 
785 -0.218304 
786 -0.198199 
787 -0.245225 
788 -0.218304 
789 0.287565 
790 0.373060 
791 -0.218304 
792 -0.062474 
793 0.333396 
794 -0.455925 
795 -0.244717 
796 -0.348028 
797 0.271747 
798 0.174495 
799 0.018603 
800 0.494841 
801 -0.004558 
802 0.457853 
803 0.222112 
804 -0.385577 
805 0.043434 
806 0.240784 
807 -0.198811 
808 0.458022 
809 -0.167712 
810 0.116246 
811 0.193252 
812 -0.157739 
813 -0.358788 
814 0.429576 
815 -0.307358 
816 -0.197328 
817 -0.300872 
818 -0.157739 
819 -0.229843 
820 0.132090 
821 -0.158986 
822 0.364173 
823 0.152105 
824 0.210740 
825 -0.283393 
826 -0.125336 
827 0.290103 
828 0.018603 
829 -0.134276 
830 0.005435 
831 0.458022 
832 0.333396 
833 -0.032130 
834 0.458022 
835 0.341594 
836 0.271747 
837 0.271747 
838 0.348178 
839 -0.283393 
840 -0.158986 
841 -0.126148 
842 0.295057 
843 0.377862 
844 -0.283393 
845 0.403361 
846 -0.348028 
847 0.305475 
848 -0.466620 
849 0.373060 
850 0.385681 
851 0.298875 
852 0.287565 
853 0.298875 
854 0.313285 
855 0.237704 
856 -0.405181 
857 0.348178 
858 -0.001370 
859 -0.326350 
860 -0.055057 
861 0.446948 
862 -0.307358 
863 -0.244717 
864 0.018603 
865 0.494068 
866 0.343397 
867 0.291516 
868 0.374578 
869 0.319876 
870 0.333396 
871 0.255835 
872 -0.377584 
873 0.193252 
874 0.043434 
875 -0.244717 
876 -0.460560 
877 0.373060 
878 0.319876 
879 0.152105 
880 0.453767 
881 -0.153217 
882 -0.471284 
883 0.457853 
884 -0.307358 
885 0.429576 
886 -0.008411 
887 0.005131 
888 0.193252 
889 -0.441006 
890 0.364173 
891 -0.432575 
892 0.494841 
893 0.429576 
894 -0.128291 
895 -0.198811 
896 0.373060 
897 0.395355 
898 -0.074589 
899 -0.441006 
900 -0.198811 
901 -0.431577 
902 0.314411 
903 -0.157739 
904 0.183481 
905 -0.322835 
906 0.446948 
907 -0.441006 
908 -0.327091 
909 -0.466620 
910 0.255835 
911 0.458022 
912 0.494841 
913 -0.200804 
914 0.316700 
915 0.005131 
916 0.348178 
917 0.374578 
918 -0.466620 
919 0.270878 
920 -0.074589 
921 -0.350567 
922 -0.134276 
923 0.373060 
924 0.490397 
925 -0.341000 
926 0.373060 
927 -0.032130 
928 0.174495 
929 -0.115915 
930 -0.001370 
931 -0.432575 
932 0.199288 
933 0.295057 
934 0.351927 
935 0.053922 
936 0.374578 
937 -0.008411 
938 -0.140132 
939 -0.471284 
940 0.343397 
941 -0.074589 
942 0.379851 
943 0.055248 
944 0.285070 
945 -0.244717 
946 0.429576 
947 0.373060 
948 0.285732 
949 -0.198811 
950 0.295057 
951 0.298875 
952 -0.028650 
953 0.298875 
954 -0.218304 
955 -0.006819 
956 -0.198199 
957 0.343397 
958 -0.441006 
959 0.045594 
960 -0.140132 
961 0.295057 
962 0.385681 
963 0.116097 
964 0.076037 
965 0.364173 
966 0.093783 
967 0.145702 
968 0.393481 
969 -0.198811 
970 -0.460560 
971 0.295057 
972 -0.140132 
973 0.353443 
974 0.298875 
975 0.373060 
976 0.356746 
977 0.356746 
978 0.290103 
979 -0.432575 
980 -0.140132 
981 0.345639 
982 -0.229843 
983 0.373060 
984 0.116798 
985 -0.126148 
986 -0.389265 
987 0.119350 
988 0.490397 
989 -0.471284 
990 -0.332502 
991 -0.399837 
992 0.351927 
993 0.200666 
994 0.005131 
995 0.145702 
996 -0.280190 
997 -0.229843 
998 0.094460 
999 0.373060 
1000 0.093783 
1001 0.457853 
1002 0.188872 
1003 -0.270330 
1004 -0.198811 
1005 -0.158906 
1006 -0.163578 
1007 -0.229843 
1008 0.316873 
1009 0.188872 
1010 0.333396 
1011 0.053922 
1012 0.285732 
1013 -0.055057 
1014 -0.307358 
1015 0.117348 
1016 0.186628 
1017 0.005131 
1018 -0.035281 
1019 -0.020396 
1020 0.295057 
1021 0.287565 
1022 -0.341000 
1023 -0.407288 
1024 0.295057 
1025 0.364173 
1026 -0.407288 
1027 -0.197328 
1028 -0.327294 
1029 0.174495 
1030 0.235800 
1031 -0.399837 
1032 -0.471284 
1033 0.341594 
1034 -0.441006 
1035 0.005131 
1036 -0.307358 
1037 -0.163578 
1038 0.276794 
1039 -0.197328 
1040 -0.399837 
1041 0.094460 
1042 0.199288 
1043 -0.106240 
1044 -0.457389 
1045 0.432950 
1046 -0.389265 
1047 0.255835 
1048 -0.191498 
1049 0.425277 
1050 -0.344589 
1051 -0.218304 
1052 0.490397 
1053 -0.126148 
1054 0.053922 
1055 0.356746 
1056 0.377862 
1057 -0.077937 
1058 -0.432575 
1059 -0.028650 
1060 -0.358788 
1061 0.373060 
1062 0.270878 
1063 0.284330 
1064 0.053922 
1065 -0.020396 
1066 -0.332502 
1067 0.005435 
1068 -0.399837 
1069 -0.115915 
1070 0.011706 
1071 0.140079 
1072 -0.484881 
1073 -0.024748 
1074 0.058333 
1075 -0.161111 
1076 0.395355 
1077 0.458022 
1078 -0.077937 
1079 -0.350567 
1080 -0.126148 
1081 0.333396 
1082 -0.389265 
1083 0.490397 
1084 0.399173 
1085 0.043434 
1086 0.295057 
1087 -0.431577 
1088 -0.327294 
1089 -0.433984 
1090 0.174495 
1091 -0.126148 
1092 -0.163578 
1093 0.457853 
1094 0.094460 
1095 0.174948 
1096 -0.441006 
1097 0.076037 
1098 0.055248 
1099 0.231143 
1100 0.316873 
1101 0.353443 
1102 0.005131 
1103 0.295057 
1104 0.366594 
1105 -0.044978 
1106 0.007807 
1107 0.005131 
1108 -0.350567 
1109 -0.471284 
1110 -0.385577 
1111 -0.344589 
1112 -0.200012 
1113 -0.471284 
1114 -0.348028 
1115 -0.212035 
1116 -0.035281 
1117 -0.333368 
1118 0.144515 
1119 0.133267 
1120 -0.385577 
1121 -0.307358 
1122 -0.126148 
1123 0.053922 
1124 0.314411 
1125 0.356870 
1126 -0.197328 
1127 0.285070 
1128 -0.389265 
1129 -0.195722 
1130 -0.173332 
1131 0.379851 
1132 -0.433984 
1133 0.058890 
1134 0.374578 
1135 0.052309 
1136 0.237704 
1137 -0.470514 
1138 0.055248 
1139 -0.087588 
1140 0.183481 
1141 -0.115915 
1142 -0.055057 
1143 -0.317890 
1144 -0.074589 
1145 0.490397 
1146 -0.020396 
1147 0.255835 
1148 -0.212035 
1149 -0.028650 
1150 -0.327294 
1151 0.295057 
1152 -0.028650 
1153 -0.283393 
1154 -0.071684 
1155 -0.028650 
1156 0.351927 
1157 0.313285 
1158 0.116246 
1159 -0.432575 
1160 0.353443 
1161 0.235800 
1162 -0.229843 
1163 0.116246 
1164 0.295057 
1165 -0.307358 
1166 0.314411 
1167 0.116097 
1168 -0.432575 
1169 0.145702 
1170 -0.256956 
1171 -0.441647 
1172 -0.471284 
1173 -0.044978 
1174 -0.342513 
1175 -0.327091 
1176 -0.200804 
1177 0.188872 
1178 0.107583 
1179 -0.407288 
1180 0.076037 
1181 0.343397 
1182 -0.307358 
1183 -0.044978 
1184 0.145702 
1185 0.341594 
1186 0.152105 
1187 0.183481 
1188 -0.460560 
1189 0.116246 
1190 0.348178 
1191 0.295057 
1192 0.271747 
1193 0.005131 
1194 -0.460560 
1195 -0.332502 
1196 0.353443 
1197 0.364173 
1198 0.152105 
1199 -0.389265 
1200 -0.441006 
1201 0.005131 
1202 0.330996 
1203 -0.433984 
1204 -0.307358 
1205 -0.399837 
1206 -0.003792 
1207 -0.322835 
1208 -0.441006 
1209 0.295057 
1210 -0.484881 
1211 -0.432575 
1212 -0.460560 
1213 0.152105 
1214 -0.471284 
1215 -0.333368 
1216 0.348178 
1217 0.494841 
1218 0.348178 
1219 -0.115915 
1220 0.345639 
1221 -0.115915 
1222 0.356746 
1223 -0.470514 
1224 -0.471284 
1225 -0.466620 
1226 0.425277 
1227 0.314411 
1228 0.298875 
1229 -0.229843 
1230 0.053922 
1231 -0.191498 
1232 0.018603 
1233 -0.198811 
1234 0.298875 
1235 0.174948 
1236 -0.418220 
1237 0.490397 
1238 0.305475 
1239 -0.348028 
1240 -0.389265 
1241 -0.158986 
1242 0.413783 
1243 -0.307358 
1244 -0.121984 
1245 0.152105 
1246 -0.077937 
1247 -0.212035 
1248 0.298875 
1249 -0.307358 
1250 0.093783 
1251 -0.407288 
1252 -0.283393 
1253 -0.077937 
1254 -0.399837 
1255 -0.197328 
1256 0.353443 
1257 0.055248 
1258 0.494841 
1259 -0.055057 
1260 -0.460560 
1261 0.107583 
1262 -0.471284 
1263 0.107583 
1264 -0.466620 
1265 -0.348028 
1266 0.494841 
1267 -0.004558 
1268 -0.471284 
1269 -0.327294 
1270 -0.341000 
1271 0.490397 
1272 0.298875 
1273 0.188872 
1274 -0.077957 
1275 -0.471284 
1276 0.055248 
1277 0.316873 
1278 -0.471284 
1279 -0.125336 
1280 0.345639 
1281 0.333396 
1282 -0.041716 
1283 -0.077937 
1284 0.494841 
1285 -0.035281 
1286 0.385681 
1287 -0.466620 
1288 -0.325466 
1289 0.494068 
1290 0.285070 
1291 -0.350567 
1292 -0.385582 
1293 -0.322835 
1294 0.348178 
1295 0.447461 
1296 0.494841 
1297 -0.028650 
1298 0.314411 
1299 0.053922 
1300 0.231143 
1301 -0.432575 
1302 0.107583 
1303 -0.077937 
1304 0.298875 
1305 0.174948 
1306 -0.389265 
1307 -0.041716 
1308 -0.270330 
1309 0.193252 
1310 -0.256956 
1311 0.295057 
1312 -0.432575 
1313 0.345639 
1314 -0.470514 
1315 -0.126148 
1316 -0.342513 
1317 -0.167712 
1318 -0.200012 
1319 0.379851 
1320 0.385681 
1321 0.152105 
1322 -0.167712 
1323 0.107583 
1324 -0.020396 
1325 0.316873 
1326 -0.158906 
1327 0.181887 
1328 0.000187 
1329 -0.024748 
1330 -0.300872 
1331 0.116097 
1332 -0.460560 
1333 -0.431577 
1334 -0.431577 
1335 0.183481 
1336 -0.020396 
1337 0.313285 
1338 0.231143 
1339 -0.341000 
1340 0.116097 
1341 0.356746 
1342 -0.441006 
1343 0.186628 
1344 -0.136272 
1345 -0.301024 
1346 -0.028650 
1347 0.199288 
1348 0.145702 
1349 -0.020396 
1350 -0.008411 
1351 0.018603 
1352 -0.441006 
1353 -0.062474 
1354 -0.198811 
1355 0.377862 
1356 -0.441006 
1357 -0.041716 
1358 0.295057 
1359 0.453767 
1360 -0.332502 
1361 0.494841 
1362 -0.212035 
1363 0.343397 
1364 0.117348 
1365 -0.348028 
1366 0.316873 
1367 -0.198811 
1368 -0.198811 
1369 -0.041716 
1370 -0.133623 
1371 -0.432575 
1372 -0.471284 
1373 -0.358788 
1374 -0.358788 
1375 0.231143 
1376 0.316873 
1377 -0.163578 
1378 -0.418220 
1379 -0.062474 
1380 0.366364 
1381 -0.256956 
1382 0.285732 
1383 -0.198811 
1384 -0.300872 
1385 -0.133623 
1386 -0.470514 
1387 0.235800 
1388 0.210740 
1389 0.494841 
1390 0.109572 
1391 0.145702 
1392 -0.460560 
1393 -0.229843 
1394 0.425277 
1395 -0.006819 
1396 0.093783 
1397 0.181887 
1398 -0.028650 
1399 -0.028650 
1400 0.471190 
1401 0.471190 
1402 0.181887 
1403 0.425277 
1404 -0.028650 
1405 0.188872 
1406 -0.256956 
1407 -0.006819 
1408 0.181887 
1409 -0.163578 
1410 -0.200804 
1411 -0.471284 
1412 0.434390 
1413 -0.077957 
1414 -0.163578 
1415 0.425277 
1416 -0.115915 
1417 -0.197328 
1418 0.316873 
1419 0.005435 
1420 0.188872 
1421 -0.028650 
1422 -0.006819 
1423 -0.148681 
1424 0.188872 
1425 -0.167712 
1426 0.285070 
1427 -0.332502 
1428 -0.197328 
1429 -0.442325 
1430 0.364173 
1431 0.457853 
1432 -0.125247 
1433 -0.197328 
1434 0.093783 
1435 -0.125247 
1436 -0.332502 
1437 0.287565 
1438 0.403361 
1439 -0.136272 
1440 0.366364 
1441 -0.006819 
1442 0.298875 
1443 0.222112 
1444 -0.177858 
1445 0.345639 
