39 1
0 0.290039 
1 0.400066 
2 0.352564 
3 0.050226 
4 -0.414325 
5 0.360504 
6 0.135758 
7 -0.254836 
8 0.434726 
9 0.430657 
10 -0.479983 
11 0.364912 
12 0.312330 
13 -0.261530 
14 -0.309258 
15 0.036589 
16 -0.208826 
17 -0.417687 
18 0.078608 
19 0.447843 
20 0.054993 
21 -0.156915 
22 0.345294 
23 -0.271695 
24 0.103291 
25 -0.205522 
26 0.192910 
27 0.282558 
28 -0.456362 
29 0.021485 
30 0.152609 
31 -0.006081 
32 0.290039 
33 0.400066 
34 0.352564 
35 0.050226 
36 -0.414325 
37 0.360504 
38 0.135758 
