958 1
0 0.404505 
1 -0.461007 
2 0.325479 
3 -0.095577 
4 0.361191 
5 0.468302 
6 0.222492 
7 -0.238714 
8 -0.098059 
9 0.441352 
10 0.030452 
11 0.369288 
12 0.498745 
13 -0.393525 
14 -0.454158 
15 0.289688 
16 -0.315939 
17 -0.078767 
18 0.398473 
19 -0.403449 
20 0.151607 
21 0.075128 
22 -0.004827 
23 -0.333495 
24 -0.084061 
25 -0.016374 
26 -0.310039 
27 -0.188264 
28 -0.070656 
29 -0.320478 
30 0.421275 
31 0.366251 
32 -0.459022 
33 0.414082 
34 0.487966 
35 0.173881 
36 -0.033867 
37 0.277135 
38 0.478377 
39 0.122164 
40 -0.123644 
41 0.011608 
42 -0.253823 
43 -0.246908 
44 -0.456357 
45 -0.161016 
46 -0.180823 
47 0.307631 
48 -0.458615 
49 -0.119808 
50 0.421406 
51 -0.313173 
52 0.018356 
53 -0.183245 
54 -0.175486 
55 0.040194 
56 0.048339 
57 -0.372457 
58 -0.489223 
59 -0.027837 
60 0.439200 
61 0.348643 
62 0.085578 
63 -0.234871 
64 0.069795 
65 0.288385 
66 0.091667 
67 0.236672 
68 -0.108093 
69 -0.000545 
70 0.450896 
71 0.396425 
72 -0.002719 
73 0.194899 
74 -0.440481 
75 0.332234 
76 -0.481274 
77 -0.098059 
78 0.069164 
79 -0.078767 
80 -0.090639 
81 0.187571 
82 0.365777 
83 0.126034 
84 0.472200 
85 0.244936 
86 -0.380641 
87 0.061036 
88 -0.228167 
89 0.004098 
90 -0.198570 
91 0.408123 
92 0.022375 
93 0.163946 
94 -0.080789 
95 -0.338981 
96 0.389084 
97 -0.408757 
98 -0.241838 
99 0.307631 
100 -0.119808 
101 -0.483284 
102 -0.497200 
103 0.439200 
104 0.248403 
105 0.327811 
106 -0.248525 
107 0.348643 
108 -0.246050 
109 -0.275528 
110 0.388433 
111 -0.077541 
112 -0.137257 
113 0.299720 
114 0.309254 
115 -0.168104 
116 -0.498675 
117 0.236672 
118 -0.134994 
119 -0.274464 
120 0.483545 
121 -0.418678 
122 0.296546 
123 0.379424 
124 0.394459 
125 -0.400507 
126 -0.060984 
127 -0.236633 
128 0.396666 
129 0.139156 
130 0.116647 
131 -0.393310 
132 0.402594 
133 0.154276 
134 -0.462036 
135 0.127075 
136 0.179688 
137 -0.015376 
138 0.496797 
139 0.233131 
140 -0.169069 
141 0.130896 
142 0.367259 
143 -0.235144 
144 0.125971 
145 0.198329 
146 0.108707 
147 -0.475676 
148 -0.015221 
149 0.391165 
150 -0.418756 
151 -0.319342 
152 -0.491216 
153 0.493852 
154 0.375404 
155 0.339866 
156 -0.389941 
157 0.071318 
158 0.114284 
159 -0.127919 
160 -0.378624 
161 0.407469 
162 0.367363 
163 -0.079568 
164 0.192067 
165 -0.161794 
166 0.443430 
167 -0.271458 
168 -0.296520 
169 -0.049620 
170 -0.136452 
171 -0.031429 
172 0.166112 
173 -0.016344 
174 0.200332 
175 0.285965 
176 -0.038557 
177 0.468302 
178 -0.065095 
179 -0.194227 
180 0.261650 
181 0.234160 
182 0.444647 
183 -0.109524 
184 0.206684 
185 0.161113 
186 -0.218584 
187 -0.227451 
188 -0.046051 
189 -0.009019 
190 0.315012 
191 -0.272923 
192 0.480880 
193 -0.459854 
194 0.030452 
195 0.272480 
196 -0.306021 
197 -0.329057 
198 -0.063033 
199 0.265774 
200 -0.105322 
201 0.106162 
202 0.012978 
203 -0.234194 
204 -0.249839 
205 -0.354425 
206 -0.131872 
207 0.367159 
208 0.301289 
209 -0.092138 
210 0.391884 
211 -0.237375 
212 0.158803 
213 -0.175077 
214 -0.315920 
215 0.007827 
216 0.265870 
217 0.489280 
218 0.347259 
219 -0.328447 
220 0.106379 
221 0.461701 
222 0.177513 
223 0.457351 
224 -0.111340 
225 -0.197424 
226 0.428085 
227 0.206414 
228 0.158803 
229 -0.106809 
230 0.265870 
231 0.407744 
232 0.200499 
233 -0.342434 
234 -0.376300 
235 -0.195133 
236 -0.128252 
237 -0.234961 
238 -0.065567 
239 -0.324360 
240 0.226366 
241 -0.203804 
242 0.011608 
243 0.457351 
244 -0.086784 
245 0.062648 
246 0.073818 
247 0.306688 
248 0.246980 
249 0.121600 
250 -0.197424 
251 0.069795 
252 -0.033908 
253 -0.175995 
254 0.011774 
255 0.304037 
256 0.067654 
257 -0.190690 
258 0.143612 
259 0.499069 
260 0.039200 
261 0.091667 
262 -0.377357 
263 0.069164 
264 0.427673 
265 -0.063546 
266 0.122361 
267 -0.231853 
268 0.049298 
269 0.187571 
270 -0.209268 
271 -0.198570 
272 0.282341 
273 0.088519 
274 0.494224 
275 -0.048433 
276 0.071318 
277 0.404505 
278 0.455113 
279 -0.483284 
280 0.248071 
281 0.285965 
282 -0.275528 
283 0.465949 
284 -0.356004 
285 -0.096676 
286 -0.124123 
287 -0.435510 
288 -0.489223 
289 -0.166439 
290 0.464790 
291 -0.168104 
292 0.472200 
293 0.472200 
294 -0.248525 
295 0.348643 
296 0.244936 
297 0.061036 
298 0.244936 
299 0.248403 
300 -0.248525 
301 0.348643 
302 -0.246050 
303 0.327811 
304 0.061036 
305 0.022375 
306 -0.246050 
307 0.327811 
308 0.004098 
309 0.408123 
310 -0.228167 
311 0.388433 
312 0.004098 
313 0.388433 
314 -0.080789 
315 -0.080789 
316 0.408123 
317 -0.077541 
318 -0.137257 
319 0.299720 
320 -0.275528 
321 -0.077541 
322 0.163946 
323 0.022375 
324 0.309254 
325 -0.168104 
326 -0.137257 
327 0.299720 
328 0.163946 
329 -0.338981 
330 0.072531 
331 -0.498675 
332 0.236672 
333 0.389084 
334 -0.338981 
335 -0.134994 
336 -0.274464 
337 0.389084 
338 0.483545 
339 -0.408757 
340 0.483545 
341 -0.418678 
342 -0.241838 
343 -0.241838 
344 -0.119808 
345 -0.483284 
346 0.248403 
347 -0.497200 
348 0.307631 
349 -0.119808 
350 0.439200 
351 0.296546 
352 0.379424 
353 0.394459 
354 -0.497200 
355 0.394459 
356 -0.231853 
357 -0.209268 
358 0.455113 
359 -0.400507 
360 -0.060984 
361 -0.236633 
362 0.296546 
363 -0.333495 
364 -0.060984 
365 -0.016374 
366 0.396666 
367 -0.188264 
368 0.309254 
369 -0.168104 
370 0.396666 
371 -0.070656 
372 -0.400507 
373 -0.320478 
374 0.139156 
375 0.487966 
376 -0.246908 
377 -0.180823 
378 0.307631 
379 0.116647 
380 -0.393310 
381 -0.275528 
382 -0.119808 
383 0.439200 
384 0.348643 
385 -0.498675 
386 -0.134994 
387 0.236672 
388 0.468302 
389 0.030452 
390 0.011608 
391 0.402594 
392 0.069795 
393 0.402594 
394 0.154276 
395 0.179688 
396 0.091667 
397 0.069164 
398 0.154276 
399 -0.462036 
400 0.127075 
401 0.187571 
402 -0.198570 
403 -0.393310 
404 -0.015376 
405 -0.483284 
406 -0.275528 
407 -0.168104 
408 0.179688 
409 0.496797 
410 0.116647 
411 0.127075 
412 -0.389941 
413 0.496797 
414 -0.274464 
415 -0.127919 
416 -0.079568 
417 -0.136452 
418 0.116647 
419 -0.169069 
420 0.233131 
421 -0.418678 
422 -0.169069 
423 0.233131 
424 0.379424 
425 0.127075 
426 -0.236633 
427 0.130896 
428 -0.389941 
429 -0.127919 
430 -0.079568 
431 0.130896 
432 0.367259 
433 0.367259 
434 -0.136452 
435 -0.459854 
436 0.272480 
437 -0.235144 
438 -0.475676 
439 0.139156 
440 -0.235144 
441 -0.475676 
442 0.391165 
443 -0.015221 
444 -0.306021 
445 0.125971 
446 0.198329 
447 0.108707 
448 0.116647 
449 -0.063033 
450 -0.319342 
451 0.152014 
452 -0.015221 
453 -0.418756 
454 -0.017910 
455 -0.319342 
456 -0.491216 
457 -0.015376 
458 -0.227761 
459 -0.462036 
460 0.183537 
461 -0.235852 
462 0.493852 
463 0.015440 
464 0.127075 
465 0.493852 
466 0.339866 
467 -0.242468 
468 0.433074 
469 0.071318 
470 -0.389941 
471 -0.199127 
472 0.339866 
473 -0.010096 
474 -0.000333 
475 0.375404 
476 -0.288903 
477 -0.491216 
478 -0.127919 
479 0.375404 
480 -0.188589 
481 -0.178290 
482 -0.274464 
483 0.296546 
484 -0.389941 
485 0.396666 
486 -0.393310 
487 0.198329 
488 0.108707 
489 0.407469 
490 0.154276 
491 -0.015376 
492 0.125971 
493 0.407469 
494 -0.378624 
495 -0.015221 
496 0.062648 
497 0.306688 
498 -0.378624 
499 0.125971 
500 -0.161794 
501 0.192067 
502 0.367363 
503 -0.079568 
504 0.246980 
505 -0.175995 
506 0.367363 
507 -0.161794 
508 0.192067 
509 0.443430 
510 0.011774 
511 0.304037 
512 -0.190690 
513 0.143612 
514 0.443430 
515 -0.271458 
516 0.391165 
517 -0.004827 
518 -0.310039 
519 0.309538 
520 -0.296520 
521 -0.049620 
522 -0.418756 
523 -0.049620 
524 0.077317 
525 0.055389 
526 0.486705 
527 -0.136452 
528 0.166112 
529 0.128165 
530 -0.136452 
531 -0.031429 
532 -0.195218 
533 0.166112 
534 0.313761 
535 0.210840 
536 -0.016344 
537 -0.127919 
538 -0.409041 
539 -0.016344 
540 0.369979 
541 0.114284 
542 0.071318 
543 0.364717 
544 -0.432607 
545 -0.441913 
546 0.114284 
547 0.067654 
548 0.499069 
549 0.039200 
550 0.261650 
551 -0.296520 
552 -0.271458 
553 -0.065095 
554 -0.194227 
555 0.122361 
556 0.234160 
557 -0.079568 
558 0.049298 
559 0.234160 
560 0.444647 
561 0.282341 
562 0.494224 
563 0.404505 
564 -0.489223 
565 0.444647 
566 -0.109524 
567 0.206684 
568 0.161113 
569 -0.227451 
570 -0.218584 
571 -0.098059 
572 -0.218584 
573 0.161113 
574 -0.078767 
575 -0.004827 
576 -0.310039 
577 -0.227451 
578 -0.237375 
579 -0.046051 
580 -0.065095 
581 -0.175077 
582 -0.194227 
583 0.261650 
584 0.315012 
585 0.489280 
586 0.315012 
587 -0.328447 
588 0.407744 
589 -0.031429 
590 0.200332 
591 -0.342434 
592 -0.033908 
593 0.480880 
594 -0.038557 
595 -0.459854 
596 0.200332 
597 -0.063546 
598 -0.048433 
599 0.285965 
600 -0.038557 
601 0.285965 
602 0.468302 
603 0.071318 
604 0.468302 
605 0.480880 
606 -0.459854 
607 0.030452 
608 0.285965 
609 0.030452 
610 0.044853 
611 -0.046051 
612 0.265774 
613 -0.105322 
614 -0.009019 
615 -0.272923 
616 0.451008 
617 -0.009019 
618 0.103868 
619 -0.272923 
620 0.106162 
621 0.012978 
622 -0.472364 
623 -0.354425 
624 -0.109524 
625 -0.347787 
626 -0.247794 
627 0.106162 
628 0.012978 
629 -0.234194 
630 -0.249839 
631 0.206684 
632 -0.131872 
633 0.044931 
634 -0.428506 
635 0.083464 
636 -0.354425 
637 0.301289 
638 -0.292649 
639 0.308030 
640 -0.444065 
641 -0.234194 
642 -0.249839 
643 0.367159 
644 -0.459854 
645 0.272480 
646 -0.306021 
647 -0.063033 
648 -0.237375 
649 -0.092138 
650 -0.131872 
651 -0.175077 
652 0.489280 
653 -0.328447 
654 0.407744 
655 -0.092138 
656 0.391884 
657 0.265774 
658 -0.105322 
659 -0.342434 
660 -0.033908 
661 -0.237375 
662 -0.329057 
663 -0.063546 
664 -0.048433 
665 -0.350519 
666 -0.329057 
667 0.272480 
668 -0.301133 
669 0.272480 
670 -0.196433 
671 -0.306021 
672 -0.063033 
673 0.031863 
674 -0.306021 
675 0.236672 
676 -0.274464 
677 0.296546 
678 -0.063033 
679 0.396666 
680 -0.393310 
681 -0.237375 
682 0.154276 
683 -0.015376 
684 0.391884 
685 0.158803 
686 -0.175077 
687 0.177513 
688 -0.175077 
689 0.125971 
690 -0.015221 
691 -0.315920 
692 0.007827 
693 0.062648 
694 0.306688 
695 0.246980 
696 -0.315920 
697 0.007827 
698 0.265870 
699 0.367159 
700 0.265870 
701 0.489280 
702 -0.175995 
703 0.011774 
704 0.304037 
705 0.301289 
706 0.086220 
707 0.450405 
708 0.420566 
709 0.049889 
710 0.489280 
711 0.347259 
712 -0.328447 
713 0.106379 
714 -0.363581 
715 -0.328447 
716 -0.106809 
717 0.426557 
718 0.106379 
719 0.411576 
720 0.461701 
721 0.158803 
722 -0.104026 
723 0.405906 
724 0.310602 
725 0.461701 
726 0.177513 
727 0.411941 
728 0.448854 
729 -0.376300 
730 -0.195133 
731 -0.111340 
732 0.457351 
733 0.428085 
734 -0.179856 
735 0.457351 
736 -0.111340 
737 -0.197424 
738 0.391165 
739 -0.197424 
740 0.428085 
741 0.347259 
742 -0.319342 
743 -0.106809 
744 0.339866 
745 -0.378624 
746 -0.234961 
747 0.206414 
748 0.367363 
749 -0.271458 
750 -0.296520 
751 0.166112 
752 -0.016344 
753 0.200332 
754 -0.194227 
755 0.265870 
756 0.407744 
757 0.265870 
758 0.407744 
759 -0.376300 
760 0.457351 
761 -0.195133 
762 0.261650 
763 0.234160 
764 -0.329057 
765 -0.128252 
766 -0.234961 
767 0.062648 
768 -0.105322 
769 -0.128252 
770 -0.442562 
771 -0.171247 
772 -0.065567 
773 0.206414 
774 0.158803 
775 0.004918 
776 -0.422491 
777 -0.065567 
778 -0.324360 
779 0.200499 
780 0.158803 
781 0.315910 
782 -0.324360 
783 0.226366 
784 -0.414384 
785 0.200499 
786 0.297764 
787 -0.148480 
788 0.295963 
789 -0.342434 
790 0.028822 
791 0.226366 
792 -0.203804 
793 -0.342434 
794 0.092148 
795 -0.203804 
796 0.011608 
797 -0.141144 
798 -0.033908 
799 0.457351 
800 -0.086784 
801 -0.175995 
802 -0.190690 
803 0.143612 
804 -0.086784 
805 0.062648 
806 -0.231853 
807 -0.209268 
808 0.073818 
809 0.304037 
810 0.455113 
811 0.073818 
812 -0.333495 
813 -0.016374 
814 0.306688 
815 0.246980 
816 -0.188264 
817 0.306688 
818 0.246980 
819 -0.070656 
820 -0.320478 
821 0.121600 
822 0.011608 
823 0.487966 
824 0.121600 
825 -0.197424 
826 0.069795 
827 -0.197424 
828 0.069795 
829 -0.033908 
830 -0.175995 
831 -0.246908 
832 0.304037 
833 -0.180823 
834 -0.112941 
835 0.427673 
836 0.011774 
837 0.068471 
838 0.011774 
839 -0.124770 
840 0.391165 
841 -0.319342 
842 -0.190690 
843 0.143612 
844 0.339866 
845 -0.378624 
846 0.143612 
847 0.499069 
848 0.499069 
849 0.367363 
850 -0.271458 
851 -0.296520 
852 0.039200 
853 0.091667 
854 0.166112 
855 0.091667 
856 -0.016344 
857 0.200332 
858 0.069164 
859 0.427673 
860 -0.194227 
861 0.261650 
862 0.069164 
863 0.234160 
864 -0.329057 
865 -0.105322 
866 0.067654 
867 -0.190690 
868 0.067654 
869 0.467210 
870 -0.469826 
871 -0.268888 
872 -0.063546 
873 0.122361 
874 0.167876 
875 0.122361 
876 -0.231853 
877 0.149491 
878 -0.231853 
879 0.049298 
880 -0.209268 
881 0.049298 
882 0.039200 
883 -0.220352 
884 -0.219414 
885 0.187571 
886 0.494224 
887 -0.255889 
888 -0.063546 
889 -0.441085 
890 -0.399845 
891 0.359511 
892 -0.198570 
893 0.420342 
894 0.426801 
895 -0.198570 
896 0.161187 
897 0.117009 
898 -0.209268 
899 0.282341 
900 0.187571 
901 -0.243121 
902 -0.415470 
903 0.494224 
904 -0.028885 
905 0.282341 
906 0.088519 
907 0.254851 
908 0.248071 
909 0.455113 
910 0.088519 
911 0.071318 
912 -0.048433 
913 -0.025537 
914 0.248071 
915 0.455113 
916 0.404505 
917 0.071318 
918 -0.048433 
919 0.227452 
920 -0.477929 
921 0.404505 
922 0.484558 
923 0.165782 
924 -0.477101 
925 -0.369136 
926 -0.483284 
927 0.195144 
928 -0.483284 
929 0.115207 
930 0.285965 
931 0.465949 
932 -0.275528 
933 0.285965 
934 0.158803 
935 -0.275528 
936 -0.356004 
937 0.265870 
938 0.457351 
939 -0.096676 
940 -0.197424 
941 -0.096676 
942 -0.124123 
943 -0.124123 
944 -0.435510 
945 -0.489223 
946 -0.435510 
947 0.067654 
948 -0.166439 
949 -0.168104 
950 -0.166439 
951 0.499069 
952 -0.168104 
953 0.039200 
954 0.122361 
955 0.049298 
956 0.282341 
957 0.494224 
