39 1
0 -0.055336 
1 -0.323437 
2 0.151799 
3 -0.350364 
4 -0.385594 
5 -0.403627 
6 -0.273830 
7 0.018128 
8 -0.400942 
9 0.444927 
10 0.181212 
11 0.121135 
12 0.329974 
13 0.325484 
14 -0.168709 
15 -0.003438 
16 0.296720 
17 -0.423476 
18 -0.070112 
19 -0.313368 
20 -0.303494 
21 0.034311 
22 0.240673 
23 -0.272303 
24 -0.163378 
25 0.379820 
26 -0.245174 
27 0.103373 
28 -0.349907 
29 0.138160 
30 -0.458831 
31 0.394799 
32 -0.055336 
33 -0.323437 
34 0.151799 
35 -0.350364 
36 -0.385594 
37 -0.403627 
38 -0.273830 
