3031 1
0 -0.342668 
1 0.481772 
2 -0.382575 
3 0.309092 
4 0.041033 
5 -0.088119 
6 -0.198655 
7 -0.328220 
8 0.465808 
9 0.071235 
10 -0.222353 
11 -0.232910 
12 0.117160 
13 -0.232910 
14 -0.232910 
15 -0.232910 
16 -0.493495 
17 -0.388405 
18 -0.335930 
19 -0.145675 
20 0.146675 
21 -0.205446 
22 -0.184240 
23 0.164911 
24 -0.202750 
25 0.379115 
26 -0.046232 
27 -0.284191 
28 0.453322 
29 0.236459 
30 0.054823 
31 -0.232910 
32 -0.232910 
33 -0.232910 
34 0.285119 
35 0.268564 
36 -0.146051 
37 0.235516 
38 0.337438 
39 0.070516 
40 0.427562 
41 0.344230 
42 0.084561 
43 -0.349870 
44 -0.378280 
45 -0.336152 
46 -0.058584 
47 0.207092 
48 0.054822 
49 0.263955 
50 0.290243 
51 -0.212683 
52 0.091509 
53 -0.338713 
54 -0.064312 
55 -0.003446 
56 -0.341583 
57 -0.164097 
58 0.337438 
59 -0.025975 
60 0.070516 
61 0.427562 
62 0.344230 
63 -0.349870 
64 -0.378280 
65 -0.336152 
66 -0.058584 
67 -0.232910 
68 -0.111412 
69 -0.164097 
70 0.288985 
71 -0.493495 
72 0.441051 
73 -0.333837 
74 0.315862 
75 -0.469423 
76 -0.218889 
77 0.068316 
78 0.040627 
79 0.228615 
80 -0.011370 
81 -0.231070 
82 -0.401671 
83 -0.384791 
84 -0.322053 
85 -0.119034 
86 0.231121 
87 -0.124947 
88 -0.250144 
89 0.168354 
90 -0.154002 
91 -0.392925 
92 -0.003879 
93 0.162148 
94 0.072128 
95 -0.187410 
96 0.086832 
97 0.412385 
98 -0.014891 
99 -0.132189 
100 0.154995 
101 -0.388405 
102 -0.157897 
103 0.450139 
104 0.203848 
105 0.144197 
106 -0.419746 
107 -0.486288 
108 0.121911 
109 -0.143812 
110 -0.430182 
111 0.492157 
112 -0.486475 
113 -0.397171 
114 0.448405 
115 0.451627 
116 -0.360819 
117 0.049783 
118 0.209539 
119 0.014751 
120 0.314199 
121 0.424459 
122 0.231504 
123 0.202243 
124 -0.248317 
125 0.024407 
126 0.417875 
127 -0.453389 
128 0.447449 
129 0.226504 
130 -0.435597 
131 0.034010 
132 -0.247663 
133 0.243107 
134 0.031434 
135 0.441051 
136 -0.003552 
137 0.282037 
138 -0.378636 
139 0.022378 
140 0.009618 
141 0.324519 
142 0.346681 
143 0.037719 
144 -0.029028 
145 0.059610 
146 -0.285431 
147 -0.355696 
148 0.117160 
149 -0.491387 
150 -0.407542 
151 -0.383095 
152 0.427456 
153 0.424629 
154 0.323531 
155 0.424629 
156 0.192670 
157 0.434537 
158 0.441051 
159 0.496274 
160 -0.005283 
161 0.013230 
162 0.257095 
163 0.257095 
164 0.363942 
165 0.432298 
166 -0.106180 
167 -0.376878 
168 -0.401671 
169 0.404862 
170 0.333247 
171 -0.274876 
172 0.349830 
173 -0.150774 
174 0.284323 
175 -0.384791 
176 0.343282 
177 0.404697 
178 0.082205 
179 -0.429846 
180 0.498797 
181 -0.001734 
182 -0.381401 
183 -0.080037 
184 -0.322053 
185 -0.273973 
186 -0.263528 
187 -0.393542 
188 0.368571 
189 -0.471634 
190 0.172485 
191 0.368925 
192 -0.455072 
193 -0.060835 
194 -0.079396 
195 0.265086 
196 -0.128226 
197 0.034116 
198 0.199391 
199 0.442141 
200 0.447154 
201 0.311495 
202 -0.250719 
203 0.435953 
204 -0.171293 
205 -0.150774 
206 0.103437 
207 0.453385 
208 0.460322 
209 -0.176764 
210 0.251556 
211 0.197160 
212 -0.157897 
213 0.450139 
214 0.144197 
215 -0.419746 
216 -0.278913 
217 0.177692 
218 0.165924 
219 -0.494942 
220 -0.079562 
221 0.194068 
222 -0.444599 
223 0.103682 
224 -0.317806 
225 -0.284084 
226 0.095735 
227 0.297365 
228 -0.358156 
229 0.477218 
230 0.248605 
231 -0.274862 
232 0.140689 
233 -0.255463 
234 0.424629 
235 0.302452 
236 0.012212 
237 0.117160 
238 0.012538 
239 0.407624 
240 -0.207527 
241 -0.094500 
242 0.092324 
243 0.441719 
244 0.037813 
245 0.410761 
246 -0.133991 
247 -0.245715 
248 0.037869 
249 -0.187080 
250 0.050676 
251 0.397029 
252 -0.155399 
253 -0.274862 
254 0.404862 
255 -0.382575 
256 -0.379309 
257 0.015036 
258 0.107356 
259 0.397081 
260 -0.025975 
261 0.397911 
262 -0.469423 
263 0.404593 
264 -0.274876 
265 0.349830 
266 0.481772 
267 0.309092 
268 -0.127221 
269 -0.403237 
270 0.274881 
271 0.441051 
272 -0.366660 
273 0.117160 
274 -0.382892 
275 0.441051 
276 0.041033 
277 -0.088119 
278 -0.198655 
279 -0.328220 
280 0.465808 
281 0.130187 
282 -0.193952 
283 -0.321494 
284 0.274881 
285 -0.403237 
286 0.253702 
287 -0.356868 
288 -0.028983 
289 -0.111412 
290 -0.164097 
291 -0.164097 
292 0.288985 
293 -0.493495 
294 0.441051 
295 0.441051 
296 0.441051 
297 0.441051 
298 0.441051 
299 0.441051 
300 0.441051 
301 0.441051 
302 0.192670 
303 0.192670 
304 -0.469423 
305 0.344435 
306 0.192670 
307 -0.493495 
308 0.040627 
309 -0.189473 
310 -0.493495 
311 -0.493495 
312 0.111023 
313 -0.231070 
314 -0.388405 
315 -0.172297 
316 -0.152915 
317 -0.493495 
318 0.257095 
319 0.207092 
320 -0.493495 
321 -0.388405 
322 -0.119034 
323 -0.388405 
324 -0.388405 
325 -0.388405 
326 -0.124947 
327 -0.250144 
328 0.168354 
329 -0.154002 
330 -0.392925 
331 -0.249879 
332 -0.003879 
333 0.162148 
334 0.072128 
335 -0.187410 
336 0.086832 
337 0.412385 
338 -0.014891 
339 -0.132189 
340 0.154995 
341 -0.388405 
342 -0.157897 
343 0.450139 
344 0.203848 
345 0.203848 
346 0.144197 
347 -0.419746 
348 -0.486288 
349 0.121911 
350 -0.143812 
351 -0.430182 
352 0.492157 
353 -0.486475 
354 -0.397171 
355 0.448405 
356 0.451627 
357 -0.360819 
358 0.049783 
359 -0.355696 
360 0.014751 
361 0.314199 
362 0.424459 
363 0.231504 
364 0.202243 
365 -0.248317 
366 0.024407 
367 0.417875 
368 -0.453389 
369 0.447449 
370 0.226504 
371 -0.435597 
372 0.034010 
373 -0.247663 
374 0.243107 
375 0.031434 
376 0.441051 
377 -0.003552 
378 0.282037 
379 -0.378636 
380 0.022378 
381 0.009618 
382 0.324519 
383 0.346681 
384 0.037719 
385 -0.029028 
386 0.059610 
387 -0.285431 
388 -0.285431 
389 -0.355696 
390 0.117160 
391 0.157254 
392 0.364810 
393 -0.331566 
394 -0.491387 
395 -0.368753 
396 0.047135 
397 0.448213 
398 0.268192 
399 -0.107666 
400 -0.231070 
401 0.192670 
402 0.192670 
403 0.192670 
404 0.424629 
405 0.424629 
406 0.424629 
407 0.424629 
408 0.424629 
409 0.424629 
410 0.424629 
411 0.192670 
412 0.434537 
413 0.441051 
414 0.496274 
415 0.496274 
416 0.496274 
417 0.496274 
418 -0.005283 
419 -0.355696 
420 0.257095 
421 0.257095 
422 0.424629 
423 0.424629 
424 0.363942 
425 0.363942 
426 0.363942 
427 0.363942 
428 0.363942 
429 0.363942 
430 0.363942 
431 0.363942 
432 0.472288 
433 0.472288 
434 0.472288 
435 0.363942 
436 0.363942 
437 0.363942 
438 0.424629 
439 0.432298 
440 0.432298 
441 0.432298 
442 0.432298 
443 0.432298 
444 0.432298 
445 0.432298 
446 -0.011710 
447 -0.011710 
448 -0.011710 
449 -0.011710 
450 0.432298 
451 0.432298 
452 0.432298 
453 0.432298 
454 0.424629 
455 0.424629 
456 0.424629 
457 -0.106180 
458 -0.106180 
459 -0.106180 
460 -0.106180 
461 -0.106180 
462 -0.106180 
463 -0.257771 
464 -0.257771 
465 -0.257771 
466 -0.257771 
467 -0.257771 
468 -0.257771 
469 0.064860 
470 0.064860 
471 -0.187758 
472 -0.187758 
473 -0.187758 
474 -0.187758 
475 -0.187758 
476 -0.187758 
477 -0.367182 
478 -0.367182 
479 -0.367182 
480 -0.367182 
481 0.129247 
482 0.129247 
483 0.129247 
484 0.129247 
485 0.232614 
486 0.232614 
487 0.232614 
488 0.232614 
489 -0.226214 
490 -0.226214 
491 -0.226214 
492 -0.226214 
493 0.159053 
494 0.159053 
495 0.159053 
496 0.159053 
497 -0.326218 
498 -0.326218 
499 -0.326218 
500 -0.326218 
501 -0.326218 
502 -0.326218 
503 0.103927 
504 0.103927 
505 0.103927 
506 0.103927 
507 0.014699 
508 0.014699 
509 -0.106180 
510 0.424629 
511 0.424629 
512 0.424629 
513 0.424629 
514 0.424629 
515 -0.376878 
516 -0.376878 
517 -0.376878 
518 -0.376878 
519 -0.376878 
520 -0.376878 
521 -0.001089 
522 -0.001089 
523 -0.001089 
524 -0.001089 
525 -0.274862 
526 -0.274862 
527 -0.113894 
528 -0.113894 
529 -0.113894 
530 -0.113894 
531 -0.113894 
532 -0.113894 
533 0.045204 
534 0.045204 
535 0.045204 
536 0.045204 
537 0.316282 
538 0.316282 
539 0.316282 
540 0.316282 
541 0.113501 
542 0.113501 
543 0.113501 
544 0.113501 
545 0.113501 
546 0.469135 
547 0.469135 
548 0.469135 
549 -0.376878 
550 0.424629 
551 -0.401671 
552 -0.401671 
553 -0.401671 
554 -0.401671 
555 -0.401671 
556 -0.401671 
557 -0.401671 
558 -0.401671 
559 -0.401671 
560 -0.401671 
561 -0.401671 
562 -0.401671 
563 -0.401671 
564 -0.401671 
565 -0.401671 
566 -0.401671 
567 -0.401671 
568 -0.401671 
569 -0.401671 
570 -0.401671 
571 -0.401671 
572 -0.401671 
573 -0.401671 
574 -0.401671 
575 -0.401671 
576 -0.401671 
577 -0.401671 
578 -0.401671 
579 -0.401671 
580 -0.401671 
581 -0.401671 
582 0.397911 
583 0.397911 
584 0.397911 
585 0.397911 
586 -0.469423 
587 -0.469423 
588 -0.469423 
589 -0.469423 
590 0.404593 
591 0.404593 
592 0.404593 
593 0.404593 
594 -0.401671 
595 -0.401671 
596 -0.274876 
597 -0.274876 
598 -0.274876 
599 -0.274876 
600 -0.274876 
601 -0.401671 
602 0.404862 
603 0.404862 
604 0.404862 
605 0.404862 
606 0.404862 
607 0.404862 
608 0.349830 
609 0.349830 
610 0.349830 
611 0.349830 
612 0.349830 
613 0.349830 
614 0.127254 
615 0.127254 
616 0.127254 
617 0.127254 
618 0.127254 
619 0.127254 
620 0.127254 
621 0.130187 
622 0.130187 
623 0.130187 
624 0.130187 
625 -0.193952 
626 -0.193952 
627 -0.193952 
628 -0.193952 
629 -0.321494 
630 -0.321494 
631 -0.321494 
632 -0.321494 
633 -0.321494 
634 0.404862 
635 0.333247 
636 0.333247 
637 0.333247 
638 0.333247 
639 0.333247 
640 0.333247 
641 0.015036 
642 0.015036 
643 0.015036 
644 0.015036 
645 0.015036 
646 0.015036 
647 -0.278913 
648 -0.278913 
649 0.434492 
650 0.434492 
651 0.434492 
652 0.434492 
653 0.434492 
654 0.434492 
655 -0.247131 
656 -0.247131 
657 -0.247131 
658 -0.247131 
659 -0.361015 
660 -0.361015 
661 -0.361015 
662 -0.361015 
663 -0.019848 
664 -0.019848 
665 -0.019848 
666 -0.019848 
667 -0.234041 
668 -0.234041 
669 -0.234041 
670 -0.234041 
671 0.111354 
672 0.111354 
673 0.111354 
674 0.111354 
675 0.472288 
676 0.472288 
677 0.472288 
678 0.472288 
679 -0.011710 
680 -0.011710 
681 -0.244523 
682 -0.244523 
683 -0.244523 
684 -0.244523 
685 0.333247 
686 0.424629 
687 -0.274876 
688 -0.274876 
689 -0.274876 
690 -0.274876 
691 -0.274876 
692 -0.274876 
693 -0.326218 
694 0.333247 
695 0.333247 
696 0.333247 
697 0.333247 
698 -0.429846 
699 -0.429846 
700 -0.429846 
701 -0.429846 
702 -0.001734 
703 -0.001734 
704 -0.001734 
705 -0.001734 
706 -0.471634 
707 -0.471634 
708 0.103927 
709 0.103927 
710 0.103927 
711 -0.274876 
712 0.424629 
713 0.424629 
714 -0.285431 
715 0.424629 
716 0.380899 
717 -0.076248 
718 0.349830 
719 0.349830 
720 0.349830 
721 0.349830 
722 0.349830 
723 0.349830 
724 0.105853 
725 0.105853 
726 0.172485 
727 0.172485 
728 0.172485 
729 0.172485 
730 0.172485 
731 -0.310037 
732 -0.310037 
733 -0.310037 
734 -0.310037 
735 0.391667 
736 0.391667 
737 0.391667 
738 0.391667 
739 0.086832 
740 0.086832 
741 0.086832 
742 0.086832 
743 0.086832 
744 0.349830 
745 -0.150774 
746 -0.150774 
747 -0.150774 
748 -0.150774 
749 -0.150774 
750 -0.150774 
751 -0.150774 
752 -0.150774 
753 -0.150774 
754 -0.150774 
755 -0.409862 
756 0.284323 
757 0.284323 
758 0.284323 
759 0.284323 
760 0.284323 
761 0.284323 
762 0.413777 
763 0.412385 
764 0.412385 
765 0.105853 
766 0.105853 
767 0.105853 
768 0.105853 
769 0.105853 
770 0.105853 
771 -0.209964 
772 -0.209964 
773 -0.209964 
774 -0.209964 
775 -0.293581 
776 -0.293581 
777 -0.293581 
778 -0.293581 
779 0.432609 
780 0.432609 
781 0.432609 
782 0.432609 
783 -0.392925 
784 -0.392925 
785 -0.392925 
786 -0.392925 
787 0.203848 
788 0.203848 
789 0.203848 
790 0.203848 
791 0.202243 
792 0.202243 
793 0.202243 
794 0.202243 
795 0.258983 
796 0.258983 
797 0.258983 
798 0.258983 
799 0.258983 
800 0.408459 
801 0.408459 
802 0.408459 
803 0.408459 
804 0.296308 
805 0.296308 
806 0.074638 
807 0.074638 
808 0.074638 
809 0.074638 
810 0.074638 
811 0.284323 
812 -0.384791 
813 -0.384791 
814 -0.384791 
815 -0.384791 
816 -0.384791 
817 -0.384791 
818 -0.398438 
819 -0.398438 
820 -0.398438 
821 -0.398438 
822 -0.384791 
823 -0.384791 
824 -0.384791 
825 -0.384791 
826 -0.384791 
827 -0.384791 
828 -0.257275 
829 -0.257275 
830 -0.257275 
831 -0.257275 
832 0.324519 
833 0.324519 
834 0.324519 
835 0.324519 
836 0.324519 
837 0.324519 
838 0.324519 
839 -0.333837 
840 -0.333837 
841 -0.333837 
842 -0.333837 
843 0.315862 
844 0.315862 
845 0.315862 
846 0.315862 
847 -0.218889 
848 -0.218889 
849 -0.218889 
850 -0.218889 
851 0.068316 
852 0.068316 
853 0.068316 
854 0.068316 
855 0.228615 
856 0.228615 
857 -0.160678 
858 -0.160678 
859 -0.160678 
860 -0.160678 
861 -0.160678 
862 -0.384791 
863 -0.411737 
864 0.457031 
865 0.042346 
866 0.230567 
867 0.481841 
868 -0.205160 
869 -0.129085 
870 0.369004 
871 -0.465064 
872 0.343282 
873 0.343282 
874 0.343282 
875 0.343282 
876 0.343282 
877 0.343282 
878 -0.163273 
879 -0.163273 
880 -0.163273 
881 -0.163273 
882 0.429642 
883 0.429642 
884 0.429642 
885 0.429642 
886 0.174773 
887 0.174773 
888 0.174773 
889 0.174773 
890 0.390514 
891 0.390514 
892 0.390514 
893 0.390514 
894 -0.203029 
895 -0.203029 
896 -0.203029 
897 -0.203029 
898 -0.200187 
899 -0.200187 
900 -0.200187 
901 -0.200187 
902 -0.230263 
903 -0.230263 
904 -0.230263 
905 -0.230263 
906 -0.160249 
907 -0.160249 
908 0.483759 
909 0.483759 
910 0.483759 
911 0.483759 
912 0.483759 
913 0.483759 
914 0.483759 
915 0.293937 
916 0.293937 
917 0.293937 
918 0.293937 
919 0.117339 
920 0.117339 
921 0.117339 
922 0.117339 
923 0.110857 
924 0.110857 
925 -0.388405 
926 -0.388405 
927 -0.388405 
928 -0.388405 
929 -0.388405 
930 0.343282 
931 0.110282 
932 0.074630 
933 0.404697 
934 0.404697 
935 0.404697 
936 0.404697 
937 0.404697 
938 0.404697 
939 -0.493495 
940 -0.493495 
941 -0.493495 
942 -0.493495 
943 -0.448920 
944 -0.448920 
945 0.424629 
946 0.424629 
947 0.424629 
948 0.424629 
949 0.424629 
950 0.424629 
951 -0.388405 
952 -0.388405 
953 -0.388405 
954 -0.388405 
955 -0.493495 
956 -0.493495 
957 -0.493495 
958 -0.493495 
959 0.037813 
960 0.037813 
961 0.037813 
962 0.037813 
963 0.192670 
964 0.192670 
965 0.192670 
966 0.192670 
967 -0.393542 
968 -0.393542 
969 -0.393542 
970 -0.393542 
971 -0.455072 
972 -0.455072 
973 -0.455072 
974 -0.455072 
975 -0.133991 
976 -0.133991 
977 -0.133991 
978 -0.133991 
979 -0.133991 
980 -0.215149 
981 -0.485503 
982 -0.485503 
983 -0.485503 
984 0.404697 
985 0.082205 
986 0.082205 
987 0.082205 
988 0.082205 
989 0.082205 
990 0.082205 
991 -0.382232 
992 0.366584 
993 0.366584 
994 0.366584 
995 0.366584 
996 0.366584 
997 0.366584 
998 -0.132442 
999 -0.132442 
1000 -0.132442 
1001 -0.132442 
1002 -0.049692 
1003 -0.049692 
1004 -0.049692 
1005 -0.049692 
1006 -0.039818 
1007 -0.039818 
1008 -0.039818 
1009 -0.039818 
1010 -0.170049 
1011 -0.170049 
1012 -0.378636 
1013 -0.378636 
1014 -0.378636 
1015 -0.378636 
1016 -0.378636 
1017 -0.378636 
1018 0.022378 
1019 0.022378 
1020 0.022378 
1021 0.022378 
1022 0.009618 
1023 0.009618 
1024 0.009618 
1025 0.009618 
1026 0.324519 
1027 0.324519 
1028 0.324519 
1029 0.324519 
1030 -0.333837 
1031 -0.333837 
1032 -0.333837 
1033 -0.333837 
1034 0.299400 
1035 0.299400 
1036 0.299400 
1037 0.082205 
1038 -0.429846 
1039 -0.429846 
1040 -0.429846 
1041 -0.429846 
1042 -0.429846 
1043 -0.429846 
1044 0.315862 
1045 0.315862 
1046 0.315862 
1047 -0.342668 
1048 -0.342668 
1049 -0.342668 
1050 -0.342668 
1051 -0.342668 
1052 -0.342668 
1053 -0.060835 
1054 -0.060835 
1055 -0.060835 
1056 -0.060835 
1057 0.343282 
1058 0.343282 
1059 0.343282 
1060 0.343282 
1061 0.284323 
1062 0.284323 
1063 0.284323 
1064 0.284323 
1065 -0.106180 
1066 -0.106180 
1067 -0.106180 
1068 -0.106180 
1069 0.082205 
1070 0.082205 
1071 0.082205 
1072 0.082205 
1073 -0.176764 
1074 -0.176764 
1075 -0.176764 
1076 -0.176764 
1077 -0.273973 
1078 -0.273973 
1079 -0.160678 
1080 -0.160678 
1081 -0.160678 
1082 -0.160678 
1083 -0.160678 
1084 -0.160678 
1085 -0.074257 
1086 -0.074257 
1087 -0.074257 
1088 -0.429846 
1089 -0.271194 
1090 -0.443896 
1091 0.498797 
1092 0.498797 
1093 0.498797 
1094 0.498797 
1095 0.498797 
1096 0.498797 
1097 0.299400 
1098 0.299400 
1099 0.299400 
1100 0.299400 
1101 0.299400 
1102 0.371168 
1103 0.371168 
1104 0.371168 
1105 0.371168 
1106 -0.087917 
1107 -0.087917 
1108 -0.087917 
1109 -0.087917 
1110 0.436167 
1111 0.436167 
1112 0.436167 
1113 0.436167 
1114 0.446938 
1115 0.446938 
1116 -0.068271 
1117 -0.068271 
1118 -0.068271 
1119 -0.068271 
1120 -0.068271 
1121 -0.068271 
1122 -0.068271 
1123 -0.206859 
1124 -0.206859 
1125 -0.206859 
1126 -0.206859 
1127 0.014964 
1128 0.014964 
1129 0.014964 
1130 0.014964 
1131 0.338242 
1132 0.338242 
1133 0.338242 
1134 0.338242 
1135 0.338242 
1136 0.498797 
1137 -0.001734 
1138 -0.001734 
1139 -0.001734 
1140 -0.001734 
1141 -0.001734 
1142 -0.001734 
1143 -0.148845 
1144 -0.148845 
1145 -0.148845 
1146 -0.148845 
1147 -0.432706 
1148 -0.432706 
1149 -0.432706 
1150 -0.432706 
1151 -0.079396 
1152 -0.079396 
1153 -0.079396 
1154 -0.079396 
1155 -0.079396 
1156 -0.079396 
1157 -0.128226 
1158 -0.128226 
1159 -0.128226 
1160 -0.128226 
1161 0.460322 
1162 0.460322 
1163 0.460322 
1164 0.460322 
1165 0.404697 
1166 0.404697 
1167 0.404697 
1168 0.404697 
1169 -0.381401 
1170 -0.381401 
1171 -0.381401 
1172 -0.381401 
1173 -0.263528 
1174 -0.263528 
1175 -0.263528 
1176 -0.263528 
1177 -0.080037 
1178 -0.080037 
1179 -0.080037 
1180 -0.080037 
1181 0.265086 
1182 0.265086 
1183 0.114907 
1184 0.114907 
1185 0.114907 
1186 0.114907 
1187 -0.001734 
1188 -0.381401 
1189 -0.381401 
1190 -0.381401 
1191 -0.381401 
1192 -0.381401 
1193 -0.381401 
1194 0.108317 
1195 0.108317 
1196 0.108317 
1197 0.108317 
1198 -0.257771 
1199 -0.257771 
1200 -0.257771 
1201 -0.257771 
1202 0.064860 
1203 0.064860 
1204 0.064860 
1205 0.064860 
1206 -0.310037 
1207 -0.310037 
1208 -0.310037 
1209 -0.310037 
1210 0.391667 
1211 0.391667 
1212 0.177692 
1213 0.177692 
1214 0.177692 
1215 0.177692 
1216 0.177692 
1217 0.177692 
1218 0.165924 
1219 0.165924 
1220 0.165924 
1221 0.165924 
1222 -0.018372 
1223 -0.018372 
1224 -0.018372 
1225 -0.018372 
1226 0.230286 
1227 0.230286 
1228 0.230286 
1229 0.230286 
1230 -0.339630 
1231 -0.339630 
1232 -0.023578 
1233 -0.023578 
1234 -0.023578 
1235 -0.023578 
1236 -0.023578 
1237 -0.023578 
1238 -0.023578 
1239 -0.381401 
1240 -0.194737 
1241 -0.194737 
1242 -0.194737 
1243 -0.194737 
1244 -0.194737 
1245 -0.194737 
1246 -0.194737 
1247 0.135611 
1248 0.135611 
1249 0.135611 
1250 0.135611 
1251 0.135611 
1252 0.135611 
1253 -0.123297 
1254 -0.123297 
1255 -0.123297 
1256 -0.123297 
1257 -0.138151 
1258 -0.138151 
1259 -0.138151 
1260 -0.138151 
1261 0.217171 
1262 0.217171 
1263 0.217171 
1264 0.217171 
1265 0.382244 
1266 0.382244 
1267 0.382244 
1268 0.382244 
1269 0.279834 
1270 0.279834 
1271 0.279834 
1272 0.279834 
1273 -0.213179 
1274 -0.213179 
1275 -0.213179 
1276 -0.213179 
1277 0.268564 
1278 0.268564 
1279 0.268564 
1280 0.268564 
1281 0.268564 
1282 0.268564 
1283 -0.146051 
1284 -0.146051 
1285 -0.146051 
1286 -0.146051 
1287 -0.146051 
1288 -0.044620 
1289 -0.044620 
1290 -0.044620 
1291 -0.194737 
1292 -0.080037 
1293 -0.080037 
1294 -0.080037 
1295 -0.080037 
1296 -0.080037 
1297 -0.080037 
1298 -0.251557 
1299 -0.251557 
1300 -0.251557 
1301 -0.251557 
1302 0.033660 
1303 0.033660 
1304 0.033660 
1305 0.033660 
1306 -0.377407 
1307 -0.377407 
1308 -0.377407 
1309 -0.377407 
1310 0.220081 
1311 0.220081 
1312 0.220081 
1313 0.220081 
1314 0.428953 
1315 0.428953 
1316 0.428953 
1317 0.428953 
1318 0.430177 
1319 0.430177 
1320 0.430177 
1321 0.430177 
1322 0.430177 
1323 -0.220426 
1324 -0.220426 
1325 -0.220426 
1326 -0.220426 
1327 -0.220426 
1328 0.491482 
1329 0.491482 
1330 0.491482 
1331 0.491482 
1332 -0.329190 
1333 -0.329190 
1334 -0.329190 
1335 -0.329190 
1336 -0.331622 
1337 -0.331622 
1338 -0.331622 
1339 0.101540 
1340 0.101540 
1341 0.101540 
1342 0.101540 
1343 0.101540 
1344 0.101540 
1345 0.101540 
1346 -0.080037 
1347 -0.322053 
1348 -0.322053 
1349 -0.322053 
1350 -0.322053 
1351 -0.322053 
1352 -0.322053 
1353 -0.198655 
1354 -0.198655 
1355 -0.198655 
1356 -0.198655 
1357 0.055155 
1358 0.055155 
1359 0.055155 
1360 -0.456457 
1361 -0.456457 
1362 -0.456457 
1363 -0.456457 
1364 -0.456457 
1365 0.202156 
1366 0.202156 
1367 0.202156 
1368 0.202156 
1369 0.449566 
1370 0.449566 
1371 0.449566 
1372 0.449566 
1373 0.299613 
1374 0.299613 
1375 0.299613 
1376 0.299613 
1377 -0.034281 
1378 -0.034281 
1379 -0.034281 
1380 -0.034281 
1381 0.290208 
1382 0.290208 
1383 0.290208 
1384 0.290208 
1385 0.369099 
1386 0.369099 
1387 0.369099 
1388 0.369099 
1389 -0.315830 
1390 -0.315830 
1391 -0.315830 
1392 -0.315830 
1393 -0.315830 
1394 -0.315830 
1395 -0.315830 
1396 -0.315830 
1397 -0.322053 
1398 -0.273973 
1399 -0.273973 
1400 -0.273973 
1401 -0.273973 
1402 -0.273973 
1403 -0.273973 
1404 0.279231 
1405 0.279231 
1406 0.279231 
1407 0.279231 
1408 0.279231 
1409 0.279231 
1410 -0.491092 
1411 -0.491092 
1412 -0.491092 
1413 -0.491092 
1414 -0.342652 
1415 -0.342652 
1416 -0.342652 
1417 -0.342652 
1418 -0.144544 
1419 -0.144544 
1420 -0.144544 
1421 -0.144544 
1422 -0.261585 
1423 -0.261585 
1424 -0.261585 
1425 -0.261585 
1426 -0.261585 
1427 -0.058183 
1428 -0.058183 
1429 -0.058183 
1430 0.127254 
1431 0.127254 
1432 0.072128 
1433 0.072128 
1434 0.072128 
1435 0.072128 
1436 0.072128 
1437 0.072128 
1438 -0.187410 
1439 -0.187410 
1440 -0.187410 
1441 -0.187410 
1442 -0.456457 
1443 -0.456457 
1444 -0.456457 
1445 -0.456457 
1446 0.202156 
1447 0.202156 
1448 0.202156 
1449 0.202156 
1450 0.202156 
1451 -0.273973 
1452 -0.263528 
1453 -0.263528 
1454 -0.263528 
1455 -0.263528 
1456 -0.263528 
1457 -0.263528 
1458 -0.209964 
1459 -0.494942 
1460 -0.494942 
1461 -0.494942 
1462 -0.494942 
1463 -0.494942 
1464 -0.494942 
1465 -0.079562 
1466 -0.079562 
1467 -0.079562 
1468 -0.079562 
1469 0.194068 
1470 0.194068 
1471 0.194068 
1472 0.194068 
1473 -0.444599 
1474 -0.444599 
1475 -0.444599 
1476 -0.444599 
1477 0.103682 
1478 0.103682 
1479 0.103682 
1480 0.103682 
1481 -0.317806 
1482 -0.317806 
1483 -0.317806 
1484 -0.317806 
1485 -0.284084 
1486 -0.284084 
1487 -0.284084 
1488 -0.284084 
1489 0.095735 
1490 0.095735 
1491 0.095735 
1492 0.095735 
1493 0.095735 
1494 0.186730 
1495 0.186730 
1496 0.186730 
1497 0.186730 
1498 0.003354 
1499 0.003354 
1500 0.003354 
1501 0.003354 
1502 0.003354 
1503 -0.263528 
1504 -0.393542 
1505 -0.393542 
1506 -0.393542 
1507 -0.393542 
1508 -0.393542 
1509 -0.393542 
1510 -0.105832 
1511 -0.105832 
1512 0.105405 
1513 0.105405 
1514 0.105405 
1515 0.105405 
1516 0.105405 
1517 0.105405 
1518 0.126314 
1519 0.126314 
1520 0.126314 
1521 0.126314 
1522 0.005064 
1523 0.005064 
1524 0.005064 
1525 0.005064 
1526 0.256427 
1527 0.256427 
1528 0.256427 
1529 0.256427 
1530 0.368571 
1531 0.368571 
1532 0.368571 
1533 0.368571 
1534 0.161078 
1535 0.161078 
1536 0.161078 
1537 0.161078 
1538 0.161078 
1539 0.161078 
1540 0.038975 
1541 0.038975 
1542 0.038975 
1543 0.038975 
1544 -0.026287 
1545 -0.026287 
1546 -0.026287 
1547 -0.026287 
1548 0.409298 
1549 0.409298 
1550 0.409298 
1551 0.409298 
1552 0.354927 
1553 0.354927 
1554 0.354927 
1555 0.354927 
1556 0.088769 
1557 0.088769 
1558 0.088769 
1559 0.088769 
1560 0.088769 
1561 0.170133 
1562 0.170133 
1563 0.170133 
1564 0.170133 
1565 0.480606 
1566 0.480606 
1567 0.480606 
1568 0.480606 
1569 -0.309158 
1570 -0.309158 
1571 -0.309158 
1572 -0.309158 
1573 -0.309158 
1574 -0.393542 
1575 0.368571 
1576 0.368571 
1577 0.368571 
1578 0.368571 
1579 0.368571 
1580 0.368571 
1581 -0.291307 
1582 -0.291307 
1583 -0.291307 
1584 -0.291307 
1585 -0.391414 
1586 -0.391414 
1587 -0.391414 
1588 -0.391414 
1589 -0.085578 
1590 -0.085578 
1591 -0.085578 
1592 -0.085578 
1593 0.342467 
1594 0.342467 
1595 0.342467 
1596 -0.113184 
1597 -0.113184 
1598 -0.113184 
1599 -0.113184 
1600 -0.113184 
1601 0.394372 
1602 0.394372 
1603 0.394372 
1604 0.394372 
1605 -0.192985 
1606 -0.192985 
1607 -0.192985 
1608 -0.192985 
1609 0.250757 
1610 0.250757 
1611 0.250757 
1612 0.250757 
1613 -0.019848 
1614 -0.019848 
1615 -0.019848 
1616 -0.019848 
1617 -0.234041 
1618 -0.234041 
1619 -0.234041 
1620 -0.234041 
1621 0.111354 
1622 0.111354 
1623 0.111354 
1624 0.111354 
1625 -0.048807 
1626 -0.048807 
1627 -0.048807 
1628 -0.048807 
1629 -0.048807 
1630 0.368571 
1631 -0.471634 
1632 -0.471634 
1633 -0.471634 
1634 -0.471634 
1635 -0.471634 
1636 -0.471634 
1637 -0.312297 
1638 -0.312297 
1639 -0.312297 
1640 -0.245715 
1641 -0.245715 
1642 -0.245715 
1643 -0.245715 
1644 0.037869 
1645 0.037869 
1646 0.037869 
1647 0.037869 
1648 -0.187080 
1649 -0.187080 
1650 -0.187080 
1651 -0.187080 
1652 0.050676 
1653 0.050676 
1654 0.050676 
1655 0.050676 
1656 0.397029 
1657 0.397029 
1658 0.397029 
1659 0.397029 
1660 -0.155399 
1661 -0.155399 
1662 -0.155399 
1663 -0.155399 
1664 0.481772 
1665 0.481772 
1666 0.481772 
1667 0.481772 
1668 0.309092 
1669 0.309092 
1670 0.309092 
1671 0.309092 
1672 0.041033 
1673 0.041033 
1674 0.041033 
1675 0.041033 
1676 0.446938 
1677 0.446938 
1678 0.446938 
1679 0.446938 
1680 0.446938 
1681 -0.471634 
1682 0.172485 
1683 0.172485 
1684 0.172485 
1685 0.172485 
1686 0.172485 
1687 0.172485 
1688 -0.020112 
1689 -0.020112 
1690 -0.020112 
1691 -0.088119 
1692 -0.088119 
1693 -0.088119 
1694 -0.088119 
1695 -0.137585 
1696 -0.137585 
1697 -0.137585 
1698 -0.137585 
1699 -0.137585 
1700 -0.137585 
1701 -0.138151 
1702 -0.138151 
1703 -0.138151 
1704 -0.138151 
1705 0.217171 
1706 0.217171 
1707 0.217171 
1708 0.217171 
1709 0.382244 
1710 0.382244 
1711 0.382244 
1712 0.382244 
1713 0.279834 
1714 0.279834 
1715 0.279834 
1716 0.279834 
1717 -0.213179 
1718 -0.213179 
1719 -0.213179 
1720 -0.213179 
1721 -0.301159 
1722 -0.301159 
1723 -0.301159 
1724 -0.301159 
1725 -0.392414 
1726 -0.392414 
1727 -0.096383 
1728 -0.096383 
1729 -0.096383 
1730 -0.096383 
1731 -0.096383 
1732 0.172485 
1733 0.368925 
1734 0.368925 
1735 0.368925 
1736 0.368925 
1737 0.368925 
1738 0.368925 
1739 0.431481 
1740 0.431481 
1741 0.431481 
1742 0.297365 
1743 0.297365 
1744 0.297365 
1745 0.297365 
1746 -0.358156 
1747 -0.358156 
1748 -0.358156 
1749 -0.358156 
1750 0.477218 
1751 0.477218 
1752 0.477218 
1753 0.477218 
1754 0.140689 
1755 0.140689 
1756 0.140689 
1757 0.140689 
1758 0.387773 
1759 0.387773 
1760 0.387773 
1761 0.387773 
1762 0.384480 
1763 0.384480 
1764 0.384480 
1765 0.248235 
1766 0.248235 
1767 0.209635 
1768 0.209635 
1769 0.209635 
1770 0.209635 
1771 0.209635 
1772 0.209635 
1773 0.287649 
1774 0.287649 
1775 0.287649 
1776 0.287649 
1777 0.232501 
1778 0.232501 
1779 0.232501 
1780 0.232501 
1781 0.467682 
1782 0.467682 
1783 0.467682 
1784 0.368925 
1785 -0.455072 
1786 -0.455072 
1787 -0.455072 
1788 -0.455072 
1789 -0.455072 
1790 -0.455072 
1791 -0.304683 
1792 -0.304683 
1793 0.276963 
1794 0.276963 
1795 0.276963 
1796 0.276963 
1797 -0.361336 
1798 -0.361336 
1799 -0.361336 
1800 -0.361336 
1801 -0.290695 
1802 -0.290695 
1803 -0.290695 
1804 -0.290695 
1805 -0.120909 
1806 -0.120909 
1807 -0.120909 
1808 -0.120909 
1809 0.358037 
1810 0.358037 
1811 0.358037 
1812 0.358037 
1813 0.061271 
1814 0.061271 
1815 0.061271 
1816 0.061271 
1817 -0.404631 
1818 -0.404631 
1819 -0.404631 
1820 -0.404631 
1821 -0.404708 
1822 -0.404708 
1823 -0.404708 
1824 -0.404708 
1825 0.455246 
1826 0.455246 
1827 0.455246 
1828 0.455246 
1829 0.449566 
1830 0.449566 
1831 0.449566 
1832 0.449566 
1833 0.449566 
1834 0.449566 
1835 0.299613 
1836 0.299613 
1837 0.299613 
1838 0.299613 
1839 -0.034281 
1840 -0.034281 
1841 -0.034281 
1842 -0.034281 
1843 0.290208 
1844 0.290208 
1845 0.290208 
1846 0.290208 
1847 0.290208 
1848 -0.455072 
1849 -0.060835 
1850 -0.060835 
1851 -0.060835 
1852 -0.060835 
1853 -0.060835 
1854 -0.060835 
1855 -0.293581 
1856 -0.293581 
1857 -0.293581 
1858 0.369099 
1859 0.369099 
1860 0.369099 
1861 0.369099 
1862 -0.137585 
1863 -0.137585 
1864 -0.137585 
1865 -0.137585 
1866 -0.137585 
1867 -0.011370 
1868 -0.011370 
1869 -0.011370 
1870 -0.401671 
1871 -0.401671 
1872 -0.401671 
1873 -0.401671 
1874 0.285119 
1875 0.285119 
1876 0.285119 
1877 0.285119 
1878 0.285119 
1879 0.285119 
1880 0.268564 
1881 0.268564 
1882 0.268564 
1883 0.268564 
1884 -0.146051 
1885 -0.146051 
1886 -0.146051 
1887 -0.146051 
1888 0.031434 
1889 0.031434 
1890 0.031434 
1891 0.031434 
1892 -0.003552 
1893 -0.003552 
1894 -0.003552 
1895 -0.003552 
1896 0.282037 
1897 0.282037 
1898 0.282037 
1899 0.282037 
1900 -0.218889 
1901 -0.218889 
1902 -0.218889 
1903 -0.218889 
1904 -0.218889 
1905 -0.060835 
1906 -0.079396 
1907 -0.079396 
1908 -0.079396 
1909 -0.079396 
1910 -0.079396 
1911 -0.079396 
1912 0.371168 
1913 0.068316 
1914 0.068316 
1915 0.068316 
1916 0.068316 
1917 0.228615 
1918 0.228615 
1919 0.228615 
1920 0.228615 
1921 -0.011370 
1922 -0.011370 
1923 -0.011370 
1924 -0.011370 
1925 0.353177 
1926 0.353177 
1927 0.353177 
1928 0.353177 
1929 0.353177 
1930 0.353177 
1931 -0.247621 
1932 -0.247621 
1933 -0.247621 
1934 -0.247621 
1935 0.103514 
1936 0.103514 
1937 0.103514 
1938 0.103514 
1939 -0.183257 
1940 -0.183257 
1941 -0.183257 
1942 -0.183257 
1943 0.331873 
1944 0.331873 
1945 0.331873 
1946 0.331873 
1947 -0.174749 
1948 -0.174749 
1949 -0.174749 
1950 -0.174749 
1951 0.324569 
1952 0.324569 
1953 0.324569 
1954 0.324569 
1955 0.324569 
1956 -0.079396 
1957 0.265086 
1958 0.265086 
1959 0.265086 
1960 0.265086 
1961 0.265086 
1962 0.265086 
1963 0.432718 
1964 0.432718 
1965 0.432718 
1966 -0.102157 
1967 -0.102157 
1968 -0.102157 
1969 -0.102157 
1970 0.165489 
1971 0.165489 
1972 0.165489 
1973 0.165489 
1974 -0.099493 
1975 -0.099493 
1976 -0.099493 
1977 -0.099493 
1978 0.151298 
1979 0.151298 
1980 0.151298 
1981 0.151298 
1982 -0.102987 
1983 -0.102987 
1984 -0.102987 
1985 -0.102987 
1986 -0.391329 
1987 -0.391329 
1988 0.071235 
1989 0.071235 
1990 0.071235 
1991 0.071235 
1992 0.071235 
1993 0.071235 
1994 -0.222353 
1995 -0.222353 
1996 -0.222353 
1997 -0.222353 
1998 -0.491387 
1999 -0.491387 
2000 -0.491387 
2001 -0.491387 
2002 0.483759 
2003 0.483759 
2004 0.483759 
2005 0.483759 
2006 0.483759 
2007 0.265086 
2008 -0.128226 
2009 -0.128226 
2010 -0.128226 
2011 -0.128226 
2012 -0.128226 
2013 -0.128226 
2014 0.293937 
2015 0.293937 
2016 0.293937 
2017 0.293937 
2018 0.293937 
2019 0.117339 
2020 0.117339 
2021 0.117339 
2022 0.117339 
2023 0.110857 
2024 0.110857 
2025 0.110857 
2026 0.110857 
2027 -0.448920 
2028 -0.448920 
2029 -0.448920 
2030 -0.448920 
2031 0.186730 
2032 0.186730 
2033 -0.123297 
2034 -0.123297 
2035 -0.123297 
2036 -0.123297 
2037 -0.123297 
2038 -0.123297 
2039 0.170133 
2040 0.170133 
2041 0.170133 
2042 0.170133 
2043 0.480606 
2044 0.480606 
2045 0.480606 
2046 0.480606 
2047 -0.391414 
2048 -0.391414 
2049 -0.391414 
2050 -0.391414 
2051 -0.085578 
2052 -0.085578 
2053 -0.336636 
2054 -0.336636 
2055 -0.336636 
2056 -0.336636 
2057 -0.336636 
2058 -0.128226 
2059 0.034116 
2060 0.034116 
2061 0.034116 
2062 0.034116 
2063 0.034116 
2064 0.034116 
2065 -0.067280 
2066 -0.067280 
2067 -0.067280 
2068 0.342467 
2069 0.342467 
2070 0.342467 
2071 0.152285 
2072 0.152285 
2073 0.152285 
2074 0.152285 
2075 0.152285 
2076 -0.312898 
2077 -0.312898 
2078 -0.312898 
2079 -0.312898 
2080 0.020655 
2081 0.020655 
2082 0.020655 
2083 0.020655 
2084 0.306211 
2085 0.306211 
2086 0.306211 
2087 0.306211 
2088 0.369704 
2089 0.369704 
2090 0.369704 
2091 0.369704 
2092 0.154483 
2093 0.154483 
2094 0.154483 
2095 0.154483 
2096 0.310701 
2097 0.310701 
2098 0.310701 
2099 0.310701 
2100 -0.226246 
2101 -0.226246 
2102 -0.226246 
2103 -0.226246 
2104 -0.226246 
2105 -0.328220 
2106 -0.328220 
2107 -0.328220 
2108 -0.328220 
2109 -0.328220 
2110 0.034116 
2111 0.199391 
2112 0.199391 
2113 0.199391 
2114 0.199391 
2115 0.199391 
2116 0.199391 
2117 0.465808 
2118 0.465808 
2119 0.465808 
2120 0.465808 
2121 -0.159586 
2122 -0.159586 
2123 -0.159586 
2124 -0.159586 
2125 -0.421554 
2126 -0.421554 
2127 -0.301159 
2128 -0.301159 
2129 -0.301159 
2130 -0.301159 
2131 -0.301159 
2132 -0.301159 
2133 -0.392414 
2134 -0.392414 
2135 -0.392414 
2136 -0.392414 
2137 -0.392414 
2138 0.031434 
2139 0.031434 
2140 0.031434 
2141 0.031434 
2142 -0.003552 
2143 -0.003552 
2144 -0.003552 
2145 -0.003552 
2146 0.282037 
2147 0.282037 
2148 0.282037 
2149 0.282037 
2150 -0.378636 
2151 -0.378636 
2152 -0.378636 
2153 -0.378636 
2154 0.022378 
2155 0.022378 
2156 0.022378 
2157 0.022378 
2158 0.258983 
2159 0.258983 
2160 0.258983 
2161 0.199391 
2162 0.442141 
2163 0.442141 
2164 0.442141 
2165 0.442141 
2166 0.442141 
2167 0.442141 
2168 0.009618 
2169 0.009618 
2170 0.009618 
2171 0.009618 
2172 0.009618 
2173 -0.384791 
2174 -0.384791 
2175 -0.384791 
2176 -0.384791 
2177 -0.384791 
2178 -0.322053 
2179 -0.322053 
2180 -0.322053 
2181 -0.322053 
2182 0.368925 
2183 0.368925 
2184 0.368925 
2185 0.368925 
2186 0.034116 
2187 0.034116 
2188 0.034116 
2189 0.034116 
2190 0.199391 
2191 0.199391 
2192 0.199391 
2193 0.199391 
2194 0.311495 
2195 0.311495 
2196 0.311495 
2197 0.311495 
2198 -0.171293 
2199 -0.171293 
2200 -0.171293 
2201 -0.171293 
2202 0.293738 
2203 0.293738 
2204 0.293738 
2205 0.293738 
2206 0.293738 
2207 0.293738 
2208 0.293738 
2209 -0.087917 
2210 -0.087917 
2211 -0.087917 
2212 0.442141 
2213 0.447154 
2214 0.447154 
2215 0.447154 
2216 0.447154 
2217 0.447154 
2218 0.447154 
2219 -0.362187 
2220 -0.362187 
2221 -0.362187 
2222 -0.362187 
2223 -0.362187 
2224 -0.362187 
2225 0.203544 
2226 0.203544 
2227 0.203544 
2228 0.203544 
2229 0.316698 
2230 0.316698 
2231 0.316698 
2232 0.316698 
2233 0.089666 
2234 0.089666 
2235 0.089666 
2236 0.089666 
2237 0.171519 
2238 0.171519 
2239 0.171519 
2240 0.171519 
2241 0.171519 
2242 -0.343591 
2243 -0.343591 
2244 -0.343591 
2245 -0.343591 
2246 -0.363233 
2247 -0.363233 
2248 0.087062 
2249 0.087062 
2250 0.087062 
2251 0.087062 
2252 0.087062 
2253 0.087062 
2254 -0.263957 
2255 -0.263957 
2256 -0.263957 
2257 -0.263957 
2258 -0.465928 
2259 -0.465928 
2260 -0.465928 
2261 -0.465928 
2262 -0.465928 
2263 0.447154 
2264 0.311495 
2265 0.311495 
2266 0.311495 
2267 0.311495 
2268 0.311495 
2269 0.311495 
2270 0.345758 
2271 0.345758 
2272 0.345758 
2273 0.345758 
2274 0.345758 
2275 0.345758 
2276 0.374199 
2277 0.374199 
2278 0.374199 
2279 0.374199 
2280 -0.423480 
2281 -0.423480 
2282 -0.423480 
2283 -0.423480 
2284 0.450866 
2285 0.450866 
2286 0.450866 
2287 0.450866 
2288 -0.203150 
2289 -0.203150 
2290 -0.203150 
2291 -0.203150 
2292 -0.082516 
2293 -0.082516 
2294 -0.082516 
2295 -0.082516 
2296 -0.319694 
2297 -0.319694 
2298 -0.319694 
2299 -0.319694 
2300 0.274350 
2301 0.274350 
2302 0.274350 
2303 0.274350 
2304 0.034556 
2305 0.034556 
2306 0.034556 
2307 0.034556 
2308 0.034556 
2309 0.481844 
2310 0.481844 
2311 0.481844 
2312 0.481844 
2313 0.481844 
2314 0.311495 
2315 -0.250719 
2316 -0.250719 
2317 -0.250719 
2318 -0.250719 
2319 -0.250719 
2320 -0.250719 
2321 0.185099 
2322 0.185099 
2323 0.185099 
2324 0.185099 
2325 0.103514 
2326 0.103514 
2327 0.103514 
2328 0.103514 
2329 -0.183257 
2330 -0.183257 
2331 -0.183257 
2332 -0.183257 
2333 0.331873 
2334 0.331873 
2335 0.331873 
2336 0.331873 
2337 -0.174749 
2338 -0.174749 
2339 0.161078 
2340 0.161078 
2341 0.161078 
2342 0.161078 
2343 0.161078 
2344 0.161078 
2345 0.161078 
2346 0.038975 
2347 0.038975 
2348 0.038975 
2349 0.038975 
2350 -0.026287 
2351 -0.026287 
2352 -0.026287 
2353 -0.026287 
2354 0.409298 
2355 0.409298 
2356 0.409298 
2357 0.409298 
2358 0.354927 
2359 0.354927 
2360 0.354927 
2361 0.354927 
2362 0.088769 
2363 0.088769 
2364 0.088769 
2365 0.088769 
2366 0.424629 
2367 0.424629 
2368 0.424629 
2369 0.424629 
2370 0.424629 
2371 -0.250719 
2372 0.435953 
2373 0.435953 
2374 0.435953 
2375 0.435953 
2376 0.435953 
2377 0.435953 
2378 0.288945 
2379 0.288945 
2380 0.288945 
2381 0.288945 
2382 0.288945 
2383 0.288945 
2384 0.165428 
2385 0.165428 
2386 0.165428 
2387 0.165428 
2388 0.417056 
2389 0.417056 
2390 0.417056 
2391 0.417056 
2392 -0.406081 
2393 -0.406081 
2394 -0.406081 
2395 -0.406081 
2396 -0.364929 
2397 -0.364929 
2398 -0.364929 
2399 -0.364929 
2400 0.428899 
2401 0.428899 
2402 0.428899 
2403 0.428899 
2404 -0.225742 
2405 -0.225742 
2406 -0.225742 
2407 -0.225742 
2408 -0.225742 
2409 0.243107 
2410 0.243107 
2411 0.243107 
2412 0.243107 
2413 -0.003879 
2414 -0.003879 
2415 -0.003879 
2416 -0.003879 
2417 -0.086253 
2418 -0.086253 
2419 -0.086253 
2420 -0.086253 
2421 -0.086253 
2422 0.435953 
2423 -0.171293 
2424 -0.171293 
2425 -0.171293 
2426 -0.171293 
2427 -0.171293 
2428 -0.171293 
2429 -0.102157 
2430 -0.102157 
2431 -0.102157 
2432 -0.102157 
2433 0.162148 
2434 0.162148 
2435 -0.250719 
2436 -0.250719 
2437 -0.250719 
2438 -0.250719 
2439 -0.250719 
2440 -0.250719 
2441 -0.232910 
2442 -0.232910 
2443 -0.232910 
2444 -0.232910 
2445 0.084561 
2446 0.084561 
2447 0.084561 
2448 0.084561 
2449 -0.194737 
2450 -0.194737 
2451 -0.194737 
2452 -0.194737 
2453 0.442141 
2454 0.442141 
2455 0.442141 
2456 0.442141 
2457 0.447154 
2458 0.447154 
2459 0.447154 
2460 0.447154 
2461 0.435953 
2462 0.435953 
2463 0.435953 
2464 0.435953 
2465 -0.355696 
2466 -0.355696 
2467 -0.355696 
2468 -0.355696 
2469 -0.382423 
2470 -0.382423 
2471 -0.382423 
2472 -0.382423 
2473 -0.382423 
2474 -0.171293 
2475 -0.150774 
2476 -0.150774 
2477 -0.150774 
2478 -0.150774 
2479 -0.150774 
2480 -0.150774 
2481 -0.292018 
2482 -0.292018 
2483 -0.292018 
2484 -0.292018 
2485 -0.292018 
2486 0.235098 
2487 0.235098 
2488 0.235098 
2489 0.235098 
2490 0.279665 
2491 0.279665 
2492 0.279665 
2493 0.279665 
2494 -0.058956 
2495 -0.058956 
2496 -0.058956 
2497 -0.058956 
2498 0.117571 
2499 0.117571 
2500 0.117571 
2501 0.117571 
2502 -0.083959 
2503 -0.083959 
2504 -0.083959 
2505 -0.083959 
2506 0.157254 
2507 0.157254 
2508 0.157254 
2509 0.157254 
2510 0.157254 
2511 0.126420 
2512 0.126420 
2513 0.126420 
2514 -0.260336 
2515 -0.260336 
2516 -0.260336 
2517 -0.260336 
2518 0.233491 
2519 0.233491 
2520 0.233491 
2521 0.233491 
2522 0.233491 
2523 -0.233846 
2524 -0.150774 
2525 0.103437 
2526 0.103437 
2527 0.103437 
2528 0.103437 
2529 0.103437 
2530 0.103437 
2531 0.145440 
2532 0.145440 
2533 0.145440 
2534 0.145440 
2535 0.145440 
2536 -0.021731 
2537 -0.021731 
2538 -0.021731 
2539 -0.021731 
2540 -0.010270 
2541 -0.010270 
2542 -0.010270 
2543 -0.010270 
2544 -0.374046 
2545 -0.374046 
2546 -0.374046 
2547 0.386214 
2548 0.386214 
2549 0.386214 
2550 0.386214 
2551 0.386214 
2552 -0.399358 
2553 -0.399358 
2554 -0.399358 
2555 -0.399358 
2556 0.102436 
2557 0.102436 
2558 0.102436 
2559 0.102436 
2560 -0.296534 
2561 -0.296534 
2562 -0.296534 
2563 -0.296534 
2564 -0.452301 
2565 -0.452301 
2566 -0.452301 
2567 -0.452301 
2568 -0.058572 
2569 -0.058572 
2570 -0.058572 
2571 -0.058572 
2572 -0.036209 
2573 -0.036209 
2574 -0.036209 
2575 0.103437 
2576 0.453385 
2577 0.453385 
2578 0.453385 
2579 0.453385 
2580 0.453385 
2581 0.453385 
2582 -0.379458 
2583 -0.379458 
2584 -0.379458 
2585 -0.379458 
2586 -0.379458 
2587 0.376601 
2588 0.376601 
2589 0.376601 
2590 0.376601 
2591 0.061573 
2592 0.061573 
2593 0.061573 
2594 0.061573 
2595 0.197507 
2596 0.197507 
2597 0.197507 
2598 0.197507 
2599 0.275058 
2600 0.275058 
2601 0.275058 
2602 0.275058 
2603 -0.054928 
2604 -0.054928 
2605 -0.054928 
2606 -0.054928 
2607 -0.319214 
2608 -0.319214 
2609 -0.319214 
2610 -0.319214 
2611 0.133015 
2612 0.133015 
2613 0.133015 
2614 0.133015 
2615 0.498797 
2616 0.498797 
2617 0.458575 
2618 0.458575 
2619 0.458575 
2620 0.458575 
2621 0.458575 
2622 0.458575 
2623 -0.014891 
2624 -0.014891 
2625 -0.014891 
2626 0.453385 
2627 0.460322 
2628 0.460322 
2629 0.460322 
2630 0.460322 
2631 0.460322 
2632 0.460322 
2633 -0.132189 
2634 -0.009675 
2635 -0.009675 
2636 -0.009675 
2637 -0.009675 
2638 0.114049 
2639 0.114049 
2640 0.114049 
2641 0.114049 
2642 0.461930 
2643 0.461930 
2644 0.461930 
2645 0.461930 
2646 -0.196221 
2647 -0.196221 
2648 -0.196221 
2649 -0.196221 
2650 0.364810 
2651 0.364810 
2652 0.364810 
2653 0.364810 
2654 -0.331566 
2655 -0.331566 
2656 -0.331566 
2657 -0.331566 
2658 -0.368753 
2659 -0.368753 
2660 -0.368753 
2661 -0.368753 
2662 0.047135 
2663 0.047135 
2664 0.047135 
2665 0.047135 
2666 0.448213 
2667 0.448213 
2668 0.448213 
2669 0.448213 
2670 -0.058183 
2671 -0.058183 
2672 -0.058183 
2673 -0.058183 
2674 -0.058183 
2675 -0.058183 
2676 -0.058183 
2677 0.460322 
2678 -0.176764 
2679 -0.176764 
2680 -0.176764 
2681 -0.176764 
2682 -0.176764 
2683 -0.176764 
2684 0.436167 
2685 0.436167 
2686 0.436167 
2687 -0.118085 
2688 -0.118085 
2689 -0.118085 
2690 -0.118085 
2691 0.155143 
2692 0.155143 
2693 0.155143 
2694 0.155143 
2695 0.404862 
2696 0.404862 
2697 0.404862 
2698 0.404862 
2699 0.404862 
2700 0.404862 
2701 -0.382575 
2702 -0.382575 
2703 -0.382575 
2704 -0.382575 
2705 0.107356 
2706 0.107356 
2707 0.107356 
2708 0.107356 
2709 0.397081 
2710 0.397081 
2711 0.397081 
2712 0.397081 
2713 -0.025975 
2714 -0.025975 
2715 -0.025975 
2716 -0.025975 
2717 0.080868 
2718 0.080868 
2719 0.080868 
2720 0.080868 
2721 0.033609 
2722 0.033609 
2723 0.033609 
2724 0.033609 
2725 0.030703 
2726 0.030703 
2727 0.030703 
2728 0.030703 
2729 0.030703 
2730 -0.176764 
2731 0.197160 
2732 0.251556 
2733 0.251556 
2734 0.197160 
2735 0.197160 
2736 0.197160 
2737 0.197160 
2738 0.197160 
2739 -0.278913 
2740 -0.278913 
2741 -0.278913 
2742 -0.278913 
2743 -0.278913 
2744 -0.278913 
2745 -0.278913 
2746 -0.278913 
2747 -0.278913 
2748 -0.278913 
2749 -0.020987 
2750 -0.020987 
2751 -0.020987 
2752 -0.157897 
2753 -0.157897 
2754 0.450139 
2755 0.450139 
2756 0.144197 
2757 0.144197 
2758 0.368925 
2759 -0.419746 
2760 -0.419746 
2761 0.034116 
2762 0.199391 
2763 -0.278913 
2764 0.177692 
2765 0.177692 
2766 0.165924 
2767 0.165924 
2768 0.311495 
2769 -0.171293 
2770 -0.494942 
2771 -0.494942 
2772 -0.079562 
2773 -0.079562 
2774 0.194068 
2775 0.194068 
2776 -0.444599 
2777 -0.444599 
2778 0.103682 
2779 0.103682 
2780 0.084561 
2781 -0.317806 
2782 -0.317806 
2783 -0.284084 
2784 -0.284084 
2785 0.095735 
2786 0.095735 
2787 0.297365 
2788 0.297365 
2789 -0.194737 
2790 -0.358156 
2791 -0.358156 
2792 -0.274862 
2793 0.477218 
2794 0.477218 
2795 -0.274862 
2796 -0.274862 
2797 -0.274862 
2798 0.248605 
2799 0.248605 
2800 -0.274862 
2801 0.140689 
2802 0.140689 
2803 -0.274862 
2804 -0.274862 
2805 -0.255463 
2806 -0.255463 
2807 0.442141 
2808 0.447154 
2809 0.435953 
2810 -0.355696 
2811 -0.382423 
2812 0.498797 
2813 0.257095 
2814 0.285119 
2815 0.442040 
2816 0.444373 
2817 0.424629 
2818 0.302452 
2819 0.012212 
2820 0.117160 
2821 0.117160 
2822 0.117160 
2823 0.117160 
2824 0.117160 
2825 0.117160 
2826 -0.307918 
2827 0.125412 
2828 0.037813 
2829 0.012538 
2830 0.012538 
2831 0.012538 
2832 0.012538 
2833 0.012538 
2834 0.012538 
2835 0.012538 
2836 0.012538 
2837 0.407624 
2838 0.407624 
2839 0.308217 
2840 0.194443 
2841 0.037813 
2842 0.037813 
2843 0.037813 
2844 0.037813 
2845 0.037813 
2846 0.037813 
2847 -0.133991 
2848 -0.245715 
2849 0.037869 
2850 -0.187080 
2851 0.050676 
2852 0.397029 
2853 -0.155399 
2854 -0.274862 
2855 0.404862 
2856 -0.382575 
2857 -0.379309 
2858 0.015036 
2859 0.107356 
2860 0.397081 
2861 -0.025975 
2862 0.397911 
2863 -0.469423 
2864 0.404593 
2865 -0.274876 
2866 0.349830 
2867 0.481772 
2868 0.309092 
2869 -0.020112 
2870 -0.023578 
2871 0.135611 
2872 0.037813 
2873 -0.127221 
2874 0.192670 
2875 -0.393542 
2876 -0.455072 
2877 -0.133991 
2878 -0.245715 
2879 0.037869 
2880 -0.187080 
2881 0.050676 
2882 0.397029 
2883 -0.155399 
2884 -0.403237 
2885 0.274881 
2886 0.441051 
2887 -0.366660 
2888 0.117160 
2889 -0.382892 
2890 0.441051 
2891 0.441051 
2892 0.041033 
2893 -0.088119 
2894 -0.198655 
2895 -0.328220 
2896 0.465808 
2897 0.130187 
2898 -0.193952 
2899 -0.321494 
2900 0.274881 
2901 -0.403237 
2902 0.253702 
2903 -0.356868 
2904 -0.343591 
2905 -0.028983 
2906 -0.058956 
2907 0.397081 
2908 -0.342668 
2909 -0.253746 
2910 0.397911 
2911 0.054822 
2912 0.345758 
2913 0.345758 
2914 0.235098 
2915 0.263955 
2916 0.235098 
2917 -0.292018 
2918 -0.292018 
2919 0.290243 
2920 0.235098 
2921 0.087062 
2922 -0.263957 
2923 0.235098 
2924 -0.465928 
2925 0.404593 
2926 -0.064757 
2927 -0.342668 
2928 -0.342668 
2929 -0.036116 
2930 -0.342668 
2931 0.397081 
2932 -0.342668 
2933 0.397081 
2934 0.397081 
2935 0.107356 
2936 -0.342668 
2937 0.154995 
2938 -0.363233 
2939 -0.363233 
2940 -0.363233 
2941 -0.363233 
2942 -0.363233 
2943 -0.363233 
2944 0.080884 
2945 0.404593 
2946 0.397081 
2947 0.107356 
2948 0.235516 
2949 0.066206 
2950 -0.058956 
2951 0.165877 
2952 -0.383067 
2953 -0.066037 
2954 0.107356 
2955 0.154995 
2956 -0.298790 
2957 0.396242 
2958 0.117571 
2959 0.107356 
2960 0.117571 
2961 0.117571 
2962 0.404593 
2963 -0.197542 
2964 -0.382423 
2965 -0.382423 
2966 -0.382423 
2967 -0.382423 
2968 -0.382423 
2969 -0.382423 
2970 -0.382423 
2971 -0.382423 
2972 0.280879 
2973 -0.198517 
2974 -0.325450 
2975 -0.025997 
2976 0.100100 
2977 -0.278772 
2978 -0.122259 
2979 0.176059 
2980 0.055827 
2981 -0.457076 
2982 -0.497849 
2983 0.490111 
2984 0.075174 
2985 0.412992 
2986 -0.243852 
2987 0.012173 
2988 -0.210454 
2989 0.383860 
2990 -0.197542 
2991 -0.197542 
2992 -0.197542 
2993 -0.197542 
2994 -0.197542 
2995 -0.197542 
2996 -0.117567 
2997 -0.286593 
2998 -0.141548 
2999 0.072032 
3000 0.235516 
3001 -0.117567 
3002 -0.436347 
3003 0.432609 
3004 0.432609 
3005 0.432609 
3006 0.361332 
3007 0.404593 
3008 0.279665 
3009 0.279665 
3010 0.279665 
3011 -0.036116 
3012 -0.117567 
3013 -0.342668 
3014 -0.083959 
3015 0.235516 
3016 0.107356 
3017 0.107356 
3018 -0.058956 
3019 -0.064757 
3020 -0.058956 
3021 -0.058956 
3022 0.311351 
3023 0.235516 
3024 0.404593 
3025 0.279665 
3026 0.279665 
3027 -0.058956 
3028 -0.083959 
3029 -0.058956 
3030 -0.456736 
