2314 1
0 -1.872838 
1 -1.384508 
2 0.984225 
3 -0.927857 
4 1.575461 
5 0.727038 
6 -2.398820 
7 -1.245683 
8 -0.604663 
9 -1.516452 
10 -0.648947 
11 -2.261784 
12 1.317550 
13 -1.001804 
14 2.879530 
15 1.399144 
16 -1.792702 
17 -1.794674 
18 -0.751136 
19 -0.999287 
20 0.239873 
21 -1.438389 
22 -1.658861 
23 2.404020 
24 2.022711 
25 -1.536240 
26 2.087900 
27 -1.511076 
28 -0.281492 
29 -2.182933 
30 -1.492287 
31 -0.188691 
32 -0.716393 
33 -0.334712 
34 0.591119 
35 -2.838865 
36 1.367687 
37 -0.195018 
38 -2.391050 
39 1.303756 
40 0.590990 
41 -1.289551 
42 -2.510919 
43 0.980230 
44 -0.043963 
45 -2.245253 
46 -0.988312 
47 -1.537169 
48 -2.294612 
49 -0.737173 
50 -0.679098 
51 1.950492 
52 -1.481225 
53 -1.050470 
54 -1.957644 
55 -0.583380 
56 0.808764 
57 -2.458914 
58 1.789551 
59 -0.005835 
60 1.373183 
61 -0.957769 
62 2.080482 
63 -2.021675 
64 0.468642 
65 -0.941361 
66 -1.190672 
67 -2.476010 
68 -0.326475 
69 -2.918686 
70 -0.356005 
71 -0.728557 
72 1.389398 
73 1.637549 
74 1.605929 
75 -1.985033 
76 -0.486379 
77 -1.709593 
78 1.981346 
79 -1.714151 
80 -1.212304 
81 -2.668763 
82 -0.316256 
83 0.393247 
84 -0.270344 
85 -2.121044 
86 -0.903909 
87 -1.668973 
88 0.605130 
89 0.390358 
90 3.442276 
91 -0.479054 
92 -0.375810 
93 -1.882143 
94 2.124498 
95 1.501875 
96 -1.871359 
97 0.464930 
98 -2.071821 
99 -0.704594 
100 3.499902 
101 -0.280582 
102 -0.183550 
103 0.810846 
104 0.798327 
105 -1.591804 
106 0.042420 
107 -2.417375 
108 1.712480 
109 -0.862314 
110 -1.187157 
111 -2.063403 
112 -1.702405 
113 1.222450 
114 -2.183581 
115 0.122724 
116 -1.237864 
117 -2.603902 
118 -0.404423 
119 0.293599 
120 -1.543738 
121 1.436835 
122 -1.474344 
123 1.656784 
124 -1.474320 
125 1.668128 
126 -1.084277 
127 -1.725088 
128 -1.927708 
129 1.583891 
130 0.442501 
131 1.806603 
132 0.825655 
133 1.977693 
134 -2.053350 
135 2.132979 
136 -1.058670 
137 -0.573331 
138 2.820506 
139 -1.375444 
140 -1.296881 
141 -1.436878 
142 -0.404467 
143 -2.022666 
144 -2.701143 
145 -1.147694 
146 1.028798 
147 0.874294 
148 1.258337 
149 -1.268902 
150 -2.091716 
151 1.697764 
152 -1.968561 
153 -1.861367 
154 1.136846 
155 -0.566739 
156 0.607939 
157 -2.896018 
158 -0.628896 
159 1.355080 
160 0.315166 
161 0.872069 
162 2.023976 
163 -2.266963 
164 -0.603878 
165 -0.087696 
166 -2.106401 
167 -1.508511 
168 1.761096 
169 -0.862777 
170 -1.615276 
171 -0.994039 
172 -0.175722 
173 2.627686 
174 -2.143661 
175 0.258293 
176 0.806875 
177 -1.769495 
178 -2.014037 
179 -0.651337 
180 1.655733 
181 -1.860924 
182 1.734057 
183 0.668949 
184 -2.076851 
185 1.251328 
186 -0.911163 
187 1.643087 
188 -1.994954 
189 0.884781 
190 -1.880546 
191 -1.423767 
192 0.585452 
193 1.464432 
194 -2.643604 
195 -1.029571 
196 1.511092 
197 -1.952486 
198 1.162039 
199 -1.666345 
200 -1.750696 
201 -1.136250 
202 -0.326358 
203 -2.350410 
204 -1.955226 
205 1.536398 
206 0.938216 
207 1.143763 
208 3.170568 
209 0.736938 
210 0.933291 
211 1.646558 
212 -2.436145 
213 1.168070 
214 2.059305 
215 -0.699956 
216 -0.120012 
217 -1.740454 
218 -2.047171 
219 -0.716266 
220 1.444649 
221 -2.471317 
222 1.045135 
223 -1.100719 
224 2.414025 
225 2.892789 
226 0.123383 
227 0.747827 
228 -1.604021 
229 1.482126 
230 -1.634960 
231 1.085149 
232 0.287536 
233 -1.918704 
234 -2.523203 
235 -0.072581 
236 2.915000 
237 -0.717104 
238 -0.361643 
239 -1.187328 
240 -1.462370 
241 -0.634311 
242 -2.093255 
243 1.542924 
244 2.955598 
245 1.057243 
246 0.888553 
247 -0.414622 
248 -1.010919 
249 2.041735 
250 -2.123141 
251 -0.971847 
252 0.696781 
253 2.234611 
254 -2.262695 
255 1.482442 
256 -0.352634 
257 -2.561184 
258 1.641999 
259 -0.979067 
260 0.417002 
261 -2.317579 
262 1.528694 
263 1.255492 
264 1.382766 
265 -0.823980 
266 -2.711593 
267 0.453370 
268 2.126966 
269 0.700296 
270 0.875991 
271 -2.330556 
272 -0.613661 
273 -2.290255 
274 -0.656708 
275 0.732677 
276 1.728271 
277 -1.630252 
278 -0.451735 
279 2.084756 
280 0.374581 
281 -0.463530 
282 2.352128 
283 2.708387 
284 -0.714432 
285 0.608176 
286 -1.277048 
287 2.573090 
288 -1.345363 
289 1.770527 
290 0.934793 
291 -1.924274 
292 -2.557681 
293 0.486284 
294 1.400741 
295 -0.953228 
296 1.852940 
297 -2.055382 
298 0.948461 
299 -1.032500 
300 -0.532692 
301 -1.035825 
302 -2.001659 
303 -1.193324 
304 0.936791 
305 -0.618525 
306 -0.455101 
307 -2.776397 
308 -0.443497 
309 -2.855451 
310 -0.370298 
311 0.707747 
312 -2.016719 
313 1.631298 
314 1.740178 
315 0.941866 
316 -1.244922 
317 -1.639434 
318 -1.891675 
319 -0.641737 
320 1.289910 
321 0.823744 
322 0.478163 
323 3.340201 
324 -2.006454 
325 -1.774276 
326 -1.156862 
327 0.134456 
328 -1.742883 
329 -0.941994 
330 1.459528 
331 -1.429440 
332 2.298137 
333 -1.978067 
334 -1.021093 
335 0.876973 
336 -1.674281 
337 -1.759320 
338 -0.425060 
339 -1.018100 
340 -1.796671 
341 1.413361 
342 -1.303004 
343 -1.343935 
344 2.028115 
345 2.579173 
346 0.977885 
347 -1.273990 
348 -1.434422 
349 -2.596401 
350 0.042738 
351 -0.465425 
352 3.082776 
353 -0.557565 
354 0.876698 
355 1.823164 
356 -0.813325 
357 -2.238976 
358 0.773320 
359 -1.583707 
360 -1.149652 
361 -1.753670 
362 -0.331361 
363 -1.200083 
364 -1.234222 
365 -1.450967 
366 -0.363681 
367 -2.138047 
368 1.738817 
369 -1.645887 
370 0.224496 
371 -2.111324 
372 -2.416065 
373 1.243057 
374 -0.515900 
375 -1.481481 
376 -0.541287 
377 -1.997174 
378 -1.856930 
379 0.009625 
380 -1.850534 
381 1.087208 
382 2.035246 
383 -1.840760 
384 -2.626168 
385 0.794280 
386 0.127474 
387 -0.848301 
388 1.218995 
389 -1.452515 
390 2.609609 
391 -1.094113 
392 -1.586591 
393 -1.739173 
394 -1.704015 
395 -0.834888 
396 -1.027586 
397 1.641833 
398 -2.338519 
399 -0.168010 
400 -1.721594 
401 -1.386626 
402 -1.382493 
403 -0.708665 
404 -1.055457 
405 2.114337 
406 1.049886 
407 -1.928349 
408 -2.144414 
409 0.640404 
410 2.317387 
411 -0.268256 
412 1.259159 
413 1.700859 
414 -1.008247 
415 -2.321665 
416 1.971095 
417 1.867184 
418 -2.018817 
419 -0.034920 
420 -2.452615 
421 0.929282 
422 0.512360 
423 -1.595873 
424 -1.735024 
425 1.943904 
426 2.055004 
427 -0.621899 
428 -2.193708 
429 -1.586086 
430 -0.985189 
431 -0.604391 
432 -0.363251 
433 -2.764782 
434 -0.869544 
435 0.709216 
436 -2.188465 
437 -1.730084 
438 1.019041 
439 -0.846076 
440 -1.253717 
441 -2.031505 
442 -1.221588 
443 1.692207 
444 0.333845 
445 -1.515850 
446 -2.317097 
447 1.596365 
448 -1.572993 
449 -0.684959 
450 -1.165264 
451 -1.768699 
452 -2.499324 
453 0.142622 
454 -1.336172 
455 -0.961810 
456 0.505093 
457 -2.334293 
458 -0.824107 
459 1.870772 
460 -2.193528 
461 -0.671248 
462 1.740672 
463 1.652056 
464 -2.091403 
465 -0.819136 
466 1.757694 
467 0.902149 
468 -1.906528 
469 -0.609881 
470 -1.070276 
471 2.249635 
472 -1.674569 
473 1.477307 
474 -2.303305 
475 0.219874 
476 1.796609 
477 -0.880437 
478 -1.568485 
479 -1.652165 
480 0.381084 
481 -0.646111 
482 1.742997 
483 -2.564637 
484 -1.290927 
485 -1.503647 
486 -1.764794 
487 0.932347 
488 -1.447382 
489 -2.001053 
490 -0.233558 
491 -1.464842 
492 -1.480935 
493 -1.273422 
494 -1.064111 
495 -1.805614 
496 -1.037865 
497 1.479554 
498 -1.667351 
499 -1.798565 
500 -1.652567 
501 1.426491 
502 -1.968081 
503 -0.430962 
504 -2.015747 
505 -0.172171 
506 0.286780 
507 -2.353610 
508 -2.131177 
509 -0.520585 
510 -0.964324 
511 -1.711392 
512 -2.774244 
513 -0.077509 
514 -1.108969 
515 1.048911 
516 -0.851857 
517 1.757026 
518 -2.339074 
519 1.542326 
520 -1.904700 
521 -1.661945 
522 -0.679733 
523 -1.458592 
524 -0.351043 
525 2.517054 
526 -1.951980 
527 1.861709 
528 -0.888822 
529 2.333719 
530 -0.093948 
531 2.236218 
532 -1.415596 
533 2.243458 
534 2.254865 
535 -0.485626 
536 1.263127 
537 -0.093817 
538 -2.731670 
539 0.806386 
540 -1.267950 
541 -2.551895 
542 -1.027523 
543 0.313505 
544 -2.119293 
545 -0.718117 
546 -2.130837 
547 0.147343 
548 -0.088521 
549 -1.061036 
550 -1.208432 
551 3.273994 
552 -2.448569 
553 1.857251 
554 0.724597 
555 -0.621344 
556 0.511939 
557 3.750994 
558 0.905036 
559 0.639329 
560 -1.609968 
561 -1.678955 
562 -1.529219 
563 0.076975 
564 -2.593236 
565 -0.823352 
566 0.245582 
567 1.844515 
568 0.579578 
569 1.070648 
570 -1.354933 
571 3.209294 
572 0.271850 
573 -1.983670 
574 -2.085968 
575 0.084356 
576 -1.729205 
577 1.270262 
578 -2.451655 
579 1.065137 
580 -0.578090 
581 -0.551476 
582 -1.890379 
583 -1.924961 
584 2.013119 
585 -1.838455 
586 -1.592093 
587 1.570658 
588 -1.883480 
589 -1.824566 
590 1.047624 
591 2.279614 
592 -0.397821 
593 1.295830 
594 -0.425481 
595 -3.014029 
596 -0.696067 
597 -0.798613 
598 -2.448543 
599 1.868489 
600 -2.980895 
601 -0.382945 
602 -1.030818 
603 -0.005012 
604 -2.638680 
605 2.054277 
606 0.721208 
607 1.362990 
608 -0.728447 
609 -0.982375 
610 1.046862 
611 3.560067 
612 -2.897994 
613 -0.227239 
614 1.247970 
615 -0.871630 
616 0.700928 
617 -1.029890 
618 -2.783418 
619 -0.786575 
620 -0.559118 
621 -1.854458 
622 -1.763636 
623 1.252843 
624 0.200529 
625 -0.795244 
626 -2.035813 
627 -1.769027 
628 -2.113807 
629 0.152757 
630 -1.829545 
631 -1.250109 
632 -1.164156 
633 1.117649 
634 -2.647341 
635 0.599143 
636 2.530545 
637 -2.046153 
638 -0.142695 
639 -1.191982 
640 2.322817 
641 -0.555122 
642 -1.372111 
643 -1.957073 
644 -0.998708 
645 1.719106 
646 -2.389241 
647 0.137372 
648 -0.850825 
649 0.651036 
650 -1.863553 
651 2.396235 
652 1.823128 
653 -2.007904 
654 -0.726340 
655 -1.153295 
656 -0.095407 
657 -2.564056 
658 -1.624168 
659 -0.307698 
660 -0.751574 
661 -2.254406 
662 2.134018 
663 0.546714 
664 -2.652760 
665 1.115554 
666 1.314910 
667 0.949806 
668 1.456194 
669 1.687734 
670 -0.871218 
671 -1.900513 
672 1.694206 
673 2.169438 
674 2.102995 
675 1.701651 
676 1.942514 
677 -0.789346 
678 -2.112981 
679 -1.003564 
680 -2.418880 
681 0.821087 
682 -1.385563 
683 -0.812806 
684 -0.769182 
685 1.861140 
686 -0.980067 
687 -2.420301 
688 -0.910481 
689 -1.550911 
690 -1.756698 
691 -1.533995 
692 -1.949932 
693 -1.433977 
694 -0.649845 
695 2.209447 
696 -1.619700 
697 -1.784173 
698 -1.310378 
699 0.254679 
700 -2.422962 
701 -0.864355 
702 -0.468303 
703 -1.350748 
704 0.640063 
705 1.449846 
706 1.956811 
707 2.995556 
708 2.382883 
709 -0.692869 
710 2.012408 
711 2.198912 
712 1.221483 
713 -3.047538 
714 -0.161254 
715 0.025874 
716 0.042188 
717 -2.572823 
718 -0.771358 
719 1.569644 
720 -2.510228 
721 -1.278767 
722 0.192640 
723 1.904387 
724 1.574015 
725 1.320165 
726 -0.343070 
727 -2.553178 
728 0.425484 
729 -0.913063 
730 -3.246067 
731 0.923049 
732 -1.220763 
733 1.618327 
734 -0.694321 
735 -2.535781 
736 -0.804360 
737 1.701001 
738 1.804492 
739 -2.322591 
740 -2.752249 
741 -0.097711 
742 -1.216175 
743 1.015156 
744 -0.940487 
745 -2.565966 
746 0.339026 
747 1.738368 
748 1.443606 
749 -2.847130 
750 1.247825 
751 -0.167575 
752 0.511352 
753 0.256964 
754 2.594555 
755 2.898751 
756 -0.201381 
757 -2.558046 
758 -1.572446 
759 0.038346 
760 3.314512 
761 -0.892886 
762 -1.045696 
763 -0.814095 
764 -1.580309 
765 0.041308 
766 -2.373644 
767 -0.806271 
768 1.326658 
769 -1.082159 
770 0.609318 
771 -2.535950 
772 2.286544 
773 2.776969 
774 0.438926 
775 -1.241099 
776 -1.375534 
777 -2.067266 
778 -0.675160 
779 1.722698 
780 -0.566615 
781 -0.664544 
782 1.357142 
783 -2.691283 
784 3.025696 
785 1.619551 
786 -1.089394 
787 0.200634 
788 -0.224422 
789 -1.907799 
790 -1.733142 
791 -0.884033 
792 -0.734744 
793 -0.170179 
794 -1.414866 
795 -2.623729 
796 2.034653 
797 -0.758792 
798 0.846421 
799 -2.201821 
800 1.226541 
801 -1.952540 
802 -2.152785 
803 -0.848063 
804 -0.290181 
805 2.518834 
806 -2.106984 
807 -0.171943 
808 0.459044 
809 1.546116 
810 0.889124 
811 -2.794451 
812 -1.110174 
813 0.582166 
814 2.334992 
815 2.612564 
816 0.274959 
817 -2.754134 
818 -0.141871 
819 1.745741 
820 -1.043190 
821 -2.075230 
822 -0.527004 
823 -1.688926 
824 -2.291457 
825 0.841719 
826 0.120496 
827 -2.073847 
828 -3.098090 
829 0.871336 
830 0.781117 
831 0.814715 
832 -0.757117 
833 -0.825372 
834 -2.804128 
835 -0.421210 
836 1.250064 
837 -0.139786 
838 -1.882905 
839 2.318117 
840 1.436832 
841 1.895954 
842 -1.758905 
843 -1.742074 
844 -3.221230 
845 -0.184799 
846 -0.580332 
847 -0.118905 
848 -0.374898 
849 0.131717 
850 1.765737 
851 -3.016521 
852 -1.331905 
853 -0.676468 
854 -2.628887 
855 -0.341880 
856 -1.465318 
857 -1.381597 
858 0.874155 
859 -1.321026 
860 -1.065430 
861 0.975032 
862 -0.631054 
863 -2.909620 
864 0.527670 
865 -0.725055 
866 1.251577 
867 -2.928056 
868 -0.676517 
869 -0.057149 
870 -2.786101 
871 1.578234 
872 -1.202054 
873 2.570428 
874 -1.219960 
875 -1.713182 
876 0.052273 
877 -0.244567 
878 -2.592276 
879 -1.482033 
880 1.299842 
881 1.028907 
882 -2.249451 
883 -1.512744 
884 -1.184161 
885 -1.995697 
886 -1.523992 
887 1.084440 
888 0.487914 
889 -1.119487 
890 -1.231320 
891 -2.145352 
892 1.644923 
893 -0.773518 
894 -0.261307 
895 -2.654269 
896 -1.630266 
897 -0.863019 
898 -0.257631 
899 -1.966013 
900 0.590196 
901 -2.312276 
902 -0.735735 
903 2.480617 
904 -1.045470 
905 -2.364131 
906 1.215281 
907 1.263512 
908 0.965971 
909 0.137708 
910 0.383145 
911 -3.398611 
912 0.615274 
913 0.752694 
914 -2.851519 
915 1.770232 
916 3.498326 
917 1.077702 
918 2.375610 
919 0.085605 
920 0.228492 
921 -0.914093 
922 0.644790 
923 -3.060756 
924 -0.604904 
925 -3.004905 
926 0.462861 
927 -0.973460 
928 -0.503485 
929 -2.688088 
930 -0.692740 
931 -1.168040 
932 0.632857 
933 -2.933050 
934 0.946299 
935 1.599540 
936 -1.049782 
937 -1.170400 
938 0.370179 
939 3.495381 
940 -1.444668 
941 -0.507183 
942 -0.769153 
943 -2.100331 
944 0.311180 
945 2.041872 
946 -2.117326 
947 1.911883 
948 0.183773 
949 -1.141923 
950 -2.966487 
951 0.361089 
952 2.568478 
953 -2.250212 
954 -0.452356 
955 0.637045 
956 0.859744 
957 -2.472792 
958 -1.073430 
959 -1.372588 
960 0.099417 
961 1.031476 
962 -2.174612 
963 -1.744227 
964 -1.682709 
965 -0.244486 
966 -1.299666 
967 -1.694542 
968 -0.823017 
969 -0.201475 
970 -1.957068 
971 2.593606 
972 -0.175772 
973 -2.147805 
974 -2.017296 
975 -0.062238 
976 1.772371 
977 0.966885 
978 -0.900499 
979 -2.431236 
980 3.114575 
981 3.041003 
982 0.582019 
983 1.129939 
984 -0.263357 
985 0.021684 
986 1.389498 
987 -3.040843 
988 1.027477 
989 -3.363927 
990 -0.544026 
991 0.140468 
992 -0.244988 
993 -0.852231 
994 1.676305 
995 -2.703355 
996 -0.597647 
997 1.500014 
998 -0.038672 
999 -2.786454 
1000 -2.984802 
1001 -0.406588 
1002 -0.144157 
1003 1.000962 
1004 1.320478 
1005 1.006355 
1006 -3.254811 
1007 -0.850108 
1008 -0.990988 
1009 -0.578917 
1010 -2.683303 
1011 -1.056991 
1012 2.125133 
1013 -0.968553 
1014 3.380283 
1015 -0.149175 
1016 -0.154304 
1017 -1.940309 
1018 -2.809878 
1019 0.150960 
1020 -0.432414 
1021 3.086325 
1022 -0.763167 
1023 -1.845955 
1024 -0.963839 
1025 -1.424751 
1026 -2.084945 
1027 -0.790856 
1028 -1.944080 
1029 1.332471 
1030 -1.562192 
1031 1.125240 
1032 1.111509 
1033 -1.586891 
1034 -2.031242 
1035 1.242938 
1036 0.067213 
1037 2.800006 
1038 0.930807 
1039 2.747291 
1040 -0.049394 
1041 1.454115 
1042 -2.433444 
1043 2.144896 
1044 0.997946 
1045 -1.289630 
1046 -0.100087 
1047 -2.664032 
1048 -0.589779 
1049 0.212417 
1050 1.466847 
1051 -1.833542 
1052 -2.770700 
1053 0.556982 
1054 -1.359765 
1055 -0.006297 
1056 -1.408102 
1057 -0.145221 
1058 1.937808 
1059 -1.907206 
1060 2.774153 
1061 1.498506 
1062 -0.350074 
1063 0.362145 
1064 0.920647 
1065 -1.597784 
1066 -2.156407 
1067 1.397493 
1068 -1.632831 
1069 1.453146 
1070 2.678926 
1071 0.801101 
1072 -1.626275 
1073 -0.909732 
1074 2.839509 
1075 0.866305 
1076 1.546872 
1077 -1.685821 
1078 2.116753 
1079 1.331309 
1080 -0.985487 
1081 -1.712102 
1082 -1.911574 
1083 -0.177516 
1084 -2.300873 
1085 1.631678 
1086 -0.666256 
1087 1.117493 
1088 -0.336339 
1089 -1.572876 
1090 2.149414 
1091 -2.015183 
1092 -1.278775 
1093 -1.339970 
1094 0.562088 
1095 -2.622248 
1096 -0.822120 
1097 -2.985120 
1098 -0.155392 
1099 1.468073 
1100 -1.561026 
1101 -2.208425 
1102 -0.575305 
1103 -0.538900 
1104 -1.761637 
1105 0.887338 
1106 1.431905 
1107 2.635341 
1108 -2.006149 
1109 -0.823496 
1110 -1.718747 
1111 -0.444018 
1112 1.478596 
1113 -0.331740 
1114 -1.032822 
1115 -2.458893 
1116 -3.104663 
1117 0.134200 
1118 1.843747 
1119 0.056200 
1120 -2.657947 
1121 0.656459 
1122 -0.812991 
1123 -1.277380 
1124 -1.784136 
1125 -0.382608 
1126 -0.413476 
1127 -2.128680 
1128 2.065245 
1129 3.054170 
1130 1.321241 
1131 -1.111022 
1132 -2.048361 
1133 -0.180240 
1134 -0.476326 
1135 -1.997920 
1136 1.484567 
1137 0.758517 
1138 2.099291 
1139 2.805612 
1140 0.144462 
1141 -1.853801 
1142 -2.398851 
1143 0.925394 
1144 -0.484880 
1145 0.053613 
1146 1.535778 
1147 -2.776819 
1148 1.623363 
1149 0.960648 
1150 -2.602939 
1151 1.738564 
1152 -1.473760 
1153 -1.127966 
1154 0.309715 
1155 -2.329256 
1156 1.029425 
1157 -0.699912 
1158 -2.956526 
1159 1.028640 
1160 2.711600 
1161 0.744989 
1162 2.374893 
1163 -1.354229 
1164 0.232832 
1165 -1.569302 
1166 -2.429180 
1167 0.805663 
1168 -0.494636 
1169 1.975768 
1170 -2.532544 
1171 1.308213 
1172 1.916655 
1173 -1.214233 
1174 -1.296359 
1175 -1.546941 
1176 -0.338169 
1177 1.539931 
1178 -1.139412 
1179 -2.529297 
1180 -1.830264 
1181 -1.439851 
1182 0.321106 
1183 -1.591636 
1184 -2.455743 
1185 1.763129 
1186 0.435343 
1187 -0.926588 
1188 -1.864191 
1189 -0.443808 
1190 0.202095 
1191 -1.972802 
1192 0.443396 
1193 -2.517243 
1194 -1.174884 
1195 -1.015770 
1196 -2.024659 
1197 0.829481 
1198 -1.845151 
1199 0.215260 
1200 -2.105833 
1201 0.658407 
1202 0.123869 
1203 -1.934255 
1204 -1.648233 
1205 2.076038 
1206 -1.729760 
1207 -0.321808 
1208 -1.492835 
1209 1.805070 
1210 -1.352877 
1211 -1.256319 
1212 -0.051593 
1213 0.557794 
1214 -2.897080 
1215 -0.180467 
1216 1.901547 
1217 -1.847620 
1218 -1.166931 
1219 1.682785 
1220 -1.205243 
1221 2.649664 
1222 2.260615 
1223 -0.586380 
1224 -1.464570 
1225 -0.417829 
1226 1.195104 
1227 -2.468115 
1228 -1.536253 
1229 0.253923 
1230 -0.566800 
1231 -2.328186 
1232 -2.661212 
1233 1.544086 
1234 0.595994 
1235 1.109994 
1236 -1.586487 
1237 2.227012 
1238 -0.731111 
1239 -1.256074 
1240 -1.832318 
1241 -1.855007 
1242 -0.296538 
1243 -0.675101 
1244 -2.557770 
1245 -0.825856 
1246 0.495543 
1247 -1.336227 
1248 -1.022944 
1249 -2.211656 
1250 1.594846 
1251 1.648223 
1252 -1.833022 
1253 -2.303439 
1254 -0.247461 
1255 -0.673150 
1256 -1.909798 
1257 1.149621 
1258 -1.377689 
1259 1.340675 
1260 -1.517461 
1261 -0.657193 
1262 2.326393 
1263 -1.030755 
1264 -1.694894 
1265 1.369959 
1266 0.714603 
1267 -1.670205 
1268 2.532428 
1269 -0.091915 
1270 -2.381939 
1271 0.125890 
1272 -0.353158 
1273 -2.748615 
1274 1.184066 
1275 -0.997884 
1276 -1.233295 
1277 1.555363 
1278 -0.929679 
1279 -2.061779 
1280 2.541192 
1281 2.448327 
1282 -1.070639 
1283 -0.350410 
1284 0.347760 
1285 -2.004163 
1286 -1.243378 
1287 -1.513934 
1288 -1.973491 
1289 -0.188825 
1290 -0.250416 
1291 -2.209878 
1292 -1.438901 
1293 -1.117384 
1294 -1.548552 
1295 1.431516 
1296 -2.265328 
1297 -0.555508 
1298 -0.336200 
1299 -1.823290 
1300 1.253887 
1301 -0.630234 
1302 3.797156 
1303 0.216940 
1304 1.525895 
1305 0.349872 
1306 0.341498 
1307 -2.877137 
1308 -2.858217 
1309 0.567883 
1310 0.757618 
1311 -1.287381 
1312 0.270128 
1313 0.023976 
1314 -2.156425 
1315 -1.901061 
1316 -1.215757 
1317 -2.556549 
1318 0.269220 
1319 1.786577 
1320 -1.684523 
1321 -1.870041 
1322 -1.051144 
1323 0.211287 
1324 -1.379175 
1325 -1.813445 
1326 -2.086609 
1327 -0.587808 
1328 0.766123 
1329 2.310461 
1330 1.502745 
1331 -1.591053 
1332 -1.543733 
1333 -2.306559 
1334 0.942123 
1335 -1.291336 
1336 -0.024626 
1337 -0.549206 
1338 1.851394 
1339 -2.513997 
1340 0.197368 
1341 1.997193 
1342 -1.082684 
1343 -2.205520 
1344 1.066120 
1345 0.267832 
1346 1.209664 
1347 -2.915068 
1348 -1.604920 
1349 -0.638583 
1350 -1.668188 
1351 -1.346288 
1352 -3.058881 
1353 0.497201 
1354 -0.854275 
1355 0.953700 
1356 -1.087872 
1357 -3.094036 
1358 1.098727 
1359 -0.434308 
1360 -2.058477 
1361 0.135303 
1362 1.575666 
1363 -2.016523 
1364 -0.174428 
1365 -1.555053 
1366 -2.209725 
1367 1.763265 
1368 2.162118 
1369 0.181406 
1370 -0.788099 
1371 -2.095478 
1372 -0.942280 
1373 0.411597 
1374 -0.803259 
1375 -2.961712 
1376 1.920113 
1377 -2.109469 
1378 -1.407017 
1379 -0.671903 
1380 -1.033127 
1381 -0.918939 
1382 -1.456515 
1383 -1.547708 
1384 0.358984 
1385 -0.505532 
1386 0.313245 
1387 -3.376768 
1388 -1.253384 
1389 -0.019801 
1390 2.332296 
1391 3.109927 
1392 -2.785652 
1393 -0.704126 
1394 0.909143 
1395 -1.084889 
1396 -3.047761 
1397 -0.706055 
1398 -0.419022 
1399 0.676536 
1400 -1.416956 
1401 -0.204731 
1402 0.929937 
1403 -2.670331 
1404 -0.924955 
1405 -1.279112 
1406 -2.496286 
1407 -1.115685 
1408 -0.195115 
1409 -3.437163 
1410 -0.443241 
1411 -0.082770 
1412 -0.776491 
1413 -1.892770 
1414 1.781011 
1415 -1.405048 
1416 0.078722 
1417 1.865191 
1418 -2.489531 
1419 1.463558 
1420 1.448536 
1421 -2.475624 
1422 2.662315 
1423 0.774871 
1424 0.407180 
1425 -2.190036 
1426 2.401849 
1427 2.529565 
1428 -1.081029 
1429 2.982420 
1430 -1.792212 
1431 0.951905 
1432 -2.978035 
1433 -0.252117 
1434 1.166851 
1435 -0.408449 
1436 -0.797851 
1437 -2.877220 
1438 0.385180 
1439 1.558827 
1440 1.579162 
1441 1.208970 
1442 -2.063351 
1443 1.811737 
1444 -0.845448 
1445 1.684868 
1446 -2.616774 
1447 -0.202899 
1448 -1.507260 
1449 0.879616 
1450 -2.031112 
1451 2.281502 
1452 1.130040 
1453 -2.279808 
1454 -1.431619 
1455 -0.345244 
1456 -0.953811 
1457 -2.982367 
1458 0.057746 
1459 -0.723802 
1460 0.575098 
1461 -1.144707 
1462 -3.095039 
1463 0.484809 
1464 3.857759 
1465 -0.967287 
1466 1.103658 
1467 -0.405331 
1468 -0.395443 
1469 -2.074456 
1470 -0.463681 
1471 -1.845796 
1472 -0.110438 
1473 -2.981966 
1474 -0.279770 
1475 -1.241189 
1476 0.324392 
1477 -0.930665 
1478 -1.620311 
1479 2.097077 
1480 1.465517 
1481 -2.752252 
1482 1.607208 
1483 1.277998 
1484 0.624502 
1485 -1.680065 
1486 -0.252944 
1487 -2.344956 
1488 -1.945870 
1489 2.436793 
1490 -1.743404 
1491 1.136099 
1492 -1.267488 
1493 -1.301923 
1494 0.741644 
1495 -2.552439 
1496 1.137735 
1497 0.734695 
1498 2.265916 
1499 -2.449597 
1500 0.750091 
1501 0.938590 
1502 -3.226741 
1503 1.702934 
1504 0.135123 
1505 1.844895 
1506 1.871175 
1507 -2.000732 
1508 -2.569138 
1509 0.825473 
1510 -1.054675 
1511 0.932031 
1512 -1.747669 
1513 0.485598 
1514 -2.242982 
1515 0.798073 
1516 2.843110 
1517 1.148800 
1518 -1.898331 
1519 1.811416 
1520 1.226860 
1521 0.394103 
1522 -0.272498 
1523 -3.341474 
1524 0.259793 
1525 1.692714 
1526 -1.870780 
1527 1.947409 
1528 -2.789037 
1529 1.624390 
1530 1.000051 
1531 -0.003726 
1532 -0.164243 
1533 -1.598288 
1534 0.160529 
1535 -2.517382 
1536 1.306777 
1537 -2.594931 
1538 1.357113 
1539 -0.754848 
1540 1.337848 
1541 0.459592 
1542 3.021272 
1543 -1.459203 
1544 -2.605676 
1545 -0.802774 
1546 1.316797 
1547 -0.723460 
1548 0.703476 
1549 1.632913 
1550 1.779962 
1551 -2.452538 
1552 -1.559503 
1553 -1.418574 
1554 -1.498550 
1555 -0.123989 
1556 -2.466543 
1557 -1.021334 
1558 0.664292 
1559 1.600431 
1560 -1.621557 
1561 -0.966465 
1562 2.515256 
1563 -1.248526 
1564 0.196393 
1565 0.018750 
1566 -2.832080 
1567 -1.368495 
1568 2.646018 
1569 -0.495526 
1570 0.186855 
1571 -2.068442 
1572 0.332509 
1573 -0.873855 
1574 1.452531 
1575 -2.737596 
1576 -0.907880 
1577 0.531987 
1578 0.119784 
1579 2.945510 
1580 -1.400377 
1581 -1.494468 
1582 1.486618 
1583 -1.922046 
1584 1.305916 
1585 -1.290392 
1586 -2.426614 
1587 -0.594278 
1588 1.435823 
1589 0.929207 
1590 -2.281807 
1591 1.815007 
1592 -1.349882 
1593 -2.005774 
1594 -0.793549 
1595 -1.137478 
1596 -0.630295 
1597 -1.758615 
1598 -2.137559 
1599 0.104290 
1600 -1.965802 
1601 0.615246 
1602 0.375088 
1603 -2.246377 
1604 -1.548543 
1605 -2.257966 
1606 -0.865342 
1607 -0.477195 
1608 0.487809 
1609 -1.698217 
1610 1.557192 
1611 -1.962111 
1612 1.523073 
1613 -0.793572 
1614 -2.515306 
1615 -0.587937 
1616 -0.833894 
1617 -1.557748 
1618 -1.541464 
1619 -1.299685 
1620 -0.984406 
1621 -0.522214 
1622 -0.639272 
1623 -2.788439 
1624 -2.148697 
1625 2.930461 
1626 -0.471141 
1627 0.002157 
1628 3.088392 
1629 -1.483763 
1630 0.480498 
1631 0.602046 
1632 -0.328017 
1633 -1.061271 
1634 -0.211322 
1635 3.388131 
1636 0.182197 
1637 -2.644161 
1638 0.920534 
1639 -1.182220 
1640 -0.466623 
1641 -1.239876 
1642 -2.436760 
1643 -1.626386 
1644 3.712817 
1645 1.552029 
1646 -0.686279 
1647 -0.769517 
1648 -2.622502 
1649 0.585222 
1650 -1.043396 
1651 1.420138 
1652 -1.882661 
1653 -1.852336 
1654 0.648755 
1655 -1.089778 
1656 -1.324294 
1657 -2.553086 
1658 -0.544437 
1659 1.053676 
1660 -0.652798 
1661 1.449502 
1662 -1.753901 
1663 -1.816624 
1664 -0.080409 
1665 -0.719356 
1666 -1.822900 
1667 -2.001954 
1668 2.714144 
1669 -0.688481 
1670 2.597838 
1671 -0.643574 
1672 1.913406 
1673 -2.278275 
1674 1.405391 
1675 -1.560379 
1676 -0.057610 
1677 -0.202176 
1678 1.359291 
1679 -2.939339 
1680 0.255355 
1681 -0.641691 
1682 2.280119 
1683 -1.894730 
1684 -0.964288 
1685 -0.389504 
1686 -1.427276 
1687 -2.432636 
1688 2.498822 
1689 -1.060616 
1690 2.322004 
1691 -1.122838 
1692 -2.032170 
1693 -0.742372 
1694 -0.409158 
1695 -1.538061 
1696 -1.364179 
1697 -2.419344 
1698 -0.216840 
1699 1.159091 
1700 -2.807570 
1701 -0.135204 
1702 2.010096 
1703 -0.187058 
1704 1.134821 
1705 -0.472781 
1706 -2.924343 
1707 0.495646 
1708 2.193984 
1709 1.064853 
1710 -0.345177 
1711 -1.691170 
1712 -2.366411 
1713 -1.038692 
1714 0.226659 
1715 -1.207758 
1716 2.663478 
1717 -2.142848 
1718 0.480953 
1719 -0.758811 
1720 -1.028296 
1721 -1.171006 
1722 -1.172702 
1723 -1.581170 
1724 -0.036016 
1725 1.947181 
1726 -2.402119 
1727 -0.965416 
1728 1.662502 
1729 1.526630 
1730 -1.449324 
1731 2.037686 
1732 -1.473048 
1733 -0.073393 
1734 -2.261038 
1735 1.083700 
1736 -1.249266 
1737 -2.212182 
1738 1.836118 
1739 0.949620 
1740 -3.037723 
1741 1.606562 
1742 -0.391140 
1743 -0.422681 
1744 0.260481 
1745 -3.225397 
1746 0.302222 
1747 1.269382 
1748 -2.388144 
1749 1.786471 
1750 -1.769673 
1751 0.236424 
1752 -2.055774 
1753 0.201451 
1754 1.391372 
1755 0.827702 
1756 0.952903 
1757 -0.749409 
1758 -1.706772 
1759 -1.530488 
1760 -2.606088 
1761 0.123883 
1762 1.443089 
1763 -1.302496 
1764 -0.281081 
1765 -2.041175 
1766 0.875593 
1767 2.628761 
1768 -1.648953 
1769 -2.080294 
1770 -1.614167 
1771 0.709973 
1772 -0.036753 
1773 1.656904 
1774 -2.749902 
1775 1.097273 
1776 1.327831 
1777 1.076002 
1778 -1.650674 
1779 -2.741342 
1780 1.723362 
1781 -0.883958 
1782 -2.672420 
1783 1.117631 
1784 1.374233 
1785 3.298826 
1786 0.849935 
1787 2.016654 
1788 1.293172 
1789 3.061618 
1790 1.358740 
1791 0.484677 
1792 -2.124086 
1793 0.962271 
1794 0.031806 
1795 -1.761455 
1796 -1.209230 
1797 0.769221 
1798 -2.805523 
1799 0.065862 
1800 1.267499 
1801 -1.911867 
1802 -1.760915 
1803 -0.378468 
1804 2.805489 
1805 -0.674244 
1806 -0.379262 
1807 -1.405190 
1808 -1.916332 
1809 1.445882 
1810 -0.677772 
1811 1.062396 
1812 -3.002235 
1813 0.429769 
1814 0.564616 
1815 -1.077952 
1816 -0.221306 
1817 -2.201060 
1818 -1.503364 
1819 1.776876 
1820 -2.103164 
1821 -1.772314 
1822 -0.129121 
1823 -0.655600 
1824 -0.541018 
1825 -1.321039 
1826 1.969200 
1827 -2.043434 
1828 1.934232 
1829 -1.598019 
1830 -0.510331 
1831 -1.713391 
1832 1.632225 
1833 -2.378673 
1834 -0.682340 
1835 -0.750919 
1836 -0.409011 
1837 1.159366 
1838 -0.437249 
1839 -2.890412 
1840 2.916393 
1841 0.990725 
1842 -1.555900 
1843 0.147646 
1844 -0.845370 
1845 1.527931 
1846 0.530879 
1847 -2.651591 
1848 -1.938553 
1849 1.689803 
1850 1.810664 
1851 1.373110 
1852 3.382625 
1853 0.061412 
1854 0.558026 
1855 1.355526 
1856 -1.219336 
1857 2.107252 
1858 1.672016 
1859 -1.647613 
1860 0.957305 
1861 0.889956 
1862 -1.934829 
1863 -1.802520 
1864 -0.672970 
1865 0.227804 
1866 -3.002032 
1867 0.993118 
1868 -0.296796 
1869 -0.843743 
1870 -0.648030 
1871 -2.652355 
1872 2.090006 
1873 -0.814544 
1874 -2.021667 
1875 2.173005 
1876 -2.147695 
1877 0.647401 
1878 1.872280 
1879 1.859876 
1880 0.778800 
1881 -1.900883 
1882 -1.127295 
1883 2.267972 
1884 -0.758223 
1885 -2.400265 
1886 0.979405 
1887 -1.686942 
1888 1.171655 
1889 1.346706 
1890 -1.862161 
1891 -1.458447 
1892 0.381610 
1893 -3.101611 
1894 0.483978 
1895 -0.730988 
1896 1.415554 
1897 -1.155158 
1898 1.307247 
1899 -2.305422 
1900 0.268040 
1901 -1.474598 
1902 -0.918735 
1903 -2.509085 
1904 1.504888 
1905 1.739802 
1906 -2.159752 
1907 -0.301289 
1908 -0.736261 
1909 0.994993 
1910 -1.696262 
1911 -2.229529 
1912 1.439133 
1913 -1.615754 
1914 -0.025371 
1915 -2.334372 
1916 -1.775226 
1917 -1.130510 
1918 2.049633 
1919 1.040989 
1920 0.479124 
1921 -1.849595 
1922 2.046381 
1923 -2.133334 
1924 -1.421362 
1925 0.804180 
1926 3.298043 
1927 1.804603 
1928 0.423196 
1929 -0.490644 
1930 -1.178891 
1931 -2.841638 
1932 0.969574 
1933 0.792285 
1934 -1.832126 
1935 -2.046261 
1936 1.093520 
1937 1.462189 
1938 -1.551084 
1939 -1.822608 
1940 1.907163 
1941 0.855500 
1942 3.450258 
1943 -0.651594 
1944 -2.409342 
1945 1.798021 
1946 1.087321 
1947 0.865287 
1948 -2.560661 
1949 -1.661026 
1950 0.330174 
1951 0.132122 
1952 0.887546 
1953 -2.568728 
1954 1.517952 
1955 1.477070 
1956 -2.993740 
1957 -0.129860 
1958 -0.225837 
1959 -1.113655 
1960 -2.019803 
1961 2.827758 
1962 1.018903 
1963 -0.818748 
1964 -2.291026 
1965 -1.224836 
1966 -0.296610 
1967 -0.930135 
1968 -0.064231 
1969 0.621028 
1970 1.279596 
1971 -3.004089 
1972 -1.059292 
1973 -2.893050 
1974 1.023300 
1975 -0.138077 
1976 0.159774 
1977 0.904068 
1978 0.080612 
1979 -3.275184 
1980 0.197040 
1981 0.754634 
1982 -2.472830 
1983 2.060483 
1984 -0.311685 
1985 1.561890 
1986 -2.929466 
1987 -0.202070 
1988 -1.172237 
1989 -2.118876 
1990 2.581561 
1991 -0.765303 
1992 1.763714 
1993 2.806633 
1994 0.503547 
1995 -2.356408 
1996 -0.391431 
1997 -0.439157 
1998 -3.501305 
1999 1.430118 
2000 -0.704510 
2001 -0.557497 
2002 -1.855370 
2003 -1.793665 
2004 -0.069355 
2005 -1.468764 
2006 -1.282831 
2007 -1.914156 
2008 0.720462 
2009 0.190079 
2010 -3.241098 
2011 1.698585 
2012 -3.262161 
2013 0.223071 
2014 -0.025432 
2015 1.178852 
2016 0.663160 
2017 -0.301392 
2018 0.870281 
2019 -3.452081 
2020 -0.367839 
2021 -3.150530 
2022 0.020360 
2023 -0.884089 
2024 1.152512 
2025 1.006952 
2026 1.181467 
2027 -2.960870 
2028 -0.348926 
2029 -2.720562 
2030 -1.185097 
2031 -0.694535 
2032 2.054558 
2033 1.434614 
2034 1.237560 
2035 -2.835343 
2036 -1.177435 
2037 -0.917888 
2038 0.879164 
2039 -2.674079 
2040 0.995077 
2041 -1.051161 
2042 -2.276327 
2043 1.628511 
2044 -0.015804 
2045 -3.342752 
2046 0.067825 
2047 1.187018 
2048 -1.181426 
2049 -0.074000 
2050 1.845291 
2051 2.960891 
2052 -0.799636 
2053 -1.958652 
2054 -1.849626 
2055 0.764658 
2056 0.607563 
2057 0.675333 
2058 -1.232235 
2059 -2.359956 
2060 -0.728568 
2061 -0.078522 
2062 -2.359794 
2063 -1.699325 
2064 -0.313648 
2065 -2.664570 
2066 -0.194093 
2067 1.489588 
2068 1.857323 
2069 3.011098 
2070 0.593820 
2071 -0.385534 
2072 -0.229277 
2073 0.291926 
2074 -2.178177 
2075 -1.710668 
2076 -0.551395 
2077 1.487865 
2078 -1.985294 
2079 -1.622727 
2080 -0.695262 
2081 -2.273276 
2082 0.874539 
2083 -1.614749 
2084 -1.775959 
2085 2.600912 
2086 -0.570139 
2087 0.046745 
2088 -0.742191 
2089 -0.379788 
2090 -0.238425 
2091 2.676746 
2092 -1.789690 
2093 1.795883 
2094 -1.152876 
2095 1.636823 
2096 -1.501902 
2097 -1.517976 
2098 2.127659 
2099 -1.183648 
2100 -2.049618 
2101 0.646335 
2102 1.299849 
2103 -1.745811 
2104 2.014750 
2105 0.633576 
2106 -1.478970 
2107 -2.214478 
2108 -1.820681 
2109 -1.145467 
2110 2.362315 
2111 -0.270820 
2112 1.057414 
2113 0.288635 
2114 2.093416 
2115 -2.336382 
2116 -1.716204 
2117 -1.821321 
2118 0.411642 
2119 1.652195 
2120 -2.545657 
2121 1.597806 
2122 0.393756 
2123 -1.009423 
2124 -2.149047 
2125 -0.007331 
2126 -2.137305 
2127 1.431703 
2128 0.489970 
2129 2.516162 
2130 -1.104929 
2131 -2.094700 
2132 -1.476866 
2133 -2.013159 
2134 1.768435 
2135 1.331132 
2136 1.454167 
2137 -1.277978 
2138 -2.317951 
2139 1.282008 
2140 -0.731939 
2141 -0.872282 
2142 1.687859 
2143 -2.180757 
2144 -2.101874 
2145 -0.002048 
2146 -1.954336 
2147 1.617565 
2148 -0.550025 
2149 2.441656 
2150 1.628795 
2151 2.360231 
2152 0.095987 
2153 -2.048672 
2154 -1.840846 
2155 0.477715 
2156 -2.298517 
2157 1.249321 
2158 0.863002 
2159 -1.513640 
2160 -1.188979 
2161 3.183888 
2162 0.263931 
2163 -1.096358 
2164 -0.622800 
2165 -1.467372 
2166 -2.083826 
2167 -1.180437 
2168 -0.255921 
2169 3.005673 
2170 0.204015 
2171 2.281184 
2172 1.837282 
2173 -0.678693 
2174 -2.131152 
2175 -0.733294 
2176 -0.982551 
2177 1.821074 
2178 1.628321 
2179 -2.066374 
2180 2.840536 
2181 0.717422 
2182 -1.278440 
2183 -0.837709 
2184 -1.061527 
2185 2.531042 
2186 1.092005 
2187 1.290396 
2188 -0.526870 
2189 -2.821309 
2190 1.188899 
2191 0.379120 
2192 0.781339 
2193 -1.289283 
2194 -1.002369 
2195 3.131333 
2196 -0.691480 
2197 -1.970534 
2198 -0.382666 
2199 -2.172597 
2200 -2.657084 
2201 0.505883 
2202 -0.167101 
2203 -1.555411 
2204 1.811294 
2205 1.424414 
2206 -1.767571 
2207 1.721866 
2208 -1.648835 
2209 -0.599130 
2210 -1.498266 
2211 -1.701191 
2212 1.931690 
2213 -1.754289 
2214 -0.783337 
2215 -1.868426 
2216 1.880067 
2217 0.208324 
2218 -1.190109 
2219 -1.834597 
2220 2.880127 
2221 0.986928 
2222 -1.278410 
2223 1.231995 
2224 2.030830 
2225 -0.455412 
2226 -1.269920 
2227 2.493594 
2228 1.627449 
2229 0.451587 
2230 0.651159 
2231 -2.682120 
2232 -0.930808 
2233 1.340792 
2234 -1.802377 
2235 2.349388 
2236 2.853681 
2237 0.950486 
2238 1.000222 
2239 -1.743726 
2240 -2.082493 
2241 0.340626 
2242 -1.151023 
2243 1.978681 
2244 -1.853474 
2245 1.019470 
2246 1.457226 
2247 -2.066207 
2248 1.497515 
2249 0.477554 
2250 -1.666010 
2251 -2.502752 
2252 -0.379443 
2253 0.384156 
2254 -2.348113 
2255 2.054074 
2256 1.174962 
2257 -2.621064 
2258 -0.176210 
2259 1.469816 
2260 -0.513708 
2261 1.898647 
2262 2.437036 
2263 2.311183 
2264 2.826311 
2265 -0.378306 
2266 2.303795 
2267 0.183790 
2268 2.864948 
2269 -1.701630 
2270 1.209102 
2271 0.586786 
2272 -1.174408 
2273 -0.317340 
2274 -2.304053 
2275 2.041470 
2276 -1.088549 
2277 1.356543 
2278 1.857048 
2279 -2.068899 
2280 1.201636 
2281 2.848819 
2282 -1.436720 
2283 -0.648840 
2284 -2.373353 
2285 -1.335767 
2286 0.892707 
2287 1.379043 
2288 -2.091724 
2289 2.033185 
2290 -0.798534 
2291 0.979371 
2292 -0.661571 
2293 -0.630400 
2294 -1.618641 
2295 -1.926343 
2296 -0.047888 
2297 -0.946890 
2298 -2.829140 
2299 -0.245583 
2300 -0.840883 
2301 -0.804506 
2302 -1.343271 
2303 -2.276721 
2304 -2.149441 
2305 0.641235 
2306 -0.135118 
2307 0.468984 
2308 -2.004411 
2309 0.874073 
2310 -1.968701 
2311 -0.538672 
2312 2.181382 
2313 -2.124376 
