1446 1
0 0.410354 
1 0.051767 
2 -0.187389 
3 -0.183768 
4 -0.433909 
5 0.228580 
6 0.089518 
7 0.162997 
8 -0.021007 
9 -0.152101 
10 -0.499857 
11 -0.236498 
12 0.022539 
13 0.228580 
14 0.051767 
15 -0.068675 
16 0.147299 
17 -0.090067 
18 0.348848 
19 -0.152101 
20 -0.085064 
21 0.197594 
22 -0.152101 
23 -0.043683 
24 -0.236498 
25 0.241664 
26 -0.012347 
27 -0.028410 
28 -0.135566 
29 0.389087 
30 0.244069 
31 -0.273500 
32 -0.135566 
33 -0.173103 
34 -0.244010 
35 -0.472384 
36 -0.146598 
37 0.225189 
38 0.222849 
39 0.147600 
40 -0.014601 
41 0.051767 
42 0.051767 
43 0.097675 
44 -0.194455 
45 0.045033 
46 0.340652 
47 -0.171093 
48 0.222849 
49 -0.421267 
50 -0.098075 
51 0.222849 
52 -0.021808 
53 0.290518 
54 -0.028199 
55 0.064155 
56 0.228580 
57 -0.194455 
58 -0.098075 
59 0.209255 
60 -0.173216 
61 0.340340 
62 -0.158274 
63 -0.135566 
64 0.147299 
65 0.244069 
66 -0.187389 
67 0.327985 
68 -0.098075 
69 0.147299 
70 0.340665 
71 -0.473709 
72 0.158041 
73 0.464066 
74 0.205618 
75 0.064155 
76 -0.070877 
77 -0.236498 
78 -0.045579 
79 -0.473709 
80 0.209255 
81 -0.085644 
82 0.291640 
83 0.205618 
84 -0.473709 
85 0.064155 
86 0.205618 
87 -0.127823 
88 0.393171 
89 -0.085064 
90 0.410354 
91 0.222849 
92 0.242906 
93 -0.194455 
94 0.158041 
95 0.242906 
96 -0.085064 
97 0.292016 
98 -0.144376 
99 -0.254475 
100 0.408886 
101 -0.044552 
102 -0.263663 
103 -0.164322 
104 0.384891 
105 0.045033 
106 0.045033 
107 -0.232467 
108 0.490423 
109 0.209255 
110 0.151914 
111 0.327985 
112 -0.146598 
113 0.464066 
114 -0.084967 
115 -0.230333 
116 0.340665 
117 -0.187389 
118 0.307993 
119 0.194825 
120 -0.389695 
121 0.242906 
122 0.158041 
123 -0.171093 
124 0.340652 
125 0.453532 
126 -0.498200 
127 0.393171 
128 0.340340 
129 0.488987 
130 -0.250274 
131 -0.071865 
132 0.228580 
133 -0.232467 
134 -0.232467 
135 -0.188574 
136 -0.498844 
137 -0.405957 
138 -0.219175 
139 -0.187389 
140 -0.430799 
141 0.464066 
142 0.211979 
143 -0.173216 
144 0.244069 
145 -0.158274 
146 0.338791 
147 0.147600 
148 -0.481562 
149 0.332808 
150 -0.209197 
151 0.453532 
152 0.490423 
153 -0.187695 
154 0.085779 
155 -0.226804 
156 -0.369698 
157 0.242906 
158 0.373341 
159 -0.271431 
160 0.429117 
161 -0.188574 
162 -0.085843 
163 0.393171 
164 -0.188574 
165 0.348848 
166 -0.481562 
167 0.215470 
168 0.464066 
169 -0.127823 
170 0.424301 
171 0.384358 
172 -0.473709 
173 0.327985 
174 -0.230333 
175 0.119635 
176 -0.085644 
177 0.489385 
178 0.292016 
179 0.340665 
180 0.173214 
181 -0.158274 
182 0.089518 
183 -0.085644 
184 0.408886 
185 0.453532 
186 0.340665 
187 0.453532 
188 0.429117 
189 0.410354 
190 -0.004067 
191 -0.085064 
192 -0.232467 
193 0.408886 
194 0.272178 
195 -0.226804 
196 -0.127823 
197 0.348848 
198 -0.084967 
199 0.054606 
200 -0.498844 
201 0.117024 
202 -0.381244 
203 -0.230333 
204 0.292016 
205 0.424301 
206 0.164335 
207 -0.090067 
208 0.225189 
209 0.119635 
210 0.405445 
211 -0.315083 
212 0.211979 
213 0.431410 
214 -0.085644 
215 -0.050363 
216 -0.038254 
217 0.429117 
218 -0.021808 
219 0.215470 
220 0.411690 
221 0.327985 
222 0.164335 
223 -0.188574 
224 0.358324 
225 0.217378 
226 0.290518 
227 0.194825 
228 -0.183768 
229 -0.084967 
230 -0.056278 
231 0.424301 
232 -0.085843 
233 -0.250274 
234 0.197594 
235 -0.071865 
236 0.290518 
237 -0.304650 
238 -0.485794 
239 -0.250274 
240 -0.043683 
241 0.389087 
242 -0.148215 
243 0.373341 
244 0.340340 
245 0.089518 
246 -0.034734 
247 -0.296591 
248 -0.096521 
249 0.338791 
250 -0.233036 
251 -0.456661 
252 -0.250274 
253 0.194825 
254 0.367072 
255 0.205618 
256 0.228580 
257 0.334178 
258 0.097675 
259 0.448567 
260 0.340652 
261 0.164335 
262 0.245823 
263 -0.389695 
264 0.489385 
265 0.208578 
266 -0.232467 
267 -0.433909 
268 -0.498844 
269 -0.498844 
270 0.164596 
271 -0.057919 
272 -0.370598 
273 0.225189 
274 0.180288 
275 0.408886 
276 -0.071865 
277 -0.389695 
278 -0.053745 
279 -0.099547 
280 0.290518 
281 -0.250274 
282 -0.004067 
283 -0.144376 
284 0.428796 
285 0.208578 
286 -0.146598 
287 0.469908 
288 0.215470 
289 -0.090067 
290 0.147600 
291 -0.035984 
292 -0.296157 
293 0.439975 
294 0.117024 
295 -0.158274 
296 0.358324 
297 0.164335 
298 -0.021808 
299 -0.044552 
300 -0.156602 
301 -0.187695 
302 0.117024 
303 -0.099547 
304 0.358324 
305 -0.456661 
306 -0.468076 
307 -0.021007 
308 -0.004067 
309 -0.035984 
310 -0.068675 
311 -0.044552 
312 -0.232467 
313 0.194825 
314 0.340665 
315 -0.468076 
316 0.242906 
317 -0.090067 
318 -0.296157 
319 0.348848 
320 0.180288 
321 -0.090067 
322 -0.296157 
323 0.358324 
324 0.166424 
325 -0.012347 
326 -0.160259 
327 -0.004067 
328 0.484760 
329 -0.085644 
330 0.304748 
331 -0.369698 
332 -0.433631 
333 0.428796 
334 -0.192101 
335 0.410354 
336 -0.472384 
337 0.007924 
338 0.340340 
339 0.038760 
340 0.360098 
341 0.022539 
342 0.222849 
343 -0.361434 
344 0.089518 
345 -0.028199 
346 0.389087 
347 0.290518 
348 -0.199183 
349 0.197594 
350 0.338791 
351 0.064155 
352 0.045033 
353 -0.028199 
354 0.065028 
355 0.103781 
356 0.147600 
357 -0.099547 
358 0.292016 
359 0.389087 
360 -0.446576 
361 0.208578 
362 0.154895 
363 -0.028199 
364 -0.389935 
365 -0.481562 
366 -0.006877 
367 -0.099547 
368 -0.146598 
369 -0.370598 
370 0.205618 
371 0.097675 
372 -0.037750 
373 0.348848 
374 -0.171093 
375 0.205618 
376 0.180288 
377 -0.183768 
378 -0.012347 
379 -0.037750 
380 0.348848 
381 -0.244010 
382 0.038760 
383 0.338791 
384 0.373341 
385 0.164596 
386 0.211979 
387 -0.456661 
388 0.180288 
389 -0.296157 
390 0.164335 
391 0.038760 
392 0.348848 
393 0.045033 
394 0.030135 
395 0.340652 
396 -0.012347 
397 -0.430799 
398 -0.122082 
399 0.194616 
400 0.154895 
401 -0.296157 
402 -0.296157 
403 0.113028 
404 -0.472384 
405 0.194825 
406 -0.192101 
407 -0.188574 
408 -0.085843 
409 -0.187389 
410 -0.173216 
411 -0.070077 
412 -0.096521 
413 -0.188574 
414 -0.315083 
415 0.351088 
416 -0.472384 
417 -0.157273 
418 0.439975 
419 0.240915 
420 0.162997 
421 -0.199183 
422 -0.370598 
423 0.290518 
424 0.351088 
425 -0.146598 
426 -0.254475 
427 -0.099547 
428 -0.152101 
429 0.194825 
430 0.103781 
431 -0.122082 
432 0.338791 
433 -0.021808 
434 0.348848 
435 -0.288880 
436 -0.254475 
437 -0.022033 
438 -0.188574 
439 -0.049737 
440 -0.208025 
441 -0.465898 
442 -0.021007 
443 -0.389695 
444 -0.012347 
445 0.208578 
446 -0.037750 
447 0.194825 
448 -0.084967 
449 -0.389695 
450 -0.173216 
451 0.215470 
452 0.045988 
453 0.338791 
454 0.340340 
455 -0.199183 
456 -0.028410 
457 0.278411 
458 -0.090067 
459 0.477856 
460 -0.173216 
461 -0.057919 
462 -0.296157 
463 -0.232467 
464 -0.472384 
465 0.351088 
466 0.197594 
467 0.428796 
468 -0.096521 
469 0.216594 
470 -0.443397 
471 -0.315083 
472 0.038760 
473 -0.122082 
474 0.107292 
475 -0.168061 
476 0.334178 
477 -0.099547 
478 0.097675 
479 -0.304650 
480 -0.028199 
481 -0.028410 
482 0.002405 
483 0.119635 
484 -0.274858 
485 -0.361434 
486 0.424472 
487 0.490423 
488 -0.232467 
489 0.285135 
490 0.147299 
491 0.197594 
492 0.038760 
493 -0.014601 
494 0.410354 
495 -0.146598 
496 0.240760 
497 -0.208025 
498 -0.144376 
499 -0.192101 
500 -0.315083 
501 0.222849 
502 -0.498200 
503 -0.187389 
504 -0.284772 
505 -0.070411 
506 -0.057919 
507 0.290518 
508 -0.045579 
509 0.244069 
510 -0.044552 
511 0.030135 
512 -0.096521 
513 -0.443397 
514 0.097675 
515 -0.146598 
516 -0.481562 
517 -0.433909 
518 0.045033 
519 0.197594 
520 -0.038254 
521 0.225189 
522 -0.353480 
523 0.469908 
524 -0.183768 
525 -0.038254 
526 0.340665 
527 0.030135 
528 -0.288880 
529 -0.148215 
530 -0.021808 
531 -0.188574 
532 0.480783 
533 0.338791 
534 -0.230333 
535 0.195532 
536 -0.288880 
537 -0.443397 
538 -0.194455 
539 -0.070411 
540 0.164335 
541 0.338791 
542 0.147143 
543 0.490423 
544 -0.127823 
545 0.208578 
546 0.145824 
547 0.208578 
548 0.225189 
549 -0.171093 
550 0.290518 
551 -0.022033 
552 0.195532 
553 -0.022033 
554 -0.219175 
555 0.164596 
556 -0.468076 
557 0.306624 
558 -0.296157 
559 -0.382136 
560 -0.068675 
561 0.336887 
562 -0.296157 
563 0.119635 
564 -0.135566 
565 -0.004067 
566 -0.194455 
567 -0.187389 
568 -0.389695 
569 0.334178 
570 0.291640 
571 0.488987 
572 -0.086283 
573 -0.473709 
574 -0.068675 
575 0.209255 
576 -0.099547 
577 0.204569 
578 -0.443397 
579 -0.381244 
580 0.195532 
581 -0.057919 
582 0.085779 
583 0.338791 
584 0.317755 
585 -0.183768 
586 -0.171093 
587 0.386352 
588 0.338791 
589 0.278411 
590 0.386352 
591 0.448567 
592 -0.199183 
593 -0.296157 
594 0.306624 
595 0.088762 
596 -0.194455 
597 -0.382136 
598 -0.235912 
599 0.211979 
600 -0.369698 
601 -0.389695 
602 -0.021808 
603 -0.006877 
604 -0.304650 
605 0.334178 
606 0.307993 
607 -0.342221 
608 -0.382136 
609 -0.021007 
610 -0.481562 
611 -0.250274 
612 0.358324 
613 -0.296157 
614 -0.244010 
615 -0.433909 
616 -0.495766 
617 -0.022033 
618 -0.098075 
619 -0.068675 
620 0.038760 
621 -0.199183 
622 0.038760 
623 -0.049737 
624 0.307993 
625 -0.028199 
626 -0.192101 
627 0.145824 
628 0.180288 
629 -0.244010 
630 -0.199183 
631 -0.250274 
632 0.164335 
633 0.197594 
634 0.373341 
635 -0.021007 
636 0.299982 
637 0.117024 
638 0.477856 
639 -0.443397 
640 -0.304650 
641 0.498342 
642 -0.235912 
643 0.278411 
644 -0.405957 
645 -0.271431 
646 -0.456661 
647 0.164335 
648 0.291640 
649 -0.079672 
650 -0.199183 
651 0.351088 
652 0.299982 
653 0.306624 
654 0.498342 
655 -0.456661 
656 0.469908 
657 -0.090067 
658 0.291640 
659 0.348848 
660 -0.456661 
661 -0.208025 
662 0.240760 
663 0.173214 
664 0.290518 
665 0.201008 
666 0.007924 
667 -0.370947 
668 0.307993 
669 0.338791 
670 0.408886 
671 -0.194455 
672 -0.144376 
673 0.317755 
674 0.299982 
675 0.338791 
676 0.359695 
677 0.306624 
678 0.158041 
679 -0.199183 
680 0.429117 
681 0.498342 
682 -0.146598 
683 -0.304650 
684 -0.230333 
685 -0.369698 
686 -0.194455 
687 -0.369698 
688 0.162997 
689 0.117024 
690 0.164335 
691 -0.028199 
692 0.340340 
693 -0.284772 
694 -0.146598 
695 -0.022738 
696 0.306624 
697 -0.468076 
698 -0.382136 
699 0.306624 
700 0.195532 
701 0.413235 
702 0.162997 
703 0.162997 
704 0.398208 
705 -0.236498 
706 0.386352 
707 0.408886 
708 -0.235912 
709 -0.021007 
710 0.226783 
711 -0.160259 
712 0.117024 
713 0.386352 
714 -0.370947 
715 0.469908 
716 0.262302 
717 0.424301 
718 -0.370598 
719 -0.235912 
720 -0.499857 
721 -0.315083 
722 -0.250274 
723 -0.028410 
724 0.498342 
725 -0.068675 
726 0.388378 
727 -0.284772 
728 -0.284772 
729 0.240915 
730 -0.012347 
731 -0.381191 
732 -0.353480 
733 0.205618 
734 -0.381191 
735 0.045033 
736 -0.160259 
737 -0.405957 
738 0.340340 
739 -0.070877 
740 -0.187389 
741 -0.085843 
742 -0.381191 
743 -0.284772 
744 0.205618 
745 0.424301 
746 -0.482672 
747 0.162997 
748 0.002405 
749 -0.070877 
750 -0.188574 
751 0.398208 
752 0.424301 
753 0.126978 
754 0.164335 
755 -0.070411 
756 -0.481562 
757 -0.481562 
758 0.194825 
759 -0.160259 
760 0.318534 
761 0.367556 
762 0.194825 
763 0.367556 
764 -0.068675 
765 -0.226804 
766 -0.304650 
767 -0.135566 
768 -0.381191 
769 0.066982 
770 0.173214 
771 -0.160259 
772 0.429117 
773 -0.219175 
774 0.007924 
775 0.211979 
776 0.285135 
777 0.154895 
778 -0.433909 
779 -0.482672 
780 -0.456661 
781 0.398208 
782 -0.254475 
783 0.439975 
784 -0.187389 
785 0.154253 
786 0.469908 
787 -0.015648 
788 -0.208025 
789 0.408886 
790 -0.144376 
791 -0.244010 
792 -0.090067 
793 0.205618 
794 -0.171093 
795 -0.304650 
796 -0.160259 
797 -0.090067 
798 0.002405 
799 -0.433909 
800 0.338791 
801 0.164596 
802 0.489385 
803 -0.021808 
804 0.285135 
805 -0.220756 
806 0.338791 
807 0.306624 
808 0.340652 
809 -0.127823 
810 0.458341 
811 -0.070877 
812 -0.472384 
813 0.226652 
814 0.386352 
815 -0.232467 
816 -0.044552 
817 -0.437664 
818 0.194825 
819 0.002405 
820 0.424301 
821 -0.070877 
822 -0.254475 
823 -0.254475 
824 -0.127823 
825 0.340340 
826 0.215470 
827 0.180288 
828 -0.049737 
829 0.225189 
830 0.490423 
831 0.197594 
832 -0.389695 
833 -0.462881 
834 -0.173216 
835 0.119635 
836 -0.090067 
837 0.226652 
838 -0.481562 
839 -0.472384 
840 -0.219175 
841 -0.250274 
842 -0.304650 
843 -0.437664 
844 0.439975 
845 0.278411 
846 -0.099547 
847 -0.296157 
848 -0.485779 
849 -0.090067 
850 0.065028 
851 -0.254475 
852 -0.144376 
853 0.045033 
854 -0.382136 
855 -0.296157 
856 0.488987 
857 -0.296157 
858 0.291640 
859 -0.152101 
860 0.038760 
861 -0.333051 
862 0.285135 
863 0.045033 
864 0.064155 
865 -0.430799 
866 -0.035984 
867 -0.012347 
868 -0.389695 
869 0.104216 
870 -0.254475 
871 0.429117 
872 0.118729 
873 -0.035984 
874 0.444715 
875 0.197594 
876 0.491095 
877 -0.012347 
878 -0.164769 
879 0.164596 
880 0.197594 
881 -0.187389 
882 0.120697 
883 0.052921 
884 0.469908 
885 0.338791 
886 -0.004067 
887 -0.495103 
888 -0.035984 
889 -0.187695 
890 0.117024 
891 0.002405 
892 -0.099547 
893 0.317755 
894 0.410354 
895 -0.090067 
896 0.197594 
897 -0.012347 
898 -0.433909 
899 -0.012347 
900 0.413235 
901 0.299982 
902 0.429117 
903 0.358324 
904 -0.173103 
905 -0.127823 
906 -0.304650 
907 -0.049737 
908 0.164335 
909 -0.485779 
910 0.373341 
911 0.410354 
912 -0.405957 
913 -0.472384 
914 -0.188574 
915 -0.495103 
916 -0.433631 
917 -0.389695 
918 -0.230333 
919 -0.080656 
920 0.180288 
921 0.225189 
922 0.166424 
923 -0.043683 
924 -0.035984 
925 0.490423 
926 -0.199183 
927 0.151914 
928 -0.208025 
929 -0.456661 
930 0.228580 
931 -0.304650 
932 0.439975 
933 -0.173216 
934 0.104216 
935 -0.043683 
936 -0.389695 
937 0.338791 
938 -0.433909 
939 -0.232467 
940 -0.038254 
941 0.307993 
942 -0.333051 
943 0.104216 
944 0.448567 
945 0.340340 
946 0.278411 
947 0.410354 
948 -0.157273 
949 0.306624 
950 -0.230333 
951 -0.342221 
952 -0.284772 
953 -0.099547 
954 0.154253 
955 -0.487981 
956 0.299982 
957 -0.485779 
958 -0.437664 
959 -0.099434 
960 0.104216 
961 0.488987 
962 -0.071865 
963 -0.037750 
964 0.498342 
965 -0.173216 
966 -0.254475 
967 -0.433909 
968 -0.021007 
969 0.488987 
970 0.158041 
971 0.030135 
972 0.038760 
973 0.002405 
974 0.180288 
975 -0.254475 
976 0.023399 
977 -0.236498 
978 0.120697 
979 -0.086283 
980 -0.405957 
981 0.147600 
982 -0.053745 
983 -0.443397 
984 0.240760 
985 -0.148215 
986 0.292016 
987 -0.477522 
988 0.052921 
989 -0.135566 
990 0.066982 
991 -0.208025 
992 0.386352 
993 0.239319 
994 -0.183768 
995 0.384358 
996 -0.296157 
997 -0.049737 
998 0.428796 
999 0.007924 
1000 -0.236498 
1001 -0.085644 
1002 0.030135 
1003 -0.044552 
1004 0.306624 
1005 -0.244010 
1006 -0.232467 
1007 -0.456661 
1008 0.332808 
1009 0.373341 
1010 0.306624 
1011 0.030135 
1012 -0.468076 
1013 0.038760 
1014 -0.071865 
1015 -0.122082 
1016 0.245823 
1017 -0.232467 
1018 -0.004067 
1019 -0.254475 
1020 -0.433631 
1021 0.398208 
1022 -0.405957 
1023 -0.028199 
1024 0.030135 
1025 -0.068675 
1026 0.428796 
1027 0.197594 
1028 -0.219175 
1029 -0.004067 
1030 -0.235912 
1031 0.367556 
1032 0.439975 
1033 -0.157273 
1034 0.411690 
1035 0.340340 
1036 -0.296157 
1037 -0.333051 
1038 0.119635 
1039 -0.068675 
1040 0.367556 
1041 0.453532 
1042 0.332808 
1043 -0.232467 
1044 0.154895 
1045 0.340665 
1046 -0.053745 
1047 -0.342221 
1048 -0.021808 
1049 -0.263663 
1050 -0.254475 
1051 0.154253 
1052 -0.173216 
1053 -0.152101 
1054 -0.187695 
1055 -0.230333 
1056 -0.389695 
1057 -0.389695 
1058 0.480783 
1059 0.103781 
1060 -0.443397 
1061 -0.389695 
1062 -0.080656 
1063 -0.014601 
1064 -0.254475 
1065 0.444715 
1066 -0.122082 
1067 0.413825 
1068 -0.034734 
1069 0.464066 
1070 0.147600 
1071 -0.034734 
1072 -0.381244 
1073 0.488987 
1074 0.262302 
1075 0.164596 
1076 -0.304650 
1077 -0.473709 
1078 0.022539 
1079 -0.152101 
1080 -0.068675 
1081 -0.068675 
1082 -0.034734 
1083 -0.148215 
1084 0.318534 
1085 -0.070411 
1086 -0.099547 
1087 -0.068675 
1088 0.054606 
1089 0.208109 
1090 0.002405 
1091 -0.389695 
1092 0.338791 
1093 -0.060653 
1094 -0.165557 
1095 -0.060653 
1096 -0.021007 
1097 0.413235 
1098 0.306624 
1099 -0.057919 
1100 -0.071865 
1101 0.007924 
1102 0.340340 
1103 -0.099547 
1104 -0.068675 
1105 0.334178 
1106 -0.433631 
1107 -0.433631 
1108 0.225189 
1109 -0.070411 
1110 -0.068675 
1111 -0.254475 
1112 -0.271431 
1113 -0.135566 
1114 0.194825 
1115 -0.043683 
1116 -0.028199 
1117 -0.099547 
1118 0.164335 
1119 0.348848 
1120 -0.135566 
1121 0.240760 
1122 -0.199183 
1123 -0.053745 
1124 0.413235 
1125 0.195532 
1126 0.306624 
1127 0.147299 
1128 0.145824 
1129 0.180288 
1130 0.240915 
1131 0.225189 
1132 0.498342 
1133 -0.274858 
1134 -0.389695 
1135 0.348848 
1136 0.306624 
1137 0.162997 
1138 0.393171 
1139 -0.080656 
1140 0.327985 
1141 -0.456661 
1142 0.306624 
1143 -0.220756 
1144 -0.296157 
1145 0.154895 
1146 -0.456661 
1147 0.373341 
1148 0.334178 
1149 0.006400 
1150 0.054606 
1151 0.051767 
1152 -0.304650 
1153 0.147600 
1154 -0.482672 
1155 -0.304650 
1156 -0.085064 
1157 0.424301 
1158 0.045033 
1159 0.197594 
1160 -0.148215 
1161 0.340665 
1162 0.340652 
1163 0.052921 
1164 0.240760 
1165 -0.152101 
1166 -0.433631 
1167 0.306624 
1168 0.030135 
1169 0.490423 
1170 -0.219175 
1171 -0.049737 
1172 -0.232467 
1173 0.428796 
1174 -0.173216 
1175 0.491095 
1176 -0.068675 
1177 -0.433909 
1178 0.158041 
1179 -0.068675 
1180 -0.361434 
1181 0.166424 
1182 0.103781 
1183 -0.346212 
1184 -0.405957 
1185 -0.044552 
1186 -0.254475 
1187 -0.099547 
1188 0.291640 
1189 -0.236498 
1190 0.002405 
1191 -0.080656 
1192 -0.381244 
1193 0.244069 
1194 0.327985 
1195 -0.098075 
1196 0.038760 
1197 0.292016 
1198 -0.472384 
1199 0.145824 
1200 0.307993 
1201 0.154253 
1202 -0.468076 
1203 -0.219175 
1204 0.389087 
1205 0.488987 
1206 -0.485779 
1207 0.262302 
1208 -0.304650 
1209 -0.080656 
1210 0.334470 
1211 0.002405 
1212 -0.254475 
1213 0.413235 
1214 0.439975 
1215 -0.370598 
1216 0.089518 
1217 -0.099547 
1218 0.244069 
1219 -0.199183 
1220 0.215470 
1221 -0.053745 
1222 -0.173216 
1223 0.393171 
1224 -0.070411 
1225 -0.382136 
1226 0.358324 
1227 -0.158274 
1228 -0.342221 
1229 0.244069 
1230 -0.370598 
1231 -0.071865 
1232 0.428796 
1233 0.413235 
1234 -0.070411 
1235 0.398208 
1236 0.327985 
1237 0.205618 
1238 -0.086283 
1239 -0.235912 
1240 -0.080656 
1241 0.338791 
1242 0.348848 
1243 0.085779 
1244 -0.146598 
1245 0.097675 
1246 0.120697 
1247 0.103781 
1248 -0.342221 
1249 0.498342 
1250 0.389087 
1251 -0.131670 
1252 0.338791 
1253 -0.098075 
1254 -0.057919 
1255 -0.233036 
1256 -0.043683 
1257 0.059051 
1258 -0.304650 
1259 -0.389695 
1260 -0.021007 
1261 -0.085378 
1262 0.002405 
1263 -0.482672 
1264 0.318534 
1265 -0.080656 
1266 0.194825 
1267 -0.468076 
1268 -0.208025 
1269 0.054606 
1270 0.164596 
1271 -0.171093 
1272 0.180288 
1273 -0.148215 
1274 0.306624 
1275 0.119635 
1276 0.278411 
1277 -0.044552 
1278 0.244069 
1279 0.428796 
1280 -0.187695 
1281 0.278411 
1282 0.152177 
1283 0.384358 
1284 -0.369698 
1285 -0.122082 
1286 0.292016 
1287 0.006400 
1288 -0.353480 
1289 0.334178 
1290 -0.038254 
1291 0.197594 
1292 0.173214 
1293 0.413235 
1294 0.209255 
1295 0.228580 
1296 0.197594 
1297 -0.315083 
1298 -0.220756 
1299 0.498342 
1300 0.215470 
1301 0.222849 
1302 0.197594 
1303 0.038760 
1304 0.498342 
1305 -0.498200 
1306 -0.068675 
1307 0.205618 
1308 0.336887 
1309 0.225189 
1310 0.038760 
1311 -0.099547 
1312 0.085779 
1313 -0.389695 
1314 -0.370917 
1315 0.104216 
1316 -0.497611 
1317 0.066982 
1318 0.030135 
1319 -0.044552 
1320 -0.044552 
1321 -0.389695 
1322 0.413235 
1323 -0.430799 
1324 -0.028410 
1325 -0.028410 
1326 0.245823 
1327 -0.160259 
1328 -0.462881 
1329 0.384891 
1330 -0.437664 
1331 0.208578 
1332 0.398208 
1333 -0.061863 
1334 0.411690 
1335 0.384358 
1336 0.428796 
1337 0.226426 
1338 -0.481562 
1339 0.145824 
1340 -0.315083 
1341 0.197594 
1342 0.348848 
1343 0.307993 
1344 -0.034734 
1345 0.372134 
1346 -0.296157 
1347 -0.485794 
1348 0.327985 
1349 0.222849 
1350 0.211979 
1351 0.373341 
1352 0.002405 
1353 -0.068675 
1354 0.398208 
1355 0.164335 
1356 -0.090067 
1357 -0.254475 
1358 -0.028199 
1359 0.292016 
1360 -0.098075 
1361 0.205618 
1362 0.411690 
1363 -0.495103 
1364 -0.481562 
1365 0.173214 
1366 -0.244010 
1367 -0.472384 
1368 -0.173216 
1369 0.195532 
1370 0.197594 
1371 0.038760 
1372 -0.053745 
1373 -0.085644 
1374 -0.071865 
1375 -0.079672 
1376 0.103781 
1377 0.429117 
1378 0.424634 
1379 -0.038254 
1380 0.002405 
1381 0.088762 
1382 -0.369698 
1383 -0.173216 
1384 0.439975 
1385 0.117024 
1386 0.340340 
1387 -0.193774 
1388 -0.433631 
1389 -0.061863 
1390 -0.044552 
1391 -0.187695 
1392 0.386352 
1393 0.173214 
1394 0.145824 
1395 -0.146598 
1396 -0.085843 
1397 -0.131670 
1398 -0.085644 
1399 -0.333051 
1400 -0.288880 
1401 -0.369698 
1402 -0.043683 
1403 0.453532 
1404 0.228580 
1405 0.358324 
1406 0.428796 
1407 0.453532 
1408 -0.274858 
1409 -0.236498 
1410 0.480783 
1411 0.180288 
1412 0.336887 
1413 0.299597 
1414 -0.122082 
1415 -0.199183 
1416 -0.250274 
1417 -0.498844 
1418 0.421327 
1419 -0.462881 
1420 0.240760 
1421 0.358324 
1422 -0.146598 
1423 -0.296157 
1424 -0.304650 
1425 -0.481562 
1426 0.117024 
1427 0.052921 
1428 -0.226804 
1429 0.217378 
1430 -0.021007 
1431 0.097675 
1432 0.290518 
1433 -0.370598 
1434 -0.498844 
1435 0.007924 
1436 0.384358 
1437 0.073902 
1438 -0.315083 
1439 -0.070077 
1440 -0.098075 
1441 -0.250274 
1442 -0.099547 
1443 0.411794 
1444 -0.456661 
1445 0.408886 
