5962 1
0 1.943290 
1 0.938067 
2 1.597097 
3 1.594437 
4 1.592110 
5 1.720096 
6 1.330432 
7 1.588640 
8 1.687095 
9 1.418749 
10 1.481548 
11 1.552614 
12 1.559559 
13 1.522973 
14 1.584882 
15 1.498249 
16 1.631776 
17 1.670900 
18 1.578963 
19 1.471624 
20 1.317942 
21 1.241462 
22 1.790938 
23 1.799569 
24 2.232631 
25 2.346549 
26 -0.146269 
27 -0.084575 
28 1.767503 
29 1.380571 
30 1.260710 
31 2.483273 
32 1.588704 
33 1.555820 
34 1.616147 
35 1.597435 
36 1.619791 
37 1.677490 
38 1.501988 
39 1.500616 
40 1.671211 
41 1.456398 
42 1.699889 
43 1.604034 
44 1.570862 
45 1.524906 
46 1.652438 
47 1.680287 
48 1.494049 
49 1.732153 
50 1.518126 
51 1.555824 
52 1.642370 
53 1.569325 
54 1.516465 
55 1.603395 
56 1.470150 
57 1.396417 
58 2.077935 
59 1.504135 
60 1.506359 
61 1.888856 
62 1.704716 
63 -1.161023 
64 -3.139419 
65 -0.571228 
66 -0.849194 
67 -0.860998 
68 1.420039 
69 1.278640 
70 1.229618 
71 2.629464 
72 1.452507 
73 1.487058 
74 1.819101 
75 1.432631 
76 1.632815 
77 1.656982 
78 1.551178 
79 1.547787 
80 1.539722 
81 1.518853 
82 1.683701 
83 1.723059 
84 1.677243 
85 1.427431 
86 1.708652 
87 1.484237 
88 1.464965 
89 1.603932 
90 1.563610 
91 1.638559 
92 1.509562 
93 1.539887 
94 1.360119 
95 1.940225 
96 1.558950 
97 1.591488 
98 1.448397 
99 1.540657 
100 -1.607768 
101 -1.840406 
102 -1.596128 
103 -1.782865 
104 -3.110303 
105 -0.680568 
106 -0.951093 
107 -0.921077 
108 1.392310 
109 1.022071 
110 1.147465 
111 2.823713 
112 1.678247 
113 1.517809 
114 1.720677 
115 1.533897 
116 1.751325 
117 1.552602 
118 1.486264 
119 1.425306 
120 1.628688 
121 1.589955 
122 1.517522 
123 1.655324 
124 1.603854 
125 1.593546 
126 1.612875 
127 1.446086 
128 1.636889 
129 1.648176 
130 1.444219 
131 1.544958 
132 1.610320 
133 1.527999 
134 1.597744 
135 1.518770 
136 1.608197 
137 -1.486043 
138 -1.367238 
139 -1.728178 
140 -1.820178 
141 -1.695953 
142 -1.343943 
143 -1.429796 
144 -3.151791 
145 -0.889019 
146 -1.147618 
147 -0.911577 
148 1.208637 
149 0.997250 
150 1.287705 
151 2.725856 
152 1.696442 
153 1.498963 
154 1.673122 
155 1.553611 
156 1.624244 
157 1.638028 
158 1.479786 
159 1.542293 
160 1.581983 
161 1.499487 
162 1.374634 
163 1.730994 
164 1.488872 
165 1.523868 
166 1.607423 
167 1.574586 
168 1.640326 
169 1.630493 
170 1.610942 
171 1.569059 
172 1.527752 
173 1.566889 
174 -1.719579 
175 -1.425807 
176 -1.910552 
177 -1.385613 
178 -1.437983 
179 -1.665169 
180 -1.586820 
181 -1.605967 
182 -1.638970 
183 -1.550692 
184 -2.936745 
185 -1.092878 
186 -0.997629 
187 -1.192481 
188 0.922127 
189 1.212148 
190 0.884507 
191 3.146399 
192 1.567754 
193 1.412515 
194 1.815665 
195 1.692410 
196 1.591288 
197 1.679481 
198 1.565286 
199 1.471816 
200 1.703495 
201 1.384010 
202 1.552026 
203 1.734326 
204 1.669537 
205 1.390654 
206 1.670586 
207 1.507139 
208 1.663674 
209 1.457440 
210 1.637163 
211 -1.504901 
212 -1.518774 
213 -1.563823 
214 -1.578561 
215 -1.731834 
216 -1.681353 
217 -1.505008 
218 -1.374392 
219 -1.678971 
220 -1.743338 
221 -1.525496 
222 -1.543465 
223 -1.569059 
224 -2.808800 
225 -1.354095 
226 -1.038768 
227 -1.113425 
228 0.394245 
229 0.414079 
230 0.183422 
231 3.195552 
232 1.006583 
233 1.117297 
234 2.177372 
235 2.096834 
236 1.549534 
237 1.792161 
238 1.506407 
239 1.381207 
240 1.583544 
241 1.439829 
242 1.557062 
243 1.638372 
244 1.620183 
245 1.707520 
246 1.455071 
247 1.551379 
248 -1.446752 
249 -1.544170 
250 -1.691161 
251 -1.516407 
252 -1.581330 
253 -1.668888 
254 -1.570695 
255 -1.595424 
256 -1.587632 
257 -1.323683 
258 -1.417908 
259 -1.830809 
260 -1.666658 
261 -1.393970 
262 -1.813705 
263 -1.458252 
264 -1.968142 
265 -1.420907 
266 -1.437483 
267 -1.801923 
268 -1.096384 
269 -1.566173 
270 -1.427185 
271 1.645176 
272 0.556503 
273 0.552902 
274 2.469634 
275 2.315734 
276 1.486593 
277 1.705924 
278 1.562621 
279 1.724096 
280 1.607477 
281 1.561559 
282 1.578051 
283 1.426859 
284 1.577028 
285 -1.442925 
286 -1.446931 
287 -1.696907 
288 -1.530317 
289 -1.640753 
290 -1.653382 
291 -1.496092 
292 -1.551126 
293 -1.662875 
294 -1.530755 
295 -1.541857 
296 -1.564496 
297 -1.481808 
298 -1.474294 
299 -1.686649 
300 -1.550362 
301 -1.566977 
302 -1.659710 
303 -1.392651 
304 -1.539345 
305 -1.778229 
306 -1.580948 
307 -1.532448 
308 -1.780496 
309 -2.249199 
310 -1.884257 
311 0.696986 
312 -0.125893 
313 -0.037935 
314 2.303794 
315 2.227883 
316 1.085690 
317 1.980160 
318 1.874194 
319 1.755591 
320 1.620124 
321 1.545453 
322 -1.668906 
323 -1.439430 
324 -1.608577 
325 -1.594964 
326 -1.585773 
327 -1.581397 
328 -1.515579 
329 -1.719434 
330 -1.632078 
331 -1.447627 
332 -1.605344 
333 -1.586203 
334 -1.555198 
335 -1.619973 
336 -1.697039 
337 -1.620426 
338 -1.431191 
339 -1.681285 
340 -1.519007 
341 -1.574899 
342 -1.668015 
343 -1.545001 
344 -1.471376 
345 -1.867427 
346 -1.485893 
347 -1.467111 
348 -1.745461 
349 -2.042690 
350 -1.960777 
351 -0.741788 
352 -1.109599 
353 -1.579298 
354 1.538124 
355 1.222446 
356 0.544347 
357 1.528832 
358 1.672909 
359 -2.450312 
360 -1.388458 
361 -1.739603 
362 -1.562561 
363 -1.542275 
364 -1.528583 
365 -1.613626 
366 -1.536340 
367 -1.557137 
368 -1.561225 
369 -1.513464 
370 -1.602523 
371 -1.552939 
372 -1.506759 
373 -1.702126 
374 -1.525824 
375 -1.593231 
376 -1.623184 
377 -1.542557 
378 -1.414709 
379 -1.634839 
380 -1.435124 
381 -1.617194 
382 -1.681402 
383 -1.466304 
384 -1.515790 
385 -1.689704 
386 -1.416134 
387 -1.497841 
388 -1.712147 
389 -2.059162 
390 -1.971718 
391 -0.907657 
392 -2.428584 
393 -2.145906 
394 -0.388887 
395 -0.164968 
396 -1.496789 
397 -1.427865 
398 -1.842191 
399 -1.437259 
400 -1.609556 
401 -1.558350 
402 -1.501350 
403 -1.568869 
404 -1.605130 
405 -1.610439 
406 -1.670770 
407 -1.538510 
408 -1.541399 
409 -1.503425 
410 -1.651027 
411 -1.446117 
412 -1.425829 
413 -1.567972 
414 -1.665770 
415 -1.579980 
416 -1.626057 
417 -1.482718 
418 -1.658817 
419 -1.616941 
420 -1.482489 
421 -1.623109 
422 -1.731606 
423 -1.435124 
424 -1.485521 
425 -1.583354 
426 -1.632175 
427 -1.731304 
428 -1.664892 
429 -1.555102 
430 -1.812523 
431 -1.531586 
432 -1.698870 
433 -1.571456 
434 -1.459934 
435 -1.697124 
436 -1.584678 
437 -1.604886 
438 -1.681784 
439 -1.318206 
440 -1.624906 
441 -1.535211 
442 -1.472693 
443 -1.654979 
444 -1.643532 
445 -1.576576 
446 -1.479994 
447 -1.590222 
448 -1.575478 
449 -1.616029 
450 -1.473314 
451 -1.622239 
452 -1.509779 
453 -1.572177 
454 -1.442254 
455 -1.624791 
456 -1.617153 
457 -1.696901 
458 -1.590796 
459 1.212106 
460 1.541012 
461 1.632590 
462 1.536456 
463 1.387342 
464 1.486177 
465 1.684354 
466 1.528306 
467 1.597256 
468 1.104923 
469 1.112620 
470 1.485893 
471 2.133106 
472 0.706077 
473 1.335327 
474 1.886059 
475 2.239017 
476 1.514742 
477 1.472540 
478 1.633775 
479 1.498962 
480 1.424680 
481 1.309940 
482 1.573255 
483 1.878467 
484 3.084286 
485 -0.467431 
486 0.154863 
487 1.240124 
488 1.599932 
489 1.586747 
490 1.374341 
491 1.394001 
492 1.510748 
493 1.456681 
494 1.547373 
495 1.551006 
496 1.746938 
497 2.128338 
498 -1.274628 
499 -0.827202 
500 -0.119468 
501 1.110031 
502 2.156965 
503 2.203040 
504 1.598830 
505 1.437235 
506 1.553856 
507 1.513056 
508 1.382287 
509 1.612041 
510 1.522162 
511 -1.567580 
512 -3.151077 
513 -1.044055 
514 -0.327966 
515 0.835420 
516 1.305980 
517 1.812874 
518 1.632345 
519 1.352747 
520 1.624165 
521 1.647988 
522 1.600936 
523 1.421846 
524 -1.557843 
525 -1.767726 
526 -1.582716 
527 -1.369796 
528 -0.418771 
529 0.668234 
530 1.920158 
531 2.577636 
532 1.617249 
533 1.498713 
534 1.452727 
535 1.431519 
536 1.404869 
537 -1.471336 
538 -1.672601 
539 -1.634715 
540 -2.698196 
541 -2.056754 
542 -0.921792 
543 0.141451 
544 0.822373 
545 1.673963 
546 1.876193 
547 1.546216 
548 1.498452 
549 1.437995 
550 -1.625370 
551 -1.593692 
552 -1.426999 
553 -1.704058 
554 -1.500224 
555 -1.614406 
556 -1.615688 
557 -0.165557 
558 1.025744 
559 2.880644 
560 1.645454 
561 1.376731 
562 1.570393 
563 -1.462371 
564 -1.573141 
565 -1.480354 
566 -1.584753 
567 -1.601024 
568 -2.022034 
569 -2.170278 
570 -1.289247 
571 -0.540429 
572 0.466510 
573 1.162439 
574 2.273262 
575 1.965583 
576 -1.682857 
577 -1.582631 
578 -1.489395 
579 -1.589343 
580 -1.356548 
581 -1.517988 
582 -1.644178 
583 -1.609749 
584 -3.358387 
585 -1.280825 
586 -0.071742 
587 0.752567 
588 0.950869 
589 -2.013299 
590 -1.668852 
591 -1.455192 
592 -1.422304 
593 -1.639276 
594 -1.564739 
595 -1.685857 
596 -1.660245 
597 -1.872083 
598 -1.638741 
599 -1.006487 
600 -0.237883 
601 0.073976 
602 -2.669104 
603 -1.876609 
604 -1.608688 
605 -1.518646 
606 -1.618223 
607 -1.677702 
608 -1.447081 
609 -1.479173 
610 -1.594322 
611 -1.655567 
612 -1.162196 
613 -0.780890 
614 -0.691246 
615 -2.902534 
616 -1.829316 
617 -1.606732 
618 -1.390874 
619 -1.403816 
620 -1.573767 
621 -1.451096 
622 -1.691029 
623 -1.647983 
624 -1.968797 
625 -1.690475 
626 -1.479487 
627 -1.272225 
628 1.016782 
629 1.305312 
630 1.778293 
631 2.207157 
632 1.644105 
633 1.451332 
634 1.612542 
635 1.584817 
636 1.515101 
637 1.352386 
638 1.370787 
639 2.074708 
640 2.788086 
641 0.452982 
642 0.860063 
643 1.383088 
644 1.793862 
645 1.591461 
646 1.452729 
647 1.450814 
648 1.826956 
649 1.498976 
650 1.378187 
651 1.636948 
652 1.941681 
653 2.507228 
654 -0.427011 
655 -0.097543 
656 0.816979 
657 1.686218 
658 1.942215 
659 1.756084 
660 1.731029 
661 1.657809 
662 1.456271 
663 1.454396 
664 1.329143 
665 1.556351 
666 1.710402 
667 -1.591737 
668 -1.768638 
669 -0.354592 
670 1.184349 
671 2.700954 
672 1.581967 
673 1.647031 
674 1.522231 
675 1.491682 
676 1.634320 
677 1.551319 
678 1.736186 
679 1.531900 
680 -1.939504 
681 -2.249517 
682 -1.250137 
683 -0.465187 
684 0.829710 
685 1.481301 
686 1.945894 
687 1.871938 
688 1.654680 
689 1.556955 
690 1.448329 
691 1.653715 
692 1.426514 
693 -1.388514 
694 -1.639522 
695 -1.721629 
696 -2.490539 
697 -0.969035 
698 0.710033 
699 2.147351 
700 1.675805 
701 1.586851 
702 1.558895 
703 1.399973 
704 1.685362 
705 1.418233 
706 -1.509399 
707 -1.752398 
708 -1.754624 
709 -1.943189 
710 -1.573102 
711 -0.793952 
712 0.064597 
713 1.028716 
714 2.008172 
715 2.573710 
716 1.662860 
717 1.452995 
718 1.624056 
719 -1.569005 
720 -1.550829 
721 -1.506430 
722 -1.592792 
723 -1.660011 
724 -2.828923 
725 -1.840017 
726 -0.576896 
727 0.707248 
728 1.327925 
729 1.500527 
730 1.778152 
731 1.642647 
732 -1.679746 
733 -1.628107 
734 -1.592988 
735 -1.469352 
736 -1.256620 
737 -1.583779 
738 -1.858927 
739 -1.490932 
740 -0.858002 
741 0.553846 
742 1.943207 
743 2.766241 
744 1.457373 
745 -1.802973 
746 -1.480356 
747 -1.388914 
748 -1.301979 
749 -1.393736 
750 -1.719764 
751 -1.799256 
752 -2.636904 
753 -1.986131 
754 -0.872163 
755 0.002403 
756 0.558765 
757 0.826932 
758 -2.544008 
759 -1.697396 
760 -1.554379 
761 -1.569714 
762 -1.619569 
763 -1.652286 
764 -1.551529 
765 -1.460554 
766 -1.655485 
767 -1.498025 
768 -2.134132 
769 -0.607395 
770 -0.140161 
771 -2.311591 
772 -1.631335 
773 -1.439755 
774 -1.533835 
775 -1.561340 
776 -1.434118 
777 -1.266199 
778 -1.633044 
779 -1.912446 
780 -2.149445 
781 -1.835033 
782 -1.300137 
783 -1.142360 
784 -2.038423 
785 -1.419727 
786 -1.340357 
787 -1.224896 
788 -1.449138 
789 -1.520466 
790 -1.585515 
791 -1.686302 
792 -1.406943 
793 -1.522127 
794 -1.523732 
795 -1.576489 
796 -1.805748 
797 0.903887 
798 1.680334 
799 1.980333 
800 1.686223 
801 1.527350 
802 1.504067 
803 1.455837 
804 1.616698 
805 1.597952 
806 1.501028 
807 1.637535 
808 1.869253 
809 2.467442 
810 0.008872 
811 0.664644 
812 1.406032 
813 1.782363 
814 1.498964 
815 1.404595 
816 1.418072 
817 1.558674 
818 1.639039 
819 1.707308 
820 1.814247 
821 1.569069 
822 1.855543 
823 -0.905201 
824 -0.167248 
825 0.855123 
826 2.104977 
827 2.623857 
828 1.616854 
829 1.416090 
830 1.450110 
831 1.641284 
832 1.403981 
833 1.582659 
834 1.624559 
835 1.656538 
836 -2.946747 
837 -1.939234 
838 -0.603010 
839 1.213323 
840 1.610868 
841 1.613992 
842 1.551543 
843 1.474512 
844 1.497785 
845 1.581572 
846 1.649578 
847 1.623528 
848 1.444680 
849 -1.819123 
850 -1.685783 
851 -1.301051 
852 -0.403761 
853 0.656380 
854 1.677583 
855 3.105310 
856 1.732486 
857 1.575985 
858 1.490338 
859 1.461136 
860 1.620139 
861 1.491720 
862 -1.554890 
863 -1.613482 
864 -2.914722 
865 -1.981725 
866 -0.881658 
867 0.139897 
868 1.007259 
869 1.629782 
870 1.949911 
871 1.595809 
872 1.386930 
873 1.712421 
874 1.437532 
875 -1.615457 
876 -1.637760 
877 -1.552713 
878 -1.599609 
879 -1.430352 
880 -1.693589 
881 -0.199984 
882 1.000724 
883 2.919794 
884 1.793364 
885 1.534110 
886 1.505639 
887 1.412319 
888 -1.637835 
889 -1.615003 
890 -1.502782 
891 -1.547518 
892 -1.854524 
893 -2.184656 
894 -1.664490 
895 -0.425869 
896 0.263355 
897 1.260975 
898 2.109731 
899 2.201401 
900 1.583190 
901 -1.586588 
902 -1.571305 
903 -1.613304 
904 -1.501957 
905 -1.518877 
906 -1.713778 
907 -1.549009 
908 -3.136336 
909 -1.298969 
910 -0.051610 
911 1.490230 
912 1.743652 
913 1.515648 
914 -1.497074 
915 -1.446975 
916 -1.565430 
917 -1.703693 
918 -1.620603 
919 -1.563540 
920 -1.610092 
921 -1.828964 
922 -1.742119 
923 -1.139936 
924 -0.051208 
925 0.592980 
926 1.696324 
927 -3.264968 
928 -1.696281 
929 -1.366058 
930 -1.584966 
931 -1.708439 
932 -1.548804 
933 -1.504158 
934 -1.544300 
935 -1.517681 
936 -2.893453 
937 -2.020376 
938 -0.712082 
939 0.153067 
940 -1.622332 
941 -1.551570 
942 -1.385811 
943 -1.489263 
944 -1.512732 
945 -1.599080 
946 -1.631501 
947 -1.533256 
948 -1.466561 
949 -1.627028 
950 -1.638412 
951 -1.410528 
952 -0.950459 
953 -1.964533 
954 -1.586738 
955 -1.520794 
956 -1.666415 
957 -1.567168 
958 -1.572145 
959 -1.561060 
960 -1.607685 
961 -1.593635 
962 -1.550241 
963 -1.587229 
964 -2.081959 
965 -1.981354 
966 1.077943 
967 1.416282 
968 1.170793 
969 1.729298 
970 1.649283 
971 1.659848 
972 1.731502 
973 1.557007 
974 1.551162 
975 1.578638 
976 1.770664 
977 1.518929 
978 1.633222 
979 1.554279 
980 1.634081 
981 1.451583 
982 1.470111 
983 1.683388 
984 1.522272 
985 1.687446 
986 1.509996 
987 1.647758 
988 1.985954 
989 2.906946 
990 0.188554 
991 -0.099037 
992 1.298956 
993 1.234812 
994 0.545756 
995 3.613071 
996 1.429795 
997 1.228643 
998 1.902915 
999 1.706912 
1000 1.532896 
1001 1.609229 
1002 1.495779 
1003 1.490731 
1004 1.546638 
1005 1.694097 
1006 1.663670 
1007 1.504051 
1008 1.506629 
1009 1.587940 
1010 1.628553 
1011 1.549358 
1012 1.607181 
1013 1.568271 
1014 1.514952 
1015 1.692210 
1016 1.659709 
1017 1.530865 
1018 1.528704 
1019 1.536702 
1020 1.606771 
1021 1.484900 
1022 1.589835 
1023 1.656361 
1024 1.556757 
1025 2.013964 
1026 1.764471 
1027 -0.585915 
1028 -3.551594 
1029 -0.455559 
1030 -0.339572 
1031 -0.672371 
1032 1.128439 
1033 1.002277 
1034 0.835095 
1035 3.550981 
1036 1.674443 
1037 1.396315 
1038 1.630059 
1039 1.611025 
1040 1.588298 
1041 1.368575 
1042 1.629475 
1043 1.522534 
1044 1.612287 
1045 1.590651 
1046 1.653651 
1047 1.630389 
1048 1.701979 
1049 1.666509 
1050 1.375344 
1051 1.590591 
1052 1.633739 
1053 1.485297 
1054 1.549491 
1055 1.602780 
1056 1.660872 
1057 1.450348 
1058 1.636740 
1059 1.496532 
1060 1.550490 
1061 1.538216 
1062 1.536825 
1063 1.556023 
1064 -1.833430 
1065 -1.930125 
1066 -1.413371 
1067 -1.441871 
1068 -3.804811 
1069 -0.571325 
1070 -0.451104 
1071 -0.837156 
1072 1.113103 
1073 1.210534 
1074 0.887851 
1075 3.288523 
1076 1.513972 
1077 1.374266 
1078 1.862079 
1079 1.759040 
1080 1.566597 
1081 1.575697 
1082 1.571586 
1083 1.487766 
1084 1.459014 
1085 1.620853 
1086 1.495038 
1087 1.703786 
1088 1.552750 
1089 1.638709 
1090 1.552918 
1091 1.637627 
1092 1.640741 
1093 1.515557 
1094 1.464058 
1095 1.674888 
1096 1.572792 
1097 1.599736 
1098 1.560816 
1099 1.543475 
1100 1.518594 
1101 -1.496242 
1102 -1.690375 
1103 -1.452187 
1104 -1.954209 
1105 -2.017081 
1106 -1.257929 
1107 -1.385068 
1108 -3.862010 
1109 -0.698491 
1110 -0.476457 
1111 -0.681440 
1112 0.899795 
1113 0.885229 
1114 0.670736 
1115 3.639611 
1116 1.338317 
1117 1.298769 
1118 1.952926 
1119 1.989618 
1120 1.555773 
1121 1.510250 
1122 1.610310 
1123 1.440786 
1124 1.643159 
1125 1.540722 
1126 1.637421 
1127 1.509983 
1128 1.591007 
1129 1.655017 
1130 1.454741 
1131 1.507683 
1132 1.557924 
1133 1.618577 
1134 1.620805 
1135 1.624342 
1136 1.636167 
1137 1.560187 
1138 -1.634075 
1139 -1.606813 
1140 -1.634356 
1141 -1.543803 
1142 -1.511232 
1143 -1.557657 
1144 -1.888899 
1145 -1.856222 
1146 -1.370640 
1147 -1.388607 
1148 -3.463681 
1149 -0.982804 
1150 -0.936378 
1151 -1.280584 
1152 -0.037377 
1153 0.355817 
1154 0.726074 
1155 3.299423 
1156 1.233149 
1157 1.259139 
1158 2.079540 
1159 1.933699 
1160 1.658142 
1161 1.450873 
1162 1.629823 
1163 1.323418 
1164 1.654508 
1165 1.498111 
1166 1.578134 
1167 1.642622 
1168 1.603903 
1169 1.571261 
1170 1.575582 
1171 1.465446 
1172 1.550741 
1173 1.470847 
1174 1.523556 
1175 -1.713665 
1176 -1.586669 
1177 -1.497526 
1178 -1.707034 
1179 -1.471853 
1180 -1.530195 
1181 -1.601639 
1182 -1.604940 
1183 -1.585498 
1184 -1.482025 
1185 -1.560642 
1186 -1.675700 
1187 -1.572030 
1188 -2.530763 
1189 -1.480417 
1190 -1.565903 
1191 -1.517613 
1192 -0.559847 
1193 -0.967928 
1194 -0.340705 
1195 2.571177 
1196 0.755105 
1197 1.216205 
1198 2.205010 
1199 2.202953 
1200 1.434185 
1201 1.598809 
1202 1.482708 
1203 1.493929 
1204 1.451628 
1205 1.493554 
1206 1.645748 
1207 1.575178 
1208 1.676929 
1209 1.422160 
1210 1.626638 
1211 1.514734 
1212 -1.497430 
1213 -1.504152 
1214 -1.610659 
1215 -1.622726 
1216 -1.561037 
1217 -1.497175 
1218 -1.468055 
1219 -1.722897 
1220 -1.506381 
1221 -1.517432 
1222 -1.546091 
1223 -1.604407 
1224 -1.456583 
1225 -1.543999 
1226 -1.468206 
1227 -1.724850 
1228 -1.931215 
1229 -1.713943 
1230 -1.631157 
1231 -1.396283 
1232 -2.371149 
1233 -1.697967 
1234 -0.523428 
1235 0.726269 
1236 0.344438 
1237 1.270197 
1238 2.297961 
1239 2.284686 
1240 1.498320 
1241 1.400760 
1242 1.551283 
1243 1.743536 
1244 1.551443 
1245 1.683682 
1246 1.467698 
1247 1.508584 
1248 1.554091 
1249 -1.502385 
1250 -1.547134 
1251 -1.513897 
1252 -1.574237 
1253 -1.597581 
1254 -1.562978 
1255 -1.501585 
1256 -1.595863 
1257 -1.581670 
1258 -1.451523 
1259 -1.625617 
1260 -1.479906 
1261 -1.437004 
1262 -1.554308 
1263 -1.659616 
1264 -1.431530 
1265 -1.558180 
1266 -1.601743 
1267 -1.464454 
1268 -1.567995 
1269 -1.845289 
1270 -1.707394 
1271 -1.359413 
1272 -2.286181 
1273 -2.054955 
1274 -0.981750 
1275 -0.082627 
1276 0.133640 
1277 0.732965 
1278 2.520451 
1279 2.175431 
1280 1.268417 
1281 1.577885 
1282 1.773887 
1283 1.894224 
1284 1.478658 
1285 1.447082 
1286 -1.639898 
1287 -1.532969 
1288 -1.709672 
1289 -1.613774 
1290 -1.501053 
1291 -1.513945 
1292 -1.609913 
1293 -1.549960 
1294 -1.529995 
1295 -1.538944 
1296 -1.600144 
1297 -1.613976 
1298 -1.534338 
1299 -1.483872 
1300 -1.731498 
1301 -1.617007 
1302 -1.535028 
1303 -1.503002 
1304 -1.501170 
1305 -1.379363 
1306 -1.595554 
1307 -1.619592 
1308 -1.398125 
1309 -1.600135 
1310 -1.713362 
1311 -1.417078 
1312 -2.060791 
1313 -2.238627 
1314 -1.292859 
1315 -0.564942 
1316 -0.851366 
1317 0.806792 
1318 1.826654 
1319 1.971943 
1320 1.023198 
1321 1.610435 
1322 1.702475 
1323 -2.314580 
1324 -1.635968 
1325 -1.518441 
1326 -1.498360 
1327 -1.465532 
1328 -1.471679 
1329 -1.674819 
1330 -1.645568 
1331 -1.374187 
1332 -1.521388 
1333 -1.520172 
1334 -1.793909 
1335 -1.372116 
1336 -1.581110 
1337 -1.706676 
1338 -1.478521 
1339 -1.620505 
1340 -1.548048 
1341 -1.657924 
1342 -1.544276 
1343 -1.539281 
1344 -1.441705 
1345 -1.662621 
1346 -1.621873 
1347 -1.408862 
1348 -1.480573 
1349 -1.543961 
1350 -1.715700 
1351 -1.419809 
1352 -2.199312 
1353 -1.793887 
1354 -1.579265 
1355 -0.877654 
1356 -2.445723 
1357 -0.384476 
1358 0.039502 
1359 1.725649 
1360 -1.550335 
1361 -1.547465 
1362 -1.601095 
1363 -1.550145 
1364 -1.593958 
1365 -1.764025 
1366 -1.624813 
1367 -1.359679 
1368 -1.545323 
1369 -1.683740 
1370 -1.489852 
1371 -1.554631 
1372 -1.679302 
1373 -1.449803 
1374 -1.645269 
1375 -1.599060 
1376 -1.594614 
1377 -1.641807 
1378 -1.539884 
1379 -1.516826 
1380 -1.725544 
1381 -1.515334 
1382 -1.626181 
1383 -1.477456 
1384 -1.637855 
1385 -1.409939 
1386 -1.645889 
1387 -1.637751 
1388 -1.344833 
1389 -1.523507 
1390 -1.787150 
1391 -1.331813 
1392 -1.976284 
1393 -2.085107 
1394 -1.506738 
1395 -1.165126 
1396 -0.594297 
1397 -2.013040 
1398 -1.680307 
1399 -1.620026 
1400 -1.500524 
1401 -1.584953 
1402 -1.696086 
1403 -1.536516 
1404 -1.631893 
1405 -1.511934 
1406 -1.605722 
1407 -1.492930 
1408 -1.521327 
1409 -1.527175 
1410 -1.727030 
1411 -1.511773 
1412 -1.731997 
1413 -1.617195 
1414 -1.425345 
1415 -1.567073 
1416 -1.410579 
1417 -1.584673 
1418 -1.607835 
1419 -1.634283 
1420 -1.721664 
1421 1.278885 
1422 1.465930 
1423 2.199737 
1424 1.408837 
1425 1.633784 
1426 1.434742 
1427 1.540559 
1428 1.537703 
1429 1.646890 
1430 1.666877 
1431 1.484040 
1432 1.483292 
1433 1.391793 
1434 1.725451 
1435 1.576208 
1436 1.657567 
1437 1.674489 
1438 1.484254 
1439 1.507844 
1440 1.399374 
1441 1.459738 
1442 1.671245 
1443 1.701117 
1444 3.990922 
1445 -0.181872 
1446 0.294420 
1447 0.423010 
1448 0.853964 
1449 1.642342 
1450 2.214701 
1451 2.445120 
1452 1.427501 
1453 1.515787 
1454 1.498572 
1455 1.512544 
1456 1.508919 
1457 1.681399 
1458 1.506401 
1459 1.535057 
1460 1.637932 
1461 1.629961 
1462 1.554645 
1463 1.554981 
1464 1.519312 
1465 1.662415 
1466 1.753686 
1467 1.387981 
1468 1.467714 
1469 1.645829 
1470 1.541980 
1471 1.536615 
1472 1.689603 
1473 1.579110 
1474 1.626754 
1475 1.466450 
1476 1.521672 
1477 1.734557 
1478 1.522352 
1479 1.503662 
1480 2.181344 
1481 2.298193 
1482 -0.936116 
1483 -0.586668 
1484 -1.907368 
1485 -2.315228 
1486 0.463970 
1487 0.479104 
1488 0.269303 
1489 1.657729 
1490 2.479380 
1491 2.133660 
1492 1.375249 
1493 1.474721 
1494 1.526656 
1495 1.709904 
1496 1.581167 
1497 1.565012 
1498 1.640318 
1499 1.577693 
1500 1.649327 
1501 1.606530 
1502 1.615785 
1503 1.594296 
1504 1.497833 
1505 1.578084 
1506 1.689590 
1507 1.626984 
1508 1.556274 
1509 1.597278 
1510 1.564351 
1511 1.674554 
1512 1.543076 
1513 1.575913 
1514 1.528631 
1515 1.620112 
1516 1.565728 
1517 1.614206 
1518 1.612871 
1519 -1.317987 
1520 -1.593401 
1521 -1.874312 
1522 -2.039377 
1523 -0.953751 
1524 -2.271500 
1525 -2.259659 
1526 0.103502 
1527 0.216334 
1528 0.266118 
1529 1.448779 
1530 2.216293 
1531 2.532096 
1532 1.459559 
1533 1.500961 
1534 1.540606 
1535 1.529167 
1536 1.542343 
1537 1.412279 
1538 1.716211 
1539 1.469607 
1540 1.609836 
1541 1.705899 
1542 1.575963 
1543 1.492982 
1544 1.623769 
1545 1.537215 
1546 1.548588 
1547 1.564489 
1548 1.681062 
1549 1.546193 
1550 1.647633 
1551 1.567923 
1552 1.594446 
1553 1.458733 
1554 1.486026 
1555 1.607420 
1556 -1.383339 
1557 -1.414514 
1558 -1.639944 
1559 -1.700243 
1560 -1.367995 
1561 -1.913757 
1562 -1.739065 
1563 -1.170886 
1564 -2.410973 
1565 -2.145829 
1566 -0.031787 
1567 0.404413 
1568 0.472409 
1569 0.874984 
1570 2.271332 
1571 2.377845 
1572 1.414782 
1573 1.758076 
1574 1.443090 
1575 1.543752 
1576 1.469506 
1577 1.505802 
1578 1.717372 
1579 1.453588 
1580 1.565206 
1581 1.522626 
1582 1.437408 
1583 1.676450 
1584 1.436115 
1585 1.571135 
1586 1.577097 
1587 1.590097 
1588 1.682662 
1589 1.552062 
1590 1.585565 
1591 1.497188 
1592 1.491501 
1593 -1.592251 
1594 -1.480847 
1595 -1.667094 
1596 -1.508700 
1597 -1.274155 
1598 -1.694839 
1599 -1.624622 
1600 -1.340216 
1601 -1.598121 
1602 -1.893735 
1603 -1.373182 
1604 -2.401192 
1605 -1.886547 
1606 -1.209788 
1607 0.356627 
1608 0.454847 
1609 0.390301 
1610 2.602990 
1611 2.309372 
1612 0.991237 
1613 1.717152 
1614 1.906565 
1615 1.670844 
1616 1.528689 
1617 1.539012 
1618 1.393083 
1619 1.568584 
1620 1.602669 
1621 1.559417 
1622 1.622824 
1623 1.623175 
1624 1.650876 
1625 1.577081 
1626 1.531774 
1627 1.582680 
1628 1.474609 
1629 1.529630 
1630 -1.543614 
1631 -1.681017 
1632 -1.653632 
1633 -1.569950 
1634 -1.574049 
1635 -1.615571 
1636 -1.481033 
1637 -1.515749 
1638 -1.501127 
1639 -1.628157 
1640 -1.461564 
1641 -1.570904 
1642 -1.640816 
1643 -1.601557 
1644 -1.929071 
1645 -1.780553 
1646 -2.428610 
1647 0.355146 
1648 0.064425 
1649 -0.164529 
1650 2.242673 
1651 2.415212 
1652 0.629699 
1653 1.993507 
1654 1.982340 
1655 1.379082 
1656 1.606854 
1657 1.654467 
1658 1.542077 
1659 1.426389 
1660 1.441430 
1661 1.607291 
1662 1.468917 
1663 1.667869 
1664 1.606836 
1665 1.478269 
1666 1.572075 
1667 -1.740456 
1668 -1.497606 
1669 -1.605745 
1670 -1.615875 
1671 -1.622999 
1672 -1.604405 
1673 -1.572598 
1674 -1.570652 
1675 -1.569131 
1676 -1.521852 
1677 -1.472296 
1678 -1.565421 
1679 -1.723896 
1680 -1.428916 
1681 -1.476616 
1682 -1.587811 
1683 -1.638771 
1684 -1.276999 
1685 -1.451539 
1686 -3.114887 
1687 0.338006 
1688 0.253693 
1689 -0.982271 
1690 2.243352 
1691 2.376671 
1692 0.215031 
1693 2.152813 
1694 2.426606 
1695 1.169251 
1696 1.597025 
1697 1.602631 
1698 1.396916 
1699 1.494614 
1700 1.432581 
1701 1.561577 
1702 1.589614 
1703 1.654218 
1704 -1.497997 
1705 -1.546717 
1706 -1.600705 
1707 -1.651036 
1708 -1.458922 
1709 -1.699125 
1710 -1.592564 
1711 -1.588682 
1712 -1.558975 
1713 -1.642533 
1714 -1.492459 
1715 -1.599551 
1716 -1.553967 
1717 -1.600390 
1718 -1.545294 
1719 -1.591393 
1720 -1.557357 
1721 -1.576564 
1722 -1.540581 
1723 -1.669495 
1724 -1.335060 
1725 -1.201188 
1726 -3.361171 
1727 0.172431 
1728 0.125845 
1729 -2.442597 
1730 1.635527 
1731 1.629769 
1732 0.026055 
1733 2.482216 
1734 2.257500 
1735 0.948501 
1736 1.535048 
1737 1.726768 
1738 1.225046 
1739 1.556158 
1740 1.533153 
1741 -1.561139 
1742 -1.540412 
1743 -1.670096 
1744 -1.556495 
1745 -1.627244 
1746 -1.503796 
1747 -1.582025 
1748 -1.680942 
1749 -1.529003 
1750 -1.510872 
1751 -1.630140 
1752 -1.444249 
1753 -1.462873 
1754 -1.593692 
1755 -1.723888 
1756 -1.555906 
1757 -1.460696 
1758 -1.672928 
1759 -1.564410 
1760 -1.652990 
1761 -1.508991 
1762 -1.489808 
1763 -1.673251 
1764 -1.161806 
1765 -1.396042 
1766 -3.290199 
1767 -0.212426 
1768 -0.638581 
1769 -3.653012 
1770 1.001398 
1771 0.946255 
1772 -0.151977 
1773 2.506733 
1774 2.506688 
1775 0.311873 
1776 1.512731 
1777 1.056806 
1778 -1.765115 
1779 -1.949191 
1780 -1.556342 
1781 -1.523733 
1782 -1.568510 
1783 -1.603726 
1784 -1.559474 
1785 -1.500731 
1786 -1.635804 
1787 -1.640771 
1788 -1.651893 
1789 -1.557425 
1790 -1.500075 
1791 -1.678238 
1792 -1.439010 
1793 -1.733707 
1794 -1.648706 
1795 -1.488833 
1796 -1.591481 
1797 -1.539792 
1798 -1.636987 
1799 -1.594767 
1800 -1.721996 
1801 -1.504262 
1802 -1.518604 
1803 -1.625834 
1804 -1.669451 
1805 -1.476908 
1806 -2.557543 
1807 -0.590477 
1808 -0.743116 
1809 -3.705656 
1810 0.126918 
1811 0.416408 
1812 -0.737668 
1813 0.861259 
1814 0.217881 
1815 -3.680017 
1816 -1.432688 
1817 -1.608148 
1818 -1.659272 
1819 -1.340744 
1820 -1.534189 
1821 -1.449929 
1822 -1.608182 
1823 -1.616778 
1824 -1.524749 
1825 -1.528116 
1826 -1.665329 
1827 -1.628245 
1828 -1.619341 
1829 -1.470216 
1830 -1.506413 
1831 -1.591258 
1832 -1.424919 
1833 -1.649426 
1834 -1.558573 
1835 -1.533633 
1836 -1.629709 
1837 -1.449320 
1838 -1.459804 
1839 -1.647925 
1840 -1.738198 
1841 -1.355041 
1842 -1.567937 
1843 -1.647141 
1844 -1.588752 
1845 -1.797967 
1846 -2.075621 
1847 -1.120036 
1848 -1.471911 
1849 -2.879565 
1850 -0.530313 
1851 -1.592249 
1852 -1.553009 
1853 -1.708324 
1854 -1.342153 
1855 -1.334595 
1856 -1.633762 
1857 -1.607682 
1858 -1.473763 
1859 -1.624439 
1860 -1.546936 
1861 -1.583425 
1862 -1.698766 
1863 -1.543244 
1864 -1.655416 
1865 -1.557055 
1866 -1.602781 
1867 -1.482961 
1868 -1.655944 
1869 -1.601831 
1870 -1.608643 
1871 -1.460133 
1872 -1.435037 
1873 -1.398997 
1874 -1.735322 
1875 -1.578668 
1876 0.712457 
1877 1.900407 
1878 1.343450 
1879 2.251561 
1880 1.545577 
1881 1.725653 
1882 1.451491 
1883 1.559276 
1884 1.662497 
1885 1.462375 
1886 1.492528 
1887 1.710151 
1888 1.492664 
1889 1.581522 
1890 1.541261 
1891 1.673839 
1892 1.632967 
1893 1.611125 
1894 1.507952 
1895 1.692338 
1896 1.168139 
1897 1.282427 
1898 1.331640 
1899 2.019380 
1900 1.070888 
1901 -0.397870 
1902 2.597141 
1903 2.232267 
1904 0.496474 
1905 1.983394 
1906 2.139146 
1907 1.244657 
1908 1.660880 
1909 1.610401 
1910 1.540565 
1911 1.406762 
1912 1.641186 
1913 1.628973 
1914 1.591001 
1915 1.472620 
1916 1.522586 
1917 1.460291 
1918 1.632223 
1919 1.705269 
1920 1.728778 
1921 1.617927 
1922 1.546170 
1923 1.468211 
1924 1.660826 
1925 1.630603 
1926 1.500319 
1927 1.513351 
1928 1.688218 
1929 1.417567 
1930 1.603981 
1931 1.594615 
1932 1.587038 
1933 1.399606 
1934 1.448073 
1935 1.720223 
1936 3.128480 
1937 -0.420587 
1938 -1.511765 
1939 0.417413 
1940 0.753971 
1941 -0.946985 
1942 2.327338 
1943 2.472095 
1944 0.362337 
1945 2.282616 
1946 1.979921 
1947 1.408040 
1948 1.638657 
1949 1.522697 
1950 1.662983 
1951 1.416090 
1952 1.575355 
1953 1.499468 
1954 1.661884 
1955 1.565301 
1956 1.549430 
1957 1.454796 
1958 1.594296 
1959 1.626047 
1960 1.606087 
1961 1.567731 
1962 1.431170 
1963 1.629073 
1964 1.622954 
1965 1.582657 
1966 1.428028 
1967 1.548542 
1968 1.617489 
1969 1.585379 
1970 1.584147 
1971 1.532755 
1972 1.718944 
1973 1.622339 
1974 -1.183345 
1975 -1.659454 
1976 -0.654142 
1977 -0.811609 
1978 -3.746168 
1979 0.496031 
1980 0.377583 
1981 -1.424158 
1982 2.289799 
1983 2.082785 
1984 0.298262 
1985 2.093740 
1986 2.347421 
1987 1.241907 
1988 1.572470 
1989 1.619471 
1990 1.446921 
1991 1.483895 
1992 1.521147 
1993 1.624962 
1994 1.638168 
1995 1.729305 
1996 1.552537 
1997 1.541851 
1998 1.838850 
1999 1.467769 
2000 1.579434 
2001 1.596559 
2002 1.606159 
2003 1.560801 
2004 1.602808 
2005 1.496270 
2006 1.665999 
2007 1.700500 
2008 1.547708 
2009 1.647360 
2010 1.553347 
2011 -1.580475 
2012 -1.648680 
2013 -1.344782 
2014 -1.378905 
2015 -2.012976 
2016 -0.889834 
2017 -0.994474 
2018 -3.786617 
2019 0.049300 
2020 -0.468309 
2021 -2.189614 
2022 1.633532 
2023 1.926840 
2024 0.382046 
2025 2.034336 
2026 1.939735 
2027 1.888958 
2028 1.500248 
2029 1.478728 
2030 1.732734 
2031 1.433777 
2032 1.519840 
2033 1.708307 
2034 1.525138 
2035 1.561381 
2036 1.572090 
2037 1.558366 
2038 1.580922 
2039 1.578777 
2040 1.513245 
2041 1.565848 
2042 1.577957 
2043 1.692152 
2044 1.589582 
2045 1.687625 
2046 1.642952 
2047 1.409456 
2048 -1.526151 
2049 -1.356128 
2050 -1.608009 
2051 -1.701434 
2052 -1.518716 
2053 -1.569672 
2054 -1.448160 
2055 -1.747161 
2056 -1.524899 
2057 -1.562725 
2058 -2.538129 
2059 -0.730185 
2060 -1.628948 
2061 -2.356657 
2062 0.313744 
2063 0.589549 
2064 0.492990 
2065 1.946441 
2066 1.810011 
2067 2.058288 
2068 1.459165 
2069 1.633053 
2070 1.623256 
2071 1.611309 
2072 1.568717 
2073 1.591209 
2074 1.585666 
2075 1.454708 
2076 1.582108 
2077 1.591607 
2078 1.509251 
2079 1.519498 
2080 1.543860 
2081 1.492743 
2082 1.551733 
2083 1.576293 
2084 1.475156 
2085 -1.619960 
2086 -1.524436 
2087 -1.589864 
2088 -1.712883 
2089 -1.432295 
2090 -1.594273 
2091 -1.566334 
2092 -1.563661 
2093 -1.487334 
2094 -1.542675 
2095 -1.493110 
2096 -1.593692 
2097 -1.684944 
2098 -1.837750 
2099 -1.364033 
2100 -2.554423 
2101 -1.759379 
2102 -0.874206 
2103 -0.287470 
2104 0.878701 
2105 1.417620 
2106 1.350688 
2107 2.690960 
2108 1.459336 
2109 1.366632 
2110 2.126410 
2111 1.603293 
2112 1.479106 
2113 1.741178 
2114 1.570095 
2115 1.557332 
2116 1.548781 
2117 1.560591 
2118 1.637744 
2119 1.547620 
2120 1.561118 
2121 1.606360 
2122 -1.548226 
2123 -1.606135 
2124 -1.584915 
2125 -1.774905 
2126 -1.480643 
2127 -1.497988 
2128 -1.485237 
2129 -1.418143 
2130 -1.665227 
2131 -1.705048 
2132 -1.570539 
2133 -1.591856 
2134 -1.461602 
2135 -1.491874 
2136 -1.604288 
2137 -1.651042 
2138 -1.600114 
2139 -1.345448 
2140 -2.710958 
2141 -1.560423 
2142 -1.092331 
2143 -1.107912 
2144 0.554501 
2145 0.464367 
2146 0.498020 
2147 3.508793 
2148 1.232690 
2149 1.148108 
2150 2.157458 
2151 1.812655 
2152 1.465090 
2153 1.783994 
2154 1.532218 
2155 1.538041 
2156 1.474230 
2157 1.724720 
2158 1.375697 
2159 -1.728047 
2160 -1.607423 
2161 -1.563051 
2162 -1.586333 
2163 -1.681494 
2164 -1.608027 
2165 -1.494840 
2166 -1.616325 
2167 -1.579050 
2168 -1.628833 
2169 -1.532271 
2170 -1.542822 
2171 -1.594409 
2172 -1.485604 
2173 -1.476831 
2174 -1.672411 
2175 -1.470411 
2176 -1.805287 
2177 -1.726273 
2178 -1.197718 
2179 -1.391753 
2180 -2.394300 
2181 -1.383089 
2182 -1.677724 
2183 -1.472193 
2184 0.593887 
2185 -0.763114 
2186 -0.450429 
2187 3.072889 
2188 1.082285 
2189 0.834392 
2190 2.472989 
2191 1.852562 
2192 1.173264 
2193 2.032253 
2194 1.566845 
2195 1.547240 
2196 -1.646659 
2197 -1.490834 
2198 -1.449560 
2199 -1.497392 
2200 -1.525401 
2201 -1.577786 
2202 -1.511192 
2203 -1.563258 
2204 -1.594628 
2205 -1.489604 
2206 -1.540954 
2207 -1.539646 
2208 -1.552810 
2209 -1.575318 
2210 -1.523027 
2211 -1.569652 
2212 -1.495474 
2213 -1.515561 
2214 -1.536514 
2215 -1.585344 
2216 -1.454609 
2217 -1.648720 
2218 -1.308393 
2219 -1.675937 
2220 -2.031117 
2221 -1.376095 
2222 -1.641594 
2223 -1.773887 
2224 -0.715746 
2225 -1.178853 
2226 -1.382290 
2227 2.282686 
2228 0.906243 
2229 0.801415 
2230 2.754539 
2231 1.822109 
2232 1.598063 
2233 -1.436119 
2234 -1.599769 
2235 -1.533242 
2236 -1.801191 
2237 -1.441685 
2238 -1.533943 
2239 -1.466766 
2240 -1.618275 
2241 -1.434168 
2242 -1.784975 
2243 -1.472071 
2244 -1.649937 
2245 -1.621245 
2246 -1.498392 
2247 -1.442021 
2248 -1.662654 
2249 -1.566955 
2250 -1.431514 
2251 -1.634281 
2252 -1.594539 
2253 -1.505795 
2254 -1.526590 
2255 -1.629603 
2256 -1.531322 
2257 -1.575279 
2258 -1.341438 
2259 -1.420849 
2260 -1.986888 
2261 -1.271027 
2262 -1.437036 
2263 -1.590804 
2264 -0.979310 
2265 -2.141113 
2266 -1.868962 
2267 0.738805 
2268 -0.078918 
2269 0.998333 
2270 -2.218753 
2271 -2.140107 
2272 -1.668863 
2273 -1.632557 
2274 -1.499801 
2275 -1.420675 
2276 -1.653996 
2277 -1.562786 
2278 -1.525128 
2279 -1.585907 
2280 -1.605198 
2281 -1.470285 
2282 -1.614890 
2283 -1.516510 
2284 -1.593539 
2285 -1.569047 
2286 -1.598399 
2287 -1.565040 
2288 -1.624982 
2289 -1.508253 
2290 -1.478188 
2291 -1.542336 
2292 -1.534562 
2293 -1.574042 
2294 -1.609565 
2295 -1.518811 
2296 -1.637767 
2297 -1.482711 
2298 -1.408116 
2299 -1.543790 
2300 -1.718081 
2301 -1.371410 
2302 -1.636036 
2303 -1.700422 
2304 -1.090968 
2305 -1.170653 
2306 -0.165356 
2307 -2.941178 
2308 -1.839108 
2309 -1.575830 
2310 -1.398104 
2311 -1.231763 
2312 -1.626717 
2313 -1.339417 
2314 -1.532066 
2315 -1.631137 
2316 -1.461763 
2317 -1.551613 
2318 -1.638875 
2319 -1.537477 
2320 -1.547061 
2321 -1.449726 
2322 -1.643194 
2323 -1.551330 
2324 -1.375417 
2325 -1.653753 
2326 -1.608709 
2327 -1.442940 
2328 -1.899167 
2329 -1.695495 
2330 -1.220120 
2331 1.586290 
2332 1.384827 
2333 1.892158 
2334 1.327811 
2335 1.725579 
2336 1.483255 
2337 1.573535 
2338 1.691007 
2339 1.417537 
2340 1.588522 
2341 1.446897 
2342 1.518124 
2343 1.491881 
2344 1.514829 
2345 1.602300 
2346 1.632441 
2347 1.344786 
2348 1.588297 
2349 1.480851 
2350 1.615651 
2351 1.541855 
2352 1.918575 
2353 1.580777 
2354 1.818210 
2355 -0.325939 
2356 1.475545 
2357 1.059968 
2358 1.208834 
2359 2.653332 
2360 1.248965 
2361 1.645542 
2362 1.864109 
2363 1.511339 
2364 1.628846 
2365 1.552254 
2366 1.513335 
2367 1.610941 
2368 1.496207 
2369 1.572631 
2370 1.752797 
2371 1.595193 
2372 1.632526 
2373 1.503521 
2374 1.543165 
2375 1.461759 
2376 1.532600 
2377 1.394076 
2378 1.666771 
2379 1.626916 
2380 1.585369 
2381 1.518724 
2382 1.604653 
2383 1.481865 
2384 1.677473 
2385 1.655229 
2386 1.544472 
2387 1.537259 
2388 1.610996 
2389 1.378698 
2390 1.612189 
2391 1.475451 
2392 -2.642133 
2393 -0.176058 
2394 -0.999635 
2395 -1.617721 
2396 1.108963 
2397 0.684796 
2398 0.761670 
2399 3.190922 
2400 1.327274 
2401 1.264521 
2402 2.087464 
2403 1.622797 
2404 1.472118 
2405 1.660332 
2406 1.436579 
2407 1.478305 
2408 1.500845 
2409 1.530787 
2410 1.613833 
2411 1.582180 
2412 1.600154 
2413 1.696075 
2414 1.521302 
2415 1.563194 
2416 1.597962 
2417 1.496549 
2418 1.614318 
2419 1.595226 
2420 1.550973 
2421 1.596598 
2422 1.614712 
2423 1.462609 
2424 1.531206 
2425 1.459525 
2426 1.607819 
2427 1.562437 
2428 1.581307 
2429 -1.843424 
2430 -1.059623 
2431 -1.877457 
2432 -2.582065 
2433 -1.138102 
2434 -1.337642 
2435 -1.458754 
2436 0.830482 
2437 0.967695 
2438 0.924300 
2439 2.928013 
2440 1.493773 
2441 1.655571 
2442 1.694934 
2443 1.562672 
2444 1.609277 
2445 1.640643 
2446 1.568582 
2447 1.570274 
2448 1.435784 
2449 1.576285 
2450 1.578048 
2451 1.543822 
2452 1.691073 
2453 1.575189 
2454 1.394268 
2455 1.518830 
2456 1.389650 
2457 1.570066 
2458 1.650836 
2459 1.619454 
2460 1.535366 
2461 1.726812 
2462 1.410328 
2463 1.638344 
2464 1.556405 
2465 1.438505 
2466 -1.824197 
2467 -1.342100 
2468 -1.684262 
2469 -1.827227 
2470 -1.104497 
2471 -1.767094 
2472 -2.515399 
2473 -1.276958 
2474 -1.255080 
2475 -1.155193 
2476 0.009491 
2477 1.260779 
2478 1.301251 
2479 2.346347 
2480 1.584808 
2481 1.682660 
2482 1.581129 
2483 1.620181 
2484 1.614643 
2485 1.620252 
2486 1.421286 
2487 1.511607 
2488 1.721980 
2489 1.552572 
2490 1.414921 
2491 1.609758 
2492 1.629383 
2493 1.636177 
2494 1.475678 
2495 1.477698 
2496 1.486999 
2497 1.598837 
2498 1.623813 
2499 1.688282 
2500 1.645380 
2501 1.526018 
2502 1.431780 
2503 -1.621944 
2504 -1.371423 
2505 -1.622256 
2506 -1.692564 
2507 -1.370897 
2508 -1.773871 
2509 -1.564814 
2510 -1.276170 
2511 -1.411396 
2512 -2.516172 
2513 -2.060056 
2514 -1.004588 
2515 -0.972898 
2516 -1.703257 
2517 1.300663 
2518 1.369269 
2519 0.974169 
2520 1.612345 
2521 1.537396 
2522 1.326565 
2523 1.922460 
2524 1.733712 
2525 1.589492 
2526 1.469074 
2527 1.326543 
2528 1.528134 
2529 1.457899 
2530 1.495520 
2531 1.715051 
2532 1.551899 
2533 1.595601 
2534 1.641720 
2535 1.390808 
2536 1.413995 
2537 1.602466 
2538 1.662015 
2539 1.570873 
2540 -1.387355 
2541 -1.565762 
2542 -1.784809 
2543 -1.503335 
2544 -1.527086 
2545 -1.596794 
2546 -1.626020 
2547 -1.622939 
2548 -1.559171 
2549 -1.588033 
2550 -1.334618 
2551 -1.577871 
2552 -2.153818 
2553 -2.318709 
2554 -0.877737 
2555 -0.970965 
2556 -2.994235 
2557 1.183022 
2558 0.755944 
2559 0.129426 
2560 1.715859 
2561 1.685287 
2562 1.017981 
2563 2.236559 
2564 1.585716 
2565 1.488401 
2566 1.585121 
2567 1.616707 
2568 1.712519 
2569 1.539854 
2570 1.587437 
2571 1.438962 
2572 1.637505 
2573 1.577447 
2574 1.561473 
2575 1.555230 
2576 1.443398 
2577 -1.539827 
2578 -1.514378 
2579 -1.659346 
2580 -1.559968 
2581 -1.574884 
2582 -1.622698 
2583 -1.571330 
2584 -1.471830 
2585 -1.638695 
2586 -1.668939 
2587 -1.431705 
2588 -1.705924 
2589 -1.614623 
2590 -1.460664 
2591 -1.547561 
2592 -2.078348 
2593 -2.406147 
2594 -0.915900 
2595 -0.882190 
2596 -3.496447 
2597 0.581389 
2598 0.763711 
2599 -0.664163 
2600 1.637719 
2601 1.727645 
2602 0.599859 
2603 2.376622 
2604 1.767248 
2605 1.261176 
2606 1.622127 
2607 1.645472 
2608 1.484340 
2609 1.724025 
2610 1.679499 
2611 1.408901 
2612 1.475920 
2613 1.572464 
2614 -1.623325 
2615 -1.543932 
2616 -1.450714 
2617 -1.574021 
2618 -1.691918 
2619 -1.443399 
2620 -1.430316 
2621 -1.749783 
2622 -1.495790 
2623 -1.583334 
2624 -1.572961 
2625 -1.479118 
2626 -1.577095 
2627 -1.715921 
2628 -1.704556 
2629 -1.624921 
2630 -1.603873 
2631 -1.280260 
2632 -2.095687 
2633 -2.429787 
2634 -0.972470 
2635 -0.794853 
2636 -3.586589 
2637 0.086707 
2638 0.129779 
2639 -1.152016 
2640 1.316482 
2641 1.239416 
2642 0.294363 
2643 3.122439 
2644 1.699044 
2645 0.728266 
2646 1.768424 
2647 1.815765 
2648 1.574818 
2649 1.732679 
2650 1.544827 
2651 -1.494795 
2652 -1.486866 
2653 -1.692157 
2654 -1.590928 
2655 -1.577598 
2656 -1.681914 
2657 -1.588015 
2658 -1.418657 
2659 -1.602535 
2660 -1.502793 
2661 -1.715315 
2662 -1.568792 
2663 -1.476526 
2664 -1.629679 
2665 -1.717471 
2666 -1.594013 
2667 -1.382147 
2668 -1.647962 
2669 -1.689987 
2670 -1.551301 
2671 -1.513349 
2672 -1.916209 
2673 -2.316606 
2674 -1.275506 
2675 -1.193335 
2676 -3.232438 
2677 -0.019447 
2678 -0.136903 
2679 -1.649845 
2680 0.981475 
2681 0.985277 
2682 -0.579542 
2683 3.305264 
2684 1.847931 
2685 0.483904 
2686 2.328873 
2687 1.374900 
2688 -1.537825 
2689 -1.542045 
2690 -1.625363 
2691 -1.556584 
2692 -1.536319 
2693 -1.578551 
2694 -1.616359 
2695 -1.578753 
2696 -1.545622 
2697 -1.495661 
2698 -1.627505 
2699 -1.606001 
2700 -1.529911 
2701 -1.542840 
2702 -1.602812 
2703 -1.606939 
2704 -1.622270 
2705 -1.408261 
2706 -1.557043 
2707 -1.712240 
2708 -1.505556 
2709 -1.716524 
2710 -1.635368 
2711 -1.529952 
2712 -1.928714 
2713 -2.023203 
2714 -1.244491 
2715 -1.488594 
2716 -2.588814 
2717 -0.373436 
2718 -0.312513 
2719 -2.361148 
2720 1.067246 
2721 0.984145 
2722 -1.382114 
2723 2.854275 
2724 0.182372 
2725 -1.861437 
2726 -1.940781 
2727 -1.813913 
2728 -1.577720 
2729 -1.572339 
2730 -1.490152 
2731 -1.721629 
2732 -1.800080 
2733 -1.647113 
2734 -1.481943 
2735 -1.486604 
2736 -1.706607 
2737 -1.578016 
2738 -1.385941 
2739 -1.665601 
2740 -1.586330 
2741 -1.680194 
2742 -1.632791 
2743 -1.499699 
2744 -1.578921 
2745 -1.685115 
2746 -1.658885 
2747 -1.492660 
2748 -1.510946 
2749 -1.600957 
2750 -1.501980 
2751 -1.653490 
2752 -1.863139 
2753 -1.811096 
2754 -1.504635 
2755 -1.469865 
2756 -2.963250 
2757 -0.550769 
2758 -0.638773 
2759 -1.769529 
2760 0.153727 
2761 -0.630835 
2762 -2.709178 
2763 -1.939072 
2764 -1.793175 
2765 -1.533653 
2766 -1.453863 
2767 -1.473824 
2768 -1.449489 
2769 -1.662446 
2770 -1.660571 
2771 -1.683031 
2772 -1.632408 
2773 -1.600170 
2774 -1.480405 
2775 -1.645460 
2776 -1.486276 
2777 -1.592929 
2778 -1.634125 
2779 -1.610088 
2780 -1.730682 
2781 -1.637330 
2782 -1.720911 
2783 -1.327739 
2784 -2.164265 
2785 -1.439611 
2786 0.958847 
2787 1.864425 
2788 1.372163 
2789 1.647899 
2790 1.537626 
2791 1.474345 
2792 1.564630 
2793 1.623369 
2794 1.557154 
2795 1.574098 
2796 1.610232 
2797 1.617988 
2798 1.682024 
2799 1.536539 
2800 1.573231 
2801 1.520966 
2802 1.757792 
2803 1.455354 
2804 1.458523 
2805 1.545502 
2806 1.594682 
2807 1.636027 
2808 1.835680 
2809 2.622025 
2810 0.585052 
2811 0.001362 
2812 1.483281 
2813 1.704105 
2814 0.683291 
2815 2.462208 
2816 1.759284 
2817 1.326149 
2818 1.529116 
2819 1.795491 
2820 1.532044 
2821 1.726347 
2822 1.553578 
2823 1.559746 
2824 1.550417 
2825 1.381338 
2826 1.644727 
2827 1.769647 
2828 1.752339 
2829 1.609737 
2830 1.599266 
2831 1.392693 
2832 1.617156 
2833 1.677971 
2834 1.384626 
2835 1.608719 
2836 1.638829 
2837 1.643004 
2838 1.590142 
2839 1.565169 
2840 1.568033 
2841 1.511961 
2842 1.566755 
2843 1.762575 
2844 1.720362 
2845 1.871161 
2846 2.038047 
2847 -0.298298 
2848 -2.720696 
2849 1.433713 
2850 0.983509 
2851 -0.940053 
2852 1.931000 
2853 1.736654 
2854 0.498704 
2855 2.148508 
2856 1.815832 
2857 1.520294 
2858 1.480741 
2859 1.370653 
2860 1.612105 
2861 1.603880 
2862 1.412732 
2863 1.651437 
2864 1.479572 
2865 1.600863 
2866 1.654158 
2867 1.622361 
2868 1.545541 
2869 1.681215 
2870 1.571312 
2871 1.629513 
2872 1.612684 
2873 1.593275 
2874 1.493477 
2875 1.557830 
2876 1.685764 
2877 1.500529 
2878 1.635736 
2879 1.524947 
2880 1.518604 
2881 1.521740 
2882 1.410080 
2883 1.641168 
2884 -1.418976 
2885 -3.250464 
2886 -0.498008 
2887 -0.514926 
2888 -3.730467 
2889 0.242037 
2890 0.480934 
2891 -0.903405 
2892 1.670337 
2893 1.454099 
2894 0.540665 
2895 2.816067 
2896 1.665215 
2897 1.235973 
2898 1.798214 
2899 1.562949 
2900 1.687835 
2901 1.407347 
2902 1.629269 
2903 1.469594 
2904 1.573310 
2905 1.458361 
2906 1.618694 
2907 1.624544 
2908 1.688317 
2909 1.633263 
2910 1.501458 
2911 1.511587 
2912 1.573532 
2913 1.522240 
2914 1.578313 
2915 1.549048 
2916 1.470123 
2917 1.618916 
2918 1.572366 
2919 1.667843 
2920 1.557566 
2921 -1.650472 
2922 -1.779426 
2923 -1.312487 
2924 -1.763909 
2925 -2.697914 
2926 -0.949156 
2927 -1.002189 
2928 -3.764259 
2929 -0.161196 
2930 -0.092898 
2931 -0.897308 
2932 1.382885 
2933 1.315094 
2934 0.790510 
2935 3.099612 
2936 1.509608 
2937 1.454602 
2938 1.494724 
2939 1.789761 
2940 1.536642 
2941 1.616060 
2942 1.599473 
2943 1.566044 
2944 1.479815 
2945 1.725787 
2946 1.532757 
2947 1.506354 
2948 1.516874 
2949 1.658147 
2950 1.510110 
2951 1.592187 
2952 1.487807 
2953 1.642860 
2954 1.583159 
2955 1.539628 
2956 1.666970 
2957 1.621128 
2958 -1.468161 
2959 -1.582334 
2960 -1.636530 
2961 -1.466329 
2962 -1.557507 
2963 -1.508271 
2964 -1.704220 
2965 -2.034672 
2966 -1.364059 
2967 -1.314816 
2968 -3.490209 
2969 -0.646984 
2970 -0.560938 
2971 -0.925965 
2972 0.797578 
2973 0.613072 
2974 0.927414 
2975 3.353982 
2976 1.384030 
2977 1.721798 
2978 1.652152 
2979 1.752117 
2980 1.648134 
2981 1.425313 
2982 1.555322 
2983 1.524968 
2984 1.681195 
2985 1.729497 
2986 1.523313 
2987 1.386409 
2988 1.613820 
2989 1.616224 
2990 1.585453 
2991 1.585812 
2992 1.435844 
2993 1.583408 
2994 1.636119 
2995 -1.615428 
2996 -1.525566 
2997 -1.638830 
2998 -1.561442 
2999 -1.499659 
3000 -1.497208 
3001 -1.490326 
3002 -1.535046 
3003 -1.636409 
3004 -1.681823 
3005 -1.627575 
3006 -1.468029 
3007 -1.568182 
3008 -3.261566 
3009 -1.038355 
3010 -1.045247 
3011 -1.121586 
3012 -0.027103 
3013 -0.027561 
3014 0.828573 
3015 3.438468 
3016 0.857037 
3017 1.759858 
3018 1.859208 
3019 2.012575 
3020 1.681288 
3021 1.549033 
3022 1.391537 
3023 1.535597 
3024 1.591594 
3025 1.617670 
3026 1.605655 
3027 1.599061 
3028 1.618092 
3029 1.639042 
3030 1.607590 
3031 1.503676 
3032 -1.719756 
3033 -1.431978 
3034 -1.544486 
3035 -1.602131 
3036 -1.730660 
3037 -1.591738 
3038 -1.550135 
3039 -1.487461 
3040 -1.594685 
3041 -1.565514 
3042 -1.648372 
3043 -1.699176 
3044 -1.537462 
3045 -1.589664 
3046 -1.553234 
3047 -1.569700 
3048 -2.672760 
3049 -1.460470 
3050 -1.468014 
3051 -1.034296 
3052 -1.898138 
3053 -1.424786 
3054 1.132537 
3055 1.462514 
3056 0.687946 
3057 2.119946 
3058 2.293172 
3059 1.913455 
3060 1.688701 
3061 1.381545 
3062 1.426018 
3063 1.647867 
3064 1.674329 
3065 1.480456 
3066 1.543509 
3067 1.524246 
3068 1.561815 
3069 -1.568368 
3070 -1.555340 
3071 -1.590298 
3072 -1.503859 
3073 -1.590979 
3074 -1.465987 
3075 -1.623317 
3076 -1.615073 
3077 -1.563613 
3078 -1.471709 
3079 -1.679522 
3080 -1.620740 
3081 -1.508149 
3082 -1.440152 
3083 -1.571042 
3084 -1.360323 
3085 -1.479974 
3086 -1.646996 
3087 -1.773396 
3088 -1.841591 
3089 -1.955802 
3090 -1.793765 
3091 -1.225942 
3092 -2.146710 
3093 -2.090359 
3094 0.198296 
3095 0.003357 
3096 0.168261 
3097 1.931080 
3098 2.082991 
3099 1.772376 
3100 1.649323 
3101 1.501822 
3102 1.562057 
3103 1.706759 
3104 1.486809 
3105 1.540660 
3106 -1.529680 
3107 -1.567153 
3108 -1.516046 
3109 -1.541866 
3110 -1.527853 
3111 -1.643097 
3112 -1.567443 
3113 -1.646230 
3114 -1.523813 
3115 -1.554188 
3116 -1.538393 
3117 -1.660124 
3118 -1.522901 
3119 -1.578196 
3120 -1.571243 
3121 -1.349268 
3122 -1.567053 
3123 -1.722867 
3124 -1.397168 
3125 -1.287599 
3126 -1.559571 
3127 -1.679967 
3128 -1.397661 
3129 -1.815629 
3130 -1.917646 
3131 -1.239357 
3132 -2.402471 
3133 -2.135105 
3134 -0.163210 
3135 -0.885645 
3136 -0.838449 
3137 1.690511 
3138 1.753516 
3139 1.610659 
3140 1.633726 
3141 1.235601 
3142 1.988520 
3143 -1.540801 
3144 -1.482619 
3145 -1.626412 
3146 -1.574859 
3147 -1.521297 
3148 -1.523884 
3149 -1.546531 
3150 -1.584955 
3151 -1.633996 
3152 -1.540011 
3153 -1.461414 
3154 -1.625743 
3155 -1.556180 
3156 -1.642810 
3157 -1.648414 
3158 -1.497211 
3159 -1.642298 
3160 -1.524229 
3161 -1.510934 
3162 -1.704852 
3163 -1.638613 
3164 -1.606421 
3165 -1.399449 
3166 -1.659169 
3167 -1.519694 
3168 -1.290136 
3169 -1.725593 
3170 -1.943564 
3171 -1.229960 
3172 -2.154164 
3173 -2.119227 
3174 -0.796764 
3175 -0.998723 
3176 -1.018031 
3177 0.920521 
3178 0.742441 
3179 2.718223 
3180 -1.506159 
3181 -1.777745 
3182 -1.442721 
3183 -1.459939 
3184 -1.662184 
3185 -1.461831 
3186 -1.604582 
3187 -1.459677 
3188 -1.481638 
3189 -1.536345 
3190 -1.547844 
3191 -1.529870 
3192 -1.651349 
3193 -1.530468 
3194 -1.601092 
3195 -1.456193 
3196 -1.600595 
3197 -1.525305 
3198 -1.406184 
3199 -1.496635 
3200 -1.549820 
3201 -1.653638 
3202 -1.540465 
3203 -1.578672 
3204 -1.354138 
3205 -1.338693 
3206 -1.586243 
3207 -1.702563 
3208 -1.464540 
3209 -1.689971 
3210 -1.641137 
3211 -1.488624 
3212 -2.288459 
3213 -2.030950 
3214 -1.043859 
3215 -1.023865 
3216 0.269277 
3217 -2.102166 
3218 -1.630062 
3219 -1.665207 
3220 -1.545782 
3221 -1.683883 
3222 -1.517791 
3223 -1.438473 
3224 -1.549891 
3225 -1.486407 
3226 -1.460623 
3227 -1.593372 
3228 -1.580157 
3229 -1.549045 
3230 -1.513322 
3231 -1.559728 
3232 -1.537184 
3233 -1.602506 
3234 -1.707000 
3235 -1.481797 
3236 -1.568540 
3237 -1.342994 
3238 -1.718235 
3239 -1.449503 
3240 -1.224971 
3241 1.416628 
3242 1.613830 
3243 2.162768 
3244 1.635960 
3245 1.553313 
3246 1.522044 
3247 1.385289 
3248 1.594716 
3249 1.512063 
3250 1.492416 
3251 1.579205 
3252 1.658119 
3253 1.535761 
3254 1.495782 
3255 1.507144 
3256 1.435999 
3257 1.669156 
3258 1.428321 
3259 1.754085 
3260 1.342056 
3261 1.238123 
3262 1.805781 
3263 1.761507 
3264 3.236179 
3265 0.188062 
3266 0.782730 
3267 0.836877 
3268 1.269290 
3269 1.983677 
3270 1.844599 
3271 1.772343 
3272 1.664015 
3273 1.516460 
3274 1.471860 
3275 1.455442 
3276 1.450895 
3277 1.564972 
3278 1.560078 
3279 1.691200 
3280 1.648094 
3281 1.478028 
3282 1.647159 
3283 1.519368 
3284 1.499336 
3285 1.594422 
3286 1.520611 
3287 1.542391 
3288 1.629626 
3289 1.611668 
3290 1.459267 
3291 1.576382 
3292 1.616048 
3293 1.580952 
3294 1.625965 
3295 1.492051 
3296 1.282376 
3297 1.766137 
3298 1.810253 
3299 1.517413 
3300 2.263651 
3301 2.277942 
3302 -0.830430 
3303 -0.307402 
3304 -0.442428 
3305 -0.669846 
3306 1.991775 
3307 2.054577 
3308 1.001241 
3309 1.966935 
3310 2.105016 
3311 1.722122 
3312 1.676138 
3313 1.439402 
3314 1.580996 
3315 1.333889 
3316 1.733581 
3317 1.407287 
3318 1.500885 
3319 1.554236 
3320 1.435985 
3321 1.599843 
3322 1.543346 
3323 1.629227 
3324 1.630055 
3325 1.559667 
3326 1.499950 
3327 1.559541 
3328 1.570553 
3329 1.537797 
3330 1.575263 
3331 1.610803 
3332 1.580904 
3333 1.564011 
3334 1.486392 
3335 1.566616 
3336 1.356689 
3337 1.889445 
3338 1.609313 
3339 -1.441345 
3340 -1.672107 
3341 -2.075553 
3342 -2.063354 
3343 -1.196155 
3344 -2.127030 
3345 -2.032754 
3346 0.696559 
3347 0.800281 
3348 0.572305 
3349 1.667091 
3350 2.261611 
3351 2.118571 
3352 1.515256 
3353 1.584490 
3354 1.571259 
3355 1.607178 
3356 1.520816 
3357 1.659449 
3358 1.606753 
3359 1.538491 
3360 1.547483 
3361 1.546872 
3362 1.586507 
3363 1.610506 
3364 1.489691 
3365 1.708102 
3366 1.561781 
3367 1.403753 
3368 1.631387 
3369 1.469001 
3370 1.644707 
3371 1.638254 
3372 1.617228 
3373 1.477814 
3374 1.623472 
3375 1.484498 
3376 -1.399534 
3377 -1.393470 
3378 -1.667185 
3379 -1.576610 
3380 -1.561218 
3381 -1.978821 
3382 -1.728690 
3383 -1.283782 
3384 -2.174867 
3385 -2.201393 
3386 -0.201069 
3387 0.475137 
3388 0.472439 
3389 0.960077 
3390 2.260450 
3391 2.441633 
3392 1.463927 
3393 1.491080 
3394 1.779434 
3395 1.515572 
3396 1.531761 
3397 1.461575 
3398 1.661992 
3399 1.644004 
3400 1.722506 
3401 1.556774 
3402 1.510013 
3403 1.443544 
3404 1.495554 
3405 1.650452 
3406 1.637066 
3407 1.604142 
3408 1.496361 
3409 1.621193 
3410 1.533849 
3411 1.624236 
3412 1.646879 
3413 -1.432702 
3414 -1.468272 
3415 -1.686898 
3416 -1.432524 
3417 -1.480031 
3418 -1.717157 
3419 -1.584153 
3420 -1.317906 
3421 -1.647800 
3422 -1.939658 
3423 -1.374904 
3424 -2.097347 
3425 -2.242194 
3426 -1.232606 
3427 0.558983 
3428 0.455536 
3429 0.769924 
3430 2.298230 
3431 2.616282 
3432 1.296853 
3433 1.788393 
3434 1.571849 
3435 1.615024 
3436 1.576808 
3437 1.489653 
3438 1.483733 
3439 1.641573 
3440 1.544478 
3441 1.627769 
3442 1.555834 
3443 1.518394 
3444 1.460574 
3445 1.610151 
3446 1.713924 
3447 1.527142 
3448 1.395510 
3449 1.644143 
3450 -1.594799 
3451 -1.587608 
3452 -1.614878 
3453 -1.530311 
3454 -1.474594 
3455 -1.699855 
3456 -1.429575 
3457 -1.353661 
3458 -1.770691 
3459 -1.599672 
3460 -1.528563 
3461 -1.659981 
3462 -1.760826 
3463 -1.327524 
3464 -1.867716 
3465 -1.878305 
3466 -1.862220 
3467 0.594576 
3468 0.414775 
3469 0.178823 
3470 2.450842 
3471 2.231154 
3472 0.984739 
3473 2.050379 
3474 1.707459 
3475 1.482141 
3476 1.523558 
3477 1.637825 
3478 1.474706 
3479 1.451224 
3480 1.539436 
3481 1.565138 
3482 1.549584 
3483 1.508132 
3484 1.579230 
3485 1.518190 
3486 1.616748 
3487 -1.656777 
3488 -1.455796 
3489 -1.550825 
3490 -1.652152 
3491 -1.603067 
3492 -1.629086 
3493 -1.532328 
3494 -1.552737 
3495 -1.521201 
3496 -1.530498 
3497 -1.477118 
3498 -1.519522 
3499 -1.490101 
3500 -1.395990 
3501 -1.510151 
3502 -1.666564 
3503 -1.777984 
3504 -1.389306 
3505 -1.932120 
3506 -2.321437 
3507 0.378178 
3508 0.188450 
3509 -0.241721 
3510 2.273002 
3511 2.523828 
3512 0.823126 
3513 1.795283 
3514 1.977767 
3515 1.541952 
3516 1.530530 
3517 1.582094 
3518 1.567977 
3519 1.487665 
3520 1.758636 
3521 1.499460 
3522 1.565045 
3523 1.480284 
3524 -1.488096 
3525 -1.503091 
3526 -1.601635 
3527 -1.545988 
3528 -1.673997 
3529 -1.487425 
3530 -1.536101 
3531 -1.596969 
3532 -1.586802 
3533 -1.616805 
3534 -1.645450 
3535 -1.484558 
3536 -1.539076 
3537 -1.441190 
3538 -1.633208 
3539 -1.747962 
3540 -1.338063 
3541 -1.497540 
3542 -1.652393 
3543 -1.664627 
3544 -1.628515 
3545 -1.576633 
3546 -2.555015 
3547 0.123747 
3548 0.164313 
3549 -0.986746 
3550 2.160434 
3551 2.301259 
3552 0.394419 
3553 2.227484 
3554 2.040276 
3555 1.407055 
3556 1.529656 
3557 1.560763 
3558 1.604948 
3559 1.454791 
3560 1.533526 
3561 -1.537328 
3562 -1.500931 
3563 -1.638177 
3564 -1.669157 
3565 -1.621952 
3566 -1.442779 
3567 -1.550393 
3568 -1.512595 
3569 -1.628646 
3570 -1.507986 
3571 -1.628619 
3572 -1.685723 
3573 -1.451142 
3574 -1.496511 
3575 -1.611484 
3576 -1.460138 
3577 -1.575342 
3578 -1.660396 
3579 -1.464288 
3580 -1.398841 
3581 -1.538228 
3582 -1.562003 
3583 -1.548426 
3584 -1.647972 
3585 -1.775030 
3586 -2.522466 
3587 -0.411884 
3588 -0.767534 
3589 -2.761366 
3590 1.087724 
3591 1.352464 
3592 -0.145696 
3593 2.350151 
3594 2.303702 
3595 1.081136 
3596 1.562012 
3597 1.509203 
3598 -1.736969 
3599 -1.506064 
3600 -1.650644 
3601 -1.644871 
3602 -1.620763 
3603 -1.473785 
3604 -1.663238 
3605 -1.520349 
3606 -1.603226 
3607 -1.547080 
3608 -1.639687 
3609 -1.337710 
3610 -1.510326 
3611 -1.711445 
3612 -1.536216 
3613 -1.643438 
3614 -1.573528 
3615 -1.580190 
3616 -1.534144 
3617 -1.530629 
3618 -1.526349 
3619 -1.523813 
3620 -1.506630 
3621 -1.580661 
3622 -1.630944 
3623 -1.555892 
3624 -1.794936 
3625 -1.950222 
3626 -2.027152 
3627 -0.601418 
3628 -1.044600 
3629 -3.282017 
3630 0.468727 
3631 0.523983 
3632 -0.588877 
3633 1.417557 
3634 0.553431 
3635 -3.134878 
3636 -1.769330 
3637 -1.620726 
3638 -1.452343 
3639 -1.250174 
3640 -1.600017 
3641 -1.533404 
3642 -1.624366 
3643 -1.616653 
3644 -1.508959 
3645 -1.599553 
3646 -1.551546 
3647 -1.585057 
3648 -1.636201 
3649 -1.680129 
3650 -1.500680 
3651 -1.564436 
3652 -1.641358 
3653 -1.683808 
3654 -1.470957 
3655 -1.491707 
3656 -1.518423 
3657 -1.559841 
3658 -1.591278 
3659 -1.679793 
3660 -1.530554 
3661 -1.643480 
3662 -1.626817 
3663 -1.450927 
3664 -1.559057 
3665 -1.574018 
3666 -2.174421 
3667 -1.006441 
3668 -1.630236 
3669 -2.841186 
3670 -0.308465 
3671 -1.645099 
3672 -1.696947 
3673 -1.804109 
3674 -1.333735 
3675 -1.199366 
3676 -1.435136 
3677 -1.588527 
3678 -1.539129 
3679 -1.723725 
3680 -1.633887 
3681 -1.495467 
3682 -1.731156 
3683 -1.463200 
3684 -1.611047 
3685 -1.533487 
3686 -1.505946 
3687 -1.633672 
3688 -1.476968 
3689 -1.467914 
3690 -1.502991 
3691 -1.777045 
3692 -1.553536 
3693 -1.597010 
3694 -1.617656 
3695 -1.412569 
3696 1.394841 
3697 1.712861 
3698 1.520906 
3699 1.677890 
3700 1.613730 
3701 1.624563 
3702 1.476828 
3703 1.590766 
3704 1.490172 
3705 1.656525 
3706 1.552661 
3707 1.608746 
3708 1.581783 
3709 1.440650 
3710 1.606617 
3711 1.611998 
3712 1.531877 
3713 1.580241 
3714 1.525880 
3715 1.657261 
3716 1.170842 
3717 2.123771 
3718 1.296527 
3719 1.576876 
3720 1.154961 
3721 0.818782 
3722 2.154258 
3723 2.338569 
3724 1.144029 
3725 1.695741 
3726 1.796192 
3727 1.596463 
3728 1.509758 
3729 1.528303 
3730 1.635691 
3731 1.499264 
3732 1.469036 
3733 1.646410 
3734 1.625860 
3735 1.570335 
3736 1.416536 
3737 1.693615 
3738 1.541103 
3739 1.563296 
3740 1.505364 
3741 1.590105 
3742 1.545774 
3743 1.609883 
3744 1.646065 
3745 1.538283 
3746 1.456407 
3747 1.550736 
3748 1.611986 
3749 1.620535 
3750 1.614710 
3751 1.475296 
3752 1.594096 
3753 1.501458 
3754 1.627824 
3755 1.901204 
3756 3.323978 
3757 -0.470894 
3758 -0.827656 
3759 0.504784 
3760 0.436800 
3761 0.465629 
3762 2.558813 
3763 2.318095 
3764 0.931692 
3765 1.785750 
3766 1.816446 
3767 1.844526 
3768 1.560645 
3769 1.694705 
3770 1.485841 
3771 1.482474 
3772 1.736108 
3773 1.555508 
3774 1.510234 
3775 1.482731 
3776 1.621718 
3777 1.697138 
3778 1.507791 
3779 1.473969 
3780 1.573676 
3781 1.665929 
3782 1.586229 
3783 1.535870 
3784 1.568378 
3785 1.641173 
3786 1.682869 
3787 1.464934 
3788 1.496256 
3789 1.618005 
3790 1.707113 
3791 1.528160 
3792 1.831339 
3793 1.788093 
3794 -1.217605 
3795 -1.344825 
3796 -1.844490 
3797 -1.588191 
3798 -2.403154 
3799 -0.252635 
3800 0.004484 
3801 -0.451706 
3802 2.257932 
3803 2.271228 
3804 0.862121 
3805 1.877823 
3806 1.991364 
3807 1.925031 
3808 1.642068 
3809 1.375656 
3810 1.579608 
3811 1.479845 
3812 1.721887 
3813 1.503368 
3814 1.505780 
3815 1.629181 
3816 1.535965 
3817 1.554881 
3818 1.579118 
3819 1.642036 
3820 1.537641 
3821 1.521213 
3822 1.602305 
3823 1.630144 
3824 1.534833 
3825 1.477769 
3826 1.609470 
3827 1.579344 
3828 1.542317 
3829 1.587622 
3830 1.689735 
3831 -1.469456 
3832 -1.342771 
3833 -1.525195 
3834 -1.606145 
3835 -1.809941 
3836 -1.705420 
3837 -1.796709 
3838 -2.439095 
3839 -0.405640 
3840 -1.172991 
3841 -1.904266 
3842 1.578532 
3843 1.374657 
3844 0.507523 
3845 1.872999 
3846 1.995021 
3847 2.017586 
3848 1.562319 
3849 1.476621 
3850 1.695092 
3851 1.380238 
3852 1.565608 
3853 1.607206 
3854 1.521564 
3855 1.545005 
3856 1.480810 
3857 1.488269 
3858 1.611007 
3859 1.669231 
3860 1.425209 
3861 1.605655 
3862 1.598666 
3863 1.666627 
3864 1.648009 
3865 1.653640 
3866 1.418413 
3867 1.548211 
3868 -1.561036 
3869 -1.402264 
3870 -1.675238 
3871 -1.683131 
3872 -1.324746 
3873 -1.648889 
3874 -1.550432 
3875 -1.421345 
3876 -1.735383 
3877 -1.828814 
3878 -2.008893 
3879 -0.921702 
3880 -2.093781 
3881 -2.207501 
3882 0.351639 
3883 0.181220 
3884 0.387355 
3885 2.002097 
3886 1.803679 
3887 1.993058 
3888 1.563487 
3889 1.548417 
3890 1.658253 
3891 1.374924 
3892 1.664106 
3893 1.475809 
3894 1.480140 
3895 1.653044 
3896 1.562166 
3897 1.669036 
3898 1.503036 
3899 1.554748 
3900 1.682494 
3901 1.704465 
3902 1.511122 
3903 1.437349 
3904 1.579419 
3905 -1.519746 
3906 -1.589298 
3907 -1.686492 
3908 -1.444461 
3909 -1.595347 
3910 -1.644764 
3911 -1.648083 
3912 -1.566082 
3913 -1.547768 
3914 -1.469452 
3915 -1.683471 
3916 -1.784978 
3917 -1.773644 
3918 -1.846519 
3919 -0.856170 
3920 -2.365295 
3921 -2.175435 
3922 0.088246 
3923 -0.019123 
3924 0.162367 
3925 1.869613 
3926 1.777555 
3927 2.258985 
3928 1.441967 
3929 1.552593 
3930 1.806603 
3931 1.384138 
3932 1.429702 
3933 1.647380 
3934 1.523248 
3935 1.683455 
3936 1.611890 
3937 1.659418 
3938 1.556326 
3939 1.598190 
3940 1.637176 
3941 1.548459 
3942 -1.614145 
3943 -1.463545 
3944 -1.565409 
3945 -1.630057 
3946 -1.572720 
3947 -1.544611 
3948 -1.584923 
3949 -1.612018 
3950 -1.583744 
3951 -1.519834 
3952 -1.547297 
3953 -1.515580 
3954 -1.594300 
3955 -1.545784 
3956 -1.653498 
3957 -1.718665 
3958 -1.811934 
3959 -1.187774 
3960 -2.436455 
3961 -2.265561 
3962 -0.309308 
3963 -0.254651 
3964 0.157224 
3965 1.885037 
3966 1.803027 
3967 2.330057 
3968 1.719507 
3969 1.596971 
3970 1.728692 
3971 1.335952 
3972 1.575029 
3973 1.477947 
3974 1.530992 
3975 1.595693 
3976 1.758525 
3977 1.558011 
3978 1.347441 
3979 -1.425261 
3980 -1.553048 
3981 -1.630675 
3982 -1.647707 
3983 -1.546843 
3984 -1.571936 
3985 -1.608960 
3986 -1.617134 
3987 -1.570899 
3988 -1.542375 
3989 -1.608051 
3990 -1.597177 
3991 -1.547995 
3992 -1.433190 
3993 -1.578632 
3994 -1.671389 
3995 -1.500596 
3996 -1.841488 
3997 -1.782372 
3998 -1.501530 
3999 -1.349439 
4000 -2.410252 
4001 -1.990090 
4002 -0.549027 
4003 -0.561036 
4004 -0.052874 
4005 1.723619 
4006 1.387901 
4007 2.321665 
4008 1.542593 
4009 1.558708 
4010 1.941895 
4011 1.696797 
4012 1.588183 
4013 1.739341 
4014 1.466487 
4015 1.484298 
4016 -1.603544 
4017 -1.498451 
4018 -1.596891 
4019 -1.490415 
4020 -1.454605 
4021 -1.560060 
4022 -1.602505 
4023 -1.595806 
4024 -1.582872 
4025 -1.467736 
4026 -1.554527 
4027 -1.506522 
4028 -1.606128 
4029 -1.506976 
4030 -1.537423 
4031 -1.633123 
4032 -1.668717 
4033 -1.462185 
4034 -1.392285 
4035 -1.775834 
4036 -1.775736 
4037 -1.590610 
4038 -1.526280 
4039 -1.542548 
4040 -2.422708 
4041 -2.257174 
4042 -0.805648 
4043 -1.006251 
4044 -1.296001 
4045 0.716894 
4046 0.872738 
4047 1.672247 
4048 1.503549 
4049 1.448871 
4050 1.672796 
4051 2.126189 
4052 1.344788 
4053 -1.756332 
4054 -1.561423 
4055 -1.489754 
4056 -1.619222 
4057 -1.653747 
4058 -1.449106 
4059 -1.577172 
4060 -1.449878 
4061 -1.660383 
4062 -1.546671 
4063 -1.647044 
4064 -1.510223 
4065 -1.586434 
4066 -1.613796 
4067 -1.515721 
4068 -1.465997 
4069 -1.759265 
4070 -1.536565 
4071 -1.528021 
4072 -1.560736 
4073 -1.637958 
4074 -1.531312 
4075 -1.481551 
4076 -1.430430 
4077 -2.025959 
4078 -1.411116 
4079 -1.589840 
4080 -2.200490 
4081 -1.866721 
4082 -1.446688 
4083 -1.154179 
4084 -2.591029 
4085 -1.107950 
4086 -0.962876 
4087 0.230200 
4088 0.240420 
4089 0.892701 
4090 -2.265263 
4091 -2.256205 
4092 -1.591138 
4093 -1.598639 
4094 -1.577026 
4095 -1.478489 
4096 -1.605548 
4097 -1.588706 
4098 -1.544804 
4099 -1.578240 
4100 -1.495145 
4101 -1.601385 
4102 -1.666274 
4103 -1.671392 
4104 -1.608639 
4105 -1.449773 
4106 -1.683109 
4107 -1.507612 
4108 -1.596448 
4109 -1.591362 
4110 -1.527877 
4111 -1.563141 
4112 -1.611340 
4113 -1.643590 
4114 -1.483752 
4115 -1.536943 
4116 -1.560691 
4117 -1.462259 
4118 -1.440719 
4119 -1.701070 
4120 -1.814950 
4121 -1.737668 
4122 -1.489393 
4123 -1.412488 
4124 -1.077759 
4125 -0.572249 
4126 -0.448124 
4127 -3.317589 
4128 -1.767819 
4129 -1.660791 
4130 -1.315151 
4131 -1.469216 
4132 -1.761000 
4133 -1.467331 
4134 -1.638072 
4135 -1.598509 
4136 -1.593432 
4137 -1.494173 
4138 -1.557810 
4139 -1.572938 
4140 -1.518019 
4141 -1.571358 
4142 -1.585620 
4143 -1.703256 
4144 -1.534331 
4145 -1.428752 
4146 -1.690018 
4147 -1.552423 
4148 -2.088208 
4149 -2.152307 
4150 -1.345577 
4151 0.881732 
4152 1.249517 
4153 1.869883 
4154 1.612819 
4155 1.522326 
4156 1.510808 
4157 1.611223 
4158 1.715251 
4159 1.403146 
4160 1.420069 
4161 1.360923 
4162 1.522404 
4163 1.869642 
4164 -0.522924 
4165 0.372823 
4166 1.649807 
4167 3.590672 
4168 1.552987 
4169 1.567099 
4170 1.542530 
4171 1.569331 
4172 1.686512 
4173 1.626405 
4174 1.423788 
4175 1.575137 
4176 3.725011 
4177 -1.025725 
4178 -0.414701 
4179 0.222370 
4180 1.127703 
4181 1.779359 
4182 1.835818 
4183 1.604604 
4184 1.657642 
4185 1.546411 
4186 1.572911 
4187 1.678352 
4188 1.656500 
4189 1.710591 
4190 -1.599577 
4191 -1.375629 
4192 -0.921115 
4193 0.226078 
4194 1.563212 
4195 3.224622 
4196 1.617887 
4197 1.516705 
4198 1.689213 
4199 1.617290 
4200 1.545270 
4201 1.503106 
4202 1.548843 
4203 -1.690401 
4204 -2.503283 
4205 -2.066469 
4206 -0.824960 
4207 0.069314 
4208 1.045488 
4209 1.699470 
4210 1.789187 
4211 1.596528 
4212 1.508648 
4213 1.593645 
4214 1.613241 
4215 1.625368 
4216 -1.554577 
4217 -1.505512 
4218 -1.659025 
4219 -1.512362 
4220 -1.109598 
4221 0.276212 
4222 1.100493 
4223 3.380330 
4224 1.697004 
4225 1.607081 
4226 1.576423 
4227 1.416878 
4228 1.540913 
4229 -1.610415 
4230 -1.527999 
4231 -1.606772 
4232 -2.313639 
4233 -2.346740 
4234 -0.950583 
4235 0.129954 
4236 1.202013 
4237 1.962135 
4238 1.604492 
4239 1.332747 
4240 1.441260 
4241 1.483565 
4242 -1.747928 
4243 -1.741788 
4244 -1.485644 
4245 -1.463603 
4246 -1.615961 
4247 -1.649989 
4248 -1.277311 
4249 0.172475 
4250 1.589779 
4251 2.768220 
4252 1.643132 
4253 1.603342 
4254 1.406513 
4255 -1.561164 
4256 -1.556854 
4257 -1.565969 
4258 -1.614482 
4259 -1.574302 
4260 -2.368495 
4261 -2.319051 
4262 -1.149084 
4263 0.028296 
4264 0.946479 
4265 1.732163 
4266 2.121938 
4267 1.660919 
4268 -1.408235 
4269 -1.526318 
4270 -1.696419 
4271 -1.547489 
4272 -1.585435 
4273 -1.621273 
4274 -1.495954 
4275 -1.522004 
4276 -2.314956 
4277 -0.740089 
4278 1.107873 
4279 2.139935 
4280 1.333344 
4281 -1.729491 
4282 -1.570122 
4283 -1.475270 
4284 -1.455016 
4285 -1.681610 
4286 -1.533727 
4287 -1.486890 
4288 -2.260284 
4289 -2.013621 
4290 -1.497380 
4291 -0.652741 
4292 0.097988 
4293 0.713955 
4294 -2.711117 
4295 -1.979862 
4296 -1.714929 
4297 -1.502938 
4298 -1.477340 
4299 -1.555248 
4300 -1.472572 
4301 -1.601583 
4302 -1.640912 
4303 -1.682526 
4304 -1.306481 
4305 -0.935426 
4306 -0.396580 
4307 -2.857901 
4308 -1.662745 
4309 -1.643765 
4310 -1.629702 
4311 -1.501373 
4312 -1.586479 
4313 -1.552418 
4314 -1.495658 
4315 -1.587527 
4316 -1.771061 
4317 -1.637142 
4318 -1.787746 
4319 -1.372422 
4320 1.289551 
4321 1.579727 
4322 1.719904 
4323 1.591746 
4324 1.675743 
4325 1.439818 
4326 1.640019 
4327 1.602988 
4328 1.595260 
4329 1.534582 
4330 1.469932 
4331 1.624009 
4332 2.430930 
4333 0.523223 
4334 0.974907 
4335 1.816109 
4336 1.622662 
4337 1.622312 
4338 1.351310 
4339 1.488293 
4340 1.511925 
4341 1.819593 
4342 1.522011 
4343 1.474773 
4344 1.900568 
4345 2.857371 
4346 -0.282780 
4347 0.417422 
4348 0.909348 
4349 1.733865 
4350 1.807005 
4351 1.671021 
4352 1.578648 
4353 1.601898 
4354 1.645466 
4355 1.455513 
4356 1.522200 
4357 1.830691 
4358 1.700453 
4359 -1.184189 
4360 -0.931512 
4361 0.405126 
4362 1.722861 
4363 2.836193 
4364 1.751463 
4365 1.352760 
4366 1.438395 
4367 1.637367 
4368 1.635447 
4369 1.494972 
4370 1.553230 
4371 1.655679 
4372 -2.771877 
4373 -2.038353 
4374 -1.224808 
4375 -0.099708 
4376 0.796955 
4377 1.642966 
4378 1.847613 
4379 2.006655 
4380 1.550847 
4381 1.667528 
4382 1.553212 
4383 1.473504 
4384 1.452887 
4385 -1.660599 
4386 -1.587565 
4387 -1.687722 
4388 -2.690929 
4389 -1.078326 
4390 0.570080 
4391 1.856397 
4392 1.630291 
4393 1.482003 
4394 1.540514 
4395 1.614741 
4396 1.413091 
4397 1.551160 
4398 -1.752190 
4399 -1.505724 
4400 -1.743756 
4401 -1.873654 
4402 -1.697139 
4403 -1.102041 
4404 -0.190500 
4405 0.992435 
4406 2.163371 
4407 2.489501 
4408 1.550229 
4409 1.491891 
4410 1.570540 
4411 -1.473853 
4412 -1.540731 
4413 -1.519605 
4414 -1.507513 
4415 -1.696250 
4416 -2.869704 
4417 -1.974759 
4418 -0.541439 
4419 0.300069 
4420 1.084741 
4421 1.508150 
4422 1.850545 
4423 2.038949 
4424 -1.614557 
4425 -1.665222 
4426 -1.657139 
4427 -1.405499 
4428 -1.382976 
4429 -1.603526 
4430 -1.651515 
4431 -1.509337 
4432 -1.324995 
4433 -0.086825 
4434 0.939790 
4435 3.547167 
4436 1.484981 
4437 -1.647224 
4438 -1.582128 
4439 -1.517068 
4440 -1.549283 
4441 -1.525185 
4442 -1.551203 
4443 -1.590994 
4444 -2.227483 
4445 -2.230416 
4446 -1.252774 
4447 -0.182106 
4448 0.265634 
4449 1.095811 
4450 -2.385861 
4451 -2.045171 
4452 -1.537074 
4453 -1.658685 
4454 -1.590413 
4455 -1.497598 
4456 -1.577256 
4457 -1.477283 
4458 -1.429421 
4459 -1.613305 
4460 -1.809039 
4461 -0.537226 
4462 0.274728 
4463 -2.881580 
4464 -1.773136 
4465 -1.460298 
4466 -1.546537 
4467 -1.424887 
4468 -1.567049 
4469 -1.605405 
4470 -1.525723 
4471 -1.644629 
4472 -1.855520 
4473 -2.033500 
4474 -1.633550 
4475 -0.986622 
4476 -2.076058 
4477 -1.424191 
4478 -1.140117 
4479 -1.229889 
4480 -1.495145 
4481 -1.469599 
4482 -1.765215 
4483 -1.571502 
4484 -1.530679 
4485 -1.476433 
4486 -1.519764 
4487 -1.573075 
4488 -1.892138 
4489 1.041311 
4490 1.778068 
4491 1.840053 
4492 1.560488 
4493 1.625390 
4494 1.433566 
4495 1.589399 
4496 1.611994 
4497 1.632338 
4498 1.509403 
4499 1.596606 
4500 1.852866 
4501 2.902791 
4502 -0.023618 
4503 0.485790 
4504 1.314586 
4505 1.535275 
4506 1.857418 
4507 1.692942 
4508 1.452093 
4509 1.576146 
4510 1.599991 
4511 1.566047 
4512 1.583725 
4513 1.617841 
4514 1.994798 
4515 -1.149139 
4516 -0.664254 
4517 0.762686 
4518 1.994901 
4519 2.773673 
4520 1.505296 
4521 1.621839 
4522 1.483245 
4523 1.575611 
4524 1.546498 
4525 1.617905 
4526 1.607299 
4527 1.471657 
4528 -2.581520 
4529 -2.082773 
4530 -0.479436 
4531 0.505492 
4532 1.605907 
4533 1.575773 
4534 1.662752 
4535 1.520725 
4536 1.533350 
4537 1.608418 
4538 1.545765 
4539 1.646964 
4540 1.394919 
4541 -1.559683 
4542 -1.660127 
4543 -1.477498 
4544 -0.508616 
4545 0.688712 
4546 2.010525 
4547 2.907453 
4548 1.440679 
4549 1.699410 
4550 1.616291 
4551 1.604747 
4552 1.480636 
4553 1.434085 
4554 -1.548831 
4555 -1.766079 
4556 -2.531992 
4557 -2.100813 
4558 -0.590921 
4559 0.661136 
4560 1.380204 
4561 1.683814 
4562 1.663308 
4563 1.557947 
4564 1.498218 
4565 1.476273 
4566 1.700054 
4567 -1.640074 
4568 -1.578967 
4569 -1.709557 
4570 -1.690092 
4571 -1.359987 
4572 -0.661438 
4573 0.405051 
4574 1.572068 
4575 3.295298 
4576 1.670409 
4577 1.482815 
4578 1.511432 
4579 1.640522 
4580 -1.542010 
4581 -1.380092 
4582 -1.669788 
4583 -1.749880 
4584 -2.936593 
4585 -1.892441 
4586 -0.758870 
4587 0.164259 
4588 1.052818 
4589 1.744914 
4590 1.739858 
4591 1.616268 
4592 1.656475 
4593 -1.564582 
4594 -1.564960 
4595 -1.569758 
4596 -1.699260 
4597 -1.579526 
4598 -1.604090 
4599 -1.515294 
4600 -1.266762 
4601 0.002477 
4602 1.201557 
4603 3.450037 
4604 1.651005 
4605 1.660302 
4606 -1.369253 
4607 -1.376123 
4608 -1.478262 
4609 -1.685658 
4610 -1.548960 
4611 -1.416708 
4612 -2.412347 
4613 -2.112570 
4614 -1.328228 
4615 -0.403909 
4616 0.792702 
4617 1.536337 
4618 1.938439 
4619 -1.832816 
4620 -1.523106 
4621 -1.594782 
4622 -1.615877 
4623 -1.580528 
4624 -1.588493 
4625 -1.447001 
4626 -1.528835 
4627 -1.659243 
4628 -2.363923 
4629 -1.099126 
4630 0.667868 
4631 2.167791 
4632 -1.814552 
4633 -1.439287 
4634 -1.346870 
4635 -1.561803 
4636 -1.609038 
4637 -1.593288 
4638 -1.590633 
4639 -1.445232 
4640 -2.026393 
4641 -1.992832 
4642 -1.610766 
4643 -0.620338 
4644 0.240740 
4645 -2.145859 
4646 -1.752326 
4647 -1.444674 
4648 -1.327852 
4649 -1.634126 
4650 -1.750975 
4651 -1.580930 
4652 -1.640690 
4653 -1.599195 
4654 -1.514324 
4655 -1.504086 
4656 -1.523113 
4657 -1.169158 
4658 1.526900 
4659 2.212008 
4660 1.598272 
4661 1.699007 
4662 1.333632 
4663 1.533195 
4664 1.613661 
4665 1.504604 
4666 1.752662 
4667 1.382118 
4668 1.439129 
4669 1.608397 
4670 2.127632 
4671 0.795749 
4672 1.232703 
4673 1.747149 
4674 1.540439 
4675 1.624134 
4676 1.479378 
4677 1.626234 
4678 1.500070 
4679 1.619423 
4680 1.314951 
4681 1.451326 
4682 1.554064 
4683 1.894260 
4684 -0.289578 
4685 0.617114 
4686 1.796816 
4687 3.077284 
4688 1.750736 
4689 1.508185 
4690 1.478645 
4691 1.503057 
4692 1.658306 
4693 1.597858 
4694 1.542317 
4695 1.659794 
4696 3.159885 
4697 -1.523220 
4698 -0.819387 
4699 0.339079 
4700 1.055844 
4701 1.843467 
4702 1.854524 
4703 1.780423 
4704 1.805893 
4705 1.479625 
4706 1.455665 
4707 1.580757 
4708 1.710807 
4709 1.618859 
4710 -1.680782 
4711 -1.441680 
4712 -1.483058 
4713 -0.124689 
4714 1.335645 
4715 3.230203 
4716 1.703833 
4717 1.382149 
4718 1.559986 
4719 1.551767 
4720 1.475402 
4721 1.636787 
4722 1.535446 
4723 -1.551776 
4724 -2.288697 
4725 -2.133569 
4726 -1.511267 
4727 -0.443945 
4728 0.551848 
4729 1.376593 
4730 2.164065 
4731 1.979039 
4732 1.527546 
4733 1.697609 
4734 1.442841 
4735 1.589629 
4736 -1.595035 
4737 -1.430876 
4738 -1.555378 
4739 -1.665341 
4740 -3.104076 
4741 -1.459009 
4742 0.375331 
4743 1.502380 
4744 1.494721 
4745 1.684183 
4746 1.511671 
4747 1.484065 
4748 1.500191 
4749 -1.605946 
4750 -1.639929 
4751 -1.528533 
4752 -1.647601 
4753 -1.694718 
4754 -1.732723 
4755 -1.313820 
4756 -0.479615 
4757 0.515295 
4758 1.694132 
4759 3.179480 
4760 1.484708 
4761 1.726566 
4762 -1.492786 
4763 -1.647203 
4764 -1.585239 
4765 -1.392976 
4766 -1.617067 
4767 -1.685955 
4768 -2.367027 
4769 -2.152551 
4770 -0.970267 
4771 0.109428 
4772 0.979490 
4773 1.949733 
4774 1.699662 
4775 -1.639694 
4776 -1.615329 
4777 -1.605975 
4778 -1.547830 
4779 -1.490377 
4780 -1.331046 
4781 -1.447999 
4782 -1.520401 
4783 -1.827780 
4784 -1.915950 
4785 -0.177279 
4786 1.303723 
4787 2.673426 
4788 -1.649962 
4789 -1.500457 
4790 -1.561071 
4791 -1.633355 
4792 -1.536410 
4793 -1.510813 
4794 -1.638246 
4795 -1.656457 
4796 -1.722137 
4797 -2.095527 
4798 -1.743173 
4799 -0.378203 
4800 0.422974 
4801 -2.020576 
4802 -1.839624 
4803 -1.713538 
4804 -1.661003 
4805 -1.492070 
4806 -1.603090 
4807 -1.588804 
4808 -1.413463 
4809 -1.535646 
4810 -1.468397 
4811 -1.755378 
4812 -1.152611 
4813 -0.475787 
4814 -2.370471 
4815 -1.817182 
4816 -1.597159 
4817 -1.685044 
4818 -1.501548 
4819 -1.640340 
4820 -1.783815 
4821 -1.626158 
4822 -1.436629 
4823 -1.584196 
4824 -1.864327 
4825 -1.885367 
4826 -1.595278 
4827 1.093790 
4828 1.498417 
4829 1.765320 
4830 1.609442 
4831 1.658830 
4832 1.656846 
4833 1.511599 
4834 1.594164 
4835 1.582877 
4836 1.185800 
4837 1.164396 
4838 1.489476 
4839 1.979013 
4840 0.389177 
4841 0.941955 
4842 1.981854 
4843 2.955618 
4844 1.733196 
4845 1.473109 
4846 1.516749 
4847 1.625988 
4848 1.780467 
4849 1.409576 
4850 1.464759 
4851 1.728132 
4852 3.767191 
4853 -0.700229 
4854 -0.180335 
4855 0.609993 
4856 1.459452 
4857 1.709461 
4858 1.457919 
4859 1.708477 
4860 1.692596 
4861 1.646869 
4862 1.496494 
4863 1.540037 
4864 1.539638 
4865 1.852790 
4866 -1.482181 
4867 -1.332688 
4868 -0.454285 
4869 0.491694 
4870 1.951659 
4871 2.734383 
4872 1.674978 
4873 1.568788 
4874 1.558845 
4875 1.456839 
4876 1.504309 
4877 1.400417 
4878 1.638309 
4879 -1.728547 
4880 -2.316415 
4881 -2.178175 
4882 -0.927998 
4883 0.214575 
4884 1.543994 
4885 1.699066 
4886 1.548452 
4887 1.509043 
4888 1.486825 
4889 1.623453 
4890 1.571273 
4891 1.508935 
4892 -1.356633 
4893 -1.492510 
4894 -1.634778 
4895 -1.685930 
4896 -1.372164 
4897 0.305672 
4898 1.772591 
4899 2.562988 
4900 1.648403 
4901 1.540233 
4902 1.502697 
4903 1.547080 
4904 1.433360 
4905 -1.452940 
4906 -1.651111 
4907 -1.639389 
4908 -2.225266 
4909 -2.205714 
4910 -1.234609 
4911 0.468677 
4912 1.257357 
4913 1.785065 
4914 1.591712 
4915 1.583200 
4916 1.466884 
4917 1.581677 
4918 -1.525800 
4919 -1.660198 
4920 -1.240312 
4921 -1.397126 
4922 -1.731871 
4923 -1.773441 
4924 -1.111743 
4925 0.314094 
4926 1.714851 
4927 2.725679 
4928 1.750727 
4929 1.509908 
4930 1.359852 
4931 -1.563868 
4932 -1.660729 
4933 -1.612905 
4934 -1.543277 
4935 -1.420366 
4936 -2.198606 
4937 -2.472305 
4938 -1.137911 
4939 -0.095040 
4940 0.920305 
4941 1.566039 
4942 1.935495 
4943 1.649793 
4944 -1.546807 
4945 -1.503126 
4946 -1.721701 
4947 -1.435318 
4948 -1.493552 
4949 -1.533123 
4950 -1.531715 
4951 -1.615775 
4952 -2.311130 
4953 -0.665051 
4954 0.820179 
4955 2.463658 
4956 1.622976 
4957 -1.676069 
4958 -1.487920 
4959 -1.457447 
4960 -1.407502 
4961 -1.717281 
4962 -1.450987 
4963 -1.606759 
4964 -1.918203 
4965 -2.241677 
4966 -1.504432 
4967 -0.589734 
4968 0.183116 
4969 0.960930 
4970 -2.524754 
4971 -1.952852 
4972 -1.630822 
4973 -1.564174 
4974 -1.515489 
4975 -1.571858 
4976 -1.552943 
4977 -1.557224 
4978 -1.554279 
4979 -1.621245 
4980 -1.607662 
4981 -0.849744 
4982 -0.355078 
4983 -2.699662 
4984 -1.654343 
4985 -1.466362 
4986 -1.507384 
4987 -1.756777 
4988 -1.619474 
4989 -1.563625 
4990 -1.412839 
4991 -1.687830 
4992 -1.623857 
4993 -1.780159 
4994 -1.575735 
4995 -1.233739 
4996 1.388958 
4997 1.830638 
4998 1.723071 
4999 1.315844 
5000 1.397246 
5001 1.666829 
5002 1.704369 
5003 1.557382 
5004 1.570177 
5005 1.695733 
5006 1.446505 
5007 1.656637 
5008 2.323368 
5009 0.778558 
5010 1.139804 
5011 1.661711 
5012 1.597284 
5013 1.634941 
5014 1.600920 
5015 1.454123 
5016 1.632306 
5017 1.570020 
5018 1.636392 
5019 1.555893 
5020 2.039788 
5021 2.602629 
5022 -0.367422 
5023 0.458479 
5024 1.105204 
5025 1.887641 
5026 1.760166 
5027 1.385806 
5028 1.462198 
5029 1.628514 
5030 1.637053 
5031 1.508451 
5032 1.741929 
5033 1.489536 
5034 1.658002 
5035 -1.548371 
5036 -1.060045 
5037 0.215506 
5038 1.551601 
5039 2.969755 
5040 1.715004 
5041 1.485265 
5042 1.414018 
5043 1.589505 
5044 1.573271 
5045 1.456596 
5046 1.677065 
5047 1.573778 
5048 -1.915081 
5049 -2.284794 
5050 -1.428268 
5051 -0.237430 
5052 0.708890 
5053 1.669601 
5054 2.114519 
5055 1.792979 
5056 1.684011 
5057 1.611681 
5058 1.514533 
5059 1.598913 
5060 1.519841 
5061 -1.544838 
5062 -1.601147 
5063 -1.527004 
5064 -2.842065 
5065 -1.054912 
5066 0.507851 
5067 1.832798 
5068 1.623601 
5069 1.589936 
5070 1.605591 
5071 1.377629 
5072 1.576201 
5073 1.653119 
5074 -1.504466 
5075 -1.619610 
5076 -1.892527 
5077 -1.851060 
5078 -1.594668 
5079 -0.976803 
5080 0.023480 
5081 1.230671 
5082 2.311267 
5083 2.371001 
5084 1.548406 
5085 1.457705 
5086 1.750009 
5087 -1.477199 
5088 -1.521452 
5089 -1.498487 
5090 -1.524825 
5091 -1.752115 
5092 -3.002116 
5093 -1.565250 
5094 0.061811 
5095 1.149935 
5096 1.552345 
5097 1.587077 
5098 1.509378 
5099 1.573319 
5100 -1.686013 
5101 -1.576965 
5102 -1.524398 
5103 -1.513402 
5104 -1.688958 
5105 -1.738531 
5106 -1.659929 
5107 -1.191246 
5108 -0.384866 
5109 0.846439 
5110 2.237090 
5111 2.741762 
5112 1.593663 
5113 -1.565613 
5114 -1.619441 
5115 -1.503105 
5116 -1.701424 
5117 -1.554958 
5118 -1.591144 
5119 -1.541723 
5120 -2.967110 
5121 -1.610533 
5122 -0.645907 
5123 0.340066 
5124 0.971919 
5125 1.265356 
5126 -2.159265 
5127 -1.836261 
5128 -1.457322 
5129 -1.743409 
5130 -1.654755 
5131 -1.563014 
5132 -1.646628 
5133 -1.454616 
5134 -1.550605 
5135 -1.626812 
5136 -1.174648 
5137 -0.350765 
5138 0.422799 
5139 -3.356470 
5140 -1.681169 
5141 -1.365940 
5142 -1.474431 
5143 -1.623655 
5144 -1.518732 
5145 -1.507873 
5146 -1.566989 
5147 -1.623316 
5148 -2.121447 
5149 -1.780657 
5150 -1.526228 
5151 -0.976358 
5152 -2.025778 
5153 -1.432224 
5154 -1.193794 
5155 -1.230240 
5156 -1.536875 
5157 -1.641840 
5158 -1.578817 
5159 -1.576656 
5160 -1.530905 
5161 -1.459513 
5162 -1.439109 
5163 -1.647152 
5164 -1.513552 
5165 1.462709 
5166 1.804138 
5167 1.698858 
5168 1.527379 
5169 1.667331 
5170 1.459366 
5171 1.657317 
5172 1.683814 
5173 1.443519 
5174 1.623681 
5175 1.539848 
5176 1.816170 
5177 2.391427 
5178 0.572918 
5179 0.826390 
5180 1.224250 
5181 1.546892 
5182 1.931873 
5183 1.499662 
5184 1.837280 
5185 1.559942 
5186 1.561057 
5187 1.417593 
5188 1.334232 
5189 1.578294 
5190 2.300664 
5191 -0.491204 
5192 0.172240 
5193 0.994669 
5194 2.076387 
5195 2.380388 
5196 1.560763 
5197 1.671589 
5198 1.488988 
5199 1.597737 
5200 1.394442 
5201 1.525237 
5202 1.484218 
5203 1.785972 
5204 -2.899628 
5205 -1.055098 
5206 0.195107 
5207 1.857581 
5208 1.338059 
5209 1.633716 
5210 1.673315 
5211 1.527314 
5212 1.552173 
5213 1.456848 
5214 1.584157 
5215 1.709000 
5216 1.688839 
5217 -2.050245 
5218 -1.547356 
5219 -1.020062 
5220 -0.172020 
5221 0.593216 
5222 1.803940 
5223 2.860720 
5224 1.648498 
5225 1.516010 
5226 1.475623 
5227 1.559431 
5228 1.659732 
5229 1.629018 
5230 -1.411716 
5231 -1.446769 
5232 -2.588977 
5233 -2.049876 
5234 -0.963429 
5235 0.138780 
5236 0.898947 
5237 1.501351 
5238 1.925625 
5239 1.968471 
5240 1.692941 
5241 1.595459 
5242 1.495739 
5243 -1.583140 
5244 -1.346463 
5245 -1.479145 
5246 -1.611541 
5247 -1.610597 
5248 -3.230477 
5249 -0.061824 
5250 0.745862 
5251 1.160925 
5252 1.596290 
5253 1.837440 
5254 1.432053 
5255 1.365069 
5256 -1.482695 
5257 -1.573032 
5258 -1.545976 
5259 -1.749096 
5260 -2.220123 
5261 -2.101351 
5262 -0.943909 
5263 -0.428308 
5264 0.623037 
5265 1.312381 
5266 2.421577 
5267 1.782598 
5268 1.419855 
5269 -1.649201 
5270 -1.561200 
5271 -1.630433 
5272 -1.406178 
5273 -1.327085 
5274 -1.678710 
5275 -1.748455 
5276 -2.531556 
5277 -0.793078 
5278 0.614137 
5279 2.225363 
5280 1.288117 
5281 1.274532 
5282 -1.972756 
5283 -1.543110 
5284 -1.711026 
5285 -1.529654 
5286 -1.409087 
5287 -1.731818 
5288 -1.740299 
5289 -2.159178 
5290 -1.558476 
5291 -0.746599 
5292 0.154473 
5293 0.632184 
5294 1.089767 
5295 -3.323516 
5296 -1.934594 
5297 -1.393961 
5298 -1.390042 
5299 -1.551302 
5300 -1.388976 
5301 -1.408742 
5302 -1.394763 
5303 -1.800650 
5304 -3.035179 
5305 -1.691273 
5306 -0.577121 
5307 0.222857 
5308 -2.489700 
5309 -1.423287 
5310 -0.838003 
5311 -0.739960 
5312 -1.611337 
5313 -1.571745 
5314 -1.603985 
5315 -1.510468 
5316 -1.644655 
5317 -1.921345 
5318 -1.658566 
5319 -0.849013 
5320 -0.620181 
5321 -2.767250 
5322 -1.234047 
5323 -1.058574 
5324 -1.321156 
5325 -1.580500 
5326 -1.794876 
5327 -1.789658 
5328 -1.496300 
5329 -1.449522 
5330 -1.539510 
5331 -1.699053 
5332 -1.751869 
5333 -1.502803 
5334 1.718715 
5335 1.702420 
5336 1.610068 
5337 1.491954 
5338 1.612450 
5339 1.644161 
5340 1.710628 
5341 1.696613 
5342 1.483253 
5343 1.466598 
5344 1.406783 
5345 1.638167 
5346 2.132901 
5347 0.916798 
5348 1.129058 
5349 1.452267 
5350 1.944925 
5351 1.656724 
5352 1.552061 
5353 1.507409 
5354 1.550896 
5355 1.563076 
5356 1.463806 
5357 1.336445 
5358 1.377501 
5359 1.955618 
5360 -0.019792 
5361 0.479030 
5362 1.402959 
5363 3.121429 
5364 1.758391 
5365 1.586997 
5366 1.334164 
5367 1.452773 
5368 1.483661 
5369 1.474996 
5370 1.535570 
5371 1.696605 
5372 3.668389 
5373 -0.967864 
5374 -0.457985 
5375 0.125668 
5376 1.186874 
5377 1.605443 
5378 1.796744 
5379 1.540079 
5380 1.520912 
5381 1.409493 
5382 1.579078 
5383 1.751228 
5384 1.738012 
5385 1.729385 
5386 -1.216200 
5387 -1.515756 
5388 -2.211136 
5389 -0.338313 
5390 0.962046 
5391 2.526017 
5392 1.581500 
5393 1.649300 
5394 1.443746 
5395 1.511695 
5396 1.609966 
5397 1.637006 
5398 1.680008 
5399 -1.425231 
5400 -1.669760 
5401 -2.187289 
5402 -1.570941 
5403 -0.675180 
5404 0.398698 
5405 1.220220 
5406 2.291949 
5407 2.198521 
5408 1.617848 
5409 1.510153 
5410 1.556684 
5411 1.424471 
5412 -1.442780 
5413 -1.512041 
5414 -1.590602 
5415 -1.705880 
5416 -2.701616 
5417 -2.017664 
5418 -0.208731 
5419 0.794416 
5420 1.394038 
5421 1.600053 
5422 1.736988 
5423 1.523226 
5424 1.421895 
5425 -1.593105 
5426 -1.536697 
5427 -1.648111 
5428 -1.624215 
5429 -1.665055 
5430 -1.708102 
5431 -1.129942 
5432 -0.494922 
5433 0.805224 
5434 2.058119 
5435 2.588457 
5436 1.518879 
5437 1.467170 
5438 -1.637988 
5439 -1.577666 
5440 -1.607872 
5441 -1.539768 
5442 -1.257364 
5443 -1.732159 
5444 -2.881081 
5445 -1.897522 
5446 -0.631596 
5447 0.493797 
5448 1.041031 
5449 1.657284 
5450 1.751158 
5451 -1.888194 
5452 -1.588007 
5453 -1.571187 
5454 -1.648104 
5455 -1.554973 
5456 -1.645253 
5457 -1.687876 
5458 -1.513283 
5459 -1.267721 
5460 -1.186500 
5461 -0.029367 
5462 1.412305 
5463 3.168450 
5464 -1.664432 
5465 -1.541852 
5466 -1.465572 
5467 -1.441678 
5468 -1.546169 
5469 -1.555037 
5470 -1.576045 
5471 -1.575346 
5472 -2.467501 
5473 -2.260689 
5474 -1.182567 
5475 -0.088641 
5476 0.413035 
5477 -2.259037 
5478 -1.626345 
5479 -1.427893 
5480 -1.469661 
5481 -1.732262 
5482 -1.611797 
5483 -1.573403 
5484 -1.442997 
5485 -1.555143 
5486 -1.637459 
5487 -1.544514 
5488 -0.934540 
5489 -0.504005 
5490 -2.578989 
5491 -1.615152 
5492 -1.470703 
5493 -1.535273 
5494 -1.597552 
5495 -1.647426 
5496 -1.388197 
5497 -1.464572 
5498 -1.546745 
5499 -1.816261 
5500 -1.887847 
5501 -1.722648 
5502 -1.373480 
5503 1.335424 
5504 1.455822 
5505 1.538990 
5506 1.593638 
5507 1.696269 
5508 1.729386 
5509 1.579530 
5510 1.455814 
5511 1.606471 
5512 1.590051 
5513 1.467726 
5514 1.669245 
5515 1.557800 
5516 1.674223 
5517 1.588148 
5518 1.542962 
5519 1.557844 
5520 1.587317 
5521 1.597328 
5522 1.561333 
5523 1.616083 
5524 1.280102 
5525 1.548895 
5526 1.649333 
5527 1.719388 
5528 2.397201 
5529 1.151688 
5530 1.253156 
5531 1.487873 
5532 1.554931 
5533 1.408599 
5534 1.857863 
5535 1.552025 
5536 1.436886 
5537 1.617385 
5538 1.508010 
5539 1.465206 
5540 1.630685 
5541 1.434398 
5542 1.655976 
5543 1.544230 
5544 1.579103 
5545 1.337830 
5546 1.736229 
5547 1.587589 
5548 1.557277 
5549 1.674964 
5550 1.545288 
5551 1.430441 
5552 1.506038 
5553 1.660591 
5554 1.597209 
5555 1.590011 
5556 1.624428 
5557 1.508212 
5558 1.654591 
5559 1.496633 
5560 1.334264 
5561 1.665596 
5562 1.624121 
5563 1.555588 
5564 2.308310 
5565 2.396541 
5566 -0.122780 
5567 -0.237923 
5568 1.063416 
5569 1.116422 
5570 1.066605 
5571 3.183791 
5572 1.197060 
5573 1.425959 
5574 1.945997 
5575 1.972142 
5576 1.455934 
5577 1.633097 
5578 1.493549 
5579 1.511165 
5580 1.591715 
5581 1.650726 
5582 1.597962 
5583 1.576996 
5584 1.553838 
5585 1.683165 
5586 1.526345 
5587 1.538193 
5588 1.600069 
5589 1.678799 
5590 1.410830 
5591 1.596869 
5592 1.506076 
5593 1.689816 
5594 1.597691 
5595 1.502029 
5596 1.635091 
5597 1.514759 
5598 1.755338 
5599 1.478295 
5600 1.498449 
5601 1.848465 
5602 1.749766 
5603 -1.164241 
5604 -3.319950 
5605 -1.131163 
5606 -1.112573 
5607 -1.255089 
5608 0.062016 
5609 -0.098706 
5610 0.114824 
5611 3.581491 
5612 0.723684 
5613 0.826256 
5614 2.454071 
5615 2.240014 
5616 1.474819 
5617 1.689037 
5618 1.630384 
5619 1.422869 
5620 1.615116 
5621 1.417764 
5622 1.584143 
5623 1.677171 
5624 1.546524 
5625 1.614975 
5626 1.480659 
5627 1.693700 
5628 1.496923 
5629 1.622740 
5630 1.661044 
5631 1.482151 
5632 1.599630 
5633 1.392452 
5634 1.587109 
5635 1.527121 
5636 1.523395 
5637 1.574383 
5638 1.493481 
5639 1.591823 
5640 -1.660637 
5641 -1.427642 
5642 -1.674045 
5643 -1.601305 
5644 -1.891679 
5645 -1.659227 
5646 -1.628755 
5647 -1.801273 
5648 -1.491092 
5649 -1.529349 
5650 -1.721378 
5651 1.185185 
5652 0.549814 
5653 0.217127 
5654 2.449524 
5655 2.177043 
5656 1.472029 
5657 1.629885 
5658 1.436144 
5659 1.729030 
5660 1.668562 
5661 1.509341 
5662 1.612442 
5663 1.600707 
5664 1.511087 
5665 1.501535 
5666 1.677974 
5667 1.568034 
5668 1.392817 
5669 1.641691 
5670 1.507959 
5671 1.633963 
5672 1.699254 
5673 1.636846 
5674 1.547542 
5675 1.393744 
5676 1.425125 
5677 -1.536700 
5678 -1.683765 
5679 -1.649393 
5680 -1.490101 
5681 -1.527295 
5682 -1.715448 
5683 -1.481197 
5684 -1.334025 
5685 -1.824354 
5686 -1.694908 
5687 -1.644355 
5688 -1.902960 
5689 -1.827910 
5690 -2.193124 
5691 0.025658 
5692 -0.004755 
5693 0.064511 
5694 2.280137 
5695 2.492120 
5696 1.060170 
5697 1.692928 
5698 1.930380 
5699 1.765324 
5700 1.601739 
5701 1.345225 
5702 1.526274 
5703 1.680900 
5704 1.616602 
5705 1.535707 
5706 1.733973 
5707 1.524446 
5708 1.586139 
5709 1.686747 
5710 1.519936 
5711 1.473233 
5712 1.555662 
5713 1.532414 
5714 -1.618905 
5715 -1.580149 
5716 -1.544117 
5717 -1.552977 
5718 -1.666840 
5719 -1.558958 
5720 -1.555555 
5721 -1.580864 
5722 -1.584665 
5723 -1.491812 
5724 -1.433414 
5725 -1.634516 
5726 -1.501627 
5727 -1.538094 
5728 -1.971442 
5729 -2.058356 
5730 -1.921849 
5731 -0.694452 
5732 -0.523678 
5733 -0.606225 
5734 1.921655 
5735 2.321884 
5736 0.810721 
5737 1.859094 
5738 1.882362 
5739 1.853024 
5740 1.655829 
5741 1.613987 
5742 1.540851 
5743 1.587517 
5744 1.489767 
5745 1.480433 
5746 1.720482 
5747 1.575793 
5748 1.697363 
5749 1.403014 
5750 1.517165 
5751 -1.585398 
5752 -1.480463 
5753 -1.687376 
5754 -1.639383 
5755 -1.357876 
5756 -1.698216 
5757 -1.412211 
5758 -1.500624 
5759 -1.683385 
5760 -1.562456 
5761 -1.525876 
5762 -1.802226 
5763 -1.483175 
5764 -1.260186 
5765 -1.764625 
5766 -1.474885 
5767 -1.517968 
5768 -1.742234 
5769 -1.960520 
5770 -2.055682 
5771 -0.805438 
5772 -1.357513 
5773 -1.783538 
5774 1.434915 
5775 1.368428 
5776 0.623925 
5777 1.981794 
5778 2.018227 
5779 1.897029 
5780 1.612976 
5781 1.439788 
5782 1.426441 
5783 1.561817 
5784 1.709114 
5785 1.537429 
5786 1.493331 
5787 1.433787 
5788 -1.468229 
5789 -1.515291 
5790 -1.758953 
5791 -1.610937 
5792 -1.525696 
5793 -1.777245 
5794 -1.397554 
5795 -1.545754 
5796 -1.569886 
5797 -1.535736 
5798 -1.550032 
5799 -1.632937 
5800 -1.555332 
5801 -1.591323 
5802 -1.712970 
5803 -1.516315 
5804 -1.550878 
5805 -1.718668 
5806 -1.505176 
5807 -1.439170 
5808 -1.837287 
5809 -1.805322 
5810 -2.154964 
5811 -0.963987 
5812 -2.032828 
5813 -2.151089 
5814 0.487236 
5815 0.369000 
5816 0.267666 
5817 1.886778 
5818 2.115873 
5819 1.966931 
5820 1.808184 
5821 1.462224 
5822 1.436073 
5823 1.526791 
5824 1.571890 
5825 -1.535074 
5826 -1.500779 
5827 -1.640487 
5828 -1.561486 
5829 -1.549104 
5830 -1.724076 
5831 -1.447651 
5832 -1.488965 
5833 -1.446892 
5834 -1.631157 
5835 -1.742912 
5836 -1.707039 
5837 -1.569940 
5838 -1.515720 
5839 -1.585534 
5840 -1.589144 
5841 -1.398322 
5842 -1.692252 
5843 -1.555645 
5844 -1.472988 
5845 -1.759270 
5846 -1.533466 
5847 -1.340548 
5848 -1.767770 
5849 -1.760706 
5850 -1.828290 
5851 -1.094532 
5852 -2.278728 
5853 -2.393480 
5854 -0.137342 
5855 -0.154769 
5856 -0.167767 
5857 2.028238 
5858 1.944717 
5859 2.039578 
5860 1.442591 
5861 1.313772 
5862 -1.663272 
5863 -1.932727 
5864 -1.632701 
5865 -1.545611 
5866 -1.482801 
5867 -1.554840 
5868 -1.746764 
5869 -1.432930 
5870 -1.503978 
5871 -1.639987 
5872 -1.590438 
5873 -1.578312 
5874 -1.602815 
5875 -1.647960 
5876 -1.524480 
5877 -1.597548 
5878 -1.451073 
5879 -1.626027 
5880 -1.515482 
5881 -1.450427 
5882 -1.709589 
5883 -1.676289 
5884 -1.446278 
5885 -1.687452 
5886 -1.556993 
5887 -1.400348 
5888 -1.645064 
5889 -1.587055 
5890 -1.724410 
5891 -1.546479 
5892 -2.450727 
5893 -2.288424 
5894 -0.496255 
5895 -0.638397 
5896 -0.548220 
5897 0.526538 
5898 0.379931 
5899 -3.314937 
5900 -1.612597 
5901 -1.773007 
5902 -1.437517 
5903 -1.532100 
5904 -1.618557 
5905 -1.447626 
5906 -1.551475 
5907 -1.670772 
5908 -1.635602 
5909 -1.549571 
5910 -1.611014 
5911 -1.473482 
5912 -1.599389 
5913 -1.644923 
5914 -1.491627 
5915 -1.477189 
5916 -1.633437 
5917 -1.469194 
5918 -1.570268 
5919 -1.731833 
5920 -1.527583 
5921 -1.527992 
5922 -1.679660 
5923 -1.587744 
5924 -1.501125 
5925 -1.615412 
5926 -1.573930 
5927 -1.440915 
5928 -1.830337 
5929 -1.536034 
5930 -1.553855 
5931 -1.508790 
5932 -1.902806 
5933 -2.042691 
5934 -1.546573 
5935 -1.404615 
5936 -1.522350 
5937 -1.569856 
5938 -1.696636 
5939 -1.524844 
5940 -1.530205 
5941 -1.511595 
5942 -1.511036 
5943 -1.629360 
5944 -1.545022 
5945 -1.640954 
5946 -1.420249 
5947 -1.679999 
5948 -1.571847 
5949 -1.482074 
5950 -1.553413 
5951 -1.521206 
5952 -1.529843 
5953 -1.658925 
5954 -1.615389 
5955 -1.459259 
5956 -1.380662 
5957 -1.299263 
5958 -1.670855 
5959 -1.786157 
5960 -2.264787 
5961 -2.401411 
