958 1
0 -5.885509 
1 -3.804958 
2 -4.102917 
3 -3.875340 
4 -3.208314 
5 -2.431639 
6 -2.437165 
7 -1.663686 
8 -2.598110 
9 -2.145703 
10 -1.341177 
11 -2.421726 
12 -1.711414 
13 -1.648263 
14 -1.916012 
15 -1.471011 
16 -1.387171 
17 -1.222624 
18 -1.961082 
19 -1.658085 
20 -2.048774 
21 -0.703048 
22 -1.882078 
23 -2.174419 
24 -1.576095 
25 -1.912495 
26 -1.648613 
27 -1.376349 
28 -2.085387 
29 -1.878621 
30 -1.376439 
31 -0.202616 
32 -1.358464 
33 -1.375480 
34 -1.540083 
35 -1.378227 
36 -1.231063 
37 -1.415172 
38 -1.607328 
39 -1.277553 
40 -1.720384 
41 -1.141949 
42 -1.382358 
43 -1.537480 
44 -1.431461 
45 -1.331383 
46 -1.833398 
47 -1.289364 
48 -1.105560 
49 -1.393234 
50 -1.229778 
51 -2.080313 
52 -1.014804 
53 -1.560291 
54 -1.852042 
55 -1.107108 
56 -1.646324 
57 -1.861655 
58 -0.355804 
59 -1.614696 
60 -1.296459 
61 -1.739496 
62 -0.976858 
63 -1.822796 
64 -1.108201 
65 -1.870650 
66 -0.854798 
67 -1.759674 
68 -1.731359 
69 -0.915819 
70 -1.419311 
71 -1.694950 
72 -1.631073 
73 -1.488381 
74 -1.042008 
75 -1.670008 
76 -1.770780 
77 -0.737470 
78 -1.890688 
79 -1.130754 
80 -1.027694 
81 -1.292243 
82 -1.534778 
83 -1.972349 
84 -1.672943 
85 -0.994599 
86 -1.489085 
87 -1.454297 
88 -1.349755 
89 -1.776341 
90 -1.243432 
91 -1.048678 
92 -1.671089 
93 -1.054385 
94 -1.133128 
95 -1.571036 
96 -1.654701 
97 -0.803321 
98 -1.568592 
99 -1.350212 
100 -1.166460 
101 -1.105875 
102 -1.275462 
103 -1.906030 
104 -1.624183 
105 -1.345592 
106 -1.443852 
107 -1.069305 
108 -1.860465 
109 -0.747630 
110 -1.568249 
111 -1.275000 
112 1.652398 
113 -2.347636 
114 -2.042215 
115 -1.793974 
116 -1.294057 
117 -1.277965 
118 -1.503720 
119 -1.450286 
120 -1.867193 
121 -0.675731 
122 -1.527986 
123 -1.327249 
124 -1.311593 
125 -1.191726 
126 -1.609509 
127 -1.450295 
128 -0.971718 
129 -1.362574 
130 -1.624765 
131 -1.428528 
132 -1.692951 
133 -0.602006 
134 -1.646645 
135 -1.476809 
136 -1.774993 
137 -1.589036 
138 -1.482690 
139 -0.379467 
140 -1.518160 
141 -1.370569 
142 -1.527324 
143 -1.084548 
144 -0.853496 
145 -1.682979 
146 -1.620364 
147 -1.264541 
148 -1.214406 
149 -1.572090 
150 -1.523446 
151 -1.327418 
152 -1.239094 
153 -1.812608 
154 -1.016730 
155 -1.357439 
156 -1.484322 
157 -1.124666 
158 -1.569548 
159 -1.099790 
160 -1.378597 
161 -1.897952 
162 -1.361151 
163 -0.753361 
164 -1.679242 
165 -1.440286 
166 -1.367672 
167 -0.850139 
168 -1.500143 
169 -1.645198 
170 -1.052773 
171 -1.311740 
172 -1.604715 
173 -1.447320 
174 -1.271309 
175 -1.081210 
176 -1.331754 
177 -0.778564 
178 -1.809727 
179 -1.452037 
180 -1.086567 
181 -1.248175 
182 -1.767836 
183 -1.270521 
184 -1.311351 
185 -1.359113 
186 -1.886747 
187 -0.818605 
188 -1.748766 
189 -1.590414 
190 -1.175034 
191 -1.013234 
192 -1.867680 
193 -1.217251 
194 -1.105297 
195 -1.231884 
196 -0.846451 
197 -1.355098 
198 -1.585261 
199 -1.629058 
200 -1.630740 
201 -0.691881 
202 -1.642384 
203 -1.510901 
204 -1.334640 
205 -1.324525 
206 -1.526077 
207 -1.239520 
208 -1.715846 
209 -1.009665 
210 -1.522892 
211 -1.147508 
212 -1.007267 
213 -1.350815 
214 -1.177134 
215 -1.820670 
216 -1.625725 
217 -0.816381 
218 -1.789038 
219 -1.109578 
220 -1.537274 
221 -1.236453 
222 -1.592965 
223 -1.115623 
224 -1.776675 
225 -0.979043 
226 -1.458190 
227 -1.375345 
228 -0.718522 
229 -1.799688 
230 -1.473121 
231 -1.316100 
232 -1.439633 
233 -1.121043 
234 -1.502476 
235 -1.403738 
236 -1.252004 
237 -1.404877 
238 -1.075760 
239 -1.709854 
240 -1.418870 
241 -1.665709 
242 -1.041821 
243 -1.449404 
244 -1.257707 
245 -1.213936 
246 -1.416951 
247 -1.558916 
248 -1.604394 
249 -1.699595 
250 -1.259367 
251 -0.825724 
252 -1.001217 
253 -1.290305 
254 -1.258581 
255 -1.810976 
256 -1.537887 
257 -1.141732 
258 -1.577508 
259 -1.201370 
260 -1.834424 
261 -1.237095 
262 -0.854462 
263 -1.252281 
264 -1.777335 
265 -1.073356 
266 -1.349993 
267 -1.164002 
268 -1.723885 
269 -1.248127 
270 -1.472558 
271 -0.891900 
272 -1.394946 
273 -1.301309 
274 -1.254810 
275 -1.483939 
276 -1.231263 
277 -1.189461 
278 -2.007966 
279 -0.872620 
280 -1.918103 
281 -1.494653 
282 -0.603455 
283 -1.358093 
284 -1.071900 
285 -1.600960 
286 -1.234890 
287 -1.435197 
288 -1.363004 
289 -1.068545 
290 -1.294671 
291 -1.400198 
292 -0.863512 
293 -1.042175 
294 -1.437959 
295 -0.773395 
296 -0.946756 
297 -1.402891 
298 -0.883768 
299 -0.943902 
300 -0.880527 
301 -0.852880 
302 -1.061819 
303 -1.459566 
304 -0.904236 
305 -1.239803 
306 -1.013236 
307 -0.968230 
308 -1.050617 
309 -1.152991 
310 -0.879734 
311 -1.069183 
312 -1.365323 
313 -0.981504 
314 -0.903630 
315 -0.869309 
316 -1.314263 
317 -1.086943 
318 -0.402657 
319 -1.157446 
320 -0.602661 
321 -1.150214 
322 -0.854135 
323 -1.460806 
324 -1.095380 
325 -1.335721 
326 -0.520920 
327 -1.157883 
328 -1.029266 
329 -1.037386 
330 -1.185588 
331 -0.974055 
332 -0.973031 
333 -1.192381 
334 -0.901225 
335 -1.050834 
336 -0.863795 
337 -1.168037 
338 -1.319515 
339 -0.739907 
340 -1.002180 
341 -0.496042 
342 -1.024306 
343 -1.380044 
344 -0.859197 
345 -0.890130 
346 -1.265558 
347 -1.051581 
348 -0.921235 
349 -1.062936 
350 -1.145398 
351 -1.067638 
352 -0.972394 
353 -1.337952 
354 -0.747441 
355 -1.188460 
356 -1.005002 
357 -1.073661 
358 -1.221055 
359 -0.890199 
360 -0.891822 
361 -1.216453 
362 -1.129438 
363 -0.988863 
364 -1.250539 
365 -0.886743 
366 -0.782853 
367 -1.161303 
368 -1.013542 
369 -0.939321 
370 -1.268533 
371 -0.972502 
372 -1.216187 
373 -1.064189 
374 -1.069302 
375 -0.853861 
376 -1.166235 
377 -0.807141 
378 -0.777440 
379 -1.372787 
380 -1.542260 
381 -0.710995 
382 -0.620688 
383 -1.288591 
384 -1.174423 
385 -0.983416 
386 -0.981469 
387 -1.091779 
388 -1.298921 
389 -0.398507 
390 -1.162630 
391 -1.303585 
392 -0.996200 
393 -0.889641 
394 -0.663391 
395 -1.635101 
396 -0.799348 
397 -1.224447 
398 -0.823061 
399 -1.311755 
400 -1.318576 
401 -0.852387 
402 -1.106187 
403 -1.098199 
404 -1.133654 
405 -1.062371 
406 -0.930995 
407 -1.260732 
408 -0.932325 
409 -0.957084 
410 -1.288116 
411 -1.057939 
412 -1.075236 
413 -1.118739 
414 -0.873115 
415 -1.252116 
416 -0.813079 
417 -0.961785 
418 -1.240477 
419 -1.380747 
420 -1.123095 
421 -0.983914 
422 -1.307462 
423 -0.909620 
424 -1.072074 
425 -1.036361 
426 -1.074572 
427 -0.978697 
428 -1.162706 
429 -1.129217 
430 -1.108471 
431 -0.792754 
432 -1.048574 
433 -1.038261 
434 -1.016445 
435 -1.143864 
436 -1.106591 
437 -0.943826 
438 -0.668074 
439 -1.472513 
440 -1.042511 
441 -0.838009 
442 -1.285917 
443 -1.044213 
444 -1.366986 
445 -0.966048 
446 -0.889936 
447 -1.131380 
448 -1.047870 
449 -0.803161 
450 -0.953540 
451 -1.408851 
452 -0.871066 
453 -1.297247 
454 -1.134680 
455 -0.933754 
456 -0.921239 
457 -1.147165 
458 -1.015902 
459 -1.197727 
460 -0.699686 
461 -1.534854 
462 -1.335388 
463 -0.706161 
464 -0.741319 
465 -0.809987 
466 -1.565265 
467 -1.052485 
468 -1.100329 
469 -1.185096 
470 -0.759476 
471 -1.154948 
472 -1.226237 
473 -1.171623 
474 -0.844199 
475 -1.057261 
476 -1.080986 
477 -1.439326 
478 -0.954888 
479 -0.933558 
480 -1.311602 
481 -0.509706 
482 -0.946825 
483 -1.354017 
484 -0.868656 
485 -1.400054 
486 -1.052385 
487 -1.153132 
488 -0.836441 
489 -1.313099 
490 -0.849550 
491 -1.262860 
492 -1.215933 
493 -1.320631 
494 -0.889591 
495 -0.740014 
496 -1.306317 
497 -1.302794 
498 -0.667313 
499 -1.034716 
500 -0.917300 
501 -1.257247 
502 -1.334345 
503 -0.829140 
504 -1.273721 
505 -1.208074 
506 -0.969293 
507 -0.861790 
508 -1.001277 
509 -1.002759 
510 -1.183226 
511 -1.091026 
512 -1.200219 
513 -1.154678 
514 -1.193536 
515 -0.828273 
516 -1.228774 
517 -0.967194 
518 -0.941490 
519 -1.190896 
520 -0.769700 
521 -0.831446 
522 -1.321998 
523 -1.378289 
524 -0.891228 
525 -0.970010 
526 -1.459175 
527 -0.982940 
528 -1.088710 
529 -1.162620 
530 -1.249051 
531 -0.883921 
532 -1.148033 
533 -1.151106 
534 -0.964033 
535 -1.036847 
536 -1.195535 
537 -0.867531 
538 -1.034587 
539 -1.255559 
540 -1.021239 
541 -1.583148 
542 -0.780781 
543 -0.963273 
544 -1.203455 
545 -1.259987 
546 -1.031669 
547 -0.931305 
548 -1.021559 
549 -1.293429 
550 -0.924275 
551 -1.137978 
552 -0.843050 
553 -1.190110 
554 -1.213307 
555 -1.015243 
556 -1.326589 
557 -0.946745 
558 -1.135292 
559 -1.078651 
560 -1.166279 
561 -0.753030 
562 -1.047204 
563 -1.321784 
564 -0.984362 
565 -1.151531 
566 -1.062111 
567 -0.961466 
568 -1.016713 
569 -1.258004 
570 -1.210222 
571 -0.842948 
572 -1.481460 
573 -0.973761 
574 -0.846283 
575 -1.029356 
576 -1.964258 
577 -1.107697 
578 -0.528273 
579 -0.699476 
580 -1.019256 
581 -1.108069 
582 -1.158963 
583 -1.104017 
584 -0.932444 
585 -1.098062 
586 -1.274887 
587 -1.104693 
588 -0.971000 
589 -0.637505 
590 -1.357582 
591 -1.348874 
592 -0.831597 
593 -1.401846 
594 -1.271600 
595 -0.815052 
596 -1.023421 
597 -1.377022 
598 -1.139464 
599 -0.786711 
600 -1.355204 
601 -0.976769 
602 -0.869471 
603 -1.113127 
604 -1.237955 
605 -1.512904 
606 -0.940044 
607 -0.808144 
608 -0.626140 
609 -1.233072 
610 -1.339293 
611 -1.062525 
612 -1.170779 
613 -1.007093 
614 -1.207160 
615 -1.043262 
616 -1.199172 
617 -1.449919 
618 -0.672655 
619 -1.102972 
620 -0.538742 
621 -1.810785 
622 -0.687516 
623 -1.234532 
624 -1.143860 
625 -1.541499 
626 -0.891613 
627 -0.832060 
628 -1.147669 
629 -1.124304 
630 -0.774374 
631 -1.255533 
632 -0.895374 
633 -0.935593 
634 -0.800704 
635 -1.719255 
636 -0.869533 
637 -1.177748 
638 -1.096862 
639 -1.263677 
640 -1.193789 
641 -0.957246 
642 -1.042449 
643 -1.192404 
644 -0.704048 
645 -1.179937 
646 -1.246218 
647 -1.176874 
648 -0.940647 
649 -0.778881 
650 -1.697230 
651 -0.870076 
652 -0.861398 
653 -1.464747 
654 -1.088044 
655 -0.833793 
656 -1.094465 
657 -1.533742 
658 -0.782768 
659 -0.839236 
660 -1.225905 
661 -0.871211 
662 -1.193900 
663 -1.141341 
664 -0.977272 
665 -1.694890 
666 -0.999987 
667 -0.727538 
668 -0.844137 
669 -0.932268 
670 -1.499109 
671 -0.991203 
672 -1.686128 
673 -0.823523 
674 -0.658302 
675 -1.006725 
676 -1.202015 
677 -1.091603 
678 -1.015322 
679 -1.214740 
680 -1.149323 
681 -0.840654 
682 -1.180720 
683 -1.310604 
684 -1.170592 
685 -0.929260 
686 -1.035672 
687 -1.252334 
688 -1.146035 
689 -1.040707 
690 -1.075490 
691 -1.184005 
692 -1.532560 
693 -1.011636 
694 -1.041718 
695 -0.744501 
696 -0.946195 
697 -1.042251 
698 -1.503065 
699 -0.964735 
700 -1.551061 
701 -0.745601 
702 -1.464721 
703 -0.712981 
704 -0.941457 
705 -0.950216 
706 -1.306969 
707 -1.013287 
708 -1.460330 
709 -1.191685 
710 -0.644935 
711 -1.138539 
712 -0.873129 
713 -1.445491 
714 -1.017491 
715 -1.095567 
716 -1.117501 
717 -0.856428 
718 -1.069449 
719 -1.312410 
720 -1.571611 
721 -0.923312 
722 -1.015250 
723 -0.929967 
724 -0.898459 
725 -0.904859 
726 -1.193632 
727 -1.527405 
728 -1.926406 
729 -0.763710 
730 -0.770887 
731 -0.997005 
732 -0.804570 
733 -1.086607 
734 -1.411759 
735 -1.148026 
736 -0.991301 
737 -1.298896 
738 -1.317749 
739 -0.749855 
740 -1.154200 
741 -1.054479 
742 -0.785659 
743 -1.428424 
744 -0.889416 
745 -1.314676 
746 -1.162077 
747 -0.955326 
748 -0.682448 
749 -1.283194 
750 -1.430107 
751 -0.826328 
752 -1.209458 
753 -1.059320 
754 -1.042071 
755 -1.144765 
756 -0.662311 
757 -1.395105 
758 -0.932540 
759 -1.286724 
760 -1.086133 
761 -0.719941 
762 -1.244141 
763 -1.242150 
764 -1.173323 
765 -1.221056 
766 -1.072020 
767 -0.869240 
768 -1.187169 
769 -1.009281 
770 -0.785509 
771 -1.302520 
772 -0.780592 
773 -0.818883 
774 -0.877339 
775 -1.757673 
776 -0.885759 
777 -0.955789 
778 -1.544677 
779 -0.926732 
780 -1.032137 
781 -0.976164 
782 -1.056267 
783 -1.154029 
784 -1.007803 
785 -1.117891 
786 -0.994888 
787 -1.097557 
788 -1.231176 
789 -1.466825 
790 -1.041468 
791 -0.666556 
792 -1.002779 
793 -0.908139 
794 -1.383118 
795 -1.071883 
796 -0.865053 
797 -1.011227 
798 -0.958812 
799 -1.357731 
800 -0.987771 
801 -0.947720 
802 -1.279499 
803 -1.106690 
804 -1.139987 
805 -1.172366 
806 -1.191296 
807 -0.989514 
808 -1.399304 
809 -1.262781 
810 -0.581464 
811 -1.093501 
812 -1.264913 
813 -1.074496 
814 -0.952421 
815 -1.003442 
816 -0.867855 
817 -1.304528 
818 -0.838565 
819 -1.380134 
820 -1.109476 
821 -1.201000 
822 -0.989236 
823 -1.152184 
824 -1.533195 
825 -1.182349 
826 -0.843836 
827 -0.961490 
828 -1.347453 
829 -1.010978 
830 -0.990742 
831 -1.090303 
832 -1.606140 
833 -0.996169 
834 -0.949933 
835 -0.891896 
836 -1.422400 
837 -0.760171 
838 -1.105879 
839 -1.176679 
840 -1.151656 
841 -1.043191 
842 -0.929845 
843 -1.324243 
844 -1.379513 
845 -1.083800 
846 -1.190995 
847 -0.765069 
848 -0.824636 
849 -1.353538 
850 -1.067732 
851 -1.206638 
852 -1.489967 
853 -0.807701 
854 -1.151175 
855 -0.923522 
856 -0.842586 
857 -0.917050 
858 -1.602671 
859 -1.143475 
860 -0.838657 
861 -1.001728 
862 -1.426961 
863 -1.310510 
864 -1.071981 
865 -1.002445 
866 -1.234374 
867 -1.173669 
868 -1.822090 
869 -0.847800 
870 -0.689604 
871 -0.981037 
872 -0.993561 
873 -1.601395 
874 -1.060933 
875 -0.890351 
876 -0.946906 
877 -0.910281 
878 -0.895811 
879 -1.556143 
880 -1.448148 
881 -1.002760 
882 -0.896315 
883 -1.115791 
884 -1.399543 
885 -0.916454 
886 -1.316987 
887 -0.864341 
888 -0.945217 
889 -1.110682 
890 -1.492320 
891 -0.919042 
892 -1.351355 
893 -0.876000 
894 -1.407518 
895 -0.866838 
896 -1.544533 
897 -0.778814 
898 -1.054202 
899 -1.047018 
900 -0.999561 
901 -1.401142 
902 -0.954748 
903 -0.949484 
904 -1.456080 
905 -1.024759 
906 -1.070071 
907 -0.734404 
908 -1.036101 
909 -1.041170 
910 -1.077957 
911 -1.430150 
912 -1.408103 
913 -0.943945 
914 -1.216515 
915 -0.997820 
916 -1.009993 
917 -1.014264 
918 -1.400752 
919 -1.053032 
920 -1.558432 
921 -1.235443 
922 -0.890799 
923 -0.700641 
924 -1.014498 
925 -0.888102 
926 -0.834978 
927 -1.770036 
928 -1.572563 
929 -1.013551 
930 -0.836741 
931 -1.046993 
932 -0.728826 
933 -1.905617 
934 -0.935708 
935 -0.866882 
936 -1.627540 
937 -0.861285 
938 -0.799346 
939 -1.288534 
940 -0.995901 
941 -1.304036 
942 -0.893526 
943 -1.331043 
944 -1.277995 
945 -1.090255 
946 -0.996660 
947 -1.055785 
948 -1.088914 
949 -1.189652 
950 -1.200534 
951 -1.066488 
952 -1.063498 
953 -1.270482 
954 -0.963079 
955 -1.123296 
956 -1.767292 
957 -2.191767 
