2314 1
0 -2.025654 
1 -1.366748 
2 -0.292363 
3 -1.298895 
4 0.192175 
5 -1.355213 
6 -2.079043 
7 -1.538090 
8 -1.492577 
9 -1.258323 
10 -1.007168 
11 -1.606931 
12 -1.038866 
13 -2.420919 
14 0.505803 
15 -1.377581 
16 -1.641547 
17 -1.329493 
18 -1.096689 
19 -1.105954 
20 -1.233971 
21 -2.138112 
22 -1.656250 
23 1.787344 
24 -0.212219 
25 -1.890596 
26 -0.718007 
27 -2.247737 
28 -0.422304 
29 -2.161000 
30 -1.463727 
31 -0.484351 
32 -1.168449 
33 -0.603865 
34 -1.077837 
35 -2.310087 
36 -0.028477 
37 -1.125157 
38 -2.751892 
39 -0.191761 
40 -0.789488 
41 -1.535489 
42 -2.463167 
43 0.447193 
44 -0.888255 
45 -1.844546 
46 -0.532949 
47 -1.834946 
48 -1.996324 
49 -1.416280 
50 -1.360487 
51 -0.590202 
52 -1.332906 
53 -0.963828 
54 -1.856995 
55 -0.812234 
56 -1.233958 
57 -2.416667 
58 0.935291 
59 -1.024989 
60 -0.199281 
61 -1.329089 
62 -0.996102 
63 -2.467414 
64 -0.738710 
65 -1.681132 
66 -1.052156 
67 -1.823329 
68 -0.999268 
69 -1.968427 
70 -0.969971 
71 -1.413082 
72 -0.622897 
73 0.624515 
74 0.739072 
75 -3.311319 
76 -1.428756 
77 -2.001942 
78 1.130452 
79 -1.710978 
80 -0.843608 
81 -1.892314 
82 -1.202255 
83 -1.430705 
84 -1.394034 
85 -1.550267 
86 -1.188336 
87 -1.307328 
88 -0.565272 
89 -1.942044 
90 2.000979 
91 -2.217230 
92 -1.611952 
93 -2.264146 
94 0.412441 
95 -1.051044 
96 -1.828370 
97 -0.328531 
98 -2.095289 
99 -0.283067 
100 -0.174228 
101 -1.114909 
102 -1.307192 
103 -1.641245 
104 -1.050927 
105 -1.488004 
106 -0.511568 
107 -1.935313 
108 -0.676771 
109 -0.879379 
110 -1.526593 
111 -2.048770 
112 -1.956922 
113 0.858332 
114 -2.095379 
115 -0.803282 
116 -1.409260 
117 -2.040909 
118 -0.988142 
119 -0.793580 
120 -1.934065 
121 0.504460 
122 -2.116937 
123 -0.254452 
124 -1.441175 
125 0.978219 
126 -1.375792 
127 -2.079929 
128 -2.798338 
129 -0.589676 
130 -0.928283 
131 0.023885 
132 -1.567971 
133 -1.187072 
134 -2.231701 
135 -0.190660 
136 -1.814022 
137 -1.107653 
138 0.978053 
139 -2.157817 
140 -0.922878 
141 -1.614366 
142 -0.998015 
143 -1.506654 
144 -2.373054 
145 -1.612351 
146 -0.733998 
147 -0.430796 
148 -0.776190 
149 -1.519885 
150 -2.611892 
151 0.910174 
152 -1.434937 
153 -1.704675 
154 -0.594865 
155 -1.377356 
156 -1.016851 
157 -2.626628 
158 -1.512866 
159 0.534599 
160 -1.378464 
161 -0.880100 
162 0.857921 
163 -2.609860 
164 -1.043405 
165 -0.230988 
166 -1.924395 
167 -1.402859 
168 1.132399 
169 -1.504739 
170 -1.501709 
171 -1.073770 
172 -1.392493 
173 2.543263 
174 -2.104672 
175 -1.329618 
176 0.548284 
177 -1.630442 
178 -1.659505 
179 -1.656233 
180 -0.917983 
181 -2.193861 
182 1.092128 
183 -1.908953 
184 -2.041835 
185 1.357910 
186 -1.597161 
187 1.712213 
188 -1.458947 
189 -1.524998 
190 -1.409698 
191 -1.422232 
192 -0.475575 
193 0.080155 
194 -2.320752 
195 -1.823243 
196 -0.310984 
197 -2.097853 
198 -0.419411 
199 -2.040271 
200 -1.927880 
201 -1.087146 
202 -1.276126 
203 -1.337370 
204 -2.120252 
205 -1.731398 
206 -0.710784 
207 -0.146291 
208 3.997881 
209 -1.873095 
210 -1.339145 
211 -0.335308 
212 -2.720089 
213 0.715740 
214 0.644582 
215 -2.012635 
216 -1.099338 
217 -0.968598 
218 -1.667580 
219 -1.278446 
220 -0.258562 
221 -2.311216 
222 -0.615624 
223 -1.595441 
224 -0.122826 
225 2.750037 
226 -2.680651 
227 -1.183514 
228 -2.038829 
229 1.205572 
230 -1.992586 
231 1.503558 
232 -0.065085 
233 -1.947961 
234 -1.727001 
235 -1.312209 
236 2.817059 
237 -1.069260 
238 -1.074937 
239 -1.624820 
240 -1.613553 
241 -1.326063 
242 -2.079918 
243 0.716805 
244 1.986547 
245 -1.201425 
246 -0.675779 
247 -2.409569 
248 -1.922720 
249 -0.394166 
250 -1.480386 
251 -1.407532 
252 -1.452324 
253 1.584907 
254 -2.063921 
255 -1.595396 
256 -1.191670 
257 -1.821508 
258 -0.933281 
259 -1.528702 
260 -1.444161 
261 -2.365774 
262 0.968595 
263 -0.644290 
264 1.120362 
265 -1.427130 
266 -2.541355 
267 -1.114113 
268 0.479594 
269 -1.449485 
270 -1.415326 
271 -2.316712 
272 -0.794561 
273 -1.818887 
274 -1.437646 
275 -1.527157 
276 1.053573 
277 -2.223488 
278 -1.670076 
279 1.664267 
280 -2.227254 
281 -1.696750 
282 1.511139 
283 -1.096742 
284 -0.279226 
285 0.438372 
286 -1.595805 
287 3.160433 
288 -1.748439 
289 -0.220757 
290 -1.305029 
291 -1.935536 
292 -1.951941 
293 -1.537446 
294 -0.988306 
295 -0.799403 
296 1.396503 
297 -2.091811 
298 -0.664709 
299 -1.886664 
300 -0.824371 
301 -1.505598 
302 -1.285737 
303 -1.303844 
304 -0.806845 
305 -1.590565 
306 -0.712029 
307 -2.039200 
308 -1.193072 
309 -2.120076 
310 -1.497559 
311 0.054422 
312 -2.414363 
313 -0.191161 
314 0.984625 
315 -2.216773 
316 -1.394197 
317 -1.044790 
318 -1.184452 
319 -1.689769 
320 -0.805123 
321 -2.123360 
322 -0.767800 
323 3.524057 
324 -1.736213 
325 -1.550968 
326 -1.503223 
327 0.022515 
328 -1.620055 
329 -1.265243 
330 1.412064 
331 -1.684527 
332 1.515058 
333 -1.983961 
334 -1.992945 
335 -1.103274 
336 -1.573510 
337 -1.574742 
338 -1.237035 
339 -0.801480 
340 -1.846171 
341 0.595219 
342 -1.575449 
343 -1.548963 
344 2.331222 
345 2.381608 
346 -1.647950 
347 -2.269424 
348 -1.537214 
349 -1.943744 
350 -0.987460 
351 -0.594742 
352 2.753995 
353 -1.602548 
354 -1.611938 
355 -1.449685 
356 -0.890949 
357 -1.791543 
358 -0.566742 
359 -1.744485 
360 -1.568364 
361 -1.793636 
362 -0.160087 
363 -1.639312 
364 -1.258646 
365 -1.785565 
366 -0.646712 
367 -1.373077 
368 -0.834298 
369 -1.791728 
370 -0.363826 
371 -2.038311 
372 -1.872634 
373 -0.915603 
374 -1.565118 
375 -1.240913 
376 -0.991464 
377 -1.788239 
378 -1.438843 
379 -0.622157 
380 -2.312655 
381 0.622651 
382 0.271622 
383 -2.336600 
384 -2.186506 
385 -1.250471 
386 -0.843556 
387 -0.803200 
388 -1.360353 
389 -1.673576 
390 -0.115720 
391 -2.000911 
392 -1.844098 
393 -1.544299 
394 -1.302058 
395 -0.891748 
396 -1.475687 
397 0.948432 
398 -2.088279 
399 -1.441035 
400 -1.533754 
401 -1.521745 
402 -1.152965 
403 -0.806183 
404 -1.777797 
405 -0.512262 
406 -1.003899 
407 -1.820248 
408 -2.051946 
409 -1.368246 
410 1.064855 
411 -1.664327 
412 -1.284803 
413 -0.768325 
414 -1.449469 
415 -1.931290 
416 -0.750864 
417 -0.713494 
418 -2.557117 
419 -0.815993 
420 -2.171249 
421 -0.407245 
422 -0.520356 
423 -1.823189 
424 -2.146714 
425 0.172299 
426 -0.416758 
427 -1.971603 
428 -1.572560 
429 -1.864115 
430 -0.666334 
431 -1.473422 
432 -1.577677 
433 -2.068932 
434 -0.708393 
435 -0.943357 
436 -1.533259 
437 -2.151044 
438 -0.040148 
439 -1.508592 
440 -1.557559 
441 -1.796677 
442 -1.586082 
443 -0.563833 
444 -0.886108 
445 -1.791955 
446 -2.219434 
447 -0.023797 
448 -1.324124 
449 -0.779505 
450 -1.098151 
451 -1.806884 
452 -1.651215 
453 -1.435197 
454 -1.585635 
455 -0.757071 
456 -1.664442 
457 -2.209827 
458 -1.124409 
459 0.784153 
460 -2.193253 
461 -1.933776 
462 -0.167855 
463 -0.541144 
464 -2.350036 
465 -1.335507 
466 0.464778 
467 -0.534148 
468 -2.016245 
469 -1.692469 
470 -1.337598 
471 0.981052 
472 -2.382558 
473 0.053868 
474 -1.828331 
475 -1.011028 
476 0.841501 
477 -1.482634 
478 -1.525496 
479 -1.853072 
480 -1.065098 
481 -1.095968 
482 0.485161 
483 -2.584870 
484 -1.281034 
485 -1.463229 
486 -1.823449 
487 -0.232844 
488 -1.326726 
489 -1.669981 
490 -0.609623 
491 -1.604042 
492 -0.923031 
493 -1.742862 
494 -1.755309 
495 -1.145546 
496 -1.534141 
497 -1.082780 
498 -1.300777 
499 -1.706302 
500 -1.646780 
501 -0.738239 
502 -1.099556 
503 -1.835613 
504 -2.410683 
505 -0.072988 
506 0.231218 
507 -2.117093 
508 -1.647673 
509 -0.646807 
510 -0.915603 
511 -2.056558 
512 -2.009535 
513 -1.528918 
514 -1.149318 
515 -0.885190 
516 -0.951153 
517 -1.399246 
518 -2.321647 
519 -1.050942 
520 -0.962430 
521 -1.679664 
522 -1.679305 
523 -1.149967 
524 -1.677321 
525 0.992312 
526 -2.167856 
527 -1.590597 
528 -2.064580 
529 2.307066 
530 -1.839817 
531 1.503419 
532 -2.571551 
533 2.396186 
534 1.277361 
535 -1.747162 
536 0.603226 
537 -1.160625 
538 -1.992119 
539 -2.199293 
540 -1.571040 
541 -1.659314 
542 -1.040127 
543 -0.998182 
544 -1.504274 
545 -1.368804 
546 -1.535432 
547 -0.791055 
548 -1.077740 
549 -1.787370 
550 -2.755280 
551 1.157646 
552 -2.822467 
553 0.631799 
554 -0.256626 
555 -1.535436 
556 -2.300626 
557 2.704714 
558 -1.724580 
559 -0.112806 
560 -1.329851 
561 -1.225953 
562 -1.590833 
563 -1.007139 
564 -2.208662 
565 -1.245354 
566 -1.521183 
567 0.022284 
568 -1.860038 
569 -0.248034 
570 -2.292061 
571 -0.667561 
572 -0.990045 
573 -1.592292 
574 -1.633094 
575 -0.801216 
576 -1.983172 
577 0.473999 
578 -2.215073 
579 -1.013269 
580 -1.068140 
581 -1.128978 
582 -1.539382 
583 -1.361492 
584 0.829397 
585 -2.472883 
586 -2.422317 
587 0.071909 
588 -2.271243 
589 -2.137496 
590 -0.624129 
591 -0.096876 
592 -0.945910 
593 0.171247 
594 -1.585474 
595 -2.514641 
596 -1.152367 
597 -1.653140 
598 -2.379534 
599 1.310775 
600 -2.013955 
601 -1.380985 
602 -1.227124 
603 -0.447589 
604 -3.316681 
605 1.453198 
606 -0.114132 
607 -1.325397 
608 -1.831726 
609 -2.515761 
610 -1.089831 
611 1.098643 
612 -2.060764 
613 -1.560123 
614 0.624949 
615 -1.559196 
616 0.515993 
617 -1.848052 
618 -1.662317 
619 -1.694869 
620 -0.764446 
621 -2.098167 
622 -1.892017 
623 0.664664 
624 -0.600779 
625 -0.970802 
626 -1.753618 
627 -1.662313 
628 -1.718238 
629 -0.845221 
630 -1.323522 
631 -1.325863 
632 -1.483278 
633 0.798306 
634 -2.348698 
635 -1.031157 
636 -0.122384 
637 -1.737148 
638 -1.633962 
639 -1.831000 
640 1.181684 
641 -1.599904 
642 -1.670350 
643 -2.028892 
644 -1.604386 
645 1.144152 
646 -2.139397 
647 -1.059757 
648 -1.585159 
649 0.373366 
650 -2.365724 
651 2.392790 
652 1.029248 
653 -2.036708 
654 -1.351611 
655 -1.601015 
656 -0.647015 
657 -2.102144 
658 -1.398668 
659 -0.900325 
660 -1.716914 
661 -2.391060 
662 1.034135 
663 -1.010377 
664 -3.065774 
665 -1.172077 
666 -0.132091 
667 0.481634 
668 0.592025 
669 0.886182 
670 -1.882266 
671 -2.557128 
672 -0.863573 
673 -1.132823 
674 0.078866 
675 -1.445732 
676 0.795285 
677 -1.568961 
678 -2.123021 
679 -1.455205 
680 -2.056837 
681 -0.632136 
682 -1.452208 
683 -0.843076 
684 -1.934763 
685 0.198565 
686 -0.954090 
687 -2.163318 
688 -0.737620 
689 -1.357709 
690 -1.539264 
691 -1.545272 
692 -2.008010 
693 -1.686994 
694 -1.594838 
695 0.691056 
696 -1.561892 
697 -1.155745 
698 -1.796840 
699 -0.433557 
700 -1.576557 
701 -1.509501 
702 -1.072834 
703 -1.095115 
704 -1.622468 
705 -2.392755 
706 0.464258 
707 1.783824 
708 1.045320 
709 -4.005627 
710 0.582804 
711 -0.407021 
712 0.006086 
713 -2.885633 
714 -0.779826 
715 -1.002859 
716 -1.524835 
717 -2.381718 
718 -0.779129 
719 -0.119217 
720 -2.711060 
721 -1.662884 
722 0.104897 
723 -0.249751 
724 1.794837 
725 -0.487662 
726 -0.851565 
727 -3.040742 
728 0.196512 
729 -1.693123 
730 -2.296103 
731 -1.259416 
732 -2.001782 
733 0.784676 
734 -0.853251 
735 -2.554591 
736 -0.874686 
737 -1.149241 
738 0.146249 
739 -3.145940 
740 -2.329069 
741 -1.375533 
742 -1.251052 
743 -0.013764 
744 -1.928510 
745 -2.168478 
746 -1.131144 
747 0.965072 
748 0.631704 
749 -2.598222 
750 -1.226559 
751 -1.421627 
752 -0.875089 
753 -3.143316 
754 -0.831765 
755 1.055598 
756 -1.087570 
757 -1.953208 
758 -1.340745 
759 -0.811704 
760 0.769240 
761 -1.857954 
762 -1.653677 
763 -1.987445 
764 -1.536735 
765 -1.033130 
766 -1.327644 
767 -1.385549 
768 0.426747 
769 -1.733479 
770 -0.285557 
771 -2.581841 
772 0.912938 
773 -1.506637 
774 -2.102003 
775 -1.788644 
776 -2.051712 
777 -1.428438 
778 -1.662452 
779 -0.256828 
780 -1.298919 
781 -1.088317 
782 0.395438 
783 -2.396261 
784 0.789599 
785 -2.000347 
786 -2.244701 
787 -0.826898 
788 -0.196211 
789 -1.559321 
790 -1.571414 
791 -1.495137 
792 -1.406561 
793 -0.916813 
794 -0.971383 
795 -1.929346 
796 2.969974 
797 -1.531523 
798 0.172166 
799 -3.145642 
800 -0.948717 
801 -1.897299 
802 -1.655031 
803 -0.951629 
804 -1.744899 
805 1.674347 
806 -2.278015 
807 -0.831736 
808 -1.166445 
809 -1.507593 
810 -1.182742 
811 -1.859658 
812 -2.732844 
813 -1.525733 
814 -0.327531 
815 -0.209129 
816 -1.032883 
817 -2.773094 
818 -1.060047 
819 0.398496 
820 -1.112996 
821 -1.569297 
822 -1.216065 
823 -1.318019 
824 -1.901178 
825 -0.696872 
826 -1.038719 
827 -1.766579 
828 -2.760981 
829 0.162857 
830 0.284371 
831 -1.934832 
832 -1.195209 
833 -0.872329 
834 -1.784314 
835 -1.464358 
836 0.946369 
837 -1.776549 
838 -2.870959 
839 1.886469 
840 -0.362481 
841 0.618480 
842 -1.530227 
843 -3.104494 
844 -1.879896 
845 -1.000167 
846 -0.864552 
847 -1.435255 
848 -1.742964 
849 -1.584931 
850 1.068804 
851 -2.223885 
852 -1.304432 
853 -1.321051 
854 -1.851780 
855 -0.640212 
856 -1.739925 
857 -1.572947 
858 0.697931 
859 -1.338418 
860 -1.240659 
861 -1.060594 
862 -0.723163 
863 -2.454592 
864 -0.807342 
865 -1.542059 
866 -0.336292 
867 -2.367740 
868 -1.945631 
869 0.136117 
870 -2.684844 
871 0.969932 
872 -1.675917 
873 1.291049 
874 -1.711094 
875 -1.737851 
876 -0.567102 
877 -0.631625 
878 -2.164526 
879 -2.039010 
880 0.902269 
881 -0.274870 
882 -2.598790 
883 -1.920163 
884 -1.687148 
885 -1.770208 
886 -1.523002 
887 0.477732 
888 -0.477362 
889 -1.430146 
890 -1.225474 
891 -1.745390 
892 1.162522 
893 -1.622296 
894 -1.047926 
895 -2.425973 
896 -1.249113 
897 -1.599388 
898 -0.717437 
899 -1.167811 
900 0.458002 
901 -2.593361 
902 -2.049909 
903 2.264743 
904 -1.620410 
905 -3.040423 
906 0.766636 
907 1.179144 
908 -0.708187 
909 0.261793 
910 -1.216269 
911 -3.020631 
912 -0.954136 
913 -0.583938 
914 -3.350134 
915 0.903980 
916 -0.737351 
917 -0.636949 
918 -1.014010 
919 -3.015470 
920 -1.073913 
921 -1.174912 
922 -1.082780 
923 -2.319434 
924 -0.697177 
925 -1.867787 
926 -0.166169 
927 -1.902600 
928 -0.606212 
929 -1.925027 
930 -1.360279 
931 -1.239212 
932 -0.588763 
933 -3.661857 
934 -0.401787 
935 -0.039080 
936 -2.810366 
937 -1.833978 
938 -0.310059 
939 2.230314 
940 -1.322357 
941 -0.835077 
942 -0.910602 
943 -1.749406 
944 -1.748468 
945 0.776972 
946 -2.995189 
947 2.012265 
948 -1.266430 
949 -1.709196 
950 -2.350200 
951 0.042510 
952 1.785356 
953 -2.951748 
954 -1.669192 
955 0.481289 
956 -0.437089 
957 -1.972830 
958 -1.537654 
959 -1.237121 
960 0.046384 
961 0.301891 
962 -2.192044 
963 -2.324724 
964 -1.668547 
965 -0.604064 
966 -0.936371 
967 -1.577865 
968 -2.267097 
969 -1.654795 
970 -1.556236 
971 0.108008 
972 -0.782532 
973 -1.564842 
974 -1.923465 
975 -0.618997 
976 -0.435713 
977 -0.172865 
978 -1.367926 
979 -2.893505 
980 0.799566 
981 1.080957 
982 -4.845137 
983 0.159926 
984 -0.752632 
985 -2.201819 
986 0.938390 
987 -1.448151 
988 -0.141400 
989 -2.954699 
990 -1.609836 
991 0.150726 
992 -0.754341 
993 -1.277097 
994 -0.657753 
995 -2.506896 
996 -1.390439 
997 1.698936 
998 -0.859844 
999 -2.693993 
1000 -3.213852 
1001 -0.416183 
1002 -0.670552 
1003 0.763367 
1004 -0.465580 
1005 0.686424 
1006 -1.545756 
1007 -3.156868 
1008 -0.906587 
1009 -0.791712 
1010 -2.171840 
1011 -1.638847 
1012 1.109961 
1013 -1.439053 
1014 -3.722804 
1015 -0.032031 
1016 -0.281755 
1017 -2.827910 
1018 -0.840820 
1019 0.152201 
1020 -1.505998 
1021 1.425405 
1022 -1.301663 
1023 -2.778229 
1024 -1.183684 
1025 -1.345582 
1026 -1.587105 
1027 -0.910469 
1028 -2.156198 
1029 0.614525 
1030 -2.145053 
1031 -0.016390 
1032 1.580129 
1033 -1.918031 
1034 -2.278151 
1035 0.396367 
1036 -2.154316 
1037 -1.182579 
1038 -1.813195 
1039 1.607258 
1040 -2.093231 
1041 -0.068576 
1042 -2.105408 
1043 -0.768006 
1044 -0.389011 
1045 -1.470276 
1046 -0.540878 
1047 -2.466008 
1048 -1.841402 
1049 -1.540036 
1050 -0.221818 
1051 -1.813750 
1052 -2.299691 
1053 0.300265 
1054 -1.640876 
1055 -0.909463 
1056 -1.567332 
1057 -1.328609 
1058 1.478622 
1059 -1.974431 
1060 3.217742 
1061 0.594292 
1062 -0.449844 
1063 -1.138813 
1064 -0.899173 
1065 -1.888379 
1066 -2.155455 
1067 0.642642 
1068 -2.656209 
1069 0.745510 
1070 1.334736 
1071 -1.951082 
1072 -2.071110 
1073 -2.079852 
1074 2.329987 
1075 0.412578 
1076 0.180028 
1077 -2.912138 
1078 2.700291 
1079 -0.656585 
1080 -0.960041 
1081 -1.542744 
1082 -1.590078 
1083 -0.858979 
1084 -2.468739 
1085 1.332627 
1086 -1.669863 
1087 -0.267011 
1088 -1.507616 
1089 -1.477643 
1090 0.011362 
1091 -2.161659 
1092 -1.762891 
1093 -1.144351 
1094 -0.720360 
1095 -1.936892 
1096 -1.216354 
1097 -2.181250 
1098 -1.132835 
1099 -0.840339 
1100 -1.449345 
1101 -1.748536 
1102 -0.524409 
1103 -1.264974 
1104 -3.345861 
1105 -0.806736 
1106 -0.838764 
1107 1.657470 
1108 -1.717535 
1109 -0.862642 
1110 -1.740224 
1111 -0.636955 
1112 0.562868 
1113 -1.079440 
1114 -1.484545 
1115 -2.179559 
1116 -2.438011 
1117 -1.223249 
1118 -0.679496 
1119 -1.066286 
1120 -1.719137 
1121 -0.486903 
1122 -1.284430 
1123 -1.508066 
1124 -1.328703 
1125 -0.745555 
1126 -1.139562 
1127 -1.815363 
1128 -0.960663 
1129 -1.030074 
1130 0.948912 
1131 -2.847467 
1132 -1.406712 
1133 -0.840910 
1134 -0.748475 
1135 -1.871607 
1136 -2.413764 
1137 -1.571661 
1138 0.749868 
1139 2.961051 
1140 -0.287677 
1141 -2.363036 
1142 -2.003077 
1143 -0.010259 
1144 -1.624728 
1145 -0.994583 
1146 1.360532 
1147 -2.500583 
1148 -0.488232 
1149 -1.631636 
1150 -2.995956 
1151 0.808380 
1152 -1.324068 
1153 -1.367534 
1154 -0.937152 
1155 -1.589144 
1156 -0.106382 
1157 -1.611540 
1158 -2.097103 
1159 -1.494486 
1160 1.078647 
1161 -0.607906 
1162 0.561810 
1163 -3.704037 
1164 -0.815169 
1165 -1.509833 
1166 -2.352637 
1167 -0.884095 
1168 -1.637502 
1169 0.188184 
1170 -2.210894 
1171 -1.292867 
1172 1.117125 
1173 -1.464641 
1174 -1.542040 
1175 -1.645851 
1176 -1.440214 
1177 -0.156507 
1178 -1.626238 
1179 -1.945411 
1180 -1.800165 
1181 -1.416222 
1182 -0.262704 
1183 -1.328221 
1184 -2.547645 
1185 0.874065 
1186 0.269062 
1187 -1.984609 
1188 -1.338681 
1189 -1.301639 
1190 -0.805011 
1191 -1.592188 
1192 -0.399749 
1193 -1.702360 
1194 -1.605958 
1195 -1.438571 
1196 -1.780365 
1197 -0.528958 
1198 -2.035704 
1199 -0.409470 
1200 -1.885008 
1201 0.445459 
1202 -0.940413 
1203 -1.965528 
1204 -1.802350 
1205 -0.831074 
1206 -1.751557 
1207 -1.153517 
1208 -1.474154 
1209 0.812354 
1210 -1.736626 
1211 -1.661281 
1212 -1.257463 
1213 0.015984 
1214 -2.228371 
1215 -1.258108 
1216 1.053954 
1217 -2.418747 
1218 -2.057605 
1219 -0.333750 
1220 -2.944727 
1221 1.300397 
1222 -0.855727 
1223 -1.285625 
1224 -1.793823 
1225 -1.197101 
1226 0.127045 
1227 -1.946665 
1228 -1.393932 
1229 -0.141113 
1230 -1.083512 
1231 -2.087687 
1232 -3.257608 
1233 -0.217047 
1234 -0.644041 
1235 -0.342975 
1236 -1.610326 
1237 2.131950 
1238 -1.158575 
1239 -1.885368 
1240 -1.870126 
1241 -1.661768 
1242 -0.317391 
1243 -0.864301 
1244 -1.789657 
1245 -1.445536 
1246 -1.164236 
1247 -1.037967 
1248 -1.724548 
1249 -2.455680 
1250 -0.749463 
1251 0.757330 
1252 -1.856841 
1253 -2.067201 
1254 -0.620912 
1255 -0.973044 
1256 -2.418145 
1257 0.205275 
1258 -1.854702 
1259 0.928233 
1260 -1.787205 
1261 -1.710112 
1262 1.985784 
1263 -1.523792 
1264 -1.995481 
1265 0.489195 
1266 -0.625128 
1267 -2.068626 
1268 -0.372534 
1269 -1.714091 
1270 -1.932711 
1271 -1.307295 
1272 -0.667960 
1273 -2.448215 
1274 0.584021 
1275 -1.782192 
1276 -1.576236 
1277 1.094557 
1278 -1.555935 
1279 -1.939398 
1280 -0.455960 
1281 0.439189 
1282 -2.514352 
1283 -1.961952 
1284 -0.350731 
1285 -1.681351 
1286 -1.449053 
1287 -1.468084 
1288 -1.714361 
1289 -0.500358 
1290 -0.771131 
1291 -1.939227 
1292 -1.629943 
1293 -1.404966 
1294 -1.719031 
1295 1.607950 
1296 -1.652467 
1297 -1.023378 
1298 -0.832802 
1299 -1.725905 
1300 -0.164466 
1301 -2.270113 
1302 2.148860 
1303 -2.515774 
1304 0.933507 
1305 -0.830588 
1306 -1.577148 
1307 -2.691060 
1308 -2.394791 
1309 -0.867270 
1310 0.629486 
1311 -1.791505 
1312 -0.744261 
1313 -0.206164 
1314 -1.972702 
1315 -1.725656 
1316 -1.950111 
1317 -2.349525 
1318 -0.217355 
1319 -0.319456 
1320 -1.295371 
1321 -1.668333 
1322 -1.066602 
1323 -0.740549 
1324 -0.754167 
1325 -1.428862 
1326 -1.634166 
1327 -1.511154 
1328 -0.624715 
1329 -0.929397 
1330 1.301434 
1331 -3.328407 
1332 -1.355787 
1333 -2.095366 
1334 0.803009 
1335 -2.055273 
1336 -1.053956 
1337 -1.396176 
1338 0.643314 
1339 -2.458563 
1340 -1.149136 
1341 1.113855 
1342 -1.506283 
1343 -2.288335 
1344 -0.989866 
1345 -0.953383 
1346 1.090196 
1347 -3.074775 
1348 -1.490230 
1349 -0.728555 
1350 -1.428374 
1351 -1.432306 
1352 -2.766439 
1353 -0.152483 
1354 -1.682550 
1355 0.038233 
1356 -1.783527 
1357 -2.369096 
1358 0.689481 
1359 -1.205607 
1360 -1.759778 
1361 -1.433004 
1362 1.150682 
1363 -2.015239 
1364 -0.619750 
1365 -2.116207 
1366 -2.060759 
1367 1.989005 
1368 1.041480 
1369 -0.998500 
1370 -1.821292 
1371 -2.334368 
1372 -1.143879 
1373 -0.987933 
1374 -0.888574 
1375 -2.331340 
1376 1.535355 
1377 -1.777047 
1378 -2.037226 
1379 -1.542639 
1380 -0.993790 
1381 -1.179204 
1382 -1.393652 
1383 -1.292367 
1384 -0.779053 
1385 -1.586834 
1386 -0.157202 
1387 -2.402080 
1388 -3.024861 
1389 -1.023677 
1390 -1.598514 
1391 1.056739 
1392 -2.160302 
1393 -0.926238 
1394 -0.044949 
1395 -1.787469 
1396 -2.585773 
1397 -1.164698 
1398 -1.418517 
1399 0.548421 
1400 -1.668948 
1401 -1.374556 
1402 0.090528 
1403 -2.048989 
1404 -0.646319 
1405 -1.470427 
1406 -1.904463 
1407 -1.427101 
1408 -0.438934 
1409 -2.727593 
1410 -1.235539 
1411 -0.682279 
1412 -1.488553 
1413 -2.238096 
1414 1.437775 
1415 -1.365287 
1416 -1.596539 
1417 1.398303 
1418 -3.398940 
1419 0.611533 
1420 -0.266013 
1421 -0.585242 
1422 0.426890 
1423 -3.587283 
1424 -0.638518 
1425 -2.180207 
1426 0.537445 
1427 -2.702136 
1428 -2.384408 
1429 1.887756 
1430 -2.400198 
1431 -0.828994 
1432 -2.645941 
1433 -1.736248 
1434 1.161370 
1435 -0.933787 
1436 -1.899893 
1437 -2.949323 
1438 0.255192 
1439 0.195312 
1440 0.028684 
1441 0.786506 
1442 -4.434110 
1443 1.248519 
1444 -1.353140 
1445 0.756290 
1446 -2.229846 
1447 -1.595929 
1448 -1.487811 
1449 -0.194126 
1450 -3.183087 
1451 1.543676 
1452 0.381848 
1453 -2.449836 
1454 -1.847880 
1455 -0.330222 
1456 -1.014248 
1457 -2.606604 
1458 0.145309 
1459 -1.752929 
1460 -0.723212 
1461 -1.520756 
1462 -1.982485 
1463 -0.851538 
1464 2.178571 
1465 -2.559485 
1466 -1.873117 
1467 -0.895274 
1468 -0.946342 
1469 -1.764077 
1470 -0.671268 
1471 -1.674355 
1472 -0.701274 
1473 -1.894453 
1474 -1.005095 
1475 -1.323631 
1476 -0.664596 
1477 -1.155865 
1478 -1.665821 
1479 2.762727 
1480 -0.656412 
1481 -3.579367 
1482 -0.914634 
1483 0.913495 
1484 0.758431 
1485 -2.021213 
1486 -0.799412 
1487 -2.143860 
1488 -3.006764 
1489 1.401800 
1490 -2.522923 
1491 -0.027378 
1492 -1.909321 
1493 -1.275426 
1494 0.573859 
1495 -2.069866 
1496 0.333599 
1497 -0.913835 
1498 1.581474 
1499 -4.146485 
1500 0.135178 
1501 -0.534672 
1502 -4.034944 
1503 0.132837 
1504 -1.187701 
1505 1.588086 
1506 1.231366 
1507 -3.709042 
1508 -3.096095 
1509 0.738646 
1510 -1.572102 
1511 0.599126 
1512 -1.665648 
1513 -0.983572 
1514 -2.097766 
1515 -1.019369 
1516 1.891918 
1517 -2.569197 
1518 -2.638262 
1519 -0.119095 
1520 -0.118150 
1521 -0.655796 
1522 -1.162226 
1523 -2.990917 
1524 -0.177415 
1525 -3.093615 
1526 -1.219263 
1527 0.962023 
1528 -2.613575 
1529 1.454125 
1530 -1.059132 
1531 -1.372450 
1532 -0.765679 
1533 -1.352386 
1534 -0.451622 
1535 -2.262514 
1536 -0.976278 
1537 -2.253994 
1538 -0.296841 
1539 -1.691811 
1540 -1.341614 
1541 -1.383651 
1542 3.097349 
1543 -1.953418 
1544 -2.164122 
1545 -1.172513 
1546 0.591264 
1547 -1.754896 
1548 -0.796165 
1549 0.649790 
1550 -1.723627 
1551 -2.622936 
1552 -1.259096 
1553 -1.602037 
1554 -1.091878 
1555 -1.158926 
1556 -2.141441 
1557 -1.826564 
1558 -1.074874 
1559 0.438664 
1560 -1.648919 
1561 -1.652203 
1562 1.322076 
1563 -1.880667 
1564 -0.509600 
1565 -1.293473 
1566 -2.117114 
1567 -1.436264 
1568 1.603827 
1569 -1.955166 
1570 -0.799708 
1571 -2.078979 
1572 -0.661801 
1573 -1.591712 
1574 0.009192 
1575 -2.496917 
1576 -2.134145 
1577 -0.219536 
1578 -2.255255 
1579 -0.131482 
1580 -1.504970 
1581 -1.583097 
1582 0.071956 
1583 -1.955874 
1584 -0.419785 
1585 -1.597784 
1586 -1.785681 
1587 -1.260467 
1588 1.183048 
1589 0.012357 
1590 -3.308978 
1591 -0.318476 
1592 -1.023632 
1593 -2.045699 
1594 -0.553591 
1595 -1.485576 
1596 -1.258087 
1597 -1.214635 
1598 -1.627612 
1599 -0.984429 
1600 -1.705094 
1601 -0.101431 
1602 -0.992594 
1603 -1.980474 
1604 -1.426144 
1605 -2.046924 
1606 -0.866332 
1607 -0.780365 
1608 -0.343712 
1609 -2.109831 
1610 0.656223 
1611 -2.189076 
1612 0.951761 
1613 -1.543079 
1614 -2.652893 
1615 -0.694139 
1616 -0.994548 
1617 -1.371853 
1618 -1.590915 
1619 -1.123075 
1620 -1.103746 
1621 -1.373116 
1622 -1.126221 
1623 -1.632322 
1624 -2.366548 
1625 0.498830 
1626 -1.698388 
1627 -1.283183 
1628 3.021014 
1629 -1.770107 
1630 -1.047839 
1631 -1.178924 
1632 -1.797467 
1633 -2.268999 
1634 -1.333444 
1635 1.071585 
1636 -0.454386 
1637 -2.392401 
1638 -0.656846 
1639 -1.451747 
1640 -1.062063 
1641 -1.495669 
1642 -1.321751 
1643 -1.334041 
1644 0.212342 
1645 -2.893143 
1646 -1.086202 
1647 -1.386432 
1648 -2.454735 
1649 -0.387297 
1650 -1.725146 
1651 0.157926 
1652 -1.825367 
1653 -1.730875 
1654 0.164452 
1655 -1.272148 
1656 -1.165382 
1657 -2.122391 
1658 -1.261268 
1659 -0.439576 
1660 -0.845285 
1661 -1.698459 
1662 -1.649614 
1663 -1.380765 
1664 -0.966516 
1665 -0.847752 
1666 -1.487352 
1667 -1.672718 
1668 -0.076029 
1669 -3.594755 
1670 1.045870 
1671 -1.365603 
1672 0.177497 
1673 -1.860568 
1674 -2.240959 
1675 -1.112888 
1676 -0.964220 
1677 -0.924857 
1678 0.769186 
1679 -2.997648 
1680 0.101773 
1681 -1.510594 
1682 -0.952880 
1683 -2.390867 
1684 -1.528404 
1685 -0.450577 
1686 -1.035806 
1687 -2.028658 
1688 -1.009450 
1689 -2.737141 
1690 -0.805608 
1691 -0.915410 
1692 -1.866276 
1693 -0.473560 
1694 -0.960270 
1695 -1.424785 
1696 -2.060429 
1697 -2.033647 
1698 -0.620043 
1699 0.368230 
1700 -3.033605 
1701 -1.731867 
1702 1.532983 
1703 -0.463196 
1704 0.530728 
1705 -1.501907 
1706 -2.684217 
1707 -0.670326 
1708 3.047373 
1709 0.021016 
1710 -0.843972 
1711 -1.804996 
1712 -2.073511 
1713 -1.080625 
1714 -0.745551 
1715 -1.088079 
1716 -0.088947 
1717 -2.068245 
1718 -1.523705 
1719 -1.759298 
1720 -0.878358 
1721 -1.041995 
1722 -1.279765 
1723 -1.617020 
1724 -1.240051 
1725 1.468518 
1726 -2.068562 
1727 -1.789146 
1728 1.917485 
1729 -1.517682 
1730 -3.276291 
1731 1.626621 
1732 -1.583507 
1733 -0.870774 
1734 -2.394478 
1735 1.049044 
1736 -1.203762 
1737 -3.212178 
1738 1.090082 
1739 -0.865960 
1740 -2.323984 
1741 -0.090563 
1742 -1.258256 
1743 -1.440295 
1744 -0.802854 
1745 -2.808068 
1746 -1.483279 
1747 -0.437125 
1748 -1.476041 
1749 0.295575 
1750 -2.361558 
1751 -1.314679 
1752 -2.061100 
1753 -2.301615 
1754 -1.328088 
1755 0.448754 
1756 0.798506 
1757 -1.050964 
1758 -1.715506 
1759 -1.825889 
1760 -2.115236 
1761 -0.644755 
1762 0.163524 
1763 -2.074235 
1764 -0.691820 
1765 -3.411166 
1766 -0.503495 
1767 1.832455 
1768 -1.787022 
1769 -1.501452 
1770 -1.489927 
1771 -0.507971 
1772 -0.922051 
1773 1.354094 
1774 -3.554073 
1775 -0.376100 
1776 -0.780436 
1777 -0.861309 
1778 -1.982134 
1779 -1.947097 
1780 0.736522 
1781 -1.205949 
1782 -3.107128 
1783 -1.218283 
1784 -2.804432 
1785 2.069888 
1786 -2.754968 
1787 1.365176 
1788 0.673070 
1789 3.896925 
1790 2.388175 
1791 -3.350708 
1792 -2.101436 
1793 0.045953 
1794 -0.300218 
1795 -2.095402 
1796 -1.538230 
1797 -0.205956 
1798 -2.141289 
1799 -1.129425 
1800 0.148054 
1801 -1.975653 
1802 -2.044607 
1803 -0.640883 
1804 0.436385 
1805 -1.131606 
1806 -1.811595 
1807 -2.329222 
1808 -2.346744 
1809 1.429400 
1810 -1.696564 
1811 1.027493 
1812 -2.496629 
1813 -0.113719 
1814 -0.085811 
1815 -1.750778 
1816 -1.460099 
1817 -2.231208 
1818 -1.557368 
1819 0.847800 
1820 -1.798945 
1821 -1.693504 
1822 -0.965564 
1823 -0.385292 
1824 -1.260065 
1825 -1.739146 
1826 0.790471 
1827 -2.101202 
1828 2.245497 
1829 -1.962790 
1830 -1.234975 
1831 -1.588069 
1832 -0.195588 
1833 -2.463855 
1834 -1.022572 
1835 -1.266886 
1836 -1.252545 
1837 0.119867 
1838 -1.065329 
1839 -2.509658 
1840 2.295104 
1841 0.208244 
1842 -2.165304 
1843 -2.130711 
1844 -1.905680 
1845 0.061539 
1846 0.051202 
1847 -2.557257 
1848 -3.411930 
1849 1.124057 
1850 0.483939 
1851 -0.561292 
1852 0.836861 
1853 -0.866906 
1854 -2.198819 
1855 -2.180273 
1856 -2.137559 
1857 0.929107 
1858 -0.246938 
1859 -2.266494 
1860 0.458671 
1861 -0.224344 
1862 -1.993407 
1863 -2.255163 
1864 -1.248176 
1865 -1.086649 
1866 -2.516549 
1867 -0.067689 
1868 -0.831723 
1869 -0.955672 
1870 -0.885991 
1871 -2.803332 
1872 -0.729224 
1873 -2.014095 
1874 -2.563121 
1875 0.562484 
1876 -3.081594 
1877 -1.374880 
1878 -0.237076 
1879 1.263568 
1880 -1.317913 
1881 -1.164700 
1882 -2.557100 
1883 -0.421997 
1884 -0.996382 
1885 -1.980035 
1886 -0.403346 
1887 -1.855197 
1888 0.353387 
1889 1.006894 
1890 -2.469549 
1891 -2.057655 
1892 -1.113327 
1893 -2.172286 
1894 -0.253059 
1895 -1.457998 
1896 0.952186 
1897 -1.868232 
1898 -0.468569 
1899 -2.705458 
1900 -0.444475 
1901 -1.369192 
1902 -1.573364 
1903 -1.591784 
1904 -0.512678 
1905 1.704697 
1906 -2.979826 
1907 -1.137002 
1908 -0.706737 
1909 -0.998856 
1910 -2.210681 
1911 -1.708138 
1912 0.674928 
1913 -1.965300 
1914 -0.892757 
1915 -2.257293 
1916 -2.107285 
1917 -2.975677 
1918 0.961618 
1919 0.323913 
1920 -0.012357 
1921 -2.251369 
1922 0.958699 
1923 -2.714515 
1924 -4.111840 
1925 0.650408 
1926 1.075947 
1927 -1.436881 
1928 -0.407025 
1929 -1.049740 
1930 -1.419317 
1931 -2.172564 
1932 0.178354 
1933 0.548206 
1934 -2.337516 
1935 -2.261798 
1936 0.803407 
1937 0.991192 
1938 -2.115951 
1939 -2.307168 
1940 1.452523 
1941 -0.505113 
1942 -0.350084 
1943 -3.441832 
1944 -3.149739 
1945 0.979815 
1946 -0.500045 
1947 -1.123795 
1948 -1.958880 
1949 -2.245924 
1950 0.140649 
1951 -0.630769 
1952 -1.051809 
1953 -3.583609 
1954 0.826665 
1955 0.742102 
1956 -2.276642 
1957 -0.488534 
1958 -0.955662 
1959 -1.638348 
1960 -2.291194 
1961 -1.177335 
1962 0.481227 
1963 -1.901054 
1964 -1.637697 
1965 -1.698115 
1966 -1.492877 
1967 -0.923394 
1968 -1.314619 
1969 -1.428470 
1970 0.977846 
1971 -2.279808 
1972 -1.715211 
1973 -1.973825 
1974 -0.377730 
1975 -1.117764 
1976 -0.482416 
1977 -1.140059 
1978 -0.134937 
1979 -2.758427 
1980 -1.299058 
1981 0.215763 
1982 -3.185744 
1983 1.581837 
1984 -1.628650 
1985 1.077788 
1986 -2.215230 
1987 -1.421734 
1988 -1.733443 
1989 -1.816058 
1990 1.300840 
1991 -2.172763 
1992 -0.553446 
1993 0.519694 
1994 -0.534100 
1995 -4.040139 
1996 -1.041723 
1997 -1.091179 
1998 -2.864494 
1999 1.320329 
2000 -1.185948 
2001 -0.431387 
2002 -1.833075 
2003 -1.551656 
2004 -0.076602 
2005 -1.622186 
2006 -1.342888 
2007 -1.727253 
2008 -0.614739 
2009 -0.943330 
2010 -3.599614 
2011 0.920411 
2012 -3.319114 
2013 -0.907736 
2014 -0.074991 
2015 -0.319648 
2016 -0.940008 
2017 -1.510371 
2018 -0.566469 
2019 -2.213078 
2020 -0.303100 
2021 -2.539646 
2022 -0.105024 
2023 -1.946064 
2024 0.209065 
2025 0.980501 
2026 -0.227429 
2027 -4.174710 
2028 -0.919704 
2029 -2.119738 
2030 -1.046509 
2031 -1.020347 
2032 -0.021239 
2033 -0.999087 
2034 -2.258131 
2035 -2.017704 
2036 -1.442481 
2037 -1.642719 
2038 0.335222 
2039 -2.040540 
2040 -0.605704 
2041 -1.627194 
2042 -2.707516 
2043 0.908062 
2044 -0.881530 
2045 -3.459847 
2046 -0.124880 
2047 -0.158251 
2048 -1.846510 
2049 -1.471241 
2050 -0.349737 
2051 -1.629965 
2052 -0.853040 
2053 -1.816134 
2054 -1.848893 
2055 -0.487491 
2056 -1.293709 
2057 -0.983749 
2058 -1.936738 
2059 -1.460417 
2060 -0.722684 
2061 -0.476649 
2062 -2.071142 
2063 -1.969018 
2064 -1.060257 
2065 -2.398083 
2066 -0.839952 
2067 -0.616079 
2068 -1.744288 
2069 1.461170 
2070 -1.504503 
2071 -1.938852 
2072 -1.618685 
2073 -0.037518 
2074 -2.312058 
2075 -1.293663 
2076 -1.019521 
2077 1.271280 
2078 -1.948119 
2079 -1.803254 
2080 -1.196424 
2081 -1.837411 
2082 -0.604908 
2083 -1.513881 
2084 -2.174614 
2085 0.645766 
2086 -2.180266 
2087 -0.249068 
2088 -1.798215 
2089 -1.755830 
2090 -1.702415 
2091 0.595665 
2092 -2.402363 
2093 -0.064823 
2094 -1.820835 
2095 0.305918 
2096 -1.598049 
2097 -1.602320 
2098 1.450854 
2099 -1.661719 
2100 -2.362185 
2101 -0.664175 
2102 0.509061 
2103 -1.729276 
2104 -1.044840 
2105 -0.223733 
2106 -1.733271 
2107 -2.101378 
2108 -1.743248 
2109 -1.771679 
2110 1.352068 
2111 -1.523543 
2112 -0.474774 
2113 0.145811 
2114 1.281057 
2115 -3.555413 
2116 -1.901865 
2117 -1.585728 
2118 -1.236959 
2119 -0.861086 
2120 -1.964144 
2121 0.261151 
2122 -1.288626 
2123 -1.763072 
2124 -1.572101 
2125 -1.330622 
2126 -1.983872 
2127 -0.433001 
2128 -1.113913 
2129 1.536121 
2130 -1.966373 
2131 -2.074785 
2132 -2.167860 
2133 -2.329253 
2134 0.253609 
2135 0.602114 
2136 -0.861607 
2137 -1.629746 
2138 -2.088135 
2139 -0.226530 
2140 -1.347260 
2141 -1.508340 
2142 1.673674 
2143 -1.753264 
2144 -2.141571 
2145 -0.530901 
2146 -2.072242 
2147 -0.114538 
2148 -2.790461 
2149 2.439443 
2150 0.347801 
2151 0.514826 
2152 -0.815377 
2153 -2.044190 
2154 -1.672468 
2155 -0.165393 
2156 -2.470716 
2157 0.322199 
2158 -0.901550 
2159 -1.433717 
2160 -1.798319 
2161 0.758176 
2162 -1.914321 
2163 -1.693439 
2164 -0.972254 
2165 -1.618012 
2166 -1.396672 
2167 -1.131629 
2168 -1.620232 
2169 2.318815 
2170 -2.327896 
2171 -1.023692 
2172 1.675686 
2173 -1.330307 
2174 -1.776878 
2175 -1.405147 
2176 -1.894793 
2177 1.819760 
2178 0.351092 
2179 -2.306850 
2180 1.631521 
2181 -0.929110 
2182 -1.697772 
2183 -2.049551 
2184 -2.273141 
2185 0.257859 
2186 -1.751749 
2187 -0.910831 
2188 -1.216067 
2189 -2.324555 
2190 -0.775221 
2191 -0.794057 
2192 0.071311 
2193 -1.163135 
2194 -0.903420 
2195 -2.067972 
2196 -1.067391 
2197 -1.755079 
2198 -0.929125 
2199 -1.637377 
2200 -2.335745 
2201 0.137909 
2202 -0.978786 
2203 -1.551427 
2204 0.732053 
2205 0.270575 
2206 -3.169025 
2207 0.310808 
2208 -1.055987 
2209 -0.807284 
2210 -1.625015 
2211 -1.754982 
2212 0.085757 
2213 -1.990502 
2214 -1.226632 
2215 -1.800638 
2216 1.708981 
2217 -1.115590 
2218 -1.397629 
2219 -1.678979 
2220 0.534196 
2221 -1.095524 
2222 -2.135971 
2223 -1.749968 
2224 0.738213 
2225 -2.325489 
2226 -2.141877 
2227 1.364969 
2228 0.533468 
2229 -0.462196 
2230 -0.842032 
2231 -2.920687 
2232 -1.777798 
2233 0.189314 
2234 -2.161212 
2235 2.236310 
2236 0.016211 
2237 -1.136575 
2238 -1.122900 
2239 -2.461218 
2240 -2.219405 
2241 -1.011440 
2242 -1.519158 
2243 1.626206 
2244 -2.249552 
2245 0.791182 
2246 -0.012706 
2247 -2.159850 
2248 -0.322085 
2249 -0.700698 
2250 -2.114146 
2251 -1.961465 
2252 -1.168258 
2253 -1.169268 
2254 -2.438112 
2255 1.766751 
2256 -0.976846 
2257 -2.299922 
2258 -1.383615 
2259 -0.120337 
2260 -2.587414 
2261 -1.088317 
2262 -0.043258 
2263 -0.593252 
2264 2.070787 
2265 -2.349105 
2266 0.920921 
2267 -2.114179 
2268 1.962533 
2269 -2.445202 
2270 -0.469904 
2271 -1.790474 
2272 -2.111477 
2273 -0.712398 
2274 -1.658656 
2275 -0.976386 
2276 -1.769698 
2277 -0.117047 
2278 1.005863 
2279 -2.465775 
2280 -0.917665 
2281 -0.096151 
2282 -1.627865 
2283 -2.318715 
2284 -2.324462 
2285 -1.702207 
2286 0.059938 
2287 -0.847974 
2288 -2.273825 
2289 1.185166 
2290 -1.504416 
2291 -1.236818 
2292 -0.181102 
2293 -1.516777 
2294 -1.337889 
2295 -1.784829 
2296 -1.024358 
2297 -1.109086 
2298 -1.912202 
2299 -1.326812 
2300 -1.019648 
2301 -0.681503 
2302 -1.463226 
2303 -1.799895 
2304 -2.195455 
2305 -1.186620 
2306 -0.674000 
2307 -1.073568 
2308 -1.814829 
2309 -0.440032 
2310 -1.739816 
2311 -1.153036 
2312 -0.427531 
2313 -3.094111 
