2314 1
0 -2.453813 
1 -2.026317 
2 -1.146075 
3 0.317998 
4 -1.538609 
5 0.201396 
6 -2.764077 
7 0.423508 
8 -0.957591 
9 -1.640802 
10 -1.273861 
11 -1.599914 
12 -1.593977 
13 -1.226666 
14 -2.022910 
15 -0.379900 
16 -1.185642 
17 -1.946855 
18 -0.543673 
19 -1.596794 
20 -1.323870 
21 -1.009264 
22 -1.661436 
23 3.615820 
24 -1.121872 
25 -2.509899 
26 1.058736 
27 -1.135097 
28 -0.513469 
29 -2.130972 
30 -1.088994 
31 -0.816524 
32 -1.016002 
33 -1.298645 
34 0.231006 
35 -2.463060 
36 -0.481200 
37 -1.499369 
38 -1.966972 
39 -1.103949 
40 -1.188304 
41 -1.190876 
42 -1.972230 
43 -0.889188 
44 0.016656 
45 -2.238848 
46 -1.522001 
47 -0.827102 
48 -0.850435 
49 -1.722780 
50 -1.643699 
51 -1.111286 
52 -1.382282 
53 -0.301796 
54 -1.884506 
55 -1.157903 
56 -0.270622 
57 -2.077877 
58 -1.558273 
59 -0.987370 
60 -1.987622 
61 -2.007481 
62 0.369241 
63 -1.222841 
64 -1.221761 
65 -0.840659 
66 -1.552260 
67 -1.752805 
68 -0.026058 
69 -2.704268 
70 -1.422462 
71 -0.216015 
72 0.347156 
73 -1.587440 
74 -1.544463 
75 -1.818774 
76 0.571376 
77 -2.439035 
78 -1.797496 
79 -0.741771 
80 -1.623685 
81 -2.348197 
82 1.337042 
83 -0.742287 
84 -1.087313 
85 -1.678136 
86 -1.898989 
87 -0.445059 
88 -2.449548 
89 1.570928 
90 -1.550400 
91 -0.889977 
92 1.494748 
93 2.982573 
94 -1.982862 
95 -1.748217 
96 -1.862935 
97 0.378726 
98 -1.917004 
99 -0.885730 
100 -1.047389 
101 -1.762926 
102 -1.664054 
103 -1.070056 
104 0.727407 
105 -0.598023 
106 -0.784828 
107 -3.006218 
108 0.604177 
109 -2.377267 
110 -2.027321 
111 -0.144527 
112 -0.898047 
113 -1.219077 
114 -2.158590 
115 -0.725346 
116 -1.137213 
117 -1.556955 
118 -1.608247 
119 -1.292696 
120 -1.479238 
121 -0.828538 
122 -1.312969 
123 -1.514165 
124 -1.099888 
125 -1.068103 
126 -0.712358 
127 -2.264592 
128 -3.229616 
129 0.171619 
130 -0.365309 
131 0.521970 
132 -0.264399 
133 4.562896 
134 -1.347283 
135 -1.678187 
136 -0.622310 
137 -2.245262 
138 -1.413422 
139 -1.251175 
140 -1.292066 
141 -0.938403 
142 0.768486 
143 -2.341817 
144 -2.415432 
145 -1.904108 
146 0.928472 
147 -0.645965 
148 0.122629 
149 -2.151606 
150 -2.290901 
151 0.793402 
152 -2.278020 
153 -1.251080 
154 -1.420701 
155 0.630202 
156 -1.102814 
157 -2.824957 
158 0.186459 
159 -0.844581 
160 -1.044373 
161 -1.371636 
162 -0.572832 
163 -2.354920 
164 -0.897751 
165 -1.106795 
166 -1.610061 
167 -1.304243 
168 -0.493070 
169 2.115885 
170 -1.202419 
171 0.048158 
172 -0.402767 
173 -1.658333 
174 -1.757338 
175 -1.751928 
176 -1.148674 
177 -1.631999 
178 -1.729343 
179 -0.349116 
180 -0.700973 
181 -2.188992 
182 -1.714823 
183 1.393432 
184 -1.966276 
185 -1.012676 
186 -0.466716 
187 -1.443985 
188 -2.172194 
189 0.629278 
190 -1.867709 
191 -1.421446 
192 -1.192617 
193 0.954632 
194 -2.867784 
195 -0.712634 
196 0.190253 
197 -2.624396 
198 -0.482455 
199 -1.620977 
200 -2.040951 
201 -2.049042 
202 1.375675 
203 -1.517326 
204 -2.670238 
205 3.311686 
206 -0.187789 
207 0.391143 
208 -1.594687 
209 -1.723349 
210 -0.236532 
211 -2.046993 
212 -1.966882 
213 -2.313718 
214 -0.970745 
215 0.286415 
216 0.413921 
217 -1.908994 
218 -2.005213 
219 -0.238337 
220 0.131100 
221 -2.791087 
222 -1.567359 
223 0.092392 
224 -1.934503 
225 -1.719317 
226 -0.292858 
227 -1.454838 
228 -1.628364 
229 -1.269766 
230 -1.696127 
231 -0.302160 
232 -2.288925 
233 -0.898332 
234 -1.789654 
235 -0.212621 
236 -1.852549 
237 1.318356 
238 -2.243986 
239 -1.046605 
240 -1.353540 
241 -0.831760 
242 -1.734793 
243 -1.207030 
244 -1.399709 
245 -1.120213 
246 -1.974109 
247 -0.882468 
248 3.169508 
249 -1.243272 
250 -1.063771 
251 -1.581853 
252 -0.638898 
253 -2.210638 
254 -2.112003 
255 0.308902 
256 1.863240 
257 -2.267393 
258 -1.569399 
259 -0.831543 
260 2.238920 
261 -1.560591 
262 -1.253702 
263 0.100921 
264 -1.362384 
265 -0.756787 
266 -2.356390 
267 -0.924488 
268 -0.794549 
269 -0.657518 
270 -1.098668 
271 -2.646982 
272 -1.491597 
273 -1.902306 
274 -0.669481 
275 3.045244 
276 -1.286622 
277 -1.927777 
278 1.576182 
279 -1.758326 
280 -0.842962 
281 -1.888496 
282 -2.335138 
283 0.480080 
284 0.517889 
285 0.128242 
286 -1.513845 
287 2.868997 
288 -0.450790 
289 -1.994576 
290 1.994613 
291 3.765869 
292 -2.298346 
293 1.271708 
294 1.254834 
295 -1.999570 
296 0.032299 
297 -2.954378 
298 -1.219488 
299 0.634200 
300 -0.488629 
301 0.077417 
302 -2.188272 
303 -1.305249 
304 -1.279554 
305 0.640348 
306 -1.606267 
307 -2.164819 
308 0.105366 
309 -2.505672 
310 0.954201 
311 -1.756171 
312 -1.163337 
313 -1.592124 
314 -0.646573 
315 -2.456551 
316 0.268400 
317 -2.247310 
318 -2.101293 
319 1.523138 
320 -2.157911 
321 0.782953 
322 -0.622233 
323 -2.318097 
324 -1.818902 
325 -1.539853 
326 0.178223 
327 -1.592031 
328 -1.690235 
329 -0.901116 
330 -1.460530 
331 -1.158255 
332 -1.973531 
333 -2.501506 
334 0.810279 
335 0.382137 
336 -1.729606 
337 -1.611564 
338 -0.269741 
339 -1.065503 
340 -2.508602 
341 0.134649 
342 -1.130336 
343 -1.098946 
344 -1.480266 
345 -1.437969 
346 -1.019172 
347 -1.622934 
348 -0.653080 
349 -2.311683 
350 -0.126327 
351 -1.596741 
352 -1.739668 
353 -2.095640 
354 -1.356437 
355 0.287013 
356 -1.756632 
357 -2.198429 
358 0.414202 
359 -0.771909 
360 -0.033890 
361 -0.091555 
362 -3.270669 
363 1.839478 
364 -1.155746 
365 -0.956624 
366 -0.547566 
367 -2.250720 
368 0.183960 
369 -1.440251 
370 -1.476898 
371 -2.175313 
372 -1.588860 
373 -0.596285 
374 -0.994783 
375 -2.174592 
376 0.156810 
377 -2.149220 
378 -1.475994 
379 -0.945661 
380 0.972014 
381 -2.966928 
382 -1.401312 
383 -0.233008 
384 -2.196436 
385 -0.937446 
386 -0.353404 
387 -1.351901 
388 1.020427 
389 -1.783179 
390 -2.402256 
391 1.030361 
392 -1.415109 
393 -1.866859 
394 -1.862154 
395 -0.358211 
396 0.571700 
397 -1.562788 
398 -2.109035 
399 -1.546548 
400 -1.882394 
401 -1.374645 
402 -1.703725 
403 0.853865 
404 -1.550445 
405 -1.469457 
406 -0.797013 
407 -1.672571 
408 -2.081888 
409 -0.581898 
410 -1.686716 
411 -0.878538 
412 1.306025 
413 -2.148285 
414 -0.517358 
415 -2.127490 
416 -0.122522 
417 -1.218846 
418 -1.326894 
419 -2.405393 
420 -2.506738 
421 -0.961935 
422 0.779972 
423 -1.550908 
424 -2.342752 
425 -1.484412 
426 -0.484702 
427 1.943677 
428 -2.361838 
429 -1.965721 
430 -0.345242 
431 -0.229942 
432 1.470618 
433 -2.307118 
434 -1.955688 
435 -0.680649 
436 -2.044652 
437 -0.955762 
438 -1.197817 
439 -1.267288 
440 -0.613854 
441 -2.197038 
442 -1.230706 
443 -1.395219 
444 -1.726574 
445 -0.974233 
446 -1.992988 
447 -0.782122 
448 -1.643758 
449 -0.113467 
450 -0.740843 
451 -2.086745 
452 -1.776695 
453 -1.353386 
454 1.396880 
455 -2.079817 
456 1.822331 
457 -2.015113 
458 -1.339194 
459 -0.973552 
460 -1.598243 
461 -0.380373 
462 -1.230384 
463 -1.788492 
464 -2.091329 
465 -1.732816 
466 0.058319 
467 -0.361757 
468 -0.518468 
469 2.542946 
470 -1.375826 
471 -2.412848 
472 -2.187835 
473 -1.073147 
474 -1.991076 
475 1.788139 
476 -1.860786 
477 1.288721 
478 -1.680269 
479 -1.544881 
480 -0.406309 
481 -0.924701 
482 -1.286934 
483 -2.365920 
484 -0.740630 
485 -1.506311 
486 -1.790146 
487 -0.961615 
488 -1.790326 
489 -2.027270 
490 0.868988 
491 -1.223481 
492 -0.856677 
493 -1.459862 
494 -1.177807 
495 -1.918920 
496 -0.541603 
497 -1.338677 
498 -2.696613 
499 0.340433 
500 -0.645893 
501 -1.491379 
502 -2.539249 
503 1.702854 
504 -1.994474 
505 -1.032976 
506 -1.424729 
507 -1.358774 
508 -1.561326 
509 -1.266977 
510 -0.594489 
511 -2.036505 
512 -2.159096 
513 -0.970236 
514 0.646573 
515 -1.815839 
516 -2.283180 
517 -2.087124 
518 -0.580202 
519 -0.568617 
520 -2.699020 
521 0.477086 
522 0.798689 
523 -2.181732 
524 0.237619 
525 -2.271193 
526 -2.544686 
527 0.824305 
528 -0.565453 
529 -1.995951 
530 -0.612353 
531 -2.169370 
532 -1.586411 
533 -1.242314 
534 -0.926845 
535 -1.838283 
536 -1.265104 
537 -1.286582 
538 -1.759981 
539 3.049290 
540 -0.983271 
541 -2.959366 
542 0.946000 
543 2.467660 
544 -1.505863 
545 1.125536 
546 -1.924476 
547 -1.938478 
548 -0.991511 
549 -1.632836 
550 -2.463277 
551 -1.097327 
552 -1.963005 
553 -1.100798 
554 -1.111375 
555 -0.984381 
556 1.678475 
557 -1.966748 
558 -0.790147 
559 -2.305890 
560 -1.598014 
561 -1.814630 
562 -1.597955 
563 1.094258 
564 -1.683531 
565 -1.297981 
566 2.287202 
567 -1.743428 
568 2.052813 
569 -2.630350 
570 -1.554336 
571 -0.927470 
572 1.560743 
573 -2.090921 
574 -1.894382 
575 -0.251363 
576 -0.255378 
577 -2.548464 
578 -2.020211 
579 -0.183530 
580 0.244742 
581 0.120212 
582 -2.296609 
583 -1.991160 
584 -1.662680 
585 -1.878351 
586 -0.573013 
587 -1.715950 
588 -1.364580 
589 -0.163133 
590 -1.722264 
591 -2.326415 
592 -1.580340 
593 -0.108962 
594 0.896828 
595 -2.975090 
596 -1.391722 
597 0.332501 
598 -2.141722 
599 -1.462641 
600 -3.426543 
601 0.772649 
602 -0.124444 
603 -0.599087 
604 -1.393074 
605 -1.672771 
606 -2.436360 
607 0.656068 
608 -1.614088 
609 0.768067 
610 -1.261552 
611 -2.621274 
612 -2.892462 
613 0.265022 
614 -1.585172 
615 2.186772 
616 -2.044870 
617 1.207524 
618 -2.636782 
619 0.661202 
620 -0.864986 
621 -1.646717 
622 -1.670800 
623 -0.632427 
624 -0.380221 
625 -1.757502 
626 -1.172645 
627 -1.494615 
628 -2.020256 
629 -0.058234 
630 -2.123026 
631 -1.092188 
632 -0.993207 
633 -1.505469 
634 -2.198261 
635 1.251945 
636 0.124984 
637 -2.318467 
638 4.580159 
639 -1.649496 
640 -2.232686 
641 1.309452 
642 -1.620679 
643 -1.562408 
644 1.503320 
645 -1.469916 
646 -2.391521 
647 -0.949015 
648 -1.206915 
649 -1.159897 
650 -1.809850 
651 -0.909110 
652 -1.341135 
653 -2.462776 
654 -0.599207 
655 -0.744681 
656 0.217790 
657 -2.708660 
658 -1.752229 
659 0.737836 
660 -1.667439 
661 -1.923945 
662 -1.422029 
663 -0.302876 
664 -2.367012 
665 -0.727248 
666 0.459099 
667 -1.752117 
668 -1.319843 
669 -0.754507 
670 0.203060 
671 -2.658281 
672 -1.193488 
673 -1.719356 
674 -2.019603 
675 -0.695425 
676 -0.882801 
677 -0.212138 
678 -2.344312 
679 -1.510925 
680 -2.545578 
681 -0.387704 
682 -0.696650 
683 -1.229423 
684 2.914960 
685 -1.268470 
686 -2.098898 
687 -1.364278 
688 -1.622048 
689 -1.243655 
690 -1.640757 
691 -0.980951 
692 -1.751924 
693 -1.881947 
694 -0.487341 
695 -1.346276 
696 -2.080713 
697 -1.813143 
698 -0.786142 
699 0.650382 
700 -2.521470 
701 0.481137 
702 -0.240234 
703 -1.800390 
704 -1.889219 
705 -0.758536 
706 -1.985334 
707 -0.910216 
708 -2.325849 
709 -0.642234 
710 -2.089755 
711 -0.323301 
712 -0.984576 
713 -2.198431 
714 -1.751804 
715 -0.087467 
716 1.645777 
717 -2.232361 
718 -1.624426 
719 2.159487 
720 4.546469 
721 0.173347 
722 -2.212483 
723 0.117800 
724 -1.489817 
725 -0.442013 
726 -0.967143 
727 -2.116893 
728 -2.736346 
729 -0.629125 
730 -1.202731 
731 2.204815 
732 1.331343 
733 -2.823882 
734 -2.281958 
735 0.088733 
736 -2.933326 
737 0.122204 
738 -1.836069 
739 -0.115767 
740 -2.373116 
741 -0.854498 
742 -1.221736 
743 -0.673743 
744 -0.291800 
745 -2.792671 
746 -0.113856 
747 -1.675384 
748 -1.677191 
749 -3.123462 
750 1.219819 
751 0.400738 
752 -1.987084 
753 0.178564 
754 -1.402369 
755 -1.912860 
756 -0.302821 
757 -2.458231 
758 -1.382877 
759 -0.698730 
760 -2.200924 
761 -1.280798 
762 -1.417321 
763 -0.667636 
764 -0.277174 
765 -1.956851 
766 -2.043567 
767 0.265795 
768 -0.735689 
769 -0.530122 
770 -0.873587 
771 -2.753995 
772 -1.528416 
773 -0.235833 
774 2.480501 
775 -1.942783 
776 -0.980748 
777 -2.720364 
778 0.312686 
779 -1.421403 
780 0.284167 
781 -1.056949 
782 -1.457506 
783 -2.450670 
784 0.342625 
785 -0.981527 
786 -2.000537 
787 -2.232570 
788 -1.237679 
789 -1.425749 
790 -2.032967 
791 0.471156 
792 -1.411985 
793 0.865624 
794 -1.524990 
795 -2.266732 
796 1.666408 
797 -0.671272 
798 -1.469877 
799 -1.438119 
800 -1.072941 
801 1.311031 
802 -2.684763 
803 -1.514579 
804 -0.614134 
805 -1.032697 
806 -1.911472 
807 -1.756818 
808 -2.020063 
809 3.696189 
810 -0.420368 
811 -1.728392 
812 0.340398 
813 -2.078985 
814 -2.095923 
815 -0.989873 
816 -1.143566 
817 -2.695867 
818 -0.391736 
819 -0.660917 
820 1.454297 
821 -2.809597 
822 0.158913 
823 -1.330518 
824 -2.921972 
825 -1.685790 
826 0.246002 
827 0.036402 
828 -1.609218 
829 -1.585500 
830 -1.356081 
831 -0.605799 
832 -0.805149 
833 -1.141339 
834 -2.847724 
835 0.500716 
836 -1.602879 
837 0.188407 
838 -2.080271 
839 -1.246101 
840 -0.038651 
841 -1.717137 
842 -2.736822 
843 -0.062052 
844 -3.216338 
845 2.128144 
846 -0.127407 
847 1.311027 
848 -0.627900 
849 0.649685 
850 -1.776082 
851 -2.586382 
852 -0.619413 
853 0.598976 
854 -3.168822 
855 -1.056729 
856 -1.307236 
857 -1.529927 
858 -0.467577 
859 -1.307107 
860 -1.742822 
861 -0.035148 
862 -2.042623 
863 -1.503926 
864 0.280473 
865 -0.204639 
866 0.483217 
867 -3.834302 
868 0.367997 
869 -0.532788 
870 -2.562469 
871 -1.757791 
872 0.663717 
873 -3.170323 
874 -1.599823 
875 -0.656084 
876 -2.110199 
877 -2.366006 
878 -0.950880 
879 0.202808 
880 -0.157430 
881 -0.954095 
882 -2.393739 
883 -1.368607 
884 0.169668 
885 -2.331078 
886 -0.434119 
887 -1.646025 
888 0.092214 
889 -1.459812 
890 -1.050027 
891 -1.929486 
892 -1.319396 
893 -0.052098 
894 -0.944969 
895 -2.490167 
896 -2.302231 
897 -0.122030 
898 -0.044501 
899 -1.773769 
900 -2.871419 
901 -1.005160 
902 0.775832 
903 -1.443965 
904 -0.840361 
905 -2.237770 
906 -0.862327 
907 -1.162620 
908 0.369123 
909 -2.033593 
910 0.872338 
911 -2.742789 
912 0.428131 
913 0.960290 
914 -3.661673 
915 -1.035734 
916 0.408079 
917 -2.922181 
918 -1.528833 
919 -0.350532 
920 -1.389778 
921 -2.447353 
922 -0.771714 
923 -0.676893 
924 -1.672906 
925 -2.980524 
926 0.416703 
927 1.148395 
928 -1.539405 
929 -2.559237 
930 0.174833 
931 -0.797607 
932 -0.286918 
933 -3.958504 
934 -0.484972 
935 0.650437 
936 0.374277 
937 -1.698664 
938 -1.781589 
939 -1.862199 
940 -1.633378 
941 -0.048387 
942 -0.374776 
943 -2.433257 
944 -0.339622 
945 -0.317272 
946 -2.546012 
947 -1.842770 
948 -1.625098 
949 -0.604408 
950 -0.925554 
951 -2.365972 
952 -2.045491 
953 -1.409932 
954 0.347252 
955 -2.035472 
956 1.029510 
957 -3.094340 
958 0.456575 
959 -1.703077 
960 -1.236784 
961 0.306076 
962 -2.734042 
963 -0.881528 
964 -1.767120 
965 0.294191 
966 -1.741509 
967 -1.326261 
968 1.106223 
969 1.246137 
970 -2.208788 
971 -3.568186 
972 0.539686 
973 -2.753500 
974 -2.005142 
975 0.618011 
976 0.247695 
977 -0.382627 
978 -0.905763 
979 -3.378813 
980 -1.436021 
981 -1.973240 
982 1.206224 
983 -2.111029 
984 0.541432 
985 2.838370 
986 -0.537131 
987 -2.244072 
988 0.863787 
989 -3.018621 
990 0.638137 
991 -2.042390 
992 -0.829843 
993 -0.746571 
994 1.969156 
995 -2.888981 
996 0.017529 
997 -1.536335 
998 0.024499 
999 -2.949317 
1000 2.422269 
1001 -0.886890 
1002 0.275691 
1003 -0.593917 
1004 0.427350 
1005 -1.497060 
1006 -0.449790 
1007 -2.881119 
1008 -2.210155 
1009 -1.578792 
1010 -1.648047 
1011 -0.031948 
1012 -0.757431 
1013 -0.359198 
1014 4.766720 
1015 -1.475863 
1016 -0.109875 
1017 -2.945383 
1018 -0.903805 
1019 -0.216423 
1020 -0.725845 
1021 -0.407288 
1022 -3.814514 
1023 -0.092302 
1024 -0.123040 
1025 -1.907743 
1026 -1.798119 
1027 -0.938139 
1028 -1.696193 
1029 -1.719618 
1030 -0.783134 
1031 -1.030930 
1032 -0.917393 
1033 -1.640789 
1034 -1.622564 
1035 -0.906342 
1036 -1.242426 
1037 -0.830657 
1038 -1.442640 
1039 -2.112732 
1040 1.895868 
1041 3.086695 
1042 -2.234012 
1043 -0.274364 
1044 -0.392544 
1045 -1.026439 
1046 -1.463355 
1047 -2.178183 
1048 2.149490 
1049 1.854454 
1050 -3.125701 
1051 -0.278498 
1052 -2.319721 
1053 -1.538394 
1054 -0.856618 
1055 -0.052169 
1056 -1.493935 
1057 -0.410417 
1058 -1.578807 
1059 -1.787462 
1060 3.471933 
1061 -0.914473 
1062 0.751314 
1063 -0.719281 
1064 -0.901059 
1065 -1.054749 
1066 -2.077200 
1067 -1.264757 
1068 -1.554820 
1069 -1.908248 
1070 -1.623752 
1071 -0.311017 
1072 -1.639143 
1073 1.152294 
1074 -1.559273 
1075 -2.089906 
1076 -1.255419 
1077 -2.010748 
1078 -1.337913 
1079 -0.581426 
1080 -0.794283 
1081 -1.823776 
1082 -1.907765 
1083 -0.083450 
1084 -1.921703 
1085 -1.313954 
1086 -0.883662 
1087 -1.028237 
1088 -0.464784 
1089 -2.895403 
1090 0.720943 
1091 -1.481149 
1092 -0.701729 
1093 -2.926775 
1094 0.340400 
1095 -1.597703 
1096 -1.469934 
1097 -1.750602 
1098 3.857207 
1099 -1.671911 
1100 -1.713432 
1101 -1.895208 
1102 -1.128455 
1103 0.260209 
1104 -2.976243 
1105 -1.787904 
1106 1.389441 
1107 -0.624880 
1108 -1.943480 
1109 -0.267027 
1110 -1.649485 
1111 -0.877254 
1112 -1.194691 
1113 1.528721 
1114 -0.175651 
1115 -3.125940 
1116 -1.889864 
1117 -1.448645 
1118 -1.093704 
1119 -1.265593 
1120 -3.228659 
1121 -0.184971 
1122 0.272083 
1123 -0.979607 
1124 -1.873327 
1125 -0.252759 
1126 0.698781 
1127 -2.312414 
1128 -0.577650 
1129 0.902070 
1130 -2.473064 
1131 -2.172827 
1132 -1.891299 
1133 0.826835 
1134 -1.386605 
1135 -1.705158 
1136 1.458671 
1137 -1.529598 
1138 -1.620137 
1139 -2.373259 
1140 -1.150467 
1141 -1.344841 
1142 -1.999314 
1143 -0.659725 
1144 -0.960426 
1145 -0.246615 
1146 -1.440899 
1147 -2.256845 
1148 -1.462224 
1149 2.429131 
1150 -1.578256 
1151 -2.266759 
1152 -1.478813 
1153 -0.828299 
1154 1.432124 
1155 -2.228476 
1156 -1.696390 
1157 0.565986 
1158 -2.786512 
1159 1.399230 
1160 -2.048247 
1161 -1.715354 
1162 -1.545072 
1163 1.240480 
1164 -0.543944 
1165 -0.925603 
1166 4.024377 
1167 -1.022423 
1168 0.279503 
1169 -2.356156 
1170 -1.534239 
1171 -1.359838 
1172 -1.823107 
1173 -1.052462 
1174 -1.841429 
1175 -0.977383 
1176 0.340386 
1177 -0.516843 
1178 -1.606672 
1179 -2.565185 
1180 -1.590323 
1181 -1.156597 
1182 -1.000550 
1183 -1.344433 
1184 -2.375153 
1185 -1.034490 
1186 -1.477468 
1187 0.803969 
1188 -1.745510 
1189 0.059410 
1190 -0.091119 
1191 -2.215931 
1192 -0.518688 
1193 -2.358918 
1194 -0.662728 
1195 -1.457047 
1196 -1.373453 
1197 -0.451006 
1198 -1.876780 
1199 -1.144994 
1200 -1.815531 
1201 -1.495863 
1202 0.447674 
1203 -1.631091 
1204 -1.854449 
1205 -1.303356 
1206 -1.657521 
1207 -0.608553 
1208 -2.422262 
1209 -1.482724 
1210 -0.314474 
1211 -0.804313 
1212 -1.150933 
1213 -1.394630 
1214 -1.826997 
1215 -0.597276 
1216 -1.988932 
1217 -1.929583 
1218 -0.774863 
1219 -0.908019 
1220 -1.005336 
1221 -1.581815 
1222 0.781234 
1223 -2.800656 
1224 -0.673402 
1225 0.618222 
1226 -0.577196 
1227 -3.368190 
1228 -1.788345 
1229 -0.448224 
1230 0.476509 
1231 -2.168979 
1232 -3.050841 
1233 -0.232105 
1234 -0.704357 
1235 -0.758316 
1236 -1.417179 
1237 -1.345818 
1238 -1.860503 
1239 -0.176397 
1240 -1.926431 
1241 -1.842769 
1242 -0.883390 
1243 0.333738 
1244 -2.747010 
1245 0.341178 
1246 0.914877 
1247 -1.814731 
1248 -0.506666 
1249 -2.004031 
1250 -0.887739 
1251 -1.729512 
1252 -1.370492 
1253 -1.290894 
1254 -1.536687 
1255 -1.537226 
1256 -1.860477 
1257 -0.908196 
1258 -1.709320 
1259 -0.459959 
1260 -2.245556 
1261 1.341271 
1262 -1.270737 
1263 -1.875324 
1264 -2.055422 
1265 0.427899 
1266 -0.868369 
1267 -1.824386 
1268 -0.111596 
1269 -0.837731 
1270 -2.814882 
1271 -1.258106 
1272 -1.163186 
1273 -2.160517 
1274 -1.296645 
1275 -0.497757 
1276 -1.559339 
1277 -1.278063 
1278 1.330299 
1279 -2.254325 
1280 -0.732822 
1281 -1.734732 
1282 -2.223811 
1283 -1.044629 
1284 -0.299653 
1285 -2.006332 
1286 -0.165732 
1287 -2.120880 
1288 -1.780889 
1289 -0.540636 
1290 -0.721540 
1291 -2.073006 
1292 -1.959697 
1293 -0.977995 
1294 -1.641341 
1295 0.066066 
1296 -2.444935 
1297 -0.546378 
1298 -0.767245 
1299 -1.250791 
1300 -1.957747 
1301 1.090860 
1302 -3.043417 
1303 1.568715 
1304 -1.423286 
1305 -0.532460 
1306 0.798402 
1307 -2.764641 
1308 -2.195690 
1309 -0.470622 
1310 -1.828318 
1311 -0.398797 
1312 0.669289 
1313 -1.510884 
1314 -1.901311 
1315 -1.454109 
1316 -0.167495 
1317 -3.394196 
1318 -0.790882 
1319 0.433804 
1320 -1.829113 
1321 -2.052447 
1322 -0.528010 
1323 1.424625 
1324 -3.666181 
1325 0.456651 
1326 -0.952020 
1327 1.336833 
1328 -0.338380 
1329 0.877544 
1330 -2.514100 
1331 -2.334104 
1332 -1.756996 
1333 -1.453743 
1334 -2.058157 
1335 0.348505 
1336 -0.609642 
1337 -0.230604 
1338 -1.292472 
1339 -2.722038 
1340 0.732757 
1341 -1.519873 
1342 -0.992759 
1343 -2.456209 
1344 -0.537911 
1345 0.042028 
1346 -1.485612 
1347 -2.633549 
1348 -0.640080 
1349 -0.729044 
1350 -1.744405 
1351 -1.659513 
1352 -3.400925 
1353 -0.910829 
1354 0.892213 
1355 -0.443831 
1356 -0.483536 
1357 -1.608900 
1358 -2.979743 
1359 -0.288637 
1360 -1.575208 
1361 2.618150 
1362 -1.623869 
1363 -1.350706 
1364 -0.849631 
1365 -0.753371 
1366 -2.157297 
1367 -1.407614 
1368 0.585240 
1369 -0.095670 
1370 0.351805 
1371 -4.029008 
1372 -1.022504 
1373 0.353389 
1374 -0.841081 
1375 -2.970815 
1376 -1.704453 
1377 -2.435147 
1378 0.056117 
1379 -0.796755 
1380 -1.258455 
1381 0.015184 
1382 -1.335994 
1383 -1.741936 
1384 -0.229091 
1385 0.976737 
1386 -2.085153 
1387 -2.634104 
1388 1.350886 
1389 -3.007722 
1390 2.230056 
1391 -2.375638 
1392 -2.593218 
1393 -0.766854 
1394 -1.448725 
1395 -0.299631 
1396 -1.966415 
1397 -1.210129 
1398 2.045677 
1399 -1.510421 
1400 -0.002262 
1401 0.778552 
1402 0.213676 
1403 -4.074297 
1404 -0.995845 
1405 -1.090524 
1406 -2.697470 
1407 -0.958072 
1408 -1.484710 
1409 -2.677317 
1410 0.226667 
1411 -0.688228 
1412 -0.229777 
1413 -1.832350 
1414 -0.582988 
1415 -2.253164 
1416 1.029551 
1417 -0.973661 
1418 -3.015708 
1419 -1.050798 
1420 0.069325 
1421 -0.793688 
1422 -0.439605 
1423 -2.997671 
1424 -0.139597 
1425 -0.537820 
1426 -0.924660 
1427 5.880602 
1428 -1.696237 
1429 -1.518943 
1430 -1.613678 
1431 -0.775645 
1432 -2.491842 
1433 0.142594 
1434 -1.096571 
1435 -1.162837 
1436 0.495920 
1437 -2.970240 
1438 -1.775108 
1439 0.430727 
1440 -0.964322 
1441 -1.750056 
1442 -1.671130 
1443 -1.238356 
1444 -0.650954 
1445 -0.239213 
1446 -3.384840 
1447 -0.182002 
1448 -1.745770 
1449 -0.974356 
1450 -0.746266 
1451 -1.920894 
1452 0.388184 
1453 -1.786183 
1454 -1.263259 
1455 -1.380799 
1456 -1.848178 
1457 -1.136526 
1458 -1.917928 
1459 -0.573168 
1460 0.007185 
1461 0.189145 
1462 -3.847662 
1463 1.686128 
1464 -1.899662 
1465 0.659262 
1466 3.066312 
1467 -2.479925 
1468 -0.195449 
1469 -2.091740 
1470 -0.904767 
1471 -1.600517 
1472 -0.183077 
1473 -4.095350 
1474 1.722954 
1475 0.345796 
1476 -0.258430 
1477 -1.439129 
1478 -2.167445 
1479 -0.876198 
1480 0.272855 
1481 -3.262551 
1482 4.066295 
1483 -0.554856 
1484 -0.852679 
1485 -1.853965 
1486 0.050955 
1487 -1.777950 
1488 -1.615674 
1489 -1.528546 
1490 -1.404739 
1491 -1.004277 
1492 0.158502 
1493 -1.983824 
1494 -2.006547 
1495 -1.598937 
1496 -0.729688 
1497 0.369768 
1498 -1.795906 
1499 -2.833647 
1500 -2.362145 
1501 1.166750 
1502 -2.902030 
1503 -0.472393 
1504 0.259445 
1505 -1.350461 
1506 -1.011628 
1507 -2.581790 
1508 -1.898805 
1509 -0.657443 
1510 -2.032912 
1511 0.340110 
1512 -3.054824 
1513 0.102293 
1514 -1.242918 
1515 -1.292696 
1516 -3.007318 
1517 -0.219292 
1518 -0.905647 
1519 -1.552854 
1520 0.309007 
1521 0.270171 
1522 0.096966 
1523 -4.244548 
1524 0.045193 
1525 3.580886 
1526 -2.033018 
1527 1.062988 
1528 -2.470118 
1529 -1.869102 
1530 2.246327 
1531 1.167556 
1532 0.144757 
1533 -2.373261 
1534 0.584369 
1535 -2.128531 
1536 0.608424 
1537 -3.131592 
1538 -0.677139 
1539 -0.831300 
1540 0.848854 
1541 -0.053926 
1542 -2.084076 
1543 -2.568309 
1544 -2.871132 
1545 -0.676343 
1546 -1.067319 
1547 0.402464 
1548 -1.366636 
1549 -1.855382 
1550 1.532779 
1551 -1.841237 
1552 -1.484809 
1553 -1.900863 
1554 -1.113278 
1555 0.725037 
1556 -2.675493 
1557 0.147714 
1558 -0.501863 
1559 -1.497025 
1560 -2.028748 
1561 -0.663974 
1562 -2.335931 
1563 -0.011227 
1564 -2.084289 
1565 -0.114377 
1566 -1.476596 
1567 -1.540165 
1568 -1.713313 
1569 1.310250 
1570 -1.902930 
1571 -1.561850 
1572 -1.326205 
1573 0.034472 
1574 -1.434789 
1575 -2.381978 
1576 -1.094791 
1577 -2.479649 
1578 2.420802 
1579 -1.141614 
1580 -1.735066 
1581 -1.379313 
1582 -0.347073 
1583 -1.981608 
1584 -1.012626 
1585 -0.872075 
1586 -2.849926 
1587 0.255089 
1588 -0.812146 
1589 -1.217267 
1590 -2.063531 
1591 -1.156824 
1592 -1.105277 
1593 -2.039622 
1594 -0.996485 
1595 -0.960189 
1596 0.234359 
1597 -1.855431 
1598 -2.121198 
1599 -0.576399 
1600 -1.228855 
1601 -1.402521 
1602 1.763431 
1603 -1.996165 
1604 -1.001426 
1605 -2.127569 
1606 -1.246425 
1607 -0.747476 
1608 -0.592836 
1609 -1.951514 
1610 0.975627 
1611 -2.153595 
1612 -0.697870 
1613 -0.651688 
1614 -2.286247 
1615 -1.367890 
1616 -0.864415 
1617 -1.593578 
1618 -1.860543 
1619 -0.537782 
1620 -1.121251 
1621 0.209418 
1622 -1.159882 
1623 -2.656551 
1624 -2.377182 
1625 3.812435 
1626 -2.040985 
1627 1.074581 
1628 -3.000717 
1629 -1.422481 
1630 2.589190 
1631 -0.352954 
1632 5.000423 
1633 2.795323 
1634 -1.141260 
1635 -1.702856 
1636 -0.429053 
1637 -2.480543 
1638 -0.307440 
1639 -1.452483 
1640 -0.687983 
1641 0.205346 
1642 -4.004259 
1643 0.676939 
1644 0.560624 
1645 3.404073 
1646 -1.855516 
1647 -1.737065 
1648 -2.267457 
1649 -1.470543 
1650 0.452314 
1651 -1.383160 
1652 -2.100802 
1653 -1.902015 
1654 -0.874272 
1655 1.044684 
1656 -1.853883 
1657 -2.680202 
1658 0.556206 
1659 0.100968 
1660 -0.670540 
1661 1.394445 
1662 -2.027633 
1663 -2.169765 
1664 0.375779 
1665 -0.180965 
1666 -1.953680 
1667 -2.313675 
1668 -1.490972 
1669 0.930380 
1670 -1.453452 
1671 -2.711190 
1672 -2.014587 
1673 -1.323964 
1674 1.669226 
1675 -2.182548 
1676 0.100674 
1677 -1.022166 
1678 -1.012498 
1679 -2.690922 
1680 -1.595953 
1681 -0.130071 
1682 -1.310251 
1683 -1.961888 
1684 -0.039929 
1685 -0.722413 
1686 -1.496288 
1687 -2.530698 
1688 0.619074 
1689 2.308586 
1690 -1.352243 
1691 -3.468973 
1692 -1.871310 
1693 -0.596935 
1694 -0.584990 
1695 -1.661577 
1696 -1.699758 
1697 -1.869068 
1698 -0.689636 
1699 1.668869 
1700 -1.575141 
1701 -1.234689 
1702 -0.461039 
1703 -2.182269 
1704 -1.180312 
1705 0.909927 
1706 -3.142076 
1707 -0.297005 
1708 -0.851358 
1709 -0.751272 
1710 -1.137353 
1711 -2.127347 
1712 -1.646725 
1713 -1.555108 
1714 -0.024990 
1715 -1.299901 
1716 -2.246128 
1717 -2.645021 
1718 -0.101852 
1719 -0.065701 
1720 -0.474798 
1721 -1.386154 
1722 -1.615461 
1723 -1.215282 
1724 -0.337635 
1725 -1.475534 
1726 -2.970879 
1727 0.310232 
1728 -1.072025 
1729 -0.146758 
1730 -2.646968 
1731 -0.764676 
1732 -1.859014 
1733 0.212349 
1734 -1.874076 
1735 -0.895591 
1736 -1.877761 
1737 -2.082247 
1738 -0.780477 
1739 0.278802 
1740 -4.326291 
1741 1.160861 
1742 -0.297863 
1743 1.438532 
1744 -2.037248 
1745 -1.530300 
1746 -1.393278 
1747 -1.020095 
1748 -3.725604 
1749 0.424877 
1750 -0.581732 
1751 1.095496 
1752 -0.852582 
1753 0.344210 
1754 -0.794820 
1755 -3.675447 
1756 -0.605624 
1757 -1.201875 
1758 -1.463521 
1759 -1.306330 
1760 -4.005398 
1761 -0.629113 
1762 0.385845 
1763 0.315796 
1764 -2.101079 
1765 -2.346527 
1766 -0.668610 
1767 1.137770 
1768 -0.409499 
1769 -3.273127 
1770 -1.375188 
1771 0.732404 
1772 -1.255463 
1773 -0.272878 
1774 -3.352761 
1775 0.429840 
1776 1.412564 
1777 -2.495917 
1778 5.200528 
1779 -2.227508 
1780 -1.893788 
1781 -1.762288 
1782 -1.295943 
1783 -0.582584 
1784 0.316631 
1785 -1.108444 
1786 -0.454982 
1787 -3.615199 
1788 -1.686074 
1789 -0.322487 
1790 -1.874138 
1791 -1.763694 
1792 -1.879862 
1793 -0.611387 
1794 -0.800129 
1795 -1.572826 
1796 -0.181659 
1797 -1.424513 
1798 -2.629497 
1799 -0.674420 
1800 -0.192202 
1801 -1.823433 
1802 -1.501980 
1803 -1.211521 
1804 -1.769982 
1805 -2.128723 
1806 -0.900659 
1807 -0.701311 
1808 -0.133964 
1809 -1.903786 
1810 -0.619188 
1811 -2.385107 
1812 -1.800526 
1813 -1.753393 
1814 -1.775274 
1815 0.527121 
1816 0.795566 
1817 -2.374391 
1818 -1.346004 
1819 -1.508920 
1820 -2.023791 
1821 -1.494251 
1822 -0.157232 
1823 -0.930291 
1824 -0.185389 
1825 -1.403122 
1826 -1.591613 
1827 -1.979006 
1828 -1.072941 
1829 -1.746741 
1830 -0.303493 
1831 -1.949181 
1832 1.004434 
1833 -2.024468 
1834 -1.631473 
1835 -1.252739 
1836 -0.146886 
1837 -1.202240 
1838 0.379671 
1839 -3.014549 
1840 -1.593748 
1841 -1.895419 
1842 -1.612434 
1843 -0.082295 
1844 0.336630 
1845 -1.241348 
1846 -1.887984 
1847 -2.056233 
1848 -2.049894 
1849 -1.406042 
1850 -1.187017 
1851 -0.590810 
1852 -1.455665 
1853 -2.806890 
1854 -0.462701 
1855 -0.395146 
1856 -2.042822 
1857 3.267309 
1858 -1.085018 
1859 -0.543323 
1860 -0.581974 
1861 -0.225429 
1862 -1.946221 
1863 -1.779597 
1864 -0.782591 
1865 -0.310919 
1866 -2.929261 
1867 -0.611164 
1868 -1.588564 
1869 -1.582499 
1870 -2.003336 
1871 -0.192461 
1872 0.411412 
1873 -1.631821 
1874 -1.195210 
1875 -2.657619 
1876 -2.510263 
1877 1.453957 
1878 2.354059 
1879 -1.831681 
1880 -0.905657 
1881 -1.949784 
1882 3.768996 
1883 -1.398488 
1884 -1.712868 
1885 -2.127549 
1886 0.710755 
1887 -1.403129 
1888 -0.338720 
1889 -0.973437 
1890 -2.462985 
1891 -1.110415 
1892 1.012689 
1893 -3.344139 
1894 -1.185644 
1895 0.095296 
1896 -1.315464 
1897 -1.494146 
1898 0.887479 
1899 -2.266357 
1900 -1.203168 
1901 -1.216335 
1902 0.531845 
1903 -2.614182 
1904 0.001078 
1905 -0.871089 
1906 -2.263336 
1907 -1.694896 
1908 -2.500625 
1909 -0.479275 
1910 -0.589802 
1911 -1.740563 
1912 -0.304249 
1913 -1.661064 
1914 -0.732567 
1915 -2.282879 
1916 -1.245475 
1917 0.393623 
1918 -2.017587 
1919 -1.664958 
1920 -1.993698 
1921 -1.845514 
1922 -1.483569 
1923 -0.117399 
1924 0.181179 
1925 -3.820551 
1926 -0.851660 
1927 0.264277 
1928 0.135717 
1929 -0.055516 
1930 -0.273821 
1931 -3.590009 
1932 -0.168178 
1933 -1.134872 
1934 -1.489423 
1935 -2.044515 
1936 -1.406063 
1937 -0.339121 
1938 -1.487105 
1939 -1.858048 
1940 -1.081750 
1941 -0.422045 
1942 1.329582 
1943 3.308965 
1944 -3.193014 
1945 -1.099546 
1946 -0.212011 
1947 1.004508 
1948 -2.152454 
1949 -0.646358 
1950 -1.783613 
1951 -0.474204 
1952 -0.454429 
1953 -1.979389 
1954 -1.418434 
1955 -1.409697 
1956 -0.633311 
1957 -2.821923 
1958 -1.070860 
1959 -0.916936 
1960 -0.940134 
1961 4.860440 
1962 -1.041685 
1963 0.264970 
1964 -2.536492 
1965 0.136811 
1966 0.401833 
1967 -2.549320 
1968 -0.293448 
1969 2.103252 
1970 -1.332021 
1971 -2.420938 
1972 0.337689 
1973 -3.443468 
1974 0.451997 
1975 -0.995272 
1976 -0.786500 
1977 1.516827 
1978 -1.522942 
1979 -2.094310 
1980 -0.218530 
1981 -1.467467 
1982 -2.103926 
1983 -1.168204 
1984 0.026620 
1985 -0.670877 
1986 -3.864471 
1987 0.611108 
1988 -1.330763 
1989 -1.228239 
1990 -3.000620 
1991 2.103755 
1992 -2.008454 
1993 -0.442336 
1994 -3.201026 
1995 0.654161 
1996 -0.219927 
1997 0.096489 
1998 -2.648036 
1999 -1.992929 
2000 -0.423746 
2001 0.774675 
2002 -2.027288 
2003 -2.103257 
2004 -0.904588 
2005 -1.767507 
2006 -0.584117 
2007 -1.612884 
2008 0.603076 
2009 0.289429 
2010 -3.866614 
2011 2.715296 
2012 -2.852151 
2013 0.723902 
2014 -2.124261 
2015 0.623815 
2016 1.151589 
2017 0.530785 
2018 1.237316 
2019 -4.386942 
2020 -1.400846 
2021 -2.048054 
2022 -1.304248 
2023 -0.115833 
2024 -1.052255 
2025 -1.876605 
2026 0.906914 
2027 -2.249164 
2028 0.234625 
2029 -2.365654 
2030 -1.345978 
2031 -1.251286 
2032 1.075087 
2033 1.651027 
2034 3.711622 
2035 -2.871648 
2036 -0.226336 
2037 0.813347 
2038 -0.871838 
2039 -3.572493 
2040 -0.193231 
2041 -0.460796 
2042 -3.333756 
2043 -0.543633 
2044 -0.810778 
2045 -2.580118 
2046 -1.263693 
2047 -0.384843 
2048 -0.237127 
2049 0.044479 
2050 -1.618260 
2051 5.841353 
2052 -0.989994 
2053 -1.888404 
2054 -1.860680 
2055 1.336949 
2056 -1.331160 
2057 -1.646740 
2058 2.454304 
2059 -2.131144 
2060 -1.021561 
2061 -1.072188 
2062 -1.890672 
2063 -1.571729 
2064 -0.588672 
2065 -1.938722 
2066 -1.577795 
2067 -1.099241 
2068 0.316593 
2069 -2.874479 
2070 -1.391746 
2071 -0.539741 
2072 -0.134541 
2073 -1.592196 
2074 -2.072807 
2075 -1.590775 
2076 -0.825610 
2077 -1.162237 
2078 -1.907379 
2079 -1.203251 
2080 -0.782570 
2081 -2.333968 
2082 0.147020 
2083 -1.698291 
2084 -1.304338 
2085 -1.484980 
2086 -0.234347 
2087 -2.076485 
2088 1.336845 
2089 0.048725 
2090 -0.884671 
2091 -3.197960 
2092 -2.149552 
2093 0.759084 
2094 -1.593755 
2095 -1.183029 
2096 0.861969 
2097 -1.828933 
2098 -2.638424 
2099 -0.292587 
2100 -2.524359 
2101 -0.294528 
2102 -1.147291 
2103 -1.141159 
2104 -1.277652 
2105 -2.786048 
2106 -0.251231 
2107 -0.324236 
2108 -2.477579 
2109 -0.509248 
2110 -0.584770 
2111 -1.095545 
2112 -0.945884 
2113 -1.500783 
2114 -0.945848 
2115 -1.790611 
2116 -1.388761 
2117 -1.419286 
2118 -2.062021 
2119 -0.438412 
2120 -2.582483 
2121 -1.838152 
2122 1.723488 
2123 0.563127 
2124 -2.177583 
2125 -0.291470 
2126 -0.694784 
2127 -1.839981 
2128 0.094896 
2129 -2.967733 
2130 0.302667 
2131 -1.573922 
2132 1.001238 
2133 -1.855516 
2134 -1.508144 
2135 -1.720622 
2136 1.508265 
2137 -1.916639 
2138 -2.466148 
2139 0.779001 
2140 0.878010 
2141 -0.123565 
2142 -1.637615 
2143 -2.680837 
2144 -2.176309 
2145 -1.935986 
2146 -0.859493 
2147 -0.249799 
2148 -1.587581 
2149 -1.155700 
2150 -1.785232 
2151 -0.991913 
2152 -1.337781 
2153 -1.637785 
2154 -1.246314 
2155 -0.790242 
2156 -1.697355 
2157 -1.666809 
2158 1.547497 
2159 -1.381003 
2160 -0.425092 
2161 -2.866534 
2162 3.415208 
2163 0.584056 
2164 -1.229536 
2165 -1.684981 
2166 -1.357826 
2167 -1.006632 
2168 -1.468840 
2169 -2.118860 
2170 -1.561507 
2171 1.719366 
2172 -1.854473 
2173 0.818286 
2174 -2.478235 
2175 -0.278865 
2176 -0.635851 
2177 -1.303785 
2178 -1.318200 
2179 -2.139965 
2180 -1.811916 
2181 2.548472 
2182 -1.546134 
2183 0.833404 
2184 0.661089 
2185 -1.841991 
2186 -1.293597 
2187 -1.733624 
2188 -1.847912 
2189 -2.338381 
2190 1.051374 
2191 -0.011362 
2192 -1.347611 
2193 -1.137631 
2194 -0.370527 
2195 2.170056 
2196 -1.826053 
2197 -1.079506 
2198 -1.152366 
2199 -1.671817 
2200 -2.391917 
2201 -0.478310 
2202 1.634224 
2203 -1.673980 
2204 -0.935403 
2205 -1.838886 
2206 -1.463515 
2207 -1.239564 
2208 -1.763679 
2209 -0.239820 
2210 -1.380386 
2211 -1.560267 
2212 -0.344794 
2213 -1.806112 
2214 -1.136162 
2215 -2.248622 
2216 -1.172157 
2217 1.558585 
2218 -0.932160 
2219 -1.462986 
2220 -1.312980 
2221 -2.200412 
2222 -1.244782 
2223 2.003550 
2224 -1.716027 
2225 -1.839586 
2226 -1.715145 
2227 0.001606 
2228 -1.412812 
2229 -1.256611 
2230 -0.085581 
2231 -2.120284 
2232 -0.751457 
2233 -1.361328 
2234 -1.517228 
2235 -1.935588 
2236 1.216647 
2237 -0.499404 
2238 -1.536026 
2239 6.333073 
2240 -2.124031 
2241 -0.671876 
2242 -0.864164 
2243 -1.448004 
2244 -1.627273 
2245 -1.401368 
2246 -0.461698 
2247 -1.522891 
2248 -1.030437 
2249 -1.630950 
2250 0.467010 
2251 6.251472 
2252 -0.433493 
2253 -1.247989 
2254 -2.097132 
2255 -1.400361 
2256 -1.053767 
2257 -2.689540 
2258 0.931807 
2259 -0.842172 
2260 -1.824666 
2261 -1.315745 
2262 -2.062181 
2263 1.910050 
2264 -2.128552 
2265 0.200757 
2266 -2.254120 
2267 1.919119 
2268 -1.183676 
2269 -1.818104 
2270 -1.950434 
2271 1.897799 
2272 0.545056 
2273 -2.129724 
2274 -1.962174 
2275 -1.097269 
2276 -0.531260 
2277 -0.877823 
2278 -1.395337 
2279 -2.190631 
2280 -0.884236 
2281 -2.012469 
2282 -0.165204 
2283 -2.075559 
2284 -2.489992 
2285 -1.484865 
2286 -0.596911 
2287 1.506712 
2288 -2.416034 
2289 -0.368890 
2290 -0.939661 
2291 2.055885 
2292 -0.856708 
2293 1.087437 
2294 -1.512913 
2295 -1.976327 
2296 -1.577092 
2297 -1.530947 
2298 -1.995640 
2299 0.339262 
2300 -0.301744 
2301 0.912437 
2302 0.694059 
2303 -3.272810 
2304 -0.642848 
2305 -2.188817 
2306 -1.185221 
2307 -1.742661 
2308 -0.981040 
2309 -1.029765 
2310 -1.758941 
2311 -1.632859 
2312 -2.187744 
2313 -2.287378 
