39 1
0 0.117390 
1 -0.270834 
2 0.141617 
3 -0.288108 
4 -0.328843 
5 0.373449 
6 0.096136 
7 -0.042424 
8 0.349251 
9 -0.327960 
10 0.084720 
11 0.362321 
12 0.033373 
13 -0.087833 
14 0.245279 
15 -0.237902 
16 0.146383 
17 -0.141691 
18 0.475314 
19 0.024489 
20 -0.350456 
21 -0.236146 
22 0.239171 
23 -0.028308 
24 0.381691 
25 0.008753 
26 0.191810 
27 -0.051368 
28 -0.079382 
29 0.168924 
30 -0.373702 
31 -0.103879 
32 0.117390 
33 -0.270834 
34 0.141617 
35 -0.288108 
36 -0.328843 
37 0.373449 
38 0.096136 
