3031 1
0 0.236779 
1 -0.052434 
2 0.143214 
3 0.121354 
4 -0.038480 
5 -0.275460 
6 0.325999 
7 -0.323750 
8 0.442351 
9 -0.221568 
10 -0.475066 
11 -0.045094 
12 0.337361 
13 -0.045094 
14 -0.045094 
15 -0.045094 
16 0.434843 
17 -0.304354 
18 0.323050 
19 -0.290117 
20 -0.330154 
21 0.367906 
22 -0.047547 
23 0.328955 
24 0.292009 
25 0.414350 
26 -0.070001 
27 0.007310 
28 -0.216570 
29 0.150001 
30 0.345659 
31 -0.045094 
32 -0.045094 
33 -0.045094 
34 0.417490 
35 -0.008949 
36 0.122316 
37 0.177545 
38 -0.137829 
39 0.258876 
40 -0.160135 
41 0.066984 
42 -0.448351 
43 -0.166308 
44 0.188039 
45 0.301279 
46 0.089144 
47 0.138919 
48 -0.351029 
49 -0.348552 
50 0.335570 
51 0.461119 
52 0.184009 
53 0.313056 
54 0.055848 
55 0.095388 
56 0.172576 
57 -0.006415 
58 -0.343749 
59 0.154688 
60 0.262548 
61 -0.325722 
62 0.129125 
63 -0.294766 
64 0.360449 
65 0.153149 
66 -0.429972 
67 -0.045094 
68 -0.239140 
69 -0.006415 
70 -0.467894 
71 0.434843 
72 0.176345 
73 0.381875 
74 0.380613 
75 0.380613 
76 0.488863 
77 0.183777 
78 -0.142492 
79 0.467809 
80 -0.052434 
81 0.194926 
82 0.121354 
83 -0.038480 
84 -0.275460 
85 -0.305537 
86 0.210516 
87 -0.058034 
88 0.431518 
89 -0.304354 
90 -0.304354 
91 -0.304354 
92 -0.304354 
93 -0.304354 
94 -0.304354 
95 -0.304354 
96 -0.304354 
97 0.436926 
98 -0.304354 
99 -0.304354 
100 -0.181117 
101 -0.304354 
102 -0.404672 
103 0.143825 
104 -0.151851 
105 -0.474978 
106 0.115326 
107 -0.304354 
108 -0.304354 
109 -0.304354 
110 -0.304354 
111 -0.304354 
112 -0.304354 
113 -0.304354 
114 -0.304354 
115 -0.304354 
116 -0.304354 
117 0.078832 
118 0.104156 
119 -0.169782 
120 0.097711 
121 -0.440052 
122 -0.212276 
123 0.240226 
124 -0.429972 
125 -0.377240 
126 0.288389 
127 -0.062625 
128 0.357867 
129 -0.148171 
130 0.141795 
131 0.023607 
132 0.050236 
133 -0.394858 
134 0.268351 
135 -0.245086 
136 -0.011234 
137 -0.040700 
138 -0.304354 
139 -0.304354 
140 -0.304354 
141 -0.304354 
142 -0.148756 
143 -0.376230 
144 0.317998 
145 0.394814 
146 -0.064879 
147 -0.291578 
148 -0.449862 
149 -0.279149 
150 -0.469851 
151 -0.356382 
152 0.460645 
153 -0.415268 
154 0.144728 
155 -0.388457 
156 -0.228854 
157 -0.279149 
158 -0.308277 
159 -0.326176 
160 0.145368 
161 -0.343749 
162 -0.004629 
163 0.154650 
164 0.076713 
165 -0.402582 
166 -0.176503 
167 -0.114182 
168 0.030323 
169 -0.481973 
170 -0.390709 
171 0.183777 
172 0.467809 
173 -0.216570 
174 -0.047838 
175 -0.350965 
176 -0.350800 
177 0.302993 
178 -0.315136 
179 -0.066932 
180 -0.006589 
181 0.264458 
182 0.030021 
183 -0.198459 
184 0.012868 
185 0.164741 
186 0.325858 
187 0.319530 
188 0.174121 
189 -0.363696 
190 0.063209 
191 -0.078513 
192 -0.439256 
193 0.001940 
194 0.055572 
195 0.361589 
196 -0.015384 
197 -0.123174 
198 0.304595 
199 -0.080708 
200 0.464632 
201 0.211158 
202 0.419435 
203 -0.011783 
204 -0.409263 
205 0.285862 
206 0.300186 
207 -0.042372 
208 0.348718 
209 0.036702 
210 0.340553 
211 0.340553 
212 -0.197875 
213 -0.197875 
214 -0.197875 
215 0.050236 
216 -0.197875 
217 -0.394858 
218 0.268351 
219 -0.011234 
220 -0.040700 
221 0.017704 
222 -0.151851 
223 -0.197875 
224 -0.197875 
225 -0.197875 
226 -0.197875 
227 -0.197875 
228 -0.197875 
229 0.262548 
230 0.154650 
231 0.154650 
232 -0.325722 
233 0.154650 
234 -0.388457 
235 -0.311665 
236 -0.289024 
237 0.337361 
238 -0.192228 
239 -0.192228 
240 0.129125 
241 -0.294766 
242 0.360449 
243 0.153149 
244 0.322390 
245 0.017704 
246 -0.033837 
247 -0.192831 
248 -0.173992 
249 0.386759 
250 -0.285820 
251 -0.248631 
252 -0.320148 
253 0.030323 
254 -0.350965 
255 0.012868 
256 -0.481973 
257 0.032930 
258 -0.078513 
259 -0.123174 
260 0.304595 
261 0.211158 
262 -0.409263 
263 -0.448351 
264 -0.197721 
265 -0.080708 
266 0.464632 
267 -0.011783 
268 0.081414 
269 0.302195 
270 -0.441758 
271 0.176345 
272 0.175299 
273 0.444837 
274 0.218607 
275 0.176345 
276 -0.291578 
277 0.326081 
278 -0.006589 
279 0.417490 
280 -0.008949 
281 0.462936 
282 -0.497405 
283 -0.052717 
284 -0.441758 
285 0.302195 
286 0.143214 
287 -0.429163 
288 0.154688 
289 -0.239140 
290 -0.006415 
291 -0.006415 
292 -0.467894 
293 0.434843 
294 0.176345 
295 0.176345 
296 0.176345 
297 0.176345 
298 0.176345 
299 0.176345 
300 0.176345 
301 -0.311665 
302 -0.228854 
303 -0.228854 
304 0.380613 
305 0.444837 
306 -0.228854 
307 0.434843 
308 -0.142492 
309 0.302195 
310 0.434843 
311 0.434843 
312 0.307482 
313 0.194926 
314 -0.304354 
315 0.135984 
316 -0.266759 
317 0.434843 
318 0.154650 
319 -0.377240 
320 0.434843 
321 -0.304354 
322 -0.305537 
323 -0.304354 
324 -0.304354 
325 -0.304354 
326 -0.058034 
327 0.431518 
328 -0.304354 
329 -0.304354 
330 -0.304354 
331 -0.304354 
332 -0.304354 
333 -0.304354 
334 -0.304354 
335 -0.304354 
336 -0.304354 
337 0.436926 
338 -0.304354 
339 -0.304354 
340 -0.181117 
341 -0.304354 
342 -0.404672 
343 0.143825 
344 -0.151851 
345 -0.151851 
346 -0.474978 
347 0.115326 
348 -0.304354 
349 -0.304354 
350 -0.304354 
351 -0.304354 
352 -0.304354 
353 -0.304354 
354 -0.304354 
355 -0.304354 
356 -0.304354 
357 -0.304354 
358 0.078832 
359 -0.291578 
360 -0.169782 
361 0.097711 
362 -0.440052 
363 -0.212276 
364 0.240226 
365 -0.429972 
366 -0.377240 
367 -0.109338 
368 -0.062625 
369 -0.113697 
370 -0.148171 
371 0.141795 
372 0.023607 
373 0.050236 
374 -0.394858 
375 0.268351 
376 -0.245086 
377 -0.011234 
378 -0.040700 
379 -0.304354 
380 -0.304354 
381 -0.304354 
382 -0.304354 
383 -0.148756 
384 -0.376230 
385 0.317998 
386 0.394814 
387 -0.064879 
388 -0.064879 
389 -0.291578 
390 -0.449862 
391 -0.290117 
392 0.367906 
393 -0.047547 
394 -0.279149 
395 0.328955 
396 0.292009 
397 0.414350 
398 -0.070001 
399 -0.028259 
400 0.194926 
401 -0.228854 
402 -0.228854 
403 -0.228854 
404 -0.388457 
405 -0.388457 
406 -0.388457 
407 -0.388457 
408 -0.388457 
409 -0.388457 
410 -0.388457 
411 -0.228854 
412 -0.279149 
413 -0.308277 
414 -0.326176 
415 -0.326176 
416 -0.326176 
417 -0.326176 
418 0.145368 
419 -0.291578 
420 -0.004629 
421 0.154650 
422 -0.388457 
423 -0.388457 
424 0.076713 
425 0.076713 
426 0.076713 
427 0.076713 
428 0.076713 
429 0.076713 
430 0.076713 
431 0.076713 
432 0.076713 
433 0.076713 
434 0.076713 
435 0.076713 
436 0.076713 
437 0.076713 
438 -0.388457 
439 -0.402582 
440 -0.402582 
441 -0.402582 
442 -0.402582 
443 -0.402582 
444 -0.402582 
445 -0.402582 
446 -0.402582 
447 -0.402582 
448 -0.402582 
449 -0.402582 
450 -0.402582 
451 -0.402582 
452 -0.402582 
453 -0.402582 
454 -0.388457 
455 -0.388457 
456 -0.388457 
457 -0.176503 
458 -0.176503 
459 -0.176503 
460 -0.176503 
461 -0.176503 
462 -0.176503 
463 0.468826 
464 0.468826 
465 0.468826 
466 0.468826 
467 0.468826 
468 0.468826 
469 -0.098472 
470 -0.098472 
471 0.307482 
472 0.307482 
473 0.307482 
474 0.307482 
475 0.307482 
476 0.307482 
477 -0.097433 
478 -0.097433 
479 -0.097433 
480 -0.097433 
481 -0.235998 
482 -0.235998 
483 -0.235998 
484 -0.235998 
485 0.190530 
486 0.190530 
487 0.190530 
488 0.190530 
489 -0.096518 
490 -0.096518 
491 -0.096518 
492 -0.096518 
493 -0.475066 
494 -0.475066 
495 -0.475066 
496 -0.475066 
497 -0.470321 
498 -0.470321 
499 -0.470321 
500 -0.470321 
501 -0.470321 
502 -0.470321 
503 -0.441355 
504 -0.441355 
505 -0.441355 
506 -0.441355 
507 -0.418755 
508 -0.418755 
509 -0.176503 
510 -0.388457 
511 -0.388457 
512 -0.388457 
513 -0.388457 
514 -0.388457 
515 -0.114182 
516 -0.114182 
517 -0.114182 
518 -0.114182 
519 -0.114182 
520 -0.114182 
521 0.134656 
522 0.134656 
523 0.134656 
524 0.134656 
525 0.134656 
526 0.134656 
527 0.046938 
528 0.046938 
529 0.046938 
530 0.046938 
531 0.227105 
532 0.227105 
533 0.227105 
534 0.227105 
535 0.291292 
536 0.291292 
537 0.291292 
538 0.291292 
539 0.132894 
540 0.132894 
541 0.132894 
542 0.132894 
543 0.112719 
544 0.112719 
545 0.112719 
546 0.441029 
547 0.441029 
548 0.441029 
549 -0.114182 
550 -0.388457 
551 0.030323 
552 0.030323 
553 0.030323 
554 0.030323 
555 0.030323 
556 0.030323 
557 0.030323 
558 0.030323 
559 0.122316 
560 0.122316 
561 0.122316 
562 0.122316 
563 0.122316 
564 0.122316 
565 0.177545 
566 0.177545 
567 0.030323 
568 0.030323 
569 0.030323 
570 0.030323 
571 0.030323 
572 0.030323 
573 0.030323 
574 0.030323 
575 0.030323 
576 0.030323 
577 0.030323 
578 0.030323 
579 -0.137829 
580 -0.137829 
581 -0.137829 
582 -0.137829 
583 -0.137829 
584 0.030323 
585 0.030323 
586 0.030323 
587 0.030323 
588 0.030323 
589 0.030323 
590 0.030323 
591 0.030323 
592 0.030323 
593 0.030323 
594 0.030323 
595 0.030323 
596 0.030323 
597 0.030323 
598 -0.207328 
599 -0.207328 
600 -0.207328 
601 0.030323 
602 -0.481973 
603 -0.481973 
604 -0.481973 
605 -0.481973 
606 -0.481973 
607 -0.481973 
608 0.109999 
609 0.109999 
610 0.109999 
611 0.109999 
612 -0.150589 
613 -0.150589 
614 -0.090569 
615 -0.090569 
616 -0.090569 
617 -0.090569 
618 -0.090569 
619 -0.090569 
620 -0.090569 
621 0.066217 
622 0.066217 
623 0.066217 
624 0.066217 
625 -0.120242 
626 -0.120242 
627 -0.120242 
628 -0.120242 
629 0.065029 
630 0.065029 
631 0.065029 
632 0.065029 
633 0.065029 
634 -0.481973 
635 -0.390709 
636 -0.390709 
637 -0.390709 
638 -0.390709 
639 -0.390709 
640 -0.390709 
641 0.108943 
642 0.108943 
643 0.108943 
644 0.108943 
645 0.108943 
646 0.108943 
647 -0.114250 
648 -0.114250 
649 -0.114250 
650 -0.114250 
651 -0.114250 
652 0.002467 
653 0.002467 
654 0.002467 
655 -0.168883 
656 -0.168883 
657 -0.168883 
658 -0.168883 
659 0.035757 
660 0.035757 
661 0.035757 
662 0.035757 
663 0.185718 
664 0.185718 
665 0.185718 
666 0.185718 
667 0.225574 
668 0.225574 
669 0.225574 
670 0.225574 
671 0.233799 
672 0.233799 
673 0.233799 
674 0.233799 
675 -0.002743 
676 -0.002743 
677 -0.002743 
678 -0.002743 
679 0.325999 
680 0.325999 
681 0.041997 
682 0.041997 
683 0.041997 
684 0.041997 
685 -0.390709 
686 -0.388457 
687 0.183777 
688 0.183777 
689 0.183777 
690 0.183777 
691 0.183777 
692 0.183777 
693 -0.129569 
694 -0.129569 
695 -0.129569 
696 -0.129569 
697 -0.129569 
698 0.290349 
699 0.290349 
700 0.290349 
701 0.290349 
702 0.058004 
703 0.058004 
704 0.058004 
705 0.058004 
706 0.317737 
707 0.317737 
708 0.317737 
709 0.317737 
710 0.317737 
711 0.183777 
712 -0.388457 
713 -0.388457 
714 -0.064879 
715 -0.388457 
716 -0.388457 
717 -0.388457 
718 0.467809 
719 0.467809 
720 0.467809 
721 0.467809 
722 0.467809 
723 0.467809 
724 0.442046 
725 0.442046 
726 -0.442227 
727 -0.442227 
728 -0.442227 
729 -0.442227 
730 -0.442227 
731 -0.442227 
732 -0.442227 
733 0.414694 
734 0.414694 
735 0.414694 
736 0.414694 
737 -0.332457 
738 -0.332457 
739 -0.332457 
740 -0.332457 
741 -0.282379 
742 -0.282379 
743 -0.282379 
744 0.467809 
745 -0.216570 
746 -0.216570 
747 -0.216570 
748 -0.216570 
749 -0.216570 
750 -0.216570 
751 -0.216570 
752 -0.216570 
753 -0.216570 
754 -0.216570 
755 -0.388457 
756 -0.047838 
757 -0.047838 
758 -0.047838 
759 -0.047838 
760 -0.047838 
761 -0.047838 
762 -0.319533 
763 -0.319533 
764 -0.319533 
765 -0.319533 
766 -0.319533 
767 -0.319533 
768 -0.289024 
769 -0.289024 
770 -0.289024 
771 0.081414 
772 0.081414 
773 0.081414 
774 0.081414 
775 0.194926 
776 0.194926 
777 -0.055249 
778 -0.055249 
779 -0.055249 
780 -0.055249 
781 -0.055249 
782 -0.055249 
783 0.480411 
784 0.480411 
785 0.480411 
786 0.480411 
787 0.101822 
788 0.101822 
789 0.101822 
790 0.101822 
791 -0.492223 
792 -0.492223 
793 -0.492223 
794 -0.492223 
795 0.064757 
796 0.064757 
797 0.150001 
798 0.150001 
799 0.150001 
800 0.150001 
801 0.150001 
802 0.150001 
803 0.150001 
804 0.345659 
805 0.345659 
806 0.345659 
807 0.345659 
808 -0.047838 
809 -0.047838 
810 -0.047838 
811 -0.047838 
812 -0.350965 
813 -0.350965 
814 -0.350965 
815 -0.350965 
816 -0.350965 
817 -0.350965 
818 0.135984 
819 0.135984 
820 0.135984 
821 0.135984 
822 0.135984 
823 0.135984 
824 -0.350965 
825 -0.350965 
826 -0.350965 
827 -0.350965 
828 -0.350965 
829 -0.350965 
830 -0.350965 
831 -0.350965 
832 -0.350965 
833 -0.350965 
834 -0.350965 
835 0.195865 
836 0.195865 
837 0.195865 
838 0.195865 
839 0.442546 
840 0.442546 
841 -0.350965 
842 -0.350965 
843 -0.350965 
844 -0.350965 
845 -0.350965 
846 -0.350965 
847 -0.350965 
848 -0.350965 
849 -0.350965 
850 -0.350965 
851 -0.350965 
852 -0.350965 
853 -0.350965 
854 -0.350965 
855 -0.350965 
856 -0.350965 
857 -0.350965 
858 -0.350965 
859 -0.350965 
860 -0.350965 
861 -0.350965 
862 -0.350965 
863 -0.388457 
864 -0.388457 
865 -0.388457 
866 -0.388457 
867 -0.388457 
868 -0.388457 
869 -0.388457 
870 -0.388457 
871 -0.388457 
872 -0.350800 
873 -0.350800 
874 -0.350800 
875 -0.350800 
876 -0.350800 
877 -0.350800 
878 -0.432248 
879 -0.432248 
880 -0.432248 
881 -0.432248 
882 -0.432248 
883 -0.432248 
884 0.007667 
885 0.007667 
886 0.007667 
887 0.007667 
888 0.289175 
889 0.289175 
890 0.289175 
891 0.289175 
892 -0.430736 
893 -0.430736 
894 -0.430736 
895 -0.430736 
896 0.164507 
897 0.164507 
898 0.164507 
899 0.164507 
900 0.483353 
901 0.483353 
902 0.483353 
903 0.483353 
904 0.335859 
905 0.335859 
906 0.335859 
907 0.335859 
908 0.288473 
909 0.288473 
910 0.288473 
911 0.288473 
912 0.288473 
913 -0.350800 
914 -0.350800 
915 -0.350800 
916 -0.350800 
917 -0.047838 
918 -0.047838 
919 -0.047838 
920 -0.047838 
921 -0.176503 
922 -0.176503 
923 -0.176503 
924 -0.176503 
925 -0.014483 
926 -0.014483 
927 -0.014483 
928 -0.014483 
929 -0.014483 
930 -0.350800 
931 -0.388457 
932 -0.388457 
933 0.302993 
934 0.302993 
935 0.302993 
936 0.302993 
937 0.302993 
938 0.302993 
939 -0.159241 
940 -0.159241 
941 -0.159241 
942 -0.159241 
943 -0.315136 
944 -0.315136 
945 -0.315136 
946 -0.315136 
947 -0.315136 
948 0.036702 
949 0.036702 
950 0.036702 
951 0.164741 
952 0.164741 
953 0.164741 
954 0.164741 
955 0.174121 
956 0.174121 
957 0.174121 
958 0.174121 
959 -0.138598 
960 -0.138598 
961 -0.138598 
962 -0.138598 
963 0.260805 
964 0.260805 
965 0.260805 
966 0.260805 
967 0.260805 
968 0.260805 
969 -0.363734 
970 -0.363734 
971 -0.363734 
972 -0.363734 
973 0.121118 
974 0.121118 
975 0.121118 
976 0.121118 
977 0.130990 
978 0.130990 
979 0.130990 
980 0.130990 
981 -0.031223 
982 -0.031223 
983 -0.031223 
984 0.302993 
985 -0.315136 
986 -0.315136 
987 -0.315136 
988 -0.315136 
989 -0.315136 
990 -0.315136 
991 0.287935 
992 0.287935 
993 0.287935 
994 0.287935 
995 0.287935 
996 -0.312681 
997 -0.312681 
998 -0.312681 
999 -0.312681 
1000 -0.483626 
1001 -0.483626 
1002 -0.483626 
1003 -0.483626 
1004 -0.195811 
1005 -0.195811 
1006 -0.195811 
1007 -0.195811 
1008 0.176734 
1009 0.176734 
1010 0.176734 
1011 0.176734 
1012 -0.394064 
1013 -0.394064 
1014 -0.394064 
1015 0.105361 
1016 0.105361 
1017 0.105361 
1018 0.105361 
1019 0.105361 
1020 -0.417646 
1021 -0.417646 
1022 -0.417646 
1023 -0.417646 
1024 -0.065868 
1025 -0.065868 
1026 -0.065868 
1027 -0.065868 
1028 0.240226 
1029 0.240226 
1030 0.240226 
1031 0.240226 
1032 -0.484020 
1033 -0.484020 
1034 -0.484020 
1035 -0.484020 
1036 -0.484020 
1037 -0.315136 
1038 -0.066932 
1039 -0.066932 
1040 -0.066932 
1041 -0.066932 
1042 -0.066932 
1043 -0.066932 
1044 -0.257169 
1045 -0.257169 
1046 -0.257169 
1047 -0.429100 
1048 -0.429100 
1049 -0.429100 
1050 -0.429100 
1051 -0.429100 
1052 -0.429100 
1053 0.111080 
1054 0.111080 
1055 0.111080 
1056 0.111080 
1057 0.178793 
1058 0.178793 
1059 0.178793 
1060 0.178793 
1061 0.013775 
1062 0.013775 
1063 0.013775 
1064 0.013775 
1065 -0.397706 
1066 -0.397706 
1067 -0.397706 
1068 -0.397706 
1069 0.461850 
1070 0.461850 
1071 0.461850 
1072 0.461850 
1073 -0.203096 
1074 -0.203096 
1075 -0.203096 
1076 -0.203096 
1077 0.372729 
1078 0.372729 
1079 0.064341 
1080 0.064341 
1081 0.064341 
1082 0.064341 
1083 0.064341 
1084 0.064341 
1085 -0.097433 
1086 -0.097433 
1087 -0.097433 
1088 -0.066932 
1089 -0.388457 
1090 -0.226952 
1091 -0.006589 
1092 -0.006589 
1093 -0.006589 
1094 -0.006589 
1095 -0.006589 
1096 -0.006589 
1097 0.103475 
1098 0.103475 
1099 0.103475 
1100 0.103475 
1101 0.103475 
1102 0.326438 
1103 0.326438 
1104 0.326438 
1105 0.326438 
1106 -0.143340 
1107 -0.143340 
1108 -0.143340 
1109 -0.143340 
1110 -0.125452 
1111 -0.125452 
1112 -0.125452 
1113 -0.125452 
1114 -0.008438 
1115 -0.008438 
1116 0.016464 
1117 0.016464 
1118 0.016464 
1119 0.016464 
1120 0.016464 
1121 0.016464 
1122 0.016464 
1123 -0.090569 
1124 -0.090569 
1125 -0.090569 
1126 -0.090569 
1127 0.189147 
1128 0.189147 
1129 0.189147 
1130 0.189147 
1131 0.189147 
1132 0.189147 
1133 0.387692 
1134 0.387692 
1135 0.387692 
1136 -0.006589 
1137 0.264458 
1138 0.264458 
1139 0.264458 
1140 0.264458 
1141 0.264458 
1142 0.264458 
1143 -0.388457 
1144 -0.388457 
1145 -0.388457 
1146 -0.388457 
1147 -0.388457 
1148 -0.388457 
1149 -0.304354 
1150 -0.304354 
1151 -0.304354 
1152 -0.304354 
1153 -0.304354 
1154 -0.245086 
1155 -0.245086 
1156 -0.245086 
1157 -0.418755 
1158 -0.418755 
1159 -0.418755 
1160 -0.418755 
1161 0.441029 
1162 0.441029 
1163 0.441029 
1164 0.441029 
1165 0.041997 
1166 0.041997 
1167 0.041997 
1168 0.041997 
1169 -0.031223 
1170 -0.031223 
1171 -0.031223 
1172 -0.031223 
1173 0.499120 
1174 0.499120 
1175 0.499120 
1176 0.499120 
1177 -0.366875 
1178 -0.366875 
1179 -0.366875 
1180 -0.366875 
1181 0.082500 
1182 0.082500 
1183 0.082500 
1184 0.082500 
1185 0.082500 
1186 -0.048743 
1187 0.264458 
1188 0.030021 
1189 0.030021 
1190 0.030021 
1191 0.030021 
1192 0.030021 
1193 0.030021 
1194 0.342495 
1195 0.342495 
1196 0.342495 
1197 0.342495 
1198 0.342495 
1199 0.342495 
1200 0.107236 
1201 0.107236 
1202 0.107236 
1203 0.107236 
1204 -0.235466 
1205 -0.235466 
1206 -0.235466 
1207 -0.235466 
1208 0.000019 
1209 0.000019 
1210 0.000019 
1211 0.000019 
1212 0.392171 
1213 0.392171 
1214 0.392171 
1215 0.392171 
1216 -0.458210 
1217 -0.458210 
1218 -0.458210 
1219 -0.458210 
1220 -0.458210 
1221 0.300186 
1222 0.300186 
1223 0.300186 
1224 -0.042372 
1225 -0.042372 
1226 -0.280204 
1227 -0.280204 
1228 -0.280204 
1229 -0.280204 
1230 -0.280204 
1231 -0.280204 
1232 -0.207836 
1233 -0.207836 
1234 -0.207836 
1235 -0.207836 
1236 0.307482 
1237 0.307482 
1238 0.307482 
1239 0.030021 
1240 -0.197721 
1241 -0.197721 
1242 -0.197721 
1243 -0.197721 
1244 -0.197721 
1245 -0.197721 
1246 -0.197721 
1247 -0.392124 
1248 -0.392124 
1249 -0.392124 
1250 -0.392124 
1251 -0.392124 
1252 -0.392124 
1253 -0.443076 
1254 -0.443076 
1255 -0.443076 
1256 -0.443076 
1257 0.350698 
1258 0.350698 
1259 0.350698 
1260 0.350698 
1261 0.073777 
1262 0.073777 
1263 0.073777 
1264 0.073777 
1265 -0.080639 
1266 -0.080639 
1267 -0.080639 
1268 -0.080639 
1269 -0.064695 
1270 -0.064695 
1271 -0.064695 
1272 -0.064695 
1273 -0.321828 
1274 -0.321828 
1275 -0.321828 
1276 -0.321828 
1277 -0.101325 
1278 -0.101325 
1279 -0.101325 
1280 -0.101325 
1281 -0.480688 
1282 -0.480688 
1283 -0.480688 
1284 -0.480688 
1285 0.194035 
1286 0.194035 
1287 0.194035 
1288 0.194035 
1289 0.194035 
1290 0.194035 
1291 -0.197721 
1292 -0.198459 
1293 -0.198459 
1294 -0.198459 
1295 -0.198459 
1296 -0.198459 
1297 -0.198459 
1298 -0.114250 
1299 -0.114250 
1300 -0.114250 
1301 -0.114250 
1302 -0.114250 
1303 -0.114250 
1304 -0.329824 
1305 -0.329824 
1306 -0.329824 
1307 -0.329824 
1308 0.074697 
1309 0.074697 
1310 0.074697 
1311 0.074697 
1312 -0.483846 
1313 -0.483846 
1314 -0.483846 
1315 -0.483846 
1316 -0.309088 
1317 -0.309088 
1318 -0.309088 
1319 -0.309088 
1320 0.251545 
1321 0.251545 
1322 0.251545 
1323 0.251545 
1324 0.251545 
1325 0.251545 
1326 -0.287342 
1327 -0.287342 
1328 -0.287342 
1329 -0.287342 
1330 -0.335306 
1331 -0.335306 
1332 -0.335306 
1333 -0.335306 
1334 0.227105 
1335 0.227105 
1336 0.227105 
1337 0.227105 
1338 0.227105 
1339 0.291292 
1340 0.291292 
1341 0.291292 
1342 0.291292 
1343 0.132894 
1344 0.132894 
1345 0.132894 
1346 -0.198459 
1347 0.012868 
1348 0.012868 
1349 0.012868 
1350 0.012868 
1351 0.012868 
1352 0.012868 
1353 0.112719 
1354 0.112719 
1355 0.112719 
1356 0.112719 
1357 0.012868 
1358 0.012868 
1359 0.012868 
1360 0.012868 
1361 -0.006415 
1362 -0.006415 
1363 -0.006415 
1364 -0.006415 
1365 -0.006415 
1366 -0.006415 
1367 0.209405 
1368 0.209405 
1369 0.209405 
1370 0.209405 
1371 0.081677 
1372 0.081677 
1373 0.081677 
1374 0.081677 
1375 0.022432 
1376 0.022432 
1377 0.022432 
1378 0.022432 
1379 0.443554 
1380 0.443554 
1381 0.443554 
1382 0.443554 
1383 0.082740 
1384 0.082740 
1385 0.082740 
1386 0.082740 
1387 -0.056529 
1388 -0.056529 
1389 -0.329824 
1390 -0.329824 
1391 -0.329824 
1392 -0.329824 
1393 -0.329824 
1394 -0.329824 
1395 -0.329824 
1396 -0.329824 
1397 0.012868 
1398 0.164741 
1399 0.164741 
1400 0.164741 
1401 0.164741 
1402 0.164741 
1403 0.164741 
1404 0.074697 
1405 0.074697 
1406 0.074697 
1407 0.074697 
1408 0.074697 
1409 0.074697 
1410 -0.483846 
1411 -0.483846 
1412 -0.483846 
1413 -0.483846 
1414 -0.309088 
1415 -0.309088 
1416 -0.309088 
1417 -0.309088 
1418 -0.115539 
1419 -0.115539 
1420 -0.115539 
1421 -0.115539 
1422 -0.132139 
1423 -0.132139 
1424 -0.308277 
1425 -0.308277 
1426 -0.308277 
1427 -0.308277 
1428 -0.308277 
1429 -0.308277 
1430 -0.192228 
1431 -0.192228 
1432 -0.192228 
1433 -0.192228 
1434 -0.449862 
1435 -0.449862 
1436 -0.449862 
1437 -0.449862 
1438 0.287935 
1439 0.287935 
1440 0.287935 
1441 0.287935 
1442 -0.312681 
1443 -0.312681 
1444 -0.312681 
1445 -0.312681 
1446 -0.483626 
1447 -0.483626 
1448 -0.483626 
1449 -0.483626 
1450 -0.483626 
1451 0.164741 
1452 0.325858 
1453 0.325858 
1454 0.325858 
1455 0.325858 
1456 0.325858 
1457 0.325858 
1458 -0.195811 
1459 -0.195811 
1460 -0.195811 
1461 -0.195811 
1462 -0.195811 
1463 0.042097 
1464 0.042097 
1465 0.042097 
1466 0.042097 
1467 -0.387122 
1468 -0.387122 
1469 -0.387122 
1470 -0.387122 
1471 -0.441758 
1472 -0.441758 
1473 -0.441758 
1474 -0.441758 
1475 -0.441758 
1476 -0.441758 
1477 0.175299 
1478 0.175299 
1479 0.175299 
1480 0.175299 
1481 0.218607 
1482 0.218607 
1483 0.218607 
1484 0.218607 
1485 -0.226952 
1486 -0.226952 
1487 -0.226952 
1488 -0.226952 
1489 -0.169972 
1490 -0.169972 
1491 -0.169972 
1492 -0.169972 
1493 -0.169972 
1494 -0.323750 
1495 -0.323750 
1496 -0.323750 
1497 -0.323750 
1498 0.442351 
1499 0.442351 
1500 -0.203776 
1501 -0.203776 
1502 -0.203776 
1503 0.325858 
1504 0.319530 
1505 0.319530 
1506 0.319530 
1507 0.319530 
1508 0.319530 
1509 0.319530 
1510 -0.284078 
1511 -0.284078 
1512 -0.221568 
1513 -0.221568 
1514 0.011595 
1515 0.011595 
1516 0.011595 
1517 0.011595 
1518 0.011595 
1519 0.011595 
1520 -0.298891 
1521 -0.298891 
1522 -0.298891 
1523 -0.298891 
1524 -0.278673 
1525 -0.278673 
1526 -0.442227 
1527 -0.442227 
1528 -0.442227 
1529 -0.442227 
1530 -0.442227 
1531 -0.442227 
1532 0.414694 
1533 0.414694 
1534 0.414694 
1535 0.414694 
1536 -0.332457 
1537 -0.332457 
1538 -0.332457 
1539 -0.332457 
1540 -0.319533 
1541 -0.319533 
1542 -0.319533 
1543 -0.319533 
1544 0.365518 
1545 0.365518 
1546 0.365518 
1547 0.365518 
1548 -0.036667 
1549 -0.036667 
1550 -0.036667 
1551 -0.036667 
1552 0.018242 
1553 0.018242 
1554 0.018242 
1555 0.018242 
1556 -0.176335 
1557 -0.176335 
1558 0.434843 
1559 0.434843 
1560 0.434843 
1561 0.434843 
1562 0.434843 
1563 0.434843 
1564 0.434843 
1565 0.322390 
1566 0.322390 
1567 0.322390 
1568 0.322390 
1569 -0.228854 
1570 -0.228854 
1571 -0.228854 
1572 -0.228854 
1573 -0.228854 
1574 0.319530 
1575 0.174121 
1576 0.174121 
1577 0.174121 
1578 0.174121 
1579 0.174121 
1580 0.174121 
1581 0.319530 
1582 0.319530 
1583 0.319530 
1584 0.319530 
1585 0.319530 
1586 0.319530 
1587 -0.439256 
1588 -0.439256 
1589 -0.439256 
1590 -0.439256 
1591 -0.033837 
1592 -0.033837 
1593 0.337364 
1594 0.337364 
1595 0.337364 
1596 0.337364 
1597 0.337364 
1598 0.337364 
1599 0.469486 
1600 0.469486 
1601 0.469486 
1602 0.469486 
1603 0.037669 
1604 0.037669 
1605 0.037669 
1606 0.037669 
1607 -0.238429 
1608 -0.238429 
1609 -0.238429 
1610 -0.238429 
1611 -0.170595 
1612 -0.170595 
1613 -0.170595 
1614 -0.170595 
1615 -0.035531 
1616 -0.035531 
1617 -0.035531 
1618 -0.035531 
1619 0.045652 
1620 0.045652 
1621 0.045652 
1622 0.045652 
1623 0.018689 
1624 0.018689 
1625 0.018689 
1626 0.018689 
1627 0.018689 
1628 -0.303991 
1629 -0.303991 
1630 0.174121 
1631 -0.363696 
1632 -0.363696 
1633 -0.363696 
1634 -0.363696 
1635 -0.363696 
1636 -0.363696 
1637 0.298751 
1638 0.298751 
1639 0.298751 
1640 0.298751 
1641 0.298751 
1642 -0.055027 
1643 -0.055027 
1644 -0.055027 
1645 -0.055027 
1646 -0.319849 
1647 -0.319849 
1648 -0.319849 
1649 -0.319849 
1650 0.078832 
1651 0.078832 
1652 0.078832 
1653 0.078832 
1654 -0.169782 
1655 -0.169782 
1656 0.007310 
1657 0.007310 
1658 0.007310 
1659 0.007310 
1660 0.007310 
1661 0.007310 
1662 0.007310 
1663 -0.470253 
1664 -0.470253 
1665 -0.470253 
1666 0.028786 
1667 0.028786 
1668 0.028786 
1669 0.028786 
1670 -0.185247 
1671 -0.185247 
1672 -0.185247 
1673 -0.185247 
1674 0.254536 
1675 0.254536 
1676 0.190530 
1677 0.190530 
1678 0.190530 
1679 0.190530 
1680 0.190530 
1681 -0.363696 
1682 0.063209 
1683 0.063209 
1684 0.063209 
1685 0.063209 
1686 0.063209 
1687 0.063209 
1688 -0.096518 
1689 -0.096518 
1690 -0.096518 
1691 -0.391763 
1692 -0.391763 
1693 -0.391763 
1694 -0.391763 
1695 0.258876 
1696 0.258876 
1697 0.258876 
1698 0.258876 
1699 0.258876 
1700 0.258876 
1701 -0.160135 
1702 -0.160135 
1703 -0.160135 
1704 -0.160135 
1705 0.066984 
1706 0.066984 
1707 0.066984 
1708 0.066984 
1709 -0.166308 
1710 -0.166308 
1711 -0.166308 
1712 -0.166308 
1713 0.188039 
1714 0.188039 
1715 0.188039 
1716 0.188039 
1717 -0.192831 
1718 -0.192831 
1719 -0.192831 
1720 -0.192831 
1721 -0.173992 
1722 -0.173992 
1723 -0.173992 
1724 -0.173992 
1725 0.386759 
1726 0.386759 
1727 0.491752 
1728 0.491752 
1729 0.491752 
1730 0.491752 
1731 0.491752 
1732 0.063209 
1733 -0.078513 
1734 -0.078513 
1735 -0.078513 
1736 -0.078513 
1737 -0.078513 
1738 -0.078513 
1739 0.061961 
1740 0.061961 
1741 0.061961 
1742 0.141521 
1743 0.141521 
1744 0.141521 
1745 0.141521 
1746 0.141521 
1747 0.141521 
1748 -0.102378 
1749 -0.102378 
1750 -0.102378 
1751 -0.102378 
1752 0.497243 
1753 0.497243 
1754 0.497243 
1755 0.497243 
1756 0.222421 
1757 0.222421 
1758 0.222421 
1759 0.222421 
1760 0.138820 
1761 0.138820 
1762 0.138820 
1763 0.138820 
1764 0.138820 
1765 -0.088558 
1766 -0.088558 
1767 -0.078513 
1768 -0.078513 
1769 -0.078513 
1770 -0.078513 
1771 -0.078513 
1772 -0.078513 
1773 -0.078513 
1774 -0.078513 
1775 -0.078513 
1776 -0.078513 
1777 -0.078513 
1778 -0.078513 
1779 -0.078513 
1780 -0.078513 
1781 -0.078513 
1782 -0.078513 
1783 -0.078513 
1784 -0.078513 
1785 -0.439256 
1786 -0.439256 
1787 -0.439256 
1788 -0.439256 
1789 -0.439256 
1790 -0.439256 
1791 0.459660 
1792 0.459660 
1793 0.459660 
1794 0.459660 
1795 0.462936 
1796 0.462936 
1797 0.462936 
1798 0.462936 
1799 0.462936 
1800 0.462936 
1801 -0.335182 
1802 -0.335182 
1803 -0.335182 
1804 -0.335182 
1805 0.419435 
1806 0.419435 
1807 0.419435 
1808 0.419435 
1809 -0.045094 
1810 -0.045094 
1811 -0.045094 
1812 -0.045094 
1813 0.285862 
1814 0.285862 
1815 -0.387122 
1816 -0.387122 
1817 -0.387122 
1818 -0.387122 
1819 -0.387122 
1820 -0.387122 
1821 0.442349 
1822 0.442349 
1823 0.442349 
1824 0.442349 
1825 0.041808 
1826 0.041808 
1827 0.041808 
1828 0.041808 
1829 0.431518 
1830 0.431518 
1831 0.431518 
1832 0.431518 
1833 0.228971 
1834 0.228971 
1835 0.228971 
1836 0.228971 
1837 0.093282 
1838 0.093282 
1839 0.093282 
1840 0.093282 
1841 0.189147 
1842 0.189147 
1843 0.499120 
1844 0.499120 
1845 0.499120 
1846 0.499120 
1847 0.499120 
1848 -0.439256 
1849 0.001940 
1850 0.001940 
1851 0.001940 
1852 0.001940 
1853 0.001940 
1854 0.001940 
1855 0.001940 
1856 0.001940 
1857 0.001940 
1858 0.001940 
1859 0.001940 
1860 0.001940 
1861 0.001940 
1862 0.016464 
1863 0.016464 
1864 0.016464 
1865 0.016464 
1866 0.016464 
1867 0.016464 
1868 0.365518 
1869 0.365518 
1870 0.365518 
1871 0.365518 
1872 -0.036667 
1873 -0.036667 
1874 -0.036667 
1875 -0.036667 
1876 0.018242 
1877 0.018242 
1878 0.018242 
1879 0.018242 
1880 0.001940 
1881 0.001940 
1882 0.001940 
1883 0.001940 
1884 0.001940 
1885 0.001940 
1886 -0.176335 
1887 -0.176335 
1888 -0.176335 
1889 -0.176335 
1890 -0.150589 
1891 -0.150589 
1892 -0.171249 
1893 -0.171249 
1894 -0.171249 
1895 -0.171249 
1896 -0.171249 
1897 -0.171249 
1898 -0.171249 
1899 0.073749 
1900 0.193355 
1901 0.193355 
1902 0.193355 
1903 0.193355 
1904 0.193355 
1905 0.001940 
1906 0.055572 
1907 0.055572 
1908 0.055572 
1909 0.055572 
1910 0.055572 
1911 0.055572 
1912 0.392447 
1913 -0.144814 
1914 -0.144814 
1915 -0.144814 
1916 -0.144814 
1917 -0.213930 
1918 -0.213930 
1919 -0.213930 
1920 -0.213930 
1921 -0.121468 
1922 -0.121468 
1923 -0.121468 
1924 -0.121468 
1925 0.383856 
1926 0.383856 
1927 -0.212276 
1928 -0.212276 
1929 -0.212276 
1930 -0.212276 
1931 -0.212276 
1932 -0.212276 
1933 -0.212276 
1934 -0.266759 
1935 -0.266759 
1936 -0.266759 
1937 -0.114182 
1938 -0.114182 
1939 -0.114182 
1940 -0.114182 
1941 -0.239140 
1942 -0.239140 
1943 -0.239140 
1944 -0.239140 
1945 -0.467894 
1946 -0.467894 
1947 -0.467894 
1948 -0.467894 
1949 -0.142492 
1950 -0.142492 
1951 -0.142492 
1952 -0.142492 
1953 -0.242560 
1954 -0.242560 
1955 -0.242560 
1956 0.055572 
1957 0.361589 
1958 0.361589 
1959 0.361589 
1960 0.361589 
1961 0.361589 
1962 0.361589 
1963 0.046938 
1964 0.046938 
1965 0.046938 
1966 -0.407859 
1967 -0.407859 
1968 -0.407859 
1969 -0.407859 
1970 -0.407859 
1971 -0.407859 
1972 0.008843 
1973 0.008843 
1974 0.008843 
1975 0.008843 
1976 -0.201900 
1977 -0.201900 
1978 -0.201900 
1979 -0.201900 
1980 -0.414177 
1981 -0.414177 
1982 -0.414177 
1983 -0.414177 
1984 -0.110080 
1985 -0.110080 
1986 -0.110080 
1987 -0.110080 
1988 -0.326517 
1989 -0.326517 
1990 -0.326517 
1991 -0.326517 
1992 -0.441592 
1993 -0.441592 
1994 -0.441592 
1995 -0.441592 
1996 0.055519 
1997 0.055519 
1998 0.392447 
1999 0.392447 
2000 0.392447 
2001 0.392447 
2002 0.392447 
2003 0.392447 
2004 -0.073312 
2005 -0.073312 
2006 -0.073312 
2007 0.361589 
2008 -0.015384 
2009 -0.015384 
2010 -0.015384 
2011 -0.015384 
2012 -0.015384 
2013 -0.015384 
2014 -0.222785 
2015 -0.089597 
2016 -0.089597 
2017 -0.089597 
2018 -0.089597 
2019 -0.282379 
2020 -0.282379 
2021 -0.282379 
2022 -0.282379 
2023 -0.136670 
2024 -0.136670 
2025 -0.136670 
2026 -0.136670 
2027 -0.303991 
2028 -0.303991 
2029 -0.303991 
2030 -0.303991 
2031 -0.242560 
2032 -0.242560 
2033 -0.285820 
2034 -0.285820 
2035 -0.285820 
2036 -0.285820 
2037 -0.285820 
2038 -0.285820 
2039 -0.248631 
2040 -0.248631 
2041 -0.248631 
2042 -0.248631 
2043 -0.320148 
2044 -0.320148 
2045 -0.040700 
2046 -0.040700 
2047 -0.040700 
2048 -0.040700 
2049 -0.040700 
2050 -0.040700 
2051 0.017704 
2052 0.017704 
2053 0.017704 
2054 0.017704 
2055 0.082500 
2056 0.082500 
2057 0.082500 
2058 -0.015384 
2059 -0.123174 
2060 -0.123174 
2061 -0.123174 
2062 -0.123174 
2063 -0.123174 
2064 -0.123174 
2065 -0.151851 
2066 -0.151851 
2067 -0.151851 
2068 -0.151851 
2069 -0.151851 
2070 -0.151851 
2071 -0.115539 
2072 -0.115539 
2073 -0.115539 
2074 -0.132139 
2075 -0.132139 
2076 -0.132139 
2077 -0.132139 
2078 -0.335182 
2079 -0.335182 
2080 -0.335182 
2081 -0.335182 
2082 0.301279 
2083 0.301279 
2084 0.301279 
2085 0.301279 
2086 0.089144 
2087 0.089144 
2088 0.089144 
2089 0.089144 
2090 0.138919 
2091 0.138919 
2092 0.138919 
2093 0.138919 
2094 -0.351029 
2095 -0.351029 
2096 0.407754 
2097 0.407754 
2098 0.407754 
2099 0.407754 
2100 0.407754 
2101 0.407754 
2102 0.407754 
2103 -0.233583 
2104 -0.233583 
2105 -0.233583 
2106 -0.233583 
2107 -0.233583 
2108 -0.233583 
2109 -0.233583 
2110 -0.123174 
2111 0.304595 
2112 0.304595 
2113 0.304595 
2114 0.304595 
2115 0.304595 
2116 0.304595 
2117 -0.493923 
2118 -0.493923 
2119 -0.493923 
2120 -0.493923 
2121 -0.493923 
2122 -0.493923 
2123 0.062810 
2124 0.062810 
2125 0.062810 
2126 0.062810 
2127 0.296225 
2128 0.296225 
2129 0.296225 
2130 0.296225 
2131 0.172512 
2132 0.172512 
2133 0.172512 
2134 0.172512 
2135 -0.139193 
2136 -0.139193 
2137 -0.139193 
2138 0.461119 
2139 0.461119 
2140 0.461119 
2141 0.461119 
2142 0.461119 
2143 0.461119 
2144 0.184009 
2145 0.184009 
2146 0.184009 
2147 0.184009 
2148 0.313056 
2149 0.313056 
2150 0.313056 
2151 0.313056 
2152 0.055848 
2153 0.055848 
2154 0.055848 
2155 0.055848 
2156 0.154650 
2157 0.154650 
2158 0.154650 
2159 0.154650 
2160 0.154650 
2161 0.304595 
2162 -0.080708 
2163 -0.080708 
2164 -0.080708 
2165 -0.080708 
2166 -0.080708 
2167 -0.080708 
2168 -0.441355 
2169 -0.441355 
2170 -0.441355 
2171 -0.441355 
2172 -0.441355 
2173 -0.441355 
2174 -0.281890 
2175 -0.281890 
2176 -0.281890 
2177 -0.281890 
2178 0.371438 
2179 0.371438 
2180 0.371438 
2181 0.371438 
2182 0.010373 
2183 0.010373 
2184 0.010373 
2185 0.010373 
2186 -0.317538 
2187 -0.317538 
2188 -0.390709 
2189 -0.390709 
2190 -0.390709 
2191 -0.390709 
2192 -0.390709 
2193 -0.390709 
2194 -0.066932 
2195 -0.066932 
2196 -0.066932 
2197 -0.066932 
2198 0.264458 
2199 0.264458 
2200 0.264458 
2201 0.264458 
2202 -0.363696 
2203 -0.363696 
2204 -0.363696 
2205 -0.363696 
2206 -0.363696 
2207 0.298751 
2208 0.298751 
2209 0.298751 
2210 0.298751 
2211 0.298751 
2212 -0.080708 
2213 0.464632 
2214 0.464632 
2215 0.464632 
2216 0.464632 
2217 0.464632 
2218 0.464632 
2219 -0.055027 
2220 -0.055027 
2221 -0.055027 
2222 -0.055027 
2223 0.132283 
2224 0.132283 
2225 0.132283 
2226 0.132283 
2227 -0.087519 
2228 -0.087519 
2229 -0.087519 
2230 -0.087519 
2231 0.347235 
2232 0.347235 
2233 0.347235 
2234 0.347235 
2235 -0.355925 
2236 -0.355925 
2237 0.436926 
2238 0.436926 
2239 0.436926 
2240 0.436926 
2241 0.436926 
2242 0.436926 
2243 0.436926 
2244 -0.181117 
2245 -0.181117 
2246 -0.181117 
2247 -0.181117 
2248 -0.404672 
2249 -0.404672 
2250 -0.404672 
2251 -0.404672 
2252 0.143825 
2253 0.143825 
2254 0.143825 
2255 0.143825 
2256 -0.474978 
2257 -0.474978 
2258 -0.474978 
2259 -0.474978 
2260 -0.366875 
2261 -0.366875 
2262 -0.366875 
2263 0.464632 
2264 0.211158 
2265 0.211158 
2266 0.211158 
2267 0.211158 
2268 0.211158 
2269 0.211158 
2270 0.115326 
2271 0.115326 
2272 0.115326 
2273 0.115326 
2274 0.115326 
2275 0.115326 
2276 -0.089433 
2277 -0.089433 
2278 -0.089433 
2279 -0.089433 
2280 -0.089433 
2281 -0.089433 
2282 0.134865 
2283 0.134865 
2284 0.134865 
2285 0.134865 
2286 0.339737 
2287 0.339737 
2288 0.339737 
2289 0.339737 
2290 -0.282511 
2291 -0.282511 
2292 -0.282511 
2293 -0.282511 
2294 0.459874 
2295 0.459874 
2296 0.459874 
2297 0.459874 
2298 -0.027538 
2299 -0.027538 
2300 -0.027538 
2301 -0.027538 
2302 -0.171249 
2303 -0.171249 
2304 0.234632 
2305 0.234632 
2306 0.234632 
2307 0.234632 
2308 0.234632 
2309 0.234632 
2310 0.234632 
2311 0.211158 
2312 0.211158 
2313 0.211158 
2314 0.211158 
2315 0.419435 
2316 0.419435 
2317 0.419435 
2318 0.419435 
2319 0.419435 
2320 0.419435 
2321 0.266568 
2322 0.266568 
2323 0.266568 
2324 0.266568 
2325 0.266568 
2326 0.266568 
2327 0.271120 
2328 0.271120 
2329 0.271120 
2330 0.271120 
2331 -0.220857 
2332 -0.220857 
2333 -0.220857 
2334 -0.220857 
2335 0.384247 
2336 0.384247 
2337 0.384247 
2338 0.384247 
2339 -0.014483 
2340 -0.014483 
2341 -0.014483 
2342 -0.014483 
2343 -0.014483 
2344 -0.014483 
2345 -0.014483 
2346 -0.159241 
2347 -0.159241 
2348 -0.159241 
2349 -0.159241 
2350 0.287782 
2351 0.287782 
2352 0.287782 
2353 0.287782 
2354 -0.311665 
2355 -0.311665 
2356 -0.311665 
2357 -0.311665 
2358 0.444837 
2359 0.444837 
2360 0.444837 
2361 0.444837 
2362 0.302195 
2363 0.302195 
2364 0.302195 
2365 0.302195 
2366 -0.302436 
2367 -0.302436 
2368 -0.302436 
2369 -0.302436 
2370 -0.302436 
2371 0.419435 
2372 -0.011783 
2373 -0.011783 
2374 -0.011783 
2375 -0.011783 
2376 -0.011783 
2377 -0.011783 
2378 -0.068498 
2379 -0.068498 
2380 -0.068498 
2381 -0.068498 
2382 -0.133544 
2383 -0.133544 
2384 0.110039 
2385 0.110039 
2386 0.110039 
2387 0.110039 
2388 0.110039 
2389 0.110039 
2390 -0.032712 
2391 -0.032712 
2392 -0.032712 
2393 -0.032712 
2394 -0.378203 
2395 -0.378203 
2396 -0.378203 
2397 -0.378203 
2398 0.044376 
2399 0.044376 
2400 0.044376 
2401 0.044376 
2402 -0.042560 
2403 -0.042560 
2404 -0.042560 
2405 -0.042560 
2406 -0.497405 
2407 -0.497405 
2408 -0.497405 
2409 -0.497405 
2410 -0.497405 
2411 -0.497405 
2412 -0.497405 
2413 -0.052717 
2414 -0.052717 
2415 -0.052717 
2416 -0.052717 
2417 0.032930 
2418 0.032930 
2419 0.032930 
2420 0.032930 
2421 0.032930 
2422 -0.011783 
2423 -0.409263 
2424 -0.409263 
2425 -0.409263 
2426 -0.409263 
2427 -0.409263 
2428 -0.409263 
2429 -0.197875 
2430 -0.197875 
2431 -0.197875 
2432 -0.197875 
2433 -0.197875 
2434 -0.197875 
2435 0.236779 
2436 0.236779 
2437 0.236779 
2438 0.236779 
2439 0.001940 
2440 0.001940 
2441 -0.109338 
2442 -0.109338 
2443 -0.109338 
2444 -0.109338 
2445 -0.109338 
2446 -0.109338 
2447 -0.113697 
2448 -0.113697 
2449 -0.113697 
2450 -0.113697 
2451 -0.148171 
2452 -0.148171 
2453 -0.148171 
2454 -0.148171 
2455 -0.048743 
2456 -0.048743 
2457 -0.048743 
2458 -0.048743 
2459 -0.470321 
2460 -0.470321 
2461 -0.470321 
2462 -0.470321 
2463 -0.284802 
2464 -0.284802 
2465 -0.284802 
2466 -0.284802 
2467 0.263509 
2468 0.263509 
2469 0.263509 
2470 0.263509 
2471 -0.089597 
2472 -0.089597 
2473 -0.089597 
2474 -0.409263 
2475 0.285862 
2476 0.285862 
2477 0.285862 
2478 0.285862 
2479 0.285862 
2480 0.285862 
2481 0.063209 
2482 0.063209 
2483 0.063209 
2484 0.063209 
2485 0.063209 
2486 0.055572 
2487 0.055572 
2488 0.055572 
2489 0.055572 
2490 -0.015384 
2491 -0.015384 
2492 -0.015384 
2493 -0.015384 
2494 0.348718 
2495 0.348718 
2496 0.348718 
2497 0.348718 
2498 0.302993 
2499 0.302993 
2500 0.302993 
2501 0.302993 
2502 0.030021 
2503 0.030021 
2504 0.030021 
2505 0.030021 
2506 0.325858 
2507 0.325858 
2508 -0.326176 
2509 -0.326176 
2510 -0.326176 
2511 -0.326176 
2512 -0.326176 
2513 -0.326176 
2514 -0.469851 
2515 -0.469851 
2516 -0.469851 
2517 -0.469851 
2518 -0.356382 
2519 -0.356382 
2520 -0.356382 
2521 -0.356382 
2522 -0.356382 
2523 -0.169972 
2524 0.285862 
2525 0.300186 
2526 0.300186 
2527 0.300186 
2528 0.300186 
2529 0.300186 
2530 0.300186 
2531 0.460645 
2532 0.460645 
2533 0.460645 
2534 0.460645 
2535 0.460645 
2536 -0.415268 
2537 -0.415268 
2538 -0.415268 
2539 -0.415268 
2540 0.144728 
2541 0.144728 
2542 0.144728 
2543 0.144728 
2544 0.131716 
2545 0.131716 
2546 0.131716 
2547 0.131716 
2548 0.131716 
2549 0.131716 
2550 -0.138605 
2551 -0.138605 
2552 -0.138605 
2553 -0.138605 
2554 0.124455 
2555 0.124455 
2556 0.124455 
2557 0.124455 
2558 -0.290259 
2559 -0.290259 
2560 -0.290259 
2561 -0.290259 
2562 0.202381 
2563 0.202381 
2564 0.202381 
2565 0.202381 
2566 0.327316 
2567 0.327316 
2568 0.327316 
2569 0.327316 
2570 0.272363 
2571 0.272363 
2572 0.272363 
2573 0.272363 
2574 0.272363 
2575 0.300186 
2576 -0.042372 
2577 -0.042372 
2578 -0.042372 
2579 -0.042372 
2580 -0.042372 
2581 -0.042372 
2582 0.176734 
2583 0.176734 
2584 0.176734 
2585 0.176734 
2586 0.176734 
2587 -0.394064 
2588 -0.394064 
2589 -0.394064 
2590 -0.394064 
2591 0.228971 
2592 0.228971 
2593 0.228971 
2594 0.228971 
2595 0.093282 
2596 0.093282 
2597 0.066217 
2598 0.066217 
2599 0.066217 
2600 0.066217 
2601 0.066217 
2602 0.066217 
2603 -0.120242 
2604 -0.120242 
2605 -0.120242 
2606 -0.120242 
2607 0.065029 
2608 0.065029 
2609 0.065029 
2610 0.065029 
2611 0.108943 
2612 0.108943 
2613 0.108943 
2614 0.108943 
2615 0.234632 
2616 0.234632 
2617 0.234632 
2618 0.234632 
2619 0.266568 
2620 0.266568 
2621 0.266568 
2622 0.266568 
2623 -0.097404 
2624 -0.097404 
2625 -0.097404 
2626 -0.042372 
2627 0.348718 
2628 0.348718 
2629 0.348718 
2630 0.348718 
2631 0.348718 
2632 0.348718 
2633 0.271120 
2634 0.271120 
2635 0.271120 
2636 0.271120 
2637 0.271120 
2638 -0.220857 
2639 -0.220857 
2640 -0.220857 
2641 -0.220857 
2642 0.384247 
2643 0.384247 
2644 0.384247 
2645 0.384247 
2646 -0.004629 
2647 -0.004629 
2648 -0.004629 
2649 -0.133544 
2650 -0.133544 
2651 -0.133544 
2652 -0.133544 
2653 -0.133544 
2654 -0.028259 
2655 -0.028259 
2656 -0.028259 
2657 -0.028259 
2658 -0.314731 
2659 -0.314731 
2660 -0.314731 
2661 -0.314731 
2662 0.067038 
2663 0.067038 
2664 0.067038 
2665 0.067038 
2666 0.076713 
2667 0.076713 
2668 0.076713 
2669 0.076713 
2670 -0.402582 
2671 -0.402582 
2672 -0.402582 
2673 -0.402582 
2674 -0.319849 
2675 -0.319849 
2676 -0.319849 
2677 0.348718 
2678 0.036702 
2679 0.036702 
2680 0.036702 
2681 0.036702 
2682 0.036702 
2683 0.036702 
2684 0.468826 
2685 0.468826 
2686 0.468826 
2687 0.468826 
2688 0.468826 
2689 -0.098472 
2690 -0.098472 
2691 -0.098472 
2692 -0.098472 
2693 0.042097 
2694 0.042097 
2695 -0.348552 
2696 -0.348552 
2697 -0.348552 
2698 -0.348552 
2699 -0.348552 
2700 -0.348552 
2701 0.335570 
2702 0.335570 
2703 0.335570 
2704 0.335570 
2705 0.105361 
2706 0.105361 
2707 0.105361 
2708 0.105361 
2709 -0.417646 
2710 -0.417646 
2711 -0.417646 
2712 -0.417646 
2713 -0.065868 
2714 -0.065868 
2715 -0.065868 
2716 -0.065868 
2717 -0.198459 
2718 -0.198459 
2719 -0.198459 
2720 -0.198459 
2721 0.361589 
2722 0.361589 
2723 0.361589 
2724 0.361589 
2725 0.287782 
2726 0.287782 
2727 0.287782 
2728 0.287782 
2729 0.287782 
2730 0.036702 
2731 0.340553 
2732 0.340553 
2733 0.340553 
2734 0.340553 
2735 0.340553 
2736 0.340553 
2737 0.340553 
2738 0.340553 
2739 -0.197875 
2740 -0.197875 
2741 -0.197875 
2742 -0.197875 
2743 -0.197875 
2744 -0.197875 
2745 -0.197875 
2746 -0.197875 
2747 -0.197875 
2748 -0.197875 
2749 -0.197875 
2750 -0.197875 
2751 -0.197875 
2752 -0.197875 
2753 -0.197875 
2754 -0.197875 
2755 -0.197875 
2756 -0.197875 
2757 -0.197875 
2758 -0.014483 
2759 0.050236 
2760 0.050236 
2761 -0.159241 
2762 0.287782 
2763 -0.197875 
2764 -0.394858 
2765 -0.394858 
2766 0.268351 
2767 0.268351 
2768 -0.197875 
2769 -0.197875 
2770 -0.011234 
2771 -0.011234 
2772 -0.040700 
2773 -0.040700 
2774 0.017704 
2775 0.017704 
2776 -0.151851 
2777 -0.151851 
2778 -0.197875 
2779 -0.197875 
2780 -0.197875 
2781 -0.197875 
2782 -0.197875 
2783 -0.197875 
2784 -0.197875 
2785 -0.197875 
2786 -0.197875 
2787 -0.197875 
2788 -0.197875 
2789 -0.197875 
2790 -0.197875 
2791 -0.197875 
2792 0.154650 
2793 0.154650 
2794 0.154650 
2795 0.154650 
2796 0.154650 
2797 0.154650 
2798 0.154650 
2799 0.154650 
2800 0.154650 
2801 0.154650 
2802 0.154650 
2803 0.154650 
2804 0.154650 
2805 0.154650 
2806 0.154650 
2807 0.154650 
2808 0.154650 
2809 -0.089433 
2810 0.134865 
2811 0.339737 
2812 0.154650 
2813 0.154650 
2814 0.154650 
2815 0.154650 
2816 -0.282511 
2817 -0.388457 
2818 -0.311665 
2819 -0.289024 
2820 0.337361 
2821 0.337361 
2822 0.337361 
2823 0.337361 
2824 0.337361 
2825 0.337361 
2826 0.459874 
2827 -0.027538 
2828 0.322390 
2829 -0.192228 
2830 -0.192228 
2831 -0.192228 
2832 -0.192228 
2833 -0.192228 
2834 -0.192228 
2835 -0.192228 
2836 -0.192228 
2837 -0.192228 
2838 -0.192228 
2839 -0.192228 
2840 -0.192228 
2841 0.322390 
2842 0.322390 
2843 0.322390 
2844 0.322390 
2845 0.322390 
2846 0.322390 
2847 -0.033837 
2848 -0.192831 
2849 -0.173992 
2850 0.386759 
2851 -0.285820 
2852 -0.248631 
2853 -0.320148 
2854 0.030323 
2855 -0.350965 
2856 0.012868 
2857 -0.481973 
2858 0.032930 
2859 -0.078513 
2860 -0.123174 
2861 0.304595 
2862 0.211158 
2863 -0.409263 
2864 -0.448351 
2865 -0.197721 
2866 -0.080708 
2867 0.464632 
2868 -0.011783 
2869 0.209405 
2870 0.081677 
2871 0.022432 
2872 0.443554 
2873 0.081414 
2874 0.082740 
2875 -0.056529 
2876 -0.407859 
2877 0.008843 
2878 -0.201900 
2879 -0.414177 
2880 -0.110080 
2881 -0.326517 
2882 -0.441592 
2883 0.055519 
2884 0.302195 
2885 -0.441758 
2886 0.176345 
2887 0.175299 
2888 0.444837 
2889 0.218607 
2890 0.176345 
2891 0.176345 
2892 -0.291578 
2893 0.326081 
2894 -0.006589 
2895 0.417490 
2896 -0.008949 
2897 0.462936 
2898 -0.497405 
2899 -0.052717 
2900 -0.441758 
2901 0.302195 
2902 0.143214 
2903 -0.429163 
2904 -0.235998 
2905 0.154688 
2906 0.172576 
2907 0.145368 
2908 0.236779 
2909 0.236779 
2910 0.381875 
2911 0.141795 
2912 0.176345 
2913 0.176345 
2914 -0.064879 
2915 0.023607 
2916 -0.064879 
2917 0.337361 
2918 0.337361 
2919 0.050236 
2920 -0.064879 
2921 -0.394858 
2922 0.268351 
2923 -0.064879 
2924 -0.011234 
2925 0.488863 
2926 0.236779 
2927 0.236779 
2928 0.236779 
2929 0.145368 
2930 0.236779 
2931 0.145368 
2932 0.236779 
2933 0.145368 
2934 0.145368 
2935 -0.429163 
2936 0.236779 
2937 -0.429163 
2938 -0.429163 
2939 0.134656 
2940 0.134656 
2941 0.134656 
2942 0.134656 
2943 0.134656 
2944 0.236779 
2945 0.488863 
2946 0.145368 
2947 -0.429163 
2948 -0.429163 
2949 0.236779 
2950 -0.429163 
2951 0.236779 
2952 0.236779 
2953 0.236779 
2954 -0.429163 
2955 -0.429163 
2956 0.236779 
2957 0.236779 
2958 0.323050 
2959 -0.429163 
2960 0.323050 
2961 0.323050 
2962 0.488863 
2963 -0.136670 
2964 0.326081 
2965 0.326081 
2966 0.326081 
2967 0.326081 
2968 0.326081 
2969 0.326081 
2970 0.326081 
2971 0.326081 
2972 -0.097433 
2973 -0.235998 
2974 0.190530 
2975 -0.096518 
2976 -0.475066 
2977 -0.279149 
2978 0.145368 
2979 -0.343749 
2980 0.262548 
2981 -0.325722 
2982 0.129125 
2983 -0.294766 
2984 0.360449 
2985 0.153149 
2986 -0.429972 
2987 -0.377240 
2988 0.141795 
2989 0.023607 
2990 -0.136670 
2991 -0.136670 
2992 -0.136670 
2993 -0.136670 
2994 -0.136670 
2995 -0.136670 
2996 0.067038 
2997 0.236779 
2998 0.098006 
2999 0.409112 
3000 -0.330154 
3001 0.067038 
3002 -0.055207 
3003 0.236779 
3004 0.236779 
3005 0.236779 
3006 -0.439526 
3007 0.488863 
3008 0.095388 
3009 0.095388 
3010 0.095388 
3011 0.145368 
3012 0.067038 
3013 0.236779 
3014 -0.314731 
3015 -0.330154 
3016 -0.429163 
3017 -0.382829 
3018 0.172576 
3019 0.236779 
3020 0.172576 
3021 0.172576 
3022 -0.287121 
3023 -0.330154 
3024 0.488863 
3025 0.095388 
3026 0.095388 
3027 0.172576 
3028 -0.314731 
3029 0.172576 
3030 -0.265107 
