958 1
0 0.392210 
1 -0.376406 
2 0.476879 
3 -0.423125 
4 0.298117 
5 -0.248089 
6 -0.301847 
7 -0.083742 
8 -0.450992 
9 0.156191 
10 -0.024501 
11 0.373295 
12 -0.196841 
13 0.199632 
14 -0.398749 
15 -0.326781 
16 -0.384527 
17 -0.451570 
18 0.135876 
19 -0.421623 
20 0.056492 
21 -0.141892 
22 0.460712 
23 -0.423125 
24 -0.460110 
25 0.298117 
26 0.305020 
27 -0.301847 
28 0.156191 
29 -0.196841 
30 -0.318178 
31 0.058431 
32 0.074190 
33 -0.476032 
34 -0.326781 
35 0.326704 
36 0.403509 
37 0.055375 
38 -0.266894 
39 0.452806 
40 0.319880 
41 0.167118 
42 -0.042963 
43 -0.384527 
44 0.323389 
45 0.368642 
46 -0.421623 
47 -0.460110 
48 0.429425 
49 0.055375 
50 0.206552 
51 -0.047750 
52 -0.214266 
53 0.121967 
54 -0.291485 
55 -0.168586 
56 -0.327768 
57 -0.436689 
58 0.381543 
59 -0.197945 
60 -0.042963 
61 0.368642 
62 -0.149590 
63 -0.281762 
64 -0.182382 
65 0.299538 
66 0.078930 
67 0.206552 
68 0.358521 
69 0.219140 
70 -0.346432 
71 -0.323459 
72 -0.424228 
73 -0.452727 
74 0.283735 
75 0.042267 
76 0.334313 
77 0.488334 
78 -0.370161 
79 0.309051 
80 0.076343 
81 0.212502 
82 0.132141 
83 -0.156029 
84 0.319792 
85 0.208259 
86 -0.340120 
87 0.344054 
88 -0.225588 
89 0.305440 
90 -0.373402 
91 -0.498332 
92 0.221111 
93 -0.362069 
94 0.048710 
95 -0.282498 
96 -0.305253 
97 -0.064488 
98 -0.311629 
99 0.429175 
100 -0.341812 
101 -0.441668 
102 0.300473 
103 0.318346 
104 -0.196917 
105 -0.273076 
106 -0.248911 
107 0.174473 
108 0.449326 
109 0.459207 
110 -0.433417 
111 -0.431240 
112 0.316631 
113 0.080056 
114 0.452308 
115 0.272292 
116 0.286033 
117 0.006911 
118 0.228122 
119 -0.056122 
120 0.377254 
121 0.414026 
122 0.187177 
123 -0.474061 
124 -0.256545 
125 -0.146680 
126 0.401297 
127 -0.323459 
128 0.144561 
129 0.305440 
130 -0.060286 
131 -0.056065 
132 0.046807 
133 -0.381545 
134 0.318597 
135 0.000040 
136 -0.136633 
137 -0.231886 
138 0.300473 
139 0.341123 
140 -0.196917 
141 -0.068383 
142 0.199804 
143 0.380742 
144 -0.359793 
145 -0.174403 
146 0.078744 
147 0.008850 
148 -0.205379 
149 -0.232298 
150 0.449326 
151 0.108957 
152 -0.433417 
153 0.241421 
154 -0.465230 
155 0.373295 
156 0.201601 
157 0.024836 
158 -0.185664 
159 -0.433981 
160 -0.398749 
161 -0.410705 
162 -0.248089 
163 0.429175 
164 -0.070474 
165 0.133934 
166 -0.226116 
167 -0.024501 
168 0.167118 
169 -0.146680 
170 -0.341812 
171 0.349256 
172 -0.182382 
173 0.078930 
174 -0.370161 
175 -0.038563 
176 0.318597 
177 -0.013203 
178 -0.068383 
179 0.212502 
180 -0.373402 
181 -0.441668 
182 0.301027 
183 0.380742 
184 0.495556 
185 -0.311524 
186 -0.395502 
187 0.133934 
188 -0.429410 
189 -0.226116 
190 0.349256 
191 0.057009 
192 -0.139865 
193 0.318346 
194 0.286649 
195 0.174473 
196 0.006911 
197 0.459207 
198 -0.056122 
199 0.321521 
200 0.272292 
201 0.183230 
202 0.300021 
203 0.395808 
204 -0.455011 
205 0.057009 
206 0.321521 
207 0.272691 
208 0.429175 
209 0.317454 
210 -0.161757 
211 0.187177 
212 -0.060286 
213 0.144561 
214 -0.111315 
215 -0.341812 
216 0.000040 
217 -0.056065 
218 0.293339 
219 -0.381545 
220 0.318346 
221 -0.203030 
222 -0.227484 
223 0.201601 
224 0.174473 
225 -0.433981 
226 0.006911 
227 0.354540 
228 -0.150159 
229 0.247770 
230 -0.203030 
231 -0.231886 
232 -0.056122 
233 -0.359793 
234 -0.109670 
235 0.187177 
236 0.351364 
237 0.144561 
238 0.304476 
239 -0.222741 
240 0.003662 
241 -0.056065 
242 0.281358 
243 -0.227484 
244 -0.381545 
245 -0.400062 
246 -0.231886 
247 -0.069339 
248 -0.161217 
249 -0.359793 
250 0.354540 
251 0.304982 
252 -0.205379 
253 -0.418868 
254 -0.450992 
255 -0.451570 
256 -0.109670 
257 0.460712 
258 0.305020 
259 0.351364 
260 0.304476 
261 -0.153503 
262 -0.329461 
263 -0.207247 
264 -0.205379 
265 -0.232298 
266 -0.222741 
267 -0.318178 
268 0.003662 
269 -0.169508 
270 0.074190 
271 -0.279011 
272 -0.400062 
273 -0.232298 
274 -0.069339 
275 0.108957 
276 0.373295 
277 -0.161217 
278 0.006129 
279 0.364043 
280 0.108957 
281 -0.398749 
282 0.216170 
283 0.170043 
284 -0.454839 
285 0.389428 
286 0.175504 
287 0.327905 
288 -0.418868 
289 0.006129 
290 0.389337 
291 -0.193873 
292 0.319792 
293 0.319792 
294 -0.248911 
295 0.174473 
296 0.208259 
297 0.344054 
298 0.208259 
299 -0.196917 
300 -0.248911 
301 0.174473 
302 0.449326 
303 -0.340120 
304 0.344054 
305 0.221111 
306 0.449326 
307 -0.273076 
308 -0.225588 
309 -0.498332 
310 -0.225588 
311 -0.433417 
312 -0.373402 
313 -0.433417 
314 0.048710 
315 0.048710 
316 -0.498332 
317 -0.431240 
318 0.316631 
319 0.080056 
320 0.459207 
321 0.221111 
322 -0.362069 
323 -0.273076 
324 0.452308 
325 0.272292 
326 -0.362069 
327 0.080056 
328 -0.431240 
329 -0.282498 
330 -0.150159 
331 0.286033 
332 0.006911 
333 -0.305253 
334 -0.282498 
335 0.228122 
336 -0.056122 
337 -0.305253 
338 0.377254 
339 -0.064488 
340 -0.064488 
341 0.414026 
342 -0.311629 
343 -0.311629 
344 -0.341812 
345 -0.441668 
346 -0.196917 
347 0.300473 
348 0.429175 
349 -0.441668 
350 0.318346 
351 0.187177 
352 -0.341812 
353 -0.256545 
354 0.300473 
355 -0.256545 
356 -0.036753 
357 0.226849 
358 -0.319427 
359 -0.146680 
360 0.401297 
361 -0.323459 
362 0.187177 
363 -0.351364 
364 0.401297 
365 -0.042368 
366 0.144561 
367 0.165337 
368 0.452308 
369 0.272292 
370 0.144561 
371 0.204915 
372 -0.146680 
373 -0.400462 
374 0.305440 
375 -0.281323 
376 -0.379472 
377 0.249124 
378 0.487702 
379 -0.060286 
380 -0.056065 
381 0.459207 
382 0.316631 
383 0.191457 
384 0.003244 
385 0.286033 
386 0.228122 
387 0.006911 
388 0.186951 
389 0.473730 
390 0.223476 
391 0.046807 
392 0.009497 
393 0.046807 
394 -0.381545 
395 -0.136633 
396 -0.072201 
397 -0.422296 
398 -0.381545 
399 0.318597 
400 0.000040 
401 0.300483 
402 0.060692 
403 -0.056065 
404 -0.231886 
405 -0.373100 
406 0.126192 
407 -0.048258 
408 -0.136633 
409 0.300473 
410 0.232200 
411 0.230434 
412 0.392210 
413 0.300473 
414 -0.056122 
415 0.377254 
416 0.381543 
417 0.488334 
418 -0.276901 
419 -0.196917 
420 0.341123 
421 0.414026 
422 -0.196917 
423 0.341123 
424 -0.474061 
425 0.355921 
426 -0.323459 
427 -0.068383 
428 -0.474061 
429 -0.148148 
430 0.360289 
431 -0.068383 
432 0.199804 
433 0.199804 
434 0.420133 
435 0.451549 
436 -0.278748 
437 0.380742 
438 0.008850 
439 0.305440 
440 0.380742 
441 0.008850 
442 -0.232298 
443 -0.205379 
444 0.492669 
445 -0.359793 
446 -0.174403 
447 0.078744 
448 -0.060286 
449 -0.305658 
450 0.108957 
451 0.309051 
452 -0.205379 
453 0.449326 
454 0.136152 
455 0.108957 
456 -0.433417 
457 -0.231886 
458 -0.333538 
459 0.318597 
460 0.451993 
461 -0.087351 
462 0.241421 
463 -0.142755 
464 0.000040 
465 0.241421 
466 0.373295 
467 0.010662 
468 -0.368627 
469 0.024836 
470 0.201601 
471 0.400235 
472 0.373295 
473 0.388234 
474 0.491781 
475 -0.465230 
476 0.318934 
477 -0.433417 
478 -0.433981 
479 -0.465230 
480 -0.028122 
481 -0.063583 
482 -0.273076 
483 -0.431240 
484 0.201601 
485 0.316631 
486 0.452308 
487 -0.174403 
488 0.078744 
489 -0.410705 
490 0.286033 
491 0.228122 
492 0.377254 
493 -0.410705 
494 -0.398749 
495 -0.474061 
496 -0.256545 
497 -0.323459 
498 -0.398749 
499 -0.359793 
500 0.133934 
501 -0.070474 
502 -0.248089 
503 0.429175 
504 0.305440 
505 0.300473 
506 -0.248089 
507 0.133934 
508 -0.070474 
509 -0.226116 
510 -0.196917 
511 0.449326 
512 -0.433417 
513 -0.146680 
514 -0.226116 
515 -0.024501 
516 -0.232298 
517 -0.248089 
518 -0.024501 
519 0.167118 
520 0.167118 
521 -0.146680 
522 0.449326 
523 -0.146680 
524 -0.182382 
525 0.078930 
526 -0.370161 
527 -0.341812 
528 -0.182382 
529 0.212502 
530 -0.341812 
531 0.349256 
532 -0.373402 
533 -0.182382 
534 -0.441668 
535 0.459207 
536 0.078930 
537 -0.433981 
538 0.272292 
539 0.078930 
540 -0.060286 
541 -0.185664 
542 0.024836 
543 0.000040 
544 0.201601 
545 -0.433981 
546 -0.185664 
547 -0.064625 
548 -0.072458 
549 0.186951 
550 -0.373402 
551 0.167118 
552 -0.024501 
553 -0.068383 
554 0.212502 
555 0.473730 
556 -0.441668 
557 0.429175 
558 0.223476 
559 -0.441668 
560 0.301027 
561 0.009497 
562 -0.072201 
563 -0.422296 
564 0.300483 
565 0.301027 
566 0.380742 
567 0.495556 
568 -0.311524 
569 0.133934 
570 -0.395502 
571 0.060692 
572 -0.395502 
573 -0.311524 
574 -0.373100 
575 0.126192 
576 -0.048258 
577 0.133934 
578 -0.371281 
579 -0.429410 
580 -0.068383 
581 -0.151307 
582 0.212502 
583 -0.373402 
584 0.349256 
585 -0.218925 
586 0.349256 
587 0.057652 
588 -0.006645 
589 0.349256 
590 -0.370161 
591 -0.327631 
592 -0.389402 
593 -0.139865 
594 0.318597 
595 0.318346 
596 -0.370161 
597 -0.250824 
598 -0.252511 
599 -0.038563 
600 0.318597 
601 -0.038563 
602 -0.013203 
603 0.102694 
604 -0.013203 
605 -0.139865 
606 0.318346 
607 0.286649 
608 -0.276901 
609 0.286649 
610 -0.253706 
611 -0.429410 
612 0.321521 
613 0.272292 
614 -0.226116 
615 0.057009 
616 0.126121 
617 -0.226116 
618 -0.087697 
619 0.057009 
620 0.183230 
621 0.300021 
622 0.041676 
623 0.057009 
624 0.380742 
625 -0.485239 
626 0.041420 
627 0.183230 
628 0.300021 
629 0.395808 
630 -0.455011 
631 0.495556 
632 0.321521 
633 -0.201657 
634 -0.021860 
635 -0.407200 
636 0.057009 
637 0.429175 
638 0.095155 
639 0.264757 
640 0.090085 
641 0.395808 
642 -0.455011 
643 0.272691 
644 0.331265 
645 -0.107526 
646 -0.482878 
647 -0.494856 
648 -0.435188 
649 0.317454 
650 0.321521 
651 -0.445261 
652 0.267058 
653 0.392210 
654 0.381543 
655 0.317454 
656 -0.161757 
657 0.321521 
658 0.272292 
659 0.488334 
660 0.309051 
661 0.187177 
662 0.459207 
663 0.136152 
664 -0.333538 
665 0.451993 
666 0.459207 
667 0.174473 
668 -0.087351 
669 0.174473 
670 -0.142755 
671 0.006911 
672 -0.056122 
673 0.010662 
674 0.006911 
675 0.136152 
676 -0.333538 
677 0.451993 
678 -0.056122 
679 -0.087351 
680 -0.142755 
681 0.187177 
682 0.010662 
683 -0.368627 
684 -0.161757 
685 -0.060286 
686 0.144561 
687 -0.227484 
688 0.144561 
689 0.400235 
690 0.388234 
691 -0.111315 
692 -0.341812 
693 0.491781 
694 0.318934 
695 -0.028122 
696 -0.111315 
697 -0.341812 
698 0.000040 
699 0.272691 
700 0.000040 
701 -0.056065 
702 -0.063583 
703 -0.064625 
704 -0.072458 
705 0.429175 
706 0.170043 
707 -0.454839 
708 0.389428 
709 0.175504 
710 -0.056065 
711 0.293339 
712 -0.381545 
713 0.318346 
714 0.327905 
715 -0.381545 
716 0.247770 
717 0.300021 
718 0.318346 
719 0.395808 
720 -0.203030 
721 -0.060286 
722 -0.455011 
723 0.272691 
724 0.317454 
725 -0.203030 
726 -0.227484 
727 -0.161757 
728 -0.111315 
729 -0.109670 
730 0.187177 
731 0.174473 
732 0.201601 
733 0.006911 
734 0.293339 
735 0.201601 
736 0.174473 
737 -0.433981 
738 -0.407200 
739 -0.433981 
740 0.006911 
741 0.293339 
742 0.095155 
743 0.247770 
744 0.264757 
745 0.090085 
746 0.144561 
747 0.354540 
748 0.331265 
749 -0.107526 
750 -0.482878 
751 -0.494856 
752 -0.435188 
753 -0.445261 
754 0.267058 
755 -0.203030 
756 -0.231886 
757 -0.203030 
758 -0.231886 
759 -0.109670 
760 -0.227484 
761 0.187177 
762 -0.389402 
763 -0.250824 
764 -0.252511 
765 0.351364 
766 0.144561 
767 -0.400062 
768 0.102694 
769 0.351364 
770 0.318597 
771 -0.068383 
772 0.304476 
773 0.354540 
774 -0.150159 
775 0.380742 
776 0.133934 
777 0.304476 
778 -0.222741 
779 -0.056122 
780 -0.150159 
781 -0.226116 
782 -0.222741 
783 0.003662 
784 0.349256 
785 -0.056122 
786 0.057009 
787 0.321521 
788 0.300021 
789 -0.359793 
790 0.395808 
791 0.003662 
792 -0.056065 
793 -0.359793 
794 -0.455011 
795 -0.056065 
796 0.281358 
797 0.272691 
798 -0.205379 
799 -0.227484 
800 -0.381545 
801 -0.418868 
802 -0.168586 
803 -0.197945 
804 -0.381545 
805 -0.400062 
806 -0.149590 
807 0.219140 
808 -0.231886 
809 -0.451570 
810 -0.424228 
811 -0.231886 
812 -0.452727 
813 0.283735 
814 -0.069339 
815 -0.161217 
816 0.042267 
817 -0.069339 
818 -0.161217 
819 0.334313 
820 0.132141 
821 -0.359793 
822 0.281358 
823 -0.225588 
824 -0.359793 
825 0.354540 
826 0.304982 
827 0.354540 
828 0.304982 
829 -0.205379 
830 -0.418868 
831 -0.362069 
832 -0.451570 
833 -0.305253 
834 0.355921 
835 -0.205379 
836 -0.450992 
837 -0.148148 
838 -0.450992 
839 0.360289 
840 0.420133 
841 0.451549 
842 0.460712 
843 0.305020 
844 -0.278748 
845 0.492669 
846 0.305020 
847 0.351364 
848 0.351364 
849 -0.305658 
850 -0.253706 
851 0.126121 
852 0.304476 
853 -0.153503 
854 -0.087697 
855 -0.153503 
856 -0.329461 
857 -0.329461 
858 -0.207247 
859 -0.205379 
860 0.041676 
861 -0.485239 
862 -0.207247 
863 0.041420 
864 -0.201657 
865 -0.021860 
866 -0.109670 
867 0.460712 
868 -0.109670 
869 0.232200 
870 0.230434 
871 -0.266894 
872 -0.232298 
873 -0.222741 
874 0.319880 
875 -0.222741 
876 -0.318178 
877 0.323389 
878 -0.318178 
879 0.003662 
880 0.074190 
881 0.003662 
882 0.304476 
883 0.429425 
884 0.121967 
885 -0.169508 
886 -0.069339 
887 -0.327768 
888 -0.232298 
889 -0.436689 
890 -0.346432 
891 -0.340120 
892 -0.279011 
893 0.221111 
894 0.048710 
895 -0.279011 
896 -0.282498 
897 -0.311629 
898 0.074190 
899 -0.400062 
900 -0.169508 
901 0.317454 
902 -0.161757 
903 -0.069339 
904 -0.111315 
905 -0.400062 
906 -0.232298 
907 0.293339 
908 0.108957 
909 0.006129 
910 -0.232298 
911 0.373295 
912 0.108957 
913 -0.273076 
914 0.108957 
915 0.006129 
916 -0.161217 
917 0.373295 
918 0.108957 
919 -0.431240 
920 0.316631 
921 -0.161217 
922 0.452308 
923 0.286033 
924 0.228122 
925 0.377254 
926 0.364043 
927 -0.474061 
928 0.364043 
929 -0.256545 
930 -0.398749 
931 -0.368627 
932 0.216170 
933 -0.398749 
934 0.400235 
935 0.216170 
936 0.388234 
937 0.491781 
938 0.318934 
939 -0.028122 
940 -0.063583 
941 -0.064625 
942 -0.072458 
943 0.186951 
944 0.473730 
945 0.223476 
946 0.009497 
947 -0.072201 
948 -0.422296 
949 -0.193873 
950 0.300483 
951 0.060692 
952 -0.193873 
953 -0.373100 
954 0.126192 
955 -0.048258 
956 0.232200 
957 0.230434 
