2314 1
0 -0.278373 
1 -0.301302 
2 -0.389515 
3 0.334562 
4 0.265834 
5 -0.349035 
6 -0.412955 
7 -0.021935 
8 0.220617 
9 -0.232325 
10 -0.032211 
11 -0.232325 
12 0.308292 
13 0.147842 
14 0.335358 
15 0.308292 
16 0.308292 
17 -0.339275 
18 -0.021935 
19 0.308292 
20 0.118513 
21 0.461639 
22 -0.339275 
23 0.425966 
24 -0.021935 
25 0.362980 
26 0.461639 
27 0.308292 
28 -0.477419 
29 0.346932 
30 0.213954 
31 0.408731 
32 0.338159 
33 -0.309152 
34 0.141075 
35 -0.288620 
36 0.335358 
37 0.308292 
38 -0.339275 
39 0.308292 
40 0.338159 
41 0.335358 
42 -0.220415 
43 -0.021935 
44 0.334562 
45 -0.232325 
46 0.066383 
47 0.089338 
48 0.334756 
49 -0.032211 
50 -0.308980 
51 0.302936 
52 -0.220415 
53 0.414959 
54 -0.339275 
55 0.410569 
56 -0.161478 
57 0.308292 
58 -0.305334 
59 -0.232325 
60 0.381987 
61 0.213954 
62 -0.161478 
63 -0.232325 
64 -0.032211 
65 0.324552 
66 0.308292 
67 0.137134 
68 -0.499909 
69 0.118513 
70 0.338159 
71 0.308292 
72 -0.343170 
73 -0.387918 
74 -0.305334 
75 -0.288620 
76 0.026904 
77 -0.232325 
78 -0.305334 
79 -0.161478 
80 -0.004724 
81 -0.499909 
82 -0.262181 
83 0.414959 
84 -0.120241 
85 0.308292 
86 -0.305334 
87 0.191611 
88 -0.186536 
89 -0.040672 
90 -0.305334 
91 -0.095540 
92 -0.021935 
93 0.464604 
94 -0.305334 
95 -0.349035 
96 -0.387918 
97 -0.161478 
98 0.089338 
99 -0.357963 
100 -0.365378 
101 0.308292 
102 0.308292 
103 0.095698 
104 -0.161478 
105 -0.004724 
106 0.265412 
107 -0.278373 
108 0.071522 
109 0.308292 
110 -0.278373 
111 0.334562 
112 0.308292 
113 -0.236624 
114 -0.250911 
115 -0.387918 
116 -0.288620 
117 -0.412955 
118 -0.309152 
119 -0.349035 
120 -0.339275 
121 -0.305334 
122 -0.412955 
123 -0.236624 
124 -0.004724 
125 -0.305334 
126 0.347885 
127 -0.065124 
128 0.047653 
129 -0.278373 
130 -0.343170 
131 -0.146804 
132 -0.349035 
133 -0.106409 
134 0.118513 
135 -0.052477 
136 -0.499909 
137 0.141075 
138 -0.232325 
139 0.308292 
140 0.247890 
141 0.308292 
142 0.026904 
143 0.213954 
144 -0.278373 
145 0.297600 
146 0.442404 
147 -0.387918 
148 -0.232325 
149 0.213954 
150 -0.232325 
151 0.347885 
152 -0.278373 
153 0.265834 
154 -0.343170 
155 0.302936 
156 -0.254093 
157 0.474340 
158 0.461639 
159 -0.052477 
160 0.442404 
161 0.324552 
162 0.071522 
163 0.213954 
164 -0.278373 
165 0.338159 
166 0.213954 
167 -0.278373 
168 -0.086015 
169 0.124588 
170 -0.463851 
171 0.122464 
172 0.297600 
173 -0.106409 
174 0.418967 
175 0.107708 
176 0.408731 
177 0.095698 
178 -0.004724 
179 0.151292 
180 -0.149592 
181 -0.278373 
182 -0.305334 
183 0.429897 
184 -0.412955 
185 0.296964 
186 0.347885 
187 -0.387918 
188 -0.200941 
189 0.429897 
190 0.308292 
191 0.338159 
192 -0.305334 
193 0.265412 
194 0.265412 
195 -0.232325 
196 0.429897 
197 -0.086015 
198 -0.278373 
199 -0.004724 
200 -0.160173 
201 0.308292 
202 -0.412955 
203 0.418967 
204 0.346932 
205 -0.278801 
206 -0.372192 
207 -0.236624 
208 0.296964 
209 -0.044968 
210 -0.057757 
211 -0.086015 
212 0.089338 
213 -0.305334 
214 -0.305334 
215 -0.499909 
216 0.338159 
217 0.392214 
218 0.066383 
219 0.137134 
220 0.335358 
221 0.006741 
222 0.302936 
223 0.191611 
224 -0.236624 
225 0.308292 
226 -0.343170 
227 0.308292 
228 0.213954 
229 -0.305334 
230 -0.384352 
231 -0.158238 
232 -0.065124 
233 -0.250911 
234 -0.278373 
235 -0.044968 
236 -0.305334 
237 -0.365378 
238 0.338159 
239 0.308292 
240 -0.262181 
241 0.308292 
242 0.346932 
243 -0.032211 
244 -0.305334 
245 -0.158238 
246 0.424391 
247 0.338159 
248 -0.291462 
249 -0.124600 
250 -0.305334 
251 0.283730 
252 0.381987 
253 -0.305334 
254 -0.262181 
255 0.464604 
256 -0.106409 
257 -0.262181 
258 0.306038 
259 0.381987 
260 -0.004724 
261 0.346932 
262 0.296964 
263 0.464604 
264 0.265412 
265 0.338159 
266 0.213954 
267 0.338159 
268 0.265412 
269 0.308292 
270 -0.305334 
271 0.283730 
272 0.308292 
273 -0.305334 
274 0.441700 
275 -0.389515 
276 -0.158238 
277 0.212801 
278 0.334562 
279 -0.305334 
280 -0.499909 
281 0.247890 
282 -0.305334 
283 0.302936 
284 0.418967 
285 -0.268911 
286 0.061546 
287 0.007274 
288 -0.247980 
289 0.302936 
290 -0.126410 
291 -0.357963 
292 0.137134 
293 -0.232325 
294 -0.106409 
295 -0.288620 
296 0.335358 
297 0.212801 
298 -0.158238 
299 0.026904 
300 0.151292 
301 -0.232325 
302 0.338159 
303 -0.288620 
304 -0.349035 
305 0.338159 
306 -0.278373 
307 0.212801 
308 -0.032211 
309 0.346932 
310 0.338159 
311 -0.065124 
312 -0.052477 
313 0.408731 
314 -0.032211 
315 0.171795 
316 -0.232325 
317 0.265834 
318 -0.412955 
319 -0.357963 
320 -0.248562 
321 0.379189 
322 -0.124600 
323 0.412524 
324 0.212801 
325 0.247890 
326 0.334562 
327 -0.052477 
328 0.346932 
329 0.247890 
330 -0.160173 
331 0.329939 
332 -0.309152 
333 -0.268911 
334 -0.124600 
335 0.338159 
336 0.212801 
337 0.346932 
338 0.338159 
339 0.212801 
340 0.283730 
341 0.335358 
342 -0.305334 
343 -0.232325 
344 -0.065124 
345 0.296964 
346 0.429897 
347 0.302936 
348 -0.232325 
349 -0.384352 
350 -0.392967 
351 -0.232325 
352 0.441700 
353 0.176485 
354 0.338159 
355 0.089338 
356 0.302936 
357 -0.220415 
358 -0.106409 
359 -0.262181 
360 -0.428411 
361 0.137134 
362 0.302936 
363 -0.171283 
364 -0.278373 
365 0.045508 
366 -0.247980 
367 -0.384352 
368 0.137134 
369 0.346932 
370 -0.024696 
371 -0.251989 
372 -0.074283 
373 -0.065124 
374 0.461639 
375 -0.428411 
376 0.026904 
377 -0.200941 
378 0.095698 
379 -0.305334 
380 0.335358 
381 0.408731 
382 0.485454 
383 -0.232325 
384 -0.384352 
385 0.026904 
386 0.464604 
387 -0.428411 
388 -0.171283 
389 0.302936 
390 0.412524 
391 0.346932 
392 -0.197196 
393 -0.232325 
394 -0.412955 
395 -0.050487 
396 0.334756 
397 0.026904 
398 0.118513 
399 -0.309152 
400 0.212801 
401 0.316416 
402 -0.384352 
403 0.464604 
404 0.302936 
405 -0.247980 
406 -0.242353 
407 0.408731 
408 -0.232325 
409 -0.412955 
410 0.346932 
411 0.346932 
412 0.346932 
413 -0.349035 
414 0.151292 
415 0.302936 
416 -0.278373 
417 0.338159 
418 0.461639 
419 0.474340 
420 0.212801 
421 0.137134 
422 -0.158238 
423 0.335358 
424 0.247890 
425 -0.349035 
426 0.118513 
427 0.151292 
428 0.316416 
429 0.151292 
430 -0.343170 
431 -0.463851 
432 0.137134 
433 0.338159 
434 0.302936 
435 0.302936 
436 0.418967 
437 -0.158238 
438 0.381987 
439 0.247796 
440 -0.372192 
441 0.265834 
442 -0.247980 
443 0.334562 
444 0.334562 
445 0.316416 
446 -0.339275 
447 -0.158238 
448 -0.298568 
449 0.324552 
450 -0.232325 
451 -0.149592 
452 -0.232325 
453 0.432366 
454 0.329899 
455 0.302936 
456 -0.126410 
457 0.213954 
458 0.408731 
459 -0.124600 
460 -0.171283 
461 0.408731 
462 -0.232325 
463 0.441700 
464 0.368440 
465 0.338159 
466 -0.247980 
467 0.412524 
468 -0.086015 
469 -0.171283 
470 0.302936 
471 -0.065124 
472 -0.232325 
473 0.412524 
474 -0.220415 
475 0.151292 
476 0.485454 
477 -0.171283 
478 0.191611 
479 0.302936 
480 -0.309152 
481 -0.158238 
482 0.118513 
483 0.429897 
484 -0.232325 
485 -0.220415 
486 -0.412955 
487 0.272961 
488 0.212801 
489 0.095698 
490 0.135530 
491 0.137134 
492 0.471458 
493 -0.357963 
494 0.297600 
495 -0.251989 
496 -0.160173 
497 -0.439563 
498 0.302936 
499 0.265834 
500 -0.052477 
501 -0.124600 
502 0.071522 
503 -0.126410 
504 -0.220690 
505 0.265834 
506 0.213954 
507 0.137134 
508 -0.171283 
509 0.302936 
510 0.247796 
511 0.006741 
512 -0.004724 
513 0.338159 
514 -0.477419 
515 -0.065124 
516 -0.250911 
517 0.424391 
518 0.141075 
519 -0.220415 
520 0.066383 
521 -0.428411 
522 -0.232325 
523 0.302936 
524 0.424391 
525 0.265412 
526 0.475389 
527 0.272961 
528 0.347885 
529 0.151672 
530 -0.439563 
531 -0.065124 
532 0.312239 
533 0.265412 
534 0.265412 
535 -0.254093 
536 -0.158238 
537 0.392214 
538 0.424391 
539 0.429897 
540 0.461639 
541 0.334562 
542 0.379189 
543 -0.126410 
544 -0.343170 
545 0.329899 
546 -0.200941 
547 0.392214 
548 -0.250911 
549 -0.232325 
550 0.398531 
551 0.424391 
552 -0.086015 
553 -0.065124 
554 -0.065124 
555 0.338159 
556 0.474340 
557 0.424391 
558 0.412524 
559 0.302936 
560 -0.251989 
561 -0.171283 
562 0.381987 
563 0.265412 
564 0.316416 
565 0.177191 
566 -0.086015 
567 0.237608 
568 -0.126410 
569 0.441700 
570 -0.465864 
571 0.442404 
572 0.329899 
573 -0.171283 
574 0.137134 
575 0.137134 
576 0.151672 
577 -0.024696 
578 -0.124600 
579 -0.349035 
580 0.381987 
581 -0.349035 
582 -0.171283 
583 0.137134 
584 -0.247980 
585 0.461639 
586 -0.050487 
587 0.302936 
588 -0.392967 
589 0.302936 
590 -0.124600 
591 -0.065124 
592 0.177191 
593 0.265412 
594 -0.343170 
595 -0.220415 
596 0.302936 
597 0.424391 
598 0.118513 
599 -0.065124 
600 0.066383 
601 0.429897 
602 -0.086015 
603 0.316416 
604 -0.433477 
605 -0.305334 
606 -0.057757 
607 0.265412 
608 0.272961 
609 0.329899 
610 0.095698 
611 -0.236624 
612 0.137134 
613 0.302936 
614 0.441700 
615 0.334522 
616 0.418967 
617 0.329899 
618 0.095698 
619 0.474340 
620 0.213954 
621 0.324552 
622 -0.412955 
623 0.141075 
624 -0.349035 
625 0.272961 
626 -0.200941 
627 0.137134 
628 -0.392967 
629 0.334756 
630 0.302936 
631 0.461639 
632 0.335358 
633 -0.305334 
634 0.404993 
635 -0.477419 
636 0.296964 
637 0.334756 
638 0.312239 
639 -0.349035 
640 -0.065124 
641 -0.171283 
642 0.461639 
643 0.247890 
644 0.334756 
645 0.429897 
646 -0.251989 
647 0.381987 
648 0.302936 
649 -0.305334 
650 -0.268911 
651 0.151672 
652 -0.065124 
653 -0.200941 
654 -0.309152 
655 0.176485 
656 -0.477419 
657 -0.384352 
658 -0.278373 
659 0.442404 
660 0.247796 
661 -0.439563 
662 -0.305334 
663 -0.024290 
664 -0.171283 
665 -0.268911 
666 -0.343170 
667 -0.057757 
668 0.151672 
669 -0.057757 
670 -0.400028 
671 0.137134 
672 0.151672 
673 -0.247980 
674 0.265412 
675 0.442404 
676 -0.040672 
677 -0.349035 
678 0.071522 
679 0.283730 
680 0.137134 
681 -0.278373 
682 -0.086015 
683 0.302936 
684 0.481074 
685 0.265834 
686 0.247796 
687 0.247796 
688 -0.428411 
689 -0.200941 
690 0.066383 
691 -0.171283 
692 -0.433477 
693 -0.288620 
694 0.461639 
695 -0.057757 
696 -0.040672 
697 -0.024290 
698 -0.428411 
699 0.107708 
700 0.137134 
701 0.464604 
702 -0.349035 
703 0.381987 
704 0.006741 
705 0.410569 
706 -0.065124 
707 -0.236624 
708 -0.065124 
709 0.381987 
710 0.442404 
711 0.444407 
712 0.368440 
713 0.212801 
714 0.114121 
715 0.381987 
716 0.118513 
717 -0.278373 
718 0.213954 
719 -0.136058 
720 -0.343170 
721 -0.050487 
722 -0.065124 
723 0.429897 
724 0.151672 
725 -0.439563 
726 -0.477419 
727 0.066383 
728 -0.149592 
729 0.265412 
730 0.461639 
731 0.481074 
732 -0.250911 
733 0.047653 
734 0.272961 
735 0.334562 
736 0.381987 
737 -0.349035 
738 0.078494 
739 0.424391 
740 0.066383 
741 0.003846 
742 0.066383 
743 -0.124600 
744 -0.372192 
745 0.095698 
746 0.461639 
747 0.265834 
748 -0.305334 
749 0.444407 
750 -0.278373 
751 -0.477419 
752 -0.065124 
753 -0.291462 
754 -0.065124 
755 0.408731 
756 0.392214 
757 -0.040672 
758 0.418967 
759 -0.001988 
760 -0.247980 
761 -0.086015 
762 0.324552 
763 -0.160173 
764 0.381987 
765 0.118513 
766 -0.200941 
767 -0.439563 
768 0.265834 
769 0.414959 
770 -0.158238 
771 0.338159 
772 -0.298568 
773 0.334562 
774 0.379189 
775 0.471458 
776 0.334522 
777 0.471458 
778 0.429897 
779 0.324552 
780 0.071522 
781 -0.309152 
782 -0.247980 
783 0.137134 
784 0.414959 
785 -0.439563 
786 0.392214 
787 -0.200941 
788 0.223293 
789 0.003846 
790 -0.220415 
791 -0.254093 
792 0.381987 
793 0.414959 
794 0.302936 
795 0.137134 
796 -0.171283 
797 0.392214 
798 -0.125942 
799 -0.251989 
800 -0.349035 
801 -0.384352 
802 0.302936 
803 -0.124600 
804 0.302936 
805 -0.146804 
806 0.137134 
807 0.484287 
808 0.404993 
809 0.312239 
810 -0.298568 
811 -0.149592 
812 0.137134 
813 -0.349035 
814 -0.349035 
815 -0.065124 
816 -0.349035 
817 -0.040672 
818 0.404993 
819 0.442404 
820 0.347885 
821 0.324552 
822 -0.050487 
823 -0.298568 
824 -0.162241 
825 0.137134 
826 0.404993 
827 -0.392967 
828 -0.232325 
829 -0.149592 
830 0.471458 
831 -0.262181 
832 0.247796 
833 -0.050487 
834 -0.040672 
835 0.381987 
836 0.141075 
837 0.151292 
838 0.338159 
839 -0.298568 
840 -0.343170 
841 -0.247980 
842 0.201247 
843 -0.477419 
844 -0.268911 
845 -0.254093 
846 -0.171283 
847 -0.389515 
848 0.124588 
849 0.461639 
850 -0.065124 
851 0.118513 
852 -0.050487 
853 0.461639 
854 0.418967 
855 -0.171283 
856 0.066383 
857 0.283730 
858 0.381987 
859 0.137134 
860 -0.247980 
861 0.362980 
862 -0.124600 
863 0.471458 
864 -0.389515 
865 0.137134 
866 -0.305334 
867 0.095698 
868 -0.309152 
869 0.131789 
870 -0.040672 
871 -0.065124 
872 0.137134 
873 -0.086015 
874 -0.349035 
875 0.176485 
876 0.296964 
877 0.346932 
878 0.137134 
879 0.461639 
880 0.265834 
881 0.461639 
882 0.475389 
883 0.151672 
884 0.296964 
885 0.338159 
886 0.191611 
887 0.334562 
888 0.045508 
889 0.118513 
890 0.265834 
891 -0.251989 
892 0.265412 
893 0.316416 
894 0.147842 
895 0.137134 
896 0.095698 
897 0.398531 
898 0.078494 
899 -0.463851 
900 -0.065124 
901 -0.433477 
902 0.347885 
903 0.265834 
904 0.381987 
905 0.338159 
906 -0.065124 
907 -0.247980 
908 -0.349035 
909 -0.149592 
910 -0.050487 
911 0.095698 
912 0.392214 
913 0.047653 
914 -0.220415 
915 -0.158238 
916 0.347885 
917 -0.247980 
918 0.171795 
919 0.461639 
920 -0.343170 
921 -0.158238 
922 0.392214 
923 -0.262181 
924 0.118513 
925 0.118513 
926 -0.050487 
927 0.429897 
928 0.302936 
929 0.137134 
930 0.346932 
931 0.265834 
932 0.305497 
933 -0.106409 
934 0.429897 
935 -0.343170 
936 -0.365378 
937 -0.278801 
938 -0.124600 
939 -0.343170 
940 0.066383 
941 0.137134 
942 -0.247980 
943 0.338159 
944 0.381987 
945 0.265412 
946 0.066383 
947 -0.065124 
948 0.324552 
949 0.414959 
950 0.461639 
951 0.471458 
952 -0.024290 
953 -0.392967 
954 0.381987 
955 0.201247 
956 0.312239 
957 -0.278373 
958 -0.006860 
959 0.381987 
960 -0.282694 
961 0.347885 
962 0.066383 
963 0.471458 
964 0.338159 
965 -0.412955 
966 0.335358 
967 0.066383 
968 -0.428411 
969 0.429897 
970 -0.349035 
971 0.265412 
972 0.026904 
973 0.347885 
974 0.137134 
975 -0.024290 
976 0.118513 
977 0.392214 
978 0.429897 
979 0.066383 
980 -0.247980 
981 -0.158238 
982 -0.343170 
983 0.234628 
984 -0.247980 
985 0.060612 
986 0.296964 
987 -0.278373 
988 0.191611 
989 0.137134 
990 0.312239 
991 0.429897 
992 -0.477419 
993 0.381987 
994 0.429897 
995 -0.463851 
996 0.461639 
997 -0.086015 
998 -0.074283 
999 0.066383 
1000 0.234628 
1001 0.141075 
1002 -0.171283 
1003 0.381987 
1004 0.265412 
1005 -0.389515 
1006 0.474340 
1007 0.425966 
1008 -0.032211 
1009 0.137134 
1010 0.137134 
1011 0.265412 
1012 -0.162241 
1013 0.429897 
1014 -0.065124 
1015 -0.365378 
1016 -0.278373 
1017 0.398531 
1018 0.338159 
1019 -0.160173 
1020 0.265412 
1021 0.265412 
1022 0.474340 
1023 0.137134 
1024 0.324552 
1025 -0.238663 
1026 -0.220690 
1027 0.201247 
1028 -0.463851 
1029 -0.247980 
1030 0.176485 
1031 0.485454 
1032 -0.343170 
1033 -0.282694 
1034 0.137134 
1035 -0.463851 
1036 0.429897 
1037 -0.349035 
1038 0.429897 
1039 0.471458 
1040 -0.278373 
1041 -0.171283 
1042 0.066383 
1043 -0.278373 
1044 0.118513 
1045 -0.477419 
1046 0.392214 
1047 -0.220415 
1048 -0.126410 
1049 0.265412 
1050 -0.186495 
1051 0.137134 
1052 -0.339275 
1053 -0.247980 
1054 0.404993 
1055 0.151672 
1056 -0.200941 
1057 -0.305334 
1058 0.265412 
1059 0.335358 
1060 0.007274 
1061 -0.158238 
1062 -0.365378 
1063 -0.499909 
1064 -0.268911 
1065 0.461639 
1066 0.066383 
1067 0.212801 
1068 0.176485 
1069 -0.247980 
1070 -0.220415 
1071 0.346932 
1072 -0.160173 
1073 -0.365378 
1074 0.047653 
1075 0.429897 
1076 -0.343170 
1077 0.392214 
1078 0.223293 
1079 -0.463851 
1080 -0.024696 
1081 0.334756 
1082 0.095698 
1083 0.461639 
1084 -0.262181 
1085 -0.247980 
1086 0.429897 
1087 -0.463851 
1088 0.404993 
1089 0.137134 
1090 0.429897 
1091 0.461639 
1092 -0.006860 
1093 -0.477419 
1094 0.265412 
1095 0.432366 
1096 0.347885 
1097 -0.428411 
1098 0.481074 
1099 0.324552 
1100 0.334562 
1101 -0.220690 
1102 -0.024696 
1103 0.334756 
1104 -0.433477 
1105 0.429897 
1106 -0.278373 
1107 0.444407 
1108 0.095698 
1109 -0.160173 
1110 -0.268911 
1111 0.471458 
1112 -0.247980 
1113 -0.343170 
1114 0.151672 
1115 0.347885 
1116 0.122464 
1117 0.485454 
1118 0.234628 
1119 0.381987 
1120 0.346932 
1121 0.429897 
1122 0.220617 
1123 0.151672 
1124 -0.278373 
1125 0.122464 
1126 0.346932 
1127 -0.220415 
1128 -0.171283 
1129 -0.305334 
1130 -0.433477 
1131 0.346932 
1132 -0.220415 
1133 -0.365378 
1134 -0.044968 
1135 0.398531 
1136 0.347885 
1137 -0.343170 
1138 0.485454 
1139 0.347885 
1140 -0.149592 
1141 0.118513 
1142 0.095698 
1143 -0.392967 
1144 0.392214 
1145 -0.463851 
1146 -0.218845 
1147 0.338159 
1148 0.272961 
1149 0.312239 
1150 0.118513 
1151 -0.247980 
1152 0.107708 
1153 0.305497 
1154 0.089338 
1155 -0.278373 
1156 0.118513 
1157 -0.050487 
1158 -0.463851 
1159 0.071522 
1160 0.151292 
1161 0.334562 
1162 0.484287 
1163 0.118513 
1164 0.471458 
1165 0.151292 
1166 -0.365378 
1167 0.220617 
1168 -0.006860 
1169 -0.343170 
1170 0.346932 
1171 -0.247980 
1172 0.223293 
1173 -0.392967 
1174 0.151672 
1175 -0.074283 
1176 -0.343170 
1177 -0.158238 
1178 -0.057757 
1179 0.137134 
1180 -0.268911 
1181 0.118513 
1182 -0.247980 
1183 -0.372661 
1184 0.338159 
1185 -0.158238 
1186 -0.200941 
1187 -0.365378 
1188 -0.220415 
1189 -0.343170 
1190 -0.428979 
1191 -0.278373 
1192 0.475389 
1193 -0.106409 
1194 -0.400028 
1195 -0.428411 
1196 0.095698 
1197 -0.463851 
1198 0.484287 
1199 -0.186536 
1200 0.137134 
1201 -0.149592 
1202 0.047653 
1203 0.444407 
1204 -0.171283 
1205 -0.220415 
1206 0.392214 
1207 -0.024696 
1208 -0.384352 
1209 -0.247980 
1210 0.296964 
1211 0.220617 
1212 0.392214 
1213 0.296964 
1214 -0.477419 
1215 -0.006860 
1216 -0.463851 
1217 0.335358 
1218 0.474340 
1219 0.171795 
1220 -0.343170 
1221 -0.343170 
1222 -0.024290 
1223 -0.149592 
1224 -0.463851 
1225 0.481074 
1226 -0.349035 
1227 -0.149592 
1228 0.338159 
1229 -0.171283 
1230 -0.003790 
1231 0.095698 
1232 -0.232325 
1233 0.392214 
1234 -0.343170 
1235 -0.024290 
1236 0.095698 
1237 0.432366 
1238 0.484287 
1239 0.151672 
1240 0.346932 
1241 0.410569 
1242 -0.186536 
1243 0.102435 
1244 0.095698 
1245 0.334522 
1246 -0.160173 
1247 0.141075 
1248 0.220617 
1249 -0.220415 
1250 0.324552 
1251 -0.024696 
1252 -0.278373 
1253 -0.278373 
1254 -0.301302 
1255 -0.278373 
1256 0.338159 
1257 0.412524 
1258 -0.372661 
1259 -0.247980 
1260 0.151292 
1261 -0.477419 
1262 -0.326066 
1263 0.066383 
1264 0.095698 
1265 -0.146804 
1266 -0.161478 
1267 0.410569 
1268 0.324552 
1269 0.474340 
1270 -0.186536 
1271 -0.247980 
1272 -0.186536 
1273 0.095698 
1274 -0.343170 
1275 0.265412 
1276 0.335358 
1277 -0.146804 
1278 0.481074 
1279 0.338159 
1280 -0.086015 
1281 -0.146804 
1282 0.308292 
1283 0.346932 
1284 -0.032211 
1285 0.095698 
1286 0.379189 
1287 0.137134 
1288 0.338159 
1289 0.346932 
1290 0.461639 
1291 -0.220415 
1292 0.368440 
1293 0.474340 
1294 0.410569 
1295 -0.218845 
1296 -0.308980 
1297 -0.160173 
1298 -0.171283 
1299 -0.392967 
1300 -0.149592 
1301 0.379189 
1302 0.283730 
1303 -0.278373 
1304 0.379189 
1305 0.151292 
1306 0.060612 
1307 -0.040672 
1308 0.338159 
1309 -0.162241 
1310 -0.186536 
1311 0.461639 
1312 0.102435 
1313 -0.149592 
1314 0.410569 
1315 0.212801 
1316 0.424391 
1317 0.095698 
1318 0.381987 
1319 -0.158238 
1320 0.089338 
1321 0.137134 
1322 -0.343170 
1323 0.265412 
1324 0.484287 
1325 0.045508 
1326 0.151292 
1327 -0.220415 
1328 0.135530 
1329 0.118513 
1330 0.432366 
1331 -0.200941 
1332 -0.200941 
1333 -0.428411 
1334 0.212801 
1335 0.107708 
1336 0.118513 
1337 -0.006860 
1338 0.312239 
1339 0.137134 
1340 0.047653 
1341 0.432366 
1342 -0.200941 
1343 -0.384352 
1344 0.171795 
1345 -0.086015 
1346 0.296964 
1347 0.338159 
1348 -0.278373 
1349 0.111721 
1350 -0.412955 
1351 0.444407 
1352 0.234628 
1353 -0.343170 
1354 -0.400028 
1355 0.071522 
1356 0.481074 
1357 0.122464 
1358 0.296964 
1359 0.237608 
1360 -0.477419 
1361 -0.171283 
1362 -0.162241 
1363 -0.186536 
1364 0.201247 
1365 -0.024696 
1366 0.137134 
1367 0.135530 
1368 0.329899 
1369 -0.171283 
1370 0.151672 
1371 -0.220415 
1372 -0.477419 
1373 0.151292 
1374 -0.149592 
1375 -0.106409 
1376 0.201247 
1377 -0.343170 
1378 0.151292 
1379 0.324552 
1380 0.095698 
1381 0.346932 
1382 0.137134 
1383 -0.262181 
1384 0.265412 
1385 0.151292 
1386 0.302936 
1387 0.141075 
1388 -0.197196 
1389 -0.278373 
1390 0.461639 
1391 -0.158238 
1392 -0.220415 
1393 -0.428411 
1394 0.118513 
1395 0.095698 
1396 0.338159 
1397 -0.278373 
1398 0.429897 
1399 -0.186536 
1400 0.335358 
1401 0.461639 
1402 -0.158238 
1403 0.410569 
1404 -0.162241 
1405 0.141075 
1406 -0.200941 
1407 -0.343170 
1408 0.338159 
1409 0.095698 
1410 -0.003790 
1411 0.425966 
1412 0.191611 
1413 0.444407 
1414 -0.343170 
1415 0.474340 
1416 0.481074 
1417 -0.095540 
1418 -0.412955 
1419 -0.220415 
1420 0.410569 
1421 0.484287 
1422 -0.343170 
1423 0.151292 
1424 -0.146804 
1425 -0.074283 
1426 0.060612 
1427 0.071522 
1428 0.141075 
1429 0.171795 
1430 -0.248562 
1431 0.392214 
1432 -0.095540 
1433 -0.171283 
1434 -0.389515 
1435 -0.186536 
1436 0.151292 
1437 0.283730 
1438 -0.149592 
1439 -0.278373 
1440 -0.278373 
1441 -0.158238 
1442 0.095698 
1443 -0.278373 
1444 0.474340 
1445 -0.158238 
1446 -0.106409 
1447 0.424391 
1448 0.346932 
1449 -0.032211 
1450 0.432366 
1451 0.296964 
1452 -0.301302 
1453 -0.220415 
1454 0.368440 
1455 0.312239 
1456 -0.428411 
1457 0.461639 
1458 -0.186536 
1459 0.220617 
1460 -0.149592 
1461 -0.400028 
1462 0.471458 
1463 -0.050487 
1464 0.171795 
1465 0.347885 
1466 0.312239 
1467 -0.149592 
1468 0.102435 
1469 -0.149592 
1470 0.444407 
1471 -0.412955 
1472 0.141075 
1473 0.338159 
1474 -0.428411 
1475 -0.024696 
1476 -0.392967 
1477 0.137134 
1478 -0.171283 
1479 0.432366 
1480 0.151292 
1481 -0.477419 
1482 0.429897 
1483 0.047653 
1484 -0.149592 
1485 -0.186536 
1486 0.137134 
1487 0.368440 
1488 -0.032211 
1489 0.296964 
1490 0.392214 
1491 0.334522 
1492 0.346932 
1493 0.107708 
1494 0.060612 
1495 -0.074283 
1496 0.141075 
1497 0.223293 
1498 0.432366 
1499 0.338159 
1500 0.151292 
1501 -0.158238 
1502 0.398531 
1503 -0.278373 
1504 -0.050487 
1505 -0.343170 
1506 -0.158238 
1507 0.338159 
1508 0.329939 
1509 -0.251989 
1510 -0.305334 
1511 -0.305334 
1512 -0.278373 
1513 0.379189 
1514 -0.433477 
1515 -0.086015 
1516 -0.158238 
1517 -0.278373 
1518 0.335358 
1519 -0.149592 
1520 -0.278373 
1521 -0.465864 
1522 -0.021935 
1523 -0.106409 
1524 0.410569 
1525 -0.186536 
1526 0.045508 
1527 0.346932 
1528 -0.171283 
1529 0.410569 
1530 0.429897 
1531 -0.400028 
1532 0.461639 
1533 0.410569 
1534 0.151292 
1535 0.392214 
1536 -0.278373 
1537 0.338159 
1538 0.392214 
1539 -0.250911 
1540 -0.106409 
1541 -0.158238 
1542 -0.095540 
1543 0.151292 
1544 0.212801 
1545 -0.305334 
1546 0.412524 
1547 -0.278373 
1548 0.471458 
1549 0.334522 
1550 0.381987 
1551 -0.006860 
1552 0.347885 
1553 0.338159 
1554 0.095698 
1555 -0.171283 
1556 -0.278373 
1557 0.118513 
1558 0.334522 
1559 0.297600 
1560 -0.149592 
1561 0.102435 
1562 0.095698 
1563 0.122464 
1564 0.331211 
1565 -0.400028 
1566 0.177191 
1567 -0.238663 
1568 -0.160173 
1569 0.151292 
1570 -0.186536 
1571 -0.050487 
1572 0.392214 
1573 -0.433477 
1574 0.334522 
1575 0.338159 
1576 -0.268911 
1577 -0.158238 
1578 0.141075 
1579 0.392214 
1580 0.358578 
1581 -0.278373 
1582 -0.278373 
1583 0.324552 
1584 -0.268911 
1585 0.381987 
1586 -0.232325 
1587 0.151292 
1588 0.412524 
1589 -0.032211 
1590 -0.278373 
1591 0.412524 
1592 0.306038 
1593 0.095698 
1594 0.347885 
1595 -0.278801 
1596 -0.343170 
1597 -0.236624 
1598 0.095698 
1599 -0.106409 
1600 -0.074283 
1601 -0.349035 
1602 -0.171283 
1603 -0.186536 
1604 0.118513 
1605 0.297600 
1606 0.475389 
1607 -0.032211 
1608 0.102435 
1609 0.137134 
1610 -0.136058 
1611 -0.343170 
1612 -0.343170 
1613 0.078494 
1614 0.338159 
1615 -0.247980 
1616 -0.186536 
1617 -0.106409 
1618 -0.278373 
1619 0.283730 
1620 0.410569 
1621 -0.032211 
1622 0.122464 
1623 0.095698 
1624 -0.477419 
1625 -0.301302 
1626 -0.412955 
1627 -0.278373 
1628 0.471458 
1629 -0.343170 
1630 0.135530 
1631 -0.158238 
1632 -0.254093 
1633 0.461639 
1634 -0.301302 
1635 -0.278373 
1636 0.095698 
1637 -0.220415 
1638 -0.220415 
1639 -0.149592 
1640 0.135530 
1641 0.346932 
1642 -0.171283 
1643 -0.024696 
1644 -0.278373 
1645 0.338159 
1646 -0.149592 
1647 -0.218845 
1648 0.338159 
1649 -0.349035 
1650 0.045508 
1651 0.006741 
1652 0.297600 
1653 0.095698 
1654 -0.001988 
1655 0.137134 
1656 -0.278801 
1657 0.095698 
1658 0.329939 
1659 -0.095540 
1660 0.381987 
1661 0.410569 
1662 0.347885 
1663 0.095698 
1664 0.329899 
1665 0.329939 
1666 0.137134 
1667 0.095698 
1668 -0.343170 
1669 -0.024696 
1670 -0.158238 
1671 0.412524 
1672 -0.343170 
1673 0.346932 
1674 0.381987 
1675 -0.238663 
1676 -0.343170 
1677 -0.344898 
1678 -0.057757 
1679 0.095698 
1680 0.408731 
1681 0.392214 
1682 -0.149592 
1683 0.095698 
1684 -0.372192 
1685 0.475389 
1686 0.425966 
1687 0.095698 
1688 -0.349035 
1689 -0.349035 
1690 0.424391 
1691 0.381987 
1692 0.095698 
1693 -0.149592 
1694 0.410569 
1695 0.471458 
1696 -0.106409 
1697 0.095698 
1698 0.171795 
1699 -0.232325 
1700 0.432366 
1701 -0.086015 
1702 -0.301302 
1703 -0.149592 
1704 -0.278373 
1705 0.095698 
1706 -0.200941 
1707 0.424391 
1708 -0.218845 
1709 -0.343170 
1710 -0.278373 
1711 0.212801 
1712 0.095698 
1713 0.308292 
1714 0.102435 
1715 -0.218845 
1716 -0.365378 
1717 0.151292 
1718 0.114121 
1719 -0.238663 
1720 0.444407 
1721 -0.149592 
1722 0.346932 
1723 -0.384352 
1724 0.324552 
1725 0.151672 
1726 -0.384352 
1727 -0.343170 
1728 -0.160173 
1729 -0.477419 
1730 0.212801 
1731 -0.040672 
1732 -0.308980 
1733 0.329939 
1734 -0.278373 
1735 -0.149592 
1736 0.412524 
1737 0.095698 
1738 0.297600 
1739 -0.136058 
1740 -0.278373 
1741 -0.301302 
1742 -0.081503 
1743 -0.050487 
1744 0.151292 
1745 0.425966 
1746 0.141075 
1747 0.089338 
1748 0.247796 
1749 -0.136058 
1750 0.338159 
1751 -0.357963 
1752 -0.384352 
1753 0.089338 
1754 -0.268911 
1755 -0.365378 
1756 -0.218845 
1757 -0.309152 
1758 0.212801 
1759 0.338159 
1760 0.368440 
1761 -0.262181 
1762 -0.278373 
1763 0.045508 
1764 0.392214 
1765 -0.433477 
1766 -0.477419 
1767 0.329899 
1768 0.151292 
1769 0.118513 
1770 -0.365378 
1771 -0.040672 
1772 0.212801 
1773 -0.095540 
1774 0.212801 
1775 -0.278373 
1776 0.346932 
1777 0.432366 
1778 0.335358 
1779 -0.171283 
1780 0.412524 
1781 -0.186536 
1782 -0.365378 
1783 -0.149592 
1784 -0.301302 
1785 -0.040672 
1786 0.334522 
1787 -0.218845 
1788 -0.158238 
1789 -0.309152 
1790 -0.365378 
1791 0.334562 
1792 0.095698 
1793 -0.050487 
1794 0.432366 
1795 0.338159 
1796 0.432366 
1797 -0.158238 
1798 -0.282694 
1799 -0.343170 
1800 0.151672 
1801 -0.220415 
1802 -0.186536 
1803 -0.149592 
1804 0.485454 
1805 -0.068857 
1806 -0.389515 
1807 -0.162241 
1808 0.464604 
1809 -0.160173 
1810 -0.278373 
1811 0.412524 
1812 0.272961 
1813 0.432366 
1814 -0.343170 
1815 -0.372192 
1816 -0.171283 
1817 -0.186536 
1818 0.306038 
1819 0.283730 
1820 0.095698 
1821 0.368440 
1822 0.346932 
1823 0.408731 
1824 0.329939 
1825 0.475389 
1826 -0.326066 
1827 0.347885 
1828 -0.251989 
1829 -0.200941 
1830 -0.278373 
1831 0.338159 
1832 -0.278373 
1833 -0.200941 
1834 0.392214 
1835 0.306038 
1836 -0.218845 
1837 0.334522 
1838 -0.372192 
1839 0.338159 
1840 -0.160173 
1841 -0.238663 
1842 0.078494 
1843 -0.349035 
1844 -0.218845 
1845 0.424391 
1846 0.071522 
1847 0.338159 
1848 -0.086015 
1849 -0.387918 
1850 -0.001988 
1851 -0.086015 
1852 -0.158238 
1853 0.391122 
1854 0.151292 
1855 -0.278373 
1856 0.095698 
1857 -0.389515 
1858 0.118513 
1859 -0.301302 
1860 -0.158238 
1861 -0.158238 
1862 0.425966 
1863 -0.086015 
1864 0.432366 
1865 0.003846 
1866 0.392214 
1867 -0.149592 
1868 0.474340 
1869 -0.238663 
1870 0.107708 
1871 0.151292 
1872 -0.343170 
1873 0.329939 
1874 0.078494 
1875 0.441700 
1876 -0.220690 
1877 -0.171283 
1878 -0.278373 
1879 -0.158238 
1880 0.424391 
1881 0.283730 
1882 0.429897 
1883 0.223293 
1884 -0.278373 
1885 0.432366 
1886 -0.218845 
1887 0.346932 
1888 -0.158238 
1889 -0.218845 
1890 0.368440 
1891 0.118513 
1892 -0.278373 
1893 0.095698 
1894 -0.050487 
1895 -0.412955 
1896 -0.392967 
1897 -0.186536 
1898 0.444407 
1899 -0.278373 
1900 0.392214 
1901 0.474340 
1902 -0.024696 
1903 0.131789 
1904 -0.278373 
1905 -0.095540 
1906 0.338159 
1907 0.283730 
1908 -0.278373 
1909 -0.372192 
1910 -0.343170 
1911 0.177191 
1912 0.223293 
1913 0.212801 
1914 0.329939 
1915 0.095698 
1916 -0.125942 
1917 -0.412955 
1918 0.432366 
1919 0.213954 
1920 0.118513 
1921 0.408731 
1922 -0.136058 
1923 -0.024696 
1924 -0.220690 
1925 0.412524 
1926 -0.086015 
1927 -0.278373 
1928 -0.032211 
1929 0.118513 
1930 0.334522 
1931 0.212801 
1932 0.265412 
1933 -0.149592 
1934 -0.074283 
1935 0.338159 
1936 -0.162241 
1937 -0.095540 
1938 0.398531 
1939 0.334756 
1940 0.471458 
1941 0.078494 
1942 -0.158238 
1943 0.379189 
1944 0.095698 
1945 -0.171283 
1946 -0.268911 
1947 -0.301302 
1948 0.095698 
1949 -0.422958 
1950 0.201247 
1951 -0.218845 
1952 0.171795 
1953 -0.384352 
1954 0.471458 
1955 -0.218845 
1956 -0.050487 
1957 -0.149592 
1958 -0.218845 
1959 -0.024696 
1960 0.118513 
1961 -0.400028 
1962 0.212801 
1963 -0.247980 
1964 0.131789 
1965 0.107708 
1966 0.045508 
1967 -0.149592 
1968 -0.372192 
1969 -0.044968 
1970 -0.218845 
1971 -0.343170 
1972 -0.412955 
1973 -0.200941 
1974 -0.392967 
1975 0.338159 
1976 -0.068857 
1977 0.234628 
1978 -0.124600 
1979 0.137134 
1980 -0.149592 
1981 -0.186536 
1982 -0.251989 
1983 -0.186536 
1984 -0.343170 
1985 -0.392967 
1986 -0.309152 
1987 -0.149592 
1988 -0.050487 
1989 0.060612 
1990 -0.162241 
1991 -0.392967 
1992 0.095698 
1993 -0.278373 
1994 -0.301302 
1995 -0.412955 
1996 -0.032211 
1997 -0.247980 
1998 -0.220690 
1999 -0.160173 
2000 -0.278373 
2001 0.334522 
2002 0.095698 
2003 0.095698 
2004 0.392214 
2005 -0.282694 
2006 -0.074283 
2007 0.329939 
2008 -0.278373 
2009 0.135530 
2010 0.335358 
2011 0.026904 
2012 0.177191 
2013 0.368440 
2014 -0.412955 
2015 0.045508 
2016 -0.171283 
2017 0.381987 
2018 -0.050487 
2019 0.308292 
2020 -0.149592 
2021 0.471458 
2022 0.071522 
2023 0.212801 
2024 -0.149592 
2025 0.296964 
2026 -0.268911 
2027 -0.343170 
2028 -0.024696 
2029 0.095698 
2030 -0.262181 
2031 -0.477419 
2032 -0.171283 
2033 0.408731 
2034 0.429897 
2035 -0.365378 
2036 0.089338 
2037 0.151292 
2038 -0.339275 
2039 -0.343170 
2040 -0.477419 
2041 0.147842 
2042 0.212801 
2043 0.283730 
2044 0.334522 
2045 0.212801 
2046 -0.248562 
2047 -0.477419 
2048 0.334756 
2049 0.107708 
2050 -0.298568 
2051 -0.278373 
2052 0.118513 
2053 0.095698 
2054 0.212801 
2055 0.368440 
2056 0.234628 
2057 -0.149592 
2058 0.346932 
2059 -0.248562 
2060 -0.186536 
2061 0.283730 
2062 0.003846 
2063 0.176485 
2064 -0.365378 
2065 0.212801 
2066 0.118513 
2067 -0.086015 
2068 0.392214 
2069 -0.357963 
2070 -0.149592 
2071 0.107708 
2072 -0.465864 
2073 0.078494 
2074 0.425966 
2075 -0.006860 
2076 0.306038 
2077 -0.392967 
2078 0.338159 
2079 -0.477419 
2080 -0.365378 
2081 0.338159 
2082 -0.278373 
2083 0.346932 
2084 0.265834 
2085 -0.040672 
2086 -0.463851 
2087 -0.278801 
2088 0.412524 
2089 0.368440 
2090 0.212801 
2091 -0.149592 
2092 0.338159 
2093 -0.268911 
2094 -0.186536 
2095 -0.149592 
2096 -0.003790 
2097 -0.220690 
2098 -0.149592 
2099 -0.003790 
2100 0.418967 
2101 0.234628 
2102 -0.218845 
2103 -0.032211 
2104 -0.149592 
2105 0.412524 
2106 -0.389515 
2107 0.334522 
2108 -0.412955 
2109 -0.392967 
2110 0.471458 
2111 0.118513 
2112 -0.218845 
2113 -0.278801 
2114 0.432366 
2115 -0.149592 
2116 0.392214 
2117 0.461639 
2118 -0.262181 
2119 -0.477419 
2120 -0.158238 
2121 -0.344898 
2122 -0.392967 
2123 0.060612 
2124 -0.186536 
2125 0.089338 
2126 0.334522 
2127 0.471458 
2128 0.095698 
2129 -0.086015 
2130 0.432366 
2131 0.410569 
2132 0.177191 
2133 0.306038 
2134 0.432366 
2135 -0.162241 
2136 0.234628 
2137 0.461639 
2138 0.137134 
2139 0.368440 
2140 0.334522 
2141 0.461639 
2142 0.223293 
2143 -0.044968 
2144 -0.004724 
2145 -0.186536 
2146 -0.171283 
2147 -0.086015 
2148 0.474340 
2149 -0.365378 
2150 -0.125942 
2151 -0.365378 
2152 -0.433477 
2153 -0.220415 
2154 -0.220415 
2155 -0.032211 
2156 0.118513 
2157 -0.309152 
2158 -0.278373 
2159 0.141075 
2160 -0.171283 
2161 -0.186536 
2162 -0.357963 
2163 0.461639 
2164 0.107708 
2165 -0.384352 
2166 -0.044968 
2167 0.118513 
2168 0.334756 
2169 0.334562 
2170 0.026904 
2171 0.060612 
2172 -0.149592 
2173 0.335358 
2174 0.338159 
2175 0.095698 
2176 0.392214 
2177 0.297600 
2178 0.102435 
2179 0.137134 
2180 0.334562 
2181 0.234628 
2182 -0.171283 
2183 0.045508 
2184 0.060612 
2185 -0.282694 
2186 0.392214 
2187 0.408731 
2188 -0.072971 
2189 0.297600 
2190 -0.392967 
2191 -0.171283 
2192 -0.186536 
2193 0.107708 
2194 -0.465864 
2195 0.331211 
2196 -0.262181 
2197 -0.384352 
2198 0.461639 
2199 0.118513 
2200 0.212801 
2201 0.408731 
2202 -0.218845 
2203 0.306038 
2204 0.107708 
2205 0.212801 
2206 -0.004724 
2207 0.432366 
2208 -0.339275 
2209 -0.278801 
2210 -0.149592 
2211 -0.004724 
2212 -0.106409 
2213 -0.171283 
2214 0.368440 
2215 0.118513 
2216 0.432366 
2217 0.135530 
2218 0.095698 
2219 -0.232325 
2220 0.334562 
2221 -0.086015 
2222 -0.301302 
2223 -0.218845 
2224 -0.282694 
2225 0.213954 
2226 -0.095540 
2227 0.026904 
2228 -0.149592 
2229 -0.125942 
2230 0.408731 
2231 0.089338 
2232 -0.305334 
2233 0.475389 
2234 0.118513 
2235 -0.218845 
2236 -0.349035 
2237 0.368440 
2238 -0.149592 
2239 0.066383 
2240 0.338159 
2241 -0.052477 
2242 -0.050487 
2243 0.432366 
2244 -0.278373 
2245 -0.186536 
2246 -0.024290 
2247 -0.349035 
2248 0.338159 
2249 -0.392967 
2250 -0.044968 
2251 0.306038 
2252 0.213954 
2253 0.026904 
2254 -0.278373 
2255 0.334562 
2256 0.045508 
2257 0.418967 
2258 -0.392967 
2259 -0.086015 
2260 0.118513 
2261 -0.433477 
2262 0.171795 
2263 -0.136058 
2264 0.026904 
2265 -0.218845 
2266 -0.065124 
2267 -0.428979 
2268 0.078494 
2269 0.122464 
2270 -0.218845 
2271 -0.106409 
2272 -0.171283 
2273 -0.186536 
2274 -0.220415 
2275 -0.149592 
2276 -0.301302 
2277 -0.305334 
2278 0.329899 
2279 0.346932 
2280 0.223293 
2281 0.297600 
2282 -0.251989 
2283 -0.086015 
2284 0.474340 
2285 -0.074283 
2286 0.429897 
2287 0.265412 
2288 0.347885 
2289 -0.365378 
2290 0.003846 
2291 -0.301302 
2292 -0.125942 
2293 0.095698 
2294 0.095698 
2295 0.095698 
2296 -0.126410 
2297 -0.372661 
2298 0.095698 
2299 0.408731 
2300 -0.003790 
2301 0.237608 
2302 0.107708 
2303 0.095698 
2304 -0.278373 
2305 -0.268911 
2306 -0.186536 
2307 -0.253146 
2308 0.045508 
2309 -0.218845 
2310 -0.365378 
2311 0.078494 
2312 0.283730 
2313 0.306038 
