958 1
0 -5.318540 
1 -3.197142 
2 -3.316542 
3 -3.380126 
4 -3.101040 
5 -2.216491 
6 -2.373608 
7 -1.593599 
8 -2.482076 
9 -2.045044 
10 -1.387697 
11 -1.667697 
12 -1.550503 
13 -1.668955 
14 -1.653502 
15 -1.159867 
16 -1.267172 
17 -1.429381 
18 -1.695929 
19 -1.469781 
20 -2.025613 
21 -0.667976 
22 -1.700831 
23 -1.792612 
24 -0.941093 
25 -1.981165 
26 -1.275960 
27 -1.407627 
28 -2.008248 
29 -0.900778 
30 -1.767169 
31 -0.527642 
32 -1.766388 
33 -1.839362 
34 -1.569163 
35 0.371344 
36 -0.568624 
37 -1.140685 
38 -0.841082 
39 -2.113192 
40 -1.902600 
41 0.513511 
42 -1.673752 
43 -1.627653 
44 -0.998486 
45 -0.907312 
46 -1.805148 
47 -1.528000 
48 -1.543549 
49 -0.590674 
50 -1.655800 
51 -1.582049 
52 -1.383495 
53 -1.465363 
54 -1.170693 
55 -1.287932 
56 -1.487179 
57 -1.544212 
58 -1.248807 
59 -0.955865 
60 -1.568901 
61 -1.069712 
62 -1.058429 
63 -1.731709 
64 -0.540554 
65 -1.611121 
66 -1.212846 
67 -1.780468 
68 -1.961163 
69 -1.503359 
70 -0.869079 
71 -0.917483 
72 -1.551325 
73 -1.543382 
74 -1.069153 
75 -1.140897 
76 -1.605703 
77 -1.622399 
78 -1.384655 
79 -0.195108 
80 -0.820072 
81 -1.683754 
82 -1.535551 
83 -1.248712 
84 -1.756254 
85 -0.806592 
86 -1.566731 
87 -1.049517 
88 -1.297117 
89 -1.724811 
90 -0.783774 
91 -1.249200 
92 -2.225320 
93 -0.828336 
94 -1.329343 
95 -0.150678 
96 -1.723021 
97 -1.847100 
98 -0.476827 
99 -0.637413 
100 -0.791512 
101 -2.088394 
102 -1.202286 
103 -0.210369 
104 -1.371738 
105 -0.765388 
106 -1.605352 
107 -1.228691 
108 0.716543 
109 -1.110509 
110 -1.670063 
111 -1.997753 
112 0.435512 
113 -2.410690 
114 -0.500260 
115 -1.261227 
116 -1.111388 
117 -1.167763 
118 -0.406124 
119 -2.012068 
120 -1.407320 
121 0.257365 
122 -1.150413 
123 -1.994552 
124 -1.905347 
125 -1.534154 
126 -1.060876 
127 -0.117228 
128 -1.727814 
129 -1.803185 
130 1.078385 
131 0.350770 
132 -0.963252 
133 -1.187250 
134 -1.137213 
135 -0.867296 
136 -1.875048 
137 -0.416077 
138 -0.775499 
139 -1.535697 
140 -0.309409 
141 -1.121411 
142 -1.664304 
143 -1.708302 
144 -1.740276 
145 -0.697816 
146 -1.016804 
147 -1.325133 
148 -1.756616 
149 -1.199015 
150 -1.486746 
151 -0.350361 
152 -1.432554 
153 -2.279596 
154 -0.631974 
155 0.185004 
156 -1.636428 
157 -1.535967 
158 -1.281557 
159 -0.150744 
160 -1.446911 
161 -1.002409 
162 -1.480528 
163 -1.028180 
164 0.575410 
165 -1.846926 
166 -1.712946 
167 -1.046985 
168 -1.411282 
169 -1.284012 
170 -1.059024 
171 -1.223150 
172 -0.216261 
173 -1.524905 
174 -1.305684 
175 -1.602963 
176 -0.697244 
177 -1.889921 
178 -0.472520 
179 -1.541035 
180 -1.893921 
181 -1.492526 
182 -1.577706 
183 0.538521 
184 -0.492790 
185 -2.128053 
186 -0.912605 
187 -0.953048 
188 -0.450638 
189 -1.595697 
190 -1.135963 
191 -1.653319 
192 -1.771279 
193 -1.074075 
194 -0.260007 
195 -1.642824 
196 -1.623847 
197 -1.540376 
198 -0.888023 
199 -0.724245 
200 -0.999692 
201 -1.548558 
202 -1.287031 
203 -1.128201 
204 -1.411996 
205 -1.455989 
206 -1.508735 
207 -0.516129 
208 -1.070560 
209 -1.351268 
210 -1.177412 
211 -1.370194 
212 -1.070011 
213 -1.135635 
214 -1.097623 
215 -1.668754 
216 -1.397187 
217 -1.106433 
218 -1.425774 
219 -1.071592 
220 -1.575251 
221 -0.149393 
222 -1.679805 
223 -1.289861 
224 -0.812313 
225 -0.808914 
226 -1.086244 
227 -2.047583 
228 -1.073372 
229 -2.091189 
230 -1.000115 
231 -0.456948 
232 -1.895809 
233 -0.576851 
234 -0.658472 
235 -1.579700 
236 -1.191556 
237 -0.524483 
238 -0.518075 
239 -1.830036 
240 -1.786002 
241 -1.452552 
242 -1.418959 
243 -0.106477 
244 -0.998887 
245 -1.604206 
246 -1.581737 
247 -0.693893 
248 -1.353758 
249 -1.268167 
250 -1.741609 
251 -0.411747 
252 -0.040935 
253 -0.965117 
254 -1.573406 
255 -1.893194 
256 -0.642208 
257 -1.137527 
258 -1.409585 
259 -1.715024 
260 -1.634266 
261 -1.606403 
262 -0.700770 
263 -0.678606 
264 -2.004983 
265 -1.146877 
266 -0.978719 
267 -0.442013 
268 -1.957063 
269 -0.462744 
270 -0.641508 
271 -1.488015 
272 -0.581661 
273 -1.543674 
274 0.650404 
275 -1.752980 
276 0.714166 
277 -1.600520 
278 -0.875834 
279 -1.121546 
280 -1.748016 
281 -2.165084 
282 -0.036926 
283 -0.208384 
284 -1.572461 
285 -1.645087 
286 0.270488 
287 -1.469150 
288 -0.136565 
289 -1.138826 
290 -1.693193 
291 -1.276634 
292 -0.992127 
293 -1.197931 
294 -0.725643 
295 -0.906777 
296 -0.894186 
297 -1.189104 
298 -0.922900 
299 -0.823090 
300 -0.928344 
301 -1.461314 
302 0.342783 
303 -1.534232 
304 -1.170207 
305 -1.656324 
306 0.135181 
307 -0.954347 
308 -0.917736 
309 -0.890492 
310 -0.917085 
311 -1.085100 
312 -1.093492 
313 -1.257537 
314 -0.722078 
315 -0.724349 
316 -0.599463 
317 -1.098925 
318 -1.154552 
319 -0.934598 
320 -0.707578 
321 -1.465486 
322 -0.124110 
323 -1.390583 
324 -1.477550 
325 -0.744162 
326 -0.338298 
327 -1.334827 
328 -0.990135 
329 -0.118484 
330 -1.293584 
331 -1.303017 
332 -1.230004 
333 -0.172639 
334 -0.936202 
335 -1.405280 
336 -0.885931 
337 -1.072971 
338 -0.893751 
339 -1.030926 
340 -1.722179 
341 -0.571770 
342 -0.749517 
343 -0.506555 
344 -0.809476 
345 -1.253661 
346 -0.993490 
347 -0.650000 
348 -1.001606 
349 -1.353265 
350 -0.409563 
351 -1.070665 
352 -1.279809 
353 -0.772179 
354 -0.463085 
355 -1.314067 
356 -0.803686 
357 -0.692881 
358 -1.340421 
359 -0.958275 
360 -0.943801 
361 -0.361555 
362 -0.746557 
363 -1.658600 
364 -0.802036 
365 -1.587343 
366 -0.850265 
367 -0.499353 
368 -0.824041 
369 -0.973299 
370 -0.932106 
371 -1.123903 
372 -1.251803 
373 -1.180872 
374 -0.892792 
375 -0.405876 
376 -1.668844 
377 -1.117465 
378 -0.712762 
379 -0.096649 
380 0.410282 
381 -1.508694 
382 -1.260149 
383 -1.226000 
384 -0.823639 
385 -1.221559 
386 -0.218793 
387 -1.484655 
388 -1.426377 
389 -0.872589 
390 -1.204229 
391 -0.196286 
392 -1.644338 
393 -0.341850 
394 -0.582099 
395 -1.168378 
396 -1.727624 
397 -0.644990 
398 -0.627660 
399 -0.750973 
400 -1.424341 
401 -1.378003 
402 -0.821028 
403 -0.154020 
404 -0.397842 
405 -1.116794 
406 -1.087101 
407 -1.262661 
408 -1.087647 
409 -0.598298 
410 -1.335262 
411 -0.814296 
412 -1.061723 
413 -0.449043 
414 -1.273682 
415 -0.994523 
416 -1.485663 
417 -1.317482 
418 -0.481234 
419 -0.538939 
420 -1.916938 
421 -0.013589 
422 -0.712551 
423 -0.992722 
424 -0.665759 
425 -1.721778 
426 -0.163343 
427 -1.221037 
428 -0.979943 
429 -1.471087 
430 -0.444077 
431 -0.981610 
432 -1.305808 
433 -1.348830 
434 -0.496914 
435 -0.727400 
436 -1.571584 
437 -1.533072 
438 -0.239731 
439 -0.473763 
440 -1.733745 
441 -0.298206 
442 -0.623910 
443 -1.111558 
444 -1.288302 
445 -1.357490 
446 -0.543809 
447 -0.651915 
448 -0.914417 
449 -1.736623 
450 -0.926603 
451 -0.033445 
452 -1.829479 
453 -1.577679 
454 0.501496 
455 -0.418738 
456 -1.261644 
457 -0.525063 
458 -1.161510 
459 -0.865589 
460 -0.760157 
461 -0.402962 
462 -1.802654 
463 -0.834469 
464 -0.347170 
465 -1.713385 
466 -0.244524 
467 -1.441675 
468 -1.356661 
469 -0.999933 
470 -0.831555 
471 -0.697299 
472 -0.089353 
473 -1.760837 
474 -0.426613 
475 -1.453408 
476 -1.440162 
477 -1.026246 
478 -1.062997 
479 -0.380061 
480 -1.349125 
481 -1.473568 
482 -0.667892 
483 -0.244233 
484 -0.661769 
485 -1.660184 
486 -1.353061 
487 -0.164911 
488 -0.565207 
489 -0.693241 
490 -1.654552 
491 -0.859746 
492 -0.697230 
493 -0.648956 
494 -1.359529 
495 -1.151744 
496 -0.916681 
497 -1.265118 
498 -0.955860 
499 -0.755541 
500 -1.224469 
501 0.396383 
502 -1.621776 
503 -1.258517 
504 -0.732110 
505 -1.068814 
506 -1.129243 
507 -0.913134 
508 0.321953 
509 -1.449492 
510 -0.991946 
511 -1.639669 
512 -1.289587 
513 -1.410262 
514 -0.795569 
515 -0.442343 
516 -0.961117 
517 -1.237858 
518 -0.867515 
519 -0.914533 
520 -1.300712 
521 -0.989622 
522 -0.717391 
523 -1.012802 
524 -1.043617 
525 -1.335360 
526 -0.664644 
527 -0.986779 
528 -0.317713 
529 -1.459187 
530 -0.678631 
531 -1.504039 
532 -1.018495 
533 -0.315649 
534 -1.351511 
535 -1.238682 
536 -1.035766 
537 -0.258716 
538 -1.612036 
539 -1.024721 
540 -0.998403 
541 -1.519820 
542 -1.401546 
543 0.015442 
544 -1.378705 
545 -1.550321 
546 -0.876396 
547 -0.211540 
548 -0.028051 
549 -1.166791 
550 -1.491170 
551 -1.307801 
552 -0.601194 
553 -0.490658 
554 -1.230181 
555 -1.583308 
556 -1.540309 
557 -0.656652 
558 -0.343720 
559 -1.361930 
560 -1.355344 
561 -0.844392 
562 -1.035978 
563 -0.693584 
564 -1.281858 
565 -1.893166 
566 0.050687 
567 -0.659536 
568 -1.571023 
569 -0.627941 
570 -0.405059 
571 -1.299621 
572 -0.294139 
573 -1.651798 
574 -0.963250 
575 -1.052133 
576 -1.350477 
577 -0.962785 
578 -1.256924 
579 -0.563530 
580 -0.231027 
581 -0.967906 
582 -0.944624 
583 -1.783187 
584 -0.876853 
585 -1.454136 
586 -0.858656 
587 -0.836499 
588 -1.389840 
589 -1.221334 
590 -0.811225 
591 -0.601870 
592 -1.240051 
593 -1.358282 
594 -0.452416 
595 -0.912032 
596 -0.621478 
597 -0.929772 
598 -1.253921 
599 -1.145289 
600 -0.456208 
601 -1.039522 
602 -1.669866 
603 -0.811010 
604 -1.535447 
605 -1.158961 
606 -1.272417 
607 0.006016 
608 -0.750658 
609 -1.435227 
610 -1.336544 
611 -0.517993 
612 -0.082803 
613 -0.871686 
614 -1.359146 
615 -1.573701 
616 -0.717380 
617 -1.293404 
618 -0.642512 
619 -1.315594 
620 -0.918538 
621 -1.066798 
622 -1.109054 
623 -0.900192 
624 0.208361 
625 -0.359606 
626 -1.959667 
627 -1.659388 
628 -1.404067 
629 -1.009815 
630 -1.290398 
631 -0.245904 
632 -1.511743 
633 -0.455364 
634 -1.649103 
635 -0.322242 
636 -1.060020 
637 -1.133356 
638 -1.519277 
639 -0.357285 
640 -1.289931 
641 -1.026487 
642 -1.302244 
643 -0.409139 
644 -0.695454 
645 -1.563693 
646 -1.256390 
647 -0.395448 
648 -0.462373 
649 -1.603263 
650 -1.516698 
651 -0.465198 
652 -0.950500 
653 -1.174486 
654 -0.671220 
655 -1.205454 
656 -1.294600 
657 -0.435701 
658 -1.230168 
659 -1.063983 
660 -0.905785 
661 -1.187810 
662 -0.738302 
663 -1.180056 
664 -0.780702 
665 -1.418955 
666 -0.750486 
667 -1.057482 
668 -0.916078 
669 -0.759780 
670 -1.537117 
671 -0.682886 
672 -1.330478 
673 -0.481579 
674 -1.175820 
675 -1.047689 
676 -1.622484 
677 -1.072346 
678 -0.604375 
679 -0.681390 
680 -0.422092 
681 -1.386258 
682 -1.235877 
683 -1.017088 
684 -0.827062 
685 -0.975472 
686 -1.097372 
687 -1.230564 
688 -0.981446 
689 -0.918497 
690 -1.022163 
691 -1.095534 
692 -1.417092 
693 -0.813361 
694 -1.133011 
695 -0.634393 
696 -1.097820 
697 -1.459320 
698 -1.366450 
699 -0.162311 
700 -1.336557 
701 -0.992453 
702 -0.828636 
703 -0.829785 
704 -1.187796 
705 -1.069304 
706 -0.727098 
707 -1.098880 
708 -1.453135 
709 -0.273044 
710 -1.112789 
711 -1.262220 
712 -0.980014 
713 -0.782797 
714 -1.338767 
715 -0.997473 
716 -1.241854 
717 -0.997645 
718 -1.199818 
719 -0.527614 
720 -0.352166 
721 -1.401587 
722 -1.576548 
723 -0.622115 
724 -1.382066 
725 0.007417 
726 -1.433204 
727 -1.194458 
728 -1.931437 
729 -0.396148 
730 -1.183308 
731 -0.540367 
732 -0.957511 
733 -0.396641 
734 -1.612485 
735 -1.052136 
736 -0.578071 
737 -0.675847 
738 -1.916241 
739 -0.774391 
740 -0.364857 
741 -1.533276 
742 -0.572577 
743 -1.503911 
744 -1.441801 
745 -1.226801 
746 0.031064 
747 -1.444935 
748 -1.156982 
749 -0.599203 
750 -1.171262 
751 -1.077198 
752 -1.677417 
753 -1.059566 
754 -0.648728 
755 -0.685977 
756 -0.613664 
757 -1.884059 
758 -0.719765 
759 -0.731401 
760 -1.227578 
761 -1.079671 
762 -1.437501 
763 -0.394954 
764 -1.181809 
765 -0.517898 
766 -0.255534 
767 -1.968877 
768 -1.881264 
769 -0.791791 
770 -0.552102 
771 -0.653452 
772 0.157253 
773 -1.293925 
774 -1.065863 
775 -1.571421 
776 -1.018546 
777 -0.240594 
778 -1.066949 
779 -1.645240 
780 -0.528828 
781 -1.237440 
782 -0.602829 
783 -1.586330 
784 -1.094814 
785 -1.105057 
786 -0.638493 
787 -1.119437 
788 -0.986809 
789 -0.437540 
790 -0.928810 
791 -1.578450 
792 -1.335694 
793 -0.277739 
794 -1.338141 
795 -1.026020 
796 -1.116801 
797 -1.742482 
798 -0.180837 
799 -0.846264 
800 -1.317097 
801 -0.760336 
802 -1.033594 
803 -0.895994 
804 -0.682342 
805 -1.388010 
806 -0.545268 
807 -1.290720 
808 -1.418965 
809 -1.074078 
810 -0.281932 
811 -1.159036 
812 -0.660858 
813 -1.581659 
814 -0.675434 
815 -1.147334 
816 -1.264806 
817 -0.405605 
818 -0.679947 
819 -1.497235 
820 -1.479521 
821 -0.690927 
822 -1.081908 
823 -0.664021 
824 -0.729010 
825 -1.519420 
826 -0.195336 
827 -1.547818 
828 -1.440771 
829 -0.407615 
830 -0.616516 
831 -1.567294 
832 -1.116827 
833 -1.092200 
834 -0.762178 
835 -1.121054 
836 -0.616868 
837 -1.476938 
838 -0.874094 
839 -1.027938 
840 -0.930620 
841 -1.377254 
842 -0.750710 
843 -0.949599 
844 -0.667876 
845 -0.680081 
846 -1.208272 
847 -1.508709 
848 -1.301452 
849 -0.701714 
850 -0.354954 
851 -1.728262 
852 -0.813506 
853 -1.214615 
854 -1.127231 
855 -0.955644 
856 -1.613699 
857 -0.816596 
858 -0.639805 
859 -1.010567 
860 -0.848964 
861 -0.149029 
862 -1.669673 
863 -1.464497 
864 -1.263600 
865 -1.299172 
866 -0.659630 
867 -0.940793 
868 -0.579273 
869 -1.148811 
870 -1.309935 
871 -1.057647 
872 -0.832929 
873 -0.847960 
874 -1.631655 
875 -0.858841 
876 -0.375600 
877 -1.243528 
878 -0.396151 
879 -1.944559 
880 -0.107281 
881 -1.376149 
882 -1.154935 
883 -1.420778 
884 -1.723366 
885 -0.735364 
886 0.192663 
887 -1.607061 
888 -0.643380 
889 -0.867267 
890 -1.212325 
891 -1.344060 
892 -1.476255 
893 -0.772272 
894 -0.393772 
895 -1.369977 
896 -1.552751 
897 -1.737478 
898 -0.519077 
899 -0.173259 
900 -0.929214 
901 -1.806608 
902 -1.279016 
903 0.001295 
904 -1.028724 
905 -1.280969 
906 -0.891632 
907 -0.912408 
908 -1.457612 
909 -0.790013 
910 -1.589804 
911 -0.244618 
912 -1.617897 
913 -0.335519 
914 -1.464653 
915 -0.610866 
916 -1.325580 
917 -0.018422 
918 -1.308124 
919 -1.295639 
920 -1.173961 
921 -1.849625 
922 -0.270661 
923 -0.664419 
924 -0.691267 
925 -1.403115 
926 -0.660158 
927 -1.368575 
928 -0.827512 
929 -1.451228 
930 -1.257554 
931 -0.568922 
932 -0.424565 
933 -2.057390 
934 -1.037698 
935 -0.464271 
936 -1.877978 
937 -0.106583 
938 -1.109512 
939 -0.885309 
940 -1.142649 
941 -1.399926 
942 -0.517589 
943 -1.085922 
944 -1.909985 
945 -0.418610 
946 -1.171503 
947 -0.539873 
948 -0.208389 
949 -1.174845 
950 -1.956746 
951 -0.667339 
952 -0.780217 
953 -1.701473 
954 -0.447858 
955 -1.185032 
956 -1.946983 
957 -1.704018 
