39 1
0 -0.390132 
1 -0.065622 
2 -0.460036 
3 0.198162 
4 0.075569 
5 0.372402 
6 0.048514 
7 0.310034 
8 0.360799 
9 -0.065107 
10 0.482935 
11 0.180073 
12 -0.377121 
13 0.390827 
14 0.476524 
15 0.421441 
16 0.322953 
17 -0.459131 
18 0.353905 
19 0.007004 
20 0.224780 
21 -0.127660 
22 0.094575 
23 -0.043186 
24 0.467266 
25 0.348668 
26 -0.156801 
27 0.371322 
28 -0.301157 
29 -0.273042 
30 0.323376 
31 -0.455680 
32 -0.390132 
33 -0.065622 
34 -0.460036 
35 0.198162 
36 0.075569 
37 0.372402 
38 0.048514 
