3031 1
0 0.430226 
1 -0.027955 
2 -0.362742 
3 -0.247062 
4 -0.068481 
5 -0.462609 
6 -0.201297 
7 0.400555 
8 0.272394 
9 -0.004373 
10 -0.162146 
11 -0.489301 
12 0.112587 
13 -0.489301 
14 -0.303681 
15 -0.489301 
16 0.237235 
17 -0.270689 
18 -0.258097 
19 -0.186154 
20 0.200661 
21 0.291036 
22 0.430226 
23 0.434806 
24 0.017939 
25 0.115645 
26 -0.287587 
27 -0.157571 
28 -0.489301 
29 0.060566 
30 -0.113962 
31 -0.489301 
32 -0.489301 
33 -0.489301 
34 -0.260947 
35 -0.340706 
36 0.417348 
37 -0.464781 
38 0.013361 
39 0.474869 
40 -0.194756 
41 -0.268722 
42 -0.408963 
43 0.285963 
44 0.075202 
45 0.141687 
46 0.196055 
47 0.066180 
48 0.371874 
49 0.282459 
50 -0.029740 
51 -0.016259 
52 -0.243029 
53 -0.218079 
54 -0.437265 
55 -0.211495 
56 -0.100372 
57 -0.496682 
58 -0.497896 
59 -0.478123 
60 0.451850 
61 0.138527 
62 -0.414176 
63 -0.408461 
64 0.432549 
65 -0.484327 
66 -0.209042 
67 -0.489301 
68 0.371242 
69 -0.496682 
70 0.175284 
71 0.237235 
72 0.328288 
73 -0.043576 
74 -0.408595 
75 -0.362067 
76 -0.098403 
77 -0.321559 
78 -0.408963 
79 0.259217 
80 0.464987 
81 -0.303681 
82 -0.233617 
83 0.079596 
84 0.435847 
85 0.237235 
86 0.165135 
87 -0.270689 
88 -0.270689 
89 -0.270689 
90 -0.270689 
91 -0.270689 
92 -0.270689 
93 -0.270689 
94 -0.270689 
95 -0.270689 
96 -0.270689 
97 -0.270689 
98 0.474869 
99 -0.194756 
100 -0.268722 
101 -0.270689 
102 0.285963 
103 0.075202 
104 -0.055083 
105 0.141687 
106 0.196055 
107 -0.270689 
108 -0.270689 
109 -0.365856 
110 0.471639 
111 0.006061 
112 0.232828 
113 0.473554 
114 0.292119 
115 -0.270689 
116 -0.270689 
117 0.178085 
118 0.198630 
119 -0.297323 
120 -0.270689 
121 -0.270689 
122 -0.270689 
123 0.478936 
124 -0.270689 
125 -0.270689 
126 -0.270689 
127 -0.270689 
128 -0.270689 
129 -0.493203 
130 0.190962 
131 0.293613 
132 -0.370633 
133 -0.474522 
134 -0.270689 
135 0.328288 
136 -0.270689 
137 -0.270689 
138 0.413398 
139 0.490403 
140 0.014634 
141 0.326143 
142 -0.259688 
143 0.218734 
144 -0.260947 
145 -0.340706 
146 0.187696 
147 -0.303681 
148 0.112587 
149 0.335250 
150 0.101023 
151 0.079225 
152 0.055560 
153 -0.290253 
154 -0.458513 
155 -0.229540 
156 -0.494017 
157 -0.286271 
158 0.328288 
159 -0.122710 
160 0.205742 
161 -0.010595 
162 0.335166 
163 0.335166 
164 0.147481 
165 0.462976 
166 0.144967 
167 -0.470937 
168 -0.470937 
169 -0.378395 
170 -0.303681 
171 0.352175 
172 0.457212 
173 -0.345156 
174 0.115645 
175 -0.258097 
176 0.017939 
177 0.200661 
178 -0.287587 
179 -0.016259 
180 0.136248 
181 -0.243029 
182 -0.211495 
183 -0.157571 
184 -0.186154 
185 0.175284 
186 -0.100372 
187 0.261315 
188 -0.408963 
189 -0.218079 
190 -0.437265 
191 0.291036 
192 -0.069185 
193 0.434806 
194 0.328288 
195 -0.113962 
196 0.112587 
197 0.430226 
198 0.434806 
199 -0.287587 
200 0.371242 
201 0.017939 
202 0.426873 
203 0.175284 
204 0.115645 
205 0.136248 
206 0.257600 
207 0.151196 
208 0.187696 
209 0.371242 
210 0.453174 
211 0.453174 
212 0.446417 
213 0.314552 
214 0.117287 
215 0.486517 
216 -0.106175 
217 -0.495427 
218 -0.045180 
219 0.198913 
220 0.394268 
221 0.064136 
222 -0.319429 
223 0.107477 
224 -0.199051 
225 0.428503 
226 -0.182393 
227 -0.282417 
228 -0.277800 
229 0.066180 
230 0.144967 
231 0.144967 
232 0.144967 
233 0.144967 
234 -0.229540 
235 -0.261876 
236 0.426873 
237 0.112587 
238 -0.434007 
239 -0.434007 
240 0.371874 
241 0.282459 
242 -0.029740 
243 -0.079225 
244 -0.220383 
245 -0.283610 
246 -0.261298 
247 -0.448936 
248 0.284798 
249 0.091339 
250 -0.280202 
251 0.149718 
252 -0.160057 
253 0.439642 
254 -0.071393 
255 0.351840 
256 -0.462609 
257 -0.302602 
258 -0.480705 
259 0.151196 
260 -0.470937 
261 -0.258097 
262 -0.186154 
263 0.291036 
264 0.132316 
265 -0.483819 
266 -0.218034 
267 0.055286 
268 0.136248 
269 -0.065426 
270 -0.185644 
271 0.328288 
272 0.134315 
273 0.112587 
274 -0.141882 
275 0.328288 
276 -0.118267 
277 -0.442585 
278 -0.156409 
279 0.159442 
280 0.250868 
281 0.015839 
282 -0.071527 
283 -0.409631 
284 -0.185644 
285 -0.065426 
286 -0.201297 
287 0.400555 
288 0.272394 
289 0.371242 
290 -0.496682 
291 -0.496682 
292 0.175284 
293 0.237235 
294 0.328288 
295 0.328288 
296 0.328288 
297 0.328288 
298 0.328288 
299 0.328288 
300 0.328288 
301 0.328288 
302 -0.494017 
303 -0.494017 
304 -0.362067 
305 -0.489301 
306 -0.494017 
307 0.237235 
308 -0.408963 
309 0.417348 
310 0.237235 
311 0.237235 
312 -0.464781 
313 -0.303681 
314 -0.270689 
315 0.257600 
316 0.151196 
317 0.237235 
318 0.335166 
319 0.202695 
320 0.237235 
321 -0.270689 
322 0.237235 
323 -0.270689 
324 -0.270689 
325 -0.270689 
326 -0.270689 
327 -0.270689 
328 -0.270689 
329 -0.270689 
330 -0.270689 
331 0.013361 
332 -0.270689 
333 -0.270689 
334 -0.270689 
335 -0.270689 
336 -0.270689 
337 -0.270689 
338 0.474869 
339 -0.194756 
340 -0.268722 
341 -0.270689 
342 0.285963 
343 0.075202 
344 -0.270689 
345 -0.270689 
346 0.141687 
347 0.196055 
348 -0.270689 
349 -0.270689 
350 -0.365856 
351 0.471639 
352 0.006061 
353 0.232828 
354 0.473554 
355 0.292119 
356 -0.270689 
357 -0.270689 
358 0.178085 
359 -0.303681 
360 -0.297323 
361 -0.270689 
362 -0.270689 
363 -0.270689 
364 0.478936 
365 -0.270689 
366 -0.270689 
367 -0.270689 
368 -0.270689 
369 -0.270689 
370 -0.493203 
371 0.190962 
372 0.293613 
373 -0.370633 
374 -0.270689 
375 -0.270689 
376 0.328288 
377 -0.270689 
378 -0.270689 
379 0.413398 
380 0.490403 
381 0.014634 
382 0.326143 
383 -0.259688 
384 0.218734 
385 -0.260947 
386 -0.340706 
387 0.187696 
388 0.187696 
389 -0.303681 
390 0.112587 
391 0.032171 
392 0.484859 
393 0.397090 
394 0.335250 
395 -0.274585 
396 -0.013586 
397 -0.061393 
398 0.438394 
399 0.434906 
400 -0.303681 
401 -0.494017 
402 -0.494017 
403 -0.494017 
404 -0.229540 
405 -0.229540 
406 -0.229540 
407 -0.229540 
408 -0.229540 
409 -0.229540 
410 -0.229540 
411 -0.494017 
412 -0.286271 
413 0.328288 
414 -0.122710 
415 -0.122710 
416 -0.122710 
417 -0.122710 
418 0.205742 
419 -0.303681 
420 0.335166 
421 0.335166 
422 -0.229540 
423 -0.229540 
424 0.147481 
425 0.147481 
426 0.147481 
427 0.147481 
428 0.147481 
429 0.147481 
430 0.147481 
431 0.147481 
432 0.147481 
433 0.147481 
434 0.147481 
435 0.147481 
436 0.147481 
437 0.147481 
438 -0.229540 
439 0.462976 
440 0.462976 
441 0.462976 
442 0.462976 
443 0.462976 
444 0.462976 
445 0.462976 
446 0.462976 
447 0.462976 
448 0.462976 
449 0.462976 
450 0.462976 
451 0.462976 
452 0.462976 
453 0.462976 
454 -0.229540 
455 -0.229540 
456 -0.229540 
457 0.144967 
458 0.144967 
459 0.144967 
460 0.144967 
461 0.144967 
462 0.144967 
463 -0.195206 
464 -0.195206 
465 -0.195206 
466 -0.195206 
467 -0.195206 
468 -0.195206 
469 -0.202872 
470 -0.202872 
471 -0.202872 
472 -0.202872 
473 -0.202872 
474 0.484665 
475 0.484665 
476 0.484665 
477 -0.173347 
478 -0.173347 
479 -0.173347 
480 -0.173347 
481 0.053336 
482 0.053336 
483 0.053336 
484 0.053336 
485 -0.041240 
486 -0.041240 
487 -0.041240 
488 -0.041240 
489 0.240002 
490 0.240002 
491 0.136348 
492 0.136348 
493 0.136348 
494 0.136348 
495 0.136348 
496 0.136348 
497 -0.291447 
498 -0.291447 
499 -0.291447 
500 -0.291447 
501 -0.161107 
502 -0.161107 
503 -0.161107 
504 -0.161107 
505 -0.161107 
506 -0.216680 
507 -0.216680 
508 -0.216680 
509 0.144967 
510 -0.229540 
511 -0.229540 
512 -0.229540 
513 -0.229540 
514 -0.229540 
515 -0.470937 
516 -0.470937 
517 -0.470937 
518 -0.470937 
519 -0.470937 
520 -0.470937 
521 -0.004373 
522 -0.004373 
523 -0.004373 
524 -0.004373 
525 -0.004373 
526 -0.004373 
527 -0.162146 
528 -0.162146 
529 -0.162146 
530 -0.162146 
531 0.335250 
532 0.335250 
533 0.335250 
534 0.335250 
535 -0.497896 
536 -0.497896 
537 -0.497896 
538 -0.497896 
539 0.451850 
540 0.451850 
541 0.451850 
542 0.451850 
543 -0.406524 
544 -0.406524 
545 -0.406524 
546 -0.406524 
547 0.320158 
548 0.320158 
549 -0.470937 
550 -0.229540 
551 -0.470937 
552 -0.470937 
553 -0.470937 
554 -0.470937 
555 -0.470937 
556 -0.470937 
557 -0.470937 
558 -0.470937 
559 -0.470937 
560 -0.470937 
561 -0.470937 
562 -0.470937 
563 -0.470937 
564 -0.470937 
565 -0.470937 
566 -0.470937 
567 -0.470937 
568 -0.470937 
569 -0.470937 
570 -0.470937 
571 -0.470937 
572 -0.470937 
573 -0.470937 
574 -0.470937 
575 -0.470937 
576 -0.470937 
577 -0.470937 
578 -0.470937 
579 -0.470937 
580 -0.470937 
581 -0.470937 
582 -0.470937 
583 -0.470937 
584 0.471197 
585 0.471197 
586 0.471197 
587 0.471197 
588 0.471197 
589 0.471197 
590 -0.260947 
591 -0.260947 
592 -0.260947 
593 -0.260947 
594 -0.340706 
595 -0.340706 
596 -0.340706 
597 -0.340706 
598 -0.470937 
599 -0.470937 
600 -0.470937 
601 -0.470937 
602 -0.378395 
603 -0.378395 
604 -0.378395 
605 -0.378395 
606 -0.378395 
607 -0.378395 
608 -0.378395 
609 -0.378395 
610 -0.378395 
611 -0.378395 
612 -0.378395 
613 -0.378395 
614 0.417348 
615 0.417348 
616 0.417348 
617 0.417348 
618 0.417348 
619 -0.378395 
620 -0.378395 
621 -0.378395 
622 -0.378395 
623 -0.378395 
624 -0.378395 
625 -0.378395 
626 -0.378395 
627 -0.378395 
628 -0.378395 
629 0.361375 
630 0.361375 
631 0.361375 
632 0.361375 
633 0.361375 
634 -0.378395 
635 -0.303681 
636 -0.303681 
637 -0.303681 
638 -0.303681 
639 -0.303681 
640 -0.303681 
641 0.117562 
642 0.117562 
643 0.117562 
644 0.117562 
645 -0.004735 
646 -0.004735 
647 -0.004735 
648 -0.004735 
649 0.352031 
650 0.352031 
651 0.352031 
652 0.352031 
653 0.352031 
654 0.352031 
655 -0.188820 
656 -0.188820 
657 -0.188820 
658 -0.188820 
659 -0.187909 
660 -0.187909 
661 -0.187909 
662 -0.187909 
663 -0.151796 
664 -0.151796 
665 -0.151796 
666 -0.151796 
667 -0.471856 
668 -0.471856 
669 -0.471856 
670 -0.471856 
671 0.448191 
672 0.448191 
673 0.448191 
674 0.448191 
675 0.008134 
676 0.008134 
677 0.008134 
678 0.008134 
679 0.269157 
680 0.269157 
681 -0.331262 
682 -0.331262 
683 -0.331262 
684 -0.331262 
685 -0.303681 
686 -0.229540 
687 0.352175 
688 0.352175 
689 0.352175 
690 0.352175 
691 0.352175 
692 0.352175 
693 -0.407542 
694 -0.407542 
695 -0.407542 
696 -0.407542 
697 -0.407542 
698 0.473259 
699 0.473259 
700 -0.016259 
701 -0.016259 
702 -0.016259 
703 -0.016259 
704 -0.016259 
705 -0.016259 
706 -0.243029 
707 -0.243029 
708 -0.243029 
709 -0.243029 
710 -0.243029 
711 0.352175 
712 -0.229540 
713 -0.229540 
714 0.187696 
715 -0.229540 
716 -0.229540 
717 -0.229540 
718 0.457212 
719 0.457212 
720 0.457212 
721 0.457212 
722 0.457212 
723 0.457212 
724 -0.218079 
725 -0.218079 
726 -0.218079 
727 -0.218079 
728 -0.218079 
729 -0.218079 
730 -0.218079 
731 -0.217268 
732 -0.217268 
733 -0.217268 
734 -0.217268 
735 0.204989 
736 0.204989 
737 0.204989 
738 0.204989 
739 0.046709 
740 0.046709 
741 -0.310588 
742 -0.310588 
743 -0.310588 
744 0.457212 
745 -0.345156 
746 -0.345156 
747 -0.345156 
748 -0.345156 
749 -0.345156 
750 -0.345156 
751 -0.345156 
752 -0.345156 
753 -0.345156 
754 -0.345156 
755 -0.229540 
756 0.115645 
757 0.115645 
758 0.115645 
759 0.115645 
760 0.115645 
761 0.115645 
762 -0.029740 
763 -0.029740 
764 -0.029740 
765 -0.074380 
766 -0.074380 
767 -0.074380 
768 -0.074380 
769 -0.074380 
770 -0.074380 
771 -0.183119 
772 -0.183119 
773 -0.183119 
774 -0.183119 
775 0.430560 
776 0.430560 
777 0.430560 
778 0.430560 
779 0.374152 
780 0.374152 
781 0.374152 
782 0.374152 
783 0.247953 
784 0.247953 
785 0.247953 
786 0.247953 
787 0.030401 
788 0.030401 
789 0.030401 
790 0.030401 
791 0.323599 
792 0.323599 
793 0.311852 
794 0.311852 
795 0.311852 
796 0.311852 
797 0.311852 
798 0.311852 
799 0.311852 
800 -0.315887 
801 -0.315887 
802 -0.315887 
803 -0.315887 
804 0.131361 
805 0.131361 
806 0.131361 
807 0.131361 
808 -0.098403 
809 -0.098403 
810 -0.098403 
811 0.115645 
812 -0.258097 
813 -0.258097 
814 -0.258097 
815 -0.258097 
816 -0.258097 
817 -0.258097 
818 0.049401 
819 0.049401 
820 0.049401 
821 0.049401 
822 0.049401 
823 0.049401 
824 -0.456851 
825 -0.456851 
826 -0.456851 
827 -0.456851 
828 0.216582 
829 0.216582 
830 0.216582 
831 0.216582 
832 0.032171 
833 0.032171 
834 0.032171 
835 -0.173347 
836 -0.173347 
837 -0.173347 
838 -0.173347 
839 -0.258097 
840 -0.258097 
841 -0.258097 
842 -0.258097 
843 -0.258097 
844 -0.258097 
845 -0.258097 
846 -0.258097 
847 -0.258097 
848 -0.258097 
849 -0.258097 
850 -0.258097 
851 -0.258097 
852 -0.258097 
853 -0.258097 
854 -0.258097 
855 -0.258097 
856 -0.258097 
857 -0.188787 
858 -0.188787 
859 -0.188787 
860 -0.188787 
861 -0.188787 
862 -0.258097 
863 -0.229540 
864 -0.229540 
865 -0.229540 
866 -0.229540 
867 -0.229540 
868 -0.229540 
869 -0.229540 
870 -0.229540 
871 -0.229540 
872 0.017939 
873 0.017939 
874 0.017939 
875 0.017939 
876 0.017939 
877 0.017939 
878 -0.410418 
879 -0.410418 
880 -0.410418 
881 -0.410418 
882 0.017939 
883 0.017939 
884 0.464987 
885 0.464987 
886 0.464987 
887 0.464987 
888 0.464987 
889 0.464987 
890 -0.233617 
891 -0.233617 
892 -0.233617 
893 -0.233617 
894 0.079596 
895 0.079596 
896 0.079596 
897 0.079596 
898 0.435847 
899 0.435847 
900 0.435847 
901 0.435847 
902 0.198630 
903 0.198630 
904 0.198630 
905 0.198630 
906 -0.474522 
907 -0.474522 
908 -0.474522 
909 -0.474522 
910 -0.474522 
911 0.335250 
912 0.335250 
913 0.335250 
914 0.335250 
915 -0.497896 
916 -0.497896 
917 -0.497896 
918 -0.497896 
919 0.451850 
920 0.451850 
921 0.451850 
922 0.451850 
923 0.138527 
924 0.138527 
925 0.138527 
926 0.138527 
927 -0.408595 
928 -0.408595 
929 -0.408595 
930 0.017939 
931 -0.229540 
932 -0.229540 
933 0.200661 
934 0.200661 
935 0.200661 
936 0.200661 
937 0.200661 
938 0.200661 
939 -0.414176 
940 -0.414176 
941 -0.414176 
942 -0.414176 
943 -0.414176 
944 -0.414176 
945 -0.233617 
946 -0.233617 
947 -0.233617 
948 -0.233617 
949 -0.233617 
950 -0.233617 
951 0.079596 
952 0.079596 
953 0.079596 
954 0.079596 
955 0.435847 
956 0.435847 
957 0.435847 
958 0.435847 
959 0.198630 
960 0.198630 
961 0.198630 
962 0.198630 
963 -0.474522 
964 -0.474522 
965 -0.474522 
966 -0.474522 
967 -0.259688 
968 -0.259688 
969 -0.259688 
970 -0.259688 
971 0.218734 
972 0.218734 
973 0.218734 
974 0.218734 
975 0.350561 
976 0.350561 
977 0.076124 
978 0.076124 
979 0.076124 
980 0.076124 
981 0.076124 
982 0.076124 
983 0.076124 
984 0.200661 
985 -0.287587 
986 -0.287587 
987 -0.287587 
988 -0.287587 
989 -0.287587 
990 -0.287587 
991 -0.044596 
992 -0.044596 
993 -0.044596 
994 -0.044596 
995 -0.044596 
996 -0.216202 
997 -0.216202 
998 -0.216202 
999 -0.216202 
1000 -0.387795 
1001 -0.387795 
1002 -0.387795 
1003 -0.387795 
1004 0.109625 
1005 0.109625 
1006 0.109625 
1007 0.109625 
1008 0.054181 
1009 0.054181 
1010 0.054181 
1011 0.054181 
1012 0.241354 
1013 0.241354 
1014 0.241354 
1015 0.241354 
1016 0.228428 
1017 0.228428 
1018 0.228428 
1019 0.228428 
1020 -0.418284 
1021 -0.418284 
1022 -0.418284 
1023 -0.418284 
1024 0.134026 
1025 0.134026 
1026 0.134026 
1027 0.134026 
1028 0.367070 
1029 0.367070 
1030 -0.007759 
1031 -0.007759 
1032 -0.007759 
1033 -0.007759 
1034 -0.007759 
1035 -0.007759 
1036 -0.007759 
1037 -0.287587 
1038 -0.016259 
1039 -0.016259 
1040 -0.016259 
1041 -0.016259 
1042 -0.016259 
1043 -0.016259 
1044 0.017153 
1045 0.017153 
1046 0.017153 
1047 0.017153 
1048 0.017153 
1049 0.017153 
1050 0.268458 
1051 0.268458 
1052 0.268458 
1053 0.127934 
1054 0.127934 
1055 0.127934 
1056 0.127934 
1057 0.076124 
1058 0.076124 
1059 0.076124 
1060 0.076124 
1061 -0.044596 
1062 -0.044596 
1063 -0.044596 
1064 -0.044596 
1065 -0.216202 
1066 -0.216202 
1067 -0.216202 
1068 -0.216202 
1069 -0.387795 
1070 -0.387795 
1071 -0.387795 
1072 -0.387795 
1073 0.357363 
1074 0.357363 
1075 0.357363 
1076 0.357363 
1077 -0.345857 
1078 -0.345857 
1079 -0.345857 
1080 -0.345857 
1081 -0.345857 
1082 0.138527 
1083 0.141449 
1084 0.141449 
1085 0.141449 
1086 0.141449 
1087 0.141449 
1088 -0.016259 
1089 -0.229540 
1090 0.366952 
1091 0.136248 
1092 0.136248 
1093 0.136248 
1094 0.136248 
1095 0.136248 
1096 0.136248 
1097 0.235014 
1098 -0.414176 
1099 -0.414176 
1100 -0.414176 
1101 -0.414176 
1102 -0.408461 
1103 -0.408461 
1104 0.387848 
1105 0.387848 
1106 0.387848 
1107 0.387848 
1108 0.387848 
1109 0.387848 
1110 0.457021 
1111 0.457021 
1112 0.457021 
1113 0.457021 
1114 -0.011410 
1115 -0.011410 
1116 0.327365 
1117 0.327365 
1118 0.327365 
1119 0.327365 
1120 0.327365 
1121 0.327365 
1122 0.327365 
1123 -0.376995 
1124 -0.376995 
1125 -0.376995 
1126 -0.376995 
1127 0.293902 
1128 0.293902 
1129 0.293902 
1130 0.293902 
1131 -0.315887 
1132 -0.315887 
1133 -0.063562 
1134 -0.063562 
1135 -0.063562 
1136 0.136248 
1137 -0.243029 
1138 -0.243029 
1139 -0.243029 
1140 -0.243029 
1141 -0.243029 
1142 -0.243029 
1143 0.220326 
1144 0.220326 
1145 0.131361 
1146 0.131361 
1147 0.131361 
1148 0.131361 
1149 0.049401 
1150 0.049401 
1151 -0.074380 
1152 -0.074380 
1153 -0.074380 
1154 -0.074380 
1155 -0.074380 
1156 -0.074380 
1157 -0.183119 
1158 -0.183119 
1159 -0.183119 
1160 -0.183119 
1161 0.430560 
1162 0.430560 
1163 0.430560 
1164 0.430560 
1165 0.374152 
1166 0.374152 
1167 0.374152 
1168 0.374152 
1169 0.247953 
1170 0.247953 
1171 0.247953 
1172 0.247953 
1173 0.030401 
1174 0.030401 
1175 0.030401 
1176 0.030401 
1177 0.323599 
1178 0.323599 
1179 -0.145156 
1180 -0.145156 
1181 -0.145156 
1182 -0.145156 
1183 -0.145156 
1184 -0.145156 
1185 -0.145156 
1186 0.234366 
1187 -0.243029 
1188 -0.211495 
1189 -0.211495 
1190 -0.211495 
1191 -0.211495 
1192 -0.211495 
1193 -0.211495 
1194 0.429250 
1195 0.429250 
1196 0.429250 
1197 0.429250 
1198 0.429250 
1199 0.429250 
1200 0.212193 
1201 0.212193 
1202 0.212193 
1203 0.212193 
1204 0.228428 
1205 0.228428 
1206 0.228428 
1207 0.228428 
1208 -0.418284 
1209 -0.418284 
1210 -0.418284 
1211 -0.418284 
1212 0.134026 
1213 0.134026 
1214 0.134026 
1215 0.134026 
1216 0.367070 
1217 0.367070 
1218 0.367070 
1219 0.367070 
1220 0.367070 
1221 0.437790 
1222 0.437790 
1223 0.437790 
1224 -0.362742 
1225 -0.362742 
1226 -0.362742 
1227 -0.362742 
1228 -0.362742 
1229 -0.362742 
1230 -0.086342 
1231 -0.086342 
1232 -0.086342 
1233 -0.086342 
1234 0.457212 
1235 0.457212 
1236 0.457212 
1237 0.457212 
1238 0.457212 
1239 -0.211495 
1240 0.060566 
1241 0.060566 
1242 0.060566 
1243 0.060566 
1244 0.060566 
1245 0.060566 
1246 0.060566 
1247 -0.478123 
1248 -0.478123 
1249 -0.478123 
1250 -0.478123 
1251 -0.478123 
1252 -0.478123 
1253 0.255717 
1254 0.255717 
1255 0.255717 
1256 0.255717 
1257 -0.201297 
1258 -0.201297 
1259 -0.201297 
1260 -0.201297 
1261 0.400555 
1262 0.400555 
1263 0.400555 
1264 0.400555 
1265 0.272394 
1266 0.272394 
1267 0.272394 
1268 0.272394 
1269 0.311852 
1270 0.311852 
1271 0.311852 
1272 0.311852 
1273 0.311852 
1274 0.311852 
1275 0.352031 
1276 0.352031 
1277 0.352031 
1278 0.352031 
1279 -0.188820 
1280 -0.188820 
1281 -0.188820 
1282 -0.188820 
1283 -0.187909 
1284 -0.187909 
1285 -0.187909 
1286 -0.187909 
1287 -0.187909 
1288 -0.110122 
1289 -0.110122 
1290 -0.110122 
1291 0.060566 
1292 -0.157571 
1293 -0.157571 
1294 -0.157571 
1295 -0.157571 
1296 -0.157571 
1297 -0.157571 
1298 0.273488 
1299 0.273488 
1300 0.273488 
1301 0.273488 
1302 0.273488 
1303 0.273488 
1304 0.445462 
1305 0.445462 
1306 0.445462 
1307 0.445462 
1308 -0.476569 
1309 -0.476569 
1310 -0.476569 
1311 -0.476569 
1312 0.348515 
1313 0.348515 
1314 0.348515 
1315 0.348515 
1316 -0.146740 
1317 -0.146740 
1318 -0.146740 
1319 -0.146740 
1320 0.484859 
1321 0.484859 
1322 0.484859 
1323 0.484859 
1324 0.484859 
1325 0.484859 
1326 0.397090 
1327 0.397090 
1328 0.397090 
1329 0.397090 
1330 0.228428 
1331 0.228428 
1332 0.228428 
1333 0.228428 
1334 -0.418284 
1335 -0.418284 
1336 -0.418284 
1337 -0.418284 
1338 -0.418284 
1339 0.134026 
1340 0.134026 
1341 0.134026 
1342 0.134026 
1343 0.134026 
1344 0.134026 
1345 0.134026 
1346 -0.157571 
1347 -0.186154 
1348 -0.186154 
1349 -0.186154 
1350 -0.186154 
1351 -0.186154 
1352 -0.186154 
1353 -0.186154 
1354 -0.186154 
1355 0.367070 
1356 0.367070 
1357 -0.260431 
1358 -0.260431 
1359 -0.260431 
1360 -0.260431 
1361 -0.260431 
1362 -0.260431 
1363 -0.403049 
1364 -0.403049 
1365 -0.403049 
1366 -0.403049 
1367 -0.160149 
1368 -0.160149 
1369 -0.160149 
1370 -0.160149 
1371 0.073120 
1372 0.073120 
1373 0.073120 
1374 0.073120 
1375 -0.203955 
1376 -0.203955 
1377 -0.203955 
1378 -0.203955 
1379 0.218607 
1380 0.218607 
1381 0.218607 
1382 0.218607 
1383 0.273533 
1384 0.273533 
1385 0.273533 
1386 0.273533 
1387 -0.206552 
1388 -0.206552 
1389 -0.206552 
1390 -0.206552 
1391 -0.206552 
1392 -0.391284 
1393 -0.391284 
1394 -0.186154 
1395 -0.186154 
1396 -0.186154 
1397 -0.186154 
1398 0.175284 
1399 0.175284 
1400 0.175284 
1401 0.175284 
1402 0.175284 
1403 0.175284 
1404 -0.401116 
1405 -0.401116 
1406 -0.401116 
1407 -0.401116 
1408 -0.401116 
1409 -0.401116 
1410 -0.164403 
1411 -0.164403 
1412 -0.164403 
1413 -0.164403 
1414 -0.347966 
1415 -0.347966 
1416 -0.347966 
1417 -0.347966 
1418 0.245100 
1419 0.245100 
1420 0.245100 
1421 0.245100 
1422 0.077803 
1423 0.077803 
1424 0.077803 
1425 0.077803 
1426 0.077803 
1427 -0.004373 
1428 -0.004373 
1429 -0.004373 
1430 -0.004373 
1431 -0.004373 
1432 -0.162146 
1433 -0.162146 
1434 -0.162146 
1435 -0.162146 
1436 0.335250 
1437 0.335250 
1438 0.335250 
1439 0.335250 
1440 -0.497896 
1441 -0.497896 
1442 -0.497896 
1443 -0.497896 
1444 0.451850 
1445 0.451850 
1446 0.451850 
1447 0.451850 
1448 0.413492 
1449 0.413492 
1450 0.413492 
1451 0.175284 
1452 -0.100372 
1453 -0.100372 
1454 -0.100372 
1455 -0.100372 
1456 -0.100372 
1457 -0.100372 
1458 0.138527 
1459 0.138527 
1460 0.138527 
1461 0.138527 
1462 -0.158336 
1463 -0.158336 
1464 -0.158336 
1465 0.189347 
1466 0.189347 
1467 0.189347 
1468 0.189347 
1469 -0.322494 
1470 -0.322494 
1471 -0.322494 
1472 -0.322494 
1473 0.190559 
1474 0.190559 
1475 0.190559 
1476 0.190559 
1477 -0.096936 
1478 -0.096936 
1479 -0.096936 
1480 -0.096936 
1481 -0.323836 
1482 -0.323836 
1483 -0.323836 
1484 -0.323836 
1485 0.308134 
1486 0.308134 
1487 0.308134 
1488 0.308134 
1489 -0.157517 
1490 -0.157517 
1491 -0.437265 
1492 -0.437265 
1493 -0.437265 
1494 -0.437265 
1495 -0.437265 
1496 -0.437265 
1497 -0.437265 
1498 0.328288 
1499 0.328288 
1500 0.328288 
1501 0.328288 
1502 0.328288 
1503 -0.100372 
1504 0.261315 
1505 0.261315 
1506 0.261315 
1507 0.261315 
1508 0.261315 
1509 0.261315 
1510 0.112587 
1511 0.112587 
1512 0.112587 
1513 0.112587 
1514 0.112587 
1515 0.112587 
1516 0.187696 
1517 0.187696 
1518 0.187696 
1519 0.187696 
1520 0.200661 
1521 0.200661 
1522 0.200661 
1523 0.200661 
1524 -0.211495 
1525 -0.211495 
1526 -0.173347 
1527 -0.173347 
1528 -0.173347 
1529 -0.173347 
1530 -0.173347 
1531 -0.173347 
1532 0.053336 
1533 0.053336 
1534 0.053336 
1535 0.053336 
1536 -0.041240 
1537 -0.041240 
1538 -0.041240 
1539 -0.041240 
1540 0.240002 
1541 0.240002 
1542 0.240002 
1543 0.240002 
1544 0.327365 
1545 0.327365 
1546 0.327365 
1547 0.327365 
1548 -0.376995 
1549 -0.376995 
1550 -0.376995 
1551 -0.376995 
1552 0.293902 
1553 0.293902 
1554 0.293902 
1555 0.293902 
1556 -0.315887 
1557 -0.315887 
1558 -0.408461 
1559 -0.408461 
1560 -0.408461 
1561 -0.408461 
1562 -0.408461 
1563 -0.408461 
1564 -0.408461 
1565 0.432549 
1566 0.432549 
1567 0.432549 
1568 0.432549 
1569 -0.484327 
1570 -0.484327 
1571 -0.484327 
1572 -0.484327 
1573 -0.484327 
1574 0.261315 
1575 -0.408963 
1576 -0.408963 
1577 -0.408963 
1578 -0.408963 
1579 -0.408963 
1580 -0.408963 
1581 -0.209042 
1582 -0.209042 
1583 -0.209042 
1584 -0.209042 
1585 -0.209042 
1586 -0.209042 
1587 0.202695 
1588 0.202695 
1589 0.202695 
1590 0.202695 
1591 0.484665 
1592 0.484665 
1593 -0.286271 
1594 -0.286271 
1595 -0.286271 
1596 -0.286271 
1597 -0.286271 
1598 -0.286271 
1599 0.205742 
1600 0.205742 
1601 0.205742 
1602 0.205742 
1603 -0.010595 
1604 -0.010595 
1605 -0.010595 
1606 -0.010595 
1607 0.028830 
1608 0.028830 
1609 0.028830 
1610 0.028830 
1611 -0.345156 
1612 -0.345156 
1613 -0.345156 
1614 -0.345156 
1615 0.429250 
1616 0.429250 
1617 0.429250 
1618 0.429250 
1619 0.212193 
1620 0.212193 
1621 0.212193 
1622 0.212193 
1623 -0.117174 
1624 -0.117174 
1625 -0.117174 
1626 -0.117174 
1627 -0.117174 
1628 0.337332 
1629 0.337332 
1630 -0.408963 
1631 -0.218079 
1632 -0.218079 
1633 -0.218079 
1634 -0.218079 
1635 -0.218079 
1636 -0.218079 
1637 0.246304 
1638 0.246304 
1639 0.246304 
1640 0.246304 
1641 0.246304 
1642 0.014233 
1643 0.014233 
1644 0.014233 
1645 0.014233 
1646 0.413135 
1647 0.413135 
1648 0.413135 
1649 0.413135 
1650 -0.173528 
1651 -0.173528 
1652 -0.173528 
1653 -0.173528 
1654 0.493167 
1655 0.493167 
1656 0.493167 
1657 0.493167 
1658 -0.131162 
1659 -0.131162 
1660 -0.131162 
1661 -0.131162 
1662 -0.131162 
1663 0.219789 
1664 0.219789 
1665 0.219789 
1666 -0.287429 
1667 -0.287429 
1668 -0.287429 
1669 -0.287429 
1670 -0.287429 
1671 -0.287429 
1672 -0.200321 
1673 -0.200321 
1674 -0.200321 
1675 -0.200321 
1676 0.084254 
1677 0.084254 
1678 0.084254 
1679 0.084254 
1680 0.084254 
1681 -0.218079 
1682 -0.437265 
1683 -0.437265 
1684 -0.437265 
1685 -0.437265 
1686 -0.437265 
1687 -0.437265 
1688 0.225508 
1689 0.225508 
1690 0.225508 
1691 0.225508 
1692 0.225508 
1693 -0.431418 
1694 -0.431418 
1695 -0.431418 
1696 -0.431418 
1697 -0.431418 
1698 -0.085734 
1699 -0.085734 
1700 -0.085734 
1701 0.172908 
1702 0.172908 
1703 0.172908 
1704 0.172908 
1705 0.188197 
1706 0.188197 
1707 0.188197 
1708 0.188197 
1709 0.003108 
1710 0.003108 
1711 0.003108 
1712 0.003108 
1713 -0.123133 
1714 -0.123133 
1715 -0.123133 
1716 -0.123133 
1717 0.227778 
1718 0.227778 
1719 0.227778 
1720 0.227778 
1721 0.423802 
1722 0.423802 
1723 0.423802 
1724 0.423802 
1725 0.057444 
1726 0.057444 
1727 0.057444 
1728 0.057444 
1729 0.057444 
1730 -0.400719 
1731 -0.400719 
1732 -0.437265 
1733 0.291036 
1734 0.291036 
1735 0.291036 
1736 0.291036 
1737 0.291036 
1738 0.291036 
1739 -0.259688 
1740 -0.259688 
1741 -0.259688 
1742 -0.259688 
1743 -0.259688 
1744 0.218734 
1745 0.218734 
1746 0.218734 
1747 0.218734 
1748 0.125617 
1749 0.125617 
1750 0.125617 
1751 0.125617 
1752 0.476425 
1753 0.476425 
1754 0.476425 
1755 0.476425 
1756 -0.238144 
1757 -0.238144 
1758 -0.238144 
1759 -0.238144 
1760 -0.432215 
1761 -0.432215 
1762 -0.432215 
1763 -0.432215 
1764 -0.432215 
1765 0.291036 
1766 0.291036 
1767 0.291036 
1768 0.291036 
1769 0.291036 
1770 0.291036 
1771 0.291036 
1772 0.291036 
1773 0.291036 
1774 0.291036 
1775 0.291036 
1776 0.291036 
1777 0.291036 
1778 0.291036 
1779 -0.079225 
1780 -0.079225 
1781 -0.079225 
1782 -0.079225 
1783 -0.079225 
1784 0.291036 
1785 -0.069185 
1786 -0.069185 
1787 -0.069185 
1788 -0.069185 
1789 -0.069185 
1790 -0.069185 
1791 0.065141 
1792 0.065141 
1793 0.065141 
1794 0.065141 
1795 0.414817 
1796 0.414817 
1797 -0.464781 
1798 -0.464781 
1799 -0.464781 
1800 -0.464781 
1801 -0.464781 
1802 -0.464781 
1803 0.013361 
1804 0.013361 
1805 0.013361 
1806 0.013361 
1807 0.474869 
1808 0.474869 
1809 0.474869 
1810 0.474869 
1811 -0.194756 
1812 -0.194756 
1813 -0.194756 
1814 -0.194756 
1815 -0.268722 
1816 -0.268722 
1817 -0.268722 
1818 -0.268722 
1819 0.285963 
1820 0.285963 
1821 0.285963 
1822 0.285963 
1823 0.075202 
1824 0.075202 
1825 0.075202 
1826 0.075202 
1827 0.141687 
1828 0.141687 
1829 -0.165053 
1830 -0.165053 
1831 -0.165053 
1832 -0.165053 
1833 -0.165053 
1834 -0.165053 
1835 0.404233 
1836 0.404233 
1837 0.404233 
1838 0.404233 
1839 -0.416217 
1840 -0.416217 
1841 -0.416217 
1842 -0.416217 
1843 -0.037370 
1844 -0.037370 
1845 -0.037370 
1846 -0.037370 
1847 -0.037370 
1848 -0.069185 
1849 0.434806 
1850 0.434806 
1851 0.434806 
1852 0.434806 
1853 0.434806 
1854 0.434806 
1855 0.434806 
1856 0.312692 
1857 0.312692 
1858 0.312692 
1859 0.312692 
1860 0.028830 
1861 0.028830 
1862 0.028830 
1863 0.028830 
1864 0.028830 
1865 0.028830 
1866 0.028830 
1867 0.434806 
1868 0.434806 
1869 0.434806 
1870 0.434806 
1871 0.434806 
1872 0.434806 
1873 0.434806 
1874 0.434806 
1875 0.434806 
1876 0.434806 
1877 0.434806 
1878 0.434806 
1879 0.434806 
1880 0.434806 
1881 0.434806 
1882 0.441215 
1883 0.441215 
1884 0.441215 
1885 0.441215 
1886 0.349264 
1887 0.349264 
1888 0.349264 
1889 0.349264 
1890 0.267826 
1891 0.267826 
1892 -0.365856 
1893 -0.365856 
1894 -0.365856 
1895 -0.365856 
1896 -0.365856 
1897 -0.365856 
1898 -0.365856 
1899 0.376240 
1900 0.376240 
1901 0.376240 
1902 0.434806 
1903 0.434806 
1904 0.434806 
1905 0.434806 
1906 0.328288 
1907 0.328288 
1908 0.328288 
1909 0.328288 
1910 0.328288 
1911 0.328288 
1912 -0.180590 
1913 -0.180590 
1914 -0.180590 
1915 -0.180590 
1916 -0.180590 
1917 -0.117794 
1918 -0.117794 
1919 -0.117794 
1920 -0.117794 
1921 -0.047918 
1922 -0.047918 
1923 -0.047918 
1924 -0.047918 
1925 0.122003 
1926 0.122003 
1927 0.122003 
1928 0.122003 
1929 -0.155389 
1930 -0.155389 
1931 -0.155389 
1932 -0.155389 
1933 -0.155389 
1934 0.053336 
1935 0.053336 
1936 0.053336 
1937 0.053336 
1938 0.053336 
1939 -0.041240 
1940 -0.041240 
1941 -0.041240 
1942 -0.041240 
1943 0.240002 
1944 0.240002 
1945 0.240002 
1946 0.240002 
1947 0.327365 
1948 0.327365 
1949 0.327365 
1950 0.327365 
1951 -0.376995 
1952 -0.376995 
1953 -0.376995 
1954 -0.376995 
1955 -0.376995 
1956 0.328288 
1957 -0.113962 
1958 -0.113962 
1959 -0.113962 
1960 -0.113962 
1961 -0.113962 
1962 -0.113962 
1963 0.293902 
1964 0.293902 
1965 0.293902 
1966 0.293902 
1967 0.293902 
1968 0.471639 
1969 0.471639 
1970 0.471639 
1971 0.471639 
1972 0.006061 
1973 0.006061 
1974 0.006061 
1975 0.006061 
1976 0.232828 
1977 0.232828 
1978 0.232828 
1979 0.232828 
1980 0.473554 
1981 0.473554 
1982 0.473554 
1983 0.473554 
1984 0.292119 
1985 0.292119 
1986 0.292119 
1987 0.292119 
1988 0.413398 
1989 0.413398 
1990 0.413398 
1991 0.413398 
1992 0.490403 
1993 0.490403 
1994 0.490403 
1995 0.490403 
1996 0.014634 
1997 0.014634 
1998 -0.456851 
1999 -0.456851 
2000 -0.456851 
2001 -0.456851 
2002 -0.088060 
2003 -0.088060 
2004 -0.088060 
2005 -0.088060 
2006 -0.088060 
2007 -0.113962 
2008 0.112587 
2009 0.112587 
2010 0.112587 
2011 0.112587 
2012 0.112587 
2013 0.112587 
2014 0.137165 
2015 0.137165 
2016 0.137165 
2017 0.216582 
2018 0.216582 
2019 0.216582 
2020 0.216582 
2021 0.032171 
2022 0.032171 
2023 0.032171 
2024 0.032171 
2025 0.484859 
2026 0.484859 
2027 0.484859 
2028 0.484859 
2029 0.397090 
2030 0.397090 
2031 0.397090 
2032 0.397090 
2033 -0.151796 
2034 -0.151796 
2035 -0.151796 
2036 -0.151796 
2037 -0.151796 
2038 -0.151796 
2039 -0.471856 
2040 -0.471856 
2041 -0.471856 
2042 -0.471856 
2043 0.448191 
2044 0.448191 
2045 0.448191 
2046 0.448191 
2047 0.350561 
2048 0.350561 
2049 0.350561 
2050 0.350561 
2051 -0.158336 
2052 -0.158336 
2053 -0.158336 
2054 -0.158336 
2055 -0.006686 
2056 -0.006686 
2057 -0.006686 
2058 0.112587 
2059 0.430226 
2060 0.430226 
2061 0.430226 
2062 0.430226 
2063 0.430226 
2064 0.430226 
2065 0.189347 
2066 0.189347 
2067 0.189347 
2068 0.189347 
2069 0.189347 
2070 0.189347 
2071 -0.478092 
2072 -0.478092 
2073 -0.478092 
2074 -0.478092 
2075 -0.478092 
2076 0.362612 
2077 0.362612 
2078 0.362612 
2079 0.362612 
2080 0.039520 
2081 0.039520 
2082 0.039520 
2083 0.039520 
2084 0.318739 
2085 0.318739 
2086 0.318739 
2087 0.318739 
2088 -0.030262 
2089 -0.030262 
2090 -0.030262 
2091 -0.030262 
2092 0.005656 
2093 0.005656 
2094 0.005656 
2095 0.005656 
2096 0.090580 
2097 0.090580 
2098 0.090580 
2099 0.090580 
2100 -0.278369 
2101 -0.278369 
2102 -0.278369 
2103 -0.278369 
2104 -0.278369 
2105 -0.278369 
2106 -0.278369 
2107 0.174364 
2108 0.174364 
2109 0.174364 
2110 0.430226 
2111 0.434806 
2112 0.434806 
2113 0.434806 
2114 0.434806 
2115 0.434806 
2116 0.434806 
2117 0.313719 
2118 0.313719 
2119 0.313719 
2120 0.313719 
2121 0.313719 
2122 0.313719 
2123 0.385049 
2124 0.385049 
2125 0.385049 
2126 0.385049 
2127 -0.087345 
2128 -0.087345 
2129 -0.087345 
2130 -0.087345 
2131 -0.245949 
2132 -0.245949 
2133 -0.245949 
2134 -0.245949 
2135 0.432549 
2136 0.432549 
2137 0.432549 
2138 0.432549 
2139 0.432549 
2140 0.432549 
2141 0.432549 
2142 -0.484327 
2143 -0.484327 
2144 -0.484327 
2145 -0.484327 
2146 -0.209042 
2147 -0.209042 
2148 -0.209042 
2149 -0.209042 
2150 0.202695 
2151 0.202695 
2152 0.202695 
2153 0.202695 
2154 0.484665 
2155 0.484665 
2156 0.484665 
2157 0.484665 
2158 -0.321559 
2159 -0.321559 
2160 -0.321559 
2161 0.434806 
2162 -0.287587 
2163 -0.287587 
2164 -0.287587 
2165 -0.287587 
2166 -0.287587 
2167 -0.287587 
2168 0.259217 
2169 0.259217 
2170 0.352031 
2171 0.352031 
2172 0.352031 
2173 0.352031 
2174 0.352031 
2175 0.352031 
2176 -0.188820 
2177 -0.188820 
2178 -0.188820 
2179 -0.188820 
2180 -0.187909 
2181 -0.187909 
2182 -0.187909 
2183 -0.187909 
2184 -0.151796 
2185 -0.151796 
2186 -0.151796 
2187 -0.151796 
2188 -0.471856 
2189 -0.471856 
2190 -0.471856 
2191 -0.471856 
2192 0.448191 
2193 0.448191 
2194 0.448191 
2195 0.448191 
2196 0.008134 
2197 0.008134 
2198 0.008134 
2199 0.008134 
2200 0.269157 
2201 0.269157 
2202 0.269157 
2203 0.269157 
2204 0.269157 
2205 -0.287587 
2206 -0.287587 
2207 -0.142866 
2208 -0.142866 
2209 -0.142866 
2210 -0.142866 
2211 -0.142866 
2212 -0.287587 
2213 0.371242 
2214 0.371242 
2215 0.371242 
2216 0.371242 
2217 0.371242 
2218 0.371242 
2219 -0.043576 
2220 -0.043576 
2221 -0.456851 
2222 -0.456851 
2223 -0.456851 
2224 -0.456851 
2225 -0.456851 
2226 -0.456851 
2227 0.216582 
2228 0.216582 
2229 0.216582 
2230 0.216582 
2231 0.032171 
2232 0.032171 
2233 0.032171 
2234 0.032171 
2235 0.484859 
2236 0.484859 
2237 0.484859 
2238 0.484859 
2239 0.484859 
2240 0.422949 
2241 0.422949 
2242 0.422949 
2243 0.422949 
2244 -0.304354 
2245 -0.304354 
2246 -0.304354 
2247 -0.304354 
2248 0.251799 
2249 0.251799 
2250 0.251799 
2251 0.251799 
2252 -0.105344 
2253 -0.105344 
2254 -0.105344 
2255 -0.105344 
2256 -0.484143 
2257 -0.484143 
2258 0.362770 
2259 0.362770 
2260 0.362770 
2261 0.362770 
2262 0.362770 
2263 0.371242 
2264 0.017939 
2265 0.017939 
2266 0.017939 
2267 0.017939 
2268 0.017939 
2269 0.017939 
2270 0.136412 
2271 0.136412 
2272 -0.362067 
2273 -0.362067 
2274 -0.362067 
2275 -0.362067 
2276 -0.362067 
2277 -0.362067 
2278 -0.360394 
2279 -0.360394 
2280 -0.360394 
2281 -0.360394 
2282 0.352175 
2283 0.352175 
2284 0.352175 
2285 0.352175 
2286 -0.266997 
2287 -0.266997 
2288 -0.266997 
2289 -0.266997 
2290 -0.027955 
2291 -0.027955 
2292 -0.027955 
2293 -0.027955 
2294 -0.247062 
2295 -0.247062 
2296 -0.247062 
2297 -0.247062 
2298 -0.068481 
2299 -0.068481 
2300 -0.068481 
2301 -0.068481 
2302 -0.462609 
2303 -0.462609 
2304 -0.414176 
2305 -0.414176 
2306 -0.414176 
2307 -0.414176 
2308 -0.414176 
2309 -0.414176 
2310 -0.414176 
2311 -0.048487 
2312 -0.048487 
2313 -0.048487 
2314 0.017939 
2315 0.426873 
2316 0.426873 
2317 0.426873 
2318 0.426873 
2319 0.426873 
2320 0.426873 
2321 -0.408461 
2322 -0.408461 
2323 -0.408461 
2324 -0.408461 
2325 -0.408461 
2326 -0.408461 
2327 0.432549 
2328 0.432549 
2329 0.432549 
2330 0.432549 
2331 -0.484327 
2332 -0.484327 
2333 -0.484327 
2334 -0.484327 
2335 -0.209042 
2336 -0.209042 
2337 -0.209042 
2338 -0.209042 
2339 0.202695 
2340 0.202695 
2341 0.202695 
2342 0.326143 
2343 0.326143 
2344 0.326143 
2345 0.326143 
2346 -0.122710 
2347 -0.122710 
2348 -0.122710 
2349 -0.122710 
2350 0.101023 
2351 0.101023 
2352 0.101023 
2353 0.101023 
2354 0.079225 
2355 0.079225 
2356 0.079225 
2357 0.079225 
2358 0.055560 
2359 0.055560 
2360 0.055560 
2361 0.055560 
2362 -0.290253 
2363 -0.290253 
2364 -0.290253 
2365 -0.290253 
2366 -0.458513 
2367 -0.458513 
2368 -0.458513 
2369 -0.458513 
2370 -0.458513 
2371 0.426873 
2372 0.175284 
2373 0.175284 
2374 0.175284 
2375 0.175284 
2376 0.175284 
2377 0.175284 
2378 -0.283610 
2379 -0.283610 
2380 -0.283610 
2381 -0.283610 
2382 -0.283610 
2383 -0.283610 
2384 -0.065426 
2385 -0.065426 
2386 -0.065426 
2387 -0.065426 
2388 0.134315 
2389 0.134315 
2390 0.134315 
2391 0.134315 
2392 -0.141882 
2393 -0.141882 
2394 -0.141882 
2395 -0.141882 
2396 0.165135 
2397 0.165135 
2398 0.165135 
2399 0.165135 
2400 -0.055083 
2401 -0.055083 
2402 0.311852 
2403 0.311852 
2404 0.311852 
2405 0.311852 
2406 0.311852 
2407 0.311852 
2408 0.311852 
2409 0.222455 
2410 0.222455 
2411 0.222455 
2412 0.222455 
2413 0.100280 
2414 0.100280 
2415 0.100280 
2416 0.100280 
2417 -0.154700 
2418 -0.154700 
2419 -0.154700 
2420 -0.154700 
2421 -0.154700 
2422 0.175284 
2423 0.115645 
2424 0.115645 
2425 0.115645 
2426 0.115645 
2427 0.115645 
2428 0.115645 
2429 0.166241 
2430 0.166241 
2431 0.166241 
2432 0.166241 
2433 0.166241 
2434 0.166241 
2435 -0.159607 
2436 -0.159607 
2437 -0.159607 
2438 -0.159607 
2439 0.373332 
2440 0.373332 
2441 0.373332 
2442 0.373332 
2443 0.373332 
2444 0.131361 
2445 0.131361 
2446 0.131361 
2447 0.049401 
2448 0.049401 
2449 0.049401 
2450 0.049401 
2451 0.136348 
2452 0.136348 
2453 0.136348 
2454 0.136348 
2455 0.136348 
2456 0.136348 
2457 -0.291447 
2458 -0.291447 
2459 -0.291447 
2460 -0.291447 
2461 -0.161107 
2462 -0.161107 
2463 -0.161107 
2464 -0.161107 
2465 0.268458 
2466 0.268458 
2467 0.268458 
2468 0.268458 
2469 0.127934 
2470 0.127934 
2471 0.127934 
2472 0.127934 
2473 0.127934 
2474 0.115645 
2475 0.136248 
2476 0.136248 
2477 0.136248 
2478 0.136248 
2479 0.136248 
2480 0.136248 
2481 -0.100372 
2482 -0.100372 
2483 -0.100372 
2484 -0.100372 
2485 -0.100372 
2486 0.144967 
2487 0.144967 
2488 0.144967 
2489 0.144967 
2490 -0.157571 
2491 -0.157571 
2492 -0.157571 
2493 -0.157571 
2494 -0.489301 
2495 -0.489301 
2496 -0.489301 
2497 -0.489301 
2498 0.060566 
2499 0.060566 
2500 0.060566 
2501 0.060566 
2502 -0.113962 
2503 -0.113962 
2504 -0.113962 
2505 -0.113962 
2506 0.257600 
2507 0.257600 
2508 0.397090 
2509 0.397090 
2510 0.397090 
2511 0.397090 
2512 0.397090 
2513 0.397090 
2514 0.228428 
2515 0.228428 
2516 0.228428 
2517 0.228428 
2518 -0.418284 
2519 -0.418284 
2520 -0.418284 
2521 -0.418284 
2522 -0.418284 
2523 0.485007 
2524 0.136248 
2525 0.257600 
2526 0.257600 
2527 0.257600 
2528 0.257600 
2529 0.257600 
2530 0.257600 
2531 0.134026 
2532 0.134026 
2533 0.134026 
2534 0.134026 
2535 0.134026 
2536 0.367070 
2537 0.367070 
2538 0.367070 
2539 0.367070 
2540 -0.004373 
2541 -0.004373 
2542 -0.004373 
2543 -0.004373 
2544 -0.162146 
2545 -0.162146 
2546 -0.162146 
2547 -0.322494 
2548 -0.322494 
2549 -0.322494 
2550 0.190559 
2551 0.190559 
2552 0.190559 
2553 0.190559 
2554 -0.096936 
2555 -0.096936 
2556 -0.096936 
2557 -0.096936 
2558 -0.323836 
2559 -0.323836 
2560 -0.323836 
2561 -0.323836 
2562 0.308134 
2563 0.308134 
2564 0.308134 
2565 0.308134 
2566 -0.157517 
2567 -0.157517 
2568 -0.487502 
2569 -0.487502 
2570 -0.487502 
2571 -0.487502 
2572 -0.487502 
2573 -0.487502 
2574 -0.487502 
2575 0.257600 
2576 0.151196 
2577 0.151196 
2578 0.151196 
2579 0.151196 
2580 0.151196 
2581 0.151196 
2582 0.151196 
2583 0.151196 
2584 0.151196 
2585 0.151196 
2586 0.151196 
2587 0.151196 
2588 0.151196 
2589 0.151196 
2590 0.151196 
2591 0.151196 
2592 0.151196 
2593 0.151196 
2594 0.151196 
2595 0.151196 
2596 0.151196 
2597 0.151196 
2598 0.151196 
2599 0.151196 
2600 0.151196 
2601 0.151196 
2602 0.151196 
2603 0.151196 
2604 0.151196 
2605 0.151196 
2606 0.151196 
2607 0.151196 
2608 0.151196 
2609 0.151196 
2610 0.151196 
2611 0.151196 
2612 0.151196 
2613 0.151196 
2614 0.151196 
2615 0.151196 
2616 0.151196 
2617 0.151196 
2618 0.151196 
2619 0.151196 
2620 0.151196 
2621 0.151196 
2622 0.151196 
2623 0.151196 
2624 0.151196 
2625 0.151196 
2626 0.151196 
2627 0.187696 
2628 0.187696 
2629 0.187696 
2630 0.187696 
2631 0.187696 
2632 0.187696 
2633 0.196055 
2634 0.196055 
2635 0.196055 
2636 0.196055 
2637 0.196055 
2638 0.066180 
2639 0.066180 
2640 0.066180 
2641 0.066180 
2642 0.371874 
2643 0.371874 
2644 0.371874 
2645 0.371874 
2646 0.282459 
2647 0.282459 
2648 0.282459 
2649 0.129244 
2650 0.129244 
2651 0.129244 
2652 0.402373 
2653 0.402373 
2654 0.402373 
2655 0.402373 
2656 0.332459 
2657 0.332459 
2658 0.332459 
2659 0.332459 
2660 0.371247 
2661 0.371247 
2662 0.371247 
2663 0.371247 
2664 0.376519 
2665 0.376519 
2666 0.376519 
2667 0.376519 
2668 -0.224774 
2669 -0.224774 
2670 -0.224774 
2671 -0.224774 
2672 0.204514 
2673 0.204514 
2674 0.204514 
2675 0.204514 
2676 0.204514 
2677 0.187696 
2678 0.371242 
2679 0.371242 
2680 0.371242 
2681 0.371242 
2682 0.371242 
2683 0.371242 
2684 -0.351620 
2685 -0.351620 
2686 -0.351620 
2687 -0.351620 
2688 -0.351620 
2689 0.464900 
2690 0.464900 
2691 0.464900 
2692 0.464900 
2693 -0.192710 
2694 -0.192710 
2695 -0.192710 
2696 -0.192710 
2697 0.456000 
2698 0.456000 
2699 0.456000 
2700 0.456000 
2701 -0.000937 
2702 -0.000937 
2703 -0.000937 
2704 -0.000937 
2705 0.097754 
2706 0.097754 
2707 0.097754 
2708 0.097754 
2709 0.417618 
2710 0.417618 
2711 0.417618 
2712 0.417618 
2713 -0.221247 
2714 -0.221247 
2715 -0.221247 
2716 -0.221247 
2717 -0.221247 
2718 -0.221247 
2719 0.067689 
2720 0.067689 
2721 0.067689 
2722 0.067689 
2723 0.084032 
2724 0.084032 
2725 0.084032 
2726 0.084032 
2727 0.494014 
2728 0.494014 
2729 0.494014 
2730 0.371242 
2731 0.453174 
2732 0.453174 
2733 0.453174 
2734 0.453174 
2735 0.453174 
2736 0.453174 
2737 0.453174 
2738 0.453174 
2739 -0.106175 
2740 -0.106175 
2741 -0.106175 
2742 -0.106175 
2743 -0.106175 
2744 -0.106175 
2745 -0.142457 
2746 -0.142457 
2747 -0.142457 
2748 -0.142457 
2749 -0.142457 
2750 -0.142457 
2751 -0.142457 
2752 0.446417 
2753 0.446417 
2754 0.314552 
2755 0.314552 
2756 0.117287 
2757 0.117287 
2758 0.065141 
2759 0.486517 
2760 0.486517 
2761 -0.142866 
2762 -0.043576 
2763 -0.106175 
2764 -0.495427 
2765 -0.495427 
2766 -0.045180 
2767 -0.045180 
2768 -0.408595 
2769 -0.098403 
2770 0.198913 
2771 0.198913 
2772 0.394268 
2773 0.394268 
2774 0.064136 
2775 0.064136 
2776 -0.319429 
2777 -0.319429 
2778 0.107477 
2779 0.107477 
2780 -0.321559 
2781 -0.199051 
2782 -0.199051 
2783 0.428503 
2784 0.428503 
2785 -0.182393 
2786 -0.182393 
2787 -0.282417 
2788 -0.282417 
2789 0.259217 
2790 -0.277800 
2791 -0.277800 
2792 0.144967 
2793 0.144967 
2794 0.464987 
2795 0.144967 
2796 0.144967 
2797 0.144967 
2798 0.144967 
2799 0.144967 
2800 0.144967 
2801 0.144967 
2802 0.144967 
2803 0.144967 
2804 -0.362742 
2805 0.144967 
2806 0.144967 
2807 -0.086342 
2808 0.457212 
2809 -0.478123 
2810 0.255717 
2811 -0.362067 
2812 -0.360394 
2813 0.335166 
2814 0.352175 
2815 -0.266997 
2816 -0.027955 
2817 -0.229540 
2818 -0.261876 
2819 0.426873 
2820 0.112587 
2821 0.112587 
2822 0.112587 
2823 0.112587 
2824 0.112587 
2825 0.112587 
2826 0.112587 
2827 0.112587 
2828 -0.220383 
2829 -0.434007 
2830 -0.434007 
2831 -0.434007 
2832 -0.434007 
2833 -0.434007 
2834 -0.434007 
2835 -0.434007 
2836 -0.434007 
2837 -0.434007 
2838 -0.434007 
2839 -0.247062 
2840 -0.068481 
2841 -0.220383 
2842 -0.220383 
2843 -0.220383 
2844 -0.220383 
2845 -0.220383 
2846 -0.220383 
2847 -0.261298 
2848 -0.448936 
2849 0.284798 
2850 0.091339 
2851 -0.280202 
2852 0.149718 
2853 -0.160057 
2854 0.439642 
2855 -0.071393 
2856 0.351840 
2857 -0.462609 
2858 -0.302602 
2859 -0.480705 
2860 0.151196 
2861 -0.470937 
2862 -0.258097 
2863 -0.186154 
2864 0.291036 
2865 0.132316 
2866 -0.483819 
2867 -0.218034 
2868 0.055286 
2869 0.279806 
2870 -0.127473 
2871 0.469500 
2872 -0.323876 
2873 0.136248 
2874 0.256840 
2875 0.008134 
2876 0.269157 
2877 -0.074380 
2878 -0.183119 
2879 0.430560 
2880 0.374152 
2881 0.247953 
2882 0.030401 
2883 0.323599 
2884 -0.065426 
2885 -0.185644 
2886 0.328288 
2887 0.134315 
2888 0.112587 
2889 -0.141882 
2890 0.328288 
2891 0.328288 
2892 -0.118267 
2893 -0.442585 
2894 -0.156409 
2895 0.159442 
2896 0.250868 
2897 0.015839 
2898 -0.071527 
2899 -0.409631 
2900 -0.185644 
2901 -0.065426 
2902 -0.201297 
2903 0.400555 
2904 0.237235 
2905 0.272394 
2906 -0.456851 
2907 -0.266997 
2908 0.430226 
2909 0.430226 
2910 0.255717 
2911 0.484665 
2912 -0.376995 
2913 -0.376995 
2914 -0.315887 
2915 -0.173347 
2916 -0.315887 
2917 0.293902 
2918 0.293902 
2919 0.053336 
2920 -0.315887 
2921 -0.041240 
2922 0.240002 
2923 -0.315887 
2924 0.327365 
2925 -0.360394 
2926 0.280778 
2927 0.430226 
2928 0.430226 
2929 -0.191537 
2930 0.430226 
2931 -0.266997 
2932 0.430226 
2933 -0.266997 
2934 -0.266997 
2935 -0.086342 
2936 0.430226 
2937 -0.488802 
2938 -0.206552 
2939 -0.206552 
2940 -0.206552 
2941 -0.206552 
2942 -0.206552 
2943 -0.206552 
2944 0.430226 
2945 -0.360394 
2946 -0.266997 
2947 -0.086342 
2948 -0.086342 
2949 0.430226 
2950 -0.086342 
2951 0.430226 
2952 0.430226 
2953 -0.079225 
2954 -0.086342 
2955 -0.086342 
2956 0.065141 
2957 -0.142866 
2958 0.216582 
2959 -0.086342 
2960 0.216582 
2961 0.216582 
2962 -0.360394 
2963 -0.158133 
2964 0.426873 
2965 0.426873 
2966 0.426873 
2967 0.426873 
2968 0.426873 
2969 0.426873 
2970 0.426873 
2971 0.426873 
2972 0.426873 
2973 0.426873 
2974 0.426873 
2975 0.426873 
2976 0.357363 
2977 -0.345857 
2978 -0.165053 
2979 0.404233 
2980 -0.416217 
2981 -0.037370 
2982 0.312692 
2983 -0.195206 
2984 -0.202872 
2985 -0.260431 
2986 -0.403049 
2987 -0.160149 
2988 0.073120 
2989 -0.203955 
2990 -0.158133 
2991 -0.158133 
2992 -0.158133 
2993 -0.158133 
2994 -0.158133 
2995 -0.158133 
2996 0.430226 
2997 0.430226 
2998 0.430226 
2999 0.430226 
3000 0.131361 
3001 0.430226 
3002 0.430226 
3003 0.430226 
3004 0.218607 
3005 0.218607 
3006 0.430226 
3007 -0.360394 
3008 0.049401 
3009 0.049401 
3010 0.049401 
3011 -0.191537 
3012 0.393779 
3013 0.430226 
3014 -0.359064 
3015 0.131361 
3016 -0.086342 
3017 0.273533 
3018 -0.456851 
3019 0.430226 
3020 -0.456851 
3021 -0.456851 
3022 0.430226 
3023 0.131361 
3024 -0.360394 
3025 0.049401 
3026 0.049401 
3027 -0.456851 
3028 -0.359064 
3029 -0.456851 
3030 0.430226 
