3031 1
0 -0.681650 
1 -1.559341 
2 -1.654169 
3 -1.404930 
4 -1.454659 
5 -1.603263 
6 -1.471156 
7 -1.414862 
8 -1.477361 
9 -1.681103 
10 -1.574208 
11 -0.970596 
12 -0.710471 
13 -1.480825 
14 -1.432568 
15 -1.914105 
16 -1.214394 
17 -0.058609 
18 1.850257 
19 2.122582 
20 1.792948 
21 1.531847 
22 1.326091 
23 1.552501 
24 1.425043 
25 1.542878 
26 1.724435 
27 1.548455 
28 1.532628 
29 1.551825 
30 1.688590 
31 -1.067576 
32 -0.974691 
33 -0.971483 
34 1.823187 
35 1.570372 
36 1.515314 
37 1.412236 
38 1.579034 
39 1.573540 
40 1.690940 
41 1.636216 
42 1.343550 
43 1.775533 
44 1.530250 
45 1.553426 
46 1.677928 
47 1.446618 
48 1.514069 
49 1.646157 
50 1.542984 
51 1.507668 
52 1.545699 
53 1.332897 
54 1.909601 
55 1.315624 
56 1.621369 
57 -0.948147 
58 -1.605621 
59 -1.454528 
60 -1.368069 
61 -1.537631 
62 -1.417319 
63 -1.524186 
64 -1.535303 
65 -1.625479 
66 -1.768109 
67 -1.107204 
68 -1.214333 
69 -1.730519 
70 -1.536557 
71 -0.785268 
72 -1.181222 
73 -0.481623 
74 -2.102275 
75 -1.044136 
76 -2.135916 
77 -0.578920 
78 -0.773329 
79 -1.466934 
80 -1.659827 
81 -1.767739 
82 0.932716 
83 -1.329897 
84 1.997446 
85 -0.748002 
86 1.520628 
87 1.009902 
88 2.071476 
89 0.794194 
90 1.023668 
91 1.289931 
92 1.967776 
93 1.310702 
94 1.505594 
95 1.003218 
96 1.462537 
97 1.666960 
98 1.578340 
99 1.234799 
100 1.597927 
101 1.051111 
102 1.074864 
103 1.787762 
104 1.402250 
105 1.705796 
106 1.363500 
107 1.417505 
108 1.582911 
109 1.383295 
110 1.319825 
111 1.415058 
112 1.415318 
113 1.292277 
114 1.628510 
115 1.497619 
116 1.319165 
117 2.267891 
118 -0.020959 
119 1.039254 
120 1.654680 
121 2.003185 
122 1.452059 
123 0.220815 
124 1.789454 
125 1.439925 
126 1.408560 
127 0.861196 
128 1.714692 
129 1.677348 
130 1.528288 
131 1.137760 
132 2.062296 
133 1.419026 
134 1.572014 
135 -0.075696 
136 1.878506 
137 1.306648 
138 1.714322 
139 0.834588 
140 1.410068 
141 1.376561 
142 1.694421 
143 1.090587 
144 1.576868 
145 1.513556 
146 -1.124017 
147 -1.260192 
148 -0.608499 
149 -1.167426 
150 -2.299077 
151 -1.039814 
152 -0.691904 
153 -1.004899 
154 -2.320911 
155 -1.122428 
156 -1.143944 
157 -2.451823 
158 -0.640167 
159 -0.618363 
160 -1.760255 
161 -1.268869 
162 -0.980629 
163 -1.248915 
164 -0.964623 
165 -1.342326 
166 1.227596 
167 1.020448 
168 -1.187734 
169 -1.136089 
170 1.240441 
171 -1.380083 
172 1.058035 
173 -1.077537 
174 -1.719818 
175 -1.128627 
176 1.114849 
177 -1.129388 
178 1.535382 
179 -1.353065 
180 -1.157233 
181 -1.262155 
182 1.471339 
183 0.796586 
184 0.821639 
185 -1.436535 
186 1.016510 
187 2.083991 
188 -1.799438 
189 1.230565 
190 1.338789 
191 0.955667 
192 -1.279715 
193 -1.451029 
194 -1.126901 
195 1.034651 
196 -1.368546 
197 0.941343 
198 1.391456 
199 -0.975330 
200 1.221292 
201 -1.316553 
202 -0.733194 
203 -1.319247 
204 -1.031228 
205 1.277888 
206 1.403067 
207 -1.157413 
208 -1.390244 
209 -1.163552 
210 -0.791216 
211 -1.398429 
212 -2.696613 
213 -0.294178 
214 -1.252971 
215 -0.624790 
216 -1.521067 
217 -2.353838 
218 -0.532767 
219 -0.551098 
220 -2.173988 
221 -0.686645 
222 -1.247401 
223 -1.349036 
224 -0.708821 
225 -1.199010 
226 -0.649520 
227 -2.199072 
228 -1.149025 
229 -0.876100 
230 -1.149002 
231 -2.528505 
232 -1.960816 
233 -1.797831 
234 -1.704116 
235 0.731791 
236 -1.651925 
237 -0.762892 
238 -1.025516 
239 -1.426211 
240 -0.950076 
241 -1.078673 
242 -2.394411 
243 -0.984676 
244 -1.747218 
245 -0.644005 
246 -1.750174 
247 -0.997036 
248 -1.247134 
249 -1.098618 
250 -1.650402 
251 -1.554081 
252 -1.464841 
253 -1.131167 
254 -1.714484 
255 -1.397074 
256 -1.524074 
257 -1.946161 
258 -0.809845 
259 -1.123700 
260 -1.269372 
261 -1.425416 
262 -1.592897 
263 -1.159166 
264 -1.266793 
265 -1.764207 
266 -1.209465 
267 -1.223336 
268 1.326211 
269 -0.560238 
270 -2.083219 
271 -1.379428 
272 -0.645272 
273 -1.323111 
274 -2.262255 
275 -0.674422 
276 -1.763557 
277 -1.433011 
278 -0.975795 
279 -1.388376 
280 -1.362085 
281 -1.389594 
282 -1.352137 
283 -1.651075 
284 -2.406261 
285 -0.695026 
286 -1.285823 
287 -0.802193 
288 -0.707243 
289 -1.635541 
290 -1.936896 
291 -1.338750 
292 -1.930064 
293 -0.901296 
294 -1.951678 
295 -1.399725 
296 -0.928279 
297 -1.106253 
298 -1.013424 
299 -1.635537 
300 -0.880011 
301 -0.999509 
302 -0.681886 
303 -2.320351 
304 -1.844920 
305 -0.713557 
306 -2.292969 
307 -0.464417 
308 -1.377203 
309 -1.300518 
310 -1.876651 
311 -1.811280 
312 -1.470100 
313 -1.844334 
314 0.790048 
315 1.624253 
316 1.432522 
317 -1.262239 
318 -1.624217 
319 -1.748235 
320 -0.755172 
321 2.291616 
322 -1.043701 
323 1.965836 
324 1.011430 
325 1.090660 
326 1.396289 
327 2.338901 
328 1.203323 
329 1.234067 
330 1.961143 
331 1.746324 
332 1.896668 
333 1.546939 
334 1.676148 
335 1.186102 
336 1.573436 
337 1.574498 
338 1.764874 
339 1.430030 
340 1.708543 
341 1.663416 
342 1.491504 
343 2.093199 
344 1.151925 
345 1.827114 
346 1.717802 
347 1.425492 
348 1.396964 
349 1.847340 
350 1.686140 
351 1.497653 
352 1.578479 
353 1.472554 
354 1.563905 
355 1.823836 
356 1.592484 
357 1.595994 
358 2.590504 
359 0.034680 
360 1.089831 
361 1.789736 
362 1.936801 
363 1.490332 
364 0.338766 
365 2.148161 
366 1.669884 
367 1.810542 
368 1.289100 
369 1.673848 
370 1.685472 
371 1.701151 
372 1.043195 
373 2.181455 
374 1.406666 
375 1.648470 
376 -0.145131 
377 2.261791 
378 1.483750 
379 1.826691 
380 1.138593 
381 1.578310 
382 1.667406 
383 2.046011 
384 1.637150 
385 1.740491 
386 1.746001 
387 -0.823421 
388 -1.770782 
389 -1.827429 
390 -0.849515 
391 -1.583057 
392 -1.427736 
393 -1.448936 
394 -1.500175 
395 -1.662402 
396 -1.567511 
397 -1.388136 
398 -1.514173 
399 -1.585485 
400 -0.785502 
401 -2.442687 
402 -1.160673 
403 -0.965861 
404 -1.147586 
405 -2.340381 
406 -1.391216 
407 -1.377570 
408 -1.339909 
409 -1.558875 
410 -1.317652 
411 -2.197458 
412 -2.379857 
413 -0.910460 
414 -0.995319 
415 -0.908916 
416 -1.077377 
417 -0.981867 
418 -2.069322 
419 -1.468021 
420 -1.928483 
421 -1.776932 
422 -1.045892 
423 -0.878557 
424 -1.380572 
425 -1.588546 
426 -1.312498 
427 -1.540068 
428 -1.482132 
429 -1.420790 
430 -1.377448 
431 -1.625253 
432 -1.605926 
433 -1.418181 
434 -1.365206 
435 -1.503113 
436 -1.272050 
437 -1.828867 
438 -0.505919 
439 -1.822021 
440 -1.877758 
441 -1.340068 
442 -1.204010 
443 -1.197382 
444 -1.258388 
445 -1.469601 
446 -1.388539 
447 -1.450107 
448 -1.488376 
449 -1.238474 
450 -1.284222 
451 -1.552789 
452 -1.716670 
453 -2.422282 
454 -0.759335 
455 -1.006552 
456 -0.849089 
457 1.484304 
458 1.714002 
459 1.459910 
460 1.626459 
461 1.558737 
462 1.331465 
463 1.414665 
464 1.213133 
465 1.515652 
466 1.526071 
467 1.573791 
468 1.271511 
469 1.333089 
470 1.515894 
471 1.677196 
472 1.670262 
473 1.420496 
474 1.281971 
475 1.497344 
476 1.432655 
477 1.470377 
478 1.355048 
479 1.386094 
480 1.391792 
481 1.376862 
482 1.428384 
483 1.540951 
484 1.509176 
485 1.373147 
486 1.313026 
487 1.535439 
488 1.322299 
489 1.341814 
490 1.556970 
491 1.373801 
492 1.666138 
493 1.513742 
494 1.279624 
495 1.378336 
496 1.304705 
497 1.352501 
498 1.482445 
499 1.561452 
500 1.587900 
501 1.385754 
502 1.267629 
503 1.646155 
504 1.335126 
505 1.247914 
506 1.353527 
507 1.977258 
508 1.753733 
509 2.380479 
510 -0.875431 
511 -0.812649 
512 -1.140125 
513 -1.119550 
514 -1.504341 
515 2.243685 
516 1.966783 
517 1.350860 
518 1.226494 
519 1.315477 
520 1.424755 
521 1.640783 
522 1.553666 
523 1.515027 
524 1.353855 
525 1.718752 
526 1.527246 
527 1.340460 
528 1.587928 
529 1.560301 
530 1.344565 
531 1.498842 
532 1.500689 
533 1.449108 
534 1.601903 
535 1.469949 
536 1.508423 
537 1.588813 
538 1.508744 
539 1.519394 
540 1.574637 
541 1.559206 
542 1.492241 
543 1.354281 
544 1.450536 
545 1.485201 
546 1.427089 
547 1.536040 
548 1.560520 
549 1.878801 
550 -1.140265 
551 -1.560079 
552 -1.609489 
553 -1.401812 
554 -1.325989 
555 -1.463771 
556 -1.457393 
557 -1.408428 
558 -1.454255 
559 -1.533386 
560 -1.253367 
561 -1.522014 
562 -1.644727 
563 -1.373569 
564 -1.247239 
565 -1.457383 
566 -1.551022 
567 -1.567536 
568 -1.356230 
569 -1.496195 
570 -1.512538 
571 -1.493928 
572 -1.423515 
573 -1.388924 
574 -1.504012 
575 -1.537198 
576 -1.543874 
577 -1.578293 
578 -1.295044 
579 -1.389784 
580 -1.443276 
581 -1.464813 
582 -1.521916 
583 -1.447963 
584 -1.364123 
585 -1.496691 
586 -1.430278 
587 -1.378910 
588 -1.444326 
589 -1.600805 
590 -1.409321 
591 -1.522785 
592 -1.267529 
593 -1.412065 
594 -1.510639 
595 -1.560409 
596 -1.504465 
597 -1.547334 
598 -1.388771 
599 -1.351724 
600 -1.163386 
601 -1.913269 
602 -1.344286 
603 -1.464309 
604 -1.485269 
605 -1.513633 
606 -1.361773 
607 -1.452635 
608 -1.330014 
609 -1.222805 
610 -1.514662 
611 -1.734938 
612 -1.502331 
613 -1.286927 
614 -1.274395 
615 -1.599637 
616 -1.647801 
617 -1.512440 
618 -1.359824 
619 -1.247704 
620 -1.281921 
621 -1.408547 
622 -1.499548 
623 -1.571235 
624 -1.615675 
625 -1.591514 
626 -1.406682 
627 -1.269023 
628 -1.507985 
629 -1.521582 
630 -1.513279 
631 -1.387012 
632 -1.184663 
633 -1.286624 
634 -1.847999 
635 1.812056 
636 1.644258 
637 1.617003 
638 1.417554 
639 1.303252 
640 1.112850 
641 1.250022 
642 1.601491 
643 1.895305 
644 1.608992 
645 1.463071 
646 1.429473 
647 1.451829 
648 1.549273 
649 1.501137 
650 1.371598 
651 1.512490 
652 1.515159 
653 1.656052 
654 1.433107 
655 1.451805 
656 1.650565 
657 1.508440 
658 1.389026 
659 1.414164 
660 1.424870 
661 1.459055 
662 1.467645 
663 1.729990 
664 1.570353 
665 1.406844 
666 1.320611 
667 1.635846 
668 1.680466 
669 1.409827 
670 1.447843 
671 1.382406 
672 1.564714 
673 1.510430 
674 1.481872 
675 1.478938 
676 1.385486 
677 1.572197 
678 1.419213 
679 1.569459 
680 1.523950 
681 1.331953 
682 1.533778 
683 1.585040 
684 1.684573 
685 1.818654 
686 -0.997122 
687 -1.547129 
688 -1.701031 
689 -1.494400 
690 -1.216586 
691 -1.305507 
692 -1.427390 
693 -1.415516 
694 -1.483253 
695 -1.381401 
696 -1.387850 
697 -1.610459 
698 -1.441649 
699 -1.291465 
700 -1.347538 
701 -1.310707 
702 -1.569943 
703 -1.603851 
704 -1.506680 
705 -1.537692 
706 -1.356336 
707 -1.345096 
708 -1.400151 
709 -1.406839 
710 -1.319180 
711 -1.957013 
712 -1.367169 
713 -1.281541 
714 -1.843467 
715 -1.597174 
716 -1.649356 
717 -1.412744 
718 1.779359 
719 1.781534 
720 1.532017 
721 1.587709 
722 1.538425 
723 1.580604 
724 1.572820 
725 1.569327 
726 1.592579 
727 1.621853 
728 1.562701 
729 1.468377 
730 1.756146 
731 1.616356 
732 1.703496 
733 1.558652 
734 1.528511 
735 1.504127 
736 1.613844 
737 1.732188 
738 1.411452 
739 1.548496 
740 1.460108 
741 1.487677 
742 1.616116 
743 1.550851 
744 1.340351 
745 -1.461711 
746 -1.523395 
747 -1.605891 
748 -1.724847 
749 -1.367495 
750 -1.297941 
751 -1.653767 
752 -1.754706 
753 -1.638169 
754 -1.676965 
755 -0.845286 
756 -1.590895 
757 -1.405411 
758 -1.354797 
759 -1.305233 
760 -1.261154 
761 -1.432409 
762 -1.464445 
763 -1.656653 
764 -1.611288 
765 -1.364805 
766 -1.502578 
767 -1.279780 
768 -1.167223 
769 -1.246664 
770 -1.540312 
771 -1.651355 
772 -1.634316 
773 -1.507272 
774 -1.324611 
775 -1.349746 
776 -1.290325 
777 -1.338361 
778 -1.479112 
779 -1.493364 
780 -1.572193 
781 -1.475545 
782 -1.381822 
783 -1.152123 
784 -1.520810 
785 -1.519758 
786 -1.479205 
787 -1.417830 
788 -1.297755 
789 -1.223583 
790 -1.508776 
791 -1.736486 
792 -1.623923 
793 -1.355173 
794 -1.426430 
795 -1.374997 
796 -1.228585 
797 -1.477051 
798 -1.447648 
799 -1.441364 
800 -1.434610 
801 -1.263521 
802 -1.467893 
803 -1.634896 
804 -1.610997 
805 -1.429152 
806 -1.350079 
807 -1.302014 
808 -1.173038 
809 -1.293588 
810 -1.403730 
811 -2.101713 
812 -1.320269 
813 -1.361696 
814 -1.419690 
815 -1.427973 
816 -1.649157 
817 -1.497534 
818 -1.375055 
819 -1.313119 
820 -1.435055 
821 -1.414349 
822 -1.485269 
823 -1.458376 
824 -1.498722 
825 -1.437692 
826 -1.436850 
827 -1.460796 
828 -1.362302 
829 -1.459451 
830 -1.403203 
831 -1.499507 
832 -1.451773 
833 -1.440885 
834 -1.441009 
835 -1.434244 
836 -1.547394 
837 -1.352290 
838 -1.342031 
839 -1.383372 
840 -1.352872 
841 -1.539203 
842 -1.377144 
843 -1.208139 
844 -1.347836 
845 -1.272315 
846 -1.401072 
847 -1.582603 
848 -1.747506 
849 -1.466966 
850 -1.287534 
851 -1.134043 
852 -1.204084 
853 -1.409309 
854 -1.555631 
855 -1.612301 
856 -1.559379 
857 -1.450325 
858 -1.326491 
859 -1.345688 
860 -1.442106 
861 -1.369497 
862 -2.132933 
863 -1.074936 
864 -1.734488 
865 -1.745480 
866 -1.785208 
867 -1.756051 
868 -1.614598 
869 -1.863251 
870 -1.718274 
871 -1.786798 
872 1.539542 
873 1.622587 
874 1.357789 
875 1.527364 
876 1.705988 
877 1.624984 
878 1.447039 
879 1.375277 
880 1.422106 
881 1.501532 
882 1.567280 
883 1.622823 
884 1.520534 
885 1.446642 
886 1.610299 
887 1.538068 
888 1.524253 
889 1.429672 
890 1.461414 
891 1.753047 
892 1.718683 
893 1.392762 
894 1.470736 
895 1.458658 
896 1.591962 
897 1.481032 
898 1.640205 
899 1.623291 
900 1.600185 
901 1.512053 
902 1.662012 
903 1.498196 
904 1.613121 
905 1.637085 
906 1.551251 
907 1.385335 
908 1.344552 
909 1.532833 
910 1.535875 
911 1.723427 
912 1.697006 
913 1.360115 
914 1.492434 
915 1.670989 
916 1.529069 
917 1.590720 
918 1.539507 
919 1.478551 
920 1.343978 
921 1.575429 
922 1.595541 
923 1.620224 
924 1.561645 
925 1.668872 
926 1.509217 
927 1.377771 
928 1.666533 
929 1.805499 
930 1.586405 
931 -1.347374 
932 -1.093224 
933 -1.526788 
934 -1.558358 
935 -1.888004 
936 -1.748434 
937 -1.511900 
938 -1.375724 
939 -1.256546 
940 -1.418121 
941 -1.454476 
942 -1.600096 
943 -1.627716 
944 -1.594519 
945 -1.582678 
946 -1.555146 
947 -1.226253 
948 -1.321813 
949 -1.433415 
950 -1.718158 
951 -1.591488 
952 -1.508779 
953 -1.336564 
954 -1.441604 
955 -1.505597 
956 -1.523755 
957 -1.453950 
958 -1.453483 
959 -1.501906 
960 -1.487507 
961 -1.424202 
962 -1.505328 
963 -1.533179 
964 -1.512896 
965 -1.515283 
966 -1.556066 
967 -1.522012 
968 -1.584079 
969 -1.525439 
970 -1.468116 
971 -1.500654 
972 -1.486524 
973 -1.585494 
974 -1.529643 
975 -1.432320 
976 -1.325203 
977 -1.428972 
978 -1.655434 
979 -1.677349 
980 -1.509131 
981 -1.384934 
982 -1.505002 
983 -1.509953 
984 -1.581065 
985 1.663937 
986 1.438421 
987 1.341640 
988 1.368890 
989 1.422078 
990 1.579315 
991 1.711570 
992 1.607448 
993 1.502263 
994 1.566851 
995 1.424558 
996 1.546252 
997 1.455516 
998 1.490678 
999 1.674845 
1000 1.549409 
1001 1.569865 
1002 1.504045 
1003 1.429001 
1004 1.412897 
1005 1.336775 
1006 1.588549 
1007 1.601213 
1008 1.641243 
1009 1.536136 
1010 1.379261 
1011 1.464922 
1012 1.514150 
1013 1.523144 
1014 1.516261 
1015 1.503822 
1016 1.591680 
1017 1.476640 
1018 1.549605 
1019 1.460577 
1020 1.425649 
1021 1.403609 
1022 1.513291 
1023 1.638624 
1024 1.645387 
1025 1.478630 
1026 1.335299 
1027 1.515958 
1028 1.740773 
1029 1.504406 
1030 1.538895 
1031 1.315811 
1032 1.460026 
1033 1.439620 
1034 1.645742 
1035 1.627561 
1036 1.364474 
1037 1.795977 
1038 -1.329723 
1039 -1.504236 
1040 -1.544436 
1041 -1.426596 
1042 -1.445667 
1043 -1.452386 
1044 -1.312349 
1045 -1.341425 
1046 -1.434128 
1047 -1.639307 
1048 -1.316615 
1049 -1.468313 
1050 -1.377824 
1051 -1.571539 
1052 -1.684775 
1053 -1.446274 
1054 -1.241244 
1055 -1.311917 
1056 -1.311062 
1057 -1.358360 
1058 -1.384848 
1059 -1.582133 
1060 -1.253964 
1061 -1.320213 
1062 -1.396673 
1063 -1.527584 
1064 -1.517393 
1065 -1.292652 
1066 -1.335793 
1067 -1.475776 
1068 -1.515997 
1069 -1.376586 
1070 -1.314044 
1071 -1.484875 
1072 -1.611614 
1073 -1.561758 
1074 -1.292181 
1075 -1.273692 
1076 -1.441016 
1077 -1.590717 
1078 -1.371465 
1079 -1.275375 
1080 -1.386570 
1081 -1.276505 
1082 -1.646608 
1083 -1.433384 
1084 -1.638146 
1085 -1.239192 
1086 -1.363084 
1087 -1.384281 
1088 -2.176812 
1089 -1.226874 
1090 -1.237566 
1091 -1.690244 
1092 -1.467471 
1093 -1.409038 
1094 -1.376294 
1095 -1.159515 
1096 -1.268046 
1097 -1.451178 
1098 -1.611634 
1099 -1.306961 
1100 -1.607878 
1101 -1.441485 
1102 -1.399671 
1103 -1.255424 
1104 -1.306387 
1105 -1.458797 
1106 -1.436572 
1107 -1.326317 
1108 -1.327325 
1109 -1.488764 
1110 -1.461869 
1111 -1.369456 
1112 -1.588477 
1113 -1.534994 
1114 -1.331423 
1115 -1.207937 
1116 -1.377281 
1117 -1.458776 
1118 -1.412072 
1119 -1.484668 
1120 -1.372318 
1121 -1.306718 
1122 -1.471705 
1123 -1.384773 
1124 -1.463437 
1125 -1.375208 
1126 -1.369454 
1127 -1.364496 
1128 -1.488259 
1129 -1.519357 
1130 -1.424644 
1131 -1.203649 
1132 -1.328365 
1133 -1.446633 
1134 -1.516516 
1135 -1.402419 
1136 -2.319661 
1137 -1.356467 
1138 -1.256475 
1139 -1.085131 
1140 -1.167832 
1141 -1.212601 
1142 -1.659320 
1143 -1.554367 
1144 -1.560868 
1145 -1.411077 
1146 -1.358227 
1147 -1.363728 
1148 -1.355121 
1149 -1.603821 
1150 -1.339700 
1151 -1.279711 
1152 -1.170835 
1153 -1.484438 
1154 -1.445816 
1155 -1.525814 
1156 -1.396598 
1157 -1.313574 
1158 -1.447578 
1159 -1.381588 
1160 -1.351834 
1161 -1.505375 
1162 -1.488840 
1163 -1.224230 
1164 -1.638853 
1165 -1.484975 
1166 -1.346462 
1167 -1.324015 
1168 -1.273122 
1169 -1.322454 
1170 -1.529438 
1171 -1.560316 
1172 -1.629450 
1173 -1.315270 
1174 -1.282915 
1175 -1.396286 
1176 -1.473245 
1177 -1.415573 
1178 -1.489175 
1179 -1.257598 
1180 -1.257477 
1181 -1.502001 
1182 -1.460991 
1183 -1.527572 
1184 -1.384955 
1185 -1.320228 
1186 -1.192388 
1187 -2.133021 
1188 1.355073 
1189 1.521218 
1190 1.476048 
1191 1.410787 
1192 1.570832 
1193 1.489397 
1194 1.353318 
1195 1.619087 
1196 1.576808 
1197 1.419755 
1198 1.354793 
1199 1.400041 
1200 1.587009 
1201 1.438369 
1202 1.402752 
1203 1.456511 
1204 1.626376 
1205 1.440536 
1206 1.335277 
1207 1.443307 
1208 1.419424 
1209 1.511104 
1210 1.392382 
1211 1.525416 
1212 1.695659 
1213 1.414822 
1214 1.420957 
1215 1.468739 
1216 1.362793 
1217 1.393168 
1218 1.421916 
1219 1.671774 
1220 1.557776 
1221 1.475095 
1222 1.433861 
1223 1.343600 
1224 1.393983 
1225 1.390543 
1226 1.453161 
1227 1.601742 
1228 1.620570 
1229 1.552122 
1230 1.264223 
1231 1.443682 
1232 1.492013 
1233 1.489193 
1234 1.438964 
1235 1.500814 
1236 1.274771 
1237 1.353131 
1238 1.356869 
1239 2.104646 
1240 1.569494 
1241 1.440851 
1242 1.489061 
1243 1.541319 
1244 1.440087 
1245 1.426590 
1246 1.640638 
1247 1.499893 
1248 1.614824 
1249 1.466891 
1250 1.455560 
1251 1.366647 
1252 1.450733 
1253 1.530463 
1254 1.530271 
1255 1.544706 
1256 1.505108 
1257 1.519820 
1258 1.531287 
1259 1.338341 
1260 1.606407 
1261 1.491181 
1262 1.487632 
1263 1.446388 
1264 1.477068 
1265 1.504564 
1266 1.549847 
1267 1.451148 
1268 1.546338 
1269 1.546220 
1270 1.417756 
1271 1.484530 
1272 1.476571 
1273 1.521200 
1274 1.522134 
1275 1.546024 
1276 1.537181 
1277 1.487249 
1278 1.540670 
1279 1.382798 
1280 1.255144 
1281 1.484842 
1282 1.431503 
1283 1.767697 
1284 1.805108 
1285 1.479715 
1286 1.472324 
1287 1.221971 
1288 1.388048 
1289 1.606506 
1290 1.430700 
1291 1.813879 
1292 1.543181 
1293 1.705832 
1294 1.592019 
1295 1.403414 
1296 1.322599 
1297 1.409091 
1298 1.854320 
1299 1.590544 
1300 1.649629 
1301 1.568662 
1302 1.526450 
1303 1.426969 
1304 1.585253 
1305 1.546771 
1306 1.626922 
1307 1.612068 
1308 1.671913 
1309 1.473411 
1310 1.611586 
1311 1.713209 
1312 1.470778 
1313 1.482902 
1314 1.584246 
1315 1.748502 
1316 1.437928 
1317 1.690312 
1318 1.579109 
1319 1.464287 
1320 1.595765 
1321 1.534359 
1322 1.437912 
1323 1.677359 
1324 1.597521 
1325 1.549746 
1326 1.513969 
1327 1.512854 
1328 1.593582 
1329 1.526092 
1330 1.546741 
1331 1.712411 
1332 1.594136 
1333 1.622283 
1334 1.586387 
1335 1.511983 
1336 1.594376 
1337 1.593897 
1338 1.499063 
1339 1.628881 
1340 1.535869 
1341 1.524398 
1342 1.478433 
1343 1.743620 
1344 1.661289 
1345 1.789718 
1346 1.433344 
1347 1.363027 
1348 1.680213 
1349 1.640537 
1350 1.573080 
1351 1.714299 
1352 1.677887 
1353 1.648863 
1354 1.665610 
1355 1.516245 
1356 1.552785 
1357 1.679756 
1358 1.746364 
1359 1.704939 
1360 1.649379 
1361 1.644413 
1362 1.604208 
1363 1.620267 
1364 1.593613 
1365 1.594197 
1366 1.592249 
1367 1.577146 
1368 1.592648 
1369 1.726936 
1370 1.633789 
1371 1.597710 
1372 1.656271 
1373 1.580201 
1374 1.660571 
1375 1.682374 
1376 1.632403 
1377 1.734467 
1378 1.522458 
1379 1.495902 
1380 1.471897 
1381 1.598085 
1382 1.696324 
1383 1.632224 
1384 1.626686 
1385 1.619390 
1386 1.680005 
1387 1.581117 
1388 1.773190 
1389 1.768305 
1390 1.558924 
1391 1.534446 
1392 1.747905 
1393 1.787934 
1394 1.635117 
1395 1.474697 
1396 1.191417 
1397 1.166451 
1398 -1.699861 
1399 -1.843193 
1400 -1.721586 
1401 -1.542957 
1402 -1.356975 
1403 -1.260424 
1404 -1.335307 
1405 -1.418279 
1406 -1.542722 
1407 -1.744778 
1408 -1.649400 
1409 -1.466339 
1410 -1.393591 
1411 -1.387735 
1412 -1.484281 
1413 -1.469934 
1414 -1.502327 
1415 -1.466198 
1416 -1.486868 
1417 -1.558226 
1418 -1.563079 
1419 -1.371397 
1420 -1.475807 
1421 -1.374975 
1422 -1.493506 
1423 -1.554251 
1424 -1.615725 
1425 -1.454037 
1426 -1.454391 
1427 -1.347274 
1428 -1.226942 
1429 -1.286979 
1430 -1.537292 
1431 -1.787627 
1432 -1.665728 
1433 -1.484529 
1434 -1.471455 
1435 -1.238261 
1436 -1.403175 
1437 -1.411429 
1438 -1.534918 
1439 -1.651906 
1440 -1.326338 
1441 -1.466266 
1442 -1.432360 
1443 -1.557929 
1444 -1.538750 
1445 -1.561451 
1446 -1.384365 
1447 -1.506761 
1448 -1.519477 
1449 -1.380519 
1450 -1.417786 
1451 -1.658235 
1452 1.561292 
1453 1.603902 
1454 1.585210 
1455 1.603049 
1456 1.467952 
1457 1.515657 
1458 1.545830 
1459 1.735548 
1460 1.810857 
1461 1.586070 
1462 1.481677 
1463 1.356333 
1464 1.659614 
1465 1.544513 
1466 1.560908 
1467 1.667318 
1468 1.709541 
1469 1.512760 
1470 1.607540 
1471 1.537231 
1472 1.561034 
1473 1.484593 
1474 1.580609 
1475 1.628354 
1476 1.653419 
1477 1.576079 
1478 1.527364 
1479 1.541969 
1480 1.575968 
1481 1.729793 
1482 1.578568 
1483 1.570985 
1484 1.666701 
1485 1.579563 
1486 1.565106 
1487 1.734855 
1488 1.558404 
1489 1.489208 
1490 1.597465 
1491 1.694619 
1492 1.594237 
1493 1.615686 
1494 1.544837 
1495 1.591123 
1496 1.519099 
1497 1.615062 
1498 1.663699 
1499 1.630213 
1500 1.665770 
1501 1.620857 
1502 1.564091 
1503 1.386764 
1504 1.572726 
1505 1.459858 
1506 1.436115 
1507 1.444672 
1508 1.395825 
1509 1.414559 
1510 1.569214 
1511 1.524913 
1512 1.542493 
1513 1.497868 
1514 1.523969 
1515 1.552629 
1516 1.572098 
1517 1.532567 
1518 1.477507 
1519 1.399730 
1520 1.468205 
1521 1.413737 
1522 1.488432 
1523 1.549733 
1524 1.395136 
1525 1.381566 
1526 1.466825 
1527 1.602452 
1528 1.732383 
1529 1.463878 
1530 1.356814 
1531 1.322641 
1532 1.485841 
1533 1.556805 
1534 1.623217 
1535 1.529309 
1536 1.229771 
1537 1.265995 
1538 1.530591 
1539 1.624883 
1540 1.759901 
1541 1.363049 
1542 1.336162 
1543 1.608484 
1544 1.629993 
1545 1.353283 
1546 1.335107 
1547 1.592829 
1548 1.392445 
1549 1.597843 
1550 1.521744 
1551 1.264525 
1552 1.507537 
1553 1.432830 
1554 1.433438 
1555 1.535493 
1556 1.581776 
1557 1.412381 
1558 1.391942 
1559 1.524121 
1560 1.543989 
1561 1.507277 
1562 1.473092 
1563 1.381410 
1564 1.384236 
1565 1.350023 
1566 1.388095 
1567 1.727012 
1568 1.837162 
1569 1.436852 
1570 1.227226 
1571 1.196967 
1572 1.416459 
1573 1.186053 
1574 2.185225 
1575 -1.338341 
1576 -1.429169 
1577 -1.380800 
1578 -1.380206 
1579 -1.349049 
1580 -1.530508 
1581 -1.302613 
1582 -1.562778 
1583 -1.287188 
1584 -1.396478 
1585 -1.531644 
1586 -1.387568 
1587 -1.370163 
1588 -1.269389 
1589 -1.347972 
1590 -1.403914 
1591 -1.494478 
1592 -1.556523 
1593 -1.288441 
1594 -1.447349 
1595 -1.321275 
1596 -1.531200 
1597 -1.377556 
1598 -1.348763 
1599 -1.328957 
1600 -1.464803 
1601 -1.372755 
1602 -1.417812 
1603 -1.440791 
1604 -1.562994 
1605 -1.349231 
1606 -1.310053 
1607 -1.569831 
1608 -1.499270 
1609 -1.580538 
1610 -1.261988 
1611 -1.070147 
1612 -1.371950 
1613 -1.480876 
1614 -1.476087 
1615 -1.362077 
1616 -1.250572 
1617 -1.380709 
1618 -1.462397 
1619 -1.572487 
1620 -1.413126 
1621 -1.368852 
1622 -1.337559 
1623 -1.510526 
1624 -1.595124 
1625 -1.439105 
1626 -1.279514 
1627 -1.257800 
1628 -1.160606 
1629 -1.163688 
1630 -2.271726 
1631 1.281580 
1632 1.466622 
1633 1.481027 
1634 1.470244 
1635 1.730582 
1636 1.724847 
1637 1.443261 
1638 1.400021 
1639 1.479295 
1640 1.485458 
1641 1.366266 
1642 1.526399 
1643 1.542585 
1644 1.502628 
1645 1.369322 
1646 1.624987 
1647 1.556354 
1648 1.557224 
1649 1.470984 
1650 1.472669 
1651 1.623444 
1652 1.636936 
1653 1.524436 
1654 1.474319 
1655 1.421955 
1656 1.592750 
1657 1.409072 
1658 1.584623 
1659 1.586666 
1660 1.468910 
1661 1.434521 
1662 1.482552 
1663 1.747564 
1664 1.419492 
1665 1.513423 
1666 1.507759 
1667 1.672558 
1668 1.575808 
1669 1.403522 
1670 1.347681 
1671 1.590951 
1672 1.599391 
1673 1.547408 
1674 1.361107 
1675 1.579400 
1676 1.431035 
1677 1.484160 
1678 1.508278 
1679 1.567082 
1680 1.738286 
1681 1.690685 
1682 1.539002 
1683 1.381687 
1684 1.638470 
1685 1.530657 
1686 1.545876 
1687 1.586933 
1688 1.753116 
1689 1.554426 
1690 1.626081 
1691 1.532333 
1692 1.414305 
1693 1.541660 
1694 1.514785 
1695 1.856710 
1696 1.536079 
1697 1.593523 
1698 1.469345 
1699 1.614696 
1700 1.635178 
1701 1.501566 
1702 1.564324 
1703 1.652816 
1704 1.490793 
1705 1.502176 
1706 1.599834 
1707 1.643067 
1708 1.442339 
1709 1.641987 
1710 1.627913 
1711 1.486233 
1712 1.511312 
1713 1.487699 
1714 1.594788 
1715 1.679545 
1716 1.601634 
1717 1.589383 
1718 1.629268 
1719 1.539918 
1720 1.458981 
1721 1.466231 
1722 1.687749 
1723 1.578620 
1724 1.551635 
1725 1.500986 
1726 1.635405 
1727 1.687824 
1728 1.547025 
1729 1.445861 
1730 1.622930 
1731 1.540182 
1732 1.444870 
1733 1.578644 
1734 1.740995 
1735 1.718595 
1736 1.585095 
1737 1.612364 
1738 1.586345 
1739 1.612185 
1740 1.546796 
1741 1.622159 
1742 1.693379 
1743 1.473221 
1744 1.613551 
1745 1.561274 
1746 1.455431 
1747 1.548634 
1748 1.603042 
1749 1.502306 
1750 1.524029 
1751 1.618652 
1752 1.550426 
1753 1.647101 
1754 1.533251 
1755 1.581407 
1756 1.664639 
1757 1.579036 
1758 1.453519 
1759 1.587439 
1760 1.547941 
1761 1.549693 
1762 1.603512 
1763 1.635543 
1764 1.609201 
1765 1.656724 
1766 1.579520 
1767 1.578384 
1768 1.419663 
1769 1.555348 
1770 1.707758 
1771 1.627045 
1772 1.508485 
1773 1.555311 
1774 1.573947 
1775 1.725006 
1776 1.616309 
1777 1.740734 
1778 1.502358 
1779 1.567917 
1780 1.651243 
1781 1.706774 
1782 1.508461 
1783 1.422601 
1784 1.409745 
1785 -1.522423 
1786 -1.443948 
1787 -1.518399 
1788 -1.535135 
1789 -1.417546 
1790 -1.324377 
1791 -1.286907 
1792 -1.434742 
1793 -1.483870 
1794 -1.416381 
1795 -1.439207 
1796 -1.438455 
1797 -1.479680 
1798 -1.380526 
1799 -1.549346 
1800 -1.286737 
1801 -1.388119 
1802 -1.368381 
1803 -1.520849 
1804 -1.476934 
1805 -1.646849 
1806 -1.333760 
1807 -1.334014 
1808 -1.433094 
1809 -1.427473 
1810 -1.311940 
1811 -1.527052 
1812 -1.442018 
1813 -1.504430 
1814 -1.375400 
1815 -1.426249 
1816 -1.427413 
1817 -1.533766 
1818 -1.328119 
1819 -1.381824 
1820 -1.307156 
1821 -1.295216 
1822 -1.509398 
1823 -1.529803 
1824 -1.504757 
1825 -1.416065 
1826 -1.321188 
1827 -1.590859 
1828 -1.443067 
1829 -1.438444 
1830 -1.409558 
1831 -1.349688 
1832 -1.211783 
1833 -1.233244 
1834 -1.513007 
1835 -1.582089 
1836 -1.613029 
1837 -1.545429 
1838 -1.270052 
1839 -1.273686 
1840 -1.546058 
1841 -1.246862 
1842 -1.433935 
1843 -1.566517 
1844 -1.437528 
1845 -1.251714 
1846 -1.599539 
1847 -1.247010 
1848 -2.141450 
1849 -1.289009 
1850 -1.370536 
1851 -1.228782 
1852 -1.594783 
1853 -1.256202 
1854 -1.345263 
1855 -1.660490 
1856 -1.506777 
1857 -1.314054 
1858 -1.345770 
1859 -1.360975 
1860 -1.514666 
1861 -1.439062 
1862 -1.304835 
1863 -1.424266 
1864 -1.541073 
1865 -1.525603 
1866 -1.296492 
1867 -1.344519 
1868 -1.307946 
1869 -1.500156 
1870 -1.472213 
1871 -1.409601 
1872 -1.524774 
1873 -1.524330 
1874 -1.506222 
1875 -1.272705 
1876 -1.221668 
1877 -1.352066 
1878 -1.473451 
1879 -1.690701 
1880 -1.509598 
1881 -1.375875 
1882 -1.229333 
1883 -1.487879 
1884 -1.435236 
1885 -1.307549 
1886 -1.170032 
1887 -1.647797 
1888 -1.707632 
1889 -1.398138 
1890 -1.337681 
1891 -1.311961 
1892 -1.218287 
1893 -1.386674 
1894 -1.546415 
1895 -1.545004 
1896 -1.502750 
1897 -1.524736 
1898 -1.392158 
1899 -1.404020 
1900 -1.383832 
1901 -1.488749 
1902 -1.434900 
1903 -1.527215 
1904 -1.397286 
1905 -2.154753 
1906 -1.173222 
1907 -1.251027 
1908 -1.373175 
1909 -1.191692 
1910 -1.499338 
1911 -1.839421 
1912 -1.584983 
1913 -1.464218 
1914 -1.219042 
1915 -1.452826 
1916 -1.616000 
1917 -1.447529 
1918 -1.405578 
1919 -1.375544 
1920 -1.471675 
1921 -1.408184 
1922 -1.387715 
1923 -1.530171 
1924 -1.552695 
1925 -1.478313 
1926 -1.446214 
1927 -1.326300 
1928 -1.394860 
1929 -1.326940 
1930 -1.514369 
1931 -1.645638 
1932 -1.816846 
1933 -1.450391 
1934 -1.235906 
1935 -1.324199 
1936 -1.464996 
1937 -1.430911 
1938 -1.441136 
1939 -1.542046 
1940 -1.309513 
1941 -1.344662 
1942 -1.465755 
1943 -1.627687 
1944 -1.572824 
1945 -1.430711 
1946 -1.411411 
1947 -1.456393 
1948 -1.292265 
1949 -1.536505 
1950 -1.361348 
1951 -1.514427 
1952 -1.605993 
1953 -1.564885 
1954 -1.335094 
1955 -1.378892 
1956 -1.903977 
1957 1.262343 
1958 1.581806 
1959 1.612901 
1960 1.569191 
1961 1.449926 
1962 1.485082 
1963 1.723299 
1964 1.562638 
1965 1.533076 
1966 1.494617 
1967 1.578926 
1968 1.559534 
1969 1.532242 
1970 1.582314 
1971 1.558109 
1972 1.385609 
1973 1.536372 
1974 1.623695 
1975 1.593045 
1976 1.554814 
1977 1.502216 
1978 1.657396 
1979 1.586210 
1980 1.557004 
1981 1.559898 
1982 1.671428 
1983 1.487851 
1984 1.314939 
1985 1.513123 
1986 1.564057 
1987 1.799076 
1988 1.572354 
1989 1.611778 
1990 1.431422 
1991 1.559115 
1992 1.608626 
1993 1.431828 
1994 1.555449 
1995 1.606985 
1996 1.603660 
1997 1.538335 
1998 1.567924 
1999 1.624279 
2000 1.665273 
2001 1.436991 
2002 1.528018 
2003 1.418962 
2004 1.627141 
2005 1.524705 
2006 1.629873 
2007 1.553398 
2008 -1.480431 
2009 -1.409835 
2010 -1.297700 
2011 -1.495056 
2012 -1.438894 
2013 -1.385864 
2014 -1.446769 
2015 -1.268716 
2016 -1.583685 
2017 -1.407170 
2018 -1.373301 
2019 -1.365972 
2020 -1.580401 
2021 -1.444739 
2022 -1.361851 
2023 -1.319735 
2024 -1.439770 
2025 -1.294105 
2026 -1.451032 
2027 -1.353824 
2028 -1.492398 
2029 -1.374817 
2030 -1.393070 
2031 -1.494259 
2032 -1.470205 
2033 -1.413460 
2034 -1.441439 
2035 -1.375983 
2036 -1.429882 
2037 -1.331442 
2038 -1.446652 
2039 -1.485205 
2040 -1.604441 
2041 -1.427876 
2042 -1.293984 
2043 -1.277048 
2044 -1.409683 
2045 -1.499521 
2046 -1.455755 
2047 -1.493962 
2048 -1.285067 
2049 -1.230948 
2050 -1.312482 
2051 -1.623868 
2052 -1.376129 
2053 -1.320420 
2054 -1.446951 
2055 -1.300555 
2056 -1.238196 
2057 -1.146054 
2058 -2.333172 
2059 1.175078 
2060 1.621877 
2061 1.430387 
2062 1.571915 
2063 1.570264 
2064 1.556850 
2065 1.544635 
2066 1.535694 
2067 1.416978 
2068 1.509311 
2069 1.520172 
2070 1.612928 
2071 1.448929 
2072 1.510859 
2073 1.477324 
2074 1.520080 
2075 1.534726 
2076 1.585520 
2077 1.559757 
2078 1.520556 
2079 1.319749 
2080 1.491042 
2081 1.600060 
2082 1.427207 
2083 1.577477 
2084 1.625129 
2085 1.551790 
2086 1.464214 
2087 1.432395 
2088 1.530844 
2089 1.371073 
2090 1.496382 
2091 1.652995 
2092 1.519076 
2093 1.513749 
2094 1.514880 
2095 1.586997 
2096 1.420298 
2097 1.431331 
2098 1.546250 
2099 1.632853 
2100 1.532230 
2101 1.569877 
2102 1.328397 
2103 1.552540 
2104 1.541090 
2105 1.413038 
2106 1.499949 
2107 1.536414 
2108 1.643254 
2109 1.494863 
2110 1.842165 
2111 1.240726 
2112 1.329755 
2113 1.401246 
2114 1.682380 
2115 1.478559 
2116 1.397718 
2117 1.330804 
2118 1.373516 
2119 1.721768 
2120 1.674359 
2121 1.480370 
2122 1.271378 
2123 1.350617 
2124 1.557747 
2125 1.418610 
2126 1.434230 
2127 1.537341 
2128 1.605192 
2129 1.570807 
2130 1.372866 
2131 1.486698 
2132 1.299679 
2133 1.416971 
2134 1.485294 
2135 1.722314 
2136 1.515262 
2137 1.391267 
2138 1.476537 
2139 1.622106 
2140 1.506219 
2141 1.462148 
2142 1.426720 
2143 1.432306 
2144 1.652999 
2145 1.589301 
2146 1.484944 
2147 1.374475 
2148 1.563729 
2149 1.449765 
2150 1.459839 
2151 1.602267 
2152 1.369371 
2153 1.414754 
2154 1.478191 
2155 1.566249 
2156 1.822786 
2157 1.475965 
2158 1.289535 
2159 1.374598 
2160 1.326813 
2161 1.957374 
2162 -1.375735 
2163 -1.434125 
2164 -1.497483 
2165 -1.407664 
2166 -1.392788 
2167 -1.574888 
2168 -1.619492 
2169 -1.447756 
2170 -1.362403 
2171 -1.209097 
2172 -1.565169 
2173 -1.458583 
2174 -1.366165 
2175 -1.441441 
2176 -1.448960 
2177 -1.319986 
2178 -1.514698 
2179 -1.473392 
2180 -1.407046 
2181 -1.419425 
2182 -1.516943 
2183 -1.400456 
2184 -1.443684 
2185 -1.353132 
2186 -1.330794 
2187 -1.469181 
2188 -1.385130 
2189 -1.440637 
2190 -1.479656 
2191 -1.421458 
2192 -1.401193 
2193 -1.399497 
2194 -1.361599 
2195 -1.491675 
2196 -1.724085 
2197 -1.413984 
2198 -1.239328 
2199 -1.406079 
2200 -1.420794 
2201 -1.394603 
2202 -1.448212 
2203 -1.609379 
2204 -1.442590 
2205 -1.265414 
2206 -1.395497 
2207 -1.418770 
2208 -1.412764 
2209 -1.377033 
2210 -1.412335 
2211 -1.398182 
2212 -1.980807 
2213 1.406682 
2214 1.357418 
2215 1.221709 
2216 1.408629 
2217 1.630209 
2218 1.631532 
2219 1.381887 
2220 1.347468 
2221 1.297397 
2222 1.556369 
2223 1.477849 
2224 1.423668 
2225 1.463542 
2226 1.490037 
2227 1.447537 
2228 1.425967 
2229 1.424766 
2230 1.432540 
2231 1.510579 
2232 1.490468 
2233 1.320983 
2234 1.345447 
2235 1.772989 
2236 1.541503 
2237 1.384938 
2238 1.442728 
2239 1.376231 
2240 1.563840 
2241 1.320607 
2242 1.402859 
2243 1.470453 
2244 1.576097 
2245 1.502166 
2246 1.227434 
2247 1.479303 
2248 1.390517 
2249 1.310635 
2250 1.443756 
2251 1.620972 
2252 1.476702 
2253 1.499169 
2254 1.384005 
2255 1.492040 
2256 1.423698 
2257 1.560831 
2258 1.385646 
2259 1.401903 
2260 1.338511 
2261 1.344576 
2262 1.350952 
2263 2.192063 
2264 -1.192271 
2265 -1.366342 
2266 -1.329835 
2267 -1.625209 
2268 -1.533684 
2269 -1.447993 
2270 -1.227769 
2271 -1.338014 
2272 -1.444161 
2273 -1.294666 
2274 -1.468711 
2275 -1.512635 
2276 -1.457134 
2277 -1.358423 
2278 -1.404705 
2279 -1.276621 
2280 -1.360574 
2281 -1.373927 
2282 -1.369780 
2283 -1.416609 
2284 -1.687210 
2285 -1.380795 
2286 -1.285107 
2287 -1.389252 
2288 -1.285203 
2289 -1.272712 
2290 -1.418833 
2291 -1.465505 
2292 -1.497075 
2293 -1.412964 
2294 -1.384973 
2295 -1.250677 
2296 -1.309285 
2297 -1.365563 
2298 -1.498340 
2299 -1.415005 
2300 -1.428906 
2301 -1.190695 
2302 -1.348191 
2303 -1.598058 
2304 -1.421061 
2305 -1.315004 
2306 -1.458034 
2307 -1.437759 
2308 -1.355842 
2309 -1.308150 
2310 -1.422775 
2311 -1.584051 
2312 -1.279564 
2313 -1.207579 
2314 -2.332575 
2315 -1.173844 
2316 -1.517983 
2317 -1.451694 
2318 -1.375280 
2319 -1.662930 
2320 -1.492533 
2321 -1.371019 
2322 -1.390428 
2323 -1.556985 
2324 -1.581245 
2325 -1.529932 
2326 -1.297208 
2327 -1.422728 
2328 -1.464132 
2329 -1.394025 
2330 -1.524966 
2331 -1.536961 
2332 -1.536346 
2333 -1.378716 
2334 -1.514908 
2335 -1.550630 
2336 -1.449779 
2337 -1.281920 
2338 -1.555116 
2339 -1.499763 
2340 -1.521778 
2341 -1.596245 
2342 -1.300023 
2343 -1.544008 
2344 -1.515992 
2345 -1.425177 
2346 -1.379476 
2347 -1.564411 
2348 -1.559504 
2349 -1.537033 
2350 -1.428601 
2351 -1.473200 
2352 -1.470590 
2353 -1.445861 
2354 -1.413663 
2355 -1.674776 
2356 -1.480978 
2357 -1.483763 
2358 -1.508314 
2359 -1.341281 
2360 -1.455628 
2361 -1.435853 
2362 -1.381736 
2363 -1.666979 
2364 -1.573400 
2365 -1.415480 
2366 -1.501818 
2367 -1.391922 
2368 -1.613984 
2369 -1.405483 
2370 -1.308832 
2371 -1.711551 
2372 -1.285953 
2373 -1.295447 
2374 -1.344101 
2375 -1.530333 
2376 -1.752133 
2377 -1.326718 
2378 -1.289912 
2379 -1.281696 
2380 -1.250115 
2381 -1.233108 
2382 -1.334099 
2383 -1.575236 
2384 -1.747890 
2385 -1.377345 
2386 -1.356951 
2387 -1.265105 
2388 -1.231058 
2389 -1.203424 
2390 -1.389369 
2391 -1.741825 
2392 -1.620162 
2393 -1.311789 
2394 -1.226521 
2395 -1.367162 
2396 -1.402024 
2397 -1.324112 
2398 -1.379248 
2399 -1.495344 
2400 -1.608658 
2401 -1.506112 
2402 -1.397510 
2403 -1.164586 
2404 -1.212097 
2405 -1.561938 
2406 -1.369443 
2407 -1.407283 
2408 -1.319923 
2409 -1.730220 
2410 -1.224602 
2411 -1.270535 
2412 -1.373092 
2413 -1.446234 
2414 -1.414572 
2415 -1.390523 
2416 -1.355133 
2417 -1.425988 
2418 -1.398197 
2419 -1.295264 
2420 -1.133751 
2421 -1.058061 
2422 -2.285423 
2423 -1.337501 
2424 -1.644597 
2425 -1.257857 
2426 -1.487542 
2427 -1.582102 
2428 -1.448283 
2429 -1.511509 
2430 -1.375047 
2431 -1.402278 
2432 -1.365214 
2433 -1.232639 
2434 -1.540038 
2435 -1.513426 
2436 -1.366757 
2437 -1.299754 
2438 -1.614297 
2439 -1.541860 
2440 -1.478598 
2441 -1.342962 
2442 -1.427211 
2443 -1.462007 
2444 -1.456816 
2445 -1.467440 
2446 -1.528098 
2447 -1.433761 
2448 -1.321886 
2449 -1.432920 
2450 -1.406403 
2451 -1.580888 
2452 -1.499446 
2453 -1.424777 
2454 -1.409826 
2455 -1.358639 
2456 -1.464906 
2457 -1.417279 
2458 -1.488657 
2459 -1.366004 
2460 -1.345894 
2461 -1.464521 
2462 -1.416849 
2463 -1.593931 
2464 -1.603846 
2465 -1.503057 
2466 -1.385656 
2467 -1.267819 
2468 -1.462676 
2469 -1.533730 
2470 -1.392155 
2471 -1.364539 
2472 -1.346628 
2473 -1.109124 
2474 -1.928120 
2475 1.480429 
2476 1.748802 
2477 1.322081 
2478 1.370365 
2479 1.272787 
2480 1.448889 
2481 1.410102 
2482 1.468606 
2483 1.486999 
2484 1.617252 
2485 1.376679 
2486 1.555701 
2487 1.446235 
2488 1.274041 
2489 1.476046 
2490 1.451061 
2491 1.577847 
2492 1.607617 
2493 1.381608 
2494 1.303879 
2495 1.512844 
2496 1.481425 
2497 1.432619 
2498 1.528951 
2499 1.424958 
2500 1.401905 
2501 1.354207 
2502 1.571794 
2503 1.552226 
2504 1.595347 
2505 1.219326 
2506 1.365142 
2507 1.628287 
2508 1.521903 
2509 1.540643 
2510 1.391788 
2511 1.395083 
2512 1.393654 
2513 1.361129 
2514 1.451892 
2515 1.580092 
2516 1.706343 
2517 1.548365 
2518 1.259489 
2519 1.215791 
2520 1.246998 
2521 1.541348 
2522 1.421238 
2523 1.260886 
2524 2.206964 
2525 1.239464 
2526 1.349249 
2527 1.614127 
2528 1.568724 
2529 1.488755 
2530 1.463619 
2531 1.458228 
2532 1.447813 
2533 1.488220 
2534 1.545707 
2535 1.479204 
2536 1.423300 
2537 1.330159 
2538 1.659699 
2539 1.455776 
2540 1.643427 
2541 1.373520 
2542 1.386300 
2543 1.528671 
2544 1.408067 
2545 1.522188 
2546 1.458846 
2547 1.516941 
2548 1.639879 
2549 1.336126 
2550 1.477211 
2551 1.681938 
2552 1.469060 
2553 1.329906 
2554 1.445153 
2555 1.726981 
2556 1.752965 
2557 1.555914 
2558 1.282115 
2559 1.347190 
2560 1.376551 
2561 1.504057 
2562 1.626890 
2563 1.499358 
2564 1.631608 
2565 1.479185 
2566 1.220478 
2567 1.617805 
2568 1.516137 
2569 1.483230 
2570 1.612078 
2571 1.290059 
2572 1.354123 
2573 1.512417 
2574 1.226110 
2575 2.008447 
2576 -1.165536 
2577 -1.437905 
2578 -1.587195 
2579 -1.513637 
2580 -1.554711 
2581 -1.457149 
2582 -1.465960 
2583 -1.322476 
2584 -1.350337 
2585 -1.446544 
2586 -1.500246 
2587 -1.447032 
2588 -1.410152 
2589 -1.555697 
2590 -1.367035 
2591 -1.477167 
2592 -1.636546 
2593 -1.398633 
2594 -1.242898 
2595 -1.526786 
2596 -1.672487 
2597 -1.559721 
2598 -1.376706 
2599 -1.262728 
2600 -1.153828 
2601 -1.269230 
2602 -1.437368 
2603 -1.889884 
2604 -1.718460 
2605 -1.410991 
2606 -1.242432 
2607 -1.348911 
2608 -1.443999 
2609 -1.379844 
2610 -1.528643 
2611 -1.462274 
2612 -1.567286 
2613 -1.535707 
2614 -1.336341 
2615 -1.469029 
2616 -1.612718 
2617 -1.430266 
2618 -1.328574 
2619 -1.384578 
2620 -1.567838 
2621 -1.456617 
2622 -1.353377 
2623 -1.417588 
2624 -1.329243 
2625 -1.146162 
2626 -1.866936 
2627 -1.449239 
2628 -1.542414 
2629 -1.171375 
2630 -1.316018 
2631 -1.432287 
2632 -1.482853 
2633 -1.382619 
2634 -1.193106 
2635 -1.586591 
2636 -1.463032 
2637 -1.414399 
2638 -1.338751 
2639 -1.209524 
2640 -1.272341 
2641 -1.417863 
2642 -1.384168 
2643 -1.470297 
2644 -1.553801 
2645 -1.442825 
2646 -1.273546 
2647 -1.383377 
2648 -1.407665 
2649 -1.347858 
2650 -1.433958 
2651 -1.282734 
2652 -1.277893 
2653 -1.336678 
2654 -1.418316 
2655 -1.517275 
2656 -1.434654 
2657 -1.482639 
2658 -1.263561 
2659 -1.243280 
2660 -1.433664 
2661 -1.469781 
2662 -1.311122 
2663 -1.358921 
2664 -1.307157 
2665 -1.300350 
2666 -1.450891 
2667 -1.437299 
2668 -1.239415 
2669 -1.277660 
2670 -1.433699 
2671 -1.459749 
2672 -1.726774 
2673 -1.465688 
2674 -1.192443 
2675 -1.158419 
2676 -1.114736 
2677 -2.547294 
2678 -1.048504 
2679 -1.058795 
2680 -1.417232 
2681 -1.475199 
2682 -1.420752 
2683 -1.568289 
2684 -1.419761 
2685 -1.655876 
2686 -1.372384 
2687 -1.317252 
2688 -1.383114 
2689 -1.297419 
2690 -1.355996 
2691 -1.539555 
2692 -1.658569 
2693 -1.348673 
2694 -1.543943 
2695 -1.343318 
2696 -1.482212 
2697 -1.344581 
2698 -1.471537 
2699 -1.492268 
2700 -1.593323 
2701 -1.529698 
2702 -1.417137 
2703 -1.336642 
2704 -1.471595 
2705 -1.447229 
2706 -1.477456 
2707 -1.433559 
2708 -1.251228 
2709 -1.205065 
2710 -1.462665 
2711 -1.670263 
2712 -1.677738 
2713 -1.425519 
2714 -1.295353 
2715 -1.261822 
2716 -1.480580 
2717 -1.462641 
2718 -1.358469 
2719 -1.520595 
2720 -1.396612 
2721 -1.557441 
2722 -1.346065 
2723 -1.578723 
2724 -1.518140 
2725 -1.599181 
2726 -1.372065 
2727 -1.324579 
2728 -1.215483 
2729 -1.055629 
2730 -1.949831 
2731 -1.400734 
2732 -1.286618 
2733 -1.104908 
2734 -1.983803 
2735 -1.662986 
2736 -1.352411 
2737 -1.297289 
2738 -1.286716 
2739 -1.228884 
2740 -1.364905 
2741 -1.337829 
2742 -1.332476 
2743 -1.686028 
2744 -1.446999 
2745 -1.163583 
2746 -1.385907 
2747 -1.479697 
2748 -1.366752 
2749 -1.246067 
2750 -1.482720 
2751 -1.562083 
2752 -2.416509 
2753 -1.574217 
2754 -0.465716 
2755 -0.237487 
2756 -1.343247 
2757 -1.105095 
2758 -2.082686 
2759 -0.862124 
2760 -0.506955 
2761 -1.270558 
2762 -1.524962 
2763 -2.156211 
2764 -2.088113 
2765 -1.845011 
2766 -0.573179 
2767 -0.287627 
2768 -2.047633 
2769 -1.832065 
2770 -0.763189 
2771 -0.411439 
2772 -2.008919 
2773 -1.862542 
2774 -0.928006 
2775 -0.577717 
2776 -1.428493 
2777 -1.225999 
2778 -1.650144 
2779 -1.534249 
2780 -2.075687 
2781 -1.074726 
2782 -0.816542 
2783 -1.539229 
2784 -1.068130 
2785 -0.822365 
2786 -0.678732 
2787 -2.741969 
2788 -1.970855 
2789 -1.171537 
2790 -1.053570 
2791 -0.723583 
2792 -1.949045 
2793 -0.903862 
2794 -0.581145 
2795 -1.972475 
2796 -1.606514 
2797 -1.772129 
2798 -1.250692 
2799 -0.875266 
2800 -1.913230 
2801 -1.478076 
2802 -1.184923 
2803 -1.261124 
2804 -1.345022 
2805 -1.503892 
2806 -1.200806 
2807 -1.404146 
2808 -1.256016 
2809 -1.395024 
2810 -1.264802 
2811 -1.211047 
2812 -1.151774 
2813 -1.117126 
2814 -1.500733 
2815 -1.421755 
2816 -1.701890 
2817 -1.186121 
2818 0.819853 
2819 -2.388561 
2820 -1.463893 
2821 -1.528138 
2822 -1.274509 
2823 -1.774658 
2824 -1.618701 
2825 -1.400134 
2826 -1.546695 
2827 -1.341768 
2828 -1.322364 
2829 -1.157485 
2830 -1.514517 
2831 -1.278700 
2832 -1.326341 
2833 -1.812533 
2834 -1.124063 
2835 -1.351654 
2836 -1.261230 
2837 -1.711706 
2838 -1.280730 
2839 -1.248711 
2840 -0.921795 
2841 -1.163539 
2842 -1.203665 
2843 -2.219921 
2844 -1.146099 
2845 -2.037491 
2846 -0.897057 
2847 -1.908861 
2848 -1.544839 
2849 -1.513657 
2850 -1.361942 
2851 -1.863109 
2852 -1.491118 
2853 -1.554033 
2854 -1.493675 
2855 -1.528820 
2856 -1.523781 
2857 -1.665554 
2858 -1.645023 
2859 -1.271936 
2860 -1.436691 
2861 -1.430299 
2862 -1.547010 
2863 -1.795089 
2864 -1.500861 
2865 -1.574720 
2866 -1.631000 
2867 -1.423634 
2868 -1.770725 
2869 1.455873 
2870 1.532514 
2871 1.413634 
2872 1.721569 
2873 1.444805 
2874 1.673105 
2875 1.628780 
2876 1.604239 
2877 1.535129 
2878 1.646946 
2879 1.489629 
2880 1.509108 
2881 1.560552 
2882 1.451076 
2883 1.530168 
2884 -0.587777 
2885 -2.493844 
2886 -1.417241 
2887 -0.821193 
2888 -1.486560 
2889 -2.683967 
2890 -0.888205 
2891 -0.544731 
2892 -1.608220 
2893 -1.512030 
2894 -1.472879 
2895 -1.279762 
2896 -1.372696 
2897 -1.350189 
2898 -1.546296 
2899 -1.609341 
2900 -2.607644 
2901 -0.630660 
2902 -1.205554 
2903 -0.782758 
2904 -1.174570 
2905 -1.164641 
2906 2.412118 
2907 1.710777 
2908 1.619710 
2909 1.464546 
2910 1.570128 
2911 1.465998 
2912 1.709093 
2913 1.411425 
2914 1.368687 
2915 1.501692 
2916 1.452967 
2917 1.662454 
2918 1.303418 
2919 1.516418 
2920 1.705311 
2921 1.391064 
2922 1.633379 
2923 1.356795 
2924 1.648274 
2925 1.043742 
2926 1.626863 
2927 1.642231 
2928 1.700098 
2929 1.214750 
2930 1.688921 
2931 1.478592 
2932 1.450567 
2933 1.653101 
2934 1.207362 
2935 1.550951 
2936 1.423025 
2937 1.515319 
2938 1.647714 
2939 1.361015 
2940 1.473078 
2941 1.560501 
2942 1.657485 
2943 1.551800 
2944 1.611601 
2945 1.334896 
2946 1.596581 
2947 1.307687 
2948 1.636605 
2949 1.211344 
2950 1.255976 
2951 1.459543 
2952 1.518856 
2953 1.387759 
2954 1.188699 
2955 1.668785 
2956 1.570064 
2957 1.483179 
2958 1.601284 
2959 1.226796 
2960 1.607782 
2961 1.144421 
2962 1.296786 
2963 -1.689168 
2964 -1.569706 
2965 -1.284269 
2966 -1.390931 
2967 -1.634173 
2968 -1.468017 
2969 -1.693912 
2970 -1.351607 
2971 -1.431993 
2972 -1.571219 
2973 -1.451029 
2974 -1.413041 
2975 -1.356056 
2976 -1.373466 
2977 -1.514507 
2978 -1.376217 
2979 -1.590496 
2980 -1.435674 
2981 -1.490704 
2982 -1.346167 
2983 -1.619538 
2984 -1.428816 
2985 -1.497057 
2986 -1.302741 
2987 -1.669893 
2988 -1.112989 
2989 -0.932129 
2990 -1.997701 
2991 -1.662225 
2992 -1.209344 
2993 -1.123834 
2994 -1.524211 
2995 -1.555098 
2996 1.402387 
2997 1.482368 
2998 1.472884 
2999 1.507622 
3000 1.539148 
3001 1.025746 
3002 1.496913 
3003 1.695189 
3004 1.690120 
3005 1.567982 
3006 1.417921 
3007 1.206730 
3008 1.774406 
3009 1.604647 
3010 1.532868 
3011 1.233319 
3012 1.597517 
3013 1.752781 
3014 1.214585 
3015 1.666441 
3016 1.582278 
3017 1.466325 
3018 1.402119 
3019 1.584844 
3020 1.489016 
3021 1.366323 
3022 1.412085 
3023 1.380568 
3024 -0.022231 
3025 1.707420 
3026 1.651618 
3027 1.903436 
3028 0.435874 
3029 3.585073 
3030 0.539797 
