958 1
0 0.139136 
1 0.400103 
2 0.059410 
3 0.473155 
4 -0.488436 
5 0.090666 
6 0.416130 
7 -0.121968 
8 0.490129 
9 -0.016103 
10 -0.412873 
11 -0.047785 
12 0.140952 
13 0.456596 
14 -0.386877 
15 -0.180316 
16 -0.103727 
17 -0.469569 
18 -0.328995 
19 -0.012652 
20 -0.480164 
21 0.282958 
22 0.400635 
23 -0.480963 
24 0.375316 
25 -0.137157 
26 0.412140 
27 0.213762 
28 0.208244 
29 0.280552 
30 -0.378163 
31 0.486826 
32 -0.408489 
33 -0.342561 
34 0.425691 
35 0.039986 
36 -0.157502 
37 -0.403823 
38 -0.393127 
39 0.418355 
40 -0.007627 
41 0.045692 
42 0.280988 
43 0.306964 
44 0.217238 
45 0.340577 
46 -0.257726 
47 -0.160609 
48 -0.020893 
49 -0.009540 
50 -0.160468 
51 -0.480963 
52 0.264120 
53 -0.258786 
54 -0.086727 
55 0.092185 
56 -0.340486 
57 0.032373 
58 -0.012652 
59 -0.459201 
60 -0.229613 
61 -0.047785 
62 0.247269 
63 -0.360415 
64 0.162719 
65 -0.137157 
66 0.329139 
67 -0.386877 
68 -0.415242 
69 0.279404 
70 0.299038 
71 -0.328995 
72 -0.263165 
73 0.175950 
74 0.474979 
75 0.233189 
76 -0.289724 
77 0.375316 
78 0.271311 
79 -0.403823 
80 0.010810 
81 -0.113499 
82 0.210429 
83 -0.457855 
84 -0.270136 
85 0.399655 
86 -0.410750 
87 0.478470 
88 -0.300478 
89 -0.342561 
90 0.233006 
91 0.477899 
92 -0.011086 
93 -0.277990 
94 0.206018 
95 -0.391972 
96 -0.028946 
97 -0.274656 
98 0.122638 
99 0.345249 
100 -0.085311 
101 0.002887 
102 -0.086727 
103 -0.230342 
104 -0.360415 
105 0.345249 
106 0.213762 
107 0.373421 
108 -0.415242 
109 -0.313467 
110 -0.457855 
111 -0.085311 
112 -0.230342 
113 -0.009540 
114 0.373421 
115 0.183224 
116 0.364485 
117 0.364485 
118 0.159722 
119 0.159722 
120 -0.377550 
121 0.195852 
122 -0.377550 
123 0.151454 
124 -0.481332 
125 -0.270136 
126 0.205340 
127 -0.262680 
128 0.151454 
129 -0.153061 
130 -0.386296 
131 -0.481332 
132 -0.234763 
133 -0.262680 
134 0.399655 
135 -0.366039 
136 0.316143 
137 -0.153061 
138 0.144409 
139 0.126375 
140 0.425723 
141 0.478470 
142 -0.343885 
143 0.477899 
144 0.144409 
145 -0.257726 
146 0.208244 
147 0.000169 
148 0.425723 
149 0.490129 
150 0.490129 
151 -0.469569 
152 -0.469569 
153 0.280552 
154 0.112312 
155 0.400635 
156 0.404589 
157 -0.237433 
158 0.271808 
159 -0.318430 
160 0.412140 
161 -0.229613 
162 -0.378163 
163 0.029512 
164 -0.386877 
165 0.205340 
166 -0.234763 
167 -0.408489 
168 -0.393127 
169 0.400635 
170 0.097385 
171 0.316143 
172 -0.007627 
173 0.217238 
174 -0.020893 
175 -0.483198 
176 0.412140 
177 0.015666 
178 -0.378163 
179 -0.258786 
180 -0.340486 
181 0.032373 
182 -0.047785 
183 -0.408489 
184 0.425691 
185 -0.054758 
186 -0.160609 
187 -0.393127 
188 0.306964 
189 -0.007627 
190 0.217238 
191 -0.020893 
192 -0.205761 
193 -0.142429 
194 0.493634 
195 0.139420 
196 -0.148198 
197 0.299038 
198 -0.481694 
199 -0.258786 
200 -0.410750 
201 0.494072 
202 -0.340486 
203 0.032373 
204 0.299038 
205 -0.343885 
206 0.000169 
207 -0.410750 
208 -0.054758 
209 -0.011086 
210 0.206018 
211 -0.478913 
212 -0.011086 
213 -0.255179 
214 -0.391972 
215 -0.205761 
216 0.206018 
217 -0.183596 
218 0.122638 
219 -0.117781 
220 -0.158873 
221 -0.328995 
222 -0.342561 
223 -0.391972 
224 -0.480164 
225 0.122638 
226 -0.480963 
227 -0.086727 
228 0.345249 
229 -0.158873 
230 -0.085311 
231 -0.257755 
232 -0.137157 
233 0.401153 
234 -0.360415 
235 0.213762 
236 -0.415242 
237 0.208244 
238 -0.457855 
239 -0.270136 
240 0.399655 
241 0.280552 
242 -0.294131 
243 -0.230342 
244 0.425691 
245 0.478470 
246 0.306964 
247 0.477899 
248 0.205340 
249 -0.257726 
250 0.373421 
251 0.390476 
252 -0.399632 
253 -0.234763 
254 0.316143 
255 -0.343885 
256 0.364485 
257 0.000169 
258 -0.054758 
259 0.159722 
260 -0.377550 
261 0.463979 
262 0.103572 
263 -0.354534 
264 -0.160609 
265 0.003934 
266 0.151454 
267 -0.205761 
268 -0.481332 
269 -0.499421 
270 -0.158873 
271 0.328523 
272 -0.262680 
273 -0.009540 
274 -0.153061 
275 0.442547 
276 -0.468346 
277 0.144409 
278 -0.480164 
279 0.011787 
280 -0.229613 
281 0.043724 
282 -0.258703 
283 -0.094166 
284 -0.367359 
285 -0.006639 
286 -0.001818 
287 0.045186 
288 0.425723 
289 -0.195422 
290 0.378512 
291 -0.018884 
292 -0.270136 
293 -0.270136 
294 0.213762 
295 0.373421 
296 0.399655 
297 0.478470 
298 0.399655 
299 -0.360415 
300 0.213762 
301 0.373421 
302 -0.415242 
303 0.345249 
304 0.478470 
305 -0.011086 
306 -0.415242 
307 0.345249 
308 -0.342561 
309 0.477899 
310 -0.300478 
311 -0.457855 
312 -0.342561 
313 -0.457855 
314 0.206018 
315 0.206018 
316 0.477899 
317 -0.085311 
318 -0.230342 
319 -0.009540 
320 0.195852 
321 -0.085311 
322 -0.011086 
323 0.090666 
324 0.373421 
325 -0.412873 
326 -0.230342 
327 -0.009540 
328 -0.277990 
329 -0.391972 
330 0.045692 
331 0.364485 
332 0.364485 
333 -0.391972 
334 0.364485 
335 0.159722 
336 0.159722 
337 -0.028946 
338 -0.377550 
339 -0.028946 
340 -0.377550 
341 0.195852 
342 0.122638 
343 0.122638 
344 -0.085311 
345 0.162719 
346 -0.360415 
347 -0.086727 
348 0.345249 
349 -0.085311 
350 -0.230342 
351 -0.377550 
352 0.151454 
353 -0.481332 
354 -0.086727 
355 -0.481332 
356 -0.212536 
357 -0.063103 
358 -0.284033 
359 -0.270136 
360 0.205340 
361 -0.262680 
362 -0.377550 
363 0.283709 
364 0.205340 
365 -0.293781 
366 0.151454 
367 -0.432755 
368 0.373421 
369 0.216779 
370 0.151454 
371 0.404390 
372 -0.270136 
373 0.067501 
374 -0.153061 
375 0.222358 
376 -0.356376 
377 0.209796 
378 -0.183440 
379 -0.414764 
380 -0.481332 
381 0.343012 
382 0.087787 
383 0.051288 
384 0.003410 
385 0.364485 
386 0.159722 
387 0.449491 
388 -0.250016 
389 0.017016 
390 0.202941 
391 -0.234763 
392 0.243413 
393 -0.234763 
394 -0.262680 
395 0.316143 
396 -0.117117 
397 0.265779 
398 -0.262680 
399 0.399655 
400 -0.292429 
401 0.125051 
402 -0.174273 
403 -0.481332 
404 -0.153061 
405 -0.387522 
406 -0.272602 
407 0.139136 
408 0.316143 
409 0.144409 
410 0.126375 
411 0.271808 
412 0.494072 
413 0.144409 
414 0.159722 
415 0.103572 
416 0.378512 
417 0.400103 
418 -0.237433 
419 0.425723 
420 0.126375 
421 0.195852 
422 0.425723 
423 0.126375 
424 0.151454 
425 -0.483198 
426 -0.262680 
427 0.478470 
428 0.015666 
429 0.493634 
430 -0.294131 
431 0.478470 
432 -0.343885 
433 -0.343885 
434 0.390476 
435 0.463979 
436 -0.354534 
437 0.477899 
438 0.000169 
439 -0.153061 
440 0.477899 
441 0.000169 
442 0.490129 
443 0.425723 
444 -0.499421 
445 0.144409 
446 -0.257726 
447 0.208244 
448 0.328523 
449 0.011787 
450 -0.469569 
451 0.418355 
452 0.425723 
453 0.490129 
454 0.264120 
455 -0.469569 
456 -0.469569 
457 -0.153061 
458 0.010810 
459 0.399655 
460 -0.274656 
461 0.195852 
462 0.280552 
463 0.112312 
464 -0.237433 
465 0.280552 
466 0.400635 
467 -0.483198 
468 0.015666 
469 -0.237433 
470 0.493634 
471 -0.294131 
472 0.400635 
473 0.390476 
474 0.463979 
475 0.112312 
476 -0.354534 
477 -0.469569 
478 -0.499421 
479 0.112312 
480 0.328523 
481 0.011787 
482 -0.274656 
483 0.195852 
484 0.112312 
485 -0.237433 
486 -0.483198 
487 -0.257726 
488 0.208244 
489 -0.229613 
490 0.015666 
491 0.493634 
492 -0.294131 
493 -0.229613 
494 0.412140 
495 0.390476 
496 0.463979 
497 -0.354534 
498 0.412140 
499 0.144409 
500 0.205340 
501 -0.386877 
502 -0.378163 
503 -0.499421 
504 0.328523 
505 0.011787 
506 -0.378163 
507 0.205340 
508 -0.386877 
509 -0.234763 
510 -0.258703 
511 -0.018884 
512 0.126375 
513 0.271808 
514 -0.234763 
515 -0.408489 
516 0.490129 
517 0.280988 
518 0.340577 
519 -0.160468 
520 -0.393127 
521 0.400635 
522 0.490129 
523 0.400635 
524 0.092185 
525 -0.459201 
526 0.247269 
527 0.097385 
528 -0.007627 
529 0.279404 
530 0.097385 
531 0.316143 
532 -0.263165 
533 -0.007627 
534 0.175950 
535 0.474979 
536 0.217238 
537 0.233189 
538 -0.289724 
539 0.217238 
540 0.210429 
541 0.271808 
542 -0.237433 
543 -0.300478 
544 -0.277990 
545 -0.028946 
546 0.271808 
547 0.112312 
548 -0.237433 
549 -0.483198 
550 -0.340486 
551 -0.393127 
552 -0.408489 
553 -0.378163 
554 -0.258786 
555 0.015666 
556 0.032373 
557 0.493634 
558 -0.294131 
559 0.032373 
560 -0.047785 
561 0.390476 
562 0.463979 
563 -0.354534 
564 -0.499421 
565 -0.047785 
566 -0.408489 
567 0.425691 
568 -0.054758 
569 -0.393127 
570 -0.160609 
571 0.328523 
572 -0.160609 
573 -0.054758 
574 0.011787 
575 -0.258703 
576 -0.018884 
577 -0.393127 
578 0.329139 
579 0.306964 
580 -0.378163 
581 0.271311 
582 -0.258786 
583 -0.340486 
584 0.217238 
585 -0.113499 
586 0.217238 
587 0.233006 
588 0.002887 
589 0.316143 
590 -0.020893 
591 -0.313467 
592 0.183224 
593 -0.205761 
594 0.412140 
595 -0.386296 
596 -0.020893 
597 -0.366039 
598 0.404589 
599 -0.483198 
600 0.412140 
601 -0.483198 
602 0.015666 
603 -0.318430 
604 0.015666 
605 -0.205761 
606 -0.188621 
607 0.493634 
608 -0.212536 
609 0.493634 
610 0.449491 
611 0.306964 
612 -0.258786 
613 -0.410750 
614 -0.007627 
615 -0.020893 
616 -0.250016 
617 -0.007627 
618 0.017016 
619 -0.020893 
620 0.494072 
621 -0.340486 
622 0.202941 
623 -0.343885 
624 -0.408489 
625 0.243413 
626 -0.117117 
627 0.494072 
628 -0.340486 
629 0.032373 
630 0.299038 
631 0.425691 
632 0.000169 
633 0.265779 
634 -0.292429 
635 0.125051 
636 -0.343885 
637 -0.054758 
638 -0.174273 
639 -0.387522 
640 -0.272602 
641 0.032373 
642 0.299038 
643 -0.410750 
644 0.176849 
645 -0.275379 
646 -0.341912 
647 0.273337 
648 0.020536 
649 -0.011086 
650 0.000169 
651 0.455794 
652 0.089500 
653 0.004479 
654 -0.103427 
655 -0.011086 
656 0.206018 
657 -0.258786 
658 -0.410750 
659 -0.042690 
660 -0.257662 
661 0.429353 
662 0.299038 
663 0.081329 
664 0.441423 
665 -0.158142 
666 0.299038 
667 0.456576 
668 -0.185200 
669 -0.445261 
670 0.029512 
671 0.097385 
672 -0.142429 
673 0.139420 
674 0.343012 
675 0.087787 
676 0.051288 
677 0.003410 
678 -0.094166 
679 -0.367359 
680 -0.006639 
681 -0.478913 
682 -0.001818 
683 0.045186 
684 0.206018 
685 -0.011086 
686 -0.255179 
687 -0.342561 
688 -0.255179 
689 -0.195422 
690 0.473155 
691 -0.391972 
692 -0.205761 
693 -0.488436 
694 0.416130 
695 -0.016103 
696 -0.391972 
697 -0.205761 
698 0.206018 
699 -0.410750 
700 0.206018 
701 0.140952 
702 -0.180316 
703 -0.103727 
704 -0.188621 
705 -0.054758 
706 0.059410 
707 -0.121968 
708 0.456596 
709 0.282958 
710 -0.183596 
711 0.122638 
712 -0.117781 
713 -0.158873 
714 0.486826 
715 -0.117781 
716 -0.158873 
717 0.039986 
718 -0.158873 
719 -0.157502 
720 -0.328995 
721 -0.011086 
722 0.418355 
723 0.264120 
724 0.010810 
725 -0.328995 
726 -0.342561 
727 -0.274656 
728 0.195852 
729 -0.360415 
730 0.213762 
731 -0.480164 
732 -0.391972 
733 -0.480963 
734 0.112312 
735 -0.391972 
736 -0.480164 
737 0.122638 
738 -0.183596 
739 0.122638 
740 -0.480963 
741 0.122638 
742 -0.258703 
743 -0.158873 
744 -0.018884 
745 0.126375 
746 0.208244 
747 -0.086727 
748 0.271808 
749 0.494072 
750 0.103572 
751 0.378512 
752 0.400103 
753 0.059410 
754 -0.121968 
755 -0.085311 
756 -0.257755 
757 -0.085311 
758 0.456596 
759 -0.360415 
760 -0.230342 
761 0.213762 
762 0.282958 
763 0.486826 
764 0.039986 
765 -0.415242 
766 0.208244 
767 0.478470 
768 -0.157502 
769 -0.415242 
770 0.139136 
771 -0.012652 
772 -0.457855 
773 -0.086727 
774 0.345249 
775 0.375316 
776 -0.403823 
777 -0.457855 
778 -0.270136 
779 -0.137157 
780 0.345249 
781 0.280988 
782 -0.270136 
783 0.399655 
784 0.340577 
785 -0.137157 
786 -0.257755 
787 -0.160468 
788 0.092185 
789 0.401153 
790 -0.459201 
791 0.399655 
792 0.280552 
793 0.401153 
794 0.247269 
795 0.280552 
796 -0.294131 
797 0.279404 
798 -0.263165 
799 -0.230342 
800 0.425691 
801 -0.234763 
802 -0.063103 
803 -0.284033 
804 0.425691 
805 0.478470 
806 0.283709 
807 -0.293781 
808 0.306964 
809 -0.343885 
810 -0.432755 
811 0.306964 
812 0.216779 
813 0.404390 
814 0.477899 
815 0.205340 
816 0.067501 
817 0.477899 
818 0.205340 
819 0.222358 
820 -0.356376 
821 -0.257726 
822 -0.294131 
823 0.209796 
824 -0.257726 
825 0.373421 
826 0.390476 
827 0.373421 
828 0.390476 
829 -0.399632 
830 -0.234763 
831 -0.183440 
832 -0.343885 
833 -0.414764 
834 -0.258703 
835 -0.160609 
836 0.316143 
837 -0.018884 
838 0.316143 
839 0.126375 
840 0.271808 
841 0.494072 
842 0.000169 
843 -0.054758 
844 0.103572 
845 0.378512 
846 -0.054758 
847 0.159722 
848 0.159722 
849 0.400103 
850 0.059410 
851 -0.121968 
852 -0.377550 
853 0.463979 
854 0.456596 
855 0.463979 
856 0.282958 
857 0.486826 
858 -0.354534 
859 -0.160609 
860 0.039986 
861 -0.157502 
862 -0.354534 
863 0.418355 
864 0.264120 
865 0.010810 
866 0.364485 
867 0.000169 
868 0.364485 
869 0.494072 
870 0.103572 
871 0.378512 
872 0.003934 
873 0.151454 
874 0.400103 
875 0.151454 
876 -0.205761 
877 0.059410 
878 -0.205761 
879 -0.481332 
880 -0.158873 
881 -0.481332 
882 -0.377550 
883 -0.121968 
884 0.456596 
885 -0.499421 
886 -0.153061 
887 0.282958 
888 0.003934 
889 0.486826 
890 0.039986 
891 -0.157502 
892 0.328523 
893 0.418355 
894 0.264120 
895 0.328523 
896 0.010810 
897 -0.274656 
898 -0.158873 
899 -0.262680 
900 -0.499421 
901 -0.148198 
902 -0.481694 
903 -0.153061 
904 -0.478913 
905 -0.262680 
906 -0.009540 
907 -0.255179 
908 -0.229613 
909 -0.480164 
910 -0.009540 
911 -0.468346 
912 0.442547 
913 -0.183596 
914 -0.229613 
915 -0.480164 
916 0.144409 
917 -0.468346 
918 0.442547 
919 -0.117781 
920 -0.257755 
921 0.144409 
922 0.401153 
923 -0.399632 
924 0.003934 
925 0.442547 
926 0.011787 
927 -0.468346 
928 0.011787 
929 0.043724 
930 0.043724 
931 0.175950 
932 -0.258703 
933 0.043724 
934 0.474979 
935 -0.258703 
936 0.233189 
937 -0.289724 
938 0.210429 
939 -0.300478 
940 -0.277990 
941 -0.028946 
942 0.449491 
943 -0.250016 
944 0.017016 
945 0.425723 
946 0.202941 
947 0.425723 
948 0.243413 
949 -0.018884 
950 -0.117117 
951 0.265779 
952 -0.018884 
953 -0.292429 
954 0.125051 
955 -0.174273 
956 -0.387522 
957 -0.272602 
