39 1
0 0.433278 
1 -0.425011 
2 -0.453681 
3 0.003364 
4 -0.446629 
5 -0.219338 
6 0.187720 
7 -0.110604 
8 0.173766 
9 0.461384 
10 -0.462245 
11 -0.288073 
12 -0.476945 
13 0.488746 
14 -0.391690 
15 -0.010480 
16 0.390848 
17 0.395267 
18 -0.269188 
19 0.463320 
20 -0.112165 
21 0.458916 
22 0.236379 
23 0.313470 
24 0.321349 
25 -0.150513 
26 -0.454914 
27 0.417702 
28 -0.408164 
29 -0.207582 
30 -0.417699 
31 0.484457 
32 0.433278 
33 -0.425011 
34 -0.453681 
35 0.003364 
36 -0.446629 
37 -0.219338 
38 0.187720 
