5962 1
0 0.096978 
1 -0.022521 
2 0.096978 
3 0.096978 
4 -0.104360 
5 0.096978 
6 0.096978 
7 0.096978 
8 0.096978 
9 0.096978 
10 -0.398046 
11 -0.398046 
12 -0.398046 
13 -0.398046 
14 0.261372 
15 0.261372 
16 0.261372 
17 0.261372 
18 0.261372 
19 0.261372 
20 0.261372 
21 0.261372 
22 -0.284917 
23 -0.284917 
24 -0.284917 
25 -0.284917 
26 0.096978 
27 0.096978 
28 0.096978 
29 0.096978 
30 0.096978 
31 0.096978 
32 0.096978 
33 0.096978 
34 -0.104360 
35 0.096978 
36 0.096978 
37 0.096978 
38 0.096978 
39 0.096978 
40 -0.398046 
41 -0.398046 
42 -0.398046 
43 -0.398046 
44 -0.398046 
45 -0.398046 
46 -0.398046 
47 0.261372 
48 0.261372 
49 0.261372 
50 0.261372 
51 0.261372 
52 0.261372 
53 0.261372 
54 0.261372 
55 0.261372 
56 0.261372 
57 0.261372 
58 -0.284917 
59 0.261372 
60 0.261372 
61 -0.284917 
62 -0.284917 
63 -0.104360 
64 -0.104360 
65 0.096978 
66 -0.104360 
67 -0.104360 
68 -0.104360 
69 0.096978 
70 0.096978 
71 -0.104360 
72 0.096978 
73 0.096978 
74 0.096978 
75 0.096978 
76 0.096978 
77 0.096978 
78 0.096978 
79 0.096978 
80 -0.398046 
81 -0.398046 
82 -0.398046 
83 -0.398046 
84 0.261372 
85 0.261372 
86 0.261372 
87 0.261372 
88 0.261372 
89 0.261372 
90 0.261372 
91 0.261372 
92 0.261372 
93 0.261372 
94 0.261372 
95 0.261372 
96 0.261372 
97 0.261372 
98 0.261372 
99 0.261372 
100 -0.104360 
101 -0.104360 
102 -0.104360 
103 -0.104360 
104 -0.104360 
105 -0.104360 
106 -0.104360 
107 -0.104360 
108 -0.104360 
109 0.096978 
110 0.096978 
111 -0.104360 
112 0.096978 
113 0.096978 
114 -0.104360 
115 0.096978 
116 0.096978 
117 -0.398046 
118 -0.398046 
119 0.096978 
120 -0.398046 
121 0.261372 
122 0.261372 
123 0.261372 
124 0.261372 
125 0.261372 
126 0.261372 
127 0.261372 
128 0.261372 
129 0.261372 
130 0.261372 
131 0.261372 
132 0.261372 
133 0.261372 
134 0.261372 
135 0.261372 
136 0.261372 
137 -0.104360 
138 -0.104360 
139 -0.104360 
140 -0.104360 
141 -0.104360 
142 -0.104360 
143 -0.104360 
144 -0.104360 
145 -0.104360 
146 -0.104360 
147 -0.104360 
148 -0.104360 
149 0.479360 
150 0.479360 
151 0.096978 
152 0.395367 
153 0.395367 
154 -0.398046 
155 0.395367 
156 0.395367 
157 -0.398046 
158 0.395367 
159 0.395367 
160 -0.398046 
161 0.261372 
162 0.261372 
163 0.261372 
164 0.261372 
165 0.261372 
166 0.261372 
167 0.261372 
168 0.261372 
169 0.261372 
170 0.261372 
171 0.261372 
172 0.261372 
173 0.261372 
174 -0.294616 
175 -0.294616 
176 0.039026 
177 -0.104360 
178 -0.104360 
179 -0.104360 
180 -0.104360 
181 -0.104360 
182 -0.104360 
183 -0.104360 
184 -0.104360 
185 -0.104360 
186 0.479360 
187 0.479360 
188 0.395367 
189 0.395367 
190 0.395367 
191 0.395367 
192 0.395367 
193 0.395367 
194 0.395367 
195 0.395367 
196 0.395367 
197 -0.398046 
198 0.395367 
199 0.395367 
200 0.087575 
201 0.395367 
202 0.395367 
203 0.261372 
204 0.261372 
205 0.261372 
206 0.261372 
207 0.261372 
208 0.261372 
209 0.261372 
210 0.261372 
211 -0.294616 
212 -0.294616 
213 0.039026 
214 0.039026 
215 0.039026 
216 0.039026 
217 0.039026 
218 0.039026 
219 -0.104360 
220 -0.104360 
221 -0.104360 
222 -0.104360 
223 0.395367 
224 0.395367 
225 0.395367 
226 0.479360 
227 0.479360 
228 0.395367 
229 0.395367 
230 0.395367 
231 0.395367 
232 0.395367 
233 0.395367 
234 0.395367 
235 0.395367 
236 0.395367 
237 0.087575 
238 0.395367 
239 0.395367 
240 -0.392011 
241 0.395367 
242 0.261372 
243 -0.392011 
244 0.261372 
245 0.261372 
246 0.261372 
247 0.261372 
248 -0.294616 
249 -0.294616 
250 0.039026 
251 0.039026 
252 0.039026 
253 0.039026 
254 0.039026 
255 0.039026 
256 0.039026 
257 -0.104360 
258 -0.104360 
259 -0.104360 
260 0.395367 
261 0.395367 
262 0.395367 
263 0.479360 
264 0.479360 
265 0.479360 
266 0.395367 
267 0.395367 
268 0.395367 
269 0.395367 
270 0.395367 
271 0.395367 
272 0.395367 
273 0.395367 
274 0.395367 
275 0.395367 
276 0.395367 
277 0.087575 
278 0.395367 
279 0.395367 
280 0.387303 
281 0.395367 
282 0.395367 
283 -0.392011 
284 -0.392011 
285 -0.294616 
286 -0.294616 
287 -0.294616 
288 -0.294616 
289 -0.294616 
290 0.039026 
291 0.039026 
292 0.039026 
293 0.039026 
294 0.039026 
295 0.039026 
296 0.039026 
297 -0.104360 
298 -0.104360 
299 0.479360 
300 0.395367 
301 0.395367 
302 0.395367 
303 0.479360 
304 0.479360 
305 0.395367 
306 0.395367 
307 0.395367 
308 0.395367 
309 0.395367 
310 0.395367 
311 0.395367 
312 0.395367 
313 0.395367 
314 0.087575 
315 0.395367 
316 0.395367 
317 0.387303 
318 0.395367 
319 0.395367 
320 0.387303 
321 0.387303 
322 -0.148937 
323 -0.148937 
324 -0.148937 
325 -0.148937 
326 -0.148937 
327 -0.294616 
328 -0.294616 
329 -0.294616 
330 0.039026 
331 0.039026 
332 0.039026 
333 0.039026 
334 0.039026 
335 0.039026 
336 0.479360 
337 0.479360 
338 0.479360 
339 0.479360 
340 0.479360 
341 0.479360 
342 0.395367 
343 0.395367 
344 0.395367 
345 0.395367 
346 0.395367 
347 0.395367 
348 0.395367 
349 0.395367 
350 0.395367 
351 0.395367 
352 0.395367 
353 0.395367 
354 0.387303 
355 0.395367 
356 0.395367 
357 0.387303 
358 0.387303 
359 0.401953 
360 0.401953 
361 -0.148937 
362 -0.148937 
363 -0.148937 
364 -0.148937 
365 -0.294616 
366 -0.294616 
367 -0.294616 
368 0.039026 
369 0.039026 
370 0.039026 
371 0.039026 
372 0.039026 
373 0.039026 
374 0.479360 
375 0.479360 
376 0.479360 
377 0.479360 
378 0.479360 
379 0.479360 
380 0.395367 
381 0.395367 
382 0.395367 
383 0.395367 
384 0.395367 
385 0.395367 
386 0.395367 
387 0.395367 
388 0.395367 
389 0.395367 
390 0.395367 
391 0.387303 
392 0.395367 
393 0.395367 
394 0.387303 
395 0.387303 
396 0.401953 
397 0.401953 
398 0.401953 
399 0.401953 
400 0.401953 
401 0.401953 
402 -0.148937 
403 -0.148937 
404 0.401953 
405 -0.294616 
406 -0.294616 
407 0.401953 
408 0.039026 
409 0.039026 
410 0.479360 
411 0.039026 
412 0.039026 
413 0.479360 
414 0.479360 
415 0.479360 
416 0.479360 
417 0.479360 
418 0.479360 
419 0.479360 
420 0.395367 
421 0.395367 
422 0.479360 
423 0.395367 
424 0.395367 
425 0.387303 
426 0.395367 
427 0.395367 
428 0.387303 
429 0.395367 
430 0.395367 
431 0.387303 
432 0.387303 
433 0.401953 
434 0.401953 
435 0.401953 
436 0.401953 
437 0.401953 
438 0.401953 
439 0.401953 
440 0.401953 
441 0.401953 
442 0.401953 
443 0.401953 
444 0.401953 
445 0.479360 
446 0.401953 
447 0.479360 
448 0.479360 
449 0.479360 
450 0.479360 
451 0.479360 
452 0.479360 
453 0.387303 
454 0.387303 
455 0.387303 
456 0.387303 
457 0.387303 
458 0.387303 
459 0.096978 
460 0.096978 
461 0.096978 
462 0.096978 
463 -0.398046 
464 -0.398046 
465 -0.398046 
466 0.261372 
467 0.261372 
468 0.261372 
469 0.261372 
470 -0.284917 
471 0.261372 
472 0.096978 
473 0.096978 
474 0.096978 
475 0.096978 
476 -0.398046 
477 -0.398046 
478 -0.398046 
479 0.261372 
480 0.261372 
481 0.261372 
482 0.261372 
483 0.261372 
484 0.261372 
485 -0.104360 
486 -0.104360 
487 0.096978 
488 -0.104360 
489 -0.104360 
490 -0.398046 
491 -0.398046 
492 0.261372 
493 0.261372 
494 0.261372 
495 0.261372 
496 0.261372 
497 0.261372 
498 -0.104360 
499 -0.104360 
500 -0.104360 
501 -0.104360 
502 -0.104360 
503 -0.398046 
504 -0.398046 
505 0.261372 
506 0.261372 
507 0.261372 
508 0.261372 
509 0.261372 
510 0.261372 
511 -0.104360 
512 -0.104360 
513 -0.104360 
514 -0.104360 
515 -0.104360 
516 -0.104360 
517 -0.398046 
518 -0.398046 
519 0.261372 
520 0.261372 
521 0.261372 
522 0.261372 
523 0.261372 
524 -0.294616 
525 -0.104360 
526 -0.104360 
527 -0.104360 
528 -0.104360 
529 -0.104360 
530 0.395367 
531 0.395367 
532 0.087575 
533 -0.392011 
534 -0.392011 
535 0.302888 
536 0.302888 
537 -0.294616 
538 0.039026 
539 0.039026 
540 -0.104360 
541 0.395367 
542 0.479360 
543 0.479360 
544 0.395367 
545 0.395367 
546 -0.392011 
547 -0.392011 
548 -0.392011 
549 0.302888 
550 -0.294616 
551 0.039026 
552 0.039026 
553 -0.104360 
554 0.395367 
555 0.479360 
556 0.479360 
557 0.479360 
558 0.395367 
559 0.087575 
560 0.087575 
561 -0.392011 
562 0.302888 
563 -0.294616 
564 -0.294616 
565 0.039026 
566 0.039026 
567 -0.104360 
568 0.395367 
569 0.479360 
570 0.479360 
571 0.395367 
572 0.395367 
573 0.395367 
574 0.087575 
575 0.387303 
576 -0.148937 
577 -0.148937 
578 -0.294616 
579 0.039026 
580 0.039026 
581 0.479360 
582 0.479360 
583 0.395367 
584 0.395367 
585 0.395367 
586 0.395367 
587 0.395367 
588 0.387303 
589 0.401953 
590 -0.148937 
591 -0.294616 
592 0.039026 
593 0.039026 
594 0.479360 
595 0.479360 
596 0.395367 
597 0.395367 
598 0.395367 
599 0.395367 
600 0.395367 
601 0.387303 
602 0.401953 
603 0.401953 
604 -0.148937 
605 -0.294616 
606 0.039026 
607 0.039026 
608 0.479360 
609 0.479360 
610 0.395367 
611 0.395367 
612 0.395367 
613 0.387303 
614 0.387303 
615 0.401953 
616 0.401953 
617 0.401953 
618 0.401953 
619 0.401953 
620 0.479360 
621 0.479360 
622 0.479360 
623 0.479360 
624 0.479360 
625 0.387303 
626 0.387303 
627 0.387303 
628 0.096978 
629 0.096978 
630 0.096978 
631 0.096978 
632 -0.398046 
633 -0.398046 
634 -0.398046 
635 -0.215401 
636 -0.355042 
637 -0.215401 
638 -0.215401 
639 0.261372 
640 0.261372 
641 0.096978 
642 0.096978 
643 0.096978 
644 -0.398046 
645 -0.398046 
646 -0.398046 
647 -0.398046 
648 -0.355042 
649 -0.355042 
650 -0.215401 
651 -0.215401 
652 -0.215401 
653 0.261372 
654 0.027464 
655 0.096978 
656 0.096978 
657 0.202705 
658 -0.398046 
659 -0.398046 
660 -0.398046 
661 0.096283 
662 -0.355042 
663 0.453835 
664 -0.215401 
665 0.261372 
666 0.261372 
667 0.027464 
668 0.027464 
669 -0.104360 
670 0.202705 
671 -0.104360 
672 -0.398046 
673 -0.398046 
674 -0.124454 
675 0.247489 
676 0.381530 
677 0.261372 
678 0.261372 
679 0.261372 
680 0.027464 
681 0.027464 
682 -0.104360 
683 -0.104360 
684 -0.104360 
685 -0.104360 
686 -0.124454 
687 -0.124454 
688 0.381530 
689 0.381530 
690 0.381530 
691 0.261372 
692 0.261372 
693 0.027464 
694 -0.320299 
695 -0.104360 
696 0.377039 
697 -0.104360 
698 0.113322 
699 0.477875 
700 -0.124454 
701 -0.085552 
702 0.381530 
703 -0.141006 
704 0.302888 
705 0.127531 
706 -0.320299 
707 -0.320299 
708 -0.289357 
709 0.377039 
710 0.270728 
711 0.113322 
712 -0.027681 
713 0.497195 
714 0.395367 
715 -0.141006 
716 0.302888 
717 0.302888 
718 0.302888 
719 -0.320299 
720 -0.289357 
721 -0.289357 
722 0.270728 
723 0.270728 
724 -0.027681 
725 -0.027681 
726 0.381710 
727 0.381710 
728 0.381710 
729 0.303283 
730 0.302888 
731 0.302888 
732 -0.294616 
733 -0.148937 
734 -0.289357 
735 0.039026 
736 0.270728 
737 -0.485365 
738 -0.027681 
739 0.479360 
740 0.381710 
741 -0.413287 
742 0.303283 
743 0.331709 
744 0.300337 
745 -0.148937 
746 -0.148937 
747 -0.148937 
748 -0.217863 
749 0.307556 
750 -0.039786 
751 -0.409716 
752 -0.001814 
753 -0.413287 
754 -0.413287 
755 0.331709 
756 0.331709 
757 0.331709 
758 -0.148937 
759 -0.148937 
760 -0.217863 
761 -0.217863 
762 -0.039786 
763 -0.039786 
764 -0.001814 
765 -0.001814 
766 -0.001814 
767 -0.413287 
768 -0.246155 
769 0.331709 
770 0.387303 
771 0.401953 
772 -0.148937 
773 -0.148937 
774 -0.217863 
775 -0.039786 
776 -0.039786 
777 -0.458454 
778 -0.001814 
779 -0.227894 
780 0.462375 
781 -0.246155 
782 0.387303 
783 0.387303 
784 0.401953 
785 0.401953 
786 -0.148937 
787 -0.148937 
788 -0.073619 
789 -0.073619 
790 -0.458454 
791 -0.458454 
792 0.462375 
793 0.462375 
794 0.387303 
795 0.387303 
796 0.067348 
797 0.096978 
798 0.096978 
799 0.202705 
800 0.401953 
801 -0.188887 
802 0.376126 
803 0.376126 
804 -0.215401 
805 -0.215401 
806 -0.215401 
807 0.261372 
808 0.261372 
809 0.261372 
810 0.096978 
811 0.096978 
812 0.096978 
813 0.401953 
814 -0.398046 
815 0.096283 
816 0.096283 
817 -0.355042 
818 -0.215401 
819 -0.215401 
820 -0.215401 
821 0.261372 
822 0.261372 
823 0.027464 
824 0.096978 
825 0.096978 
826 0.202705 
827 -0.068389 
828 -0.398046 
829 -0.398046 
830 0.096283 
831 -0.215401 
832 0.453835 
833 0.352961 
834 -0.345925 
835 0.261372 
836 0.027464 
837 0.027464 
838 0.096978 
839 0.395367 
840 -0.104360 
841 -0.382424 
842 0.453786 
843 -0.124454 
844 0.247489 
845 -0.175365 
846 0.261372 
847 0.261372 
848 -0.345925 
849 -0.459219 
850 0.027464 
851 -0.069813 
852 -0.193194 
853 0.084181 
854 -0.415394 
855 0.477875 
856 -0.382424 
857 0.247489 
858 0.381530 
859 0.453835 
860 0.261372 
861 -0.345925 
862 0.027464 
863 0.027464 
864 -0.137239 
865 0.158307 
866 -0.487731 
867 0.113322 
868 0.477875 
869 -0.382424 
870 -0.085552 
871 -0.173320 
872 -0.141006 
873 0.302888 
874 0.127531 
875 -0.320299 
876 0.270728 
877 -0.289357 
878 0.377039 
879 -0.168210 
880 0.072487 
881 0.253681 
882 0.497195 
883 -0.458454 
884 -0.141006 
885 -0.442763 
886 -0.141006 
887 0.302888 
888 -0.320299 
889 0.270728 
890 0.270728 
891 0.270728 
892 0.270728 
893 0.270728 
894 -0.027681 
895 -0.027681 
896 -0.374508 
897 0.381710 
898 0.303283 
899 -0.141006 
900 0.302888 
901 -0.321420 
902 -0.148937 
903 -0.002350 
904 0.039026 
905 0.270728 
906 -0.485365 
907 -0.027681 
908 0.122335 
909 -0.435771 
910 -0.413287 
911 -0.002835 
912 0.381530 
913 0.067348 
914 -0.148937 
915 -0.148937 
916 -0.148937 
917 -0.217863 
918 0.307556 
919 -0.355042 
920 -0.409716 
921 -0.001814 
922 -0.435771 
923 -0.346646 
924 -0.447783 
925 0.331709 
926 -0.002835 
927 -0.148937 
928 -0.148937 
929 -0.148937 
930 -0.148937 
931 -0.417152 
932 -0.039786 
933 0.291882 
934 0.122335 
935 0.122335 
936 0.335675 
937 -0.246155 
938 0.331709 
939 0.387303 
940 0.401953 
941 -0.148937 
942 -0.148937 
943 -0.148937 
944 -0.039786 
945 -0.039786 
946 -0.458454 
947 0.462375 
948 0.335675 
949 0.335675 
950 0.335675 
951 0.387303 
952 0.387303 
953 0.401953 
954 0.401953 
955 -0.449530 
956 -0.148937 
957 -0.073619 
958 -0.073619 
959 -0.073619 
960 -0.458454 
961 0.462375 
962 0.335675 
963 0.335675 
964 -0.246155 
965 0.067348 
966 0.096978 
967 0.401953 
968 0.096978 
969 0.401953 
970 0.096978 
971 -0.398046 
972 -0.023424 
973 0.096283 
974 -0.188887 
975 0.096283 
976 0.257346 
977 -0.355042 
978 0.257346 
979 -0.355042 
980 -0.215401 
981 -0.215401 
982 -0.215401 
983 -0.215401 
984 -0.215401 
985 0.261372 
986 -0.215401 
987 0.261372 
988 0.261372 
989 0.261372 
990 0.096978 
991 0.096978 
992 0.096978 
993 0.096978 
994 -0.487731 
995 0.202705 
996 0.202705 
997 0.401953 
998 0.202705 
999 0.202705 
1000 0.379506 
1001 0.401953 
1002 -0.188887 
1003 -0.188887 
1004 -0.188887 
1005 -0.188887 
1006 0.141944 
1007 0.376126 
1008 0.376126 
1009 -0.188887 
1010 0.376126 
1011 0.376126 
1012 0.376126 
1013 -0.215401 
1014 -0.047466 
1015 -0.047466 
1016 -0.215401 
1017 -0.475821 
1018 -0.475821 
1019 0.084181 
1020 0.084181 
1021 -0.215401 
1022 0.084181 
1023 0.261372 
1024 0.002375 
1025 0.261372 
1026 0.261372 
1027 0.027464 
1028 -0.459219 
1029 0.096978 
1030 0.096978 
1031 -0.487731 
1032 0.096978 
1033 0.202705 
1034 0.096978 
1035 0.379506 
1036 -0.068389 
1037 -0.022521 
1038 0.202705 
1039 0.202705 
1040 -0.068389 
1041 0.163161 
1042 0.163161 
1043 -0.284917 
1044 0.376126 
1045 0.376126 
1046 -0.398046 
1047 -0.047466 
1048 -0.047466 
1049 0.376126 
1050 0.376126 
1051 -0.215401 
1052 -0.047466 
1053 -0.047466 
1054 -0.047466 
1055 -0.475821 
1056 0.084181 
1057 -0.215401 
1058 0.002375 
1059 0.002375 
1060 0.002375 
1061 0.084181 
1062 0.002375 
1063 0.002375 
1064 0.027464 
1065 -0.459219 
1066 0.027464 
1067 0.096978 
1068 0.199441 
1069 0.027464 
1070 0.027464 
1071 0.096978 
1072 -0.104360 
1073 0.202705 
1074 -0.104360 
1075 0.202705 
1076 0.202705 
1077 -0.104360 
1078 0.163161 
1079 -0.104360 
1080 -0.449530 
1081 -0.124454 
1082 0.163161 
1083 0.163161 
1084 0.376126 
1085 0.376126 
1086 -0.277556 
1087 0.381530 
1088 0.381530 
1089 0.379506 
1090 0.381530 
1091 0.381530 
1092 0.379506 
1093 0.261372 
1094 -0.475821 
1095 -0.345925 
1096 0.084181 
1097 -0.345925 
1098 0.002375 
1099 -0.345925 
1100 0.002375 
1101 -0.459219 
1102 0.027464 
1103 -0.459219 
1104 -0.459219 
1105 0.199441 
1106 0.199441 
1107 0.027464 
1108 0.027464 
1109 -0.104360 
1110 -0.104360 
1111 -0.114001 
1112 -0.104360 
1113 -0.104360 
1114 -0.114001 
1115 0.113322 
1116 0.113322 
1117 -0.104360 
1118 0.477875 
1119 0.477875 
1120 -0.277556 
1121 0.163161 
1122 0.163161 
1123 -0.449530 
1124 0.381530 
1125 0.381530 
1126 -0.277556 
1127 -0.141006 
1128 0.247489 
1129 0.379506 
1130 0.261372 
1131 0.261372 
1132 -0.345925 
1133 0.461608 
1134 0.461608 
1135 0.200662 
1136 0.002375 
1137 -0.345925 
1138 0.027464 
1139 -0.374172 
1140 0.027464 
1141 0.027464 
1142 -0.374172 
1143 -0.374172 
1144 0.027464 
1145 -0.152574 
1146 0.096283 
1147 0.096283 
1148 -0.114001 
1149 -0.060442 
1150 0.113322 
1151 -0.104360 
1152 -0.060442 
1153 -0.060442 
1154 -0.114001 
1155 0.113322 
1156 0.113322 
1157 -0.449530 
1158 0.477875 
1159 0.477875 
1160 -0.277556 
1161 -0.458454 
1162 -0.458454 
1163 -0.277556 
1164 0.381530 
1165 0.381530 
1166 -0.442763 
1167 0.381530 
1168 0.381530 
1169 -0.442763 
1170 0.127531 
1171 -0.386702 
1172 0.200662 
1173 0.127531 
1174 -0.345925 
1175 -0.320299 
1176 -0.374172 
1177 0.027464 
1178 0.027464 
1179 -0.278094 
1180 0.027464 
1181 0.027464 
1182 -0.152574 
1183 0.027464 
1184 0.027464 
1185 0.096283 
1186 0.270728 
1187 0.270728 
1188 -0.165360 
1189 -0.051040 
1190 -0.060442 
1191 -0.165360 
1192 -0.374989 
1193 -0.374989 
1194 0.148367 
1195 -0.458454 
1196 -0.458454 
1197 -0.454655 
1198 -0.458454 
1199 -0.458454 
1200 -0.458454 
1201 0.303283 
1202 0.303283 
1203 -0.225915 
1204 -0.141006 
1205 0.303283 
1206 -0.442763 
1207 -0.386702 
1208 0.302888 
1209 -0.141006 
1210 0.302888 
1211 -0.345925 
1212 -0.320299 
1213 -0.069813 
1214 -0.320299 
1215 0.392922 
1216 -0.105944 
1217 0.027464 
1218 0.270728 
1219 0.270728 
1220 0.039026 
1221 0.270728 
1222 -0.152574 
1223 0.027464 
1224 0.027464 
1225 -0.165360 
1226 0.067116 
1227 0.067116 
1228 -0.051040 
1229 -0.374989 
1230 -0.374989 
1231 -0.454655 
1232 -0.374989 
1233 -0.374989 
1234 -0.454655 
1235 -0.458454 
1236 -0.413287 
1237 -0.225915 
1238 0.303283 
1239 -0.458454 
1240 0.381530 
1241 0.381530 
1242 -0.141006 
1243 -0.225915 
1244 0.303283 
1245 0.303283 
1246 0.302888 
1247 -0.386702 
1248 0.113322 
1249 -0.374258 
1250 -0.069813 
1251 -0.374258 
1252 -0.374258 
1253 -0.105944 
1254 -0.105944 
1255 -0.148937 
1256 -0.069813 
1257 0.027464 
1258 0.027464 
1259 0.270728 
1260 0.027464 
1261 0.027464 
1262 0.270728 
1263 0.067116 
1264 0.067116 
1265 -0.165360 
1266 -0.485365 
1267 0.270728 
1268 0.067116 
1269 -0.374989 
1270 -0.027681 
1271 -0.454655 
1272 -0.413287 
1273 -0.413287 
1274 0.449276 
1275 -0.346646 
1276 -0.413287 
1277 -0.225915 
1278 0.303283 
1279 0.303283 
1280 -0.225915 
1281 0.067348 
1282 0.303283 
1283 0.481413 
1284 0.027464 
1285 0.113322 
1286 -0.148937 
1287 -0.069813 
1288 -0.321420 
1289 -0.321420 
1290 -0.374258 
1291 -0.374258 
1292 -0.374258 
1293 -0.148937 
1294 -0.039786 
1295 0.307556 
1296 -0.373602 
1297 0.039026 
1298 0.039026 
1299 -0.384518 
1300 -0.384518 
1301 -0.458454 
1302 0.303283 
1303 -0.382032 
1304 -0.485365 
1305 0.303283 
1306 -0.382032 
1307 -0.382032 
1308 0.291882 
1309 -0.346646 
1310 -0.346646 
1311 0.291882 
1312 -0.246155 
1313 -0.246155 
1314 0.331709 
1315 0.331709 
1316 -0.246155 
1317 0.331709 
1318 -0.002835 
1319 -0.002835 
1320 0.067348 
1321 -0.002835 
1322 0.113322 
1323 -0.148937 
1324 0.409123 
1325 -0.148937 
1326 -0.321420 
1327 -0.449530 
1328 -0.374258 
1329 -0.148937 
1330 -0.148937 
1331 -0.493520 
1332 -0.493520 
1333 -0.148937 
1334 -0.493520 
1335 -0.039786 
1336 -0.073619 
1337 -0.039786 
1338 0.209891 
1339 0.303283 
1340 -0.458454 
1341 0.303283 
1342 -0.384518 
1343 -0.382032 
1344 -0.382032 
1345 0.303283 
1346 -0.382032 
1347 0.335675 
1348 -0.143618 
1349 -0.246155 
1350 -0.246155 
1351 0.335675 
1352 0.335675 
1353 0.335675 
1354 0.067348 
1355 0.387303 
1356 -0.246155 
1357 0.067348 
1358 0.387303 
1359 0.387303 
1360 -0.406625 
1361 0.409123 
1362 -0.321420 
1363 -0.321420 
1364 -0.449530 
1365 -0.449530 
1366 -0.449530 
1367 -0.449530 
1368 -0.493520 
1369 -0.148937 
1370 -0.449530 
1371 -0.039786 
1372 -0.073619 
1373 -0.493520 
1374 -0.493520 
1375 -0.493520 
1376 0.209891 
1377 -0.012653 
1378 -0.073619 
1379 0.209891 
1380 -0.382032 
1381 -0.458454 
1382 -0.382032 
1383 -0.382032 
1384 0.462375 
1385 -0.004815 
1386 0.335675 
1387 0.335675 
1388 -0.499129 
1389 -0.246155 
1390 -0.246155 
1391 -0.499129 
1392 -0.246155 
1393 -0.246155 
1394 0.067348 
1395 0.387303 
1396 0.387303 
1397 0.401953 
1398 -0.406625 
1399 0.409123 
1400 -0.148937 
1401 -0.449530 
1402 -0.148937 
1403 0.253681 
1404 -0.073619 
1405 0.253681 
1406 -0.073619 
1407 -0.073619 
1408 -0.378262 
1409 -0.073619 
1410 -0.458454 
1411 -0.004815 
1412 0.462375 
1413 -0.375757 
1414 0.335675 
1415 0.335675 
1416 0.335675 
1417 0.335675 
1418 0.149445 
1419 0.335675 
1420 0.067348 
1421 0.096978 
1422 0.096978 
1423 0.096978 
1424 0.096978 
1425 0.096978 
1426 -0.004815 
1427 -0.023424 
1428 -0.004815 
1429 -0.274225 
1430 0.257346 
1431 -0.274225 
1432 0.257346 
1433 0.341747 
1434 -0.215401 
1435 -0.215401 
1436 -0.215401 
1437 -0.215401 
1438 -0.215401 
1439 0.352416 
1440 -0.215401 
1441 0.352416 
1442 0.002375 
1443 0.261372 
1444 -0.146620 
1445 0.096978 
1446 0.096978 
1447 0.401953 
1448 -0.487731 
1449 0.401953 
1450 -0.487731 
1451 0.096978 
1452 0.401953 
1453 0.280861 
1454 0.280861 
1455 0.401953 
1456 0.280861 
1457 -0.023424 
1458 -0.398046 
1459 -0.277745 
1460 -0.188887 
1461 0.096283 
1462 0.376126 
1463 0.257346 
1464 0.096283 
1465 0.376126 
1466 0.257346 
1467 -0.355042 
1468 -0.047466 
1469 -0.215401 
1470 -0.355042 
1471 0.348517 
1472 -0.215401 
1473 -0.388221 
1474 -0.180358 
1475 -0.215401 
1476 -0.388221 
1477 0.002375 
1478 0.002375 
1479 0.084181 
1480 0.002375 
1481 0.261372 
1482 -0.459219 
1483 0.027464 
1484 0.096978 
1485 -0.487731 
1486 0.096978 
1487 -0.487731 
1488 -0.117156 
1489 0.096978 
1490 0.379506 
1491 -0.068389 
1492 0.202705 
1493 -0.459219 
1494 -0.356539 
1495 -0.068389 
1496 0.141944 
1497 -0.284917 
1498 -0.398046 
1499 0.096283 
1500 0.303673 
1501 -0.398046 
1502 0.257346 
1503 0.257346 
1504 0.096283 
1505 0.379506 
1506 0.379506 
1507 -0.215401 
1508 -0.371897 
1509 0.379506 
1510 0.453835 
1511 -0.057452 
1512 -0.057452 
1513 0.352961 
1514 -0.345925 
1515 0.002375 
1516 0.084181 
1517 0.002375 
1518 0.002375 
1519 -0.459219 
1520 0.027464 
1521 -0.459219 
1522 0.199441 
1523 -0.284917 
1524 -0.366813 
1525 -0.366813 
1526 0.395367 
1527 0.466514 
1528 -0.022521 
1529 0.395367 
1530 -0.219504 
1531 -0.022521 
1532 0.301677 
1533 -0.284917 
1534 -0.284917 
1535 -0.382424 
1536 -0.449530 
1537 -0.449530 
1538 0.453786 
1539 -0.277556 
1540 -0.277556 
1541 -0.124454 
1542 0.379506 
1543 0.379506 
1544 0.247489 
1545 -0.153472 
1546 -0.153472 
1547 -0.175365 
1548 -0.153472 
1549 -0.153472 
1550 0.261372 
1551 -0.180358 
1552 -0.180358 
1553 0.461608 
1554 -0.345925 
1555 -0.345925 
1556 0.027464 
1557 0.445494 
1558 0.199441 
1559 0.199441 
1560 -0.284917 
1561 0.199441 
1562 -0.374172 
1563 -0.069813 
1564 0.467560 
1565 0.395367 
1566 -0.193194 
1567 0.177886 
1568 0.466514 
1569 0.084181 
1570 -0.449530 
1571 -0.442763 
1572 -0.415394 
1573 -0.449530 
1574 -0.029120 
1575 0.477875 
1576 -0.277556 
1577 -0.277556 
1578 -0.382424 
1579 0.261372 
1580 -0.277556 
1581 0.247489 
1582 -0.153472 
1583 -0.153472 
1584 0.381530 
1585 0.200662 
1586 -0.345925 
1587 0.453835 
1588 0.200662 
1589 -0.345925 
1590 0.461608 
1591 -0.345925 
1592 0.461608 
1593 -0.374172 
1594 0.445494 
1595 0.027464 
1596 -0.374172 
1597 0.018629 
1598 -0.374172 
1599 -0.152574 
1600 -0.137239 
1601 -0.152574 
1602 -0.152574 
1603 0.158307 
1604 -0.114001 
1605 -0.114001 
1606 -0.487731 
1607 0.367226 
1608 0.291882 
1609 0.113322 
1610 0.497195 
1611 0.497195 
1612 0.477875 
1613 -0.048550 
1614 -0.048550 
1615 -0.382424 
1616 -0.048550 
1617 -0.048550 
1618 -0.085552 
1619 -0.055528 
1620 -0.055528 
1621 -0.173320 
1622 0.084181 
1623 -0.153472 
1624 -0.173320 
1625 -0.345925 
1626 0.200662 
1627 0.468697 
1628 -0.345925 
1629 0.127531 
1630 -0.374172 
1631 -0.320299 
1632 -0.374172 
1633 0.401943 
1634 0.018629 
1635 0.335675 
1636 -0.278094 
1637 -0.289357 
1638 -0.152574 
1639 -0.152574 
1640 0.377039 
1641 0.388865 
1642 0.443971 
1643 -0.168210 
1644 -0.193442 
1645 -0.309007 
1646 0.072487 
1647 -0.495496 
1648 -0.495496 
1649 0.253681 
1650 -0.123866 
1651 -0.495496 
1652 0.497195 
1653 -0.225915 
1654 -0.458454 
1655 -0.458454 
1656 -0.048550 
1657 -0.048550 
1658 -0.458454 
1659 -0.173320 
1660 -0.442763 
1661 0.027464 
1662 -0.386702 
1663 0.302888 
1664 0.468697 
1665 -0.345925 
1666 -0.369214 
1667 -0.069813 
1668 0.392922 
1669 0.401943 
1670 -0.105944 
1671 0.392922 
1672 0.341747 
1673 0.341747 
1674 0.270728 
1675 0.341747 
1676 0.341747 
1677 0.027464 
1678 -0.165360 
1679 -0.152574 
1680 -0.388534 
1681 -0.165360 
1682 -0.165360 
1683 -0.181001 
1684 -0.495496 
1685 -0.495496 
1686 -0.181001 
1687 0.497195 
1688 -0.495496 
1689 0.290128 
1690 -0.495496 
1691 0.290128 
1692 -0.374508 
1693 -0.225915 
1694 -0.225915 
1695 0.381710 
1696 -0.225915 
1697 -0.225915 
1698 0.303283 
1699 0.113322 
1700 0.158307 
1701 0.303283 
1702 0.113322 
1703 -0.369214 
1704 -0.069813 
1705 -0.354299 
1706 -0.069813 
1707 -0.105944 
1708 -0.374258 
1709 -0.105944 
1710 0.341747 
1711 -0.002350 
1712 -0.246155 
1713 -0.423446 
1714 0.039026 
1715 -0.120462 
1716 0.002375 
1717 -0.365489 
1718 -0.165360 
1719 -0.165360 
1720 -0.485365 
1721 -0.181001 
1722 -0.165360 
1723 0.067116 
1724 -0.495496 
1725 -0.495496 
1726 0.122335 
1727 -0.495496 
1728 -0.495496 
1729 -0.435771 
1730 -0.193442 
1731 -0.193442 
1732 -0.413287 
1733 0.481413 
1734 -0.193442 
1735 -0.002835 
1736 0.113322 
1737 0.158307 
1738 0.027464 
1739 0.113322 
1740 0.157688 
1741 -0.069813 
1742 -0.321420 
1743 -0.069813 
1744 -0.428317 
1745 -0.374258 
1746 -0.428317 
1747 0.322697 
1748 -0.148937 
1749 0.445970 
1750 0.341747 
1751 -0.217863 
1752 0.341747 
1753 0.449243 
1754 0.307556 
1755 0.303283 
1756 -0.168210 
1757 -0.355042 
1758 0.303283 
1759 0.303283 
1760 -0.409716 
1761 0.291882 
1762 0.122335 
1763 -0.001814 
1764 0.331709 
1765 -0.350262 
1766 -0.435771 
1767 -0.193442 
1768 -0.435771 
1769 -0.346646 
1770 0.331709 
1771 0.331709 
1772 -0.447783 
1773 0.158307 
1774 0.158307 
1775 0.301923 
1776 0.113322 
1777 -0.254044 
1778 -0.406625 
1779 -0.321420 
1780 -0.406625 
1781 -0.406625 
1782 0.263743 
1783 -0.160165 
1784 -0.148937 
1785 -0.148937 
1786 -0.373602 
1787 -0.073619 
1788 -0.148937 
1789 -0.073619 
1790 -0.373602 
1791 -0.417152 
1792 0.303283 
1793 0.209891 
1794 -0.458454 
1795 0.303283 
1796 0.303283 
1797 0.291882 
1798 0.303283 
1799 0.303283 
1800 0.122335 
1801 0.291882 
1802 0.291882 
1803 0.122335 
1804 0.331709 
1805 -0.499129 
1806 0.335675 
1807 0.122335 
1808 -0.193442 
1809 -0.246155 
1810 0.067348 
1811 0.067348 
1812 0.301923 
1813 0.067348 
1814 -0.165379 
1815 0.409123 
1816 0.401953 
1817 -0.406625 
1818 0.409123 
1819 -0.406625 
1820 -0.406625 
1821 -0.449530 
1822 -0.148937 
1823 -0.449530 
1824 0.253681 
1825 -0.160165 
1826 0.209891 
1827 0.209891 
1828 -0.493520 
1829 0.209891 
1830 -0.073619 
1831 -0.012653 
1832 0.209891 
1833 -0.073619 
1834 -0.378262 
1835 -0.004815 
1836 -0.004815 
1837 -0.382032 
1838 -0.004815 
1839 -0.375757 
1840 -0.382032 
1841 -0.499129 
1842 0.335675 
1843 -0.200095 
1844 -0.246155 
1845 0.335675 
1846 -0.246155 
1847 0.067348 
1848 0.067348 
1849 0.149445 
1850 0.067348 
1851 -0.165379 
1852 0.401953 
1853 0.409123 
1854 0.401953 
1855 -0.449530 
1856 -0.148937 
1857 0.253681 
1858 -0.148937 
1859 0.253681 
1860 -0.073619 
1861 -0.073619 
1862 -0.073619 
1863 -0.073619 
1864 -0.378262 
1865 -0.004815 
1866 -0.458454 
1867 -0.375757 
1868 0.462375 
1869 0.335675 
1870 0.335675 
1871 0.335675 
1872 0.335675 
1873 0.335675 
1874 0.335675 
1875 0.188991 
1876 -0.487731 
1877 0.096978 
1878 0.096978 
1879 0.096978 
1880 0.096978 
1881 -0.023424 
1882 -0.023424 
1883 -0.274225 
1884 -0.004815 
1885 -0.274225 
1886 -0.277745 
1887 0.341747 
1888 0.341747 
1889 -0.215401 
1890 0.341747 
1891 -0.215401 
1892 0.126926 
1893 0.352416 
1894 -0.146620 
1895 0.352416 
1896 -0.146620 
1897 0.352416 
1898 -0.146620 
1899 -0.146620 
1900 0.096978 
1901 0.165742 
1902 0.096978 
1903 0.096978 
1904 -0.487731 
1905 0.202705 
1906 0.096978 
1907 -0.023424 
1908 0.202705 
1909 0.202705 
1910 -0.023424 
1911 0.334236 
1912 -0.023424 
1913 -0.004815 
1914 -0.089817 
1915 -0.274225 
1916 -0.277745 
1917 0.350952 
1918 -0.089817 
1919 -0.277745 
1920 -0.089817 
1921 0.341747 
1922 -0.078338 
1923 -0.355042 
1924 -0.215401 
1925 -0.078338 
1926 -0.388221 
1927 0.169033 
1928 0.348517 
1929 0.084181 
1930 0.352416 
1931 -0.180358 
1932 0.084181 
1933 0.084181 
1934 0.002375 
1935 0.352416 
1936 -0.146620 
1937 -0.375757 
1938 0.165742 
1939 0.165742 
1940 0.096978 
1941 -0.487731 
1942 -0.375757 
1943 -0.375757 
1944 -0.487731 
1945 0.199441 
1946 0.202705 
1947 0.238036 
1948 0.334236 
1949 -0.382424 
1950 0.280861 
1951 -0.382424 
1952 0.341747 
1953 -0.214387 
1954 0.096283 
1955 0.350952 
1956 0.303673 
1957 -0.089817 
1958 0.463297 
1959 -0.004815 
1960 0.169033 
1961 -0.175365 
1962 -0.366813 
1963 0.453835 
1964 0.261372 
1965 0.348517 
1966 0.453835 
1967 -0.388221 
1968 -0.180358 
1969 -0.388221 
1970 -0.388221 
1971 0.352416 
1972 0.352416 
1973 0.002375 
1974 -0.375757 
1975 -0.374172 
1976 -0.284917 
1977 0.086253 
1978 0.199441 
1979 0.041779 
1980 -0.453572 
1981 -0.375757 
1982 0.127531 
1983 0.041779 
1984 -0.036301 
1985 -0.382424 
1986 0.387303 
1987 0.486778 
1988 -0.382424 
1989 -0.382424 
1990 0.401943 
1991 -0.417152 
1992 0.322697 
1993 -0.150335 
1994 0.461520 
1995 -0.405667 
1996 0.261372 
1997 0.463297 
1998 0.463297 
1999 -0.423446 
2000 -0.388221 
2001 0.307556 
2002 -0.375403 
2003 0.453835 
2004 0.453835 
2005 -0.345925 
2006 0.453835 
2007 0.461608 
2008 0.002375 
2009 0.453835 
2010 -0.345925 
2011 -0.289357 
2012 -0.374172 
2013 0.027464 
2014 -0.284917 
2015 -0.068389 
2016 0.086253 
2017 -0.284917 
2018 0.470526 
2019 0.467560 
2020 0.395367 
2021 0.332404 
2022 0.127187 
2023 0.041779 
2024 -0.246155 
2025 -0.382424 
2026 -0.382424 
2027 -0.097570 
2028 -0.382424 
2029 -0.382424 
2030 0.181847 
2031 -0.382424 
2032 -0.382424 
2033 -0.071846 
2034 0.466514 
2035 -0.371897 
2036 0.445494 
2037 0.466514 
2038 0.454655 
2039 0.192307 
2040 0.453835 
2041 0.453835 
2042 -0.153472 
2043 0.461608 
2044 0.461608 
2045 0.200662 
2046 0.461608 
2047 -0.345925 
2048 0.445494 
2049 0.401943 
2050 -0.289357 
2051 0.445494 
2052 -0.068389 
2053 -0.410198 
2054 -0.289357 
2055 -0.152574 
2056 0.395367 
2057 0.395367 
2058 -0.081157 
2059 0.461608 
2060 0.041779 
2061 0.201763 
2062 0.477875 
2063 0.477875 
2064 0.055280 
2065 -0.382424 
2066 -0.382424 
2067 -0.094066 
2068 -0.148762 
2069 -0.458454 
2070 0.018629 
2071 -0.458454 
2072 -0.458454 
2073 -0.055528 
2074 0.247489 
2075 0.437199 
2076 -0.498229 
2077 -0.173320 
2078 0.468697 
2079 -0.153472 
2080 0.127531 
2081 0.468697 
2082 0.200662 
2083 0.127531 
2084 -0.345925 
2085 -0.002350 
2086 0.401943 
2087 0.157688 
2088 -0.002350 
2089 0.401943 
2090 -0.002350 
2091 0.018629 
2092 0.261372 
2093 -0.152574 
2094 -0.378262 
2095 0.115817 
2096 -0.388534 
2097 -0.280608 
2098 0.442421 
2099 0.443971 
2100 -0.388534 
2101 -0.483114 
2102 0.497195 
2103 0.497195 
2104 -0.380956 
2105 -0.458454 
2106 -0.458454 
2107 0.402686 
2108 0.290128 
2109 0.290128 
2110 -0.048550 
2111 -0.114001 
2112 -0.458454 
2113 0.122335 
2114 -0.173320 
2115 -0.173320 
2116 -0.114001 
2117 -0.369214 
2118 0.437199 
2119 0.102473 
2120 -0.369214 
2121 -0.345925 
2122 -0.374258 
2123 0.157688 
2124 -0.261141 
2125 -0.261141 
2126 -0.105944 
2127 -0.002350 
2128 0.039026 
2129 -0.435771 
2130 -0.168210 
2131 -0.168210 
2132 0.276130 
2133 0.238686 
2134 -0.168210 
2135 -0.372809 
2136 0.067116 
2137 -0.181001 
2138 -0.459477 
2139 -0.181001 
2140 0.449488 
2141 0.284981 
2142 0.290128 
2143 0.290128 
2144 -0.495496 
2145 -0.458454 
2146 0.290128 
2147 -0.055528 
2148 -0.458454 
2149 -0.458454 
2150 0.084478 
2151 -0.173320 
2152 0.027464 
2153 -0.114001 
2154 0.303283 
2155 0.303283 
2156 0.158307 
2157 -0.369214 
2158 0.113322 
2159 0.392922 
2160 -0.165379 
2161 -0.374258 
2162 0.392922 
2163 -0.105944 
2164 0.039026 
2165 0.039026 
2166 -0.435771 
2167 0.379506 
2168 -0.435771 
2169 0.341747 
2170 0.488176 
2171 -0.365489 
2172 0.497296 
2173 -0.181001 
2174 -0.181001 
2175 0.362164 
2176 -0.181001 
2177 -0.181001 
2178 -0.392011 
2179 0.122335 
2180 0.122335 
2181 -0.313250 
2182 -0.435771 
2183 0.156331 
2184 0.165742 
2185 -0.435771 
2186 -0.435771 
2187 -0.386905 
2188 -0.277830 
2189 -0.277830 
2190 -0.193442 
2191 0.157688 
2192 0.303283 
2193 0.158307 
2194 0.157688 
2195 0.158307 
2196 -0.321420 
2197 -0.165379 
2198 0.263743 
2199 -0.354299 
2200 -0.374258 
2201 -0.354299 
2202 -0.354299 
2203 -0.356539 
2204 -0.365489 
2205 -0.365489 
2206 -0.084714 
2207 -0.417152 
2208 -0.365489 
2209 -0.411989 
2210 -0.417152 
2211 -0.417152 
2212 -0.019241 
2213 0.122335 
2214 0.122335 
2215 -0.214387 
2216 0.122335 
2217 0.122335 
2218 -0.378262 
2219 -0.435771 
2220 -0.435771 
2221 -0.410198 
2222 -0.435771 
2223 -0.435771 
2224 -0.431364 
2225 -0.435771 
2226 0.301923 
2227 -0.193442 
2228 -0.254044 
2229 0.301923 
2230 0.158307 
2231 -0.254044 
2232 0.158307 
2233 -0.321420 
2234 0.409123 
2235 -0.321420 
2236 0.263743 
2237 -0.406625 
2238 -0.160165 
2239 0.263743 
2240 -0.354299 
2241 -0.354299 
2242 -0.160165 
2243 0.157688 
2244 -0.417152 
2245 -0.417152 
2246 -0.073619 
2247 -0.417152 
2248 -0.417152 
2249 -0.073619 
2250 -0.271171 
2251 -0.094066 
2252 -0.375757 
2253 0.014887 
2254 0.122335 
2255 -0.375757 
2256 0.335675 
2257 0.335675 
2258 -0.380955 
2259 -0.132086 
2260 -0.200095 
2261 -0.489130 
2262 -0.435771 
2263 0.335675 
2264 -0.193442 
2265 -0.165379 
2266 -0.246155 
2267 0.067348 
2268 -0.165379 
2269 0.067348 
2270 0.401953 
2271 0.409123 
2272 -0.321420 
2273 0.401953 
2274 -0.406625 
2275 -0.160165 
2276 -0.160165 
2277 -0.160165 
2278 -0.354299 
2279 -0.160165 
2280 -0.160165 
2281 -0.160165 
2282 -0.454655 
2283 -0.493520 
2284 -0.417152 
2285 -0.493520 
2286 0.209891 
2287 -0.012653 
2288 -0.012653 
2289 0.209891 
2290 -0.094066 
2291 -0.004815 
2292 -0.004815 
2293 0.014887 
2294 0.014887 
2295 -0.004815 
2296 -0.200095 
2297 -0.200095 
2298 -0.499129 
2299 0.335675 
2300 -0.246155 
2301 -0.268100 
2302 -0.246155 
2303 0.188991 
2304 -0.026494 
2305 -0.165379 
2306 0.067348 
2307 -0.406625 
2308 0.401953 
2309 0.409123 
2310 -0.148937 
2311 -0.449530 
2312 -0.148937 
2313 0.253681 
2314 -0.493520 
2315 0.253681 
2316 -0.012653 
2317 -0.073619 
2318 -0.378262 
2319 -0.073619 
2320 -0.378262 
2321 -0.004815 
2322 0.202996 
2323 -0.375757 
2324 0.188991 
2325 0.335675 
2326 0.335675 
2327 0.335675 
2328 0.188991 
2329 0.335675 
2330 -0.268100 
2331 -0.218625 
2332 0.136552 
2333 0.096978 
2334 -0.036301 
2335 0.096978 
2336 -0.036301 
2337 0.276130 
2338 -0.004815 
2339 -0.274225 
2340 -0.277745 
2341 0.276130 
2342 -0.078338 
2343 0.341747 
2344 0.341747 
2345 0.352416 
2346 0.126926 
2347 0.352416 
2348 -0.146620 
2349 0.352416 
2350 -0.146620 
2351 0.352416 
2352 -0.146620 
2353 0.352416 
2354 0.352416 
2355 0.165742 
2356 -0.375757 
2357 0.136552 
2358 0.136552 
2359 -0.218625 
2360 -0.036301 
2361 -0.036301 
2362 -0.409716 
2363 -0.023424 
2364 -0.409716 
2365 -0.409716 
2366 -0.277745 
2367 -0.277745 
2368 0.493358 
2369 -0.277745 
2370 -0.277745 
2371 0.493358 
2372 -0.277745 
2373 -0.277745 
2374 -0.193194 
2375 0.341747 
2376 -0.078338 
2377 -0.193194 
2378 -0.078338 
2379 -0.078338 
2380 -0.078338 
2381 -0.078338 
2382 0.126926 
2383 0.352416 
2384 -0.180358 
2385 -0.146620 
2386 0.352416 
2387 0.002375 
2388 -0.146620 
2389 0.352416 
2390 -0.146620 
2391 0.352416 
2392 0.165742 
2393 0.466279 
2394 0.165742 
2395 -0.084714 
2396 0.096978 
2397 0.238036 
2398 -0.487731 
2399 0.361650 
2400 -0.487731 
2401 -0.487731 
2402 -0.115096 
2403 -0.051040 
2404 0.493358 
2405 -0.331826 
2406 -0.051040 
2407 -0.051040 
2408 0.276130 
2409 0.096283 
2410 -0.259336 
2411 0.276130 
2412 -0.004815 
2413 -0.259336 
2414 0.463297 
2415 -0.004815 
2416 -0.078338 
2417 0.497195 
2418 0.126926 
2419 0.126926 
2420 0.352416 
2421 0.352416 
2422 0.352416 
2423 0.453835 
2424 0.352416 
2425 -0.180358 
2426 0.352416 
2427 0.352416 
2428 0.352416 
2429 0.209891 
2430 0.466279 
2431 -0.084714 
2432 -0.084714 
2433 -0.375757 
2434 -0.487731 
2435 -0.487731 
2436 -0.375757 
2437 -0.487731 
2438 -0.487731 
2439 -0.290814 
2440 -0.274225 
2441 -0.487731 
2442 -0.295459 
2443 -0.002350 
2444 -0.002350 
2445 0.199375 
2446 -0.445435 
2447 -0.445435 
2448 -0.384518 
2449 -0.445435 
2450 -0.445435 
2451 0.463297 
2452 -0.004815 
2453 -0.004815 
2454 0.391363 
2455 -0.153472 
2456 -0.153472 
2457 -0.365489 
2458 -0.153472 
2459 0.453835 
2460 0.352416 
2461 -0.345925 
2462 -0.180358 
2463 0.461608 
2464 -0.345925 
2465 0.352416 
2466 -0.374172 
2467 -0.120462 
2468 0.209891 
2469 -0.374172 
2470 -0.371897 
2471 0.470526 
2472 0.209891 
2473 -0.375757 
2474 -0.487731 
2475 0.395367 
2476 0.041779 
2477 -0.002350 
2478 -0.487731 
2479 -0.399815 
2480 -0.002350 
2481 -0.002350 
2482 0.487908 
2483 -0.445435 
2484 -0.019241 
2485 0.408338 
2486 -0.055528 
2487 0.454655 
2488 -0.447111 
2489 -0.445435 
2490 -0.445435 
2491 -0.400155 
2492 -0.153472 
2493 0.334691 
2494 -0.198346 
2495 0.002375 
2496 0.040253 
2497 0.453835 
2498 0.461608 
2499 -0.022521 
2500 0.461608 
2501 -0.345925 
2502 0.352416 
2503 0.401943 
2504 -0.153472 
2505 -0.068389 
2506 -0.068389 
2507 0.018629 
2508 -0.068389 
2509 0.381710 
2510 -0.120462 
2511 -0.085552 
2512 0.470526 
2513 -0.348347 
2514 -0.488160 
2515 -0.488160 
2516 0.392283 
2517 -0.488160 
2518 -0.488160 
2519 0.238686 
2520 -0.055528 
2521 -0.055528 
2522 0.173865 
2523 -0.055528 
2524 -0.055528 
2525 0.341662 
2526 0.202996 
2527 -0.114001 
2528 0.223291 
2529 -0.454655 
2530 -0.114001 
2531 -0.384518 
2532 -0.153472 
2533 0.002375 
2534 0.331709 
2535 0.002375 
2536 0.102473 
2537 0.098815 
2538 0.002375 
2539 0.276130 
2540 0.401943 
2541 -0.331826 
2542 0.401943 
2543 0.157688 
2544 0.157688 
2545 0.276130 
2546 0.276130 
2547 0.157688 
2548 -0.280608 
2549 -0.280608 
2550 0.334236 
2551 0.055959 
2552 -0.280608 
2553 0.149310 
2554 -0.280608 
2555 -0.280608 
2556 0.188991 
2557 -0.382032 
2558 -0.495496 
2559 0.084478 
2560 -0.495496 
2561 -0.495496 
2562 0.087280 
2563 -0.114001 
2564 -0.114001 
2565 -0.365489 
2566 -0.114001 
2567 -0.114001 
2568 0.067116 
2569 -0.114001 
2570 0.102473 
2571 0.494228 
2572 0.113322 
2573 0.102473 
2574 0.098815 
2575 0.113322 
2576 -0.369214 
2577 0.157688 
2578 -0.331826 
2579 0.018498 
2580 0.018498 
2581 -0.401240 
2582 -0.435771 
2583 -0.418866 
2584 0.384238 
2585 -0.435771 
2586 -0.435771 
2587 0.290531 
2588 0.384685 
2589 0.466514 
2590 0.023875 
2591 0.384685 
2592 0.087280 
2593 0.005387 
2594 -0.495496 
2595 -0.495496 
2596 -0.382424 
2597 0.402686 
2598 0.402686 
2599 0.467560 
2600 -0.495496 
2601 -0.495496 
2602 -0.069813 
2603 -0.114001 
2604 -0.114001 
2605 -0.277830 
2606 -0.175365 
2607 -0.114001 
2608 -0.173320 
2609 0.113322 
2610 0.158307 
2611 0.036253 
2612 0.113322 
2613 -0.369214 
2614 -0.165379 
2615 -0.354299 
2616 0.157688 
2617 0.018498 
2618 -0.401240 
2619 -0.435771 
2620 -0.435771 
2621 -0.261141 
2622 0.379506 
2623 -0.435771 
2624 -0.399726 
2625 -0.435771 
2626 -0.435771 
2627 -0.168210 
2628 0.136552 
2629 -0.152574 
2630 0.136552 
2631 0.328892 
2632 0.328892 
2633 -0.234542 
2634 0.328892 
2635 0.328892 
2636 0.104385 
2637 -0.495496 
2638 -0.495496 
2639 -0.366813 
2640 -0.193442 
2641 -0.354578 
2642 0.067116 
2643 -0.193442 
2644 -0.193442 
2645 0.157688 
2646 0.158307 
2647 0.158307 
2648 -0.115096 
2649 0.158307 
2650 0.157688 
2651 -0.165379 
2652 -0.321420 
2653 -0.165379 
2654 0.204927 
2655 0.263743 
2656 0.287346 
2657 0.157688 
2658 0.494228 
2659 -0.173320 
2660 -0.435771 
2661 -0.123227 
2662 -0.277830 
2663 0.341747 
2664 -0.036301 
2665 0.136552 
2666 0.136552 
2667 -0.440981 
2668 0.328892 
2669 0.328892 
2670 0.257346 
2671 0.136552 
2672 0.136552 
2673 0.301677 
2674 0.328892 
2675 0.328892 
2676 0.395244 
2677 -0.193442 
2678 -0.193442 
2679 -0.401240 
2680 0.362164 
2681 0.362164 
2682 -0.491534 
2683 0.158307 
2684 0.158307 
2685 -0.115096 
2686 0.158307 
2687 -0.254044 
2688 -0.406625 
2689 -0.321420 
2690 -0.406625 
2691 -0.406625 
2692 0.263743 
2693 0.157688 
2694 0.253681 
2695 -0.354299 
2696 0.300337 
2697 -0.225915 
2698 -0.354299 
2699 -0.352635 
2700 -0.498229 
2701 0.391363 
2702 0.453835 
2703 0.018629 
2704 0.377911 
2705 0.136552 
2706 0.057087 
2707 0.272516 
2708 0.328892 
2709 0.328892 
2710 -0.106446 
2711 0.328892 
2712 -0.114765 
2713 -0.388534 
2714 -0.380955 
2715 -0.228213 
2716 0.247910 
2717 -0.193442 
2718 -0.193442 
2719 -0.435771 
2720 -0.026494 
2721 -0.193442 
2722 -0.115096 
2723 -0.193442 
2724 -0.165379 
2725 -0.406625 
2726 0.409123 
2727 -0.406625 
2728 -0.406625 
2729 -0.406625 
2730 -0.406625 
2731 0.204927 
2732 0.263743 
2733 -0.225915 
2734 -0.225915 
2735 -0.160165 
2736 -0.073619 
2737 -0.352635 
2738 -0.160165 
2739 -0.073619 
2740 -0.375757 
2741 -0.012653 
2742 -0.004815 
2743 -0.004815 
2744 -0.082186 
2745 -0.004815 
2746 -0.375757 
2747 0.202996 
2748 -0.373863 
2749 -0.375757 
2750 0.230200 
2751 -0.373863 
2752 0.307556 
2753 0.188991 
2754 -0.268100 
2755 0.307556 
2756 0.188991 
2757 -0.026494 
2758 -0.268100 
2759 -0.435771 
2760 -0.026494 
2761 -0.165379 
2762 -0.406625 
2763 -0.406625 
2764 0.409123 
2765 0.060068 
2766 -0.354299 
2767 -0.454655 
2768 -0.405667 
2769 -0.073619 
2770 -0.454655 
2771 0.293743 
2772 0.167390 
2773 0.293743 
2774 0.167390 
2775 -0.375757 
2776 -0.375757 
2777 -0.375757 
2778 0.167064 
2779 0.307556 
2780 0.167064 
2781 0.307556 
2782 0.188991 
2783 0.307556 
2784 0.188991 
2785 0.188991 
2786 0.136552 
2787 0.136552 
2788 0.136552 
2789 -0.409716 
2790 0.136552 
2791 0.276130 
2792 -0.036301 
2793 0.276130 
2794 0.276130 
2795 0.276130 
2796 -0.277745 
2797 0.341747 
2798 0.341747 
2799 0.352416 
2800 0.341747 
2801 0.352416 
2802 0.126926 
2803 0.352416 
2804 -0.146620 
2805 0.352416 
2806 -0.146620 
2807 0.352416 
2808 -0.146620 
2809 0.352416 
2810 -0.375757 
2811 0.165742 
2812 -0.218625 
2813 -0.218625 
2814 0.026842 
2815 -0.409716 
2816 -0.447111 
2817 0.136552 
2818 0.493358 
2819 -0.409716 
2820 -0.036301 
2821 0.493358 
2822 0.276130 
2823 0.276130 
2824 0.493358 
2825 0.276130 
2826 -0.124665 
2827 -0.193194 
2828 0.276130 
2829 -0.124665 
2830 -0.193194 
2831 0.341747 
2832 -0.124665 
2833 -0.320299 
2834 0.352416 
2835 -0.078338 
2836 0.352416 
2837 -0.114001 
2838 0.126926 
2839 0.352416 
2840 0.352416 
2841 -0.114001 
2842 0.352416 
2843 0.352416 
2844 0.337859 
2845 0.352416 
2846 -0.146620 
2847 0.466279 
2848 0.165742 
2849 -0.375757 
2850 0.026842 
2851 0.136552 
2852 -0.218625 
2853 -0.375757 
2854 0.136552 
2855 -0.447111 
2856 -0.447111 
2857 0.136552 
2858 -0.447111 
2859 -0.447111 
2860 0.303283 
2861 0.276130 
2862 0.493358 
2863 -0.458454 
2864 0.276130 
2865 0.463297 
2866 0.375276 
2867 0.463297 
2868 -0.193194 
2869 0.375276 
2870 0.192307 
2871 0.352416 
2872 -0.225915 
2873 0.352416 
2874 0.352416 
2875 0.126926 
2876 0.352416 
2877 0.352416 
2878 0.352416 
2879 0.352416 
2880 0.352416 
2881 0.352416 
2882 0.352416 
2883 0.352416 
2884 0.466279 
2885 -0.153472 
2886 0.466279 
2887 -0.218625 
2888 -0.084714 
2889 0.041779 
2890 0.041779 
2891 -0.084714 
2892 -0.375757 
2893 -0.400155 
2894 -0.101269 
2895 -0.447111 
2896 -0.115096 
2897 -0.023040 
2898 -0.355042 
2899 0.173865 
2900 -0.317049 
2901 0.349514 
2902 0.463297 
2903 -0.243551 
2904 0.454655 
2905 0.375276 
2906 0.149310 
2907 0.463297 
2908 -0.004815 
2909 0.395244 
2910 0.192307 
2911 -0.094066 
2912 -0.384140 
2913 0.352416 
2914 0.352416 
2915 -0.465927 
2916 0.352416 
2917 0.352416 
2918 -0.071846 
2919 0.352416 
2920 0.352416 
2921 -0.120462 
2922 -0.153472 
2923 -0.371897 
2924 -0.371897 
2925 -0.068389 
2926 -0.375757 
2927 -0.371897 
2928 0.470526 
2929 -0.375757 
2930 -0.375757 
2931 -0.354236 
2932 -0.167457 
2933 0.041779 
2934 -0.290814 
2935 -0.002350 
2936 -0.355042 
2937 -0.114765 
2938 0.454655 
2939 0.454655 
2940 0.445970 
2941 -0.277556 
2942 0.454655 
2943 -0.445435 
2944 -0.386702 
2945 0.276130 
2946 0.493193 
2947 0.276130 
2948 0.486778 
2949 -0.104171 
2950 0.276130 
2951 0.352416 
2952 -0.022521 
2953 0.352416 
2954 0.098815 
2955 -0.071846 
2956 0.352416 
2957 -0.142499 
2958 -0.153472 
2959 0.401943 
2960 -0.120462 
2961 0.157688 
2962 -0.068389 
2963 0.272516 
2964 0.272516 
2965 0.470526 
2966 0.041779 
2967 0.041779 
2968 -0.228213 
2969 -0.318502 
2970 -0.165360 
2971 -0.057452 
2972 0.087280 
2973 -0.382032 
2974 0.040834 
2975 -0.382032 
2976 -0.027535 
2977 0.381710 
2978 -0.382032 
2979 0.454655 
2980 0.334691 
2981 0.276130 
2982 0.276130 
2983 -0.394304 
2984 0.276130 
2985 0.276130 
2986 -0.410198 
2987 0.276130 
2988 0.098815 
2989 -0.200328 
2990 0.098815 
2991 0.276130 
2992 0.040253 
2993 0.276130 
2994 -0.142499 
2995 -0.331826 
2996 0.401943 
2997 -0.153472 
2998 0.157688 
2999 0.401943 
3000 -0.066564 
3001 0.445494 
3002 0.272516 
3003 -0.060442 
3004 -0.066564 
3005 0.141944 
3006 0.087280 
3007 0.087280 
3008 0.492397 
3009 -0.150335 
3010 -0.382032 
3011 -0.488160 
3012 -0.382032 
3013 -0.060442 
3014 0.388865 
3015 -0.382032 
3016 -0.382032 
3017 -0.438739 
3018 0.447842 
3019 -0.188887 
3020 -0.355765 
3021 0.276130 
3022 0.276130 
3023 0.475747 
3024 0.276130 
3025 0.276130 
3026 -0.114001 
3027 0.113322 
3028 0.036253 
3029 0.102473 
3030 0.113322 
3031 0.113322 
3032 -0.331826 
3033 0.157688 
3034 -0.331826 
3035 0.290128 
3036 0.401943 
3037 -0.331826 
3038 -0.331826 
3039 -0.435771 
3040 -0.331826 
3041 -0.331826 
3042 0.315170 
3043 0.346262 
3044 0.087280 
3045 -0.386702 
3046 0.087280 
3047 0.087280 
3048 -0.124454 
3049 -0.382032 
3050 -0.382032 
3051 0.028184 
3052 -0.366813 
3053 -0.382032 
3054 0.238036 
3055 -0.366813 
3056 -0.366813 
3057 -0.190496 
3058 -0.175365 
3059 -0.175365 
3060 -0.319667 
3061 -0.175365 
3062 0.036253 
3063 -0.114001 
3064 -0.175365 
3065 0.036253 
3066 0.158307 
3067 0.113322 
3068 0.113322 
3069 -0.078338 
3070 -0.165379 
3071 0.290128 
3072 0.290128 
3073 0.018498 
3074 -0.423446 
3075 -0.401240 
3076 0.018498 
3077 -0.399815 
3078 -0.423446 
3079 0.350740 
3080 0.479064 
3081 0.479064 
3082 0.173746 
3083 0.087280 
3084 0.087280 
3085 0.384685 
3086 -0.289357 
3087 0.420624 
3088 -0.337680 
3089 0.328892 
3090 0.475747 
3091 0.173180 
3092 -0.401240 
3093 -0.238331 
3094 0.304405 
3095 -0.366813 
3096 0.349514 
3097 0.305315 
3098 0.381530 
3099 -0.175365 
3100 0.362164 
3101 0.158307 
3102 -0.115096 
3103 0.158307 
3104 -0.175365 
3105 0.158307 
3106 -0.354299 
3107 -0.165379 
3108 0.021189 
3109 -0.459219 
3110 0.096283 
3111 -0.423446 
3112 -0.423446 
3113 0.204927 
3114 -0.452391 
3115 0.391363 
3116 -0.068389 
3117 -0.423446 
3118 -0.423446 
3119 0.295552 
3120 -0.188481 
3121 0.214558 
3122 0.148367 
3123 0.328892 
3124 0.328892 
3125 0.136552 
3126 0.328892 
3127 -0.428317 
3128 0.328892 
3129 0.328892 
3130 -0.276672 
3131 0.384238 
3132 -0.009481 
3133 -0.366813 
3134 0.125984 
3135 -0.401240 
3136 -0.254044 
3137 0.034985 
3138 -0.115096 
3139 -0.115096 
3140 -0.026494 
3141 -0.115096 
3142 0.158307 
3143 -0.354299 
3144 0.060068 
3145 -0.354299 
3146 0.021189 
3147 -0.406625 
3148 -0.459219 
3149 0.021189 
3150 0.204927 
3151 -0.276134 
3152 -0.423446 
3153 0.157688 
3154 -0.423446 
3155 -0.423446 
3156 -0.148985 
3157 0.391363 
3158 0.391363 
3159 0.165370 
3160 -0.082186 
3161 0.202996 
3162 0.453835 
3163 0.328892 
3164 0.328892 
3165 0.367226 
3166 0.230200 
3167 -0.238331 
3168 -0.373863 
3169 0.188991 
3170 0.188991 
3171 -0.313250 
3172 0.188991 
3173 0.113322 
3174 0.165742 
3175 -0.254044 
3176 -0.026494 
3177 0.158307 
3178 -0.254044 
3179 -0.026494 
3180 0.409123 
3181 -0.406625 
3182 -0.321420 
3183 0.409123 
3184 -0.406625 
3185 0.021189 
3186 -0.354299 
3187 0.060068 
3188 -0.276134 
3189 -0.405667 
3190 -0.454655 
3191 0.391363 
3192 -0.454655 
3193 -0.073619 
3194 -0.284924 
3195 0.167390 
3196 0.293743 
3197 -0.284924 
3198 -0.284924 
3199 0.453835 
3200 -0.106446 
3201 -0.375757 
3202 -0.498229 
3203 0.230200 
3204 0.167064 
3205 -0.453572 
3206 -0.238331 
3207 0.230200 
3208 -0.453572 
3209 0.188991 
3210 0.188991 
3211 0.129759 
3212 0.188991 
3213 -0.268100 
3214 -0.026494 
3215 -0.254044 
3216 -0.026494 
3217 -0.406625 
3218 0.409123 
3219 -0.406625 
3220 -0.354299 
3221 0.060068 
3222 -0.405667 
3223 -0.454655 
3224 -0.454655 
3225 -0.454655 
3226 0.167390 
3227 0.293743 
3228 0.167390 
3229 -0.375757 
3230 -0.375757 
3231 -0.375757 
3232 0.167064 
3233 0.307556 
3234 0.167064 
3235 0.307556 
3236 0.188991 
3237 0.307556 
3238 0.188991 
3239 0.307556 
3240 -0.268100 
3241 -0.218625 
3242 0.136552 
3243 -0.447111 
3244 0.136552 
3245 -0.409716 
3246 -0.036301 
3247 0.276130 
3248 0.276130 
3249 0.276130 
3250 -0.124665 
3251 0.276130 
3252 -0.388221 
3253 0.341747 
3254 -0.388221 
3255 0.352416 
3256 -0.114001 
3257 0.352416 
3258 0.337859 
3259 0.352416 
3260 0.337859 
3261 0.352416 
3262 -0.146620 
3263 0.352416 
3264 0.352416 
3265 0.136552 
3266 -0.375757 
3267 0.026842 
3268 0.026842 
3269 -0.218625 
3270 0.136552 
3271 0.136552 
3272 0.136552 
3273 0.462375 
3274 -0.409716 
3275 0.127531 
3276 0.462375 
3277 0.462375 
3278 0.493358 
3279 -0.124665 
3280 -0.124665 
3281 0.493358 
3282 -0.124665 
3283 -0.124665 
3284 -0.193194 
3285 -0.124665 
3286 -0.388221 
3287 -0.193194 
3288 -0.051040 
3289 -0.388221 
3290 0.352416 
3291 0.126926 
3292 -0.114001 
3293 -0.120462 
3294 -0.114001 
3295 0.337859 
3296 0.352416 
3297 0.337859 
3298 -0.146620 
3299 0.352416 
3300 0.352416 
3301 0.352416 
3302 0.136552 
3303 0.466279 
3304 -0.084714 
3305 0.026842 
3306 0.026842 
3307 0.136552 
3308 0.136552 
3309 -0.399815 
3310 0.136552 
3311 0.136552 
3312 0.136552 
3313 0.173865 
3314 0.136552 
3315 -0.366704 
3316 0.173865 
3317 0.173865 
3318 0.388865 
3319 0.375276 
3320 -0.309007 
3321 -0.285913 
3322 0.375276 
3323 0.375276 
3324 0.453835 
3325 -0.439243 
3326 -0.051040 
3327 -0.320299 
3328 -0.388221 
3329 0.126926 
3330 0.358043 
3331 0.126926 
3332 0.352416 
3333 0.099822 
3334 -0.142499 
3335 -0.142499 
3336 -0.278094 
3337 0.352416 
3338 0.352416 
3339 -0.153472 
3340 0.466279 
3341 0.136552 
3342 -0.084714 
3343 -0.153472 
3344 0.136552 
3345 0.136552 
3346 0.375875 
3347 -0.375403 
3348 0.392283 
3349 -0.152574 
3350 0.199375 
3351 0.290128 
3352 0.497195 
3353 0.173865 
3354 0.173865 
3355 -0.386120 
3356 -0.104360 
3357 -0.188481 
3358 0.422528 
3359 0.375276 
3360 0.375276 
3361 -0.290814 
3362 0.375276 
3363 0.375276 
3364 0.192307 
3365 0.395244 
3366 -0.373602 
3367 -0.073431 
3368 0.337859 
3369 -0.071846 
3370 0.352416 
3371 0.352416 
3372 -0.071846 
3373 0.352416 
3374 0.352416 
3375 0.352416 
3376 -0.153472 
3377 -0.153472 
3378 -0.153472 
3379 0.269276 
3380 -0.371897 
3381 0.269276 
3382 -0.153472 
3383 -0.153472 
3384 -0.278094 
3385 0.391363 
3386 -0.483114 
3387 0.323675 
3388 -0.401240 
3389 0.249692 
3390 0.494228 
3391 0.173865 
3392 0.497195 
3393 0.494228 
3394 0.385712 
3395 -0.389009 
3396 -0.482050 
3397 -0.078338 
3398 0.276130 
3399 0.013010 
3400 0.168140 
3401 0.454655 
3402 -0.183650 
3403 0.276130 
3404 -0.489130 
3405 -0.118509 
3406 0.276130 
3407 0.276130 
3408 -0.142499 
3409 -0.022521 
3410 -0.278094 
3411 -0.142499 
3412 -0.278094 
3413 -0.153472 
3414 -0.153472 
3415 0.401943 
3416 0.401943 
3417 -0.066564 
3418 -0.165379 
3419 -0.153472 
3420 -0.153472 
3421 0.334236 
3422 -0.153472 
3423 0.479239 
3424 0.084478 
3425 0.209891 
3426 -0.488160 
3427 -0.483114 
3428 0.336435 
3429 -0.382032 
3430 -0.382032 
3431 0.269227 
3432 -0.265483 
3433 -0.382032 
3434 -0.084714 
3435 0.454655 
3436 -0.084714 
3437 -0.084714 
3438 0.276130 
3439 -0.488160 
3440 0.276130 
3441 0.276130 
3442 0.276130 
3443 0.276130 
3444 0.276130 
3445 0.392283 
3446 0.392283 
3447 0.098815 
3448 -0.142499 
3449 0.276130 
3450 0.018498 
3451 -0.331826 
3452 -0.153472 
3453 0.401943 
3454 -0.066564 
3455 -0.153472 
3456 -0.153472 
3457 -0.153472 
3458 0.151460 
3459 -0.132086 
3460 0.272516 
3461 -0.455413 
3462 0.326430 
3463 -0.009481 
3464 -0.447111 
3465 -0.237891 
3466 -0.277830 
3467 -0.382032 
3468 -0.115096 
3469 -0.465927 
3470 -0.002835 
3471 0.138903 
3472 0.443971 
3473 -0.320299 
3474 -0.382032 
3475 -0.286304 
3476 0.288474 
3477 0.288474 
3478 0.276130 
3479 -0.435771 
3480 -0.227894 
3481 -0.074352 
3482 0.392283 
3483 0.392283 
3484 0.098815 
3485 0.392283 
3486 0.113322 
3487 0.257346 
3488 -0.331826 
3489 0.018498 
3490 0.018498 
3491 -0.002350 
3492 0.384238 
3493 0.257346 
3494 -0.029120 
3495 0.298183 
3496 -0.453572 
3497 -0.388534 
3498 -0.175365 
3499 -0.274225 
3500 0.287346 
3501 -0.317049 
3502 0.148121 
3503 -0.428317 
3504 -0.115096 
3505 -0.447111 
3506 0.076716 
3507 -0.115096 
3508 0.287346 
3509 -0.382032 
3510 -0.084714 
3511 -0.084714 
3512 0.287346 
3513 0.470526 
3514 -0.373602 
3515 -0.153472 
3516 -0.175365 
3517 -0.124454 
3518 0.288474 
3519 -0.124454 
3520 0.158307 
3521 -0.175365 
3522 -0.124454 
3523 0.113322 
3524 0.096283 
3525 0.257346 
3526 0.257346 
3527 0.018498 
3528 0.290128 
3529 -0.386905 
3530 -0.423446 
3531 0.290128 
3532 0.199441 
3533 -0.409716 
3534 0.479064 
3535 -0.148985 
3536 -0.394304 
3537 0.479064 
3538 -0.132086 
3539 -0.193194 
3540 0.384685 
3541 0.328892 
3542 0.158788 
3543 -0.328750 
3544 0.401943 
3545 0.328892 
3546 0.287346 
3547 0.252716 
3548 -0.259516 
3549 0.177886 
3550 0.493358 
3551 -0.189407 
3552 0.149310 
3553 0.288474 
3554 -0.489130 
3555 0.125692 
3556 0.288474 
3557 0.288474 
3558 -0.115096 
3559 0.288474 
3560 0.288474 
3561 0.060068 
3562 -0.354299 
3563 0.096283 
3564 -0.280608 
3565 -0.078338 
3566 -0.423446 
3567 -0.423446 
3568 -0.423446 
3569 0.063600 
3570 -0.423446 
3571 -0.423446 
3572 -0.423446 
3573 -0.423446 
3574 0.301677 
3575 0.363786 
3576 -0.449748 
3577 -0.157029 
3578 0.328892 
3579 0.328892 
3580 -0.459781 
3581 -0.188444 
3582 0.136552 
3583 -0.280608 
3584 0.012701 
3585 0.328892 
3586 0.202705 
3587 0.335675 
3588 0.034985 
3589 -0.405667 
3590 0.034985 
3591 -0.057452 
3592 -0.348347 
3593 -0.026494 
3594 -0.026494 
3595 -0.115096 
3596 0.288474 
3597 0.288474 
3598 0.060068 
3599 -0.354299 
3600 0.060068 
3601 -0.280608 
3602 0.060068 
3603 0.362164 
3604 0.060068 
3605 -0.354299 
3606 0.461608 
3607 -0.423446 
3608 -0.423446 
3609 -0.423446 
3610 -0.423446 
3611 -0.454655 
3612 -0.055087 
3613 0.453835 
3614 -0.284924 
3615 0.136552 
3616 0.136552 
3617 0.462375 
3618 -0.498229 
3619 0.328892 
3620 -0.428317 
3621 -0.453572 
3622 -0.009481 
3623 -0.331826 
3624 0.307556 
3625 0.307556 
3626 -0.331826 
3627 0.129759 
3628 0.307556 
3629 0.188991 
3630 -0.026494 
3631 -0.026494 
3632 -0.115096 
3633 -0.026494 
3634 -0.254044 
3635 -0.406625 
3636 0.409123 
3637 0.060068 
3638 0.060068 
3639 0.060068 
3640 -0.280608 
3641 0.060068 
3642 0.021189 
3643 -0.280608 
3644 -0.454655 
3645 -0.454655 
3646 0.349514 
3647 0.349514 
3648 -0.276134 
3649 -0.049505 
3650 -0.049505 
3651 -0.284924 
3652 -0.049505 
3653 -0.375757 
3654 -0.082186 
3655 -0.375757 
3656 -0.396904 
3657 -0.082186 
3658 0.307556 
3659 -0.453572 
3660 0.230200 
3661 0.217857 
3662 0.307556 
3663 0.217857 
3664 0.217857 
3665 0.307556 
3666 0.217857 
3667 -0.026494 
3668 -0.026494 
3669 0.217857 
3670 -0.254044 
3671 -0.254044 
3672 0.409123 
3673 -0.406625 
3674 0.409123 
3675 0.060068 
3676 -0.354299 
3677 -0.454655 
3678 -0.405667 
3679 -0.454655 
3680 -0.454655 
3681 0.293743 
3682 0.167390 
3683 -0.375757 
3684 0.167390 
3685 -0.375757 
3686 -0.375757 
3687 0.307556 
3688 0.167064 
3689 0.307556 
3690 0.167064 
3691 0.307556 
3692 0.188991 
3693 0.307556 
3694 0.188991 
3695 0.217857 
3696 0.026842 
3697 0.136552 
3698 0.136552 
3699 0.136552 
3700 0.136552 
3701 0.276130 
3702 0.276130 
3703 0.276130 
3704 0.276130 
3705 0.276130 
3706 -0.124665 
3707 -0.124665 
3708 -0.388221 
3709 0.352416 
3710 -0.388221 
3711 0.352416 
3712 -0.114001 
3713 0.352416 
3714 0.337859 
3715 0.352416 
3716 0.337859 
3717 0.352416 
3718 -0.146620 
3719 0.352416 
3720 0.136552 
3721 0.026842 
3722 0.026842 
3723 0.026842 
3724 0.026842 
3725 0.127531 
3726 0.127531 
3727 0.136552 
3728 0.127531 
3729 0.127531 
3730 0.127531 
3731 0.127531 
3732 0.276130 
3733 0.127531 
3734 -0.124665 
3735 -0.124665 
3736 -0.124665 
3737 -0.124665 
3738 0.276130 
3739 -0.124665 
3740 0.453835 
3741 -0.124665 
3742 -0.124665 
3743 -0.320299 
3744 -0.120462 
3745 -0.120462 
3746 -0.120462 
3747 -0.120462 
3748 -0.120462 
3749 0.352416 
3750 0.352416 
3751 -0.114001 
3752 0.352416 
3753 0.352416 
3754 0.352416 
3755 0.352416 
3756 0.352416 
3757 -0.153472 
3758 0.136552 
3759 0.136552 
3760 0.026842 
3761 0.136552 
3762 0.136552 
3763 0.136552 
3764 0.136552 
3765 0.136552 
3766 0.136552 
3767 0.136552 
3768 0.127531 
3769 0.127531 
3770 0.462375 
3771 0.127531 
3772 0.497195 
3773 0.497195 
3774 -0.071394 
3775 -0.071394 
3776 0.375276 
3777 -0.388221 
3778 -0.320299 
3779 0.375276 
3780 0.192307 
3781 0.277175 
3782 -0.388221 
3783 -0.120462 
3784 0.277175 
3785 -0.388221 
3786 0.352416 
3787 -0.071846 
3788 0.337859 
3789 0.352416 
3790 -0.278094 
3791 -0.278094 
3792 0.352416 
3793 0.352416 
3794 -0.153472 
3795 -0.153472 
3796 -0.153472 
3797 -0.153472 
3798 0.026842 
3799 0.445970 
3800 0.445970 
3801 -0.153472 
3802 0.445970 
3803 0.445970 
3804 0.136552 
3805 0.127531 
3806 0.127531 
3807 0.497195 
3808 0.127531 
3809 0.497195 
3810 0.272516 
3811 -0.104360 
3812 0.272516 
3813 -0.071394 
3814 -0.071394 
3815 -0.071394 
3816 0.276130 
3817 0.277175 
3818 0.277175 
3819 0.375276 
3820 -0.120462 
3821 0.276130 
3822 0.277175 
3823 0.277175 
3824 0.277175 
3825 0.337859 
3826 -0.278094 
3827 -0.278094 
3828 -0.071846 
3829 -0.278094 
3830 0.352416 
3831 -0.153472 
3832 -0.153472 
3833 -0.153472 
3834 -0.153472 
3835 0.269276 
3836 -0.153472 
3837 -0.289357 
3838 -0.153472 
3839 -0.289357 
3840 -0.289357 
3841 -0.483114 
3842 -0.097773 
3843 0.497195 
3844 -0.188887 
3845 -0.398496 
3846 -0.398496 
3847 -0.188887 
3848 -0.071394 
3849 -0.071394 
3850 -0.382032 
3851 -0.071394 
3852 -0.071394 
3853 -0.382032 
3854 0.276130 
3855 0.276130 
3856 0.375276 
3857 0.276130 
3858 0.276130 
3859 0.276130 
3860 -0.232750 
3861 0.276130 
3862 0.276130 
3863 -0.278094 
3864 -0.278094 
3865 0.392283 
3866 -0.278094 
3867 -0.142499 
3868 -0.153472 
3869 -0.153472 
3870 -0.153472 
3871 -0.153472 
3872 -0.153472 
3873 0.272516 
3874 0.272516 
3875 -0.153472 
3876 0.272516 
3877 0.272516 
3878 -0.289357 
3879 -0.289357 
3880 0.323675 
3881 -0.097773 
3882 -0.097773 
3883 -0.097773 
3884 0.323675 
3885 -0.079104 
3886 -0.188887 
3887 -0.398496 
3888 -0.398496 
3889 -0.398496 
3890 0.118903 
3891 0.276130 
3892 0.276130 
3893 -0.084714 
3894 -0.232750 
3895 0.276130 
3896 0.276130 
3897 0.276130 
3898 -0.232750 
3899 0.276130 
3900 -0.232750 
3901 -0.232750 
3902 -0.232750 
3903 -0.232750 
3904 -0.142499 
3905 0.257346 
3906 0.257346 
3907 -0.153472 
3908 -0.002350 
3909 0.384238 
3910 0.272516 
3911 -0.153472 
3912 -0.153472 
3913 -0.153472 
3914 0.272516 
3915 0.272516 
3916 0.272516 
3917 0.272516 
3918 -0.449530 
3919 -0.097773 
3920 -0.079104 
3921 -0.115096 
3922 -0.398496 
3923 -0.398496 
3924 0.287346 
3925 -0.398496 
3926 0.138903 
3927 -0.084714 
3928 -0.286304 
3929 0.118903 
3930 -0.084714 
3931 0.276130 
3932 0.276130 
3933 -0.084714 
3934 0.276130 
3935 0.276130 
3936 0.288474 
3937 -0.232750 
3938 0.276130 
3939 -0.232750 
3940 0.276130 
3941 0.276130 
3942 0.290128 
3943 0.257346 
3944 0.257346 
3945 0.290128 
3946 -0.002350 
3947 0.290128 
3948 0.290128 
3949 0.257346 
3950 -0.449530 
3951 0.272516 
3952 -0.449530 
3953 0.272516 
3954 0.272516 
3955 -0.449530 
3956 -0.009033 
3957 -0.009033 
3958 -0.115096 
3959 -0.079104 
3960 0.287346 
3961 0.287346 
3962 -0.355576 
3963 0.287346 
3964 -0.115096 
3965 -0.286304 
3966 -0.286304 
3967 -0.084714 
3968 -0.286304 
3969 -0.286304 
3970 0.288474 
3971 0.125692 
3972 0.276130 
3973 0.288474 
3974 -0.232750 
3975 -0.232750 
3976 -0.435771 
3977 -0.232750 
3978 -0.124454 
3979 0.257346 
3980 0.096283 
3981 0.290128 
3982 0.257346 
3983 0.257346 
3984 -0.002350 
3985 -0.002350 
3986 0.257346 
3987 -0.423446 
3988 0.290128 
3989 0.257346 
3990 0.148367 
3991 -0.394304 
3992 -0.449530 
3993 0.465959 
3994 0.465959 
3995 -0.009033 
3996 -0.354578 
3997 -0.354578 
3998 -0.009033 
3999 -0.355576 
4000 -0.355576 
4001 -0.115096 
4002 -0.355576 
4003 -0.355576 
4004 0.287346 
4005 0.034985 
4006 0.034985 
4007 0.034985 
4008 0.034985 
4009 0.288474 
4010 0.288474 
4011 0.021189 
4012 0.288474 
4013 -0.124454 
4014 0.288474 
4015 0.288474 
4016 0.060068 
4017 0.060068 
4018 -0.280608 
4019 -0.280608 
4020 0.096283 
4021 0.290128 
4022 0.290128 
4023 0.257346 
4024 -0.423446 
4025 0.257346 
4026 -0.423446 
4027 -0.049505 
4028 -0.049505 
4029 0.257346 
4030 0.465959 
4031 -0.085552 
4032 0.347204 
4033 -0.396904 
4034 -0.396904 
4035 -0.009033 
4036 -0.396904 
4037 -0.396904 
4038 0.328892 
4039 -0.151369 
4040 -0.331826 
4041 0.034985 
4042 0.034985 
4043 0.034985 
4044 0.493358 
4045 0.158307 
4046 -0.057452 
4047 0.034985 
4048 0.034985 
4049 0.034985 
4050 -0.026494 
4051 0.021189 
4052 0.288474 
4053 0.060068 
4054 0.060068 
4055 -0.280608 
4056 -0.280608 
4057 -0.280608 
4058 0.303673 
4059 0.012403 
4060 -0.280608 
4061 0.012403 
4062 0.012403 
4063 0.349514 
4064 -0.049505 
4065 -0.423446 
4066 0.257346 
4067 0.242237 
4068 0.242237 
4069 -0.049505 
4070 -0.049505 
4071 0.347204 
4072 0.242237 
4073 0.242237 
4074 -0.188481 
4075 -0.396904 
4076 0.217857 
4077 -0.331826 
4078 0.307556 
4079 0.217857 
4080 0.217857 
4081 -0.151369 
4082 0.158307 
4083 0.217857 
4084 0.158307 
4085 0.021189 
4086 -0.026494 
4087 -0.254044 
4088 0.021189 
4089 0.021189 
4090 0.060068 
4091 0.060068 
4092 0.060068 
4093 0.060068 
4094 0.060068 
4095 0.012403 
4096 0.060068 
4097 -0.280608 
4098 0.012403 
4099 0.012403 
4100 0.012403 
4101 0.012403 
4102 0.012403 
4103 0.012403 
4104 -0.049505 
4105 -0.454655 
4106 -0.049505 
4107 -0.284924 
4108 -0.284924 
4109 0.242237 
4110 -0.396904 
4111 -0.284924 
4112 -0.396904 
4113 0.217857 
4114 0.307556 
4115 -0.453572 
4116 0.217857 
4117 0.217857 
4118 0.217857 
4119 0.217857 
4120 0.217857 
4121 0.217857 
4122 0.217857 
4123 0.217857 
4124 -0.026494 
4125 0.021189 
4126 0.021189 
4127 -0.406625 
4128 0.060068 
4129 0.060068 
4130 0.060068 
4131 0.060068 
4132 0.012403 
4133 -0.454655 
4134 0.012403 
4135 -0.454655 
4136 -0.454655 
4137 -0.454655 
4138 -0.454655 
4139 -0.454655 
4140 -0.284924 
4141 -0.284924 
4142 0.307556 
4143 0.307556 
4144 0.307556 
4145 0.307556 
4146 0.217857 
4147 0.217857 
4148 0.217857 
4149 0.217857 
4150 0.217857 
4151 -0.487731 
4152 0.096978 
4153 0.096978 
4154 -0.023424 
4155 -0.188887 
4156 0.257346 
4157 0.257346 
4158 -0.215401 
4159 -0.215401 
4160 -0.215401 
4161 -0.215401 
4162 -0.215401 
4163 -0.215401 
4164 0.096978 
4165 -0.117156 
4166 -0.117156 
4167 -0.356539 
4168 -0.284917 
4169 0.303673 
4170 0.257346 
4171 0.257346 
4172 0.379506 
4173 -0.371897 
4174 0.002375 
4175 0.002375 
4176 0.002375 
4177 -0.459219 
4178 -0.117156 
4179 -0.487731 
4180 -0.487731 
4181 0.379506 
4182 -0.459219 
4183 0.303673 
4184 0.261372 
4185 -0.423446 
4186 0.348517 
4187 0.352961 
4188 0.002375 
4189 0.002375 
4190 -0.459219 
4191 -0.459219 
4192 0.199441 
4193 -0.117156 
4194 -0.356539 
4195 -0.459219 
4196 0.453786 
4197 0.261372 
4198 -0.423446 
4199 -0.175365 
4200 0.200662 
4201 0.002375 
4202 0.002375 
4203 0.027464 
4204 -0.374172 
4205 0.199441 
4206 0.332404 
4207 0.332404 
4208 -0.415394 
4209 0.181847 
4210 -0.071846 
4211 0.445494 
4212 0.192307 
4213 0.200662 
4214 -0.345925 
4215 -0.345925 
4216 -0.374172 
4217 0.335675 
4218 -0.137239 
4219 0.199441 
4220 0.177886 
4221 0.113322 
4222 -0.094066 
4223 0.018629 
4224 -0.055528 
4225 -0.498229 
4226 0.084181 
4227 0.084181 
4228 -0.345925 
4229 -0.374172 
4230 0.335675 
4231 0.261372 
4232 0.377039 
4233 0.377039 
4234 0.072487 
4235 0.253681 
4236 0.497195 
4237 -0.458454 
4238 0.122335 
4239 0.084181 
4240 0.084181 
4241 -0.345925 
4242 -0.069813 
4243 0.341747 
4244 -0.105944 
4245 0.335675 
4246 -0.372809 
4247 -0.459477 
4248 0.284981 
4249 -0.495496 
4250 -0.123866 
4251 0.084478 
4252 0.303283 
4253 0.113322 
4254 0.113322 
4255 -0.069813 
4256 -0.428317 
4257 -0.105944 
4258 0.039026 
4259 0.497296 
4260 0.362164 
4261 -0.392011 
4262 -0.350262 
4263 0.165742 
4264 -0.386905 
4265 0.481413 
4266 0.481413 
4267 0.113322 
4268 -0.069813 
4269 -0.148937 
4270 -0.356539 
4271 -0.217863 
4272 0.209891 
4273 -0.019241 
4274 -0.214387 
4275 -0.378262 
4276 -0.410198 
4277 -0.350262 
4278 -0.447783 
4279 0.481413 
4280 0.113322 
4281 0.409123 
4282 -0.148937 
4283 -0.449530 
4284 -0.373602 
4285 0.209891 
4286 0.449243 
4287 0.291882 
4288 -0.004815 
4289 -0.499129 
4290 0.335675 
4291 -0.246155 
4292 0.122335 
4293 0.067348 
4294 0.409123 
4295 -0.449530 
4296 -0.148937 
4297 -0.073619 
4298 -0.073619 
4299 0.209891 
4300 0.303283 
4301 0.303283 
4302 0.291882 
4303 -0.499129 
4304 0.122335 
4305 0.122335 
4306 0.067348 
4307 -0.104171 
4308 0.409123 
4309 -0.449530 
4310 0.253681 
4311 0.253681 
4312 -0.073619 
4313 -0.073619 
4314 -0.004815 
4315 -0.375757 
4316 0.335675 
4317 0.335675 
4318 0.335675 
4319 0.067348 
4320 0.096978 
4321 0.096978 
4322 0.096978 
4323 -0.023424 
4324 -0.274225 
4325 -0.274225 
4326 0.341747 
4327 -0.215401 
4328 -0.215401 
4329 0.352416 
4330 0.352416 
4331 0.084181 
4332 -0.146620 
4333 0.096978 
4334 -0.375757 
4335 0.199441 
4336 0.199441 
4337 0.341747 
4338 0.341747 
4339 -0.089817 
4340 0.169033 
4341 0.169033 
4342 0.453835 
4343 0.453835 
4344 0.352416 
4345 0.084181 
4346 0.165742 
4347 -0.453572 
4348 0.361650 
4349 0.238036 
4350 -0.331826 
4351 -0.214387 
4352 0.303673 
4353 -0.089817 
4354 -0.089817 
4355 0.348517 
4356 0.352961 
4357 0.453835 
4358 -0.388221 
4359 0.027464 
4360 -0.453572 
4361 -0.084714 
4362 0.387303 
4363 -0.295459 
4364 -0.382424 
4365 0.453786 
4366 0.261372 
4367 -0.423446 
4368 -0.175365 
4369 0.461608 
4370 0.453835 
4371 0.453835 
4372 0.445494 
4373 -0.410198 
4374 -0.375757 
4375 0.332404 
4376 0.127187 
4377 0.127187 
4378 0.408338 
4379 -0.148762 
4380 0.454655 
4381 -0.198346 
4382 0.468697 
4383 0.453835 
4384 0.461608 
4385 0.445494 
4386 -0.410198 
4387 -0.378262 
4388 -0.378262 
4389 0.127187 
4390 0.238686 
4391 0.173865 
4392 -0.148762 
4393 -0.055528 
4394 -0.384518 
4395 0.437199 
4396 -0.369214 
4397 0.127531 
4398 -0.002350 
4399 -0.002350 
4400 0.157688 
4401 0.377039 
4402 0.442421 
4403 0.443971 
4404 0.084478 
4405 0.087280 
4406 -0.365489 
4407 0.067116 
4408 0.494228 
4409 -0.369214 
4410 -0.369214 
4411 0.392922 
4412 0.039026 
4413 0.270728 
4414 0.290531 
4415 0.023875 
4416 0.449488 
4417 -0.382424 
4418 -0.069813 
4419 -0.069813 
4420 -0.277830 
4421 0.303283 
4422 -0.369214 
4423 -0.369214 
4424 -0.354299 
4425 -0.354299 
4426 -0.261141 
4427 0.488176 
4428 -0.168210 
4429 0.238686 
4430 -0.234542 
4431 0.156331 
4432 -0.069813 
4433 0.067116 
4434 0.157688 
4435 0.027464 
4436 0.157688 
4437 -0.321420 
4438 -0.354299 
4439 0.494228 
4440 -0.217863 
4441 -0.411989 
4442 -0.440981 
4443 0.257346 
4444 0.301677 
4445 0.395244 
4446 -0.401240 
4447 -0.491534 
4448 -0.165379 
4449 -0.254044 
4450 -0.321420 
4451 -0.160165 
4452 -0.148937 
4453 -0.160165 
4454 0.391363 
4455 0.377911 
4456 0.272516 
4457 -0.106446 
4458 -0.388534 
4459 0.247910 
4460 0.301923 
4461 -0.165379 
4462 -0.165379 
4463 0.401953 
4464 -0.321420 
4465 -0.160165 
4466 -0.160165 
4467 -0.160165 
4468 -0.417152 
4469 -0.271171 
4470 0.014887 
4471 0.335675 
4472 -0.132086 
4473 -0.132086 
4474 -0.165379 
4475 -0.165379 
4476 -0.406625 
4477 0.401953 
4478 0.401953 
4479 -0.354299 
4480 -0.454655 
4481 -0.417152 
4482 -0.417152 
4483 -0.004815 
4484 0.014887 
4485 -0.200095 
4486 0.335675 
4487 0.335675 
4488 0.188991 
4489 0.136552 
4490 -0.036301 
4491 -0.023424 
4492 -0.277745 
4493 -0.277745 
4494 -0.277745 
4495 0.341747 
4496 0.341747 
4497 0.126926 
4498 -0.146620 
4499 -0.146620 
4500 -0.146620 
4501 0.352416 
4502 0.165742 
4503 0.238036 
4504 -0.487731 
4505 0.493358 
4506 0.493358 
4507 -0.259336 
4508 -0.259336 
4509 -0.078338 
4510 -0.078338 
4511 0.352416 
4512 0.352416 
4513 0.352416 
4514 -0.146620 
4515 0.165742 
4516 0.238036 
4517 -0.084714 
4518 -0.274225 
4519 -0.274225 
4520 -0.277745 
4521 0.303673 
4522 0.261372 
4523 -0.423446 
4524 0.348517 
4525 0.348517 
4526 0.352416 
4527 0.352416 
4528 -0.374172 
4529 0.165742 
4530 -0.084714 
4531 -0.101269 
4532 -0.274225 
4533 -0.274225 
4534 -0.243551 
4535 0.261372 
4536 -0.423446 
4537 -0.384140 
4538 0.040253 
4539 0.352416 
4540 -0.345925 
4541 -0.374172 
4542 0.381710 
4543 -0.068389 
4544 -0.085552 
4545 -0.274225 
4546 -0.274225 
4547 0.445970 
4548 -0.445435 
4549 0.493193 
4550 -0.104171 
4551 -0.022521 
4552 0.040253 
4553 -0.345925 
4554 0.401943 
4555 0.381710 
4556 -0.068389 
4557 -0.068389 
4558 -0.085552 
4559 0.040834 
4560 0.381710 
4561 0.202996 
4562 -0.055528 
4563 -0.410198 
4564 -0.200328 
4565 0.040253 
4566 0.002375 
4567 0.401943 
4568 -0.418866 
4569 0.157688 
4570 0.157688 
4571 0.492397 
4572 -0.483114 
4573 0.388865 
4574 -0.438739 
4575 -0.355765 
4576 0.475747 
4577 -0.454655 
4578 0.102473 
4579 0.113322 
4580 0.157688 
4581 -0.418866 
4582 0.157688 
4583 0.466514 
4584 -0.386702 
4585 0.005387 
4586 0.028184 
4587 0.238036 
4588 -0.069813 
4589 -0.319667 
4590 0.158307 
4591 0.102473 
4592 0.113322 
4593 -0.165379 
4594 0.287346 
4595 -0.261141 
4596 0.350740 
4597 0.466514 
4598 0.384685 
4599 -0.337680 
4600 0.173180 
4601 -0.366813 
4602 0.305315 
4603 0.158307 
4604 -0.193442 
4605 0.158307 
4606 -0.165379 
4607 0.253681 
4608 0.494228 
4609 -0.123227 
4610 0.295552 
4611 -0.440981 
4612 0.136552 
4613 0.328892 
4614 0.384238 
4615 0.125984 
4616 0.125984 
4617 0.362164 
4618 0.158307 
4619 -0.406625 
4620 0.253681 
4621 -0.225915 
4622 -0.352635 
4623 -0.352635 
4624 -0.352635 
4625 0.453835 
4626 0.453835 
4627 -0.373863 
4628 -0.313250 
4629 0.165742 
4630 0.362164 
4631 -0.026494 
4632 -0.406625 
4633 0.204927 
4634 0.253681 
4635 0.300337 
4636 0.300337 
4637 0.018629 
4638 0.057087 
4639 0.328892 
4640 -0.114765 
4641 -0.228213 
4642 -0.193442 
4643 -0.193442 
4644 -0.268100 
4645 -0.406625 
4646 -0.406625 
4647 0.204927 
4648 -0.225915 
4649 -0.073619 
4650 -0.375757 
4651 -0.375757 
4652 -0.375757 
4653 -0.375757 
4654 0.307556 
4655 0.307556 
4656 0.307556 
4657 -0.268100 
4658 -0.218625 
4659 -0.447111 
4660 -0.409716 
4661 0.276130 
4662 0.276130 
4663 0.276130 
4664 0.341747 
4665 0.352416 
4666 0.352416 
4667 0.352416 
4668 0.352416 
4669 0.352416 
4670 0.352416 
4671 -0.375757 
4672 -0.218625 
4673 -0.447111 
4674 -0.447111 
4675 0.493358 
4676 0.493358 
4677 -0.193194 
4678 0.352416 
4679 0.352416 
4680 0.352416 
4681 0.352416 
4682 0.352416 
4683 0.352416 
4684 0.466279 
4685 -0.218625 
4686 -0.447111 
4687 -0.409716 
4688 0.493358 
4689 0.493358 
4690 -0.285913 
4691 -0.193194 
4692 -0.193194 
4693 0.358043 
4694 0.352416 
4695 0.352416 
4696 0.352416 
4697 0.466279 
4698 0.466279 
4699 0.375875 
4700 -0.152574 
4701 -0.023040 
4702 0.493358 
4703 0.422528 
4704 -0.290814 
4705 -0.193194 
4706 -0.073431 
4707 -0.465927 
4708 0.352416 
4709 0.352416 
4710 -0.120462 
4711 0.466279 
4712 -0.153472 
4713 -0.371897 
4714 0.249692 
4715 0.487908 
4716 -0.389009 
4717 0.349514 
4718 0.454655 
4719 -0.489130 
4720 0.098815 
4721 0.352416 
4722 0.352416 
4723 -0.153472 
4724 0.445494 
4725 -0.371897 
4726 -0.371897 
4727 -0.488160 
4728 -0.167457 
4729 -0.265483 
4730 -0.277556 
4731 0.223291 
4732 0.276130 
4733 0.276130 
4734 0.098815 
4735 0.276130 
4736 -0.331826 
4737 0.445494 
4738 0.157688 
4739 0.272516 
4740 0.346262 
4741 0.087280 
4742 -0.465927 
4743 -0.438739 
4744 -0.286304 
4745 0.276130 
4746 0.036253 
4747 0.098815 
4748 0.113322 
4749 -0.331826 
4750 -0.401240 
4751 -0.399815 
4752 -0.388534 
4753 0.287346 
4754 0.005387 
4755 0.028184 
4756 -0.069813 
4757 -0.069813 
4758 -0.319667 
4759 0.036253 
4760 0.036253 
4761 0.113322 
4762 0.021189 
4763 -0.401240 
4764 0.018498 
4765 -0.452391 
4766 -0.399815 
4767 -0.188481 
4768 -0.328750 
4769 -0.276672 
4770 0.177886 
4771 0.149310 
4772 0.125692 
4773 0.381530 
4774 0.158307 
4775 -0.354299 
4776 -0.423446 
4777 0.494228 
4778 -0.123227 
4779 -0.452391 
4780 0.214558 
4781 -0.459781 
4782 0.328892 
4783 0.202705 
4784 -0.405667 
4785 -0.115096 
4786 0.381530 
4787 -0.115096 
4788 -0.354299 
4789 -0.354299 
4790 -0.354299 
4791 -0.452391 
4792 -0.452391 
4793 0.165370 
4794 0.462375 
4795 -0.082186 
4796 -0.331826 
4797 -0.331826 
4798 -0.009481 
4799 0.113322 
4800 -0.254044 
4801 0.409123 
4802 -0.354299 
4803 -0.405667 
4804 -0.454655 
4805 0.167390 
4806 0.167390 
4807 -0.375757 
4808 0.167064 
4809 0.167064 
4810 0.188991 
4811 0.113322 
4812 0.113322 
4813 -0.254044 
4814 -0.406625 
4815 0.409123 
4816 -0.354299 
4817 -0.405667 
4818 -0.454655 
4819 0.167390 
4820 0.167390 
4821 -0.375757 
4822 0.167064 
4823 0.167064 
4824 0.188991 
4825 0.188991 
4826 0.217857 
4827 0.026842 
4828 0.136552 
4829 0.136552 
4830 0.462375 
4831 -0.124665 
4832 -0.124665 
4833 -0.388221 
4834 -0.388221 
4835 -0.114001 
4836 0.337859 
4837 0.337859 
4838 -0.146620 
4839 0.352416 
4840 0.026842 
4841 0.136552 
4842 0.136552 
4843 0.136552 
4844 0.173865 
4845 -0.309007 
4846 0.375276 
4847 -0.439243 
4848 -0.439243 
4849 0.352416 
4850 0.352416 
4851 0.337859 
4852 0.352416 
4853 0.136552 
4854 0.136552 
4855 0.026842 
4856 0.136552 
4857 0.303283 
4858 -0.458454 
4859 -0.285913 
4860 -0.124665 
4861 -0.051040 
4862 0.358043 
4863 0.099822 
4864 0.352416 
4865 0.352416 
4866 -0.153472 
4867 -0.153472 
4868 0.375875 
4869 -0.152574 
4870 -0.023040 
4871 -0.386120 
4872 0.422528 
4873 -0.290814 
4874 0.192307 
4875 -0.073431 
4876 -0.118509 
4877 -0.142499 
4878 0.352416 
4879 -0.153472 
4880 -0.165379 
4881 -0.165379 
4882 -0.354236 
4883 0.249692 
4884 0.173865 
4885 -0.389009 
4886 -0.104360 
4887 0.493193 
4888 -0.489130 
4889 -0.183650 
4890 -0.118509 
4891 -0.142499 
4892 -0.153472 
4893 -0.165379 
4894 0.269276 
4895 0.479239 
4896 -0.488160 
4897 0.040834 
4898 -0.265483 
4899 0.138903 
4900 0.276130 
4901 0.276130 
4902 0.276130 
4903 -0.118509 
4904 -0.142499 
4905 0.018498 
4906 0.384238 
4907 0.272516 
4908 0.272516 
4909 -0.009481 
4910 -0.277830 
4911 -0.447111 
4912 -0.438739 
4913 0.138903 
4914 -0.373602 
4915 -0.074352 
4916 -0.227894 
4917 0.392283 
4918 0.257346 
4919 -0.386905 
4920 -0.386905 
4921 -0.388534 
4922 0.287346 
4923 -0.132086 
4924 0.028184 
4925 0.138903 
4926 -0.189407 
4927 -0.319667 
4928 -0.435771 
4929 -0.227894 
4930 -0.124454 
4931 0.096283 
4932 -0.386905 
4933 0.018498 
4934 0.479064 
4935 0.173746 
4936 0.158788 
4937 -0.328750 
4938 0.012701 
4939 0.304405 
4940 0.149310 
4941 -0.057452 
4942 -0.489130 
4943 0.288474 
4944 0.060068 
4945 0.362164 
4946 0.063600 
4947 -0.423446 
4948 0.301677 
4949 -0.157029 
4950 -0.188444 
4951 0.328892 
4952 -0.453572 
4953 -0.405667 
4954 -0.348347 
4955 -0.489130 
4956 0.288474 
4957 0.060068 
4958 0.362164 
4959 -0.280608 
4960 0.349514 
4961 0.063600 
4962 0.165370 
4963 0.462375 
4964 -0.453572 
4965 -0.453572 
4966 -0.331826 
4967 -0.026494 
4968 -0.057452 
4969 -0.026494 
4970 -0.406625 
4971 0.060068 
4972 0.362164 
4973 0.461608 
4974 0.461608 
4975 -0.055087 
4976 -0.055087 
4977 0.136552 
4978 -0.009481 
4979 -0.009481 
4980 0.307556 
4981 0.307556 
4982 -0.026494 
4983 -0.406625 
4984 -0.406625 
4985 0.060068 
4986 -0.454655 
4987 -0.454655 
4988 -0.049505 
4989 -0.375757 
4990 -0.375757 
4991 0.307556 
4992 0.307556 
4993 0.307556 
4994 0.307556 
4995 0.217857 
4996 0.026842 
4997 -0.409716 
4998 -0.409716 
4999 0.276130 
5000 0.276130 
5001 0.276130 
5002 -0.124665 
5003 -0.120462 
5004 -0.120462 
5005 0.352416 
5006 0.352416 
5007 0.352416 
5008 0.352416 
5009 0.136552 
5010 0.136552 
5011 0.136552 
5012 0.127531 
5013 0.497195 
5014 0.497195 
5015 -0.388221 
5016 0.192307 
5017 0.192307 
5018 -0.071846 
5019 -0.071846 
5020 0.352416 
5021 0.352416 
5022 0.136552 
5023 0.136552 
5024 -0.399815 
5025 0.136552 
5026 -0.366704 
5027 0.388865 
5028 -0.285913 
5029 0.453835 
5030 -0.320299 
5031 0.358043 
5032 0.099822 
5033 -0.071846 
5034 0.352416 
5035 -0.153472 
5036 -0.153472 
5037 0.375875 
5038 -0.152574 
5039 0.497195 
5040 -0.386120 
5041 0.422528 
5042 -0.290814 
5043 0.192307 
5044 -0.073431 
5045 0.276130 
5046 -0.071846 
5047 -0.278094 
5048 -0.153472 
5049 -0.153472 
5050 -0.153472 
5051 -0.483114 
5052 0.249692 
5053 0.497195 
5054 -0.389009 
5055 0.276130 
5056 0.454655 
5057 -0.489130 
5058 0.276130 
5059 0.276130 
5060 -0.278094 
5061 -0.153472 
5062 -0.153472 
5063 -0.153472 
5064 0.479239 
5065 -0.488160 
5066 -0.079104 
5067 -0.265483 
5068 0.454655 
5069 0.276130 
5070 0.276130 
5071 0.276130 
5072 0.276130 
5073 -0.278094 
5074 0.257346 
5075 -0.153472 
5076 -0.153472 
5077 0.272516 
5078 -0.009481 
5079 -0.277830 
5080 -0.465927 
5081 0.443971 
5082 -0.286304 
5083 0.276130 
5084 -0.074352 
5085 -0.232750 
5086 0.276130 
5087 0.257346 
5088 -0.002350 
5089 -0.029120 
5090 -0.388534 
5091 0.287346 
5092 -0.428317 
5093 0.076716 
5094 -0.382032 
5095 0.287346 
5096 -0.153472 
5097 0.288474 
5098 0.276130 
5099 -0.232750 
5100 0.257346 
5101 -0.002350 
5102 0.290128 
5103 0.479064 
5104 0.148367 
5105 0.148367 
5106 -0.328750 
5107 -0.331826 
5108 0.177886 
5109 0.149310 
5110 0.125692 
5111 0.276130 
5112 0.288474 
5113 -0.280608 
5114 0.303673 
5115 -0.423446 
5116 -0.423446 
5117 0.301677 
5118 -0.157029 
5119 -0.459781 
5120 -0.280608 
5121 0.202705 
5122 -0.405667 
5123 -0.348347 
5124 0.288474 
5125 0.288474 
5126 -0.280608 
5127 0.303673 
5128 -0.354299 
5129 -0.423446 
5130 -0.454655 
5131 -0.085552 
5132 0.462375 
5133 -0.428317 
5134 -0.331826 
5135 -0.331826 
5136 0.188991 
5137 0.158307 
5138 0.021189 
5139 0.060068 
5140 0.060068 
5141 0.303673 
5142 0.012403 
5143 0.012403 
5144 -0.454655 
5145 -0.284924 
5146 0.307556 
5147 0.307556 
5148 0.217857 
5149 0.158307 
5150 0.158307 
5151 0.021189 
5152 0.409123 
5153 0.060068 
5154 0.060068 
5155 0.012403 
5156 0.012403 
5157 -0.454655 
5158 -0.454655 
5159 -0.284924 
5160 0.307556 
5161 0.307556 
5162 0.217857 
5163 0.217857 
5164 0.217857 
5165 -0.413478 
5166 -0.413478 
5167 -0.409716 
5168 0.276130 
5169 0.276130 
5170 0.276130 
5171 0.276130 
5172 0.276130 
5173 -0.320299 
5174 -0.320299 
5175 -0.071846 
5176 0.352416 
5177 0.352416 
5178 -0.413478 
5179 0.136552 
5180 -0.399815 
5181 0.127531 
5182 -0.366704 
5183 0.466279 
5184 0.388865 
5185 0.192307 
5186 -0.320299 
5187 -0.071846 
5188 -0.071846 
5189 -0.278094 
5190 0.352416 
5191 -0.413478 
5192 -0.399815 
5193 -0.399815 
5194 -0.366704 
5195 -0.366704 
5196 0.388865 
5197 0.388865 
5198 0.388865 
5199 -0.320299 
5200 0.276130 
5201 -0.071846 
5202 -0.071846 
5203 -0.278094 
5204 -0.153472 
5205 -0.153472 
5206 -0.399815 
5207 0.272516 
5208 -0.366704 
5209 0.487908 
5210 0.388865 
5211 0.276130 
5212 0.276130 
5213 0.276130 
5214 0.276130 
5215 -0.278094 
5216 -0.278094 
5217 -0.153472 
5218 -0.153472 
5219 -0.467164 
5220 0.272516 
5221 0.249692 
5222 -0.467164 
5223 0.276130 
5224 0.276130 
5225 0.276130 
5226 0.276130 
5227 -0.278094 
5228 -0.278094 
5229 -0.278094 
5230 -0.153472 
5231 -0.153472 
5232 0.272516 
5233 0.272516 
5234 -0.467164 
5235 -0.467164 
5236 -0.467164 
5237 0.276130 
5238 -0.286304 
5239 0.276130 
5240 0.276130 
5241 -0.278094 
5242 0.276130 
5243 -0.337680 
5244 -0.153472 
5245 -0.153472 
5246 0.272516 
5247 -0.467164 
5248 -0.467164 
5249 -0.465927 
5250 0.443971 
5251 -0.286304 
5252 -0.153472 
5253 0.276130 
5254 -0.232750 
5255 0.276130 
5256 -0.002350 
5257 -0.002350 
5258 0.290128 
5259 -0.388534 
5260 0.479064 
5261 -0.428317 
5262 0.443971 
5263 0.443971 
5264 -0.153472 
5265 -0.153472 
5266 -0.232750 
5267 -0.232750 
5268 -0.232750 
5269 0.257346 
5270 0.290128 
5271 0.290128 
5272 0.479064 
5273 0.479064 
5274 0.479064 
5275 0.021189 
5276 0.443971 
5277 0.177886 
5278 -0.153472 
5279 0.125692 
5280 -0.232750 
5281 0.288474 
5282 0.257346 
5283 0.303673 
5284 0.290128 
5285 -0.423446 
5286 0.479064 
5287 -0.157029 
5288 0.021189 
5289 0.021189 
5290 0.177886 
5291 0.217857 
5292 0.125692 
5293 0.021189 
5294 0.288474 
5295 0.303673 
5296 0.303673 
5297 0.479064 
5298 0.012403 
5299 0.479064 
5300 -0.157029 
5301 0.462375 
5302 0.021189 
5303 0.021189 
5304 0.217857 
5305 0.021189 
5306 0.021189 
5307 0.021189 
5308 0.409123 
5309 0.060068 
5310 0.012403 
5311 0.012403 
5312 0.012403 
5313 -0.454655 
5314 -0.284924 
5315 0.021189 
5316 0.307556 
5317 0.217857 
5318 0.158307 
5319 0.021189 
5320 0.021189 
5321 0.409123 
5322 0.060068 
5323 0.060068 
5324 0.012403 
5325 -0.454655 
5326 -0.454655 
5327 -0.454655 
5328 -0.284924 
5329 0.307556 
5330 0.307556 
5331 0.217857 
5332 0.217857 
5333 0.021189 
5334 0.466279 
5335 0.466279 
5336 0.466279 
5337 0.466279 
5338 0.276130 
5339 0.465959 
5340 0.276130 
5341 0.192307 
5342 -0.354236 
5343 -0.071846 
5344 -0.278094 
5345 -0.278094 
5346 -0.278094 
5347 0.466279 
5348 0.136552 
5349 0.466279 
5350 0.127531 
5351 0.284981 
5352 0.466279 
5353 0.192307 
5354 0.192307 
5355 -0.071846 
5356 -0.071846 
5357 -0.278094 
5358 -0.278094 
5359 -0.278094 
5360 -0.467164 
5361 -0.467164 
5362 -0.399815 
5363 0.466279 
5364 -0.366704 
5365 0.466279 
5366 0.276130 
5367 0.276130 
5368 0.276130 
5369 0.276130 
5370 0.276130 
5371 -0.278094 
5372 -0.278094 
5373 -0.467164 
5374 -0.467164 
5375 -0.467164 
5376 -0.467164 
5377 -0.467164 
5378 0.487908 
5379 0.276130 
5380 0.276130 
5381 0.276130 
5382 0.276130 
5383 0.276130 
5384 0.276130 
5385 -0.278094 
5386 -0.467164 
5387 -0.467164 
5388 -0.467164 
5389 -0.467164 
5390 -0.467164 
5391 0.487908 
5392 0.276130 
5393 0.276130 
5394 0.276130 
5395 0.276130 
5396 0.276130 
5397 0.276130 
5398 0.276130 
5399 -0.423446 
5400 -0.467164 
5401 -0.467164 
5402 -0.467164 
5403 -0.467164 
5404 -0.467164 
5405 0.487908 
5406 0.276130 
5407 0.276130 
5408 0.276130 
5409 0.276130 
5410 0.276130 
5411 0.276130 
5412 -0.423446 
5413 -0.423446 
5414 -0.467164 
5415 -0.467164 
5416 -0.467164 
5417 -0.467164 
5418 0.021189 
5419 0.021189 
5420 0.021189 
5421 0.021189 
5422 0.021189 
5423 0.276130 
5424 0.276130 
5425 -0.423446 
5426 -0.423446 
5427 -0.423446 
5428 -0.467164 
5429 -0.467164 
5430 0.021189 
5431 0.021189 
5432 0.021189 
5433 0.021189 
5434 0.021189 
5435 0.021189 
5436 0.021189 
5437 0.276130 
5438 -0.423446 
5439 -0.423446 
5440 -0.423446 
5441 -0.467164 
5442 -0.467164 
5443 0.021189 
5444 0.021189 
5445 0.021189 
5446 0.021189 
5447 0.021189 
5448 0.021189 
5449 0.021189 
5450 0.021189 
5451 0.257346 
5452 -0.423446 
5453 -0.423446 
5454 -0.423446 
5455 -0.467164 
5456 -0.467164 
5457 0.021189 
5458 0.021189 
5459 0.021189 
5460 0.021189 
5461 0.021189 
5462 0.021189 
5463 0.021189 
5464 0.173746 
5465 0.060068 
5466 0.479064 
5467 0.479064 
5468 0.479064 
5469 0.462375 
5470 0.462375 
5471 0.021189 
5472 0.021189 
5473 0.021189 
5474 0.021189 
5475 0.021189 
5476 0.021189 
5477 0.060068 
5478 0.060068 
5479 0.060068 
5480 0.012403 
5481 0.479064 
5482 0.158788 
5483 0.462375 
5484 0.021189 
5485 0.021189 
5486 0.021189 
5487 0.021189 
5488 0.021189 
5489 0.021189 
5490 0.409123 
5491 0.060068 
5492 0.060068 
5493 0.173746 
5494 0.173746 
5495 -0.454655 
5496 0.158788 
5497 0.021189 
5498 0.021189 
5499 0.021189 
5500 0.021189 
5501 0.021189 
5502 0.021189 
5503 0.034985 
5504 0.034985 
5505 0.034985 
5506 0.034985 
5507 0.466279 
5508 0.466279 
5509 0.466279 
5510 0.341662 
5511 0.466279 
5512 0.466279 
5513 0.466279 
5514 0.466279 
5515 -0.354236 
5516 -0.354236 
5517 -0.354236 
5518 -0.354236 
5519 -0.354236 
5520 -0.354236 
5521 0.214558 
5522 0.214558 
5523 0.214558 
5524 0.214558 
5525 0.214558 
5526 0.214558 
5527 0.214558 
5528 0.214558 
5529 0.466279 
5530 0.466279 
5531 0.466279 
5532 0.466279 
5533 0.466279 
5534 0.466279 
5535 0.466279 
5536 0.466279 
5537 0.466279 
5538 0.466279 
5539 0.466279 
5540 0.466279 
5541 0.466279 
5542 0.466279 
5543 0.466279 
5544 0.466279 
5545 0.466279 
5546 -0.354236 
5547 0.276130 
5548 0.276130 
5549 -0.354236 
5550 0.276130 
5551 0.276130 
5552 -0.354236 
5553 0.276130 
5554 0.276130 
5555 -0.354236 
5556 0.276130 
5557 0.276130 
5558 -0.278094 
5559 -0.354236 
5560 -0.354236 
5561 -0.278094 
5562 -0.354236 
5563 -0.354236 
5564 0.214558 
5565 0.214558 
5566 0.466279 
5567 0.466279 
5568 0.466279 
5569 0.466279 
5570 0.466279 
5571 0.466279 
5572 -0.467164 
5573 -0.467164 
5574 0.466279 
5575 -0.467164 
5576 -0.467164 
5577 0.466279 
5578 0.466279 
5579 0.466279 
5580 0.466279 
5581 0.466279 
5582 0.466279 
5583 0.466279 
5584 0.276130 
5585 0.276130 
5586 0.276130 
5587 0.276130 
5588 0.276130 
5589 0.276130 
5590 0.276130 
5591 0.276130 
5592 -0.354236 
5593 0.276130 
5594 0.276130 
5595 -0.354236 
5596 -0.354236 
5597 -0.354236 
5598 -0.278094 
5599 -0.354236 
5600 -0.354236 
5601 -0.354236 
5602 -0.354236 
5603 -0.467164 
5604 -0.467164 
5605 -0.467164 
5606 -0.467164 
5607 -0.467164 
5608 -0.467164 
5609 -0.467164 
5610 -0.467164 
5611 -0.467164 
5612 -0.467164 
5613 -0.467164 
5614 0.466279 
5615 0.466279 
5616 0.466279 
5617 0.466279 
5618 0.487908 
5619 0.466279 
5620 0.466279 
5621 0.276130 
5622 0.276130 
5623 0.276130 
5624 0.276130 
5625 0.276130 
5626 0.276130 
5627 0.276130 
5628 0.276130 
5629 0.276130 
5630 0.276130 
5631 0.276130 
5632 0.276130 
5633 0.276130 
5634 0.276130 
5635 -0.278094 
5636 -0.354236 
5637 -0.354236 
5638 -0.354236 
5639 -0.354236 
5640 -0.467164 
5641 -0.467164 
5642 -0.467164 
5643 -0.467164 
5644 -0.467164 
5645 -0.467164 
5646 -0.467164 
5647 -0.467164 
5648 -0.467164 
5649 -0.467164 
5650 -0.467164 
5651 -0.467164 
5652 -0.467164 
5653 -0.467164 
5654 -0.467164 
5655 0.487908 
5656 0.487908 
5657 0.487908 
5658 0.276130 
5659 0.276130 
5660 0.276130 
5661 0.276130 
5662 0.276130 
5663 0.276130 
5664 0.276130 
5665 0.276130 
5666 0.276130 
5667 0.276130 
5668 0.276130 
5669 0.276130 
5670 0.276130 
5671 0.276130 
5672 0.276130 
5673 0.276130 
5674 0.276130 
5675 0.276130 
5676 0.276130 
5677 -0.423446 
5678 -0.423446 
5679 -0.467164 
5680 -0.467164 
5681 -0.467164 
5682 -0.467164 
5683 -0.467164 
5684 -0.467164 
5685 -0.467164 
5686 -0.467164 
5687 -0.467164 
5688 -0.467164 
5689 -0.467164 
5690 -0.467164 
5691 -0.467164 
5692 0.487908 
5693 0.487908 
5694 0.487908 
5695 0.487908 
5696 0.487908 
5697 0.487908 
5698 0.276130 
5699 0.276130 
5700 0.276130 
5701 0.276130 
5702 0.276130 
5703 0.276130 
5704 0.276130 
5705 0.276130 
5706 0.276130 
5707 0.276130 
5708 0.276130 
5709 0.276130 
5710 0.276130 
5711 0.276130 
5712 0.276130 
5713 0.276130 
5714 -0.423446 
5715 -0.423446 
5716 -0.423446 
5717 -0.423446 
5718 -0.423446 
5719 -0.467164 
5720 -0.467164 
5721 -0.467164 
5722 -0.467164 
5723 -0.467164 
5724 -0.467164 
5725 -0.467164 
5726 -0.467164 
5727 -0.467164 
5728 -0.467164 
5729 -0.467164 
5730 -0.467164 
5731 0.021189 
5732 0.021189 
5733 0.021189 
5734 0.021189 
5735 0.021189 
5736 0.021189 
5737 0.021189 
5738 0.021189 
5739 0.021189 
5740 0.276130 
5741 0.021189 
5742 0.021189 
5743 0.276130 
5744 0.021189 
5745 0.021189 
5746 0.276130 
5747 0.276130 
5748 0.276130 
5749 0.276130 
5750 0.276130 
5751 -0.423446 
5752 -0.423446 
5753 -0.423446 
5754 -0.423446 
5755 -0.423446 
5756 -0.423446 
5757 -0.423446 
5758 -0.423446 
5759 -0.467164 
5760 -0.467164 
5761 -0.467164 
5762 -0.467164 
5763 -0.467164 
5764 -0.467164 
5765 -0.467164 
5766 0.021189 
5767 0.021189 
5768 -0.467164 
5769 0.021189 
5770 0.021189 
5771 0.021189 
5772 0.021189 
5773 0.021189 
5774 0.021189 
5775 0.021189 
5776 0.021189 
5777 0.021189 
5778 0.021189 
5779 0.021189 
5780 0.021189 
5781 0.021189 
5782 0.021189 
5783 0.276130 
5784 0.021189 
5785 0.021189 
5786 0.276130 
5787 0.276130 
5788 -0.423446 
5789 -0.423446 
5790 -0.423446 
5791 -0.423446 
5792 -0.423446 
5793 -0.423446 
5794 -0.423446 
5795 -0.423446 
5796 -0.423446 
5797 -0.467164 
5798 -0.467164 
5799 -0.467164 
5800 -0.467164 
5801 -0.467164 
5802 -0.467164 
5803 0.021189 
5804 0.021189 
5805 0.021189 
5806 0.021189 
5807 0.021189 
5808 0.021189 
5809 0.021189 
5810 0.021189 
5811 0.021189 
5812 0.021189 
5813 0.021189 
5814 0.021189 
5815 0.021189 
5816 0.021189 
5817 0.021189 
5818 0.021189 
5819 0.021189 
5820 0.021189 
5821 0.021189 
5822 0.021189 
5823 0.276130 
5824 0.276130 
5825 0.173746 
5826 0.173746 
5827 0.173746 
5828 -0.423446 
5829 -0.423446 
5830 -0.423446 
5831 -0.423446 
5832 -0.423446 
5833 -0.423446 
5834 -0.423446 
5835 -0.423446 
5836 -0.423446 
5837 -0.467164 
5838 -0.467164 
5839 0.158788 
5840 -0.467164 
5841 -0.467164 
5842 0.021189 
5843 0.021189 
5844 0.021189 
5845 0.021189 
5846 0.021189 
5847 0.021189 
5848 0.021189 
5849 0.021189 
5850 0.021189 
5851 0.021189 
5852 0.021189 
5853 0.021189 
5854 0.021189 
5855 0.021189 
5856 0.021189 
5857 0.021189 
5858 0.021189 
5859 0.021189 
5860 0.021189 
5861 0.021189 
5862 0.173746 
5863 0.173746 
5864 0.173746 
5865 0.173746 
5866 0.173746 
5867 0.173746 
5868 0.158788 
5869 0.158788 
5870 0.479064 
5871 0.158788 
5872 0.158788 
5873 0.479064 
5874 0.158788 
5875 0.158788 
5876 0.158788 
5877 0.158788 
5878 0.158788 
5879 0.158788 
5880 0.021189 
5881 0.021189 
5882 0.021189 
5883 0.021189 
5884 0.021189 
5885 0.021189 
5886 0.021189 
5887 0.021189 
5888 0.021189 
5889 0.021189 
5890 0.021189 
5891 0.021189 
5892 0.021189 
5893 0.021189 
5894 0.021189 
5895 0.021189 
5896 0.021189 
5897 0.021189 
5898 0.021189 
5899 0.173746 
5900 0.173746 
5901 0.173746 
5902 0.173746 
5903 0.173746 
5904 0.173746 
5905 0.173746 
5906 0.173746 
5907 0.479064 
5908 0.158788 
5909 0.158788 
5910 0.479064 
5911 0.158788 
5912 0.158788 
5913 0.158788 
5914 0.158788 
5915 0.158788 
5916 0.158788 
5917 0.158788 
5918 0.158788 
5919 0.021189 
5920 0.021189 
5921 0.021189 
5922 0.021189 
5923 0.021189 
5924 0.021189 
5925 0.021189 
5926 0.021189 
5927 0.021189 
5928 0.021189 
5929 0.021189 
5930 0.021189 
5931 0.021189 
5932 0.021189 
5933 0.021189 
5934 0.021189 
5935 0.021189 
5936 0.173746 
5937 0.173746 
5938 0.173746 
5939 0.173746 
5940 0.173746 
5941 0.173746 
5942 0.173746 
5943 0.173746 
5944 0.158788 
5945 0.158788 
5946 0.158788 
5947 0.158788 
5948 0.158788 
5949 0.158788 
5950 0.158788 
5951 0.158788 
5952 0.158788 
5953 0.158788 
5954 0.021189 
5955 0.021189 
5956 0.021189 
5957 0.021189 
5958 0.021189 
5959 0.021189 
5960 0.021189 
5961 0.021189 
