1446 1
0 0.480078 
1 0.103780 
2 -0.312330 
3 -0.489926 
4 -0.266439 
5 0.451685 
6 0.011781 
7 0.162976 
8 -0.078116 
9 -0.456609 
10 -0.136814 
11 -0.377202 
12 0.142240 
13 0.451685 
14 0.103780 
15 -0.290356 
16 -0.461499 
17 0.211889 
18 0.321092 
19 -0.456609 
20 -0.290078 
21 -0.484248 
22 -0.456609 
23 0.157271 
24 -0.377202 
25 0.282449 
26 0.361224 
27 0.333414 
28 0.243052 
29 0.047790 
30 0.033337 
31 -0.075721 
32 0.243052 
33 0.067641 
34 -0.114993 
35 -0.007850 
36 -0.244087 
37 0.243052 
38 0.216329 
39 0.403617 
40 0.150479 
41 0.103780 
42 0.103780 
43 0.464423 
44 0.156037 
45 -0.074155 
46 -0.108663 
47 -0.339926 
48 0.216329 
49 -0.223590 
50 0.038400 
51 0.216329 
52 -0.123600 
53 -0.434857 
54 -0.329030 
55 -0.079193 
56 0.451685 
57 0.156037 
58 0.038400 
59 -0.244087 
60 -0.185806 
61 0.174516 
62 -0.233771 
63 0.243052 
64 -0.461499 
65 0.033337 
66 -0.108663 
67 -0.024954 
68 0.038400 
69 -0.461499 
70 0.351122 
71 0.213070 
72 0.361224 
73 -0.345757 
74 -0.462251 
75 -0.079193 
76 -0.462251 
77 -0.377202 
78 0.363917 
79 0.213070 
80 -0.244087 
81 -0.236585 
82 -0.264172 
83 -0.462251 
84 -0.057027 
85 -0.079193 
86 -0.462251 
87 0.067641 
88 0.347515 
89 -0.290078 
90 0.480078 
91 0.216329 
92 -0.312330 
93 0.156037 
94 0.361224 
95 -0.312330 
96 -0.290078 
97 -0.077788 
98 0.140820 
99 0.213070 
100 0.190480 
101 -0.114993 
102 -0.471860 
103 -0.007850 
104 -0.198033 
105 0.169845 
106 -0.266439 
107 0.043251 
108 0.422239 
109 -0.244087 
110 -0.439194 
111 -0.024954 
112 0.213070 
113 -0.345757 
114 -0.205357 
115 0.222089 
116 -0.488319 
117 -0.108663 
118 0.355287 
119 -0.033830 
120 -0.162184 
121 -0.312330 
122 0.361224 
123 0.276418 
124 -0.108663 
125 0.161424 
126 -0.261864 
127 0.347515 
128 0.174516 
129 -0.404032 
130 -0.456609 
131 0.164043 
132 0.013293 
133 0.484332 
134 0.283617 
135 -0.488319 
136 -0.339926 
137 0.033337 
138 0.443048 
139 -0.108663 
140 -0.236585 
141 -0.345757 
142 0.150479 
143 -0.461499 
144 0.033337 
145 -0.233771 
146 0.343134 
147 0.333414 
148 0.161424 
149 -0.117576 
150 0.355680 
151 0.161424 
152 -0.437649 
153 -0.223590 
154 0.140820 
155 0.033337 
156 0.480078 
157 -0.312330 
158 -0.162184 
159 -0.228732 
160 0.333414 
161 0.451685 
162 -0.126950 
163 0.347515 
164 0.484332 
165 0.321092 
166 0.459141 
167 -0.208983 
168 -0.478467 
169 0.351122 
170 0.162976 
171 -0.047412 
172 0.213070 
173 -0.024954 
174 0.222089 
175 0.150479 
176 -0.114993 
177 0.133163 
178 -0.377202 
179 0.351122 
180 -0.377202 
181 -0.233771 
182 0.011781 
183 -0.114993 
184 0.190480 
185 -0.185806 
186 0.351122 
187 0.161424 
188 0.333414 
189 0.480078 
190 0.109688 
191 -0.290078 
192 -0.488319 
193 0.190480 
194 0.164941 
195 0.447691 
196 -0.417661 
197 -0.289144 
198 -0.205357 
199 0.392817 
200 -0.339926 
201 -0.478959 
202 -0.108540 
203 0.222089 
204 -0.166793 
205 0.162976 
206 0.103107 
207 -0.081448 
208 0.173434 
209 -0.312944 
210 0.011781 
211 -0.435439 
212 -0.320648 
213 -0.458313 
214 -0.114993 
215 0.032186 
216 0.458881 
217 0.333414 
218 -0.123600 
219 -0.208983 
220 -0.345498 
221 -0.024954 
222 0.103107 
223 0.457827 
224 -0.104976 
225 0.043251 
226 -0.261864 
227 -0.033830 
228 0.347696 
229 -0.205357 
230 -0.339926 
231 0.162976 
232 -0.126950 
233 -0.126950 
234 0.243052 
235 -0.074295 
236 0.074330 
237 -0.079193 
238 0.420662 
239 -0.126950 
240 0.333414 
241 0.047790 
242 -0.227244 
243 -0.033830 
244 0.174516 
245 0.011781 
246 0.307169 
247 -0.162184 
248 0.080745 
249 0.198779 
250 -0.036089 
251 0.069784 
252 -0.126950 
253 -0.033830 
254 -0.233771 
255 0.222089 
256 0.451685 
257 -0.079193 
258 0.438602 
259 -0.110547 
260 0.425500 
261 0.103107 
262 0.033579 
263 -0.036089 
264 -0.173916 
265 0.462370 
266 0.498136 
267 0.103780 
268 -0.339926 
269 -0.339926 
270 0.347696 
271 0.321092 
272 0.355680 
273 0.173434 
274 -0.401499 
275 0.190480 
276 -0.195661 
277 -0.036089 
278 -0.078116 
279 -0.166793 
280 -0.261864 
281 -0.401717 
282 0.438602 
283 -0.478959 
284 0.278045 
285 0.462370 
286 -0.244087 
287 -0.001476 
288 -0.208983 
289 -0.081448 
290 -0.223590 
291 -0.166793 
292 0.103780 
293 0.135527 
294 -0.478959 
295 -0.233771 
296 -0.123600 
297 -0.478467 
298 -0.123600 
299 0.319870 
300 -0.471860 
301 0.498136 
302 -0.236585 
303 0.439442 
304 -0.104976 
305 0.069784 
306 0.493595 
307 -0.290078 
308 0.109688 
309 -0.401499 
310 0.164043 
311 0.173434 
312 0.211889 
313 -0.033830 
314 -0.074295 
315 -0.471860 
316 0.135527 
317 -0.081448 
318 -0.236585 
319 -0.456609 
320 -0.245582 
321 -0.081448 
322 0.079248 
323 -0.104976 
324 -0.373475 
325 -0.285396 
326 -0.484248 
327 0.109688 
328 -0.274615 
329 -0.114993 
330 -0.245582 
331 0.457827 
332 -0.176754 
333 0.278045 
334 -0.434857 
335 0.480078 
336 0.079248 
337 0.045782 
338 -0.289144 
339 0.060959 
340 -0.074155 
341 0.011986 
342 0.298231 
343 0.224986 
344 0.011781 
345 -0.329030 
346 0.047790 
347 -0.261864 
348 -0.236585 
349 -0.074295 
350 0.079248 
351 -0.079193 
352 0.267015 
353 -0.329030 
354 -0.007100 
355 -0.200866 
356 -0.377202 
357 0.472809 
358 0.190480 
359 0.047790 
360 0.443048 
361 0.462370 
362 0.109688 
363 -0.329030 
364 -0.114993 
365 0.440220 
366 -0.110547 
367 -0.036089 
368 -0.244087 
369 0.472077 
370 -0.462251 
371 0.472077 
372 0.305760 
373 0.459141 
374 -0.198033 
375 0.289770 
376 0.062324 
377 -0.074155 
378 -0.458313 
379 0.305760 
380 -0.245582 
381 0.033579 
382 -0.456609 
383 0.198779 
384 -0.320648 
385 0.154986 
386 -0.458313 
387 0.069784 
388 -0.265297 
389 0.074330 
390 0.060959 
391 0.150479 
392 0.283617 
393 0.109688 
394 -0.289144 
395 0.425500 
396 -0.071211 
397 -0.282068 
398 -0.143861 
399 0.386404 
400 0.016883 
401 0.457827 
402 -0.265297 
403 -0.012888 
404 -0.097946 
405 0.425500 
406 -0.289144 
407 0.198779 
408 -0.126950 
409 0.289770 
410 0.032186 
411 -0.200866 
412 0.080745 
413 0.355680 
414 0.283617 
415 0.472809 
416 0.451178 
417 0.060959 
418 0.461178 
419 0.216329 
420 0.347515 
421 0.355287 
422 -0.245582 
423 -0.208983 
424 0.472809 
425 0.146837 
426 -0.379261 
427 -0.176754 
428 -0.379261 
429 -0.401717 
430 0.288647 
431 -0.143861 
432 -0.007850 
433 0.362090 
434 0.454643 
435 -0.240296 
436 -0.312330 
437 0.484332 
438 0.443048 
439 -0.379261 
440 0.060183 
441 0.154986 
442 0.060183 
443 -0.071211 
444 0.361224 
445 0.033337 
446 0.305760 
447 -0.071211 
448 -0.205357 
449 -0.176754 
450 0.216329 
451 -0.208983 
452 0.396537 
453 0.060183 
454 -0.379261 
455 0.355287 
456 -0.401717 
457 0.271019 
458 -0.176754 
459 -0.266439 
460 0.011176 
461 0.355287 
462 -0.195661 
463 -0.497031 
464 -0.458313 
465 0.043251 
466 -0.320648 
467 0.278045 
468 0.080745 
469 0.120507 
470 -0.290356 
471 -0.274615 
472 -0.106390 
473 -0.143861 
474 -0.484248 
475 -0.019124 
476 0.359448 
477 -0.097946 
478 -0.265297 
479 0.213070 
480 0.333414 
481 0.074330 
482 0.011986 
483 0.396537 
484 0.140820 
485 0.213953 
486 0.290747 
487 0.480078 
488 0.062324 
489 0.095582 
490 -0.461499 
491 -0.117576 
492 -0.106390 
493 -0.465581 
494 -0.478959 
495 -0.159450 
496 0.449760 
497 0.060183 
498 -0.087842 
499 -0.159450 
500 -0.097946 
501 0.359448 
502 -0.106928 
503 -0.036089 
504 -0.345498 
505 0.472331 
506 -0.379261 
507 -0.261864 
508 0.459141 
509 0.033337 
510 0.472077 
511 -0.001476 
512 0.080745 
513 0.161424 
514 -0.471860 
515 -0.057027 
516 -0.266439 
517 0.172376 
518 0.169845 
519 0.457212 
520 -0.074155 
521 0.457827 
522 0.109387 
523 -0.001476 
524 0.362090 
525 -0.382093 
526 0.457212 
527 -0.185806 
528 -0.290356 
529 0.444585 
530 -0.185806 
531 -0.240296 
532 0.142240 
533 0.142240 
534 -0.497031 
535 -0.285396 
536 -0.074155 
537 -0.465581 
538 0.164941 
539 -0.198033 
540 0.283617 
541 -0.404032 
542 -0.159450 
543 -0.139675 
544 -0.233771 
545 0.462370 
546 0.343134 
547 0.283617 
548 0.190480 
549 0.060959 
550 0.135527 
551 0.451178 
552 0.120507 
553 0.484332 
554 -0.465581 
555 -0.055250 
556 -0.290078 
557 -0.344763 
558 -0.195661 
559 0.451178 
560 -0.320648 
561 -0.340414 
562 0.142240 
563 0.150479 
564 0.438602 
565 0.109688 
566 -0.007850 
567 0.011781 
568 -0.224966 
569 0.162976 
570 0.226801 
571 0.190480 
572 0.439442 
573 -0.057027 
574 -0.084307 
575 -0.244087 
576 -0.228732 
577 0.271019 
578 -0.434857 
579 -0.253825 
580 -0.274615 
581 -0.282068 
582 0.011176 
583 -0.106390 
584 -0.007100 
585 -0.274615 
586 -0.075721 
587 0.109688 
588 0.355680 
589 -0.198033 
590 -0.435439 
591 -0.110547 
592 -0.036089 
593 -0.019124 
594 0.438602 
595 -0.404032 
596 0.451178 
597 0.060959 
598 -0.185806 
599 0.062324 
600 0.444585 
601 -0.079193 
602 -0.131452 
603 0.462633 
604 -0.106928 
605 -0.141223 
606 0.142240 
607 0.422239 
608 0.045782 
609 0.011986 
610 -0.228732 
611 -0.126950 
612 0.060959 
613 0.146837 
614 0.359448 
615 0.222089 
616 -0.199830 
617 0.362090 
618 0.038400 
619 -0.478467 
620 -0.320977 
621 0.386534 
622 -0.110547 
623 -0.131452 
624 0.451178 
625 0.386534 
626 -0.159450 
627 -0.166793 
628 -0.435439 
629 -0.375204 
630 -0.224966 
631 0.452888 
632 0.271019 
633 0.224986 
634 -0.033830 
635 0.174516 
636 -0.382093 
637 -0.185806 
638 0.324671 
639 -0.240296 
640 -0.290356 
641 -0.435439 
642 -0.019124 
643 0.164043 
644 0.270472 
645 -0.407676 
646 -0.071211 
647 0.156037 
648 -0.285396 
649 0.452888 
650 -0.465581 
651 0.472809 
652 -0.471860 
653 0.386404 
654 -0.435439 
655 -0.108663 
656 0.425500 
657 -0.345757 
658 0.290747 
659 0.321092 
660 0.033337 
661 -0.036089 
662 0.032186 
663 0.454643 
664 -0.166793 
665 -0.166793 
666 -0.497031 
667 0.150479 
668 -0.224966 
669 -0.162184 
670 -0.131452 
671 0.156037 
672 -0.199830 
673 0.106621 
674 0.359448 
675 0.347515 
676 0.461178 
677 -0.382093 
678 0.361224 
679 0.386534 
680 -0.166793 
681 0.282449 
682 0.438602 
683 -0.434857 
684 -0.433235 
685 0.451178 
686 0.386534 
687 0.267015 
688 0.290747 
689 -0.352652 
690 0.472077 
691 0.109688 
692 0.438602 
693 0.449760 
694 -0.339926 
695 -0.497031 
696 -0.223590 
697 -0.123600 
698 -0.199830 
699 0.154986 
700 -0.478959 
701 0.282449 
702 0.351122 
703 -0.136814 
704 -0.106928 
705 0.043251 
706 -0.019124 
707 0.461178 
708 -0.087842 
709 -0.233771 
710 0.109688 
711 0.392817 
712 -0.228732 
713 -0.382093 
714 -0.143861 
715 0.364368 
716 -0.098022 
717 -0.224966 
718 0.457212 
719 0.290747 
720 -0.310160 
721 0.452888 
722 -0.285396 
723 -0.173916 
724 -0.404032 
725 -0.290078 
726 0.161424 
727 0.458881 
728 0.011986 
729 -0.310160 
730 0.011986 
731 0.120507 
732 0.164896 
733 -0.285396 
734 -0.404032 
735 0.271019 
736 0.449760 
737 -0.199830 
738 -0.433235 
739 0.347696 
740 -0.404032 
741 0.169845 
742 0.109387 
743 0.457212 
744 -0.131452 
745 -0.110547 
746 0.135527 
747 0.148762 
748 0.303279 
749 0.347696 
750 0.106621 
751 0.364368 
752 0.120507 
753 -0.401717 
754 -0.471860 
755 0.386404 
756 0.461178 
757 0.282449 
758 -0.079193 
759 0.267015 
760 -0.229354 
761 0.062324 
762 -0.114993 
763 -0.106390 
764 0.267015 
765 0.386404 
766 -0.079935 
767 0.243052 
768 0.079248 
769 0.109387 
770 0.224986 
771 0.106621 
772 0.288647 
773 0.161424 
774 0.386534 
775 0.403617 
776 -0.162184 
777 0.290747 
778 -0.497031 
779 -0.223590 
780 -0.433235 
781 -0.012888 
782 0.146837 
783 0.422239 
784 0.364368 
785 -0.488319 
786 -0.001476 
787 0.267015 
788 -0.399703 
789 -0.345757 
790 0.458881 
791 0.347696 
792 0.452888 
793 0.396537 
794 -0.313473 
795 0.067641 
796 0.106621 
797 0.060959 
798 0.033337 
799 0.172376 
800 0.142240 
801 0.047790 
802 -0.434857 
803 -0.123600 
804 0.493595 
805 0.315294 
806 -0.223590 
807 -0.461499 
808 -0.461499 
809 -0.123600 
810 0.452888 
811 0.033337 
812 -0.110547 
813 -0.024954 
814 -0.497031 
815 -0.290078 
816 -0.377202 
817 -0.373475 
818 0.033579 
819 -0.375204 
820 -0.373475 
821 -0.173916 
822 0.396537 
823 -0.375204 
824 -0.417661 
825 0.271019 
826 0.484332 
827 0.472331 
828 0.172376 
829 0.222089 
830 -0.139675 
831 0.422239 
832 -0.266439 
833 0.363917 
834 0.060183 
835 0.222089 
836 0.033579 
837 0.011986 
838 -0.266439 
839 -0.377202 
840 -0.173916 
841 0.174516 
842 -0.079935 
843 -0.289144 
844 0.451178 
845 0.458881 
846 -0.036089 
847 0.038400 
848 -0.199830 
849 -0.312944 
850 -0.176754 
851 -0.352652 
852 0.137195 
853 0.451685 
854 -0.075721 
855 0.307169 
856 0.011781 
857 0.033579 
858 -0.373475 
859 -0.456609 
860 -0.320977 
861 -0.131452 
862 0.095582 
863 0.451685 
864 0.392817 
865 -0.344763 
866 0.154986 
867 0.162976 
868 0.137195 
869 0.135527 
870 0.224986 
871 0.396537 
872 -0.265297 
873 0.273897 
874 0.154986 
875 0.224986 
876 -0.104976 
877 0.361224 
878 -0.198033 
879 0.361224 
880 0.298231 
881 -0.108663 
882 0.417906 
883 0.282449 
884 0.146837 
885 -0.399703 
886 -0.001476 
887 -0.329030 
888 0.273897 
889 -0.033830 
890 -0.079193 
891 0.120507 
892 -0.236585 
893 -0.497031 
894 -0.290078 
895 -0.173916 
896 -0.465581 
897 -0.106928 
898 -0.106928 
899 0.060959 
900 0.443048 
901 0.103107 
902 0.333414 
903 -0.104976 
904 0.164896 
905 0.271019 
906 0.109688 
907 0.109688 
908 0.109387 
909 0.459141 
910 0.459141 
911 -0.289144 
912 0.451685 
913 -0.198033 
914 0.351122 
915 -0.240296 
916 0.069784 
917 -0.312944 
918 -0.313473 
919 0.321092 
920 -0.289144 
921 0.095582 
922 0.016883 
923 0.216329 
924 0.472331 
925 0.396537 
926 -0.312944 
927 0.267015 
928 0.443048 
929 0.484332 
930 0.484332 
931 0.392817 
932 0.109688 
933 -0.136814 
934 -0.352652 
935 0.157271 
936 0.067641 
937 -0.233771 
938 0.156037 
939 0.361224 
940 -0.071211 
941 -0.224966 
942 0.480078 
943 0.222089 
944 -0.110547 
945 -0.407676 
946 0.243052 
947 0.067641 
948 -0.312944 
949 0.135527 
950 -0.075721 
951 -0.448387 
952 0.164941 
953 0.451685 
954 -0.033830 
955 0.457827 
956 -0.233771 
957 -0.117576 
958 0.288647 
959 0.362090 
960 -0.340414 
961 -0.075721 
962 -0.352652 
963 0.305760 
964 0.484332 
965 0.109387 
966 0.243052 
967 -0.075721 
968 -0.433235 
969 -0.399703 
970 -0.312330 
971 -0.079935 
972 0.156037 
973 -0.345757 
974 0.451685 
975 -0.407676 
976 -0.071211 
977 0.343134 
978 -0.074155 
979 -0.313473 
980 0.472077 
981 0.403617 
982 -0.377202 
983 -0.289144 
984 -0.123600 
985 -0.313473 
986 -0.077788 
987 0.043251 
988 0.154986 
989 0.361224 
990 0.328249 
991 0.135527 
992 -0.136814 
993 -0.097946 
994 0.351122 
995 0.328249 
996 0.017248 
997 -0.377202 
998 -0.233771 
999 0.449760 
1000 -0.007850 
1001 0.472331 
1002 0.351122 
1003 0.164941 
1004 -0.461499 
1005 0.156037 
1006 0.359448 
1007 -0.377202 
1008 0.343134 
1009 -0.117576 
1010 0.038400 
1011 -0.079935 
1012 0.493595 
1013 0.444585 
1014 0.451685 
1015 0.162976 
1016 0.120507 
1017 0.135527 
1018 0.438602 
1019 0.273897 
1020 0.060183 
1021 -0.228732 
1022 -0.208983 
1023 0.444585 
1024 -0.320648 
1025 -0.478959 
1026 -0.478959 
1027 0.449760 
1028 0.347515 
1029 -0.345757 
1030 0.164941 
1031 0.172376 
1032 0.172376 
1033 0.462633 
1034 -0.108663 
1035 -0.208983 
1036 -0.290078 
1037 -0.345757 
1038 -0.339926 
1039 0.289770 
1040 -0.001476 
1041 0.161424 
1042 -0.439194 
1043 0.355287 
1044 -0.084307 
1045 -0.195661 
1046 0.392817 
1047 0.396537 
1048 0.321092 
1049 0.315294 
1050 0.273897 
1051 -0.117576 
1052 -0.136814 
1053 0.307169 
1054 0.157271 
1055 0.222089 
1056 0.173434 
1057 0.347515 
1058 0.361224 
1059 -0.434857 
1060 -0.345757 
1061 -0.488319 
1062 0.321092 
1063 -0.007850 
1064 0.493595 
1065 -0.057108 
1066 0.146837 
1067 -0.399703 
1068 0.361224 
1069 -0.345757 
1070 0.452888 
1071 -0.407676 
1072 0.443048 
1073 0.106621 
1074 -0.375204 
1075 -0.055250 
1076 -0.079935 
1077 0.213070 
1078 -0.382093 
1079 0.288647 
1080 0.444585 
1081 0.038400 
1082 0.347515 
1083 -0.478959 
1084 -0.352652 
1085 0.047790 
1086 0.216329 
1087 0.451178 
1088 0.307169 
1089 -0.344763 
1090 0.303279 
1091 -0.290078 
1092 -0.233771 
1093 -0.067493 
1094 0.459141 
1095 -0.199830 
1096 -0.240296 
1097 0.447691 
1098 -0.478959 
1099 0.095582 
1100 -0.079193 
1101 0.282449 
1102 -0.208983 
1103 -0.001476 
1104 -0.012888 
1105 -0.141223 
1106 -0.176754 
1107 0.142240 
1108 -0.497031 
1109 0.307169 
1110 0.103107 
1111 0.273897 
1112 0.173434 
1113 0.243052 
1114 0.447691 
1115 0.033337 
1116 0.161424 
1117 0.451178 
1118 0.103107 
1119 0.288647 
1120 0.493595 
1121 0.351122 
1122 0.154986 
1123 0.060183 
1124 0.290747 
1125 -0.433235 
1126 -0.261864 
1127 -0.233771 
1128 0.164941 
1129 0.457212 
1130 -0.313473 
1131 -0.478959 
1132 -0.456609 
1133 0.392817 
1134 0.137195 
1135 -0.047412 
1136 -0.195661 
1137 0.148762 
1138 0.347515 
1139 -0.019124 
1140 0.164043 
1141 -0.007850 
1142 -0.461499 
1143 0.472331 
1144 -0.195661 
1145 0.033337 
1146 -0.312330 
1147 0.142240 
1148 -0.019124 
1149 0.278045 
1150 -0.290078 
1151 0.451685 
1152 0.425500 
1153 -0.461499 
1154 0.198779 
1155 0.103107 
1156 0.333414 
1157 0.162976 
1158 -0.195661 
1159 -0.290078 
1160 0.328249 
1161 0.351122 
1162 -0.055250 
1163 -0.195661 
1164 0.347515 
1165 0.137195 
1166 0.069784 
1167 0.480078 
1168 -0.240296 
1169 0.289770 
1170 -0.373475 
1171 -0.488319 
1172 0.464423 
1173 0.047790 
1174 -0.375204 
1175 -0.379261 
1176 0.038400 
1177 -0.456609 
1178 0.156037 
1179 0.157271 
1180 0.447691 
1181 0.417906 
1182 0.103107 
1183 0.347696 
1184 0.270472 
1185 -0.266439 
1186 -0.007850 
1187 0.347515 
1188 -0.057027 
1189 -0.377202 
1190 -0.057027 
1191 0.451685 
1192 -0.488319 
1193 -0.233771 
1194 -0.312330 
1195 0.109688 
1196 -0.345757 
1197 0.038400 
1198 0.062324 
1199 -0.079193 
1200 -0.195661 
1201 0.137195 
1202 -0.399703 
1203 0.157271 
1204 -0.233771 
1205 -0.462251 
1206 -0.074295 
1207 0.484332 
1208 -0.461499 
1209 -0.227244 
1210 0.267015 
1211 0.303279 
1212 0.148762 
1213 -0.456609 
1214 0.303279 
1215 -0.195661 
1216 0.062324 
1217 0.038400 
1218 0.033337 
1219 0.103780 
1220 -0.489926 
1221 0.282449 
1222 0.120507 
1223 -0.208983 
1224 -0.488319 
1225 -0.489926 
1226 0.364368 
1227 0.243052 
1228 -0.489926 
1229 -0.055250 
1230 0.321092 
1231 -0.407676 
1232 -0.055250 
1233 0.226801 
1234 0.303279 
1235 -0.208983 
1236 0.351122 
1237 0.013293 
1238 0.457827 
1239 0.464423 
1240 0.038400 
1241 0.343134 
1242 0.011781 
1243 -0.143861 
1244 -0.244087 
1245 -0.462251 
1246 0.439442 
1247 -0.434857 
1248 0.103780 
1249 0.069784 
1250 -0.007850 
1251 0.133163 
1252 -0.001476 
1253 0.033337 
1254 -0.462251 
1255 -0.261864 
1256 0.282449 
1257 -0.497031 
1258 0.142240 
1259 -0.488319 
1260 -0.266439 
1261 0.060959 
1262 -0.123600 
1263 0.156037 
1264 0.333414 
1265 -0.227244 
1266 -0.079193 
1267 0.047790 
1268 0.164043 
1269 -0.001476 
1270 -0.208983 
1271 0.270472 
1272 -0.489926 
1273 0.290747 
1274 -0.352652 
1275 0.282449 
1276 0.222089 
1277 0.457827 
1278 0.333414 
1279 0.278045 
1280 -0.497031 
1281 -0.253825 
1282 -0.139675 
1283 0.120507 
1284 -0.320977 
1285 -0.143861 
1286 -0.176754 
1287 0.425500 
1288 0.069784 
1289 0.480078 
1290 -0.399703 
1291 -0.224966 
1292 0.422239 
1293 0.319870 
1294 0.095582 
1295 -0.227244 
1296 0.216329 
1297 0.226801 
1298 0.328249 
1299 0.480078 
1300 -0.139675 
1301 -0.448387 
1302 0.156037 
1303 -0.123600 
1304 0.364368 
1305 -0.057108 
1306 -0.077788 
1307 0.013293 
1308 0.298231 
1309 -0.110547 
1310 -0.320977 
1311 0.213070 
1312 0.243052 
1313 -0.312330 
1314 0.472077 
1315 -0.448387 
1316 0.074330 
1317 0.017248 
1318 -0.289144 
1319 0.109387 
1320 -0.012888 
1321 -0.081448 
1322 0.017248 
1323 -0.233771 
1324 0.103780 
1325 0.243052 
1326 0.324671 
1327 0.033337 
1328 -0.290356 
1329 -0.098022 
1330 0.060183 
1331 0.216329 
1332 -0.104976 
1333 -0.077788 
1334 0.213070 
1335 -0.264172 
1336 -0.320648 
1337 0.363917 
1338 0.109688 
1339 0.276418 
1340 0.216329 
1341 0.464423 
1342 -0.253825 
1343 0.103780 
1344 0.420662 
1345 0.359448 
1346 0.347515 
1347 0.422239 
1348 0.289770 
1349 -0.087842 
1350 -0.081448 
1351 0.213070 
1352 -0.448387 
1353 0.243052 
1354 0.457827 
1355 -0.478467 
1356 -0.081448 
1357 0.386534 
1358 -0.227244 
1359 0.038400 
1360 0.386534 
1361 0.013293 
1362 0.319870 
1363 -0.312330 
1364 0.440220 
1365 -0.320977 
1366 0.457827 
1367 -0.434857 
1368 -0.329030 
1369 -0.166793 
1370 0.103780 
1371 -0.077788 
1372 -0.079193 
1373 0.386534 
1374 0.213070 
1375 0.213953 
1376 -0.236585 
1377 -0.057027 
1378 0.351122 
1379 0.458881 
1380 -0.312330 
1381 0.462370 
1382 0.154986 
1383 0.333414 
1384 -0.233771 
1385 -0.071211 
1386 -0.478467 
1387 -0.136814 
1388 0.480078 
1389 0.148762 
1390 0.043251 
1391 -0.104976 
1392 -0.312330 
1393 -0.141223 
1394 -0.108540 
1395 0.190480 
1396 -0.126950 
1397 0.461178 
1398 -0.236585 
1399 0.213070 
1400 0.484332 
1401 -0.290078 
1402 0.461178 
1403 -0.233771 
1404 0.438602 
1405 -0.417661 
1406 0.283617 
1407 0.190480 
1408 -0.067493 
1409 -0.223590 
1410 0.164043 
1411 0.361224 
1412 -0.266439 
1413 0.454643 
1414 -0.081448 
1415 -0.377202 
1416 0.174516 
1417 -0.253825 
1418 0.351122 
1419 -0.139675 
1420 -0.071211 
1421 -0.448387 
1422 0.190480 
1423 -0.456609 
1424 -0.143861 
1425 -0.162184 
1426 0.472077 
1427 0.146837 
1428 0.283617 
1429 -0.229354 
1430 0.060183 
1431 -0.312944 
1432 0.480078 
1433 0.321092 
1434 -0.435439 
1435 -0.437649 
1436 0.328249 
1437 0.120507 
1438 0.278045 
1439 0.359448 
1440 0.146837 
1441 0.190480 
1442 0.451685 
1443 0.067641 
1444 0.069784 
1445 -0.223590 
