1446 1
0 0.418834 
1 0.214716 
2 -0.375527 
3 0.111545 
4 0.360043 
5 0.397592 
6 -0.215185 
7 -0.107837 
8 0.287120 
9 -0.106024 
10 -0.128800 
11 -0.315720 
12 0.201598 
13 0.397592 
14 0.214716 
15 0.214770 
16 -0.040149 
17 -0.289101 
18 -0.484561 
19 -0.106024 
20 0.472576 
21 -0.216887 
22 -0.106024 
23 -0.445636 
24 -0.315720 
25 -0.417554 
26 -0.083265 
27 0.412865 
28 0.464430 
29 0.256873 
30 -0.234699 
31 0.139271 
32 0.464430 
33 -0.068364 
34 -0.317043 
35 0.266938 
36 0.094315 
37 -0.381966 
38 -0.239090 
39 -0.314470 
40 0.244667 
41 0.214716 
42 0.214716 
43 0.107638 
44 0.463893 
45 -0.040257 
46 -0.052547 
47 -0.309940 
48 -0.239090 
49 -0.020162 
50 -0.462180 
51 -0.239090 
52 0.187592 
53 -0.216730 
54 0.100201 
55 -0.215023 
56 0.397592 
57 0.463893 
58 -0.462180 
59 0.064033 
60 0.363350 
61 -0.484561 
62 0.341007 
63 0.464430 
64 -0.040149 
65 -0.234699 
66 0.096959 
67 -0.074099 
68 -0.462180 
69 -0.040149 
70 -0.021598 
71 0.323029 
72 0.007497 
73 -0.446483 
74 -0.187197 
75 -0.215023 
76 -0.231889 
77 -0.315720 
78 0.002598 
79 0.323029 
80 0.064033 
81 -0.231889 
82 -0.381966 
83 -0.187197 
84 -0.363236 
85 -0.215023 
86 -0.187197 
87 -0.039198 
88 -0.156770 
89 0.472576 
90 0.418834 
91 -0.239090 
92 0.012664 
93 0.463893 
94 0.007497 
95 0.012664 
96 0.472576 
97 0.100201 
98 0.378542 
99 0.225161 
100 -0.113394 
101 -0.080948 
102 0.420012 
103 -0.442257 
104 0.412865 
105 0.378542 
106 -0.377040 
107 0.078686 
108 -0.393228 
109 0.064033 
110 0.455799 
111 -0.074099 
112 0.047095 
113 -0.446483 
114 0.199447 
115 -0.394107 
116 -0.052547 
117 0.096959 
118 -0.391516 
119 0.327524 
120 0.111545 
121 0.012664 
122 0.007497 
123 0.341437 
124 -0.052547 
125 -0.214603 
126 0.449772 
127 -0.156770 
128 -0.484561 
129 -0.068364 
130 0.144584 
131 0.157279 
132 -0.442257 
133 0.078686 
134 0.078686 
135 0.456015 
136 0.498361 
137 0.481693 
138 -0.266252 
139 0.096959 
140 -0.078641 
141 -0.446483 
142 0.117810 
143 0.032075 
144 -0.234699 
145 0.341007 
146 0.107638 
147 -0.411346 
148 -0.183688 
149 -0.039198 
150 -0.403838 
151 -0.214603 
152 -0.208555 
153 -0.329870 
154 -0.305100 
155 -0.034660 
156 -0.231889 
157 0.012664 
158 -0.334518 
159 0.081551 
160 -0.220317 
161 0.456015 
162 -0.311638 
163 -0.156770 
164 0.473689 
165 -0.484561 
166 -0.243717 
167 -0.291179 
168 0.074845 
169 0.490167 
170 -0.149203 
171 0.303159 
172 0.323029 
173 -0.074099 
174 -0.394107 
175 0.313678 
176 0.203379 
177 -0.036297 
178 0.147565 
179 -0.021598 
180 0.333414 
181 0.341007 
182 -0.215185 
183 0.203379 
184 -0.113394 
185 0.185733 
186 -0.021598 
187 -0.214603 
188 -0.220317 
189 0.418834 
190 0.448825 
191 0.472576 
192 0.078686 
193 -0.113394 
194 0.014445 
195 -0.309940 
196 -0.094675 
197 -0.484561 
198 0.199447 
199 -0.009293 
200 0.498361 
201 0.473689 
202 -0.407903 
203 -0.394107 
204 -0.196366 
205 -0.149203 
206 0.162275 
207 0.262098 
208 0.047590 
209 0.244667 
210 -0.183688 
211 0.489821 
212 0.489821 
213 -0.256645 
214 0.203379 
215 -0.358988 
216 0.356844 
217 -0.220317 
218 0.187592 
219 -0.291179 
220 0.356702 
221 -0.074099 
222 0.162275 
223 0.327524 
224 0.036335 
225 0.333414 
226 -0.445636 
227 0.327524 
228 -0.056282 
229 0.199447 
230 0.373083 
231 -0.149203 
232 -0.311638 
233 0.322059 
234 -0.263363 
235 -0.484900 
236 -0.495220 
237 -0.475725 
238 0.408960 
239 0.322059 
240 0.481319 
241 0.256873 
242 0.463252 
243 -0.334518 
244 -0.484561 
245 -0.215185 
246 -0.342397 
247 0.275993 
248 0.117140 
249 -0.039366 
250 0.449772 
251 -0.259417 
252 0.322059 
253 0.327524 
254 0.142944 
255 0.202641 
256 0.397592 
257 0.420012 
258 0.107638 
259 0.100201 
260 -0.052547 
261 0.162275 
262 0.298102 
263 -0.187197 
264 0.360043 
265 -0.314470 
266 -0.403838 
267 -0.407903 
268 0.498361 
269 0.498361 
270 0.447289 
271 -0.311638 
272 -0.403838 
273 -0.259417 
274 -0.299345 
275 -0.113394 
276 0.473689 
277 0.363783 
278 -0.220865 
279 -0.417554 
280 -0.445636 
281 -0.347760 
282 0.117810 
283 -0.457438 
284 0.298431 
285 -0.314470 
286 0.094315 
287 0.390883 
288 -0.291179 
289 0.262098 
290 0.132901 
291 -0.262673 
292 0.278814 
293 0.395177 
294 0.473689 
295 0.341007 
296 -0.341640 
297 0.074845 
298 0.187592 
299 -0.484900 
300 0.271720 
301 -0.395120 
302 0.157279 
303 0.334143 
304 0.036335 
305 -0.259417 
306 -0.381966 
307 0.059642 
308 0.448825 
309 0.388974 
310 0.481528 
311 0.047590 
312 -0.289101 
313 0.327524 
314 -0.484900 
315 -0.342397 
316 0.343854 
317 0.262098 
318 0.473689 
319 0.119440 
320 -0.287052 
321 0.262098 
322 0.049040 
323 0.036335 
324 -0.220865 
325 0.050543 
326 0.334422 
327 0.448825 
328 -0.299345 
329 0.203379 
330 -0.287052 
331 0.091741 
332 0.298431 
333 0.298431 
334 0.290618 
335 0.418834 
336 0.049040 
337 0.131603 
338 -0.484561 
339 0.099586 
340 0.103330 
341 -0.202402 
342 0.305352 
343 -0.356439 
344 -0.215185 
345 0.100201 
346 0.256873 
347 -0.445636 
348 -0.216730 
349 -0.484900 
350 0.049040 
351 -0.215023 
352 0.081551 
353 0.100201 
354 -0.085924 
355 0.395177 
356 0.038743 
357 0.226353 
358 -0.460608 
359 0.256873 
360 0.226353 
361 -0.314470 
362 0.271720 
363 0.100201 
364 -0.331735 
365 0.049040 
366 -0.476137 
367 0.142944 
368 0.094315 
369 -0.044522 
370 -0.187197 
371 -0.011529 
372 -0.480159 
373 0.119440 
374 -0.284383 
375 0.498097 
376 0.336601 
377 0.111545 
378 -0.256645 
379 -0.480159 
380 -0.287052 
381 -0.202402 
382 0.383329 
383 -0.039366 
384 -0.334518 
385 -0.442997 
386 -0.256645 
387 -0.259417 
388 0.334143 
389 0.087902 
390 0.075769 
391 -0.356439 
392 0.119440 
393 0.373083 
394 -0.036517 
395 0.157279 
396 -0.083265 
397 0.334422 
398 0.370275 
399 0.488240 
400 -0.034661 
401 0.256140 
402 0.334143 
403 0.002598 
404 0.181928 
405 -0.403838 
406 0.290618 
407 -0.039366 
408 -0.242695 
409 0.343854 
410 0.271720 
411 -0.079429 
412 0.117140 
413 -0.403838 
414 -0.457438 
415 0.226353 
416 0.078686 
417 0.095533 
418 -0.007594 
419 -0.228785 
420 -0.229770 
421 -0.078641 
422 -0.287052 
423 -0.495856 
424 0.226353 
425 0.456015 
426 -0.034956 
427 -0.063286 
428 0.020421 
429 -0.347760 
430 -0.442997 
431 0.370275 
432 0.266938 
433 -0.229020 
434 0.423797 
435 -0.007594 
436 0.123833 
437 0.075533 
438 -0.354445 
439 -0.414753 
440 0.406957 
441 0.117140 
442 0.406957 
443 0.111545 
444 -0.083265 
445 -0.457246 
446 -0.480159 
447 -0.403838 
448 0.199447 
449 0.111545 
450 -0.020162 
451 -0.291179 
452 0.288806 
453 -0.083265 
454 -0.457438 
455 -0.078641 
456 -0.347760 
457 0.378542 
458 -0.334518 
459 -0.242695 
460 -0.229020 
461 0.121650 
462 0.473689 
463 -0.263363 
464 -0.256645 
465 -0.229770 
466 0.356844 
467 0.298431 
468 0.117140 
469 0.201598 
470 -0.065291 
471 -0.299345 
472 0.341437 
473 0.370275 
474 0.455799 
475 -0.055848 
476 -0.272488 
477 0.181928 
478 0.078686 
479 0.142944 
480 0.181956 
481 -0.034661 
482 -0.497828 
483 0.420012 
484 -0.266252 
485 0.329232 
486 -0.159500 
487 -0.331735 
488 0.029803 
489 -0.317052 
490 -0.040149 
491 -0.255125 
492 0.341437 
493 0.363783 
494 -0.052547 
495 0.287120 
496 -0.304940 
497 0.406957 
498 0.139841 
499 0.078686 
500 0.181928 
501 -0.314470 
502 -0.478961 
503 0.343854 
504 0.383329 
505 0.350545 
506 0.366327 
507 -0.445636 
508 0.124342 
509 -0.234699 
510 0.252756 
511 -0.036517 
512 0.117140 
513 0.356702 
514 0.107638 
515 0.287120 
516 0.334143 
517 0.322059 
518 0.226353 
519 -0.457438 
520 0.356844 
521 0.095533 
522 -0.024589 
523 0.390883 
524 -0.229020 
525 0.356844 
526 -0.334518 
527 -0.036517 
528 0.336601 
529 0.388974 
530 0.336601 
531 0.327524 
532 -0.090685 
533 0.327524 
534 0.107638 
535 -0.035263 
536 -0.052250 
537 -0.414753 
538 0.107638 
539 -0.052250 
540 -0.457438 
541 -0.164441 
542 0.287120 
543 0.117140 
544 -0.065291 
545 -0.314470 
546 0.107638 
547 -0.472057 
548 -0.431844 
549 -0.334518 
550 -0.216887 
551 0.288800 
552 -0.063286 
553 0.075533 
554 -0.266252 
555 -0.407903 
556 -0.435557 
557 0.181928 
558 0.117810 
559 0.078686 
560 0.356844 
561 0.212603 
562 0.119440 
563 0.420012 
564 -0.403838 
565 0.448825 
566 -0.157191 
567 0.449772 
568 -0.412556 
569 -0.426105 
570 -0.495856 
571 0.124342 
572 0.269267 
573 -0.363236 
574 -0.347760 
575 0.064033 
576 0.269267 
577 -0.085924 
578 0.266938 
579 -0.457246 
580 -0.299345 
581 0.354140 
582 -0.288694 
583 0.341437 
584 0.162274 
585 -0.299345 
586 -0.258636 
587 0.131603 
588 -0.403838 
589 0.256140 
590 0.075533 
591 0.100201 
592 -0.412556 
593 0.278814 
594 0.266938 
595 0.240623 
596 -0.157191 
597 0.256140 
598 0.094523 
599 0.117810 
600 0.030622 
601 0.059642 
602 0.157279 
603 -0.260572 
604 0.096959 
605 0.199447 
606 0.278814 
607 0.202641 
608 -0.199051 
609 -0.036517 
610 0.119440 
611 0.322059 
612 0.066714 
613 -0.407903 
614 -0.229770 
615 0.086955 
616 0.199447 
617 -0.229020 
618 -0.462180 
619 0.481528 
620 -0.187197 
621 -0.412556 
622 0.383329 
623 0.331748 
624 -0.063286 
625 0.249773 
626 0.287120 
627 0.340858 
628 0.177135 
629 0.290618 
630 -0.412556 
631 0.278814 
632 0.481528 
633 -0.263363 
634 -0.334518 
635 -0.407903 
636 0.185733 
637 -0.472057 
638 -0.263889 
639 -0.052250 
640 0.356844 
641 -0.266252 
642 -0.044522 
643 -0.256479 
644 0.383329 
645 -0.440794 
646 -0.035263 
647 -0.228785 
648 0.269267 
649 0.418225 
650 0.288800 
651 0.226353 
652 0.185733 
653 0.138650 
654 0.456015 
655 -0.035263 
656 0.173790 
657 0.187839 
658 0.157279 
659 -0.484561 
660 0.327524 
661 0.139058 
662 -0.377040 
663 0.212603 
664 -0.263363 
665 0.114402 
666 -0.412556 
667 -0.061052 
668 -0.412556 
669 0.327524 
670 0.079548 
671 0.463893 
672 0.262098 
673 -0.497828 
674 0.185733 
675 0.407827 
676 -0.480159 
677 0.107638 
678 0.007497 
679 -0.412556 
680 -0.061052 
681 0.234186 
682 0.287120 
683 0.096959 
684 0.096959 
685 0.091741 
686 -0.157191 
687 0.091741 
688 -0.440794 
689 0.266938 
690 0.327524 
691 0.399554 
692 0.249773 
693 -0.191522 
694 0.240623 
695 0.370275 
696 0.383329 
697 0.481693 
698 -0.256479 
699 0.383329 
700 -0.035263 
701 0.287120 
702 0.436784 
703 -0.320368 
704 -0.036297 
705 0.313678 
706 -0.435557 
707 -0.192105 
708 0.229942 
709 0.105930 
710 0.436784 
711 0.329232 
712 -0.472057 
713 0.173790 
714 -0.061052 
715 0.390883 
716 -0.450122 
717 0.064033 
718 -0.243717 
719 0.094523 
720 0.139271 
721 -0.457438 
722 0.075769 
723 0.162274 
724 -0.322524 
725 0.252756 
726 -0.426105 
727 0.181956 
728 0.181956 
729 0.030622 
730 0.094315 
731 0.406957 
732 0.050543 
733 0.111545 
734 -0.457438 
735 0.234186 
736 -0.256479 
737 0.186451 
738 0.313678 
739 0.111545 
740 0.288800 
741 0.028730 
742 -0.007594 
743 0.262098 
744 -0.192105 
745 0.064033 
746 -0.083265 
747 -0.480159 
748 0.162275 
749 -0.231889 
750 0.327524 
751 0.288800 
752 -0.256479 
753 -0.347760 
754 0.340858 
755 -0.208555 
756 0.489821 
757 0.075769 
758 0.020421 
759 0.094523 
760 -0.463254 
761 0.287120 
762 0.366327 
763 0.341437 
764 -0.192105 
765 0.333414 
766 0.356844 
767 0.464430 
768 0.049040 
769 0.142944 
770 -0.166789 
771 0.290618 
772 -0.061052 
773 -0.498653 
774 0.366327 
775 -0.314470 
776 -0.001711 
777 -0.498653 
778 -0.283576 
779 0.363350 
780 0.340858 
781 -0.305100 
782 0.262098 
783 0.266938 
784 0.157279 
785 -0.317052 
786 0.390883 
787 -0.299345 
788 -0.495220 
789 -0.044522 
790 0.234186 
791 0.290618 
792 -0.263363 
793 -0.256479 
794 0.199584 
795 -0.231889 
796 -0.381966 
797 -0.289101 
798 0.162275 
799 -0.034660 
800 0.287120 
801 0.481319 
802 -0.258636 
803 0.187592 
804 0.107638 
805 -0.354445 
806 0.075533 
807 0.114402 
808 0.340858 
809 -0.173983 
810 -0.074099 
811 0.456015 
812 0.266938 
813 0.313678 
814 -0.157191 
815 0.252756 
816 -0.322524 
817 -0.286438 
818 0.020421 
819 -0.229770 
820 0.064033 
821 -0.231889 
822 0.144584 
823 0.201598 
824 0.370275 
825 0.249773 
826 0.300541 
827 0.343854 
828 -0.034660 
829 -0.411346 
830 0.354140 
831 -0.036517 
832 0.075533 
833 0.498097 
834 -0.036517 
835 -0.006656 
836 -0.289101 
837 0.313678 
838 0.079548 
839 -0.472057 
840 0.144584 
841 -0.192105 
842 0.363350 
843 -0.286438 
844 -0.256479 
845 0.290618 
846 -0.309940 
847 0.418225 
848 -0.304912 
849 0.094315 
850 0.121650 
851 -0.476137 
852 0.081635 
853 0.249773 
854 0.214770 
855 -0.001711 
856 0.322752 
857 -0.498653 
858 -0.498653 
859 -0.106024 
860 0.144584 
861 0.139058 
862 0.305352 
863 0.249773 
864 -0.034660 
865 -0.191522 
866 -0.063286 
867 0.185733 
868 0.111545 
869 -0.395120 
870 0.079548 
871 0.343854 
872 0.334143 
873 0.138650 
874 -0.229770 
875 -0.263363 
876 0.079548 
877 0.094315 
878 0.334143 
879 0.418225 
880 -0.256645 
881 0.096959 
882 0.047590 
883 0.249773 
884 0.029803 
885 -0.061052 
886 0.075533 
887 0.366327 
888 0.138650 
889 -0.242695 
890 -0.094675 
891 0.201598 
892 -0.078641 
893 -0.196366 
894 -0.052547 
895 -0.289101 
896 -0.381966 
897 0.094315 
898 -0.407903 
899 0.094315 
900 0.075769 
901 0.185733 
902 -0.220317 
903 0.036335 
904 0.014445 
905 -0.450122 
906 0.112953 
907 -0.065291 
908 0.081635 
909 -0.304912 
910 -0.035263 
911 -0.052547 
912 0.121650 
913 0.114402 
914 0.117810 
915 0.366327 
916 -0.498653 
917 0.094315 
918 -0.304912 
919 0.047590 
920 0.336601 
921 -0.381966 
922 -0.056282 
923 -0.476137 
924 -0.044522 
925 0.081635 
926 -0.216730 
927 -0.006656 
928 0.162275 
929 0.074845 
930 0.047590 
931 0.144584 
932 -0.311638 
933 0.144584 
934 0.363350 
935 -0.199051 
936 0.094315 
937 -0.065291 
938 0.147565 
939 0.407827 
940 -0.035263 
941 -0.192105 
942 0.139841 
943 -0.341640 
944 0.100201 
945 -0.258636 
946 0.187839 
947 0.288800 
948 -0.034956 
949 0.064033 
950 -0.035263 
951 -0.034660 
952 0.181956 
953 -0.417554 
954 0.366327 
955 -0.487158 
956 0.032075 
957 0.181956 
958 -0.052547 
959 -0.229020 
960 -0.011529 
961 0.363350 
962 0.412865 
963 -0.480159 
964 0.075533 
965 -0.094675 
966 -0.311638 
967 -0.090685 
968 -0.220865 
969 0.075769 
970 0.144584 
971 0.081635 
972 0.225161 
973 -0.475725 
974 0.105930 
975 0.081635 
976 -0.035263 
977 -0.034660 
978 0.303159 
979 0.201598 
980 -0.329870 
981 0.229942 
982 0.087902 
983 -0.065291 
984 -0.052547 
985 -0.242695 
986 0.305352 
987 -0.229020 
988 -0.044522 
989 0.432035 
990 0.322752 
991 -0.375527 
992 -0.435557 
993 0.181928 
994 0.249773 
995 -0.231889 
996 -0.287052 
997 0.199447 
998 0.121650 
999 -0.286438 
1000 -0.476137 
1001 -0.476137 
1002 -0.052250 
1003 0.300541 
1004 0.114402 
1005 0.495319 
1006 0.121650 
1007 -0.304912 
1008 0.111545 
1009 -0.242695 
1010 -0.495220 
1011 0.363350 
1012 -0.074099 
1013 -0.495220 
1014 -0.476137 
1015 0.276871 
1016 -0.283576 
1017 0.028730 
1018 0.117810 
1019 0.074845 
1020 -0.472057 
1021 0.288800 
1022 0.038743 
1023 -0.065291 
1024 0.363350 
1025 -0.457438 
1026 -0.442257 
1027 -0.242695 
1028 -0.266252 
1029 0.162275 
1030 -0.255125 
1031 0.201598 
1032 0.262098 
1033 -0.166789 
1034 -0.009293 
1035 -0.009293 
1036 -0.495220 
1037 0.363350 
1038 0.175294 
1039 -0.242695 
1040 -0.375527 
1041 -0.214603 
1042 -0.363236 
1043 -0.395120 
1044 0.214770 
1045 -0.334518 
1046 -0.286438 
1047 0.199584 
1048 0.157279 
1049 0.275993 
1050 0.262098 
1051 -0.187197 
1052 -0.435557 
1053 0.020421 
1054 0.399554 
1055 -0.394107 
1056 -0.495856 
1057 0.123833 
1058 0.201598 
1059 -0.231889 
1060 0.112953 
1061 0.406957 
1062 0.047590 
1063 0.099586 
1064 -0.231889 
1065 0.103330 
1066 -0.322524 
1067 -0.260572 
1068 -0.286438 
1069 -0.446483 
1070 0.425572 
1071 -0.286438 
1072 -0.288694 
1073 -0.198832 
1074 -0.393228 
1075 0.036335 
1076 0.096959 
1077 0.323029 
1078 -0.164441 
1079 -0.495856 
1080 -0.487158 
1081 -0.487158 
1082 -0.476137 
1083 0.420012 
1084 -0.272488 
1085 0.064033 
1086 0.252756 
1087 -0.487158 
1088 -0.487158 
1089 0.036335 
1090 0.075769 
1091 -0.187197 
1092 0.142944 
1093 0.288806 
1094 0.181928 
1095 -0.065291 
1096 0.331748 
1097 -0.309940 
1098 0.162275 
1099 0.276871 
1100 0.495319 
1101 -0.199051 
1102 -0.009293 
1103 0.399554 
1104 0.028730 
1105 -0.056282 
1106 0.298431 
1107 0.300541 
1108 0.463252 
1109 0.290618 
1110 -0.476137 
1111 -0.256479 
1112 0.047590 
1113 -0.445636 
1114 -0.403838 
1115 -0.460608 
1116 0.333414 
1117 -0.063286 
1118 0.162275 
1119 0.303159 
1120 0.107638 
1121 -0.052250 
1122 -0.216730 
1123 -0.286438 
1124 -0.056230 
1125 -0.284383 
1126 0.162275 
1127 0.099586 
1128 0.100201 
1129 0.388974 
1130 0.186451 
1131 0.481528 
1132 -0.192105 
1133 -0.153849 
1134 0.094315 
1135 -0.039366 
1136 0.162275 
1137 -0.011529 
1138 -0.156770 
1139 0.175169 
1140 0.361039 
1141 0.177135 
1142 0.114402 
1143 0.425572 
1144 0.473689 
1145 0.463252 
1146 -0.476137 
1147 0.390883 
1148 0.331841 
1149 -0.157191 
1150 -0.009293 
1151 0.322059 
1152 0.298102 
1153 -0.242695 
1154 -0.039366 
1155 -0.445636 
1156 0.117140 
1157 -0.149203 
1158 -0.417554 
1159 -0.094675 
1160 -0.094675 
1161 -0.021598 
1162 0.340858 
1163 -0.445636 
1164 -0.052250 
1165 -0.317052 
1166 -0.317052 
1167 0.028730 
1168 0.361039 
1169 0.298431 
1170 -0.201708 
1171 0.234186 
1172 0.407827 
1173 0.463252 
1174 -0.288694 
1175 0.079548 
1176 -0.090685 
1177 -0.040257 
1178 -0.472057 
1179 -0.317052 
1180 -0.007594 
1181 0.066714 
1182 0.249773 
1183 -0.263889 
1184 0.298431 
1185 0.187839 
1186 0.234186 
1187 0.187839 
1188 -0.495856 
1189 -0.315720 
1190 -0.078641 
1191 0.144584 
1192 0.288800 
1193 -0.242695 
1194 0.091741 
1195 0.256140 
1196 -0.431844 
1197 -0.094675 
1198 0.494903 
1199 0.300541 
1200 0.331841 
1201 -0.317052 
1202 -0.463254 
1203 -0.068364 
1204 0.029803 
1205 -0.068364 
1206 -0.484900 
1207 0.418225 
1208 0.112953 
1209 0.144584 
1210 -0.347760 
1211 -0.187197 
1212 -0.258636 
1213 0.075769 
1214 0.262098 
1215 -0.044522 
1216 -0.498653 
1217 -0.009293 
1218 -0.472057 
1219 -0.040257 
1220 -0.314470 
1221 0.447289 
1222 -0.020162 
1223 0.112953 
1224 0.290618 
1225 -0.304912 
1226 0.494903 
1227 0.117140 
1228 -0.034660 
1229 -0.263363 
1230 0.117810 
1231 0.157279 
1232 0.322059 
1233 0.075769 
1234 0.300541 
1235 -0.334518 
1236 0.066714 
1237 -0.044522 
1238 0.132901 
1239 0.094523 
1240 0.144584 
1241 0.327524 
1242 -0.412899 
1243 0.029803 
1244 0.094315 
1245 -0.192105 
1246 0.229942 
1247 -0.216730 
1248 -0.034660 
1249 -0.078641 
1250 0.177135 
1251 -0.055848 
1252 0.075533 
1253 0.256140 
1254 0.121650 
1255 0.449772 
1256 -0.262673 
1257 -0.263363 
1258 0.390883 
1259 0.406957 
1260 -0.258636 
1261 0.278814 
1262 0.407827 
1263 0.099586 
1264 -0.256479 
1265 0.336601 
1266 -0.259417 
1267 -0.107837 
1268 0.177135 
1269 -0.009293 
1270 0.490167 
1271 0.463252 
1272 0.105930 
1273 -0.078641 
1274 -0.191522 
1275 0.420012 
1276 0.059642 
1277 0.390883 
1278 0.099586 
1279 0.298431 
1280 -0.216730 
1281 -0.256479 
1282 -0.445636 
1283 0.202641 
1284 0.096959 
1285 0.370275 
1286 -0.478961 
1287 -0.157191 
1288 -0.375527 
1289 -0.173983 
1290 0.354140 
1291 -0.412556 
1292 -0.256645 
1293 -0.309940 
1294 -0.199051 
1295 -0.442257 
1296 -0.020162 
1297 -0.157191 
1298 0.047095 
1299 -0.199051 
1300 0.276871 
1301 -0.034660 
1302 0.406957 
1303 -0.080948 
1304 -0.078641 
1305 -0.304940 
1306 0.305352 
1307 -0.044522 
1308 -0.255125 
1309 -0.153849 
1310 0.240623 
1311 -0.040257 
1312 0.361039 
1313 0.406957 
1314 0.432035 
1315 -0.341640 
1316 0.408960 
1317 -0.001711 
1318 -0.036517 
1319 0.175169 
1320 -0.412899 
1321 0.418225 
1322 0.124342 
1323 0.278814 
1324 -0.128800 
1325 -0.128800 
1326 -0.198832 
1327 0.157279 
1328 -0.320368 
1329 -0.358988 
1330 -0.286438 
1331 -0.040257 
1332 0.423797 
1333 0.185733 
1334 0.047095 
1335 0.175294 
1336 0.489821 
1337 -0.287052 
1338 0.119440 
1339 0.199584 
1340 -0.052250 
1341 -0.020162 
1342 -0.090685 
1343 0.020421 
1344 -0.201708 
1345 -0.039366 
1346 0.418225 
1347 0.495319 
1348 0.298431 
1349 0.305352 
1350 0.117810 
1351 0.322059 
1352 -0.259417 
1353 0.481528 
1354 0.288800 
1355 0.074845 
1356 0.331841 
1357 0.177135 
1358 0.399554 
1359 0.075769 
1360 0.256140 
1361 0.121650 
1362 0.175169 
1363 0.100201 
1364 -0.056230 
1365 0.117810 
1366 -0.229770 
1367 0.266938 
1368 0.032075 
1369 0.100201 
1370 0.340858 
1371 0.305352 
1372 0.087902 
1373 0.407827 
1374 0.047095 
1375 -0.159500 
1376 0.322059 
1377 -0.061052 
1378 0.341437 
1379 0.356844 
1380 0.086955 
1381 0.240623 
1382 0.096959 
1383 0.032075 
1384 -0.007594 
1385 0.473689 
1386 -0.009293 
1387 -0.484900 
1388 -0.199051 
1389 0.185733 
1390 -0.391516 
1391 0.423797 
1392 -0.128800 
1393 -0.192105 
1394 -0.317043 
1395 0.047095 
1396 -0.311638 
1397 -0.435557 
1398 -0.006656 
1399 -0.068364 
1400 -0.052250 
1401 0.091741 
1402 -0.024589 
1403 0.185733 
1404 -0.442257 
1405 -0.216887 
1406 0.390883 
1407 0.489821 
1408 0.350545 
1409 0.313678 
1410 -0.090685 
1411 0.432035 
1412 0.187839 
1413 -0.079429 
1414 0.177135 
1415 0.278814 
1416 -0.314470 
1417 -0.311638 
1418 -0.472057 
1419 0.356844 
1420 -0.442257 
1421 0.162275 
1422 0.177135 
1423 0.256140 
1424 0.322059 
1425 0.399554 
1426 0.079548 
1427 0.112953 
1428 0.418225 
1429 0.488240 
1430 -0.036517 
1431 0.252756 
1432 0.298431 
1433 -0.068364 
1434 -0.311638 
1435 -0.056230 
1436 0.202641 
1437 0.119440 
1438 0.489821 
1439 0.112953 
1440 0.256140 
1441 0.094523 
1442 -0.417554 
1443 0.049040 
1444 -0.259417 
1445 0.079548 
