1446 1
0 -0.260133 
1 0.378829 
2 0.226113 
3 -0.190441 
4 0.146780 
5 -0.278490 
6 0.421313 
7 0.120097 
8 -0.019839 
9 0.297354 
10 0.470007 
11 -0.013821 
12 -0.179274 
13 0.110864 
14 0.378829 
15 -0.007379 
16 0.377834 
17 -0.488386 
18 0.132077 
19 0.297354 
20 -0.122993 
21 0.499123 
22 0.297354 
23 0.290574 
24 0.377834 
25 0.324447 
26 -0.304991 
27 0.136258 
28 -0.254077 
29 0.463089 
30 -0.026458 
31 0.295376 
32 -0.254077 
33 -0.211451 
34 -0.498776 
35 0.275971 
36 0.435932 
37 -0.019887 
38 0.177304 
39 -0.263440 
40 0.303554 
41 0.378829 
42 0.378829 
43 0.083173 
44 -0.276996 
45 -0.374596 
46 -0.427110 
47 -0.086254 
48 0.435932 
49 0.423289 
50 0.199844 
51 0.177304 
52 -0.260133 
53 0.247884 
54 -0.260133 
55 -0.278173 
56 -0.278490 
57 0.177304 
58 0.199844 
59 -0.166677 
60 -0.005580 
61 0.245498 
62 0.110864 
63 -0.254077 
64 -0.240840 
65 -0.026458 
66 0.110864 
67 -0.316725 
68 0.199844 
69 -0.240840 
70 0.291248 
71 -0.240840 
72 0.435932 
73 -0.169868 
74 -0.278490 
75 -0.278173 
76 -0.092050 
77 -0.013821 
78 0.039847 
79 0.450714 
80 -0.166677 
81 0.404056 
82 -0.484013 
83 0.347061 
84 0.488410 
85 -0.278173 
86 0.347061 
87 0.161190 
88 -0.462202 
89 -0.122993 
90 -0.013821 
91 0.177304 
92 0.005950 
93 0.216739 
94 0.002293 
95 0.005950 
96 -0.122993 
97 -0.467922 
98 0.024434 
99 0.354324 
100 0.218476 
101 -0.306355 
102 -0.118105 
103 0.292402 
104 0.244103 
105 -0.441882 
106 -0.321180 
107 -0.019887 
108 0.215844 
109 -0.166677 
110 -0.376032 
111 0.036734 
112 -0.335333 
113 -0.169868 
114 -0.451674 
115 -0.159887 
116 -0.451674 
117 -0.316725 
118 -0.217375 
119 0.377834 
120 -0.326730 
121 0.005950 
122 0.002293 
123 -0.359283 
124 -0.427110 
125 0.186357 
126 0.170358 
127 -0.462202 
128 0.245498 
129 -0.303596 
130 -0.163255 
131 0.244467 
132 -0.163255 
133 -0.019887 
134 -0.201128 
135 -0.316725 
136 0.019721 
137 0.446789 
138 -0.001861 
139 0.275971 
140 0.035515 
141 0.100161 
142 0.128164 
143 0.100454 
144 -0.026458 
145 0.083017 
146 0.332925 
147 -0.489365 
148 -0.317834 
149 -0.114994 
150 -0.263440 
151 0.186357 
152 0.220656 
153 -0.452718 
154 -0.376250 
155 0.371205 
156 0.394529 
157 0.005950 
158 0.198590 
159 -0.425255 
160 -0.026063 
161 0.493450 
162 0.123533 
163 0.100161 
164 0.016891 
165 0.132077 
166 0.340308 
167 -0.247456 
168 0.428933 
169 -0.494621 
170 0.377834 
171 -0.089704 
172 0.216739 
173 0.036734 
174 -0.159887 
175 0.128164 
176 0.357020 
177 0.136258 
178 0.042233 
179 -0.148505 
180 -0.486934 
181 0.083017 
182 0.421313 
183 0.357020 
184 0.002293 
185 0.381747 
186 0.278910 
187 -0.169868 
188 -0.026063 
189 0.347061 
190 -0.385148 
191 -0.122993 
192 0.035515 
193 0.218476 
194 -0.344850 
195 0.371205 
196 -0.239505 
197 -0.276996 
198 0.132077 
199 -0.419979 
200 0.186357 
201 -0.451674 
202 0.445922 
203 -0.462202 
204 -0.155710 
205 0.100161 
206 0.216739 
207 0.241049 
208 -0.475990 
209 0.056522 
210 -0.298595 
211 0.176425 
212 -0.365204 
213 -0.139900 
214 0.357020 
215 -0.363963 
216 0.450714 
217 -0.276996 
218 -0.341796 
219 -0.148505 
220 0.106192 
221 0.036734 
222 -0.159887 
223 0.079154 
224 0.083017 
225 -0.358701 
226 0.299284 
227 0.218476 
228 -0.202132 
229 -0.318070 
230 0.222210 
231 -0.148505 
232 0.123533 
233 0.299284 
234 -0.219604 
235 0.035515 
236 0.262046 
237 0.480031 
238 0.016500 
239 0.450714 
240 0.136258 
241 0.463089 
242 0.347061 
243 0.198590 
244 0.245498 
245 0.421313 
246 0.170358 
247 -0.019777 
248 -0.394997 
249 -0.026063 
250 0.475244 
251 0.467888 
252 0.299284 
253 0.068588 
254 0.244487 
255 -0.307015 
256 -0.278490 
257 0.480031 
258 0.275971 
259 0.434332 
260 -0.427110 
261 -0.074623 
262 0.244467 
263 -0.238181 
264 0.195162 
265 0.278910 
266 0.002700 
267 -0.459521 
268 0.019721 
269 0.019721 
270 -0.029494 
271 0.277426 
272 0.332925 
273 -0.467319 
274 0.139755 
275 0.218476 
276 0.016891 
277 -0.238181 
278 0.321023 
279 0.019721 
280 -0.080987 
281 0.215844 
282 0.494003 
283 -0.253056 
284 0.106192 
285 0.278910 
286 -0.005580 
287 0.036734 
288 -0.247456 
289 -0.247456 
290 -0.475904 
291 -0.226771 
292 0.059589 
293 -0.349385 
294 0.083634 
295 0.083017 
296 0.213235 
297 0.253150 
298 -0.341796 
299 -0.142337 
300 -0.195243 
301 0.417796 
302 0.083634 
303 -0.495941 
304 0.278504 
305 0.467888 
306 -0.235252 
307 0.166804 
308 -0.385148 
309 0.357722 
310 -0.019887 
311 -0.123570 
312 -0.288094 
313 0.021904 
314 0.083634 
315 0.277426 
316 0.311098 
317 0.100161 
318 -0.210975 
319 -0.169631 
320 0.351180 
321 0.278504 
322 0.128164 
323 0.278504 
324 -0.330754 
325 0.103259 
326 0.374782 
327 -0.385148 
328 -0.467922 
329 0.357020 
330 -0.406356 
331 -0.098771 
332 0.404056 
333 0.291248 
334 -0.177730 
335 0.278504 
336 -0.074623 
337 0.299284 
338 -0.016610 
339 0.244487 
340 -0.089916 
341 -0.346230 
342 -0.199783 
343 -0.427110 
344 0.421313 
345 -0.260133 
346 0.463089 
347 -0.016610 
348 -0.280651 
349 -0.210975 
350 0.016891 
351 -0.278173 
352 -0.379076 
353 0.146780 
354 -0.405337 
355 0.189962 
356 -0.486934 
357 -0.210975 
358 0.155326 
359 0.463089 
360 0.379631 
361 -0.427110 
362 0.404056 
363 0.245498 
364 0.068375 
365 -0.060650 
366 0.069617 
367 0.371205 
368 -0.005580 
369 -0.192812 
370 0.347061 
371 0.349196 
372 -0.345445 
373 -0.192812 
374 -0.398892 
375 0.262046 
376 -0.242311 
377 0.291248 
378 -0.005580 
379 -0.074623 
380 -0.192812 
381 -0.121880 
382 0.240959 
383 0.175390 
384 -0.219058 
385 -0.402343 
386 0.146780 
387 0.467888 
388 -0.341796 
389 -0.155588 
390 0.175390 
391 0.128164 
392 0.308170 
393 0.202542 
394 -0.016610 
395 0.244467 
396 0.175390 
397 -0.394997 
398 -0.303596 
399 0.454637 
400 -0.318070 
401 0.244467 
402 -0.451981 
403 -0.342200 
404 0.395101 
405 0.277426 
406 -0.177730 
407 -0.451981 
408 0.123533 
409 0.239561 
410 0.283200 
411 0.263415 
412 0.395101 
413 0.215844 
414 -0.201128 
415 -0.376250 
416 -0.074623 
417 -0.185836 
418 0.104979 
419 -0.418098 
420 0.418524 
421 0.490813 
422 0.146780 
423 0.146519 
424 -0.376250 
425 0.493450 
426 -0.395925 
427 0.240959 
428 -0.219058 
429 0.277426 
430 -0.281216 
431 0.021904 
432 0.381227 
433 0.123005 
434 0.148780 
435 0.351180 
436 -0.070210 
437 0.068588 
438 -0.418098 
439 0.354324 
440 -0.451981 
441 0.308229 
442 -0.451981 
443 -0.326730 
444 -0.304991 
445 -0.341073 
446 -0.238181 
447 -0.119551 
448 -0.318070 
449 -0.326730 
450 -0.432665 
451 -0.247456 
452 0.383214 
453 -0.219058 
454 -0.395925 
455 0.490813 
456 -0.408555 
457 -0.130304 
458 -0.184661 
459 -0.425255 
460 -0.010207 
461 -0.193940 
462 0.324950 
463 -0.250640 
464 -0.395925 
465 -0.376250 
466 -0.068592 
467 0.106192 
468 0.068588 
469 0.166804 
470 0.270263 
471 0.351180 
472 -0.080987 
473 0.395101 
474 -0.246134 
475 0.190037 
476 0.248307 
477 -0.242311 
478 0.324950 
479 0.415568 
480 -0.448477 
481 0.318686 
482 0.482732 
483 -0.253056 
484 -0.019392 
485 -0.486934 
486 0.067961 
487 0.394529 
488 -0.242311 
489 0.392150 
490 -0.240840 
491 -0.146875 
492 0.106192 
493 0.316478 
494 0.103118 
495 -0.157416 
496 -0.273229 
497 0.381227 
498 0.278910 
499 -0.303596 
500 0.324950 
501 0.248307 
502 -0.092050 
503 -0.238181 
504 0.042811 
505 0.120974 
506 -0.395925 
507 0.299284 
508 0.449489 
509 -0.026458 
510 -0.123570 
511 0.057894 
512 0.308170 
513 0.295438 
514 0.083173 
515 -0.157416 
516 -0.459521 
517 0.141096 
518 -0.441882 
519 0.066117 
520 0.164099 
521 -0.224393 
522 0.143252 
523 0.057894 
524 0.021904 
525 -0.304991 
526 -0.184661 
527 -0.068592 
528 -0.459521 
529 -0.036576 
530 0.123005 
531 0.104979 
532 -0.137499 
533 -0.242311 
534 -0.318070 
535 -0.068592 
536 0.103118 
537 -0.287774 
538 0.332925 
539 0.302327 
540 -0.304991 
541 -0.303596 
542 0.290574 
543 0.415438 
544 0.244487 
545 0.278910 
546 0.332925 
547 0.150748 
548 0.101690 
549 0.248307 
550 0.262046 
551 0.379507 
552 0.240959 
553 0.128127 
554 -0.001861 
555 -0.383522 
556 0.166804 
557 0.488705 
558 -0.345445 
559 -0.318070 
560 -0.068592 
561 -0.345445 
562 -0.080987 
563 -0.253056 
564 -0.119551 
565 -0.385148 
566 0.381227 
567 0.277769 
568 -0.068592 
569 0.189962 
570 0.216739 
571 0.155326 
572 -0.407206 
573 0.488410 
574 -0.007379 
575 -0.166677 
576 -0.495941 
577 0.476223 
578 -0.344501 
579 0.100161 
580 -0.321180 
581 -0.002518 
582 -0.156111 
583 0.248307 
584 0.155326 
585 -0.179274 
586 -0.427342 
587 -0.466667 
588 0.332925 
589 -0.184661 
590 0.161190 
591 0.434332 
592 0.057894 
593 -0.345445 
594 0.275971 
595 0.384995 
596 0.128127 
597 -0.185836 
598 0.377834 
599 0.482732 
600 -0.404909 
601 -0.359457 
602 0.123005 
603 -0.034087 
604 -0.136011 
605 -0.226762 
606 -0.179274 
607 0.215844 
608 0.444989 
609 0.482732 
610 0.164099 
611 -0.148505 
612 0.240959 
613 -0.169631 
614 -0.185836 
615 -0.159648 
616 0.484845 
617 -0.394997 
618 0.199844 
619 0.253150 
620 -0.364755 
621 0.308722 
622 0.198590 
623 0.347036 
624 0.240959 
625 0.490813 
626 -0.379076 
627 0.332925 
628 0.395101 
629 -0.177730 
630 0.308722 
631 0.308170 
632 0.253150 
633 -0.219604 
634 0.198590 
635 -0.169631 
636 -0.251660 
637 -0.104677 
638 0.466086 
639 0.128127 
640 -0.092050 
641 0.302327 
642 0.332925 
643 -0.321180 
644 -0.000063 
645 0.277769 
646 -0.125768 
647 -0.486520 
648 0.353701 
649 0.211562 
650 0.379507 
651 -0.376250 
652 -0.119551 
653 -0.467440 
654 -0.179274 
655 -0.019887 
656 0.480031 
657 -0.365473 
658 -0.307131 
659 0.132077 
660 -0.125768 
661 -0.189836 
662 -0.499701 
663 0.134857 
664 0.347009 
665 -0.135665 
666 -0.402343 
667 -0.198616 
668 -0.394997 
669 0.240959 
670 -0.185836 
671 -0.276996 
672 0.164099 
673 -0.166677 
674 -0.251660 
675 -0.349757 
676 0.208447 
677 0.083173 
678 0.002293 
679 0.308722 
680 -0.478671 
681 0.130491 
682 -0.169631 
683 -0.344501 
684 -0.136011 
685 -0.321180 
686 0.308722 
687 -0.098771 
688 0.239867 
689 -0.394997 
690 -0.201128 
691 0.140619 
692 0.066117 
693 0.343891 
694 -0.086254 
695 -0.088044 
696 -0.190441 
697 0.053374 
698 -0.201128 
699 -0.402343 
700 -0.068592 
701 0.161190 
702 -0.012343 
703 -0.194540 
704 0.218852 
705 -0.019887 
706 0.161190 
707 0.104979 
708 0.113107 
709 0.454981 
710 -0.392620 
711 0.002195 
712 0.302327 
713 -0.184653 
714 0.011047 
715 0.222563 
716 -0.086254 
717 0.131156 
718 0.069617 
719 0.377834 
720 -0.461229 
721 -0.019887 
722 0.195162 
723 -0.156554 
724 0.426040 
725 -0.163006 
726 -0.089921 
727 0.110864 
728 0.482732 
729 -0.012343 
730 0.493450 
731 0.220656 
732 0.480081 
733 -0.190441 
734 0.220656 
735 0.240959 
736 -0.344501 
737 0.128127 
738 0.066117 
739 -0.190441 
740 -0.402343 
741 0.381747 
742 0.220656 
743 -0.251660 
744 -0.326730 
745 0.131156 
746 0.423647 
747 -0.243043 
748 -0.408555 
749 -0.092050 
750 0.333719 
751 0.222563 
752 0.056875 
753 -0.408555 
754 0.240959 
755 -0.005986 
756 0.176425 
757 -0.459521 
758 0.426252 
759 0.240959 
760 -0.306355 
761 -0.157416 
762 -0.306355 
763 -0.136011 
764 -0.326730 
765 -0.298895 
766 -0.068592 
767 -0.254077 
768 0.220656 
769 0.244487 
770 -0.019392 
771 -0.098771 
772 0.114541 
773 -0.317834 
774 -0.406356 
775 -0.263440 
776 -0.278472 
777 0.143252 
778 0.418524 
779 0.423647 
780 -0.459521 
781 0.148169 
782 0.493450 
783 0.333719 
784 -0.157416 
785 -0.228749 
786 0.057894 
787 0.236840 
788 -0.104677 
789 -0.068592 
790 -0.139900 
791 0.056875 
792 0.056875 
793 0.103118 
794 -0.359283 
795 -0.104677 
796 -0.379076 
797 -0.379076 
798 -0.408555 
799 0.176425 
800 0.240959 
801 0.378395 
802 0.247884 
803 -0.341796 
804 0.146268 
805 -0.395090 
806 -0.326730 
807 -0.435534 
808 0.103118 
809 0.480081 
810 -0.391199 
811 -0.408555 
812 0.377834 
813 0.398028 
814 -0.219604 
815 -0.163006 
816 -0.478671 
817 -0.081233 
818 0.426252 
819 -0.104677 
820 -0.136011 
821 -0.136011 
822 -0.459521 
823 -0.399636 
824 -0.239505 
825 0.066117 
826 0.083173 
827 0.239561 
828 -0.092050 
829 0.102014 
830 0.415438 
831 0.195162 
832 -0.104677 
833 -0.317834 
834 -0.041786 
835 0.102014 
836 -0.488386 
837 0.497803 
838 0.079154 
839 -0.104677 
840 -0.136011 
841 0.385890 
842 -0.459521 
843 -0.081233 
844 -0.177730 
845 0.111867 
846 -0.007854 
847 -0.273229 
848 -0.194540 
849 0.340308 
850 -0.217375 
851 -0.139900 
852 -0.001861 
853 -0.019887 
854 -0.065975 
855 0.471436 
856 -0.295177 
857 -0.104677 
858 -0.406356 
859 0.297354 
860 -0.280651 
861 0.242695 
862 0.392150 
863 0.404056 
864 0.176425 
865 -0.097315 
866 -0.389204 
867 0.189962 
868 -0.326730 
869 -0.463925 
870 0.066117 
871 0.239561 
872 -0.467319 
873 0.066117 
874 -0.253056 
875 -0.219604 
876 -0.330216 
877 -0.139900 
878 -0.237585 
879 -0.399636 
880 -0.146875 
881 0.110864 
882 0.051616 
883 0.470007 
884 0.150351 
885 0.333719 
886 -0.136011 
887 0.368363 
888 0.066117 
889 0.079154 
890 -0.041786 
891 0.166804 
892 0.035515 
893 0.140091 
894 0.103118 
895 -0.488386 
896 -0.019887 
897 -0.406356 
898 -0.459521 
899 0.404056 
900 0.494003 
901 -0.251660 
902 -0.026063 
903 -0.219058 
904 -0.264120 
905 0.002155 
906 0.103259 
907 0.244487 
908 -0.051886 
909 0.340308 
910 0.340308 
911 0.270263 
912 0.193746 
913 -0.488386 
914 -0.012343 
915 -0.214097 
916 0.143252 
917 0.195162 
918 0.435932 
919 0.390081 
920 -0.459521 
921 -0.019887 
922 0.326823 
923 0.195138 
924 -0.389204 
925 0.141697 
926 -0.280651 
927 -0.417477 
928 0.423647 
929 0.130491 
930 -0.415912 
931 0.435932 
932 0.202542 
933 -0.194540 
934 -0.406356 
935 -0.189836 
936 0.423647 
937 0.140091 
938 0.038337 
939 -0.399636 
940 -0.125768 
941 -0.326730 
942 0.315821 
943 -0.148505 
944 0.434332 
945 0.404056 
946 0.120974 
947 0.379507 
948 0.198590 
949 0.131156 
950 0.435932 
951 -0.235413 
952 -0.389204 
953 -0.413385 
954 0.140091 
955 0.344613 
956 0.244487 
957 0.110864 
958 -0.081233 
959 0.141096 
960 -0.187755 
961 0.439224 
962 0.316478 
963 -0.345445 
964 0.068588 
965 0.379507 
966 -0.404909 
967 -0.459521 
968 -0.019839 
969 0.131156 
970 -0.163255 
971 0.439224 
972 0.092863 
973 -0.246090 
974 0.193746 
975 -0.051886 
976 -0.125768 
977 0.239561 
978 -0.457760 
979 -0.046184 
980 -0.089030 
981 0.426040 
982 -0.415912 
983 0.270263 
984 0.480081 
985 0.423647 
986 -0.431411 
987 -0.297182 
988 0.140091 
989 -0.303785 
990 0.021904 
991 -0.165530 
992 -0.194540 
993 -0.364755 
994 0.490813 
995 -0.417477 
996 0.471436 
997 -0.415912 
998 -0.193940 
999 -0.280651 
1000 -0.051886 
1001 0.100454 
1002 0.439224 
1003 0.141387 
1004 -0.435534 
1005 0.038337 
1006 -0.193940 
1007 -0.310074 
1008 0.176425 
1009 -0.478671 
1010 -0.041786 
1011 0.103259 
1012 -0.235252 
1013 -0.041786 
1014 0.110864 
1015 -0.080351 
1016 0.056875 
1017 -0.007854 
1018 0.494003 
1019 0.131156 
1020 -0.041786 
1021 0.111867 
1022 -0.218536 
1023 0.270263 
1024 0.439224 
1025 -0.316725 
1026 0.292402 
1027 0.401995 
1028 -0.001861 
1029 0.494003 
1030 -0.121684 
1031 0.176425 
1032 -0.148846 
1033 0.102014 
1034 0.103259 
1035 -0.148846 
1036 0.100454 
1037 -0.123570 
1038 0.254350 
1039 0.401995 
1040 0.100454 
1041 0.186357 
1042 0.202542 
1043 0.002700 
1044 -0.001056 
1045 -0.184661 
1046 0.100454 
1047 -0.368016 
1048 0.123005 
1049 -0.160070 
1050 -0.139900 
1051 -0.139900 
1052 0.059589 
1053 0.426252 
1054 -0.307131 
1055 -0.159887 
1056 0.143252 
1057 0.418524 
1058 0.059589 
1059 -0.179293 
1060 0.303554 
1061 0.195138 
1062 0.390081 
1063 0.381227 
1064 -0.349385 
1065 -0.474421 
1066 0.223152 
1067 -0.352064 
1068 0.226113 
1069 -0.169868 
1070 0.308170 
1071 0.312311 
1072 -0.217979 
1073 0.224663 
1074 0.011047 
1075 -0.383522 
1076 -0.406356 
1077 0.450714 
1078 -0.115537 
1079 -0.019887 
1080 0.059589 
1081 -0.089579 
1082 0.123005 
1083 0.347061 
1084 0.398028 
1085 -0.395090 
1086 0.195138 
1087 -0.089579 
1088 0.423647 
1089 -0.276215 
1090 -0.104677 
1091 0.385890 
1092 0.244487 
1093 -0.499923 
1094 0.083831 
1095 -0.415912 
1096 0.351180 
1097 -0.007854 
1098 -0.389204 
1099 -0.260133 
1100 -0.158345 
1101 0.244450 
1102 0.488410 
1103 -0.089579 
1104 -0.321396 
1105 -0.226762 
1106 0.447055 
1107 0.143252 
1108 0.100454 
1109 0.051616 
1110 0.123005 
1111 0.066117 
1112 -0.475990 
1113 0.031442 
1114 -0.119551 
1115 0.031610 
1116 0.140619 
1117 0.240959 
1118 0.216739 
1119 0.297831 
1120 0.031442 
1121 0.114541 
1122 -0.280651 
1123 -0.041786 
1124 0.226692 
1125 0.211562 
1126 -0.118105 
1127 -0.139900 
1128 0.205663 
1129 0.139755 
1130 0.368363 
1131 0.494003 
1132 0.222563 
1133 -0.251660 
1134 0.423647 
1135 0.297831 
1136 -0.389204 
1137 -0.243043 
1138 -0.462202 
1139 -0.271005 
1140 -0.385841 
1141 0.130491 
1142 -0.435534 
1143 0.123533 
1144 0.016891 
1145 0.347061 
1146 0.123005 
1147 -0.406356 
1148 -0.435996 
1149 -0.114994 
1150 -0.089579 
1151 0.241893 
1152 -0.451674 
1153 0.100454 
1154 0.423647 
1155 -0.051886 
1156 0.158534 
1157 -0.192812 
1158 -0.413385 
1159 -0.041786 
1160 -0.263712 
1161 0.291248 
1162 0.103118 
1163 0.470007 
1164 -0.398892 
1165 0.401615 
1166 0.347009 
1167 0.140619 
1168 -0.431411 
1169 0.262046 
1170 0.312311 
1171 -0.210975 
1172 -0.399636 
1173 -0.013620 
1174 -0.010207 
1175 0.416864 
1176 0.401995 
1177 -0.459521 
1178 0.150748 
1179 -0.041786 
1180 0.224663 
1181 0.467888 
1182 -0.406356 
1183 -0.009783 
1184 -0.000063 
1185 0.195138 
1186 -0.399636 
1187 -0.280651 
1188 -0.307131 
1189 -0.013821 
1190 0.114541 
1191 -0.280651 
1192 0.196671 
1193 0.401995 
1194 -0.234600 
1195 0.470007 
1196 0.303554 
1197 -0.041786 
1198 -0.475990 
1199 0.205663 
1200 0.460814 
1201 -0.228749 
1202 -0.415953 
1203 -0.118105 
1204 0.195138 
1205 -0.041786 
1206 -0.321180 
1207 0.428933 
1208 0.110864 
1209 0.241893 
1210 0.098938 
1211 -0.148846 
1212 -0.404909 
1213 -0.263671 
1214 0.111867 
1215 0.332925 
1216 -0.234600 
1217 -0.419979 
1218 -0.118105 
1219 -0.209377 
1220 -0.435534 
1221 0.363290 
1222 -0.432665 
1223 -0.083115 
1224 -0.263671 
1225 0.435932 
1226 0.108729 
1227 0.216739 
1228 -0.398892 
1229 0.347009 
1230 -0.419979 
1231 0.244467 
1232 0.141096 
1233 -0.263671 
1234 0.368363 
1235 -0.405013 
1236 -0.490058 
1237 0.196671 
1238 -0.478671 
1239 0.377834 
1240 0.100454 
1241 -0.136011 
1242 0.277769 
1243 0.195138 
1244 0.435932 
1245 0.385890 
1246 0.141096 
1247 -0.179293 
1248 -0.235413 
1249 0.064770 
1250 0.241049 
1251 -0.163950 
1252 0.100454 
1253 0.151118 
1254 -0.193940 
1255 0.170358 
1256 -0.387541 
1257 -0.250640 
1258 0.193746 
1259 -0.398892 
1260 -0.365473 
1261 0.094516 
1262 -0.399636 
1263 0.150351 
1264 -0.475990 
1265 0.241893 
1266 0.426252 
1267 -0.395090 
1268 -0.165530 
1269 -0.419979 
1270 -0.405013 
1271 -0.428947 
1272 -0.263671 
1273 -0.428947 
1274 0.488705 
1275 -0.253056 
1276 0.114541 
1277 -0.123570 
1278 0.347009 
1279 0.106192 
1280 -0.228749 
1281 0.111867 
1282 0.018736 
1283 0.123005 
1284 0.079154 
1285 0.021904 
1286 0.083634 
1287 -0.098440 
1288 0.218852 
1289 0.328698 
1290 -0.271485 
1291 -0.080987 
1292 -0.211451 
1293 -0.007854 
1294 -0.234600 
1295 0.241893 
1296 0.176425 
1297 0.253350 
1298 0.002195 
1299 -0.408555 
1300 -0.184661 
1301 -0.235413 
1302 0.195138 
1303 -0.364755 
1304 0.222563 
1305 -0.405013 
1306 -0.179293 
1307 0.196671 
1308 0.441113 
1309 0.324950 
1310 -0.280651 
1311 -0.475990 
1312 0.241049 
1313 -0.139900 
1314 -0.118526 
1315 -0.148505 
1316 -0.216577 
1317 -0.388637 
1318 -0.016610 
1319 -0.142337 
1320 -0.016537 
1321 0.195138 
1322 -0.358701 
1323 0.131156 
1324 0.114541 
1325 0.401995 
1326 0.038337 
1327 0.446789 
1328 -0.330216 
1329 -0.295787 
1330 -0.081233 
1331 -0.432665 
1332 0.151118 
1333 0.381747 
1334 0.381747 
1335 0.036734 
1336 -0.365204 
1337 0.055373 
1338 0.312311 
1339 0.251103 
1340 0.176425 
1341 -0.432665 
1342 0.046340 
1343 -0.156554 
1344 0.394529 
1345 -0.370509 
1346 -0.389204 
1347 -0.158345 
1348 0.347061 
1349 -0.428947 
1350 0.195162 
1351 0.141096 
1352 -0.349385 
1353 -0.019887 
1354 0.151118 
1355 0.253150 
1356 0.460814 
1357 -0.404909 
1358 0.140619 
1359 -0.041786 
1360 0.130491 
1361 0.196671 
1362 0.122754 
1363 0.368363 
1364 -0.060650 
1365 0.195138 
1366 -0.415912 
1367 -0.344501 
1368 0.100454 
1369 -0.475990 
1370 -0.459521 
1371 -0.364755 
1372 0.205663 
1373 0.114541 
1374 -0.335333 
1375 0.217250 
1376 0.247884 
1377 0.114541 
1378 0.269664 
1379 0.164099 
1380 -0.346230 
1381 -0.281216 
1382 0.079154 
1383 0.100454 
1384 0.333719 
1385 0.175390 
1386 0.488410 
1387 -0.358219 
1388 0.449489 
1389 0.381747 
1390 -0.148846 
1391 -0.307131 
1392 -0.346230 
1393 -0.211451 
1394 -0.219058 
1395 -0.335333 
1396 0.123533 
1397 0.270263 
1398 0.354324 
1399 0.354324 
1400 0.302327 
1401 -0.098771 
1402 0.104979 
1403 0.099485 
1404 -0.404909 
1405 0.385890 
1406 0.311098 
1407 -0.413385 
1408 0.446789 
1409 -0.389204 
1410 -0.137499 
1411 -0.303785 
1412 -0.365473 
1413 -0.390985 
1414 -0.165530 
1415 -0.209377 
1416 0.295407 
1417 -0.209377 
1418 0.311098 
1419 -0.288094 
1420 0.401615 
1421 -0.389204 
1422 -0.335333 
1423 0.240959 
1424 0.103259 
1425 0.456150 
1426 0.368549 
1427 0.470007 
1428 0.371205 
1429 0.168456 
1430 -0.041786 
1431 0.216739 
1432 0.262046 
1433 -0.118105 
1434 0.241049 
1435 0.345814 
1436 -0.417477 
1437 0.092909 
1438 0.226113 
1439 0.371205 
1440 0.151118 
1441 0.358012 
1442 -0.413385 
1443 -0.382431 
1444 0.467888 
1445 0.079154 
