5962 1
0 -0.209829 
1 -0.209829 
2 -0.209829 
3 -0.209829 
4 0.418974 
5 0.418974 
6 0.418974 
7 0.418974 
8 0.418974 
9 0.418974 
10 0.418974 
11 0.418974 
12 0.418974 
13 0.418974 
14 0.418974 
15 0.418974 
16 0.418974 
17 0.418974 
18 0.418974 
19 0.418974 
20 0.418974 
21 0.418974 
22 0.418974 
23 0.418974 
24 0.418974 
25 0.418974 
26 0.418974 
27 0.418974 
28 -0.209829 
29 0.418974 
30 0.418974 
31 -0.209829 
32 0.418974 
33 0.418974 
34 0.418974 
35 0.418974 
36 0.418974 
37 0.418974 
38 0.418974 
39 0.418974 
40 0.418974 
41 0.418974 
42 0.418974 
43 0.418974 
44 0.418974 
45 0.418974 
46 0.418974 
47 0.418974 
48 0.418974 
49 0.418974 
50 0.418974 
51 0.418974 
52 0.418974 
53 0.418974 
54 0.418974 
55 0.418974 
56 0.418974 
57 0.418974 
58 0.418974 
59 0.418974 
60 0.418974 
61 0.418974 
62 0.418974 
63 0.418974 
64 0.418974 
65 0.418974 
66 0.418974 
67 0.418974 
68 0.418974 
69 0.418974 
70 0.418974 
71 0.418974 
72 0.418974 
73 0.418974 
74 0.418974 
75 0.418974 
76 0.418974 
77 0.418974 
78 0.418974 
79 0.418974 
80 0.418974 
81 0.418974 
82 0.418974 
83 0.418974 
84 0.418974 
85 0.418974 
86 0.418974 
87 0.418974 
88 0.418974 
89 0.418974 
90 0.418974 
91 0.418974 
92 0.418974 
93 0.418974 
94 0.418974 
95 0.418974 
96 0.418974 
97 0.418974 
98 0.418974 
99 0.418974 
100 -0.113012 
101 -0.113012 
102 0.418974 
103 -0.113012 
104 -0.113012 
105 0.418974 
106 -0.113012 
107 -0.113012 
108 0.418974 
109 0.418974 
110 0.418974 
111 0.418974 
112 0.418974 
113 0.418974 
114 0.418974 
115 0.418974 
116 0.418974 
117 0.418974 
118 0.418974 
119 0.418974 
120 0.418974 
121 0.418974 
122 0.418974 
123 0.418974 
124 0.418974 
125 0.418974 
126 0.418974 
127 0.418974 
128 0.418974 
129 0.418974 
130 0.418974 
131 0.418974 
132 0.418974 
133 0.418974 
134 0.418974 
135 0.418974 
136 0.418974 
137 -0.113012 
138 -0.113012 
139 -0.113012 
140 -0.113012 
141 -0.113012 
142 -0.113012 
143 -0.113012 
144 -0.113012 
145 0.418974 
146 -0.113012 
147 -0.113012 
148 0.418974 
149 0.418974 
150 0.418974 
151 0.418974 
152 0.418974 
153 0.418974 
154 0.418974 
155 0.418974 
156 0.418974 
157 0.418974 
158 0.418974 
159 0.418974 
160 0.418974 
161 0.418974 
162 0.418974 
163 0.418974 
164 0.418974 
165 0.418974 
166 0.418974 
167 0.418974 
168 0.418974 
169 0.418974 
170 0.418974 
171 0.418974 
172 0.418974 
173 0.418974 
174 -0.113012 
175 -0.113012 
176 -0.113012 
177 -0.113012 
178 -0.113012 
179 -0.113012 
180 -0.113012 
181 -0.113012 
182 -0.113012 
183 -0.113012 
184 -0.113012 
185 0.418974 
186 0.418974 
187 0.418974 
188 0.418974 
189 0.418974 
190 0.418974 
191 0.418974 
192 0.418974 
193 0.418974 
194 0.418974 
195 0.418974 
196 0.418974 
197 0.418974 
198 0.418974 
199 0.418974 
200 0.418974 
201 0.418974 
202 0.418974 
203 0.418974 
204 0.418974 
205 0.418974 
206 0.418974 
207 0.418974 
208 0.418974 
209 0.418974 
210 0.418974 
211 0.181623 
212 0.181623 
213 -0.113012 
214 0.181623 
215 0.181623 
216 -0.113012 
217 -0.113012 
218 -0.113012 
219 -0.113012 
220 0.418974 
221 0.418974 
222 0.418974 
223 0.418974 
224 0.418974 
225 0.418974 
226 0.418974 
227 0.418974 
228 0.418974 
229 0.418974 
230 0.418974 
231 0.418974 
232 0.418974 
233 0.418974 
234 0.418974 
235 0.418974 
236 0.418974 
237 0.418974 
238 0.418974 
239 0.418974 
240 0.418974 
241 0.418974 
242 0.418974 
243 0.418974 
244 0.418974 
245 0.418974 
246 0.418974 
247 0.418974 
248 0.259363 
249 0.259363 
250 0.181623 
251 0.259363 
252 0.259363 
253 0.181623 
254 0.181623 
255 0.181623 
256 0.259363 
257 0.418974 
258 0.418974 
259 0.418974 
260 0.418974 
261 0.418974 
262 0.418974 
263 0.418974 
264 0.418974 
265 0.418974 
266 0.418974 
267 0.418974 
268 0.418974 
269 0.418974 
270 0.418974 
271 0.418974 
272 0.418974 
273 0.418974 
274 0.418974 
275 0.418974 
276 0.418974 
277 0.418974 
278 0.418974 
279 0.418974 
280 0.418974 
281 0.418974 
282 0.418974 
283 0.418974 
284 0.418974 
285 0.259363 
286 0.259363 
287 0.259363 
288 0.259363 
289 0.259363 
290 0.259363 
291 0.259363 
292 0.259363 
293 0.259363 
294 0.259363 
295 0.259363 
296 -0.340277 
297 0.418974 
298 0.418974 
299 0.418974 
300 0.418974 
301 0.418974 
302 0.418974 
303 0.418974 
304 0.418974 
305 0.418974 
306 0.418974 
307 0.418974 
308 0.418974 
309 0.418974 
310 0.418974 
311 0.418974 
312 0.418974 
313 0.418974 
314 0.418974 
315 0.418974 
316 0.418974 
317 0.418974 
318 0.418974 
319 0.418974 
320 0.418974 
321 0.418974 
322 -0.340277 
323 -0.340277 
324 0.259363 
325 -0.340277 
326 -0.340277 
327 0.259363 
328 0.259363 
329 0.259363 
330 0.259363 
331 0.259363 
332 0.259363 
333 0.259363 
334 0.259363 
335 0.259363 
336 -0.340277 
337 -0.340277 
338 -0.340277 
339 0.418974 
340 0.418974 
341 0.418974 
342 0.418974 
343 0.418974 
344 0.418974 
345 0.418974 
346 0.159216 
347 0.159216 
348 0.418974 
349 0.159216 
350 0.159216 
351 0.418974 
352 0.159216 
353 0.159216 
354 0.418974 
355 0.159216 
356 0.159216 
357 0.418974 
358 0.418974 
359 -0.340277 
360 -0.340277 
361 -0.340277 
362 -0.340277 
363 -0.340277 
364 -0.340277 
365 -0.340277 
366 -0.340277 
367 0.259363 
368 0.259363 
369 0.259363 
370 0.259363 
371 0.259363 
372 0.259363 
373 0.259363 
374 -0.340277 
375 -0.340277 
376 -0.340277 
377 0.418974 
378 0.418974 
379 0.418974 
380 0.418974 
381 0.418974 
382 0.418974 
383 0.159216 
384 0.159216 
385 0.159216 
386 0.159216 
387 0.159216 
388 0.159216 
389 0.159216 
390 0.159216 
391 0.159216 
392 0.159216 
393 0.159216 
394 0.159216 
395 0.159216 
396 0.098728 
397 0.098728 
398 0.098728 
399 -0.340277 
400 -0.340277 
401 -0.340277 
402 -0.340277 
403 -0.340277 
404 -0.340277 
405 0.259363 
406 0.259363 
407 0.259363 
408 -0.340277 
409 -0.340277 
410 -0.340277 
411 -0.340277 
412 -0.340277 
413 -0.340277 
414 -0.340277 
415 -0.340277 
416 -0.340277 
417 0.418974 
418 0.418974 
419 0.159216 
420 0.418974 
421 0.418974 
422 0.159216 
423 0.159216 
424 0.159216 
425 0.159216 
426 0.159216 
427 0.159216 
428 0.159216 
429 0.159216 
430 0.159216 
431 0.159216 
432 0.159216 
433 0.098728 
434 0.098728 
435 0.098728 
436 0.098728 
437 -0.340277 
438 -0.340277 
439 -0.340277 
440 -0.340277 
441 0.259363 
442 0.259363 
443 -0.340277 
444 -0.340277 
445 -0.340277 
446 -0.340277 
447 -0.340277 
448 -0.340277 
449 0.159216 
450 0.159216 
451 0.159216 
452 0.159216 
453 0.159216 
454 0.159216 
455 0.159216 
456 0.159216 
457 0.159216 
458 0.159216 
459 -0.209829 
460 -0.209829 
461 0.418974 
462 0.418974 
463 0.418974 
464 0.418974 
465 0.418974 
466 0.418974 
467 0.418974 
468 0.418974 
469 0.418974 
470 0.418974 
471 -0.419229 
472 0.418974 
473 0.418974 
474 0.418974 
475 0.418974 
476 0.418974 
477 0.418974 
478 0.418974 
479 0.418974 
480 0.418974 
481 0.418974 
482 0.418974 
483 0.418974 
484 0.418974 
485 0.418974 
486 0.418974 
487 0.418974 
488 0.418974 
489 0.418974 
490 0.418974 
491 0.418974 
492 0.418974 
493 0.418974 
494 0.418974 
495 0.418974 
496 0.418974 
497 0.418974 
498 -0.113012 
499 -0.113012 
500 0.418974 
501 0.418974 
502 0.418974 
503 0.418974 
504 0.418974 
505 0.418974 
506 0.418974 
507 0.418974 
508 0.418974 
509 0.418974 
510 0.418974 
511 -0.113012 
512 -0.113012 
513 -0.113012 
514 0.418974 
515 0.418974 
516 0.418974 
517 0.418974 
518 0.418974 
519 0.418974 
520 0.418974 
521 0.418974 
522 0.418974 
523 0.418974 
524 -0.113012 
525 -0.113012 
526 -0.113012 
527 0.418974 
528 0.418974 
529 0.418974 
530 0.418974 
531 0.418974 
532 0.418974 
533 0.418974 
534 0.418974 
535 0.418974 
536 0.418974 
537 0.181623 
538 0.181623 
539 -0.113012 
540 0.418974 
541 0.418974 
542 0.418974 
543 0.418974 
544 0.418974 
545 0.418974 
546 0.418974 
547 0.418974 
548 0.418974 
549 0.418974 
550 0.259363 
551 0.259363 
552 0.181623 
553 0.418974 
554 0.418974 
555 0.418974 
556 0.418974 
557 0.418974 
558 0.418974 
559 0.418974 
560 0.418974 
561 0.418974 
562 0.418974 
563 0.259363 
564 0.259363 
565 0.259363 
566 0.259363 
567 0.418974 
568 0.418974 
569 0.418974 
570 0.418974 
571 0.418974 
572 0.418974 
573 0.418974 
574 0.418974 
575 0.418974 
576 -0.340277 
577 -0.340277 
578 0.259363 
579 0.259363 
580 0.259363 
581 -0.340277 
582 0.418974 
583 0.418974 
584 0.159216 
585 0.159216 
586 0.159216 
587 0.159216 
588 0.418974 
589 -0.340277 
590 -0.340277 
591 -0.340277 
592 0.259363 
593 -0.340277 
594 -0.340277 
595 0.418974 
596 0.418974 
597 0.159216 
598 0.159216 
599 0.159216 
600 0.159216 
601 0.159216 
602 0.098728 
603 -0.340277 
604 -0.340277 
605 0.259363 
606 -0.340277 
607 -0.340277 
608 -0.340277 
609 0.418974 
610 0.418974 
611 0.159216 
612 0.159216 
613 0.159216 
614 0.159216 
615 0.098728 
616 0.098728 
617 -0.340277 
618 -0.340277 
619 0.259363 
620 -0.340277 
621 -0.340277 
622 -0.340277 
623 0.159216 
624 0.159216 
625 0.159216 
626 0.159216 
627 0.159216 
628 -0.102417 
629 -0.102417 
630 -0.102417 
631 -0.102417 
632 0.482374 
633 0.493831 
634 -0.209829 
635 0.418974 
636 0.081369 
637 0.418974 
638 0.418974 
639 0.437462 
640 0.437462 
641 -0.102417 
642 -0.102417 
643 -0.102417 
644 0.482374 
645 0.482374 
646 -0.209829 
647 -0.209829 
648 0.081369 
649 0.081369 
650 0.418974 
651 0.418974 
652 0.418974 
653 0.316877 
654 -0.102417 
655 -0.102417 
656 -0.102417 
657 0.440492 
658 0.482374 
659 0.418974 
660 -0.209829 
661 0.493831 
662 0.081369 
663 0.418974 
664 0.418974 
665 0.418974 
666 0.081369 
667 -0.288047 
668 0.345433 
669 -0.102417 
670 0.081369 
671 0.098193 
672 0.418974 
673 0.207797 
674 0.492752 
675 0.418974 
676 0.336179 
677 0.418974 
678 0.418974 
679 0.081369 
680 -0.288047 
681 0.345433 
682 0.081369 
683 0.081369 
684 0.418974 
685 0.418974 
686 0.492752 
687 0.492752 
688 0.336179 
689 0.336179 
690 0.336179 
691 0.418974 
692 0.081369 
693 -0.288047 
694 0.345433 
695 -0.113012 
696 0.081369 
697 -0.494690 
698 0.418974 
699 0.071712 
700 0.492752 
701 0.418974 
702 0.336179 
703 0.418974 
704 -0.480763 
705 -0.444125 
706 0.432491 
707 0.432491 
708 0.028301 
709 -0.394648 
710 -0.005013 
711 0.418974 
712 -0.039780 
713 -0.009519 
714 -0.121314 
715 -0.162059 
716 -0.480763 
717 -0.480763 
718 -0.480763 
719 -0.123405 
720 0.028301 
721 0.028301 
722 -0.005013 
723 -0.005013 
724 -0.039780 
725 -0.039780 
726 -0.121314 
727 -0.121314 
728 -0.121314 
729 -0.295525 
730 -0.480763 
731 0.096578 
732 -0.257980 
733 -0.257980 
734 0.028301 
735 0.259363 
736 -0.005013 
737 -0.053124 
738 -0.039780 
739 -0.039780 
740 -0.121314 
741 0.159216 
742 -0.295525 
743 -0.480763 
744 0.096578 
745 0.259363 
746 0.191820 
747 0.259363 
748 -0.048199 
749 0.094548 
750 -0.086878 
751 -0.039780 
752 0.316877 
753 0.159216 
754 0.159216 
755 -0.480763 
756 -0.480763 
757 -0.480763 
758 0.191820 
759 0.191820 
760 -0.048199 
761 -0.048199 
762 -0.086878 
763 -0.086878 
764 0.316877 
765 0.316877 
766 0.316877 
767 0.159216 
768 0.159216 
769 -0.480763 
770 -0.034006 
771 0.098728 
772 0.191820 
773 0.191820 
774 -0.048199 
775 -0.086878 
776 -0.086878 
777 -0.340277 
778 0.316877 
779 -0.189916 
780 -0.189916 
781 0.159216 
782 0.159216 
783 -0.034006 
784 0.259363 
785 -0.340277 
786 -0.340277 
787 -0.340277 
788 -0.086878 
789 -0.494690 
790 -0.494690 
791 0.319354 
792 0.319354 
793 -0.370183 
794 -0.370183 
795 -0.034006 
796 -0.034006 
797 -0.396405 
798 0.440492 
799 0.440492 
800 -0.102417 
801 -0.102417 
802 0.493831 
803 0.493831 
804 0.418974 
805 -0.162059 
806 -0.162059 
807 -0.162059 
808 0.081369 
809 0.437462 
810 0.440492 
811 0.440492 
812 0.440492 
813 0.482374 
814 -0.312576 
815 -0.209829 
816 -0.209829 
817 0.493831 
818 0.081369 
819 0.418974 
820 0.418974 
821 0.081369 
822 0.081369 
823 0.305808 
824 0.440492 
825 0.440492 
826 0.440492 
827 0.493831 
828 -0.086126 
829 -0.210385 
830 0.493831 
831 0.493831 
832 0.415931 
833 -0.121314 
834 0.418974 
835 0.081369 
836 0.305808 
837 0.440492 
838 0.440492 
839 -0.423282 
840 0.098193 
841 -0.108682 
842 0.331122 
843 0.282393 
844 0.146111 
845 0.228903 
846 -0.215703 
847 0.081369 
848 0.081369 
849 -0.288047 
850 0.345433 
851 0.305808 
852 0.081369 
853 -0.101701 
854 0.314257 
855 0.492752 
856 0.071712 
857 0.282393 
858 0.146111 
859 0.336179 
860 0.081369 
861 -0.444125 
862 0.432491 
863 0.345433 
864 -0.113012 
865 -0.480763 
866 -0.494690 
867 -0.062213 
868 0.071712 
869 0.282393 
870 0.282393 
871 0.146111 
872 -0.143349 
873 0.146111 
874 -0.444125 
875 -0.257980 
876 0.432491 
877 -0.419229 
878 -0.394648 
879 -0.394648 
880 0.232517 
881 0.096722 
882 -0.009519 
883 0.364609 
884 -0.162059 
885 0.146111 
886 0.096578 
887 0.146111 
888 -0.257980 
889 -0.257980 
890 0.028301 
891 -0.005013 
892 0.183256 
893 0.319354 
894 0.319354 
895 0.135193 
896 0.340766 
897 -0.121314 
898 -0.130182 
899 -0.480763 
900 0.146111 
901 0.191820 
902 -0.257980 
903 -0.257980 
904 -0.287919 
905 0.332981 
906 -0.053124 
907 -0.039780 
908 -0.039780 
909 0.159216 
910 0.159216 
911 -0.295525 
912 -0.480763 
913 0.096578 
914 0.259363 
915 0.191820 
916 0.259363 
917 -0.048199 
918 0.094548 
919 -0.138076 
920 -0.039780 
921 0.316877 
922 -0.186293 
923 -0.080069 
924 0.230786 
925 0.159216 
926 0.355420 
927 0.259363 
928 0.191820 
929 0.259363 
930 0.259363 
931 0.432491 
932 0.094548 
933 0.331122 
934 0.015171 
935 -0.186293 
936 -0.048199 
937 -0.034006 
938 0.159216 
939 -0.034006 
940 0.418974 
941 0.259363 
942 0.191820 
943 0.191820 
944 -0.086878 
945 -0.086878 
946 0.204913 
947 0.319354 
948 0.319354 
949 -0.189916 
950 -0.319107 
951 -0.319107 
952 -0.034006 
953 0.259363 
954 0.418974 
955 0.259363 
956 0.259363 
957 0.319354 
958 0.319354 
959 -0.494690 
960 0.319354 
961 -0.370183 
962 -0.370183 
963 -0.370183 
964 -0.189916 
965 0.028301 
966 0.204913 
967 0.440492 
968 -0.102417 
969 0.440492 
970 -0.102417 
971 -0.102417 
972 -0.102417 
973 -0.102417 
974 -0.102417 
975 0.493831 
976 -0.102417 
977 0.493831 
978 -0.113012 
979 0.418974 
980 -0.006282 
981 -0.162059 
982 0.081369 
983 -0.162059 
984 0.081369 
985 -0.162059 
986 0.081369 
987 0.081369 
988 0.081369 
989 0.437462 
990 0.440492 
991 -0.077535 
992 -0.396405 
993 -0.396405 
994 0.204913 
995 -0.396405 
996 0.440492 
997 0.204913 
998 0.482374 
999 -0.312576 
1000 0.482374 
1001 0.482374 
1002 -0.102417 
1003 0.482374 
1004 0.331122 
1005 0.331122 
1006 -0.312576 
1007 0.331122 
1008 0.493831 
1009 0.331122 
1010 -0.162059 
1011 0.493831 
1012 0.048566 
1013 -0.162059 
1014 0.418974 
1015 0.081369 
1016 -0.162059 
1017 -0.162059 
1018 0.081369 
1019 0.081369 
1020 -0.162059 
1021 0.081369 
1022 0.081369 
1023 0.081369 
1024 0.081369 
1025 0.081369 
1026 0.081369 
1027 0.305808 
1028 -0.396827 
1029 0.440492 
1030 0.440492 
1031 0.204913 
1032 0.440492 
1033 0.440492 
1034 0.440492 
1035 0.482374 
1036 0.482374 
1037 -0.294016 
1038 0.482374 
1039 0.482374 
1040 -0.102417 
1041 0.482374 
1042 -0.312576 
1043 -0.108682 
1044 -0.312576 
1045 -0.209829 
1046 0.331122 
1047 0.331122 
1048 0.331122 
1049 -0.356407 
1050 0.081369 
1051 0.493831 
1052 0.089631 
1053 0.081369 
1054 0.081369 
1055 0.340766 
1056 0.081369 
1057 0.418974 
1058 0.081369 
1059 0.081369 
1060 0.081369 
1061 0.081369 
1062 0.081369 
1063 0.081369 
1064 0.305808 
1065 -0.396827 
1066 0.305808 
1067 -0.164351 
1068 -0.351832 
1069 -0.351832 
1070 0.440492 
1071 0.305808 
1072 0.081369 
1073 0.461578 
1074 -0.319872 
1075 0.482374 
1076 0.482374 
1077 -0.108682 
1078 -0.288047 
1079 0.155205 
1080 -0.108682 
1081 0.331122 
1082 0.331122 
1083 0.480146 
1084 0.331122 
1085 0.331122 
1086 0.104872 
1087 -0.171405 
1088 0.104872 
1089 0.089631 
1090 0.081369 
1091 0.480380 
1092 0.089631 
1093 0.081369 
1094 0.340766 
1095 0.081369 
1096 -0.444125 
1097 -0.092730 
1098 0.482374 
1099 0.081369 
1100 0.081369 
1101 -0.288047 
1102 -0.396827 
1103 -0.113012 
1104 -0.351832 
1105 -0.351832 
1106 -0.113012 
1107 -0.351832 
1108 0.305808 
1109 -0.351832 
1110 -0.351832 
1111 0.305808 
1112 -0.215660 
1113 -0.215660 
1114 -0.101701 
1115 -0.215660 
1116 -0.215660 
1117 -0.164351 
1118 -0.155689 
1119 -0.155689 
1120 0.155205 
1121 -0.155689 
1122 0.444109 
1123 0.104872 
1124 0.444109 
1125 0.444109 
1126 0.159603 
1127 0.440492 
1128 -0.171405 
1129 0.092660 
1130 -0.171405 
1131 -0.444125 
1132 0.092660 
1133 -0.444125 
1134 -0.444125 
1135 -0.444125 
1136 0.146111 
1137 -0.086878 
1138 0.432491 
1139 0.345433 
1140 -0.288047 
1141 0.432491 
1142 0.345433 
1143 -0.351832 
1144 0.345433 
1145 -0.288047 
1146 -0.480763 
1147 -0.480763 
1148 -0.288047 
1149 -0.215660 
1150 -0.255726 
1151 -0.164351 
1152 -0.255726 
1153 0.068838 
1154 -0.164351 
1155 -0.155689 
1156 -0.155689 
1157 0.155205 
1158 0.444109 
1159 0.444109 
1160 0.159603 
1161 0.444109 
1162 0.444109 
1163 0.159603 
1164 -0.428508 
1165 0.444109 
1166 0.159603 
1167 -0.444125 
1168 0.146111 
1169 -0.143349 
1170 -0.444125 
1171 -0.444125 
1172 0.146111 
1173 -0.444125 
1174 -0.086878 
1175 -0.257980 
1176 0.345433 
1177 0.432491 
1178 0.432491 
1179 0.432491 
1180 0.432491 
1181 0.432491 
1182 0.345433 
1183 -0.480763 
1184 -0.480763 
1185 -0.396405 
1186 -0.480763 
1187 -0.090994 
1188 -0.396405 
1189 -0.255726 
1190 -0.255726 
1191 -0.164351 
1192 -0.255726 
1193 -0.255726 
1194 -0.325102 
1195 0.340766 
1196 0.340766 
1197 -0.070260 
1198 -0.121314 
1199 -0.121314 
1200 0.159603 
1201 -0.121314 
1202 -0.121314 
1203 0.164496 
1204 0.096578 
1205 -0.162059 
1206 0.164496 
1207 0.146111 
1208 -0.444125 
1209 -0.444125 
1210 0.146111 
1211 -0.086878 
1212 -0.257980 
1213 0.345433 
1214 -0.257980 
1215 0.432491 
1216 0.432491 
1217 0.432491 
1218 0.432491 
1219 0.345433 
1220 0.432491 
1221 0.432491 
1222 -0.113012 
1223 -0.053124 
1224 -0.053124 
1225 -0.132341 
1226 -0.108880 
1227 -0.108880 
1228 0.319354 
1229 -0.108880 
1230 -0.108880 
1231 0.319354 
1232 0.340766 
1233 0.340766 
1234 0.135193 
1235 -0.121314 
1236 -0.121314 
1237 -0.070260 
1238 0.340766 
1239 0.340766 
1240 0.164496 
1241 -0.480763 
1242 -0.121314 
1243 0.096578 
1244 -0.480763 
1245 -0.480763 
1246 -0.009519 
1247 0.146111 
1248 -0.130182 
1249 0.191820 
1250 -0.257980 
1251 0.200256 
1252 0.200256 
1253 -0.257980 
1254 0.432491 
1255 -0.257980 
1256 -0.113012 
1257 0.432491 
1258 -0.048199 
1259 -0.440831 
1260 -0.053124 
1261 -0.053124 
1262 -0.113012 
1263 -0.108880 
1264 -0.108880 
1265 0.437462 
1266 -0.053124 
1267 0.319354 
1268 -0.108880 
1269 0.319354 
1270 0.319354 
1271 0.066288 
1272 0.340766 
1273 0.340766 
1274 0.066288 
1275 -0.121314 
1276 -0.121314 
1277 0.159216 
1278 -0.121314 
1279 -0.121314 
1280 0.164496 
1281 0.096578 
1282 -0.295525 
1283 -0.009519 
1284 0.096578 
1285 -0.130182 
1286 0.259363 
1287 -0.257980 
1288 0.191820 
1289 0.200256 
1290 0.418974 
1291 -0.048199 
1292 -0.048199 
1293 0.200256 
1294 0.483351 
1295 0.314257 
1296 0.192767 
1297 -0.048199 
1298 -0.048199 
1299 0.192767 
1300 -0.053124 
1301 -0.053124 
1302 0.204913 
1303 0.319354 
1304 0.319354 
1305 0.319354 
1306 0.319354 
1307 0.319354 
1308 0.066288 
1309 -0.189916 
1310 0.319354 
1311 0.319354 
1312 -0.189916 
1313 -0.189916 
1314 -0.319107 
1315 0.159216 
1316 0.028301 
1317 -0.319107 
1318 0.355420 
1319 -0.295525 
1320 0.217885 
1321 0.355420 
1322 -0.130182 
1323 0.259363 
1324 0.418974 
1325 0.259363 
1326 0.418974 
1327 0.418974 
1328 0.483351 
1329 0.191820 
1330 -0.478018 
1331 0.483351 
1332 -0.048199 
1333 0.192767 
1334 -0.048199 
1335 -0.086878 
1336 0.319354 
1337 -0.086878 
1338 -0.086878 
1339 0.192767 
1340 -0.138076 
1341 0.204913 
1342 0.319354 
1343 0.319354 
1344 0.319354 
1345 0.204913 
1346 -0.189916 
1347 0.319354 
1348 -0.370183 
1349 -0.189916 
1350 -0.189916 
1351 0.237807 
1352 -0.189916 
1353 -0.319107 
1354 0.028301 
1355 -0.034006 
1356 0.028301 
1357 0.028301 
1358 -0.034006 
1359 -0.319107 
1360 0.418974 
1361 0.418974 
1362 0.418974 
1363 0.418974 
1364 0.418974 
1365 0.191820 
1366 0.259363 
1367 0.418974 
1368 0.483351 
1369 0.483351 
1370 0.483351 
1371 -0.086878 
1372 0.319354 
1373 0.483351 
1374 -0.086878 
1375 -0.086878 
1376 -0.086878 
1377 -0.086878 
1378 -0.494690 
1379 -0.494690 
1380 -0.494690 
1381 0.319354 
1382 0.217885 
1383 -0.189916 
1384 -0.370183 
1385 0.217885 
1386 -0.189916 
1387 -0.370183 
1388 -0.189916 
1389 -0.189916 
1390 -0.189916 
1391 -0.189916 
1392 0.028301 
1393 0.028301 
1394 0.183256 
1395 -0.034006 
1396 -0.319107 
1397 0.259363 
1398 0.418974 
1399 0.418974 
1400 0.259363 
1401 0.259363 
1402 0.259363 
1403 0.319354 
1404 0.319354 
1405 0.319354 
1406 0.319354 
1407 0.258238 
1408 -0.494690 
1409 -0.131143 
1410 0.319354 
1411 -0.131143 
1412 -0.370183 
1413 0.183256 
1414 -0.370183 
1415 -0.370183 
1416 -0.370183 
1417 0.183256 
1418 -0.189916 
1419 0.183256 
1420 0.028301 
1421 -0.396405 
1422 -0.102417 
1423 -0.396405 
1424 -0.102417 
1425 0.322674 
1426 -0.102417 
1427 -0.215660 
1428 -0.102417 
1429 -0.215660 
1430 -0.102417 
1431 0.316916 
1432 -0.113012 
1433 0.493831 
1434 -0.006282 
1435 -0.162059 
1436 0.081369 
1437 -0.162059 
1438 0.081369 
1439 0.298759 
1440 0.081369 
1441 0.298759 
1442 -0.287919 
1443 0.081369 
1444 0.282393 
1445 -0.077535 
1446 0.440492 
1447 0.440492 
1448 0.204913 
1449 -0.396405 
1450 0.204913 
1451 -0.102417 
1452 -0.396405 
1453 -0.294016 
1454 -0.294016 
1455 -0.396405 
1456 0.207797 
1457 -0.102417 
1458 0.482374 
1459 0.331122 
1460 -0.102417 
1461 -0.312576 
1462 -0.113012 
1463 -0.102417 
1464 -0.209829 
1465 -0.113012 
1466 -0.113012 
1467 -0.162059 
1468 0.340766 
1469 -0.006282 
1470 -0.365419 
1471 -0.287919 
1472 0.081369 
1473 -0.162059 
1474 -0.287919 
1475 0.081369 
1476 -0.215703 
1477 -0.287919 
1478 -0.287919 
1479 -0.215703 
1480 -0.287919 
1481 0.081369 
1482 -0.396827 
1483 0.305808 
1484 -0.077535 
1485 -0.186341 
1486 -0.074393 
1487 0.204913 
1488 -0.206413 
1489 0.440492 
1490 -0.094343 
1491 -0.094343 
1492 0.440492 
1493 -0.108682 
1494 -0.108682 
1495 0.493831 
1496 -0.108682 
1497 -0.108682 
1498 -0.086126 
1499 0.104872 
1500 0.207797 
1501 -0.210385 
1502 0.048566 
1503 -0.282460 
1504 0.493831 
1505 0.089631 
1506 0.089631 
1507 0.493831 
1508 -0.006282 
1509 -0.141746 
1510 0.415931 
1511 -0.006282 
1512 0.364609 
1513 -0.121314 
1514 0.081369 
1515 0.081369 
1516 0.081369 
1517 0.081369 
1518 -0.215703 
1519 -0.396827 
1520 -0.164351 
1521 -0.396827 
1522 -0.007072 
1523 -0.164351 
1524 -0.132341 
1525 -0.132341 
1526 0.440492 
1527 -0.094343 
1528 0.461578 
1529 -0.423282 
1530 -0.108682 
1531 0.159216 
1532 0.098193 
1533 -0.288047 
1534 0.155205 
1535 -0.108682 
1536 -0.356407 
1537 0.480146 
1538 0.331122 
1539 -0.356407 
1540 0.480146 
1541 0.282393 
1542 0.104872 
1543 0.104872 
1544 0.146111 
1545 0.089631 
1546 0.480380 
1547 0.228903 
1548 0.482374 
1549 -0.006282 
1550 -0.215703 
1551 0.482374 
1552 0.482374 
1553 -0.092730 
1554 0.081369 
1555 0.081369 
1556 -0.396827 
1557 0.183256 
1558 -0.164351 
1559 -0.113012 
1560 -0.155689 
1561 -0.288047 
1562 -0.077535 
1563 0.305808 
1564 -0.391395 
1565 -0.319872 
1566 0.081369 
1567 -0.164351 
1568 -0.070260 
1569 -0.101701 
1570 0.155205 
1571 -0.494690 
1572 0.314257 
1573 0.480146 
1574 0.480146 
1575 0.492752 
1576 0.480146 
1577 0.282393 
1578 0.071712 
1579 -0.440831 
1580 0.159603 
1581 0.282393 
1582 0.440492 
1583 0.089631 
1584 0.146111 
1585 0.092660 
1586 -0.323152 
1587 0.336179 
1588 -0.237322 
1589 -0.086878 
1590 0.146111 
1591 -0.086878 
1592 -0.092730 
1593 0.345433 
1594 0.183256 
1595 -0.396827 
1596 -0.113012 
1597 -0.164351 
1598 0.498488 
1599 -0.396827 
1600 -0.113012 
1601 -0.288047 
1602 -0.288047 
1603 -0.480763 
1604 -0.164351 
1605 -0.164351 
1606 -0.494690 
1607 0.332981 
1608 0.068838 
1609 -0.062213 
1610 0.155205 
1611 0.155205 
1612 0.071712 
1613 0.071712 
1614 0.159603 
1615 0.282393 
1616 -0.070260 
1617 0.480146 
1618 0.282393 
1619 -0.428508 
1620 0.159603 
1621 0.146111 
1622 0.146111 
1623 0.146111 
1624 -0.143349 
1625 -0.086878 
1626 -0.237322 
1627 0.146111 
1628 -0.086878 
1629 0.146111 
1630 0.345433 
1631 -0.257980 
1632 0.345433 
1633 -0.370183 
1634 0.432491 
1635 -0.370183 
1636 0.345433 
1637 -0.419229 
1638 0.183256 
1639 0.183256 
1640 -0.394648 
1641 0.183256 
1642 -0.090994 
1643 -0.394648 
1644 -0.164351 
1645 -0.164351 
1646 0.232517 
1647 0.135193 
1648 0.135193 
1649 0.096722 
1650 0.135193 
1651 0.135193 
1652 -0.009519 
1653 -0.070260 
1654 0.159603 
1655 0.364609 
1656 -0.130182 
1657 -0.130182 
1658 -0.162059 
1659 -0.130182 
1660 -0.130182 
1661 0.146111 
1662 -0.009519 
1663 -0.009519 
1664 -0.444125 
1665 -0.086878 
1666 0.146111 
1667 0.345433 
1668 -0.257980 
1669 -0.301950 
1670 -0.301950 
1671 0.432491 
1672 -0.070260 
1673 0.345433 
1674 0.028301 
1675 -0.132341 
1676 -0.062213 
1677 -0.005013 
1678 0.437462 
1679 0.437462 
1680 0.183256 
1681 0.437462 
1682 0.437462 
1683 0.319354 
1684 0.135193 
1685 0.135193 
1686 0.319354 
1687 0.480146 
1688 0.135193 
1689 0.135193 
1690 -0.070260 
1691 -0.070260 
1692 0.340766 
1693 -0.130182 
1694 -0.130182 
1695 -0.121314 
1696 0.164496 
1697 -0.009519 
1698 -0.130182 
1699 -0.130182 
1700 -0.009519 
1701 -0.009519 
1702 -0.130182 
1703 0.146111 
1704 -0.257980 
1705 -0.257980 
1706 0.345433 
1707 -0.301950 
1708 -0.257980 
1709 0.345433 
1710 -0.113012 
1711 -0.257980 
1712 -0.113012 
1713 -0.113012 
1714 -0.287919 
1715 -0.115464 
1716 -0.313465 
1717 0.332981 
1718 0.183256 
1719 0.183256 
1720 -0.053124 
1721 -0.130182 
1722 0.066288 
1723 -0.039780 
1724 -0.108880 
1725 -0.108880 
1726 -0.039780 
1727 0.135193 
1728 0.135193 
1729 0.159216 
1730 -0.188052 
1731 -0.391716 
1732 0.159216 
1733 -0.083312 
1734 -0.130182 
1735 -0.295525 
1736 -0.130182 
1737 -0.009519 
1738 -0.086878 
1739 -0.130182 
1740 -0.476074 
1741 -0.257980 
1742 0.259363 
1743 -0.257980 
1744 0.418974 
1745 -0.257980 
1746 -0.257980 
1747 -0.257980 
1748 0.259363 
1749 0.192767 
1750 0.314257 
1751 -0.048199 
1752 0.192767 
1753 0.326187 
1754 0.094548 
1755 0.437462 
1756 0.437462 
1757 -0.138076 
1758 0.437462 
1759 0.437462 
1760 -0.039780 
1761 -0.039780 
1762 0.066288 
1763 0.316877 
1764 0.480146 
1765 0.480146 
1766 -0.186293 
1767 -0.319107 
1768 -0.188052 
1769 -0.080069 
1770 0.217885 
1771 -0.319107 
1772 0.230786 
1773 -0.295525 
1774 0.217885 
1775 -0.086878 
1776 -0.130182 
1777 0.355420 
1778 0.418974 
1779 0.259363 
1780 0.418974 
1781 0.418974 
1782 0.418974 
1783 0.259363 
1784 0.259363 
1785 0.259363 
1786 0.192767 
1787 -0.282460 
1788 0.259363 
1789 0.192767 
1790 0.192767 
1791 0.432491 
1792 -0.131143 
1793 0.223675 
1794 0.094548 
1795 0.204913 
1796 0.204913 
1797 0.331122 
1798 -0.131143 
1799 0.217885 
1800 0.015171 
1801 -0.186293 
1802 0.183256 
1803 -0.186293 
1804 0.183256 
1805 0.183256 
1806 -0.048199 
1807 0.493831 
1808 -0.319107 
1809 -0.034006 
1810 -0.319107 
1811 0.028301 
1812 0.024401 
1813 -0.319107 
1814 -0.034006 
1815 0.418974 
1816 0.259363 
1817 0.418974 
1818 0.418974 
1819 0.418974 
1820 0.418974 
1821 0.259363 
1822 0.259363 
1823 0.467698 
1824 0.319354 
1825 0.483351 
1826 0.467698 
1827 0.467698 
1828 0.483351 
1829 0.258238 
1830 0.258238 
1831 0.204913 
1832 0.217885 
1833 -0.131143 
1834 0.204913 
1835 0.217885 
1836 -0.131143 
1837 0.041565 
1838 0.217885 
1839 0.183256 
1840 -0.122302 
1841 0.237807 
1842 -0.370183 
1843 -0.189916 
1844 0.237807 
1845 0.183256 
1846 -0.189916 
1847 0.028301 
1848 0.028301 
1849 0.493831 
1850 -0.319107 
1851 -0.034006 
1852 0.259363 
1853 0.418974 
1854 0.259363 
1855 0.259363 
1856 0.259363 
1857 0.319354 
1858 0.259363 
1859 0.319354 
1860 0.259363 
1861 0.258238 
1862 0.094548 
1863 -0.131143 
1864 0.319354 
1865 -0.131143 
1866 -0.186293 
1867 0.183256 
1868 -0.186293 
1869 -0.370183 
1870 -0.186293 
1871 0.183256 
1872 -0.358343 
1873 0.183256 
1874 -0.358343 
1875 0.305808 
1876 0.228903 
1877 -0.396405 
1878 -0.102417 
1879 0.322674 
1880 -0.102417 
1881 -0.215660 
1882 0.159216 
1883 -0.215660 
1884 -0.279060 
1885 0.316916 
1886 0.408034 
1887 0.493831 
1888 -0.113012 
1889 -0.162059 
1890 -0.083312 
1891 -0.162059 
1892 0.282393 
1893 0.298759 
1894 -0.287919 
1895 0.298759 
1896 -0.287919 
1897 -0.091008 
1898 0.282393 
1899 0.282393 
1900 -0.007540 
1901 0.385565 
1902 -0.396405 
1903 -0.396405 
1904 -0.074393 
1905 -0.396405 
1906 -0.396405 
1907 0.204913 
1908 -0.396405 
1909 0.322674 
1910 0.207797 
1911 0.493831 
1912 -0.215660 
1913 -0.279060 
1914 -0.264883 
1915 0.316916 
1916 -0.351832 
1917 0.331122 
1918 0.331122 
1919 -0.257980 
1920 -0.162059 
1921 0.493831 
1922 -0.257980 
1923 -0.162059 
1924 -0.162059 
1925 -0.378593 
1926 -0.162059 
1927 -0.162059 
1928 -0.287919 
1929 0.081369 
1930 0.298759 
1931 -0.287919 
1932 -0.091008 
1933 -0.091008 
1934 -0.287919 
1935 -0.091008 
1936 0.282393 
1937 0.146111 
1938 0.385565 
1939 -0.074393 
1940 -0.186341 
1941 0.204913 
1942 -0.074393 
1943 -0.198780 
1944 0.440492 
1945 -0.396405 
1946 -0.198780 
1947 -0.462663 
1948 -0.356407 
1949 0.355420 
1950 0.324952 
1951 -0.264883 
1952 0.098193 
1953 0.408034 
1954 0.408034 
1955 -0.324737 
1956 0.363121 
1957 -0.257980 
1958 -0.113012 
1959 -0.113012 
1960 -0.365419 
1961 0.493831 
1962 -0.006282 
1963 -0.006282 
1964 -0.215703 
1965 -0.455768 
1966 -0.215703 
1967 0.298759 
1968 -0.006282 
1969 -0.091008 
1970 -0.215703 
1971 0.334092 
1972 -0.215703 
1973 -0.122302 
1974 -0.164351 
1975 -0.007072 
1976 -0.164351 
1977 -0.164351 
1978 0.168122 
1979 -0.198780 
1980 0.104872 
1981 -0.351832 
1982 0.198937 
1983 0.440492 
1984 -0.132341 
1985 -0.198780 
1986 -0.198780 
1987 -0.094343 
1988 0.098193 
1989 0.098193 
1990 -0.322171 
1991 0.282393 
1992 0.298759 
1993 -0.164351 
1994 0.282393 
1995 0.282393 
1996 0.098728 
1997 -0.005013 
1998 0.146111 
1999 0.159110 
2000 0.146111 
2001 0.146111 
2002 0.381505 
2003 -0.215703 
2004 -0.215703 
2005 -0.006282 
2006 0.081369 
2007 -0.091008 
2008 0.482374 
2009 0.081369 
2010 -0.122302 
2011 0.183256 
2012 -0.007072 
2013 -0.164351 
2014 -0.164351 
2015 0.168122 
2016 -0.480763 
2017 -0.480763 
2018 0.297656 
2019 0.103832 
2020 0.322674 
2021 -0.128944 
2022 -0.198780 
2023 -0.198780 
2024 -0.123405 
2025 0.098193 
2026 0.098193 
2027 -0.363225 
2028 -0.396827 
2029 -0.086126 
2030 -0.358343 
2031 0.298759 
2032 0.282393 
2033 -0.440831 
2034 0.146111 
2035 0.146111 
2036 -0.122302 
2037 0.146111 
2038 0.146111 
2039 0.095466 
2040 0.146111 
2041 0.146111 
2042 0.146111 
2043 -0.092730 
2044 -0.092730 
2045 -0.237322 
2046 -0.092730 
2047 -0.122302 
2048 0.183256 
2049 0.183256 
2050 0.183256 
2051 0.183256 
2052 0.340766 
2053 -0.155689 
2054 0.183256 
2055 0.297656 
2056 0.282393 
2057 0.282393 
2058 0.181623 
2059 -0.014550 
2060 0.223675 
2061 -0.468480 
2062 0.068838 
2063 -0.186293 
2064 0.200256 
2065 0.071712 
2066 0.071712 
2067 -0.319872 
2068 0.071712 
2069 0.071712 
2070 -0.015063 
2071 0.316916 
2072 -0.354043 
2073 -0.410373 
2074 0.146111 
2075 -0.314689 
2076 0.334092 
2077 0.146111 
2078 0.146111 
2079 0.089631 
2080 0.146111 
2081 0.146111 
2082 -0.237322 
2083 0.146111 
2084 -0.237322 
2085 -0.257980 
2086 0.183256 
2087 0.023828 
2088 0.023828 
2089 -0.268487 
2090 0.023828 
2091 0.408034 
2092 0.183256 
2093 -0.092730 
2094 -0.083312 
2095 -0.166320 
2096 -0.123405 
2097 0.394562 
2098 0.345433 
2099 0.282393 
2100 0.282393 
2101 -0.324737 
2102 -0.077535 
2103 -0.077535 
2104 0.332981 
2105 -0.015063 
2106 0.071712 
2107 -0.014787 
2108 -0.198780 
2109 0.071712 
2110 0.324952 
2111 -0.077535 
2112 -0.077535 
2113 0.482374 
2114 -0.354043 
2115 0.146111 
2116 -0.301950 
2117 0.146111 
2118 0.146111 
2119 -0.237322 
2120 0.146111 
2121 0.089631 
2122 -0.257980 
2123 0.483351 
2124 -0.257980 
2125 -0.171405 
2126 -0.268487 
2127 0.245681 
2128 0.440492 
2129 -0.189916 
2130 -0.186341 
2131 0.183256 
2132 -0.118996 
2133 0.200256 
2134 0.364609 
2135 0.183256 
2136 0.282393 
2137 0.282393 
2138 -0.444125 
2139 0.298759 
2140 -0.166320 
2141 -0.419229 
2142 0.298759 
2143 0.298759 
2144 0.135193 
2145 0.159216 
2146 0.011773 
2147 0.083505 
2148 0.159216 
2149 0.081369 
2150 -0.383651 
2151 0.164496 
2152 -0.455768 
2153 -0.130182 
2154 0.028301 
2155 0.028301 
2156 -0.009519 
2157 0.146111 
2158 -0.455768 
2159 -0.257980 
2160 -0.257980 
2161 -0.257980 
2162 -0.171405 
2163 0.314257 
2164 -0.257980 
2165 -0.257980 
2166 -0.301950 
2167 0.408034 
2168 -0.189916 
2169 -0.070260 
2170 -0.226384 
2171 -0.166320 
2172 -0.272042 
2173 0.089631 
2174 0.237807 
2175 0.437462 
2176 -0.130182 
2177 0.316877 
2178 -0.014550 
2179 -0.039780 
2180 -0.039780 
2181 0.230786 
2182 0.159216 
2183 0.135193 
2184 0.480146 
2185 -0.391716 
2186 -0.391716 
2187 0.232517 
2188 0.159216 
2189 -0.086878 
2190 0.081369 
2191 -0.476074 
2192 -0.086878 
2193 -0.009519 
2194 -0.476074 
2195 -0.455768 
2196 0.259363 
2197 -0.257980 
2198 -0.257980 
2199 -0.257980 
2200 0.418974 
2201 0.259363 
2202 -0.257980 
2203 -0.360289 
2204 -0.257980 
2205 0.094548 
2206 -0.009519 
2207 -0.006282 
2208 0.094548 
2209 0.168122 
2210 0.332981 
2211 0.332981 
2212 -0.034006 
2213 -0.039780 
2214 -0.039780 
2215 0.355420 
2216 -0.039780 
2217 -0.186293 
2218 0.444109 
2219 -0.186293 
2220 -0.186293 
2221 -0.323152 
2222 0.159216 
2223 0.159216 
2224 -0.360289 
2225 0.024401 
2226 0.159216 
2227 -0.188052 
2228 0.355420 
2229 0.024401 
2230 -0.295525 
2231 0.355420 
2232 -0.455768 
2233 0.259363 
2234 0.432294 
2235 0.259363 
2236 0.418974 
2237 0.418974 
2238 0.259363 
2239 0.259363 
2240 0.259363 
2241 0.259363 
2242 -0.119315 
2243 0.467698 
2244 0.094548 
2245 0.192767 
2246 0.432491 
2247 0.204913 
2248 0.094548 
2249 -0.131143 
2250 0.332981 
2251 0.041565 
2252 -0.131143 
2253 -0.122302 
2254 -0.186293 
2255 -0.131143 
2256 -0.186293 
2257 -0.039780 
2258 0.183256 
2259 -0.128944 
2260 0.183256 
2261 -0.282460 
2262 -0.358343 
2263 0.183256 
2264 0.183256 
2265 -0.034006 
2266 0.024401 
2267 -0.325102 
2268 -0.034006 
2269 -0.188052 
2270 0.259363 
2271 0.418974 
2272 0.259363 
2273 0.259363 
2274 0.418974 
2275 -0.396827 
2276 0.259363 
2277 0.418974 
2278 0.259363 
2279 0.259363 
2280 -0.396827 
2281 -0.006282 
2282 -0.006282 
2283 -0.281806 
2284 0.204913 
2285 0.094548 
2286 -0.281806 
2287 0.041565 
2288 0.319354 
2289 0.041565 
2290 0.041565 
2291 -0.186293 
2292 0.217885 
2293 -0.186293 
2294 -0.186293 
2295 0.217885 
2296 -0.128944 
2297 -0.186293 
2298 0.183256 
2299 0.305808 
2300 -0.358343 
2301 0.183256 
2302 0.305808 
2303 0.305808 
2304 -0.325102 
2305 -0.034006 
2306 -0.188052 
2307 0.259363 
2308 0.259363 
2309 0.418974 
2310 0.259363 
2311 0.259363 
2312 0.259363 
2313 0.319354 
2314 0.259363 
2315 0.319354 
2316 0.094548 
2317 0.258238 
2318 0.319354 
2319 -0.131143 
2320 -0.186293 
2321 -0.131143 
2322 -0.186293 
2323 0.183256 
2324 -0.186293 
2325 -0.370183 
2326 -0.358343 
2327 0.183256 
2328 -0.358343 
2329 0.183256 
2330 -0.131143 
2331 -0.079627 
2332 -0.282460 
2333 -0.396405 
2334 -0.282460 
2335 0.322674 
2336 0.159216 
2337 -0.215660 
2338 -0.279060 
2339 -0.215660 
2340 0.408034 
2341 0.324952 
2342 -0.113012 
2343 -0.083312 
2344 -0.083312 
2345 -0.083312 
2346 0.282393 
2347 -0.083312 
2348 -0.287919 
2349 0.282393 
2350 -0.287919 
2351 0.282393 
2352 0.282393 
2353 -0.091008 
2354 0.282393 
2355 0.385565 
2356 -0.007540 
2357 0.228903 
2358 0.228903 
2359 -0.396405 
2360 0.228903 
2361 -0.282460 
2362 -0.396405 
2363 0.159216 
2364 0.305808 
2365 -0.396405 
2366 0.198937 
2367 -0.351832 
2368 -0.356407 
2369 -0.279060 
2370 -0.351832 
2371 -0.188052 
2372 -0.350168 
2373 0.408034 
2374 -0.188052 
2375 -0.257980 
2376 -0.113012 
2377 -0.162059 
2378 -0.378593 
2379 -0.083312 
2380 -0.365419 
2381 -0.287919 
2382 0.282393 
2383 -0.162059 
2384 -0.287919 
2385 -0.287919 
2386 -0.091008 
2387 0.282393 
2388 -0.287919 
2389 -0.091008 
2390 0.282393 
2391 -0.091008 
2392 0.385565 
2393 -0.354043 
2394 0.385565 
2395 0.228903 
2396 -0.007540 
2397 -0.340277 
2398 -0.007540 
2399 0.440492 
2400 -0.094343 
2401 -0.094343 
2402 -0.198780 
2403 0.360614 
2404 0.480146 
2405 0.159110 
2406 -0.351832 
2407 0.198937 
2408 0.316877 
2409 0.408034 
2410 0.408034 
2411 0.006039 
2412 -0.257980 
2413 0.408034 
2414 0.331122 
2415 -0.480763 
2416 0.181623 
2417 -0.223124 
2418 0.334092 
2419 -0.378593 
2420 -0.094343 
2421 0.334092 
2422 0.380259 
2423 0.298759 
2424 -0.122302 
2425 0.380259 
2426 -0.091008 
2427 -0.122302 
2428 -0.091008 
2429 -0.223124 
2430 -0.354043 
2431 -0.223124 
2432 -0.223124 
2433 0.146111 
2434 0.103582 
2435 0.103582 
2436 -0.198780 
2437 -0.340277 
2438 0.103582 
2439 -0.198780 
2440 0.360614 
2441 0.360614 
2442 0.432294 
2443 0.394562 
2444 0.098193 
2445 0.290983 
2446 0.408034 
2447 0.408034 
2448 -0.108880 
2449 -0.113012 
2450 0.408034 
2451 -0.061188 
2452 -0.113012 
2453 -0.113012 
2454 0.245681 
2455 -0.094343 
2456 0.381505 
2457 0.360614 
2458 -0.118996 
2459 0.315915 
2460 -0.094343 
2461 -0.122302 
2462 -0.118996 
2463 -0.091008 
2464 -0.122302 
2465 -0.091008 
2466 -0.007072 
2467 0.183256 
2468 -0.223124 
2469 -0.007072 
2470 -0.155689 
2471 0.168122 
2472 0.230578 
2473 -0.410373 
2474 0.360614 
2475 0.297656 
2476 -0.062213 
2477 0.316916 
2478 -0.354043 
2479 -0.391716 
2480 -0.094343 
2481 0.083505 
2482 0.155205 
2483 -0.391395 
2484 0.437462 
2485 0.334092 
2486 0.298759 
2487 0.282393 
2488 -0.490771 
2489 0.146111 
2490 -0.090994 
2491 -0.472486 
2492 0.089631 
2493 0.089631 
2494 -0.092730 
2495 0.089631 
2496 -0.472486 
2497 0.146111 
2498 -0.237322 
2499 -0.237322 
2500 -0.092730 
2501 -0.122302 
2502 -0.122302 
2503 0.183256 
2504 0.183256 
2505 -0.223124 
2506 -0.223124 
2507 0.023828 
2508 0.297656 
2509 0.340766 
2510 0.183256 
2511 0.298523 
2512 0.297656 
2513 -0.340277 
2514 0.297656 
2515 0.297656 
2516 -0.378593 
2517 0.408034 
2518 0.408034 
2519 0.459089 
2520 0.334092 
2521 0.481093 
2522 -0.268602 
2523 0.071712 
2524 -0.198780 
2525 0.207797 
2526 -0.206413 
2527 -0.198780 
2528 0.481093 
2529 0.089631 
2530 -0.410373 
2531 0.086702 
2532 0.146111 
2533 0.089631 
2534 0.089631 
2535 -0.237322 
2536 -0.237322 
2537 0.146111 
2538 -0.237322 
2539 -0.039780 
2540 0.183256 
2541 0.114114 
2542 0.183256 
2543 -0.268487 
2544 0.023828 
2545 0.230578 
2546 0.230578 
2547 0.183256 
2548 0.183256 
2549 0.183256 
2550 0.498488 
2551 0.183256 
2552 0.230578 
2553 0.282393 
2554 -0.378593 
2555 -0.272126 
2556 -0.077535 
2557 -0.378593 
2558 -0.378593 
2559 -0.433556 
2560 0.011773 
2561 -0.198780 
2562 -0.324737 
2563 -0.198780 
2564 0.011773 
2565 -0.296201 
2566 0.081369 
2567 0.081369 
2568 0.360614 
2569 0.089631 
2570 0.228903 
2571 0.146111 
2572 0.089631 
2573 -0.237322 
2574 0.146111 
2575 0.089631 
2576 0.028301 
2577 0.483351 
2578 0.114114 
2579 -0.268487 
2580 -0.268487 
2581 0.440492 
2582 -0.268487 
2583 0.467698 
2584 0.183256 
2585 -0.360289 
2586 0.183256 
2587 0.408034 
2588 0.437462 
2589 0.437462 
2590 -0.272126 
2591 0.437462 
2592 0.437462 
2593 -0.391395 
2594 -0.378593 
2595 -0.378593 
2596 -0.272042 
2597 0.011773 
2598 0.011773 
2599 0.298759 
2600 0.081369 
2601 0.011773 
2602 0.066288 
2603 0.081369 
2604 0.081369 
2605 0.380212 
2606 0.081369 
2607 -0.455768 
2608 -0.130182 
2609 -0.455768 
2610 -0.295525 
2611 0.028301 
2612 -0.455768 
2613 0.028301 
2614 -0.257980 
2615 0.430691 
2616 0.483351 
2617 0.314257 
2618 -0.171405 
2619 -0.055990 
2620 0.314257 
2621 -0.171405 
2622 -0.189916 
2623 -0.189916 
2624 0.282393 
2625 -0.171405 
2626 0.437462 
2627 -0.350168 
2628 0.183256 
2629 0.183256 
2630 0.493831 
2631 0.498488 
2632 0.437462 
2633 -0.077535 
2634 -0.378593 
2635 0.279651 
2636 0.298759 
2637 0.011773 
2638 0.011773 
2639 -0.468480 
2640 0.081369 
2641 -0.141746 
2642 0.338212 
2643 0.081369 
2644 -0.295525 
2645 -0.155689 
2646 -0.455768 
2647 -0.295525 
2648 -0.086878 
2649 -0.455768 
2650 -0.476074 
2651 -0.257980 
2652 0.259363 
2653 -0.257980 
2654 0.432294 
2655 -0.257980 
2656 -0.308651 
2657 0.432294 
2658 -0.287919 
2659 0.095466 
2660 -0.350168 
2661 0.087750 
2662 0.432491 
2663 0.230786 
2664 -0.086126 
2665 0.437462 
2666 0.437462 
2667 -0.333456 
2668 0.437462 
2669 0.437462 
2670 0.151088 
2671 0.279651 
2672 0.183256 
2673 -0.083312 
2674 0.183256 
2675 0.183256 
2676 0.020244 
2677 0.183256 
2678 0.183256 
2679 -0.369310 
2680 0.081369 
2681 0.081369 
2682 0.103832 
2683 -0.295525 
2684 -0.295525 
2685 -0.086878 
2686 -0.455768 
2687 0.355420 
2688 0.432294 
2689 0.259363 
2690 0.432294 
2691 -0.396827 
2692 0.430691 
2693 0.259363 
2694 0.430691 
2695 -0.494690 
2696 -0.015063 
2697 -0.490771 
2698 0.259363 
2699 -0.281806 
2700 0.230786 
2701 -0.490771 
2702 -0.131143 
2703 -0.131143 
2704 0.094548 
2705 -0.034006 
2706 0.041565 
2707 -0.131143 
2708 -0.131143 
2709 -0.131143 
2710 -0.186293 
2711 0.183256 
2712 0.183256 
2713 0.322674 
2714 0.183256 
2715 0.183256 
2716 -0.358343 
2717 0.183256 
2718 -0.325102 
2719 0.305808 
2720 -0.188052 
2721 -0.131143 
2722 0.024401 
2723 -0.188052 
2724 -0.034006 
2725 0.418974 
2726 0.440492 
2727 -0.396827 
2728 0.418974 
2729 0.259363 
2730 -0.396827 
2731 0.432294 
2732 0.103832 
2733 -0.372766 
2734 0.432294 
2735 -0.288047 
2736 -0.372766 
2737 0.432491 
2738 -0.288047 
2739 0.083505 
2740 0.083505 
2741 0.204913 
2742 0.480380 
2743 -0.131143 
2744 0.024401 
2745 0.480380 
2746 -0.131143 
2747 0.024401 
2748 -0.171405 
2749 0.183256 
2750 0.319354 
2751 0.183256 
2752 0.183256 
2753 0.183256 
2754 -0.131143 
2755 0.183256 
2756 -0.325102 
2757 -0.131143 
2758 -0.131143 
2759 -0.325102 
2760 -0.188052 
2761 -0.034006 
2762 0.259363 
2763 0.418974 
2764 0.440492 
2765 0.432294 
2766 0.259363 
2767 0.432294 
2768 -0.226384 
2769 0.432491 
2770 -0.490771 
2771 0.432491 
2772 0.316916 
2773 -0.131143 
2774 0.316916 
2775 -0.131143 
2776 -0.018415 
2777 0.183256 
2778 -0.186293 
2779 0.183256 
2780 -0.186293 
2781 0.183256 
2782 -0.461124 
2783 0.183256 
2784 -0.461124 
2785 0.305808 
2786 -0.155689 
2787 -0.007540 
2788 0.483351 
2789 -0.282460 
2790 0.483351 
2791 -0.282460 
2792 0.159216 
2793 -0.279060 
2794 -0.279060 
2795 0.324952 
2796 0.408034 
2797 -0.083312 
2798 -0.113012 
2799 -0.083312 
2800 -0.083312 
2801 -0.083312 
2802 0.282393 
2803 0.282393 
2804 -0.287919 
2805 0.282393 
2806 -0.287919 
2807 -0.091008 
2808 0.282393 
2809 0.282393 
2810 -0.007540 
2811 0.385565 
2812 -0.079627 
2813 -0.079627 
2814 -0.155689 
2815 -0.396405 
2816 -0.007540 
2817 0.228903 
2818 -0.079627 
2819 -0.282460 
2820 0.305808 
2821 -0.141746 
2822 -0.282460 
2823 -0.312576 
2824 -0.188052 
2825 -0.279060 
2826 -0.312576 
2827 -0.188052 
2828 0.324952 
2829 -0.257980 
2830 0.331122 
2831 -0.083312 
2832 -0.257980 
2833 -0.223124 
2834 -0.083312 
2835 -0.480763 
2836 -0.113012 
2837 -0.113012 
2838 -0.287919 
2839 -0.091008 
2840 0.282393 
2841 -0.287919 
2842 -0.091008 
2843 -0.091008 
2844 -0.091008 
2845 -0.091008 
2846 0.282393 
2847 -0.354043 
2848 0.385565 
2849 -0.007540 
2850 0.146111 
2851 0.228903 
2852 0.261660 
2853 -0.007540 
2854 0.228903 
2855 -0.198780 
2856 -0.198780 
2857 0.305808 
2858 -0.257980 
2859 0.096105 
2860 0.100035 
2861 -0.257980 
2862 -0.200643 
2863 0.100603 
2864 0.408034 
2865 -0.188052 
2866 -0.198780 
2867 -0.257980 
2868 0.322674 
2869 -0.350168 
2870 -0.083312 
2871 -0.113012 
2872 -0.074393 
2873 -0.094343 
2874 -0.094343 
2875 -0.079627 
2876 0.380259 
2877 0.380259 
2878 0.282393 
2879 -0.091008 
2880 -0.091008 
2881 -0.287919 
2882 -0.091008 
2883 -0.122302 
2884 -0.354043 
2885 -0.223124 
2886 -0.354043 
2887 0.261660 
2888 -0.223124 
2889 -0.198780 
2890 -0.198780 
2891 -0.340277 
2892 0.023828 
2893 0.459756 
2894 -0.394648 
2895 -0.198780 
2896 -0.268487 
2897 0.087750 
2898 0.334092 
2899 0.334092 
2900 0.095466 
2901 -0.383651 
2902 -0.198780 
2903 0.089631 
2904 0.006039 
2905 -0.423282 
2906 -0.014550 
2907 -0.094343 
2908 -0.094343 
2909 -0.237322 
2910 -0.094343 
2911 -0.215660 
2912 0.382456 
2913 -0.094343 
2914 -0.094343 
2915 -0.118996 
2916 -0.091008 
2917 -0.091008 
2918 -0.419229 
2919 -0.091008 
2920 -0.122302 
2921 0.183256 
2922 -0.223124 
2923 -0.223124 
2924 -0.396827 
2925 -0.223124 
2926 -0.014787 
2927 -0.396827 
2928 -0.313465 
2929 -0.198780 
2930 -0.198780 
2931 0.191820 
2932 0.459756 
2933 0.459756 
2934 0.408034 
2935 0.481093 
2936 -0.257980 
2937 -0.115464 
2938 0.481093 
2939 0.385565 
2940 -0.185678 
2941 -0.475778 
2942 -0.403125 
2943 0.430691 
2944 0.023828 
2945 -0.461124 
2946 -0.313465 
2947 -0.034006 
2948 -0.461124 
2949 0.347482 
2950 0.146111 
2951 -0.086126 
2952 0.089631 
2953 -0.122302 
2954 -0.039780 
2955 -0.237322 
2956 -0.122302 
2957 -0.122302 
2958 0.183256 
2959 0.183256 
2960 0.183256 
2961 0.114114 
2962 -0.223124 
2963 0.183256 
2964 0.183256 
2965 0.230578 
2966 0.282393 
2967 -0.360289 
2968 -0.209602 
2969 -0.226384 
2970 0.024401 
2971 -0.288047 
2972 0.481093 
2973 0.481093 
2974 0.467698 
2975 0.481093 
2976 0.481093 
2977 -0.308651 
2978 0.481093 
2979 0.481093 
2980 -0.295525 
2981 -0.461124 
2982 -0.461124 
2983 -0.358343 
2984 0.068838 
2985 0.068838 
2986 -0.006859 
2987 -0.461124 
2988 0.332981 
2989 0.089631 
2990 -0.237322 
2991 -0.039780 
2992 -0.053124 
2993 -0.039780 
2994 -0.122302 
2995 0.114114 
2996 0.183256 
2997 0.183256 
2998 0.114114 
2999 -0.268487 
3000 0.114114 
3001 0.098728 
3002 0.483351 
3003 0.282393 
3004 0.282393 
3005 0.100035 
3006 -0.272126 
3007 -0.272126 
3008 0.234395 
3009 0.282393 
3010 -0.086878 
3011 0.015171 
3012 -0.079627 
3013 0.481093 
3014 -0.209829 
3015 0.481093 
3016 -0.079627 
3017 0.382456 
3018 -0.324737 
3019 -0.272126 
3020 -0.272042 
3021 -0.461124 
3022 -0.461124 
3023 0.259397 
3024 -0.461124 
3025 -0.461124 
3026 0.089631 
3027 0.028301 
3028 0.028301 
3029 -0.041366 
3030 0.028301 
3031 0.089631 
3032 0.114114 
3033 0.483351 
3034 0.114114 
3035 -0.171405 
3036 -0.268487 
3037 0.183256 
3038 0.183256 
3039 0.483351 
3040 -0.166320 
3041 0.183256 
3042 -0.080069 
3043 0.282393 
3044 0.282393 
3045 0.086332 
3046 0.282393 
3047 0.498488 
3048 -0.272126 
3049 0.498488 
3050 -0.186341 
3051 0.068838 
3052 0.298759 
3053 0.298759 
3054 -0.356407 
3055 0.103000 
3056 0.011773 
3057 0.483351 
3058 0.434511 
3059 -0.091008 
3060 -0.186293 
3061 0.068838 
3062 -0.455768 
3063 -0.091008 
3064 0.028301 
3065 0.028301 
3066 -0.041366 
3067 0.028301 
3068 -0.455768 
3069 0.430691 
3070 -0.257980 
3071 -0.171405 
3072 -0.171405 
3073 0.314257 
3074 -0.494690 
3075 0.437462 
3076 0.483351 
3077 0.096105 
3078 -0.005013 
3079 -0.164351 
3080 -0.094343 
3081 -0.272126 
3082 -0.308651 
3083 0.498488 
3084 -0.323152 
3085 -0.325102 
3086 0.498488 
3087 0.237807 
3088 -0.048199 
3089 0.498488 
3090 0.498488 
3091 -0.249567 
3092 -0.455768 
3093 0.298759 
3094 0.305808 
3095 0.216473 
3096 0.207797 
3097 -0.383651 
3098 0.253740 
3099 -0.091008 
3100 -0.455768 
3101 -0.091008 
3102 0.481093 
3103 -0.325102 
3104 -0.091008 
3105 -0.455768 
3106 0.259363 
3107 -0.257980 
3108 0.430691 
3109 0.430691 
3110 0.096105 
3111 -0.490771 
3112 -0.494690 
3113 -0.055990 
3114 0.023828 
3115 -0.118996 
3116 0.385565 
3117 -0.472486 
3118 -0.122302 
3119 -0.228129 
3120 -0.308651 
3121 -0.142866 
3122 -0.473367 
3123 0.498488 
3124 0.498488 
3125 0.223675 
3126 0.298759 
3127 0.498488 
3128 -0.316929 
3129 -0.461124 
3130 -0.461124 
3131 0.279651 
3132 -0.461124 
3133 -0.461124 
3134 -0.423282 
3135 0.114114 
3136 0.114114 
3137 0.216473 
3138 0.216473 
3139 -0.325102 
3140 -0.287919 
3141 0.216473 
3142 -0.455768 
3143 0.259363 
3144 0.024401 
3145 0.259363 
3146 0.430691 
3147 -0.396827 
3148 0.103832 
3149 -0.490771 
3150 -0.055990 
3151 -0.288047 
3152 -0.490771 
3153 -0.372766 
3154 -0.490771 
3155 0.319354 
3156 0.083505 
3157 -0.490771 
3158 -0.142866 
3159 -0.363225 
3160 -0.372766 
3161 0.024401 
3162 0.480380 
3163 -0.018415 
3164 -0.018415 
3165 -0.171405 
3166 0.319354 
3167 -0.461124 
3168 0.183256 
3169 -0.461124 
3170 0.183256 
3171 -0.461124 
3172 -0.461124 
3173 -0.461124 
3174 -0.131143 
3175 -0.301950 
3176 0.305808 
3177 -0.131143 
3178 -0.301950 
3179 -0.188052 
3180 0.440492 
3181 0.418974 
3182 -0.226384 
3183 0.440492 
3184 -0.396827 
3185 -0.257980 
3186 0.259363 
3187 0.430691 
3188 -0.288047 
3189 -0.226384 
3190 -0.372766 
3191 -0.257980 
3192 -0.490771 
3193 0.083505 
3194 -0.363225 
3195 0.316916 
3196 -0.363225 
3197 0.024401 
3198 0.024401 
3199 0.480380 
3200 0.024401 
3201 -0.018415 
3202 -0.171405 
3203 0.319354 
3204 -0.186293 
3205 -0.468480 
3206 -0.461124 
3207 0.319354 
3208 -0.468480 
3209 0.305808 
3210 -0.461124 
3211 -0.131143 
3212 0.305808 
3213 0.305808 
3214 -0.325102 
3215 -0.301950 
3216 -0.188052 
3217 0.259363 
3218 0.440492 
3219 0.418974 
3220 0.259363 
3221 0.024401 
3222 -0.226384 
3223 -0.041366 
3224 -0.490771 
3225 -0.041366 
3226 0.316916 
3227 0.432491 
3228 0.316916 
3229 -0.131143 
3230 -0.018415 
3231 -0.131143 
3232 -0.186293 
3233 0.183256 
3234 -0.186293 
3235 0.183256 
3236 -0.461124 
3237 0.183256 
3238 -0.461124 
3239 0.183256 
3240 -0.131143 
3241 -0.079627 
3242 0.483351 
3243 -0.007540 
3244 0.483351 
3245 -0.282460 
3246 -0.312576 
3247 -0.282460 
3248 0.100035 
3249 -0.279060 
3250 -0.279060 
3251 0.324952 
3252 0.340766 
3253 -0.083312 
3254 -0.083312 
3255 -0.083312 
3256 0.282393 
3257 -0.083312 
3258 0.282393 
3259 0.282393 
3260 0.282393 
3261 0.282393 
3262 -0.091008 
3263 -0.091008 
3264 0.282393 
3265 0.228903 
3266 -0.007540 
3267 0.228903 
3268 -0.155689 
3269 -0.079627 
3270 -0.155689 
3271 0.483351 
3272 -0.079627 
3273 0.305808 
3274 0.305808 
3275 -0.079627 
3276 0.100035 
3277 -0.312576 
3278 -0.472486 
3279 -0.312576 
3280 0.100035 
3281 -0.188052 
3282 0.340766 
3283 -0.279060 
3284 -0.188052 
3285 -0.350168 
3286 0.340766 
3287 0.104872 
3288 -0.074393 
3289 -0.083312 
3290 0.104872 
3291 -0.287919 
3292 0.282393 
3293 0.282393 
3294 -0.287919 
3295 0.282393 
3296 -0.091008 
3297 -0.091008 
3298 -0.091008 
3299 -0.091008 
3300 -0.091008 
3301 -0.091008 
3302 0.146111 
3303 -0.354043 
3304 0.228903 
3305 0.146111 
3306 0.146111 
3307 -0.155689 
3308 0.146111 
3309 -0.312576 
3310 0.483351 
3311 0.483351 
3312 -0.007540 
3313 0.100035 
3314 0.100035 
3315 -0.141746 
3316 -0.312576 
3317 0.100035 
3318 -0.257980 
3319 0.340766 
3320 -0.198780 
3321 0.482374 
3322 -0.423282 
3323 0.385565 
3324 0.314257 
3325 -0.391716 
3326 -0.062213 
3327 -0.094343 
3328 0.461578 
3329 -0.079627 
3330 0.259397 
3331 -0.419229 
3332 0.282393 
3333 0.481093 
3334 -0.091008 
3335 -0.419229 
3336 -0.091008 
3337 -0.091008 
3338 -0.091008 
3339 -0.223124 
3340 -0.354043 
3341 0.146111 
3342 -0.223124 
3343 -0.391395 
3344 0.146111 
3345 0.483351 
3346 -0.007540 
3347 0.483351 
3348 0.483351 
3349 -0.288815 
3350 -0.257980 
3351 -0.257980 
3352 0.168122 
3353 -0.198780 
3354 -0.312576 
3355 -0.257980 
3356 -0.403125 
3357 -0.198780 
3358 -0.128944 
3359 -0.255691 
3360 -0.423282 
3361 0.183256 
3362 0.403871 
3363 -0.413751 
3364 -0.378593 
3365 -0.094343 
3366 0.461578 
3367 -0.410373 
3368 -0.079627 
3369 -0.122302 
3370 -0.094343 
3371 -0.122302 
3372 -0.419229 
3373 -0.091008 
3374 -0.122302 
3375 -0.091008 
3376 -0.223124 
3377 0.183256 
3378 -0.223124 
3379 -0.223124 
3380 -0.391395 
3381 0.230578 
3382 0.230578 
3383 -0.391395 
3384 -0.340277 
3385 -0.340277 
3386 0.459756 
3387 0.459756 
3388 0.334092 
3389 -0.255691 
3390 -0.074393 
3391 -0.363225 
3392 0.481093 
3393 0.096722 
3394 0.198937 
3395 -0.119315 
3396 -0.475778 
3397 -0.403125 
3398 -0.461124 
3399 -0.403125 
3400 -0.403125 
3401 -0.055990 
3402 -0.388940 
3403 -0.388940 
3404 0.418974 
3405 0.391979 
3406 0.089631 
3407 -0.461124 
3408 -0.122302 
3409 -0.108880 
3410 -0.122302 
3411 -0.122302 
3412 -0.122302 
3413 0.483351 
3414 0.183256 
3415 -0.223124 
3416 -0.223124 
3417 0.146111 
3418 0.381505 
3419 0.216473 
3420 0.230578 
3421 -0.295525 
3422 -0.351832 
3423 -0.370183 
3424 -0.468480 
3425 0.394562 
3426 -0.444125 
3427 -0.092730 
3428 0.444109 
3429 0.481093 
3430 0.355420 
3431 -0.014550 
3432 0.258238 
3433 -0.403125 
3434 -0.403125 
3435 0.114114 
3436 -0.403125 
3437 -0.388940 
3438 -0.461124 
3439 -0.226384 
3440 0.480380 
3441 -0.461124 
3442 -0.053124 
3443 -0.461124 
3444 -0.461124 
3445 0.089631 
3446 -0.041366 
3447 0.028301 
3448 -0.122302 
3449 -0.039780 
3450 0.483351 
3451 0.114114 
3452 0.483351 
3453 0.483351 
3454 0.146111 
3455 0.483351 
3456 0.483351 
3457 0.183256 
3458 0.258238 
3459 -0.080069 
3460 0.216473 
3461 -0.462663 
3462 -0.119315 
3463 0.228903 
3464 0.259363 
3465 0.096578 
3466 -0.428508 
3467 -0.079627 
3468 -0.132341 
3469 0.481093 
3470 -0.074393 
3471 -0.034006 
3472 0.481093 
3473 -0.272126 
3474 -0.272126 
3475 -0.461124 
3476 -0.461124 
3477 -0.461124 
3478 -0.079627 
3479 0.089631 
3480 -0.041366 
3481 0.068838 
3482 -0.041366 
3483 -0.041366 
3484 0.028301 
3485 0.089631 
3486 0.028301 
3487 0.483351 
3488 0.114114 
3489 0.483351 
3490 0.483351 
3491 0.146111 
3492 -0.209829 
3493 0.483351 
3494 0.483351 
3495 -0.281806 
3496 0.483351 
3497 -0.186293 
3498 -0.255726 
3499 0.104872 
3500 0.028301 
3501 0.096578 
3502 0.223675 
3503 -0.394648 
3504 -0.132341 
3505 0.355420 
3506 -0.363225 
3507 -0.053124 
3508 0.355420 
3509 -0.079627 
3510 -0.272126 
3511 -0.272126 
3512 -0.007072 
3513 -0.272126 
3514 0.096105 
3515 -0.091008 
3516 0.068838 
3517 0.068838 
3518 -0.091008 
3519 0.068838 
3520 -0.041366 
3521 -0.041366 
3522 0.068838 
3523 0.028301 
3524 -0.055990 
3525 0.430691 
3526 0.483351 
3527 0.096105 
3528 -0.370183 
3529 -0.333456 
3530 0.483351 
3531 0.483351 
3532 -0.281806 
3533 -0.358343 
3534 0.363121 
3535 -0.094343 
3536 0.218011 
3537 -0.123405 
3538 -0.209602 
3539 0.181623 
3540 0.159216 
3541 0.498488 
3542 0.498488 
3543 -0.048199 
3544 0.279651 
3545 0.279651 
3546 0.498488 
3547 -0.255726 
3548 0.096578 
3549 0.103000 
3550 0.444109 
3551 0.204913 
3552 -0.209602 
3553 0.216473 
3554 -0.462663 
3555 0.232517 
3556 -0.287919 
3557 0.481093 
3558 -0.325102 
3559 0.481093 
3560 -0.091008 
3561 0.024401 
3562 0.259363 
3563 -0.055990 
3564 0.096105 
3565 -0.370183 
3566 0.096105 
3567 -0.041366 
3568 -0.255691 
3569 -0.041366 
3570 -0.041366 
3571 -0.005013 
3572 0.015171 
3573 -0.333456 
3574 0.083505 
3575 -0.461312 
3576 0.483495 
3577 0.155205 
3578 -0.323152 
3579 -0.323152 
3580 -0.159774 
3581 0.363121 
3582 -0.340277 
3583 -0.206413 
3584 0.103832 
3585 -0.340277 
3586 -0.070260 
3587 0.394562 
3588 0.461578 
3589 -0.108880 
3590 -0.383651 
3591 0.216473 
3592 0.216473 
3593 -0.287919 
3594 -0.287919 
3595 0.191820 
3596 -0.287919 
3597 0.216473 
3598 0.024401 
3599 0.259363 
3600 0.024401 
3601 0.135193 
3602 -0.257980 
3603 0.135193 
3604 -0.041366 
3605 -0.490771 
3606 -0.039780 
3607 -0.490771 
3608 -0.041366 
3609 -0.041366 
3610 -0.041366 
3611 0.096722 
3612 0.098728 
3613 -0.323152 
3614 -0.372766 
3615 -0.014787 
3616 -0.473367 
3617 -0.423282 
3618 -0.053124 
3619 -0.323152 
3620 -0.319872 
3621 -0.468480 
3622 -0.461124 
3623 0.100035 
3624 -0.340277 
3625 0.279651 
3626 -0.461124 
3627 -0.461124 
3628 -0.461124 
3629 -0.461124 
3630 -0.319872 
3631 -0.131143 
3632 0.191820 
3633 -0.319872 
3634 -0.301950 
3635 0.430691 
3636 0.440492 
3637 0.135193 
3638 0.430691 
3639 0.440492 
3640 0.135193 
3641 0.024401 
3642 0.440492 
3643 -0.372766 
3644 -0.041366 
3645 -0.257980 
3646 -0.372766 
3647 -0.372766 
3648 -0.288047 
3649 0.083505 
3650 0.168122 
3651 0.155205 
3652 0.480380 
3653 0.480380 
3654 0.155205 
3655 0.480380 
3656 -0.323152 
3657 0.024401 
3658 -0.171405 
3659 -0.319872 
3660 0.319354 
3661 -0.319872 
3662 -0.468480 
3663 0.319354 
3664 -0.131143 
3665 -0.319872 
3666 -0.115464 
3667 -0.131143 
3668 -0.131143 
3669 -0.115464 
3670 -0.319872 
3671 -0.301950 
3672 0.259363 
3673 0.430691 
3674 0.440492 
3675 0.024401 
3676 0.259363 
3677 -0.041366 
3678 -0.226384 
3679 -0.041366 
3680 -0.490771 
3681 0.168122 
3682 0.316916 
3683 0.168122 
3684 0.316916 
3685 -0.323152 
3686 -0.018415 
3687 -0.319872 
3688 -0.186293 
3689 -0.319872 
3690 -0.186293 
3691 -0.319872 
3692 -0.461124 
3693 -0.319872 
3694 -0.461124 
3695 0.305808 
3696 -0.155689 
3697 -0.079627 
3698 0.483351 
3699 -0.079627 
3700 0.483351 
3701 -0.472486 
3702 -0.472486 
3703 -0.472486 
3704 -0.472486 
3705 0.340766 
3706 -0.279060 
3707 0.104872 
3708 0.340766 
3709 0.104872 
3710 -0.083312 
3711 0.282393 
3712 0.282393 
3713 0.282393 
3714 0.282393 
3715 0.282393 
3716 0.282393 
3717 -0.091008 
3718 -0.091008 
3719 -0.383651 
3720 0.146111 
3721 0.146111 
3722 -0.079627 
3723 -0.079627 
3724 -0.155689 
3725 -0.079627 
3726 -0.079627 
3727 -0.155689 
3728 -0.079627 
3729 -0.079627 
3730 -0.472486 
3731 -0.472486 
3732 -0.472486 
3733 -0.312576 
3734 -0.472486 
3735 -0.472486 
3736 -0.312576 
3737 0.104872 
3738 0.340766 
3739 0.340766 
3740 0.104872 
3741 0.104872 
3742 0.104872 
3743 0.104872 
3744 0.104872 
3745 0.461578 
3746 0.282393 
3747 0.282393 
3748 0.461578 
3749 0.282393 
3750 0.282393 
3751 -0.419229 
3752 -0.091008 
3753 -0.091008 
3754 0.282393 
3755 -0.091008 
3756 -0.091008 
3757 -0.391395 
3758 0.146111 
3759 0.483351 
3760 0.146111 
3761 -0.155689 
3762 -0.155689 
3763 -0.456573 
3764 0.483351 
3765 -0.079627 
3766 0.334092 
3767 0.483351 
3768 -0.472486 
3769 0.100035 
3770 0.100035 
3771 -0.312576 
3772 0.100035 
3773 -0.198780 
3774 0.340766 
3775 0.340766 
3776 -0.423282 
3777 0.259397 
3778 0.104872 
3779 -0.423282 
3780 0.314257 
3781 0.314257 
3782 -0.276251 
3783 0.461578 
3784 0.314257 
3785 -0.062213 
3786 -0.062213 
3787 -0.122302 
3788 0.282393 
3789 0.282393 
3790 -0.091008 
3791 -0.419229 
3792 0.282393 
3793 0.282393 
3794 -0.391395 
3795 -0.223124 
3796 0.480380 
3797 0.480380 
3798 -0.223124 
3799 0.480380 
3800 0.480380 
3801 -0.391395 
3802 0.114114 
3803 0.334092 
3804 -0.456573 
3805 0.418974 
3806 0.418974 
3807 0.334092 
3808 -0.391716 
3809 -0.257980 
3810 -0.198780 
3811 0.245681 
3812 -0.198780 
3813 -0.403125 
3814 -0.055990 
3815 -0.055990 
3816 -0.403125 
3817 -0.055990 
3818 -0.055990 
3819 -0.423282 
3820 -0.009519 
3821 0.200256 
3822 -0.461124 
3823 -0.108880 
3824 -0.108880 
3825 -0.122302 
3826 -0.122302 
3827 -0.091008 
3828 -0.419229 
3829 -0.122302 
3830 -0.122302 
3831 -0.391395 
3832 -0.223124 
3833 -0.391395 
3834 0.480380 
3835 0.480380 
3836 -0.391395 
3837 0.114114 
3838 0.480380 
3839 0.480380 
3840 0.480380 
3841 0.114114 
3842 0.114114 
3843 0.334092 
3844 0.418974 
3845 0.418974 
3846 0.418974 
3847 -0.391716 
3848 0.114114 
3849 0.114114 
3850 -0.403125 
3851 -0.055990 
3852 -0.055990 
3853 0.245681 
3854 -0.461124 
3855 -0.461124 
3856 -0.388940 
3857 -0.461124 
3858 -0.461124 
3859 -0.009519 
3860 -0.009519 
3861 -0.461124 
3862 -0.108880 
3863 -0.122302 
3864 -0.108880 
3865 -0.108880 
3866 -0.122302 
3867 -0.122302 
3868 0.146111 
3869 0.483351 
3870 -0.223124 
3871 -0.223124 
3872 -0.223124 
3873 0.216473 
3874 -0.391395 
3875 -0.391395 
3876 0.216473 
3877 0.216473 
3878 -0.391395 
3879 0.114114 
3880 0.114114 
3881 0.096578 
3882 -0.428508 
3883 -0.428508 
3884 0.096578 
3885 -0.444125 
3886 -0.444125 
3887 -0.316929 
3888 -0.444125 
3889 -0.444125 
3890 -0.403125 
3891 -0.461124 
3892 -0.461124 
3893 -0.403125 
3894 -0.055990 
3895 -0.461124 
3896 -0.461124 
3897 -0.461124 
3898 -0.461124 
3899 -0.461124 
3900 -0.108880 
3901 -0.108880 
3902 -0.053124 
3903 -0.122302 
3904 -0.122302 
3905 0.146111 
3906 0.483351 
3907 0.146111 
3908 0.146111 
3909 0.146111 
3910 0.216473 
3911 0.483351 
3912 0.483351 
3913 0.216473 
3914 0.216473 
3915 0.216473 
3916 0.216473 
3917 0.216473 
3918 0.096578 
3919 -0.394648 
3920 -0.394648 
3921 0.355420 
3922 -0.428508 
3923 -0.428508 
3924 0.096578 
3925 -0.007072 
3926 -0.007072 
3927 -0.444125 
3928 -0.007072 
3929 -0.007072 
3930 -0.461124 
3931 -0.461124 
3932 -0.461124 
3933 -0.461124 
3934 -0.461124 
3935 -0.461124 
3936 0.068838 
3937 0.028301 
3938 0.068838 
3939 -0.041366 
3940 0.068838 
3941 0.089631 
3942 -0.370183 
3943 0.483351 
3944 0.146111 
3945 0.146111 
3946 0.483351 
3947 0.483351 
3948 0.146111 
3949 0.483351 
3950 0.483351 
3951 0.216473 
3952 0.483351 
3953 0.216473 
3954 0.216473 
3955 -0.094343 
3956 -0.428508 
3957 -0.428508 
3958 0.096578 
3959 -0.428508 
3960 -0.428508 
3961 -0.132341 
3962 -0.007072 
3963 -0.007072 
3964 -0.132341 
3965 0.363121 
3966 -0.007072 
3967 -0.272126 
3968 -0.007072 
3969 -0.007072 
3970 -0.461124 
3971 -0.079627 
3972 0.068838 
3973 -0.091008 
3974 -0.325102 
3975 0.068838 
3976 -0.041366 
3977 0.068838 
3978 0.068838 
3979 0.483351 
3980 -0.055990 
3981 -0.370183 
3982 0.483351 
3983 -0.370183 
3984 -0.370183 
3985 0.483351 
3986 0.483351 
3987 -0.356407 
3988 0.483351 
3989 -0.094343 
3990 -0.128944 
3991 -0.128944 
3992 0.198937 
3993 -0.319872 
3994 -0.319872 
3995 -0.094343 
3996 -0.394648 
3997 -0.394648 
3998 -0.319872 
3999 -0.319872 
4000 -0.319872 
4001 -0.340277 
4002 -0.007072 
4003 -0.007072 
4004 -0.340277 
4005 -0.007072 
4006 0.363121 
4007 0.096578 
4008 0.363121 
4009 0.216473 
4010 -0.490532 
4011 -0.287919 
4012 -0.091008 
4013 -0.287919 
4014 -0.091008 
4015 0.481093 
4016 -0.257980 
4017 0.024401 
4018 -0.370183 
4019 -0.370183 
4020 -0.370183 
4021 -0.370183 
4022 -0.370183 
4023 -0.333456 
4024 -0.041366 
4025 -0.370183 
4026 -0.041366 
4027 0.483351 
4028 -0.128944 
4029 0.483351 
4030 -0.323152 
4031 -0.323152 
4032 -0.094343 
4033 -0.319872 
4034 -0.319872 
4035 -0.323152 
4036 -0.319872 
4037 -0.319872 
4038 -0.340277 
4039 -0.319872 
4040 -0.319872 
4041 0.356295 
4042 0.363121 
4043 0.363121 
4044 -0.340277 
4045 0.363121 
4046 0.191820 
4047 0.216473 
4048 0.191820 
4049 0.191820 
4050 0.191820 
4051 -0.287919 
4052 0.481093 
4053 -0.257980 
4054 0.024401 
4055 0.440492 
4056 0.440492 
4057 0.440492 
4058 -0.041366 
4059 -0.370183 
4060 -0.041366 
4061 -0.041366 
4062 -0.455768 
4063 -0.041366 
4064 0.155205 
4065 -0.041366 
4066 -0.041366 
4067 0.155205 
4068 0.155205 
4069 -0.323152 
4070 0.155205 
4071 0.155205 
4072 -0.323152 
4073 -0.053124 
4074 -0.323152 
4075 -0.323152 
4076 -0.468480 
4077 -0.461124 
4078 0.356295 
4079 -0.115464 
4080 -0.115464 
4081 -0.319872 
4082 -0.115464 
4083 0.191820 
4084 -0.319872 
4085 0.216473 
4086 -0.319872 
4087 0.191820 
4088 0.216473 
4089 -0.319872 
4090 0.440492 
4091 0.440492 
4092 0.440492 
4093 0.440492 
4094 0.440492 
4095 0.440492 
4096 0.440492 
4097 0.440492 
4098 -0.455768 
4099 -0.455768 
4100 -0.455768 
4101 -0.455768 
4102 -0.257980 
4103 -0.455768 
4104 0.155205 
4105 -0.372766 
4106 0.155205 
4107 0.155205 
4108 0.168122 
4109 0.155205 
4110 0.259363 
4111 -0.323152 
4112 -0.053124 
4113 0.259363 
4114 0.259363 
4115 -0.053124 
4116 0.259363 
4117 0.259363 
4118 -0.468480 
4119 -0.115464 
4120 -0.319872 
4121 -0.461124 
4122 -0.319872 
4123 -0.319872 
4124 -0.461124 
4125 0.216473 
4126 -0.319872 
4127 0.430691 
4128 0.440492 
4129 0.440492 
4130 0.440492 
4131 0.024401 
4132 -0.257980 
4133 -0.041366 
4134 -0.257980 
4135 -0.041366 
4136 -0.372766 
4137 0.168122 
4138 -0.372766 
4139 0.168122 
4140 -0.323152 
4141 -0.323152 
4142 0.259363 
4143 -0.319872 
4144 0.259363 
4145 -0.319872 
4146 -0.319872 
4147 -0.319872 
4148 -0.319872 
4149 -0.319872 
4150 -0.131143 
4151 0.204913 
4152 -0.102417 
4153 -0.102417 
4154 -0.102417 
4155 -0.102417 
4156 -0.102417 
4157 -0.113012 
4158 -0.006282 
4159 0.081369 
4160 0.081369 
4161 0.081369 
4162 -0.287919 
4163 0.282393 
4164 -0.077535 
4165 -0.206413 
4166 -0.206413 
4167 -0.108682 
4168 -0.108682 
4169 0.207797 
4170 -0.282460 
4171 -0.282460 
4172 -0.141746 
4173 0.364609 
4174 0.364609 
4175 0.081369 
4176 -0.287919 
4177 -0.396827 
4178 -0.206413 
4179 0.461578 
4180 0.461578 
4181 -0.288047 
4182 -0.288047 
4183 -0.210385 
4184 -0.113012 
4185 0.159110 
4186 0.415931 
4187 -0.121314 
4188 0.364609 
4189 0.081369 
4190 -0.396827 
4191 -0.077535 
4192 0.461578 
4193 -0.206413 
4194 -0.494690 
4195 -0.288047 
4196 0.331122 
4197 0.098728 
4198 0.159110 
4199 0.228903 
4200 0.480380 
4201 0.364609 
4202 0.081369 
4203 -0.396827 
4204 0.498488 
4205 -0.113012 
4206 -0.128944 
4207 0.068838 
4208 0.314257 
4209 -0.358343 
4210 -0.440831 
4211 -0.122302 
4212 0.095466 
4213 0.095466 
4214 -0.323152 
4215 -0.086878 
4216 0.345433 
4217 -0.370183 
4218 -0.113012 
4219 -0.090994 
4220 -0.090994 
4221 0.068838 
4222 -0.319872 
4223 -0.015063 
4224 -0.410373 
4225 0.334092 
4226 -0.323152 
4227 -0.323152 
4228 -0.086878 
4229 0.345433 
4230 -0.370183 
4231 -0.419229 
4232 -0.394648 
4233 -0.090994 
4234 0.232517 
4235 0.096722 
4236 -0.009519 
4237 0.364609 
4238 0.482374 
4239 -0.301950 
4240 0.146111 
4241 -0.086878 
4242 0.345433 
4243 0.345433 
4244 -0.113012 
4245 -0.370183 
4246 -0.090994 
4247 -0.444125 
4248 -0.419229 
4249 0.135193 
4250 0.083505 
4251 -0.383651 
4252 -0.009519 
4253 -0.009519 
4254 -0.130182 
4255 -0.257980 
4256 -0.257980 
4257 0.314257 
4258 -0.287919 
4259 -0.113012 
4260 0.437462 
4261 -0.014550 
4262 0.230786 
4263 0.480146 
4264 0.232517 
4265 -0.295525 
4266 -0.083312 
4267 -0.130182 
4268 -0.257980 
4269 0.259363 
4270 -0.360289 
4271 -0.009519 
4272 0.314257 
4273 -0.034006 
4274 0.355420 
4275 0.444109 
4276 -0.323152 
4277 -0.080069 
4278 0.230786 
4279 -0.083312 
4280 -0.130182 
4281 0.418974 
4282 0.259363 
4283 0.418974 
4284 0.314257 
4285 0.314257 
4286 0.326187 
4287 0.331122 
4288 0.217885 
4289 0.217885 
4290 -0.048199 
4291 -0.034006 
4292 0.493831 
4293 -0.319107 
4294 0.418974 
4295 0.259363 
4296 0.259363 
4297 -0.282460 
4298 -0.282460 
4299 0.223675 
4300 0.204913 
4301 0.217885 
4302 0.183256 
4303 0.183256 
4304 0.493831 
4305 0.493831 
4306 -0.319107 
4307 0.259363 
4308 0.418974 
4309 0.259363 
4310 0.319354 
4311 0.319354 
4312 0.258238 
4313 -0.131143 
4314 -0.131143 
4315 0.183256 
4316 -0.370183 
4317 0.183256 
4318 0.183256 
4319 0.028301 
4320 -0.396405 
4321 -0.396405 
4322 0.322674 
4323 -0.215660 
4324 -0.215660 
4325 0.316916 
4326 0.493831 
4327 -0.162059 
4328 -0.162059 
4329 0.298759 
4330 0.298759 
4331 -0.091008 
4332 0.282393 
4333 -0.186341 
4334 -0.074393 
4335 0.322674 
4336 0.355420 
4337 0.355420 
4338 -0.324737 
4339 -0.113012 
4340 0.493831 
4341 -0.215703 
4342 0.298759 
4343 0.298759 
4344 0.298759 
4345 -0.091008 
4346 -0.164351 
4347 0.104872 
4348 0.440492 
4349 -0.462663 
4350 0.159110 
4351 -0.086126 
4352 -0.210385 
4353 -0.005013 
4354 -0.162059 
4355 0.415931 
4356 -0.121314 
4357 0.298759 
4358 -0.215703 
4359 -0.164351 
4360 0.104872 
4361 -0.074393 
4362 -0.423282 
4363 0.432294 
4364 0.432294 
4365 0.331122 
4366 -0.005013 
4367 -0.005013 
4368 0.228903 
4369 -0.092730 
4370 0.298759 
4371 0.081369 
4372 0.183256 
4373 -0.155689 
4374 -0.410373 
4375 -0.128944 
4376 0.432294 
4377 -0.363225 
4378 0.334092 
4379 -0.440831 
4380 -0.005013 
4381 -0.092730 
4382 0.146111 
4383 0.146111 
4384 -0.092730 
4385 0.183256 
4386 -0.155689 
4387 0.023828 
4388 -0.155689 
4389 0.345433 
4390 -0.062213 
4391 -0.319872 
4392 -0.015063 
4393 -0.410373 
4394 0.334092 
4395 -0.314689 
4396 0.146111 
4397 0.146111 
4398 -0.257980 
4399 0.245681 
4400 -0.419229 
4401 -0.394648 
4402 0.345433 
4403 0.345433 
4404 0.096722 
4405 -0.009519 
4406 0.364609 
4407 0.360614 
4408 0.146111 
4409 -0.354043 
4410 0.146111 
4411 -0.257980 
4412 -0.257980 
4413 0.028301 
4414 -0.118996 
4415 0.183256 
4416 -0.130182 
4417 -0.272042 
4418 0.066288 
4419 0.066288 
4420 0.380212 
4421 -0.086878 
4422 -0.455768 
4423 0.146111 
4424 -0.257980 
4425 0.259363 
4426 -0.171405 
4427 0.087750 
4428 -0.006282 
4429 -0.130182 
4430 -0.077535 
4431 0.135193 
4432 0.066288 
4433 0.338212 
4434 -0.155689 
4435 -0.455768 
4436 -0.476074 
4437 0.259363 
4438 0.259363 
4439 -0.287919 
4440 0.087750 
4441 0.168122 
4442 0.041565 
4443 0.355420 
4444 0.444109 
4445 -0.323152 
4446 -0.080069 
4447 0.230786 
4448 0.024401 
4449 0.355420 
4450 0.259363 
4451 0.259363 
4452 0.259363 
4453 0.087750 
4454 -0.006282 
4455 -0.006282 
4456 0.331122 
4457 0.015171 
4458 -0.186293 
4459 -0.048199 
4460 0.024401 
4461 0.183256 
4462 -0.034006 
4463 0.259363 
4464 0.259363 
4465 0.259363 
4466 -0.119315 
4467 -0.119315 
4468 0.094548 
4469 0.041565 
4470 -0.186293 
4471 -0.039780 
4472 0.183256 
4473 0.183256 
4474 0.183256 
4475 -0.034006 
4476 0.259363 
4477 0.259363 
4478 0.259363 
4479 0.259363 
4480 0.259363 
4481 0.094548 
4482 0.319354 
4483 -0.186293 
4484 -0.186293 
4485 -0.186293 
4486 -0.358343 
4487 -0.358343 
4488 0.305808 
4489 0.228903 
4490 -0.282460 
4491 0.159216 
4492 0.159216 
4493 -0.279060 
4494 0.408034 
4495 -0.113012 
4496 -0.083312 
4497 0.282393 
4498 -0.287919 
4499 -0.287919 
4500 0.282393 
4501 0.282393 
4502 0.385565 
4503 -0.340277 
4504 -0.094343 
4505 0.480146 
4506 0.480146 
4507 0.408034 
4508 0.408034 
4509 0.181623 
4510 0.181623 
4511 0.334092 
4512 0.334092 
4513 -0.122302 
4514 0.282393 
4515 0.385565 
4516 -0.340277 
4517 0.228903 
4518 0.305808 
4519 0.394562 
4520 0.394562 
4521 0.363121 
4522 -0.257980 
4523 0.381505 
4524 -0.455768 
4525 -0.287919 
4526 0.334092 
4527 -0.122302 
4528 -0.007072 
4529 0.385565 
4530 -0.340277 
4531 -0.394648 
4532 0.394562 
4533 -0.391395 
4534 0.437462 
4535 0.098728 
4536 0.159110 
4537 0.382456 
4538 0.381505 
4539 0.334092 
4540 -0.122302 
4541 -0.007072 
4542 0.340766 
4543 0.298523 
4544 0.168122 
4545 0.360614 
4546 -0.391395 
4547 0.334092 
4548 0.430691 
4549 -0.472486 
4550 -0.092730 
4551 -0.237322 
4552 -0.472486 
4553 -0.122302 
4554 0.183256 
4555 0.340766 
4556 0.340766 
4557 0.230578 
4558 0.230578 
4559 0.083505 
4560 -0.308651 
4561 -0.391395 
4562 -0.410373 
4563 -0.006859 
4564 0.089631 
4565 -0.472486 
4566 -0.237322 
4567 0.183256 
4568 0.467698 
4569 0.183256 
4570 0.230578 
4571 0.234395 
4572 0.230578 
4573 -0.209829 
4574 0.382456 
4575 -0.272042 
4576 0.259397 
4577 -0.410373 
4578 0.228903 
4579 0.089631 
4580 0.483351 
4581 0.467698 
4582 -0.268487 
4583 -0.118996 
4584 0.086332 
4585 -0.391395 
4586 0.068838 
4587 -0.356407 
4588 0.066288 
4589 -0.186293 
4590 0.081369 
4591 0.228903 
4592 -0.455768 
4593 -0.257980 
4594 -0.308651 
4595 -0.171405 
4596 -0.268487 
4597 -0.171405 
4598 -0.048199 
4599 -0.048199 
4600 -0.249567 
4601 -0.468480 
4602 -0.383651 
4603 0.081369 
4604 -0.295525 
4605 -0.455768 
4606 -0.257980 
4607 0.430691 
4608 -0.287919 
4609 0.087750 
4610 -0.228129 
4611 -0.171405 
4612 0.355420 
4613 -0.316929 
4614 -0.323152 
4615 -0.423282 
4616 -0.131143 
4617 0.081369 
4618 -0.455768 
4619 0.432294 
4620 0.430691 
4621 0.432294 
4622 -0.372766 
4623 0.083505 
4624 0.230786 
4625 0.480380 
4626 0.480380 
4627 0.183256 
4628 -0.461124 
4629 -0.131143 
4630 0.081369 
4631 -0.188052 
4632 0.418974 
4633 0.432294 
4634 0.430691 
4635 -0.015063 
4636 -0.015063 
4637 -0.131143 
4638 0.041565 
4639 -0.131143 
4640 0.183256 
4641 0.183256 
4642 -0.325102 
4643 -0.325102 
4644 -0.188052 
4645 0.259363 
4646 0.418974 
4647 0.432294 
4648 0.432294 
4649 0.432491 
4650 0.432491 
4651 -0.131143 
4652 -0.131143 
4653 0.183256 
4654 0.183256 
4655 0.183256 
4656 0.183256 
4657 -0.131143 
4658 -0.079627 
4659 -0.007540 
4660 -0.282460 
4661 -0.282460 
4662 -0.279060 
4663 0.324952 
4664 -0.083312 
4665 -0.083312 
4666 -0.083312 
4667 0.282393 
4668 0.282393 
4669 -0.091008 
4670 0.282393 
4671 -0.007540 
4672 0.261660 
4673 -0.198780 
4674 0.096105 
4675 -0.200643 
4676 -0.200643 
4677 0.322674 
4678 -0.113012 
4679 -0.113012 
4680 0.380259 
4681 0.380259 
4682 -0.091008 
4683 -0.091008 
4684 -0.354043 
4685 0.261660 
4686 0.228903 
4687 0.023828 
4688 0.432294 
4689 -0.188052 
4690 0.482374 
4691 -0.188052 
4692 -0.074393 
4693 0.259397 
4694 -0.091008 
4695 0.380259 
4696 -0.091008 
4697 -0.354043 
4698 -0.014787 
4699 -0.007540 
4700 -0.268487 
4701 0.432294 
4702 0.432294 
4703 -0.128944 
4704 -0.061188 
4705 0.159110 
4706 -0.410373 
4707 -0.118996 
4708 -0.094343 
4709 -0.091008 
4710 0.183256 
4711 0.183256 
4712 -0.313465 
4713 0.023828 
4714 -0.391716 
4715 0.155205 
4716 -0.119315 
4717 -0.383651 
4718 -0.472486 
4719 0.418974 
4720 -0.034006 
4721 -0.086126 
4722 -0.122302 
4723 0.183256 
4724 0.098728 
4725 -0.396827 
4726 -0.396827 
4727 -0.444125 
4728 -0.079627 
4729 0.258238 
4730 0.382456 
4731 0.481093 
4732 -0.461124 
4733 -0.461124 
4734 0.332981 
4735 -0.039780 
4736 0.114114 
4737 0.098728 
4738 0.183256 
4739 0.216473 
4740 -0.086878 
4741 -0.428508 
4742 -0.186341 
4743 0.382456 
4744 -0.461124 
4745 -0.079627 
4746 -0.079627 
4747 0.332981 
4748 0.028301 
4749 0.114114 
4750 0.437462 
4751 0.114114 
4752 -0.186293 
4753 0.028301 
4754 -0.394648 
4755 0.068838 
4756 0.066288 
4757 0.066288 
4758 -0.186293 
4759 0.434511 
4760 -0.455768 
4761 0.028301 
4762 0.430691 
4763 0.437462 
4764 -0.171405 
4765 -0.164351 
4766 -0.323152 
4767 0.493831 
4768 -0.048199 
4769 -0.455768 
4770 -0.468480 
4771 -0.209602 
4772 0.232517 
4773 0.253740 
4774 -0.091008 
4775 0.259363 
4776 -0.494690 
4777 -0.287919 
4778 0.087750 
4779 -0.308651 
4780 -0.323152 
4781 -0.159774 
4782 -0.316929 
4783 -0.070260 
4784 -0.108880 
4785 -0.301950 
4786 0.253740 
4787 0.216473 
4788 0.259363 
4789 0.259363 
4790 -0.490771 
4791 -0.372766 
4792 0.083505 
4793 -0.363225 
4794 -0.423282 
4795 0.024401 
4796 0.100035 
4797 -0.461124 
4798 -0.131143 
4799 -0.461124 
4800 -0.301950 
4801 0.440492 
4802 0.259363 
4803 -0.226384 
4804 -0.490771 
4805 0.319354 
4806 -0.490771 
4807 -0.490771 
4808 -0.018415 
4809 -0.461124 
4810 -0.461124 
4811 -0.461124 
4812 -0.461124 
4813 -0.301950 
4814 0.259363 
4815 0.440492 
4816 0.259363 
4817 -0.226384 
4818 -0.490771 
4819 0.316916 
4820 0.316916 
4821 -0.018415 
4822 -0.186293 
4823 -0.186293 
4824 -0.461124 
4825 -0.461124 
4826 0.305808 
4827 -0.155689 
4828 0.483351 
4829 0.483351 
4830 -0.312576 
4831 0.100035 
4832 -0.279060 
4833 0.340766 
4834 -0.083312 
4835 0.282393 
4836 0.282393 
4837 0.282393 
4838 -0.091008 
4839 0.282393 
4840 0.146111 
4841 0.146111 
4842 0.483351 
4843 0.100035 
4844 0.100035 
4845 -0.198780 
4846 0.385565 
4847 -0.391716 
4848 -0.391716 
4849 0.282393 
4850 0.282393 
4851 0.282393 
4852 -0.091008 
4853 0.146111 
4854 0.146111 
4855 0.228903 
4856 -0.155689 
4857 0.100035 
4858 0.100603 
4859 0.482374 
4860 0.340766 
4861 0.461578 
4862 0.259397 
4863 0.481093 
4864 0.282393 
4865 -0.091008 
4866 -0.223124 
4867 0.230578 
4868 -0.340277 
4869 -0.394648 
4870 0.087750 
4871 -0.257980 
4872 -0.128944 
4873 0.183256 
4874 -0.237322 
4875 -0.410373 
4876 -0.118996 
4877 -0.122302 
4878 -0.122302 
4879 -0.223124 
4880 0.381505 
4881 -0.313465 
4882 0.394562 
4883 -0.255691 
4884 -0.312576 
4885 -0.119315 
4886 0.245681 
4887 0.480380 
4888 0.418974 
4889 -0.053124 
4890 0.391979 
4891 -0.122302 
4892 0.483351 
4893 0.381505 
4894 -0.223124 
4895 -0.370183 
4896 -0.444125 
4897 0.394562 
4898 0.258238 
4899 0.382456 
4900 -0.461124 
4901 -0.461124 
4902 -0.041366 
4903 0.391979 
4904 -0.122302 
4905 0.483351 
4906 -0.209829 
4907 0.216473 
4908 0.216473 
4909 0.228903 
4910 -0.428508 
4911 0.355420 
4912 0.382456 
4913 -0.461124 
4914 0.096105 
4915 0.068838 
4916 -0.041366 
4917 0.089631 
4918 0.483351 
4919 -0.209829 
4920 -0.209829 
4921 -0.186293 
4922 0.028301 
4923 0.104872 
4924 0.068838 
4925 -0.053124 
4926 0.096105 
4927 -0.186293 
4928 -0.041366 
4929 -0.041366 
4930 0.068838 
4931 -0.055990 
4932 -0.333456 
4933 -0.358343 
4934 0.363121 
4935 0.104872 
4936 0.498488 
4937 -0.048199 
4938 0.355420 
4939 -0.053124 
4940 -0.209602 
4941 -0.287919 
4942 -0.462663 
4943 0.481093 
4944 0.024401 
4945 0.135193 
4946 0.096105 
4947 -0.005013 
4948 0.083505 
4949 0.155205 
4950 0.363121 
4951 -0.316929 
4952 -0.316929 
4953 -0.108880 
4954 0.216473 
4955 -0.462663 
4956 0.481093 
4957 0.024401 
4958 0.135193 
4959 0.096105 
4960 -0.372766 
4961 0.083505 
4962 -0.363225 
4963 -0.423282 
4964 -0.171405 
4965 -0.053124 
4966 -0.461124 
4967 -0.131143 
4968 0.216473 
4969 -0.319872 
4970 0.430691 
4971 0.024401 
4972 0.135193 
4973 -0.039780 
4974 -0.039780 
4975 0.098728 
4976 0.098728 
4977 -0.323152 
4978 -0.461124 
4979 -0.461124 
4980 -0.461124 
4981 -0.461124 
4982 -0.319872 
4983 0.259363 
4984 0.430691 
4985 0.024401 
4986 -0.041366 
4987 -0.041366 
4988 0.168122 
4989 0.168122 
4990 -0.323152 
4991 -0.319872 
4992 -0.319872 
4993 -0.319872 
4994 -0.319872 
4995 -0.131143 
4996 -0.079627 
4997 -0.079627 
4998 -0.079627 
4999 -0.472486 
5000 -0.472486 
5001 0.340766 
5002 0.104872 
5003 0.104872 
5004 0.282393 
5005 0.282393 
5006 0.282393 
5007 -0.091008 
5008 -0.383651 
5009 0.483351 
5010 -0.456573 
5011 0.334092 
5012 0.100035 
5013 0.100035 
5014 0.100035 
5015 0.259397 
5016 0.314257 
5017 0.314257 
5018 -0.122302 
5019 -0.122302 
5020 0.282393 
5021 -0.091008 
5022 0.483351 
5023 -0.456573 
5024 -0.312576 
5025 -0.007540 
5026 -0.141746 
5027 -0.257980 
5028 0.482374 
5029 0.314257 
5030 -0.094343 
5031 0.259397 
5032 0.481093 
5033 -0.122302 
5034 0.282393 
5035 -0.391395 
5036 -0.391395 
5037 -0.007540 
5038 -0.288815 
5039 0.100035 
5040 -0.257980 
5041 -0.128944 
5042 0.183256 
5043 -0.378593 
5044 -0.410373 
5045 0.200256 
5046 -0.122302 
5047 -0.122302 
5048 -0.391395 
5049 -0.391395 
5050 -0.391395 
5051 0.459756 
5052 -0.255691 
5053 0.481093 
5054 -0.119315 
5055 -0.461124 
5056 -0.055990 
5057 0.418974 
5058 -0.461124 
5059 -0.461124 
5060 -0.122302 
5061 0.146111 
5062 0.483351 
5063 0.230578 
5064 -0.370183 
5065 -0.444125 
5066 0.481093 
5067 0.258238 
5068 0.114114 
5069 -0.461124 
5070 -0.461124 
5071 -0.461124 
5072 -0.461124 
5073 -0.122302 
5074 0.146111 
5075 0.483351 
5076 0.183256 
5077 0.216473 
5078 0.228903 
5079 -0.428508 
5080 0.481093 
5081 0.481093 
5082 -0.461124 
5083 -0.079627 
5084 0.068838 
5085 -0.461124 
5086 0.068838 
5087 0.483351 
5088 0.483351 
5089 0.483351 
5090 -0.186293 
5091 0.028301 
5092 -0.394648 
5093 -0.363225 
5094 -0.079627 
5095 -0.007072 
5096 -0.091008 
5097 -0.091008 
5098 0.068838 
5099 0.068838 
5100 0.483351 
5101 0.483351 
5102 0.483351 
5103 0.363121 
5104 -0.356407 
5105 0.159216 
5106 -0.048199 
5107 0.498488 
5108 0.103000 
5109 -0.209602 
5110 0.232517 
5111 0.068838 
5112 -0.091008 
5113 0.440492 
5114 -0.041366 
5115 -0.255691 
5116 -0.005013 
5117 0.083505 
5118 0.155205 
5119 -0.159774 
5120 -0.206413 
5121 -0.070260 
5122 -0.108880 
5123 0.216473 
5124 0.216473 
5125 -0.091008 
5126 0.440492 
5127 -0.041366 
5128 -0.490771 
5129 -0.041366 
5130 0.096722 
5131 -0.372766 
5132 -0.423282 
5133 -0.319872 
5134 0.100035 
5135 -0.461124 
5136 -0.461124 
5137 -0.115464 
5138 0.216473 
5139 0.440492 
5140 0.440492 
5141 -0.041366 
5142 -0.041366 
5143 -0.041366 
5144 -0.041366 
5145 -0.323152 
5146 -0.323152 
5147 -0.461124 
5148 -0.461124 
5149 -0.115464 
5150 -0.115464 
5151 0.216473 
5152 0.430691 
5153 0.440492 
5154 0.440492 
5155 -0.455768 
5156 -0.257980 
5157 -0.372766 
5158 -0.372766 
5159 -0.323152 
5160 0.259363 
5161 0.259363 
5162 -0.319872 
5163 -0.319872 
5164 -0.319872 
5165 0.015171 
5166 0.483351 
5167 -0.333456 
5168 -0.472486 
5169 -0.472486 
5170 0.100035 
5171 0.104872 
5172 0.314257 
5173 0.282393 
5174 0.314257 
5175 0.282393 
5176 0.282393 
5177 -0.383651 
5178 0.483351 
5179 0.483351 
5180 -0.312576 
5181 -0.472486 
5182 -0.141746 
5183 0.100035 
5184 0.259397 
5185 0.314257 
5186 0.314257 
5187 0.314257 
5188 0.282393 
5189 0.282393 
5190 0.282393 
5191 0.483351 
5192 -0.312576 
5193 -0.312576 
5194 -0.141746 
5195 -0.141746 
5196 0.259397 
5197 0.259397 
5198 0.259397 
5199 -0.378593 
5200 0.314257 
5201 -0.461124 
5202 0.282393 
5203 0.282393 
5204 -0.391395 
5205 -0.391395 
5206 -0.312576 
5207 -0.288815 
5208 -0.141746 
5209 -0.257980 
5210 0.259397 
5211 0.114114 
5212 -0.378593 
5213 -0.461124 
5214 -0.461124 
5215 -0.461124 
5216 0.282393 
5217 -0.391395 
5218 0.146111 
5219 -0.391395 
5220 0.216473 
5221 -0.206413 
5222 -0.428508 
5223 0.114114 
5224 0.114114 
5225 -0.461124 
5226 -0.461124 
5227 -0.461124 
5228 -0.461124 
5229 -0.461124 
5230 0.146111 
5231 0.146111 
5232 0.216473 
5233 0.216473 
5234 -0.428508 
5235 -0.428508 
5236 -0.428508 
5237 0.114114 
5238 -0.461124 
5239 -0.461124 
5240 -0.206413 
5241 -0.461124 
5242 -0.122302 
5243 0.230786 
5244 0.146111 
5245 -0.186341 
5246 0.216473 
5247 0.228903 
5248 -0.428508 
5249 0.481093 
5250 -0.363225 
5251 -0.461124 
5252 -0.007072 
5253 -0.206413 
5254 -0.206413 
5255 -0.122302 
5256 0.135193 
5257 0.135193 
5258 -0.255691 
5259 -0.186341 
5260 0.363121 
5261 -0.394648 
5262 -0.363225 
5263 -0.363225 
5264 -0.007072 
5265 -0.007072 
5266 -0.206413 
5267 -0.206413 
5268 -0.206413 
5269 0.430691 
5270 -0.255691 
5271 -0.255691 
5272 0.363121 
5273 0.363121 
5274 0.363121 
5275 -0.206413 
5276 -0.363225 
5277 0.103000 
5278 -0.007072 
5279 -0.206413 
5280 -0.206413 
5281 -0.091008 
5282 0.430691 
5283 0.430691 
5284 -0.255691 
5285 0.237807 
5286 0.363121 
5287 0.096722 
5288 -0.206413 
5289 -0.206413 
5290 0.103000 
5291 0.100035 
5292 -0.206413 
5293 -0.115464 
5294 -0.091008 
5295 0.430691 
5296 0.440492 
5297 -0.490771 
5298 -0.041366 
5299 0.096722 
5300 0.096722 
5301 -0.206413 
5302 -0.206413 
5303 0.100035 
5304 0.100035 
5305 -0.115464 
5306 -0.115464 
5307 -0.115464 
5308 0.440492 
5309 0.440492 
5310 -0.041366 
5311 -0.041366 
5312 -0.041366 
5313 -0.041366 
5314 -0.272042 
5315 -0.206413 
5316 0.259363 
5317 0.259363 
5318 -0.115464 
5319 -0.115464 
5320 -0.115464 
5321 0.430691 
5322 0.440492 
5323 0.440492 
5324 -0.041366 
5325 -0.041366 
5326 -0.041366 
5327 -0.041366 
5328 0.259363 
5329 0.259363 
5330 0.259363 
5331 -0.319872 
5332 -0.115464 
5333 -0.319872 
5334 0.015171 
5335 0.015171 
5336 -0.333456 
5337 -0.333456 
5338 -0.333456 
5339 -0.333456 
5340 -0.333456 
5341 -0.461124 
5342 -0.461124 
5343 -0.461124 
5344 -0.461124 
5345 -0.383651 
5346 -0.383651 
5347 0.015171 
5348 0.015171 
5349 0.015171 
5350 -0.206413 
5351 -0.333456 
5352 -0.333456 
5353 -0.333456 
5354 -0.461124 
5355 -0.461124 
5356 -0.461124 
5357 -0.461124 
5358 -0.461124 
5359 -0.383651 
5360 -0.186341 
5361 0.216473 
5362 -0.206413 
5363 -0.206413 
5364 -0.206413 
5365 -0.333456 
5366 -0.333456 
5367 -0.333456 
5368 -0.461124 
5369 -0.461124 
5370 -0.461124 
5371 -0.461124 
5372 -0.461124 
5373 -0.186341 
5374 -0.186341 
5375 -0.186341 
5376 -0.186341 
5377 -0.206413 
5378 -0.206413 
5379 -0.206413 
5380 -0.206413 
5381 -0.206413 
5382 -0.206413 
5383 -0.206413 
5384 -0.461124 
5385 -0.461124 
5386 -0.186341 
5387 -0.186341 
5388 0.216473 
5389 0.216473 
5390 -0.206413 
5391 -0.206413 
5392 -0.206413 
5393 -0.206413 
5394 -0.206413 
5395 -0.206413 
5396 -0.206413 
5397 -0.206413 
5398 -0.461124 
5399 -0.186341 
5400 -0.186341 
5401 0.216473 
5402 0.216473 
5403 0.216473 
5404 -0.206413 
5405 -0.206413 
5406 -0.206413 
5407 -0.206413 
5408 -0.206413 
5409 -0.206413 
5410 -0.206413 
5411 -0.461124 
5412 0.135193 
5413 -0.186341 
5414 -0.186341 
5415 0.216473 
5416 0.216473 
5417 -0.206413 
5418 -0.206413 
5419 -0.206413 
5420 -0.206413 
5421 -0.206413 
5422 -0.206413 
5423 -0.206413 
5424 -0.206413 
5425 0.135193 
5426 0.135193 
5427 -0.186341 
5428 -0.186341 
5429 -0.206413 
5430 -0.206413 
5431 -0.206413 
5432 -0.206413 
5433 -0.206413 
5434 -0.206413 
5435 -0.206413 
5436 -0.206413 
5437 -0.206413 
5438 0.135193 
5439 0.135193 
5440 -0.186341 
5441 -0.186341 
5442 -0.206413 
5443 -0.206413 
5444 -0.206413 
5445 -0.206413 
5446 -0.206413 
5447 -0.206413 
5448 -0.206413 
5449 -0.206413 
5450 -0.206413 
5451 0.430691 
5452 0.135193 
5453 0.135193 
5454 -0.186341 
5455 -0.186341 
5456 -0.206413 
5457 -0.206413 
5458 -0.206413 
5459 -0.206413 
5460 -0.206413 
5461 -0.206413 
5462 -0.206413 
5463 -0.206413 
5464 0.430691 
5465 0.135193 
5466 0.135193 
5467 0.135193 
5468 -0.015063 
5469 -0.015063 
5470 -0.206413 
5471 -0.206413 
5472 -0.206413 
5473 -0.206413 
5474 -0.206413 
5475 -0.206413 
5476 -0.319872 
5477 0.430691 
5478 0.430691 
5479 0.135193 
5480 0.135193 
5481 0.135193 
5482 -0.015063 
5483 -0.015063 
5484 -0.206413 
5485 -0.206413 
5486 -0.206413 
5487 -0.206413 
5488 -0.206413 
5489 -0.319872 
5490 0.430691 
5491 0.430691 
5492 0.430691 
5493 0.135193 
5494 -0.015063 
5495 -0.015063 
5496 -0.015063 
5497 -0.015063 
5498 -0.015063 
5499 -0.015063 
5500 -0.319872 
5501 -0.319872 
5502 -0.319872 
5503 0.015171 
5504 0.015171 
5505 0.015171 
5506 0.015171 
5507 -0.333456 
5508 -0.333456 
5509 -0.333456 
5510 -0.333456 
5511 -0.333456 
5512 -0.333456 
5513 -0.333456 
5514 -0.333456 
5515 -0.333456 
5516 -0.333456 
5517 -0.461124 
5518 -0.461124 
5519 -0.461124 
5520 -0.461124 
5521 -0.461124 
5522 -0.461124 
5523 -0.461124 
5524 -0.461124 
5525 -0.383651 
5526 -0.383651 
5527 -0.383651 
5528 -0.383651 
5529 0.015171 
5530 0.015171 
5531 0.015171 
5532 0.015171 
5533 0.015171 
5534 0.015171 
5535 -0.206413 
5536 -0.206413 
5537 -0.333456 
5538 -0.206413 
5539 -0.206413 
5540 -0.333456 
5541 -0.333456 
5542 -0.333456 
5543 -0.333456 
5544 -0.333456 
5545 -0.333456 
5546 -0.333456 
5547 -0.333456 
5548 -0.333456 
5549 -0.333456 
5550 -0.461124 
5551 -0.461124 
5552 -0.461124 
5553 -0.461124 
5554 -0.461124 
5555 -0.461124 
5556 -0.461124 
5557 -0.461124 
5558 -0.461124 
5559 -0.461124 
5560 -0.461124 
5561 -0.383651 
5562 -0.461124 
5563 -0.461124 
5564 -0.383651 
5565 -0.383651 
5566 -0.186341 
5567 -0.186341 
5568 0.015171 
5569 0.216473 
5570 0.216473 
5571 0.015171 
5572 -0.206413 
5573 -0.206413 
5574 -0.206413 
5575 -0.206413 
5576 -0.206413 
5577 -0.206413 
5578 -0.206413 
5579 -0.206413 
5580 -0.333456 
5581 -0.333456 
5582 -0.333456 
5583 -0.333456 
5584 -0.333456 
5585 -0.333456 
5586 -0.333456 
5587 -0.333456 
5588 -0.333456 
5589 -0.461124 
5590 -0.461124 
5591 -0.461124 
5592 -0.461124 
5593 -0.461124 
5594 -0.461124 
5595 -0.461124 
5596 -0.461124 
5597 -0.461124 
5598 -0.461124 
5599 -0.461124 
5600 -0.461124 
5601 -0.461124 
5602 -0.461124 
5603 -0.186341 
5604 -0.186341 
5605 -0.186341 
5606 -0.186341 
5607 -0.186341 
5608 0.216473 
5609 -0.186341 
5610 -0.186341 
5611 -0.206413 
5612 -0.186341 
5613 -0.186341 
5614 -0.206413 
5615 -0.206413 
5616 -0.206413 
5617 -0.206413 
5618 -0.206413 
5619 -0.206413 
5620 -0.333456 
5621 -0.206413 
5622 -0.206413 
5623 -0.333456 
5624 -0.206413 
5625 -0.206413 
5626 -0.333456 
5627 -0.206413 
5628 -0.206413 
5629 -0.461124 
5630 -0.206413 
5631 -0.206413 
5632 -0.461124 
5633 -0.206413 
5634 -0.206413 
5635 -0.461124 
5636 -0.461124 
5637 -0.461124 
5638 -0.461124 
5639 -0.461124 
5640 -0.186341 
5641 -0.186341 
5642 -0.186341 
5643 -0.186341 
5644 -0.186341 
5645 -0.186341 
5646 0.216473 
5647 0.216473 
5648 -0.186341 
5649 0.216473 
5650 0.216473 
5651 -0.186341 
5652 -0.206413 
5653 -0.206413 
5654 -0.206413 
5655 -0.206413 
5656 -0.206413 
5657 -0.206413 
5658 -0.206413 
5659 -0.206413 
5660 -0.206413 
5661 -0.206413 
5662 -0.206413 
5663 -0.206413 
5664 -0.206413 
5665 -0.206413 
5666 -0.206413 
5667 -0.206413 
5668 -0.206413 
5669 -0.206413 
5670 -0.206413 
5671 -0.206413 
5672 -0.461124 
5673 -0.461124 
5674 -0.461124 
5675 -0.461124 
5676 -0.461124 
5677 -0.186341 
5678 -0.186341 
5679 -0.186341 
5680 -0.186341 
5681 -0.186341 
5682 -0.186341 
5683 0.216473 
5684 0.216473 
5685 0.216473 
5686 0.216473 
5687 -0.186341 
5688 -0.186341 
5689 -0.186341 
5690 -0.186341 
5691 -0.206413 
5692 -0.206413 
5693 -0.206413 
5694 -0.206413 
5695 -0.206413 
5696 -0.206413 
5697 -0.206413 
5698 -0.206413 
5699 -0.206413 
5700 -0.206413 
5701 -0.206413 
5702 -0.206413 
5703 -0.206413 
5704 -0.206413 
5705 -0.206413 
5706 -0.206413 
5707 -0.206413 
5708 -0.206413 
5709 -0.461124 
5710 -0.206413 
5711 -0.206413 
5712 -0.461124 
5713 -0.461124 
5714 0.135193 
5715 0.135193 
5716 -0.186341 
5717 -0.186341 
5718 -0.186341 
5719 -0.186341 
5720 -0.186341 
5721 -0.186341 
5722 -0.186341 
5723 -0.186341 
5724 -0.186341 
5725 -0.186341 
5726 -0.206413 
5727 -0.206413 
5728 -0.206413 
5729 -0.206413 
5730 -0.206413 
5731 -0.206413 
5732 -0.206413 
5733 -0.206413 
5734 -0.206413 
5735 -0.206413 
5736 -0.206413 
5737 -0.206413 
5738 -0.206413 
5739 -0.206413 
5740 -0.206413 
5741 -0.206413 
5742 -0.206413 
5743 -0.206413 
5744 -0.206413 
5745 -0.206413 
5746 -0.206413 
5747 -0.206413 
5748 -0.206413 
5749 -0.206413 
5750 -0.206413 
5751 0.135193 
5752 0.135193 
5753 0.135193 
5754 0.135193 
5755 0.135193 
5756 -0.186341 
5757 -0.186341 
5758 -0.186341 
5759 -0.186341 
5760 -0.186341 
5761 -0.186341 
5762 -0.186341 
5763 -0.206413 
5764 -0.206413 
5765 -0.206413 
5766 -0.206413 
5767 -0.206413 
5768 -0.206413 
5769 -0.206413 
5770 -0.206413 
5771 -0.206413 
5772 -0.206413 
5773 -0.206413 
5774 -0.206413 
5775 -0.206413 
5776 -0.206413 
5777 -0.206413 
5778 -0.206413 
5779 -0.206413 
5780 -0.206413 
5781 -0.206413 
5782 -0.206413 
5783 -0.206413 
5784 -0.206413 
5785 -0.206413 
5786 -0.206413 
5787 -0.206413 
5788 0.135193 
5789 0.135193 
5790 0.135193 
5791 0.135193 
5792 0.135193 
5793 0.135193 
5794 -0.186341 
5795 -0.186341 
5796 -0.186341 
5797 -0.186341 
5798 -0.186341 
5799 -0.186341 
5800 -0.206413 
5801 -0.206413 
5802 -0.206413 
5803 -0.206413 
5804 -0.206413 
5805 -0.206413 
5806 -0.206413 
5807 -0.206413 
5808 -0.206413 
5809 -0.206413 
5810 -0.206413 
5811 -0.206413 
5812 -0.206413 
5813 -0.206413 
5814 -0.206413 
5815 -0.206413 
5816 -0.206413 
5817 -0.206413 
5818 -0.206413 
5819 -0.206413 
5820 -0.206413 
5821 -0.206413 
5822 -0.206413 
5823 -0.206413 
5824 -0.206413 
5825 0.430691 
5826 0.430691 
5827 0.135193 
5828 0.135193 
5829 0.135193 
5830 0.135193 
5831 0.135193 
5832 0.135193 
5833 0.135193 
5834 -0.186341 
5835 -0.186341 
5836 -0.015063 
5837 -0.186341 
5838 -0.186341 
5839 -0.015063 
5840 -0.206413 
5841 -0.206413 
5842 -0.206413 
5843 -0.206413 
5844 -0.206413 
5845 -0.206413 
5846 -0.206413 
5847 -0.206413 
5848 -0.206413 
5849 -0.206413 
5850 -0.206413 
5851 -0.206413 
5852 -0.206413 
5853 -0.206413 
5854 -0.206413 
5855 -0.206413 
5856 -0.206413 
5857 -0.206413 
5858 -0.206413 
5859 -0.206413 
5860 -0.206413 
5861 -0.206413 
5862 0.430691 
5863 0.430691 
5864 0.430691 
5865 0.135193 
5866 0.135193 
5867 0.135193 
5868 0.135193 
5869 0.135193 
5870 0.135193 
5871 0.135193 
5872 0.135193 
5873 0.135193 
5874 -0.015063 
5875 -0.015063 
5876 -0.015063 
5877 -0.015063 
5878 -0.015063 
5879 -0.015063 
5880 -0.206413 
5881 -0.206413 
5882 -0.206413 
5883 -0.206413 
5884 -0.206413 
5885 -0.206413 
5886 -0.206413 
5887 -0.206413 
5888 -0.206413 
5889 -0.206413 
5890 -0.206413 
5891 -0.206413 
5892 -0.206413 
5893 -0.206413 
5894 -0.319872 
5895 -0.319872 
5896 -0.319872 
5897 -0.319872 
5898 -0.319872 
5899 0.430691 
5900 0.430691 
5901 0.430691 
5902 0.430691 
5903 0.430691 
5904 0.135193 
5905 0.135193 
5906 0.135193 
5907 0.135193 
5908 0.135193 
5909 0.135193 
5910 -0.015063 
5911 0.135193 
5912 0.135193 
5913 -0.015063 
5914 -0.015063 
5915 -0.015063 
5916 -0.015063 
5917 -0.015063 
5918 -0.015063 
5919 -0.015063 
5920 -0.206413 
5921 -0.206413 
5922 -0.015063 
5923 -0.206413 
5924 -0.206413 
5925 -0.015063 
5926 -0.206413 
5927 -0.206413 
5928 -0.319872 
5929 -0.206413 
5930 -0.206413 
5931 -0.319872 
5932 -0.319872 
5933 -0.319872 
5934 -0.319872 
5935 -0.319872 
5936 0.232517 
5937 0.232517 
5938 0.430691 
5939 0.430691 
5940 0.430691 
5941 0.135193 
5942 0.135193 
5943 0.135193 
5944 -0.015063 
5945 -0.015063 
5946 -0.015063 
5947 -0.015063 
5948 -0.015063 
5949 -0.015063 
5950 -0.015063 
5951 -0.015063 
5952 -0.015063 
5953 -0.015063 
5954 -0.015063 
5955 -0.015063 
5956 -0.319872 
5957 -0.319872 
5958 -0.319872 
5959 -0.319872 
5960 -0.319872 
5961 -0.319872 
