1446 1
0 3.203226 
1 0.354067 
2 -1.249289 
3 -0.782577 
4 -0.799553 
5 -2.491750 
6 1.390999 
7 0.591253 
8 -0.537735 
9 -1.778516 
10 -1.761073 
11 1.508323 
12 -0.568595 
13 -1.667579 
14 -1.189487 
15 -1.423529 
16 -1.898384 
17 -0.610818 
18 0.190434 
19 -1.920342 
20 -0.133528 
21 -0.507501 
22 -1.701520 
23 -1.863310 
24 1.763741 
25 0.291371 
26 -2.675961 
27 -0.209536 
28 -0.663203 
29 -1.031375 
30 -2.208781 
31 -0.514837 
32 -0.361843 
33 -1.252481 
34 -2.025114 
35 -0.997371 
36 1.805337 
37 2.140773 
38 -1.890188 
39 -0.992595 
40 -1.895367 
41 -0.128288 
42 -0.948443 
43 -1.499754 
44 -0.023103 
45 -1.391762 
46 -2.211305 
47 -0.898365 
48 1.256478 
49 -1.925722 
50 -0.996625 
51 -0.210888 
52 2.092601 
53 -2.532718 
54 0.412621 
55 0.049841 
56 -2.255967 
57 -1.102386 
58 0.689130 
59 1.777907 
60 -0.379385 
61 1.365564 
62 -2.529741 
63 -0.253255 
64 -0.693989 
65 -1.485499 
66 -0.549884 
67 -1.886815 
68 -0.704021 
69 -2.181782 
70 -0.137090 
71 -1.340294 
72 0.347873 
73 0.868729 
74 -2.978501 
75 0.945388 
76 -0.996336 
77 1.943590 
78 -1.120590 
79 -2.109475 
80 2.131517 
81 -2.248682 
82 1.028158 
83 -0.359664 
84 2.484886 
85 0.089040 
86 -1.063037 
87 -0.776734 
88 -1.105657 
89 -2.168461 
90 2.034365 
91 -0.689677 
92 -0.898428 
93 -1.276692 
94 -1.552809 
95 -1.121711 
96 -2.368959 
97 -0.592574 
98 -1.238062 
99 0.453467 
100 -0.227026 
101 -0.785509 
102 -2.584609 
103 -0.199977 
104 0.027902 
105 -0.413564 
106 -2.078678 
107 -1.553914 
108 -0.365324 
109 2.489776 
110 -1.977901 
111 0.322091 
112 -1.715737 
113 -0.219762 
114 -2.125587 
115 -0.069937 
116 -1.474479 
117 -1.550319 
118 -0.752281 
119 -0.785385 
120 0.864533 
121 -1.138708 
122 -1.203753 
123 -2.257606 
124 -1.993987 
125 1.561836 
126 -0.652925 
127 -1.242021 
128 1.767401 
129 0.261416 
130 1.897510 
131 -2.218497 
132 -1.126017 
133 -1.380136 
134 -0.632088 
135 -1.326266 
136 1.118860 
137 -2.286973 
138 -0.799701 
139 -1.140977 
140 -1.774561 
141 0.193612 
142 -1.632082 
143 -0.783803 
144 -2.216146 
145 0.649328 
146 -1.167866 
147 -1.312671 
148 -0.661450 
149 -2.007025 
150 -1.074109 
151 -0.733248 
152 0.380727 
153 -2.252481 
154 1.118752 
155 2.482151 
156 -0.409407 
157 -0.754378 
158 2.761513 
159 -1.976655 
160 -0.917276 
161 -1.979567 
162 2.584893 
163 0.305362 
164 -1.811982 
165 1.830472 
166 -1.584276 
167 0.707733 
168 3.362408 
169 0.044219 
170 -0.353531 
171 -1.795851 
172 -1.505520 
173 -0.857493 
174 -0.200548 
175 -2.010866 
176 -2.527635 
177 -0.788966 
178 -0.332643 
179 -0.306026 
180 -1.770005 
181 0.085094 
182 1.474472 
183 -1.952481 
184 -1.044396 
185 -1.796157 
186 -1.648716 
187 -0.180256 
188 -0.071569 
189 0.338363 
190 -1.246303 
191 -2.620784 
192 -1.761819 
193 0.127058 
194 0.304583 
195 2.612810 
196 -1.885576 
197 1.236474 
198 -1.305361 
199 2.668630 
200 -0.200355 
201 -2.276403 
202 -1.375414 
203 -0.888802 
204 -1.496560 
205 0.014598 
206 -1.638121 
207 3.122109 
208 -0.866919 
209 0.898466 
210 -1.941821 
211 -1.869889 
212 -1.881228 
213 -1.394777 
214 -1.203311 
215 -0.366303 
216 -1.669297 
217 -0.478531 
218 -0.965182 
219 -1.695344 
220 -2.537134 
221 1.178013 
222 -1.357167 
223 1.585316 
224 -0.317156 
225 -1.633814 
226 0.065110 
227 -1.983758 
228 -1.006562 
229 -1.591875 
230 -1.212552 
231 -1.154595 
232 1.241067 
233 -1.153810 
234 -1.184059 
235 -1.728213 
236 2.475173 
237 1.571133 
238 -0.905773 
239 -1.849063 
240 -2.289098 
241 -1.412993 
242 0.262274 
243 1.569117 
244 -1.508091 
245 0.662394 
246 -1.291220 
247 -1.086977 
248 -1.132110 
249 -1.563017 
250 -0.429618 
251 -1.606745 
252 -1.879708 
253 -1.654041 
254 0.640311 
255 -0.941980 
256 -2.457891 
257 -0.654364 
258 0.354182 
259 2.008795 
260 -2.262784 
261 -0.926235 
262 -1.025224 
263 0.631924 
264 -1.117624 
265 -0.868457 
266 -0.800988 
267 -1.821118 
268 2.070127 
269 -0.615067 
270 -2.215671 
271 1.233512 
272 1.326962 
273 -0.915217 
274 -1.644667 
275 -1.717367 
276 -2.492589 
277 -0.408947 
278 -0.789171 
279 0.841987 
280 -0.333532 
281 1.253657 
282 -0.716799 
283 -2.586448 
284 1.828498 
285 -2.311460 
286 2.213212 
287 0.120589 
288 -1.433467 
289 -0.490355 
290 -1.810032 
291 -1.052927 
292 -0.954904 
293 1.282530 
294 -2.190101 
295 -1.190569 
296 -1.607240 
297 -1.255540 
298 -0.748328 
299 -1.426247 
300 1.648042 
301 -0.934791 
302 -1.543884 
303 -1.078762 
304 1.521977 
305 0.707619 
306 -2.522155 
307 -1.430862 
308 -1.860603 
309 0.030056 
310 -1.284128 
311 1.496390 
312 1.615498 
313 1.101992 
314 -1.410769 
315 -1.472220 
316 2.072131 
317 -0.074337 
318 -1.798625 
319 -1.408510 
320 -0.821791 
321 1.062686 
322 -2.577826 
323 -0.395441 
324 -0.302172 
325 -0.877836 
326 -1.569359 
327 -1.860203 
328 -1.569867 
329 -2.056544 
330 -0.710863 
331 1.514704 
332 2.528486 
333 -0.788495 
334 2.159179 
335 -0.840175 
336 -1.935120 
337 -0.911145 
338 0.123385 
339 -1.786643 
340 -1.254003 
341 -1.271746 
342 1.797653 
343 -1.669546 
344 -1.063537 
345 0.350048 
346 -1.930630 
347 -1.524967 
348 -0.575696 
349 -2.244060 
350 -1.155524 
351 -0.372163 
352 -1.949890 
353 0.751582 
354 -1.884402 
355 1.419857 
356 1.425147 
357 -2.804909 
358 -0.206020 
359 -0.051479 
360 0.919235 
361 -2.272396 
362 2.233743 
363 0.046559 
364 -1.476416 
365 -1.652461 
366 0.577398 
367 2.369321 
368 0.305078 
369 2.339601 
370 -2.543175 
371 1.125610 
372 -0.609416 
373 -1.418834 
374 -1.780403 
375 2.233474 
376 0.094092 
377 1.095617 
378 -2.026033 
379 -1.603855 
380 -1.050259 
381 -1.194660 
382 -0.495323 
383 -1.955742 
384 1.369061 
385 -1.395547 
386 -1.527642 
387 -1.485441 
388 0.365309 
389 -0.600929 
390 -2.032419 
391 -1.801273 
392 -1.416329 
393 1.201463 
394 0.903537 
395 -2.121374 
396 -2.472128 
397 -1.226294 
398 0.479325 
399 1.055195 
400 -1.572105 
401 -1.728134 
402 -0.233552 
403 -1.132651 
404 -0.983267 
405 -1.967424 
406 -0.922528 
407 -0.814636 
408 0.949510 
409 -0.332471 
410 -2.509251 
411 -0.817904 
412 -1.229652 
413 1.275914 
414 -1.339337 
415 -1.673074 
416 -1.683501 
417 -1.859319 
418 0.381642 
419 2.134394 
420 -1.262907 
421 -1.475519 
422 0.871836 
423 -1.840375 
424 -1.068003 
425 -1.067260 
426 -0.834797 
427 -1.610587 
428 0.730530 
429 -1.937660 
430 -1.002136 
431 -1.482452 
432 1.436057 
433 2.124507 
434 -2.362506 
435 -0.553950 
436 -1.353376 
437 -0.864519 
438 -0.127735 
439 -2.087691 
440 -0.976813 
441 0.873698 
442 -1.371665 
443 -1.967844 
444 -1.936030 
445 -0.264955 
446 -0.191284 
447 -1.658120 
448 -1.380564 
449 -1.624378 
450 -1.124034 
451 -0.691269 
452 -1.309392 
453 -0.811848 
454 -1.751782 
455 -0.983191 
456 0.927927 
457 -1.537022 
458 -2.204421 
459 -0.621795 
460 -1.566419 
461 0.929542 
462 -1.515002 
463 2.096517 
464 -1.117693 
465 -1.171706 
466 -1.710570 
467 -0.653298 
468 -2.101821 
469 1.037304 
470 2.238191 
471 -0.994391 
472 -1.720638 
473 -0.709115 
474 0.885958 
475 -1.844481 
476 -1.069475 
477 -0.758134 
478 -1.345749 
479 -1.542548 
480 -1.161708 
481 -0.792278 
482 -1.729460 
483 -1.393490 
484 -1.366717 
485 -0.085468 
486 -1.106804 
487 -1.826152 
488 -1.212251 
489 1.400845 
490 -1.731036 
491 -1.730512 
492 -1.471480 
493 -2.271132 
494 1.095888 
495 -0.684341 
496 -1.811190 
497 -0.013222 
498 -0.838465 
499 -1.713829 
500 -1.805331 
501 1.278540 
502 -1.977439 
503 1.716966 
504 -2.136428 
505 -1.746958 
506 0.830955 
507 -0.422889 
508 1.112161 
509 -2.192288 
510 2.464347 
511 1.622428 
512 -2.071662 
513 -1.599087 
514 -0.470243 
515 -0.748259 
516 0.347880 
517 -1.322664 
518 0.269559 
519 -2.611526 
520 -1.890857 
521 -1.163909 
522 -1.690591 
523 0.200136 
524 0.609859 
525 -1.936263 
526 -1.774416 
527 -0.254646 
528 1.660934 
529 -2.113544 
530 3.053720 
531 0.623993 
532 -1.483679 
533 -0.738700 
534 -1.794057 
535 2.187477 
536 0.422623 
537 -1.676964 
538 -2.362255 
539 0.526826 
540 -2.272951 
541 -1.273902 
542 -1.055574 
543 0.658626 
544 -1.853819 
545 -1.390631 
546 -1.310963 
547 0.776808 
548 -0.759370 
549 -1.707703 
550 1.834305 
551 -1.231867 
552 -1.130154 
553 -1.224079 
554 -2.091206 
555 0.855839 
556 -0.830417 
557 0.894879 
558 -1.634189 
559 -2.115012 
560 -1.607367 
561 -1.344107 
562 0.773811 
563 -1.376496 
564 -1.554339 
565 -1.525472 
566 -0.941277 
567 -1.080764 
568 -2.029413 
569 2.442684 
570 0.672870 
571 -0.594043 
572 0.563933 
573 2.843195 
574 -1.299826 
575 1.743744 
576 -1.447666 
577 -2.202086 
578 1.528376 
579 -0.723319 
580 -2.024994 
581 -1.746821 
582 -0.728484 
583 1.379406 
584 -1.948933 
585 -0.196147 
586 -1.892847 
587 -0.764806 
588 0.595839 
589 -1.924780 
590 -0.434279 
591 2.363908 
592 -0.891895 
593 0.424985 
594 -1.977835 
595 -1.883759 
596 -1.633335 
597 -1.653010 
598 1.298177 
599 -0.818136 
600 -1.927900 
601 -1.806406 
602 0.859769 
603 -1.193552 
604 -1.471967 
605 -2.252986 
606 -0.656731 
607 0.075634 
608 -1.113922 
609 -0.614183 
610 -1.565164 
611 -1.504617 
612 -1.008519 
613 -1.088908 
614 -1.679453 
615 -1.259111 
616 -1.924307 
617 -0.657760 
618 0.104893 
619 -1.470652 
620 -1.441163 
621 0.809344 
622 -1.875191 
623 -0.519577 
624 -0.336849 
625 -1.859840 
626 -0.896929 
627 -1.443583 
628 -1.197160 
629 -2.298437 
630 -0.799219 
631 0.176814 
632 -1.877216 
633 -1.594319 
634 0.283429 
635 -0.941378 
636 -2.864797 
637 0.089382 
638 -0.751896 
639 0.242489 
640 -0.425392 
641 -2.646345 
642 1.476947 
643 -0.767997 
644 -0.401645 
645 -2.946070 
646 0.650818 
647 -0.942853 
648 0.024284 
649 0.135142 
650 -2.271307 
651 -2.122414 
652 -1.697047 
653 -0.220084 
654 -1.187311 
655 -1.386706 
656 2.575529 
657 -1.755424 
658 2.712276 
659 0.957101 
660 2.642853 
661 0.127819 
662 -1.965804 
663 -1.425156 
664 1.330012 
665 -0.823277 
666 -0.588515 
667 -2.591004 
668 -0.045923 
669 -0.836135 
670 -0.623813 
671 -2.213202 
672 -1.699313 
673 0.511976 
674 -2.035085 
675 -0.549039 
676 2.685337 
677 -0.329913 
678 -1.826395 
679 -1.306591 
680 0.555942 
681 -2.088027 
682 -0.094846 
683 -1.887227 
684 -2.232372 
685 -0.638927 
686 -1.263698 
687 -0.331008 
688 0.261890 
689 0.669633 
690 0.663346 
691 4.490320 
692 -1.657056 
693 -0.430290 
694 -1.413581 
695 -0.903184 
696 -0.949623 
697 -0.648314 
698 -2.733660 
699 0.093318 
700 -0.981017 
701 -1.279628 
702 -0.317613 
703 -2.138197 
704 -0.820396 
705 -2.732782 
706 -0.734219 
707 1.173718 
708 0.451694 
709 -1.560297 
710 -2.678875 
711 0.824177 
712 -0.349415 
713 -1.157625 
714 -2.716512 
715 0.312465 
716 -1.661641 
717 -0.477445 
718 -1.983164 
719 1.149328 
720 -2.963719 
721 -1.063599 
722 0.273455 
723 0.059553 
724 0.061409 
725 2.032230 
726 -1.030360 
727 -2.269011 
728 -1.556617 
729 -1.205222 
730 -1.258505 
731 -0.164248 
732 -0.622154 
733 0.962803 
734 -1.185220 
735 -2.501992 
736 0.254718 
737 -1.243217 
738 -2.791956 
739 0.063928 
740 -0.408153 
741 1.072340 
742 -1.687839 
743 -1.934695 
744 -0.500374 
745 -1.223374 
746 -2.196571 
747 -1.016773 
748 -1.376466 
749 -2.077243 
750 1.745462 
751 -1.261128 
752 -1.261035 
753 0.080566 
754 -1.935173 
755 -1.292964 
756 -2.558373 
757 -1.313258 
758 -0.054137 
759 0.191288 
760 -2.257277 
761 0.283177 
762 -1.233528 
763 -1.192295 
764 -1.467514 
765 2.511130 
766 -1.727144 
767 -0.746944 
768 -2.378643 
769 2.197933 
770 -0.825893 
771 0.158222 
772 0.274904 
773 -1.607177 
774 -0.819480 
775 -2.167186 
776 -0.103840 
777 0.644188 
778 -2.194742 
779 -1.512377 
780 -1.512194 
781 -0.923196 
782 -1.837654 
783 0.249776 
784 1.503789 
785 -1.264492 
786 -1.375612 
787 4.285444 
788 0.587758 
789 1.212232 
790 -2.890898 
791 -0.861295 
792 -2.812626 
793 1.026463 
794 -1.060318 
795 -0.382289 
796 2.084107 
797 1.003296 
798 2.102650 
799 -2.333548 
800 0.068390 
801 -0.756202 
802 -2.484812 
803 -0.863864 
804 -2.621747 
805 -1.126315 
806 0.768442 
807 -0.105173 
808 3.311582 
809 -0.093686 
810 2.201381 
811 1.843969 
812 0.013788 
813 -2.518484 
814 -1.450298 
815 1.555878 
816 0.891917 
817 0.561934 
818 1.025032 
819 -3.052461 
820 0.547368 
821 -0.458278 
822 -2.283461 
823 -1.562241 
824 -1.257364 
825 -2.501906 
826 -0.335402 
827 0.625677 
828 -1.926245 
829 -1.120832 
830 -0.957586 
831 -0.839146 
832 0.310781 
833 -2.722826 
834 -0.153425 
835 -1.286473 
836 1.379854 
837 -3.069841 
838 1.572618 
839 -0.441425 
840 -1.067417 
841 -0.706024 
842 -2.523329 
843 0.645912 
844 -0.554983 
845 -2.229108 
846 1.731711 
847 2.680499 
848 -1.318055 
849 -1.051364 
850 -0.815354 
851 -1.753179 
852 -1.724120 
853 -1.619897 
854 -0.543029 
855 -0.632747 
856 -0.835132 
857 2.701045 
858 2.292051 
859 -1.928867 
860 -1.393345 
861 -0.310322 
862 1.120561 
863 -2.408110 
864 -1.645283 
865 0.654370 
866 -1.813238 
867 -0.904289 
868 -0.628797 
869 -1.982477 
870 -2.063197 
871 0.497563 
872 -0.364187 
873 -2.062535 
874 0.782298 
875 -1.655566 
876 -0.913824 
877 -2.455753 
878 1.987426 
879 -0.610407 
880 -0.524199 
881 -0.932587 
882 -1.006812 
883 -2.181677 
884 -2.541627 
885 -0.555545 
886 -0.154099 
887 -1.142654 
888 -2.782700 
889 0.717867 
890 0.516326 
891 -1.308520 
892 -3.013330 
893 -0.543138 
894 1.371458 
895 0.256535 
896 -1.178974 
897 -1.029680 
898 -1.203952 
899 -1.368930 
900 0.302765 
901 -3.010553 
902 -1.010310 
903 -0.085990 
904 -1.049550 
905 0.371067 
906 -1.250188 
907 -2.281194 
908 -2.571069 
909 -1.622746 
910 0.400529 
911 0.902780 
912 -0.863406 
913 -0.236247 
914 -2.116992 
915 -1.283916 
916 1.028852 
917 -1.483709 
918 -1.727420 
919 2.216772 
920 0.144004 
921 1.491868 
922 -0.196728 
923 -3.262775 
924 -2.906032 
925 -1.012177 
926 -0.142318 
927 0.889149 
928 -0.072611 
929 -1.784669 
930 -1.628928 
931 -0.849383 
932 -0.409203 
933 -2.843107 
934 -1.145357 
935 1.125460 
936 -1.949507 
937 0.435505 
938 -0.880083 
939 -1.905024 
940 3.909405 
941 0.336597 
942 1.101655 
943 -2.368718 
944 2.554905 
945 -1.682735 
946 -0.672655 
947 -0.095075 
948 -0.923572 
949 -1.491680 
950 -1.886335 
951 -0.875037 
952 -1.959998 
953 -1.817459 
954 -0.083265 
955 -0.314210 
956 2.715919 
957 -2.592566 
958 0.108144 
959 0.654468 
960 -1.938111 
961 -0.009124 
962 -2.298906 
963 -0.556897 
964 -0.753166 
965 -0.786757 
966 -2.327406 
967 -0.732486 
968 -0.630756 
969 -0.120878 
970 2.295942 
971 -2.523660 
972 -1.161926 
973 -0.502998 
974 -0.295565 
975 -2.499244 
976 3.011216 
977 -0.653500 
978 -2.241641 
979 -1.212725 
980 0.411646 
981 -0.592974 
982 -3.490884 
983 0.713101 
984 -2.319627 
985 -0.890233 
986 -1.107105 
987 1.313661 
988 -0.612412 
989 -1.339231 
990 -1.299401 
991 -1.113350 
992 -0.418173 
993 -0.967093 
994 -1.328109 
995 -1.949366 
996 -0.767571 
997 -2.783467 
998 1.851350 
999 -0.234383 
1000 -1.597086 
1001 -1.906557 
1002 -0.550761 
1003 -0.290191 
1004 -0.045442 
1005 -0.741946 
1006 2.637595 
1007 -2.377910 
1008 -1.875994 
1009 -0.513799 
1010 0.266369 
1011 -2.031553 
1012 0.622937 
1013 -0.062650 
1014 -3.032893 
1015 -1.073888 
1016 -0.369371 
1017 2.086310 
1018 1.211082 
1019 -1.683218 
1020 -0.737620 
1021 -2.515871 
1022 -1.106499 
1023 1.051502 
1024 -1.204794 
1025 -2.293920 
1026 2.081182 
1027 0.867574 
1028 -1.943499 
1029 0.804864 
1030 -1.629130 
1031 -1.208017 
1032 -1.155011 
1033 -0.983368 
1034 -1.479391 
1035 -1.147897 
1036 2.346290 
1037 3.277944 
1038 -0.999518 
1039 1.186158 
1040 1.384920 
1041 -1.763404 
1042 1.788914 
1043 -1.751198 
1044 -0.378343 
1045 -1.863791 
1046 -1.786684 
1047 -0.157849 
1048 0.592057 
1049 -2.001679 
1050 -1.924386 
1051 -0.036636 
1052 -0.375424 
1053 -0.620958 
1054 3.041107 
1055 -1.765798 
1056 1.337049 
1057 0.227374 
1058 -1.449392 
1059 -2.411282 
1060 -0.676044 
1061 -1.510036 
1062 2.668503 
1063 -1.204619 
1064 -1.884604 
1065 -1.232071 
1066 -1.403448 
1067 -0.250660 
1068 -1.576673 
1069 -0.512628 
1070 -1.013783 
1071 -1.527749 
1072 -1.475204 
1073 0.062001 
1074 -1.949793 
1075 -1.266020 
1076 -1.579627 
1077 -1.593476 
1078 -1.432125 
1079 1.481685 
1080 -0.808079 
1081 -1.148891 
1082 -2.330081 
1083 1.042233 
1084 -1.525170 
1085 -0.010413 
1086 -1.091368 
1087 -1.932872 
1088 -1.716725 
1089 3.026017 
1090 -1.330891 
1091 1.448427 
1092 1.216422 
1093 -2.863987 
1094 -0.919763 
1095 0.639393 
1096 -0.761144 
1097 3.515043 
1098 1.187821 
1099 0.279249 
1100 -1.960545 
1101 0.815620 
1102 -2.068017 
1103 0.476108 
1104 -0.278446 
1105 -0.892216 
1106 3.077345 
1107 0.143790 
1108 0.985936 
1109 0.425043 
1110 -2.278893 
1111 -1.870348 
1112 0.352005 
1113 -2.304474 
1114 -1.753771 
1115 1.007003 
1116 1.508243 
1117 -1.964855 
1118 -1.291656 
1119 -1.620197 
1120 -1.441270 
1121 -1.162372 
1122 0.724746 
1123 -1.688528 
1124 0.652892 
1125 -2.491271 
1126 1.399823 
1127 -1.286123 
1128 -1.991285 
1129 -0.101215 
1130 -1.664853 
1131 2.070090 
1132 1.623340 
1133 -1.733411 
1134 -1.362068 
1135 -1.496134 
1136 1.845895 
1137 -1.954087 
1138 -1.185432 
1139 -1.235839 
1140 -1.357782 
1141 -1.813789 
1142 -0.020795 
1143 -1.434732 
1144 -1.301277 
1145 0.821891 
1146 -2.651968 
1147 0.203584 
1148 -1.651741 
1149 -1.114586 
1150 -1.051628 
1151 -1.334159 
1152 -1.878861 
1153 -0.794369 
1154 -0.675703 
1155 -1.334446 
1156 -0.646014 
1157 -0.842230 
1158 -2.730810 
1159 0.723464 
1160 -0.887896 
1161 -1.330892 
1162 1.423227 
1163 -1.946437 
1164 -2.494770 
1165 1.197663 
1166 0.902577 
1167 2.886128 
1168 0.167539 
1169 1.443572 
1170 -1.336524 
1171 -2.539060 
1172 0.578967 
1173 -2.278856 
1174 -1.867623 
1175 0.112705 
1176 1.684199 
1177 -2.690651 
1178 0.619380 
1179 2.368772 
1180 2.223660 
1181 -0.491914 
1182 -1.587651 
1183 -0.887661 
1184 0.495690 
1185 -2.257783 
1186 -1.898465 
1187 0.023146 
1188 0.652861 
1189 -0.026118 
1190 -0.326248 
1191 -3.118558 
1192 -1.336791 
1193 0.364395 
1194 1.393695 
1195 -2.499427 
1196 -1.583363 
1197 -0.215715 
1198 -0.704233 
1199 -1.985657 
1200 -2.621195 
1201 -0.439265 
1202 -0.872139 
1203 1.080275 
1204 -2.275638 
1205 1.274629 
1206 -1.607560 
1207 0.786009 
1208 -2.482880 
1209 -0.972065 
1210 0.545111 
1211 -0.933179 
1212 -2.702034 
1213 -0.795312 
1214 -0.476158 
1215 1.111814 
1216 -0.017736 
1217 -1.698375 
1218 2.283071 
1219 -2.058511 
1220 -0.028402 
1221 -1.682563 
1222 -1.824851 
1223 -1.328169 
1224 -0.558225 
1225 -2.264951 
1226 -1.383284 
1227 2.015209 
1228 -0.915583 
1229 1.223395 
1230 1.071620 
1231 -2.881545 
1232 1.037908 
1233 -0.459042 
1234 -0.267436 
1235 -3.031185 
1236 -0.130971 
1237 -3.231388 
1238 -0.373311 
1239 1.408621 
1240 -0.483373 
1241 -0.348477 
1242 -0.914779 
1243 -2.630758 
1244 -0.452117 
1245 0.298104 
1246 0.699667 
1247 -3.364254 
1248 0.138387 
1249 1.064844 
1250 -2.726677 
1251 -1.341108 
1252 -0.174682 
1253 -2.549517 
1254 2.105318 
1255 -0.947740 
1256 -0.277199 
1257 2.082467 
1258 0.227958 
1259 -3.258892 
1260 -2.379068 
1261 -1.491949 
1262 0.819034 
1263 -0.744554 
1264 -2.990887 
1265 -0.703691 
1266 1.089880 
1267 -0.482884 
1268 -2.477170 
1269 -0.120329 
1270 -1.700614 
1271 1.151556 
1272 0.773006 
1273 2.692293 
1274 -1.881823 
1275 -1.228313 
1276 -2.276596 
1277 1.518697 
1278 0.413610 
1279 -1.886814 
1280 -0.228078 
1281 -1.228350 
1282 -0.621063 
1283 -2.451428 
1284 -0.760295 
1285 -0.195263 
1286 -2.930109 
1287 -0.148686 
1288 2.855126 
1289 -1.629228 
1290 -0.951735 
1291 -1.220504 
1292 -1.130138 
1293 2.508183 
1294 1.052889 
1295 -1.576212 
1296 -3.184658 
1297 -0.655418 
1298 0.902307 
1299 1.285915 
1300 0.060492 
1301 -0.930017 
1302 -2.370233 
1303 -1.319139 
1304 0.114204 
1305 -0.393474 
1306 -1.937733 
1307 -1.720108 
1308 0.204685 
1309 -1.342788 
1310 -1.422221 
1311 -2.134827 
1312 -1.984056 
1313 -1.772319 
1314 1.032263 
1315 -0.745127 
1316 0.782552 
1317 1.672245 
1318 -2.057588 
1319 -1.713554 
1320 -1.107682 
1321 -0.561838 
1322 2.055295 
1323 -1.527143 
1324 -0.316423 
1325 2.712029 
1326 2.240518 
1327 -1.009552 
1328 0.342922 
1329 -2.433020 
1330 -0.636687 
1331 -1.407520 
1332 0.552156 
1333 -2.079754 
1334 -1.994564 
1335 -0.602908 
1336 -0.566747 
1337 -0.875506 
1338 -1.913219 
1339 -1.489843 
1340 -1.154738 
1341 -0.855519 
1342 -0.736638 
1343 -1.834285 
1344 -1.228809 
1345 -2.269687 
1346 0.678266 
1347 -1.284542 
1348 1.077731 
1349 2.848218 
1350 -2.996465 
1351 -0.595131 
1352 0.330962 
1353 -2.342702 
1354 -0.795673 
1355 -1.379778 
1356 -1.219099 
1357 -2.808201 
1358 1.015213 
1359 0.438663 
1360 -2.298960 
1361 -1.719305 
1362 0.595937 
1363 0.272421 
1364 -2.090459 
1365 -0.708848 
1366 -1.720267 
1367 -0.290037 
1368 -0.305858 
1369 0.058310 
1370 -3.328953 
1371 0.391626 
1372 -1.315644 
1373 -1.843026 
1374 -0.762527 
1375 -0.503423 
1376 -1.930924 
1377 0.309720 
1378 0.444890 
1379 -2.051742 
1380 -2.059206 
1381 -0.796029 
1382 1.683327 
1383 -1.696336 
1384 -0.256377 
1385 -1.744057 
1386 -1.191250 
1387 -1.218687 
1388 2.003808 
1389 -1.780385 
1390 -2.164873 
1391 0.599724 
1392 0.268948 
1393 -1.180621 
1394 0.142548 
1395 -2.921035 
1396 0.811095 
1397 -0.869262 
1398 -2.482165 
1399 -0.896184 
1400 -0.207001 
1401 0.366221 
1402 -0.915964 
1403 -3.175499 
1404 -2.563291 
1405 -0.373066 
1406 0.605805 
1407 -1.485685 
1408 -0.211566 
1409 -2.107909 
1410 -0.922862 
1411 -1.538006 
1412 -1.779566 
1413 -0.353308 
1414 -1.291748 
1415 -1.202552 
1416 -0.582837 
1417 -2.224012 
1418 1.539903 
1419 -1.433639 
1420 0.301326 
1421 0.293141 
1422 -1.817692 
1423 -2.089822 
1424 -1.973009 
1425 0.394148 
1426 0.136144 
1427 -2.012942 
1428 2.413798 
1429 -0.982237 
1430 -2.156874 
1431 0.698905 
1432 2.079115 
1433 1.603516 
1434 -2.122601 
1435 -1.297507 
1436 -1.642841 
1437 -1.643205 
1438 -1.147395 
1439 1.052923 
1440 -1.001409 
1441 -1.162970 
1442 -1.188692 
1443 1.639732 
1444 -3.165311 
1445 0.238231 
