958 1
0 3.871951 
1 2.561597 
2 2.565862 
3 2.502913 
4 2.492230 
5 2.384416 
6 1.548208 
7 1.022822 
8 2.147785 
9 1.979514 
10 -0.246643 
11 2.150250 
12 1.121073 
13 1.482651 
14 1.349985 
15 1.773078 
16 1.475638 
17 1.692504 
18 1.100372 
19 1.571539 
20 0.284282 
21 -0.721565 
22 0.869764 
23 2.015207 
24 1.677361 
25 2.146055 
26 1.180589 
27 -0.771081 
28 2.265807 
29 1.200758 
30 -1.080543 
31 0.106119 
32 0.993927 
33 1.406309 
34 1.735785 
35 1.297402 
36 0.501299 
37 1.544699 
38 1.332218 
39 1.777222 
40 2.070235 
41 0.164050 
42 1.037384 
43 0.153395 
44 0.368908 
45 -0.598221 
46 1.584639 
47 2.233132 
48 1.438085 
49 0.702800 
50 1.527726 
51 1.840020 
52 1.170246 
53 1.074529 
54 1.526750 
55 1.645760 
56 0.028495 
57 1.473343 
58 0.927493 
59 2.090780 
60 -0.498332 
61 -0.354495 
62 2.180423 
63 -0.868944 
64 0.360219 
65 2.188944 
66 1.583708 
67 0.691202 
68 1.943211 
69 0.912098 
70 0.636170 
71 1.427916 
72 0.581362 
73 0.314899 
74 -0.769038 
75 -0.265620 
76 0.024359 
77 -1.243679 
78 0.609768 
79 -1.886916 
80 1.248998 
81 -0.603285 
82 -2.534929 
83 -2.437731 
84 -0.610134 
85 1.832595 
86 1.412546 
87 1.557002 
88 0.351460 
89 1.014881 
90 0.312077 
91 0.729524 
92 0.260460 
93 -0.197532 
94 1.287671 
95 0.871615 
96 1.109674 
97 -0.519949 
98 0.399156 
99 0.001179 
100 -0.013882 
101 1.533887 
102 1.972231 
103 0.426726 
104 1.124283 
105 1.189860 
106 1.469766 
107 1.319514 
108 1.421565 
109 -1.512171 
110 -0.336059 
111 1.594766 
112 -1.213910 
113 0.598397 
114 1.536533 
115 1.212337 
116 0.726529 
117 1.170874 
118 1.303193 
119 1.677349 
120 -0.693071 
121 -0.316831 
122 2.160066 
123 1.785753 
124 1.454991 
125 -0.138436 
126 1.388786 
127 1.908020 
128 1.163756 
129 1.770267 
130 1.719445 
131 -0.082769 
132 0.324532 
133 1.095434 
134 1.794926 
135 1.460480 
136 1.965119 
137 0.630776 
138 -0.277348 
139 1.715460 
140 0.856961 
141 1.572477 
142 1.912389 
143 0.332177 
144 2.139176 
145 1.648182 
146 0.400566 
147 0.269068 
148 0.175128 
149 1.500592 
150 0.916369 
151 1.894357 
152 1.739799 
153 -0.052607 
154 -1.489455 
155 0.828312 
156 1.220410 
157 -1.741969 
158 -0.744248 
159 1.662454 
160 -0.024580 
161 1.600274 
162 0.676583 
163 2.013368 
164 2.099652 
165 1.361142 
166 -0.171762 
167 1.253329 
168 1.582755 
169 0.508732 
170 1.610419 
171 1.237390 
172 1.527283 
173 0.905061 
174 1.469818 
175 1.184350 
176 0.504969 
177 -0.109680 
178 2.159843 
179 1.469041 
180 0.838943 
181 1.644669 
182 1.710256 
183 0.626368 
184 1.550214 
185 1.315023 
186 1.919823 
187 -0.061402 
188 0.994637 
189 1.501215 
190 0.810272 
191 1.655211 
192 1.614264 
193 -0.470565 
194 1.829582 
195 0.940838 
196 -0.233606 
197 1.555195 
198 2.224335 
199 0.054467 
200 2.113110 
201 1.074772 
202 1.226867 
203 -0.490215 
204 -1.066876 
205 2.019439 
206 -0.449689 
207 0.574003 
208 0.836372 
209 0.801572 
210 -0.944310 
211 0.572046 
212 -0.208761 
213 2.357157 
214 0.509560 
215 1.090896 
216 0.863010 
217 -1.944477 
218 -1.982823 
219 -2.476563 
220 -1.998200 
221 -1.156419 
222 1.117114 
223 0.413565 
224 0.346248 
225 1.739192 
226 0.153374 
227 -2.024055 
228 -1.016423 
229 -2.513741 
230 -1.592775 
231 -0.084427 
232 0.963992 
233 -0.412104 
234 1.759609 
235 1.927498 
236 1.946832 
237 0.362410 
238 1.455526 
239 -0.220503 
240 1.029465 
241 0.015345 
242 -0.696206 
243 2.421115 
244 2.021079 
245 1.065049 
246 0.841139 
247 1.080430 
248 2.039908 
249 0.240092 
250 -0.709558 
251 -1.034270 
252 1.814993 
253 0.382845 
254 1.328312 
255 0.662449 
256 0.524582 
257 1.051769 
258 -0.374910 
259 1.322572 
260 -0.033424 
261 -2.450660 
262 -0.607472 
263 -1.608437 
264 1.739093 
265 -1.570569 
266 -1.881596 
267 -1.619147 
268 -1.776433 
269 0.733378 
270 1.072263 
271 -2.323029 
272 -1.157353 
273 -1.088089 
274 0.527382 
275 1.846199 
276 -0.464504 
277 -0.747324 
278 -0.823101 
279 -0.095997 
280 -2.176596 
281 -2.550050 
282 -0.684167 
283 -2.222555 
284 -2.795578 
285 -1.587536 
286 -1.108523 
287 -0.814394 
288 -1.889373 
289 -0.162135 
290 1.285436 
291 -1.481417 
292 -0.443921 
293 -0.056647 
294 1.735303 
295 1.505587 
296 1.297576 
297 0.889894 
298 1.239130 
299 0.637720 
300 1.161601 
301 1.005072 
302 0.848379 
303 1.122301 
304 1.463550 
305 0.129823 
306 1.011157 
307 1.275960 
308 1.266782 
309 1.029481 
310 0.580494 
311 -0.051242 
312 0.948678 
313 -0.071546 
314 1.345074 
315 1.092162 
316 0.734134 
317 1.956365 
318 -0.529641 
319 0.276759 
320 -0.973054 
321 1.751786 
322 0.199017 
323 0.979223 
324 1.579181 
325 1.295852 
326 -0.607145 
327 0.247425 
328 0.119725 
329 0.692493 
330 1.563936 
331 1.130651 
332 1.347258 
333 0.369883 
334 1.161500 
335 1.042305 
336 1.610093 
337 1.622068 
338 -0.447621 
339 0.653713 
340 -0.540366 
341 -0.323261 
342 1.184544 
343 1.503244 
344 -0.103244 
345 1.590177 
346 0.737035 
347 1.495832 
348 0.200526 
349 0.232467 
350 0.844061 
351 1.937894 
352 0.608138 
353 1.009558 
354 1.246139 
355 1.316491 
356 0.603436 
357 1.798943 
358 1.383879 
359 -0.032612 
360 1.002188 
361 1.540743 
362 1.146325 
363 0.300740 
364 1.430566 
365 1.239743 
366 1.010932 
367 0.267583 
368 1.073069 
369 0.932668 
370 1.149660 
371 1.004019 
372 -0.025117 
373 0.582936 
374 1.710134 
375 1.345567 
376 1.782138 
377 -0.533619 
378 0.639000 
379 1.668451 
380 0.399512 
381 -0.920947 
382 -0.000501 
383 0.780347 
384 0.558203 
385 0.667846 
386 1.078136 
387 1.364175 
388 0.643122 
389 0.980272 
390 1.216417 
391 0.401205 
392 0.484150 
393 0.424692 
394 1.043696 
395 1.714609 
396 0.097036 
397 0.768773 
398 0.912346 
399 1.814321 
400 1.017925 
401 1.648652 
402 1.162270 
403 0.017738 
404 0.746732 
405 0.717252 
406 1.636389 
407 0.611292 
408 1.665192 
409 -0.046327 
410 1.435465 
411 0.564052 
412 1.428306 
413 -0.073270 
414 2.083335 
415 -0.329676 
416 2.206198 
417 0.175197 
418 -0.112708 
419 1.050650 
420 1.438813 
421 -0.226229 
422 1.000674 
423 1.433169 
424 0.673988 
425 0.973076 
426 1.389235 
427 1.053345 
428 0.064825 
429 0.970068 
430 1.726142 
431 1.161700 
432 1.596461 
433 1.461834 
434 -0.243420 
435 1.039921 
436 0.637677 
437 0.450389 
438 -0.045525 
439 2.317791 
440 0.804464 
441 0.355138 
442 1.778337 
443 0.646690 
444 0.981308 
445 1.738031 
446 0.934637 
447 0.175178 
448 0.864750 
449 0.912828 
450 1.013308 
451 1.397925 
452 0.258340 
453 0.759557 
454 1.101059 
455 1.801027 
456 1.087864 
457 0.606542 
458 0.619416 
459 1.638528 
460 1.496516 
461 0.385927 
462 0.132924 
463 1.712192 
464 1.317816 
465 0.296056 
466 1.114190 
467 1.127270 
468 0.995915 
469 -0.542856 
470 1.060584 
471 2.022339 
472 1.414883 
473 0.349490 
474 1.558103 
475 -0.155817 
476 0.911417 
477 1.504452 
478 1.388600 
479 -0.596860 
480 1.483556 
481 1.981974 
482 0.006529 
483 0.022061 
484 0.752598 
485 1.029383 
486 1.559847 
487 0.847204 
488 0.277183 
489 1.370148 
490 0.674322 
491 1.600125 
492 1.019402 
493 1.675164 
494 0.529030 
495 0.662496 
496 0.432633 
497 1.099049 
498 0.125010 
499 2.064502 
500 0.982996 
501 1.464990 
502 0.132110 
503 1.403972 
504 0.459302 
505 0.920820 
506 0.855711 
507 1.630968 
508 1.818547 
509 -0.250786 
510 1.409978 
511 0.748504 
512 0.175894 
513 1.584448 
514 0.297004 
515 1.784902 
516 1.355376 
517 1.047091 
518 0.632389 
519 1.197981 
520 2.064344 
521 0.552022 
522 0.854772 
523 0.509047 
524 -0.070944 
525 1.324278 
526 1.298876 
527 1.507106 
528 1.185489 
529 1.284011 
530 1.024283 
531 0.809983 
532 0.311236 
533 1.847875 
534 0.480169 
535 1.338335 
536 1.532497 
537 1.327903 
538 -0.075258 
539 1.180619 
540 0.692967 
541 -0.057793 
542 -0.733397 
543 -0.478029 
544 1.291629 
545 0.298753 
546 -0.484685 
547 1.934305 
548 1.045507 
549 0.860257 
550 0.761399 
551 1.566962 
552 1.039762 
553 1.514444 
554 0.657780 
555 0.934051 
556 0.953532 
557 1.135958 
558 0.980042 
559 1.211134 
560 1.946402 
561 0.516121 
562 0.973552 
563 0.622247 
564 0.943446 
565 1.388496 
566 0.163768 
567 1.538368 
568 1.492686 
569 0.131195 
570 1.709617 
571 0.580569 
572 1.945263 
573 1.472331 
574 0.086866 
575 0.328241 
576 1.894621 
577 -0.175644 
578 1.172918 
579 0.939990 
580 1.850193 
581 0.186904 
582 0.900156 
583 0.918579 
584 0.801763 
585 0.777601 
586 0.674572 
587 1.848070 
588 0.987245 
589 1.061785 
590 1.442435 
591 0.766021 
592 1.173038 
593 1.674213 
594 0.895964 
595 0.225342 
596 1.380177 
597 0.389278 
598 1.249078 
599 1.162511 
600 0.479653 
601 1.944003 
602 0.224537 
603 1.301705 
604 0.314190 
605 1.426841 
606 0.089929 
607 1.942200 
608 -0.173421 
609 1.397683 
610 1.358120 
611 1.344372 
612 -0.075129 
613 1.490172 
614 1.310215 
615 1.221430 
616 1.196182 
617 1.111983 
618 1.045264 
619 0.990445 
620 0.661806 
621 0.898122 
622 1.686602 
623 0.954415 
624 0.588614 
625 1.930702 
626 0.716567 
627 0.729193 
628 1.416767 
629 -0.117014 
630 -0.198316 
631 2.331428 
632 -0.262172 
633 1.280846 
634 1.270920 
635 1.599336 
636 0.982298 
637 1.105307 
638 0.333082 
639 1.741625 
640 2.281510 
641 0.132337 
642 -0.052077 
643 1.261502 
644 1.105970 
645 0.144450 
646 1.076752 
647 1.750182 
648 1.988917 
649 0.980281 
650 0.244695 
651 0.709764 
652 0.268914 
653 1.609412 
654 1.232395 
655 0.901447 
656 -0.119123 
657 0.139053 
658 1.731551 
659 1.944079 
660 1.195662 
661 0.365860 
662 1.254077 
663 1.396369 
664 0.659806 
665 1.388928 
666 1.457395 
667 0.708286 
668 0.893383 
669 0.949149 
670 2.014022 
671 0.112707 
672 2.236070 
673 0.755675 
674 -0.142509 
675 0.824347 
676 0.949684 
677 1.159553 
678 1.684155 
679 0.424778 
680 1.571188 
681 0.164713 
682 1.090196 
683 1.296678 
684 -0.141934 
685 0.105837 
686 2.391709 
687 1.082570 
688 2.391143 
689 0.404241 
690 0.451036 
691 0.480198 
692 1.883491 
693 0.784580 
694 1.060397 
695 -0.120646 
696 0.695727 
697 1.478540 
698 1.225071 
699 0.755393 
700 0.820010 
701 -0.894365 
702 1.374522 
703 1.810482 
704 0.700002 
705 1.493810 
706 0.536022 
707 1.453773 
708 -0.297090 
709 1.642251 
710 -0.786362 
711 0.104837 
712 -1.105672 
713 -0.093900 
714 2.747008 
715 -0.967395 
716 -1.116344 
717 0.206173 
718 -0.375886 
719 1.226508 
720 -0.140504 
721 0.017688 
722 1.469453 
723 2.083767 
724 0.155272 
725 0.069899 
726 1.045119 
727 2.263412 
728 1.197068 
729 1.214124 
730 1.724024 
731 0.046786 
732 0.327181 
733 0.769089 
734 2.283489 
735 0.438405 
736 0.557236 
737 1.839533 
738 -0.254723 
739 1.614114 
740 1.728776 
741 -0.543848 
742 -0.636270 
743 -1.721720 
744 -1.837773 
745 0.185289 
746 0.429511 
747 -1.094225 
748 -0.642507 
749 -1.602329 
750 0.917352 
751 -1.329480 
752 -0.157850 
753 2.219105 
754 -0.947019 
755 -0.858149 
756 0.163493 
757 -0.335100 
758 0.441960 
759 2.520168 
760 1.118748 
761 1.731032 
762 0.637623 
763 0.660878 
764 1.539881 
765 1.227537 
766 0.186899 
767 1.190176 
768 0.508728 
769 1.966084 
770 1.010025 
771 0.493271 
772 2.222291 
773 -0.400652 
774 -0.051881 
775 -0.944686 
776 1.150817 
777 1.338969 
778 -0.324901 
779 1.405383 
780 -0.438329 
781 0.616396 
782 0.022674 
783 1.517460 
784 -0.308040 
785 1.203212 
786 0.570435 
787 1.855114 
788 2.189014 
789 0.073245 
790 -0.036552 
791 1.142169 
792 0.840006 
793 0.364805 
794 1.900877 
795 0.615515 
796 -0.339674 
797 1.319323 
798 1.376429 
799 1.443713 
800 1.389234 
801 -0.149162 
802 1.306797 
803 1.332055 
804 1.703752 
805 0.965295 
806 1.049683 
807 0.253269 
808 1.229897 
809 0.920071 
810 1.118243 
811 0.992774 
812 0.858120 
813 1.191979 
814 1.273820 
815 1.057610 
816 1.666122 
817 1.379053 
818 1.087123 
819 -0.049285 
820 0.822299 
821 0.940076 
822 -0.163255 
823 1.951290 
824 1.311473 
825 0.703869 
826 0.124737 
827 0.305141 
828 -0.405446 
829 1.549269 
830 0.368476 
831 1.966851 
832 0.475081 
833 1.024895 
834 1.238817 
835 1.486223 
836 1.344981 
837 1.372932 
838 1.257830 
839 0.191315 
840 0.637945 
841 1.755838 
842 1.505185 
843 0.130267 
844 0.609441 
845 1.611288 
846 0.191641 
847 1.631285 
848 1.757375 
849 1.558689 
850 -0.253060 
851 0.727668 
852 1.377409 
853 -0.941588 
854 0.537859 
855 -1.303917 
856 0.028776 
857 0.309666 
858 -0.164242 
859 2.482572 
860 2.048283 
861 1.035120 
862 -0.574282 
863 0.911081 
864 0.776487 
865 1.564196 
866 0.856261 
867 1.088364 
868 1.160526 
869 1.224237 
870 0.339944 
871 1.477067 
872 -0.365140 
873 -0.431031 
874 2.011096 
875 -0.026958 
876 0.065479 
877 2.408289 
878 -0.203429 
879 -0.606048 
880 1.890021 
881 -0.613505 
882 1.274689 
883 -0.896814 
884 0.028837 
885 1.714668 
886 0.878802 
887 -0.433800 
888 -0.929379 
889 1.201108 
890 0.443286 
891 1.813432 
892 -1.017643 
893 0.747959 
894 -0.985204 
895 -1.249431 
896 0.915273 
897 -0.162892 
898 1.936687 
899 0.172790 
900 1.134387 
901 0.249709 
902 1.787879 
903 0.773950 
904 1.942037 
905 0.598394 
906 0.345289 
907 -0.116624 
908 -1.220883 
909 -0.119120 
910 -0.417063 
911 0.629493 
912 2.224529 
913 1.147943 
914 -0.892914 
915 -0.326676 
916 0.006268 
917 0.311851 
918 2.156191 
919 1.171087 
920 2.363099 
921 0.690357 
922 0.702594 
923 -0.508795 
924 -0.037826 
925 -0.921209 
926 1.398815 
927 1.297004 
928 1.840889 
929 -0.170249 
930 -0.844653 
931 -1.507086 
932 0.106005 
933 -1.692078 
934 -1.236237 
935 0.476128 
936 -1.625321 
937 1.182331 
938 -1.355486 
939 -0.211609 
940 -1.799913 
941 -0.714250 
942 -0.204891 
943 0.061332 
944 0.457726 
945 -0.772311 
946 0.543925 
947 -0.445667 
948 0.715108 
949 -0.394589 
950 1.118584 
951 0.048470 
952 -0.430303 
953 2.071155 
954 0.123063 
955 -0.344193 
956 1.629192 
957 1.579775 
