3031 1
0 -0.404450 
1 -2.790713 
2 -0.706193 
3 -2.763789 
4 -1.598681 
5 -1.494666 
6 -1.535135 
7 -1.571131 
8 -1.765037 
9 -1.585530 
10 -1.735054 
11 1.379628 
12 2.385268 
13 1.871817 
14 1.968676 
15 1.293550 
16 1.786994 
17 -0.182521 
18 -2.127746 
19 -2.407120 
20 -1.648134 
21 -1.347139 
22 -1.460319 
23 -1.528615 
24 -1.554167 
25 -1.553018 
26 -1.386446 
27 -1.458774 
28 -1.703095 
29 -1.617167 
30 -1.619233 
31 1.280299 
32 1.304034 
33 1.443295 
34 1.975715 
35 2.137313 
36 1.677063 
37 1.600161 
38 1.621033 
39 1.538816 
40 1.551297 
41 1.512344 
42 2.120908 
43 1.409098 
44 1.521953 
45 1.605005 
46 1.616917 
47 1.675895 
48 1.716328 
49 1.619520 
50 1.671675 
51 1.443818 
52 1.817427 
53 1.937177 
54 1.920410 
55 -1.137998 
56 -1.863176 
57 1.099795 
58 1.765110 
59 1.929938 
60 1.833817 
61 1.550249 
62 1.532344 
63 1.427685 
64 1.682999 
65 1.903438 
66 1.694952 
67 1.485546 
68 1.454212 
69 1.516277 
70 2.367510 
71 1.537941 
72 1.833908 
73 1.646508 
74 1.331635 
75 -1.393154 
76 1.811590 
77 1.390659 
78 1.387221 
79 1.779327 
80 1.803064 
81 1.560515 
82 -2.055369 
83 1.393420 
84 -1.751158 
85 1.333417 
86 -1.136389 
87 -1.441163 
88 -1.241149 
89 -1.866576 
90 -1.584027 
91 -1.036424 
92 -1.327244 
93 -1.486947 
94 -1.420900 
95 -1.429315 
96 -1.279096 
97 -1.563717 
98 -1.574096 
99 -1.480964 
100 -1.441455 
101 -1.203167 
102 -1.638046 
103 -1.516104 
104 -1.739450 
105 -1.763206 
106 -1.604043 
107 -0.847773 
108 -1.149014 
109 -1.655479 
110 -1.579235 
111 -1.239793 
112 -1.517237 
113 -1.290773 
114 -1.316282 
115 -1.571185 
116 -1.346816 
117 -1.732421 
118 2.199060 
119 -1.210248 
120 -1.635097 
121 -1.963194 
122 -1.946632 
123 0.162276 
124 -1.501137 
125 -1.458628 
126 -1.392550 
127 -1.187515 
128 -1.496618 
129 -1.575104 
130 -1.463748 
131 -1.425136 
132 -1.908584 
133 -1.220385 
134 -2.308252 
135 0.623014 
136 -1.399525 
137 -1.709132 
138 -0.966005 
139 -1.148294 
140 -1.741407 
141 -1.462967 
142 -1.391117 
143 -1.247392 
144 -1.179815 
145 -1.215997 
146 1.436192 
147 1.821130 
148 1.239373 
149 -0.427357 
150 1.982653 
151 1.861817 
152 2.850741 
153 -0.705284 
154 -1.334904 
155 1.216907 
156 2.086390 
157 1.573448 
158 1.252225 
159 1.699074 
160 1.752669 
161 1.927318 
162 1.524036 
163 1.363947 
164 -0.926519 
165 -1.371129 
166 -1.205214 
167 2.063090 
168 -1.020314 
169 1.481448 
170 1.911786 
171 -1.176500 
172 -1.575632 
173 -0.032836 
174 -0.978387 
175 1.148987 
176 -1.183913 
177 1.678028 
178 -1.405679 
179 -1.125405 
180 -1.244513 
181 -1.183033 
182 -1.159206 
183 1.798971 
184 -1.002202 
185 -0.857582 
186 1.395973 
187 2.061637 
188 1.374390 
189 1.661385 
190 -1.267538 
191 1.885538 
192 -1.410592 
193 1.811373 
194 -1.140052 
195 1.704021 
196 1.530365 
197 1.766817 
198 -1.112600 
199 -1.019713 
200 -1.270267 
201 1.450128 
202 -1.462575 
203 -1.137042 
204 -1.058283 
205 2.192344 
206 -1.081356 
207 -1.195509 
208 -2.096553 
209 2.146779 
210 0.596668 
211 -0.638937 
212 1.724591 
213 1.550081 
214 1.725907 
215 1.609137 
216 1.980047 
217 1.567382 
218 1.531427 
219 1.449324 
220 1.605261 
221 1.613868 
222 1.575095 
223 1.556757 
224 1.497831 
225 1.787845 
226 1.665263 
227 1.606971 
228 1.831015 
229 1.476528 
230 0.794161 
231 2.731379 
232 1.279218 
233 2.912889 
234 -1.295692 
235 0.044346 
236 1.059067 
237 1.808899 
238 1.476115 
239 1.800554 
240 -1.595725 
241 -1.514835 
242 -1.780128 
243 -1.612417 
244 -0.981499 
245 -1.466519 
246 -1.632660 
247 -1.245023 
248 -1.625986 
249 -1.610633 
250 -1.379750 
251 -1.573232 
252 -1.530064 
253 -1.519222 
254 -1.263693 
255 -1.586080 
256 -1.283520 
257 -1.787442 
258 -1.494199 
259 -1.311227 
260 -1.436143 
261 -1.433724 
262 -1.528929 
263 -1.552574 
264 -1.707308 
265 -1.437225 
266 -1.321829 
267 -1.367565 
268 -1.734335 
269 -1.675754 
270 -1.208916 
271 0.319146 
272 -1.014426 
273 0.558822 
274 -2.325065 
275 0.810737 
276 -1.882499 
277 -1.547644 
278 -1.317267 
279 -1.288583 
280 -1.596964 
281 -1.411943 
282 -1.590931 
283 -1.299251 
284 -1.275318 
285 -1.968706 
286 -1.470159 
287 -1.496402 
288 2.922239 
289 1.236873 
290 1.233703 
291 1.656719 
292 1.967877 
293 0.886279 
294 1.715420 
295 3.240745 
296 1.728457 
297 1.773048 
298 1.571018 
299 1.557055 
300 1.327851 
301 1.396071 
302 1.884362 
303 1.830456 
304 -1.436657 
305 1.562912 
306 2.199428 
307 1.297562 
308 1.050396 
309 2.339705 
310 2.171627 
311 2.214922 
312 2.474102 
313 1.293261 
314 -1.106658 
315 -2.501029 
316 -1.985676 
317 1.520466 
318 1.532794 
319 1.784306 
320 1.802309 
321 -2.141371 
322 1.721916 
323 -1.803865 
324 -1.359805 
325 -1.657351 
326 -1.878435 
327 -1.573704 
328 -1.890633 
329 -1.871791 
330 -1.564701 
331 -1.281004 
332 -1.627136 
333 -1.581872 
334 -1.772190 
335 -1.763220 
336 -1.491033 
337 -1.628614 
338 -1.801280 
339 -1.649481 
340 -1.876199 
341 -1.493842 
342 -1.953042 
343 -1.687493 
344 -1.173530 
345 -1.733903 
346 -1.782978 
347 -1.605938 
348 -0.962066 
349 -1.455728 
350 -2.113877 
351 -2.082333 
352 -1.503031 
353 -1.902836 
354 -1.687999 
355 -1.582838 
356 -2.217814 
357 -1.544355 
358 -2.349942 
359 0.929848 
360 -1.356124 
361 -1.559276 
362 -1.843903 
363 -1.765599 
364 0.034833 
365 -2.059124 
366 -1.891937 
367 -2.153677 
368 -1.406716 
369 -1.672281 
370 -1.814759 
371 -1.660195 
372 -1.412291 
373 -1.628923 
374 -1.175480 
375 -2.097785 
376 0.415440 
377 -2.059045 
378 -2.653546 
379 -1.465323 
380 -1.522732 
381 -1.801433 
382 -1.789896 
383 -1.486961 
384 -1.434146 
385 -1.313970 
386 -1.501332 
387 1.879499 
388 2.156150 
389 2.212043 
390 1.659934 
391 -2.640536 
392 -1.949687 
393 -1.911182 
394 -0.708148 
395 -1.818801 
396 -1.573138 
397 -1.309162 
398 -1.612297 
399 -1.753610 
400 1.011783 
401 2.074654 
402 1.920664 
403 2.532191 
404 -0.093104 
405 -0.400241 
406 2.739304 
407 2.579808 
408 2.005837 
409 1.453783 
410 1.849306 
411 2.776993 
412 1.624817 
413 1.482237 
414 1.587264 
415 1.623415 
416 1.617765 
417 1.664938 
418 1.516138 
419 1.519112 
420 1.848795 
421 1.614871 
422 -1.627770 
423 -1.363577 
424 -1.212985 
425 -1.724288 
426 -1.575669 
427 -1.690725 
428 -1.387931 
429 -1.286655 
430 -1.690225 
431 -1.844349 
432 -1.641094 
433 -1.606334 
434 -1.517100 
435 -1.467613 
436 -1.501379 
437 -1.524307 
438 -1.509397 
439 -1.715909 
440 -1.711833 
441 -1.516581 
442 -1.442419 
443 -1.490360 
444 -1.250970 
445 -1.327450 
446 -1.595345 
447 -1.925338 
448 -1.400627 
449 -1.462797 
450 -1.467538 
451 -1.748857 
452 -1.803743 
453 -1.809489 
454 -1.575938 
455 -1.171250 
456 -0.777680 
457 -1.480031 
458 -1.684884 
459 -1.744198 
460 -1.791632 
461 -1.525391 
462 -1.390468 
463 -1.185459 
464 -1.353206 
465 -1.236631 
466 -1.443681 
467 -1.981632 
468 -1.498928 
469 -1.431165 
470 -1.458137 
471 -1.616134 
472 -1.402783 
473 -1.457462 
474 -1.446999 
475 -1.520898 
476 -1.253140 
477 -1.367924 
478 -1.524529 
479 -1.705224 
480 -1.692822 
481 -1.487085 
482 -1.480942 
483 -1.392141 
484 -1.425915 
485 -1.390404 
486 -1.553097 
487 -1.578459 
488 -1.624351 
489 -1.564746 
490 -1.447554 
491 -1.464407 
492 -1.523067 
493 -1.495149 
494 -1.494448 
495 -1.357349 
496 -1.552197 
497 -1.313648 
498 -1.658912 
499 -1.455733 
500 -1.473448 
501 -1.499125 
502 -1.505754 
503 -1.467394 
504 -1.417863 
505 -1.350270 
506 -1.584100 
507 -1.587062 
508 -1.599647 
509 -2.123558 
510 -1.141500 
511 -1.470148 
512 -1.349617 
513 -1.527320 
514 -1.426388 
515 1.980888 
516 1.820668 
517 1.700598 
518 1.500034 
519 1.619283 
520 1.510078 
521 1.838719 
522 1.806531 
523 1.417992 
524 1.641601 
525 1.632768 
526 1.632710 
527 1.705078 
528 1.723738 
529 1.673234 
530 1.685547 
531 1.461088 
532 1.486780 
533 1.619404 
534 1.628299 
535 1.785447 
536 1.835366 
537 1.607318 
538 1.630043 
539 1.577381 
540 1.636646 
541 1.701581 
542 1.691561 
543 1.516072 
544 1.511853 
545 1.504714 
546 1.902820 
547 1.654618 
548 1.702671 
549 1.801078 
550 -1.511830 
551 -1.577218 
552 -1.554173 
553 -1.530930 
554 -1.506434 
555 -1.524633 
556 -1.445027 
557 -1.582603 
558 -1.571451 
559 -1.519151 
560 -1.577331 
561 -1.464969 
562 -1.505455 
563 -1.517708 
564 -1.531770 
565 -1.498938 
566 -1.565613 
567 -1.659878 
568 -1.559284 
569 -1.597672 
570 -1.521076 
571 -1.440673 
572 -1.544276 
573 -1.491615 
574 -1.530699 
575 -1.630393 
576 -1.670173 
577 -1.589474 
578 -1.466723 
579 -1.433488 
580 -1.350736 
581 -1.461253 
582 -1.678775 
583 -1.631270 
584 -1.643445 
585 -1.633453 
586 -1.488079 
587 -1.510424 
588 -1.519941 
589 -1.575447 
590 -1.541256 
591 -1.597155 
592 -1.593296 
593 -1.583810 
594 -1.402182 
595 -1.544587 
596 -2.063863 
597 -1.872579 
598 -1.264887 
599 -1.074408 
600 -0.785677 
601 -1.853591 
602 1.947516 
603 2.080772 
604 1.715011 
605 1.590368 
606 1.673834 
607 1.589485 
608 1.712699 
609 1.657206 
610 1.641343 
611 1.671172 
612 1.706962 
613 1.755398 
614 1.647289 
615 1.624183 
616 1.347367 
617 1.330401 
618 1.370800 
619 2.710480 
620 2.663129 
621 1.345855 
622 1.419007 
623 1.465232 
624 1.667185 
625 1.699177 
626 1.803899 
627 1.646186 
628 1.608118 
629 1.646595 
630 1.740915 
631 1.650517 
632 1.533652 
633 1.687484 
634 1.568892 
635 2.087877 
636 1.877871 
637 1.497424 
638 1.615813 
639 1.757123 
640 2.143981 
641 1.575928 
642 1.364062 
643 1.483128 
644 1.555798 
645 1.682962 
646 1.778670 
647 1.545491 
648 1.540079 
649 1.720097 
650 1.646738 
651 1.565644 
652 1.497511 
653 1.672336 
654 1.665988 
655 1.699036 
656 1.606523 
657 1.880332 
658 1.699246 
659 1.360164 
660 1.458704 
661 1.377725 
662 1.525629 
663 2.219666 
664 2.259410 
665 1.549995 
666 1.396178 
667 1.420100 
668 1.371561 
669 1.658742 
670 1.715694 
671 1.796821 
672 1.687296 
673 1.551109 
674 1.590292 
675 1.605369 
676 1.623714 
677 1.557051 
678 1.685329 
679 1.748506 
680 1.512124 
681 1.670307 
682 1.694085 
683 1.733109 
684 1.751766 
685 1.830048 
686 -1.425160 
687 -1.453885 
688 -1.466245 
689 -1.495594 
690 -1.390088 
691 -1.479525 
692 -1.523017 
693 -1.509045 
694 -1.445219 
695 -1.508016 
696 -1.395826 
697 -1.489428 
698 -1.599710 
699 -1.408756 
700 -1.541548 
701 -1.645614 
702 -1.224723 
703 -1.477219 
704 -1.998742 
705 -1.698513 
706 -1.373565 
707 -1.075601 
708 -1.393436 
709 -1.490666 
710 -1.441288 
711 -2.125107 
712 -2.839602 
713 -2.775259 
714 1.256998 
715 0.065502 
716 -1.146607 
717 -0.917071 
718 -1.700525 
719 -1.640248 
720 -1.531715 
721 -1.332326 
722 -1.347379 
723 -1.391260 
724 -1.157355 
725 -1.150340 
726 -1.550088 
727 -1.844285 
728 -1.639233 
729 -1.575620 
730 -1.329387 
731 -0.999599 
732 -1.363074 
733 -1.266706 
734 -1.298189 
735 -1.567872 
736 -1.421237 
737 -1.313000 
738 -1.319934 
739 -1.457859 
740 -1.478308 
741 -1.325427 
742 -1.345585 
743 -1.214304 
744 -4.599987 
745 -0.703090 
746 -0.807069 
747 -0.858638 
748 -1.183005 
749 -1.638676 
750 -2.106133 
751 -2.240993 
752 -1.381528 
753 -1.009638 
754 -0.806635 
755 -3.631812 
756 -1.449984 
757 -1.611194 
758 -1.546841 
759 -1.478125 
760 -1.458921 
761 -1.574507 
762 -1.546682 
763 -1.536126 
764 -1.872173 
765 -1.455212 
766 -1.286260 
767 -1.586893 
768 -1.605214 
769 -1.454133 
770 -1.531133 
771 -1.630446 
772 -1.273937 
773 -1.447477 
774 -1.540900 
775 -1.720289 
776 -1.764344 
777 -1.521725 
778 -1.361612 
779 -1.373560 
780 -1.722011 
781 -1.511052 
782 -1.637559 
783 -1.322147 
784 -1.368203 
785 -1.462346 
786 -1.644163 
787 -1.611491 
788 -1.528159 
789 -1.532758 
790 -1.527441 
791 -1.496411 
792 -1.545232 
793 -1.627338 
794 -1.558529 
795 -1.419699 
796 -1.579005 
797 -1.703305 
798 -1.500800 
799 -1.468046 
800 -1.232957 
801 -1.279318 
802 -1.706715 
803 -1.860552 
804 -1.633804 
805 -1.536181 
806 -1.508546 
807 -1.386742 
808 -1.490954 
809 -1.551223 
810 -1.485324 
811 -1.833731 
812 1.560461 
813 1.517894 
814 1.620694 
815 1.577301 
816 2.043620 
817 1.720838 
818 1.503078 
819 1.302175 
820 1.264354 
821 1.295808 
822 1.820694 
823 2.005086 
824 1.826091 
825 1.622262 
826 1.374848 
827 1.553030 
828 1.908387 
829 1.726354 
830 1.519919 
831 1.291240 
832 1.447579 
833 1.480588 
834 1.575265 
835 1.998895 
836 1.339228 
837 1.567224 
838 1.698597 
839 1.735611 
840 1.778473 
841 1.714181 
842 1.610128 
843 1.557873 
844 1.623591 
845 1.622690 
846 1.482061 
847 1.692411 
848 1.574306 
849 1.600735 
850 1.611756 
851 1.633102 
852 1.671781 
853 1.615395 
854 1.605629 
855 1.518229 
856 1.907397 
857 1.639432 
858 1.615454 
859 1.297828 
860 1.440891 
861 1.467252 
862 2.067684 
863 -1.878622 
864 -1.545020 
865 -1.723486 
866 -1.775079 
867 -1.786446 
868 -1.557801 
869 -1.678194 
870 -1.713258 
871 -1.584107 
872 -1.532776 
873 -1.553357 
874 -1.405831 
875 -1.514966 
876 -1.678844 
877 -1.706886 
878 -1.317512 
879 -1.327245 
880 -1.550942 
881 -1.484413 
882 -1.375059 
883 -1.543619 
884 -1.676681 
885 -1.519505 
886 -1.414209 
887 -1.489375 
888 -1.545617 
889 -1.414494 
890 -1.532184 
891 -1.527229 
892 -1.644607 
893 -1.551835 
894 -1.563739 
895 -1.390313 
896 -1.314909 
897 -1.468838 
898 -1.610292 
899 -1.607625 
900 -1.550618 
901 -1.445329 
902 -1.489107 
903 -1.466353 
904 -1.814831 
905 -1.523045 
906 -1.316798 
907 -1.336351 
908 -1.587844 
909 -1.628651 
910 -1.486237 
911 -1.313679 
912 -1.447676 
913 -1.390875 
914 -1.498423 
915 -1.725678 
916 -1.414696 
917 -1.425774 
918 -1.506618 
919 -1.589498 
920 -1.663709 
921 -1.544305 
922 -1.371646 
923 -1.314475 
924 -1.625758 
925 -1.491932 
926 -1.498203 
927 -1.521985 
928 -1.523406 
929 -1.524578 
930 -2.070244 
931 -1.281696 
932 -1.081828 
933 1.824345 
934 1.764343 
935 1.912028 
936 1.595487 
937 1.785646 
938 1.671146 
939 1.698796 
940 1.864886 
941 1.688621 
942 1.759404 
943 1.297199 
944 1.695025 
945 1.714338 
946 1.691962 
947 1.751104 
948 1.607942 
949 1.795550 
950 1.762488 
951 1.597870 
952 1.838580 
953 1.611945 
954 1.682311 
955 1.641047 
956 1.743871 
957 1.613657 
958 1.690563 
959 1.794465 
960 1.629298 
961 1.721911 
962 1.692807 
963 1.692961 
964 1.791122 
965 1.687935 
966 1.639444 
967 1.634225 
968 1.600515 
969 1.800047 
970 1.766682 
971 1.601341 
972 1.798718 
973 1.774553 
974 1.694058 
975 1.486856 
976 1.785439 
977 1.672747 
978 1.842223 
979 1.692262 
980 1.461164 
981 1.702676 
982 1.803759 
983 1.771520 
984 1.430803 
985 -1.525460 
986 -1.526178 
987 -1.653556 
988 -1.685842 
989 -1.577992 
990 -1.578796 
991 -1.049481 
992 -1.489307 
993 -1.596774 
994 -1.500234 
995 -1.509404 
996 -1.468210 
997 -1.504626 
998 -1.530886 
999 -1.483268 
1000 -1.462428 
1001 -1.487883 
1002 -1.539599 
1003 -1.542881 
1004 -1.397875 
1005 -1.340308 
1006 -1.539256 
1007 -1.599072 
1008 -1.626318 
1009 -1.492171 
1010 -1.449369 
1011 -1.438229 
1012 -1.443756 
1013 -1.477856 
1014 -1.523399 
1015 -1.490707 
1016 -1.925129 
1017 -1.723927 
1018 -1.231539 
1019 -1.246041 
1020 -1.247335 
1021 -1.347130 
1022 -1.657040 
1023 -1.777138 
1024 -1.614496 
1025 -1.561316 
1026 -1.386145 
1027 -1.365297 
1028 -1.367552 
1029 -1.466689 
1030 -1.675830 
1031 -1.353850 
1032 -1.582945 
1033 -1.592147 
1034 -1.443177 
1035 -1.332049 
1036 -1.123732 
1037 -2.367915 
1038 -1.394692 
1039 -1.397231 
1040 -1.518354 
1041 -1.507310 
1042 -1.636973 
1043 -1.538103 
1044 -1.631290 
1045 -1.453201 
1046 -1.563061 
1047 -1.508470 
1048 -1.267310 
1049 -1.471440 
1050 -1.541489 
1051 -1.844993 
1052 -1.625578 
1053 -1.389025 
1054 -1.368904 
1055 -1.651785 
1056 -1.950182 
1057 -1.537043 
1058 -1.413650 
1059 -1.243469 
1060 -1.234764 
1061 -1.532267 
1062 -1.815843 
1063 -1.612674 
1064 -1.568797 
1065 -1.606127 
1066 -1.447304 
1067 -1.535876 
1068 -1.428428 
1069 -1.564124 
1070 -1.608683 
1071 -1.513754 
1072 -1.591159 
1073 -1.563584 
1074 -1.354617 
1075 -1.579750 
1076 -2.027379 
1077 -1.554680 
1078 -1.224023 
1079 -1.384481 
1080 -1.310797 
1081 -1.271832 
1082 -1.630043 
1083 -1.841934 
1084 -1.945798 
1085 -1.523586 
1086 -1.413973 
1087 -1.274570 
1088 -1.785168 
1089 -1.600420 
1090 -1.659742 
1091 -1.441633 
1092 -1.543933 
1093 -1.536596 
1094 -1.590767 
1095 -1.534472 
1096 -1.498324 
1097 -1.420933 
1098 -1.654887 
1099 -1.614519 
1100 -1.517704 
1101 -1.490189 
1102 -1.620467 
1103 -1.553285 
1104 -1.644126 
1105 -1.530264 
1106 -1.547970 
1107 -1.477581 
1108 -1.485993 
1109 -1.392943 
1110 -1.710835 
1111 -1.622063 
1112 -1.465454 
1113 -1.466790 
1114 -1.616511 
1115 -1.582376 
1116 -1.566636 
1117 -1.564517 
1118 -1.360671 
1119 -1.625926 
1120 -1.765908 
1121 -1.668466 
1122 -1.448640 
1123 -1.356454 
1124 -1.323199 
1125 -1.463754 
1126 -1.482785 
1127 -1.807231 
1128 -1.648952 
1129 -1.566843 
1130 -1.567251 
1131 -1.380967 
1132 -1.662387 
1133 -1.701784 
1134 -1.481406 
1135 -1.379811 
1136 -1.770627 
1137 -1.484264 
1138 -1.602780 
1139 -1.368348 
1140 -1.701536 
1141 -1.596919 
1142 -1.552389 
1143 -1.342200 
1144 -1.367575 
1145 -1.522780 
1146 -1.624228 
1147 -1.685083 
1148 -1.493532 
1149 -1.619898 
1150 -1.453132 
1151 -1.474797 
1152 -1.585965 
1153 -1.639367 
1154 -1.545162 
1155 -1.379744 
1156 -1.418574 
1157 -1.380381 
1158 -1.689499 
1159 -1.665634 
1160 -1.493134 
1161 -1.466429 
1162 -1.627932 
1163 -1.496836 
1164 -1.472189 
1165 -1.542086 
1166 -1.539917 
1167 -1.565160 
1168 -1.548185 
1169 -1.346722 
1170 -1.461355 
1171 -1.730028 
1172 -1.640360 
1173 -1.372554 
1174 -1.609213 
1175 -1.472369 
1176 -1.441661 
1177 -1.379707 
1178 -1.591932 
1179 -1.669950 
1180 -1.738448 
1181 -1.415166 
1182 -1.465913 
1183 -1.465826 
1184 -1.557168 
1185 -1.483564 
1186 -1.450824 
1187 -1.794298 
1188 -1.425694 
1189 -1.541513 
1190 -1.394954 
1191 -1.422323 
1192 -1.482463 
1193 -1.441535 
1194 -1.564726 
1195 -1.427112 
1196 -1.498811 
1197 -1.463899 
1198 -1.510842 
1199 -1.548458 
1200 -1.573159 
1201 -1.403088 
1202 -1.456414 
1203 -1.390910 
1204 -1.510366 
1205 -1.453809 
1206 -1.403018 
1207 -1.524852 
1208 -1.569199 
1209 -1.511686 
1210 -1.446504 
1211 -1.354425 
1212 -1.589197 
1213 -1.586770 
1214 -1.628955 
1215 -1.177476 
1216 -1.011242 
1217 -1.105671 
1218 -1.818070 
1219 -1.927894 
1220 -2.017605 
1221 -1.498726 
1222 -1.401511 
1223 -1.166470 
1224 -1.142485 
1225 -1.197665 
1226 -1.779946 
1227 -1.861972 
1228 -1.564194 
1229 -1.409351 
1230 -1.428152 
1231 -1.513371 
1232 -1.874792 
1233 -1.613958 
1234 -1.275752 
1235 -1.226183 
1236 -1.385004 
1237 -1.424864 
1238 -1.468344 
1239 -2.139655 
1240 -1.502265 
1241 -1.554289 
1242 -1.368588 
1243 -1.476755 
1244 -1.631967 
1245 -1.463229 
1246 -1.572623 
1247 -1.271647 
1248 -1.346359 
1249 -1.625269 
1250 -1.531169 
1251 -1.558479 
1252 -1.534849 
1253 -1.417446 
1254 -1.541063 
1255 -1.360953 
1256 -1.739402 
1257 -1.481874 
1258 -1.486892 
1259 -1.307333 
1260 -1.542876 
1261 -1.472024 
1262 -1.447350 
1263 -1.417219 
1264 -1.511943 
1265 -1.511466 
1266 -1.479308 
1267 -1.483604 
1268 -1.369555 
1269 -1.546835 
1270 -1.475146 
1271 -1.559443 
1272 -1.378653 
1273 -1.593112 
1274 -1.502182 
1275 -1.397667 
1276 -1.460610 
1277 -1.475829 
1278 -1.428187 
1279 -1.516839 
1280 -1.668786 
1281 -1.564665 
1282 -1.378787 
1283 -1.265563 
1284 -1.449813 
1285 -1.537365 
1286 -1.535832 
1287 -1.470531 
1288 -1.336670 
1289 -1.417880 
1290 -1.325967 
1291 -2.230339 
1292 1.696912 
1293 1.623528 
1294 1.600835 
1295 1.647698 
1296 1.635570 
1297 1.742882 
1298 1.561729 
1299 1.547982 
1300 1.587098 
1301 1.567822 
1302 1.618426 
1303 1.672170 
1304 1.654756 
1305 1.607727 
1306 1.542409 
1307 1.674494 
1308 1.636212 
1309 1.635889 
1310 1.656527 
1311 1.591713 
1312 1.656804 
1313 1.621809 
1314 1.635909 
1315 1.631970 
1316 1.496927 
1317 1.621854 
1318 1.677611 
1319 1.590378 
1320 1.879722 
1321 1.859445 
1322 1.735099 
1323 1.044332 
1324 1.296685 
1325 1.393228 
1326 1.839771 
1327 1.988928 
1328 1.621951 
1329 1.529608 
1330 1.676130 
1331 1.554703 
1332 1.529164 
1333 1.537336 
1334 1.686729 
1335 1.747271 
1336 1.720253 
1337 1.801923 
1338 1.739328 
1339 1.117809 
1340 1.544629 
1341 1.626246 
1342 1.717906 
1343 1.618008 
1344 1.588829 
1345 1.542484 
1346 1.896081 
1347 -1.820415 
1348 -1.640164 
1349 -1.611720 
1350 -1.579055 
1351 -1.593426 
1352 -1.697948 
1353 -1.555766 
1354 -1.468546 
1355 -1.758082 
1356 -1.797539 
1357 -1.560377 
1358 -1.535764 
1359 -1.578935 
1360 -1.488049 
1361 -1.522763 
1362 -1.570426 
1363 -1.805617 
1364 -1.760093 
1365 -1.698101 
1366 -1.509619 
1367 -1.510889 
1368 -1.561234 
1369 -1.603775 
1370 -1.605537 
1371 -1.582222 
1372 -1.672384 
1373 -1.592421 
1374 -1.555074 
1375 -1.587169 
1376 -1.561578 
1377 -1.713668 
1378 -1.611803 
1379 -1.499979 
1380 -1.600478 
1381 -1.587946 
1382 -1.573009 
1383 -1.686109 
1384 -1.678019 
1385 -1.583046 
1386 -1.600424 
1387 -1.588309 
1388 -1.393584 
1389 -1.618739 
1390 -1.583669 
1391 -1.727296 
1392 -1.891291 
1393 -1.740526 
1394 -1.359784 
1395 -1.339135 
1396 -1.801644 
1397 -1.447564 
1398 -1.647032 
1399 -1.542492 
1400 -1.535365 
1401 -1.494672 
1402 -1.553074 
1403 -1.553034 
1404 -1.557037 
1405 -1.491266 
1406 -1.542906 
1407 -1.654148 
1408 -1.434730 
1409 -1.394494 
1410 -1.596786 
1411 -1.627806 
1412 -1.758017 
1413 -1.645961 
1414 -1.300508 
1415 -1.381192 
1416 -1.626715 
1417 -1.656024 
1418 -1.445912 
1419 -1.385175 
1420 -1.365204 
1421 -1.392408 
1422 -1.649195 
1423 -1.768425 
1424 -1.521584 
1425 -1.511015 
1426 -1.435288 
1427 -1.636037 
1428 -1.752216 
1429 -1.730353 
1430 -1.364759 
1431 -1.283062 
1432 -1.566358 
1433 -1.606829 
1434 -1.577060 
1435 -1.544996 
1436 -1.496309 
1437 -1.533977 
1438 -1.546537 
1439 -1.628535 
1440 -1.678577 
1441 -1.532856 
1442 -1.507087 
1443 -1.407840 
1444 -1.727611 
1445 -1.665327 
1446 -1.453740 
1447 -1.387690 
1448 -1.449479 
1449 -1.479669 
1450 -1.523928 
1451 -1.861884 
1452 1.776399 
1453 1.613183 
1454 1.698095 
1455 1.707986 
1456 1.743232 
1457 1.743129 
1458 1.759455 
1459 1.604715 
1460 1.539842 
1461 1.531263 
1462 1.532763 
1463 2.096806 
1464 1.929537 
1465 1.751341 
1466 1.763492 
1467 1.386145 
1468 1.801928 
1469 1.607711 
1470 1.620917 
1471 1.840383 
1472 1.701715 
1473 1.740755 
1474 1.727023 
1475 1.635141 
1476 1.546330 
1477 1.751946 
1478 1.793875 
1479 1.812911 
1480 1.768720 
1481 1.713590 
1482 1.660772 
1483 1.637804 
1484 1.744070 
1485 1.693190 
1486 1.739013 
1487 1.645671 
1488 1.509108 
1489 1.704403 
1490 1.659902 
1491 1.899095 
1492 1.731362 
1493 1.681286 
1494 1.760873 
1495 1.686508 
1496 1.454868 
1497 1.266122 
1498 2.061726 
1499 2.009541 
1500 1.960524 
1501 1.863895 
1502 1.964035 
1503 1.515776 
1504 2.080824 
1505 1.916075 
1506 2.008976 
1507 2.013953 
1508 2.736874 
1509 2.035263 
1510 0.657798 
1511 0.716448 
1512 1.121806 
1513 1.340312 
1514 1.900127 
1515 2.071771 
1516 1.532729 
1517 1.517498 
1518 1.580764 
1519 1.564622 
1520 1.797199 
1521 1.813028 
1522 1.421787 
1523 1.311246 
1524 1.426216 
1525 1.502723 
1526 1.729559 
1527 1.667783 
1528 1.443995 
1529 1.587546 
1530 1.611928 
1531 1.658445 
1532 1.516499 
1533 1.543335 
1534 1.618225 
1535 1.588032 
1536 1.502872 
1537 1.447574 
1538 1.610325 
1539 1.690701 
1540 1.588305 
1541 1.562626 
1542 1.497958 
1543 1.368070 
1544 1.503630 
1545 1.496797 
1546 1.620397 
1547 1.663537 
1548 1.496189 
1549 1.492728 
1550 1.614172 
1551 1.420312 
1552 1.545460 
1553 1.531399 
1554 1.522462 
1555 1.536366 
1556 1.546594 
1557 1.605214 
1558 1.537107 
1559 1.530151 
1560 1.543707 
1561 1.519144 
1562 1.523766 
1563 1.566543 
1564 1.590273 
1565 1.562310 
1566 1.562113 
1567 1.308970 
1568 1.330957 
1569 1.492592 
1570 1.495578 
1571 1.898729 
1572 1.505022 
1573 1.430215 
1574 2.966945 
1575 1.068987 
1576 1.632318 
1577 1.606973 
1578 1.620229 
1579 1.660744 
1580 1.538415 
1581 1.556617 
1582 1.486720 
1583 1.857672 
1584 1.615099 
1585 1.641946 
1586 1.605259 
1587 1.618977 
1588 1.602194 
1589 1.605302 
1590 1.637929 
1591 1.536989 
1592 1.693663 
1593 1.550239 
1594 1.608930 
1595 1.631677 
1596 1.435071 
1597 1.617486 
1598 1.716623 
1599 1.604435 
1600 1.707968 
1601 1.668343 
1602 1.668408 
1603 1.370322 
1604 1.433401 
1605 1.685252 
1606 1.698619 
1607 1.671568 
1608 1.489713 
1609 1.708768 
1610 1.514074 
1611 1.707959 
1612 1.804508 
1613 1.536091 
1614 1.541071 
1615 1.610502 
1616 1.464157 
1617 1.327506 
1618 1.114594 
1619 3.147939 
1620 3.197869 
1621 1.296503 
1622 1.285223 
1623 0.736531 
1624 2.286310 
1625 2.140119 
1626 1.338422 
1627 0.924239 
1628 0.582461 
1629 0.674453 
1630 1.978815 
1631 3.312647 
1632 1.888404 
1633 1.642005 
1634 1.665193 
1635 1.498780 
1636 1.490474 
1637 1.940729 
1638 1.690678 
1639 1.654665 
1640 1.621906 
1641 1.549705 
1642 1.662333 
1643 1.694831 
1644 1.700222 
1645 1.685615 
1646 1.641167 
1647 1.595291 
1648 1.622514 
1649 1.617417 
1650 1.641865 
1651 1.768707 
1652 1.690842 
1653 1.600825 
1654 1.695924 
1655 1.679852 
1656 1.721342 
1657 1.679848 
1658 1.596069 
1659 1.603898 
1660 1.647719 
1661 1.706071 
1662 1.669117 
1663 1.614935 
1664 1.611086 
1665 1.525745 
1666 1.798042 
1667 1.757465 
1668 1.668191 
1669 1.701223 
1670 1.564106 
1671 1.627446 
1672 1.575995 
1673 1.657892 
1674 1.786116 
1675 1.737490 
1676 1.669441 
1677 1.715581 
1678 1.617481 
1679 1.690681 
1680 1.547396 
1681 1.651078 
1682 -1.638594 
1683 -1.793746 
1684 -1.577236 
1685 -1.553514 
1686 -1.558486 
1687 -1.552142 
1688 -1.628940 
1689 -1.653554 
1690 -1.614816 
1691 -1.429685 
1692 -1.643975 
1693 -1.722025 
1694 -1.565291 
1695 -1.441263 
1696 -1.363320 
1697 -1.390808 
1698 -1.712911 
1699 -1.795567 
1700 -1.570625 
1701 -1.632112 
1702 -1.567640 
1703 -1.503620 
1704 -1.432917 
1705 -1.596031 
1706 -1.564360 
1707 -1.597438 
1708 -1.632453 
1709 -1.652090 
1710 -1.621402 
1711 -1.410238 
1712 -1.474272 
1713 -1.597739 
1714 -1.614837 
1715 -1.568362 
1716 -1.490123 
1717 -1.551722 
1718 -1.508512 
1719 -1.692759 
1720 -1.684906 
1721 -1.582311 
1722 -1.567506 
1723 -1.456137 
1724 -1.368714 
1725 -1.627230 
1726 -1.562935 
1727 -1.770645 
1728 -1.185932 
1729 -1.002389 
1730 -2.009305 
1731 -2.078641 
1732 -1.601569 
1733 1.748122 
1734 1.628792 
1735 1.903843 
1736 1.723996 
1737 1.701873 
1738 1.784722 
1739 1.553606 
1740 1.729603 
1741 1.726590 
1742 1.621853 
1743 1.631577 
1744 1.752048 
1745 1.783456 
1746 1.607786 
1747 1.597774 
1748 1.618842 
1749 1.631844 
1750 1.715737 
1751 1.740096 
1752 1.551441 
1753 1.639487 
1754 1.735300 
1755 1.806562 
1756 1.788842 
1757 1.762618 
1758 1.612805 
1759 1.601083 
1760 1.581514 
1761 1.555020 
1762 1.725917 
1763 1.822274 
1764 1.685581 
1765 1.680773 
1766 1.670087 
1767 1.624817 
1768 1.595767 
1769 1.683542 
1770 1.632545 
1771 1.658021 
1772 1.843058 
1773 1.624078 
1774 1.655226 
1775 1.695087 
1776 1.559241 
1777 1.693065 
1778 1.693586 
1779 1.767229 
1780 1.454871 
1781 1.766638 
1782 1.724852 
1783 1.787861 
1784 1.553491 
1785 -1.589090 
1786 -1.645235 
1787 -1.553336 
1788 -1.727453 
1789 -1.642903 
1790 -1.566086 
1791 -1.382136 
1792 -1.577141 
1793 -1.499712 
1794 -1.445990 
1795 -1.717369 
1796 -1.522233 
1797 -1.571610 
1798 -1.504559 
1799 -1.634049 
1800 -1.480274 
1801 -1.434751 
1802 -1.530329 
1803 -1.739842 
1804 -1.646907 
1805 -1.568705 
1806 -1.394193 
1807 -1.571236 
1808 -1.665695 
1809 -1.482476 
1810 -1.501424 
1811 -1.541512 
1812 -1.602484 
1813 -1.524151 
1814 -1.528538 
1815 -1.587687 
1816 -1.614697 
1817 -1.476766 
1818 -1.588585 
1819 -1.509421 
1820 -1.531832 
1821 -1.481108 
1822 -1.502157 
1823 -1.579857 
1824 -1.631485 
1825 -1.474963 
1826 -1.515842 
1827 -1.632968 
1828 -1.570055 
1829 -1.488510 
1830 -1.423513 
1831 -1.552030 
1832 -1.841725 
1833 -1.487341 
1834 -1.350486 
1835 -1.491971 
1836 -1.596183 
1837 -1.561783 
1838 -1.574094 
1839 -1.432888 
1840 -1.485811 
1841 -1.502062 
1842 -1.692457 
1843 -1.504803 
1844 -1.432443 
1845 -1.545871 
1846 -1.631917 
1847 -1.508487 
1848 -1.749326 
1849 1.651902 
1850 1.654648 
1851 1.739388 
1852 1.539540 
1853 1.710645 
1854 1.668006 
1855 1.615129 
1856 1.714206 
1857 1.729364 
1858 1.644388 
1859 1.490507 
1860 1.504745 
1861 1.424083 
1862 1.772583 
1863 1.807285 
1864 2.440857 
1865 2.524888 
1866 2.379014 
1867 0.990142 
1868 1.726874 
1869 1.667615 
1870 1.624870 
1871 1.828985 
1872 1.606228 
1873 1.639883 
1874 1.663727 
1875 1.571192 
1876 1.623944 
1877 1.659024 
1878 1.735613 
1879 1.649821 
1880 1.479218 
1881 1.508790 
1882 1.825711 
1883 1.859439 
1884 1.649511 
1885 1.630375 
1886 1.621129 
1887 1.602862 
1888 1.656993 
1889 1.688025 
1890 1.614066 
1891 1.702085 
1892 1.515536 
1893 1.599282 
1894 1.792093 
1895 1.645691 
1896 1.516814 
1897 1.661575 
1898 1.670447 
1899 1.741021 
1900 1.644082 
1901 1.712080 
1902 1.770543 
1903 1.755621 
1904 2.047734 
1905 1.717679 
1906 -1.295553 
1907 -1.386676 
1908 -1.587012 
1909 -1.536548 
1910 -1.639894 
1911 -1.640153 
1912 -1.438062 
1913 -1.597609 
1914 -1.660432 
1915 -1.562844 
1916 -1.470642 
1917 -1.595505 
1918 -1.636687 
1919 -1.643320 
1920 -1.518846 
1921 -1.597130 
1922 -1.628613 
1923 -1.633382 
1924 -1.398595 
1925 -1.831353 
1926 -1.604765 
1927 -1.599738 
1928 -1.748056 
1929 -1.614637 
1930 -1.540588 
1931 -1.436023 
1932 -1.552676 
1933 -1.634009 
1934 -1.609144 
1935 -1.673419 
1936 -1.518472 
1937 -1.495161 
1938 -1.703981 
1939 -1.643687 
1940 -1.591068 
1941 -1.604088 
1942 -1.607546 
1943 -1.432893 
1944 -1.522218 
1945 -1.581995 
1946 -1.647780 
1947 -1.610921 
1948 -1.543867 
1949 -1.654837 
1950 -1.573655 
1951 -1.584451 
1952 -1.479264 
1953 -1.491140 
1954 -1.620989 
1955 -1.561901 
1956 -1.534552 
1957 1.780848 
1958 1.648076 
1959 1.601228 
1960 1.730845 
1961 1.639221 
1962 1.590654 
1963 1.550068 
1964 1.539809 
1965 1.646011 
1966 1.657296 
1967 1.712627 
1968 1.583917 
1969 1.533055 
1970 1.672900 
1971 1.707942 
1972 1.631314 
1973 1.535380 
1974 1.714686 
1975 1.532181 
1976 1.683965 
1977 1.628596 
1978 1.660474 
1979 1.537603 
1980 1.655895 
1981 1.537460 
1982 1.698544 
1983 1.663328 
1984 1.537563 
1985 1.508176 
1986 1.713110 
1987 1.696261 
1988 1.624161 
1989 1.598877 
1990 1.668631 
1991 1.661612 
1992 1.706923 
1993 1.669586 
1994 1.586056 
1995 1.619216 
1996 1.573686 
1997 1.614523 
1998 1.608054 
1999 1.685183 
2000 1.759156 
2001 1.537387 
2002 1.636452 
2003 1.630201 
2004 1.630481 
2005 1.586472 
2006 1.678777 
2007 1.815253 
2008 1.575166 
2009 1.588162 
2010 1.635935 
2011 1.660411 
2012 1.575926 
2013 1.586743 
2014 1.952152 
2015 1.293180 
2016 1.549069 
2017 1.714845 
2018 1.684152 
2019 1.661981 
2020 1.510053 
2021 1.607559 
2022 1.548979 
2023 1.735101 
2024 1.731869 
2025 1.693039 
2026 1.603623 
2027 1.518519 
2028 1.555927 
2029 1.588654 
2030 1.629133 
2031 1.587741 
2032 1.452612 
2033 1.620250 
2034 1.693237 
2035 1.684154 
2036 1.713054 
2037 1.626401 
2038 1.562505 
2039 1.404446 
2040 1.547562 
2041 1.586766 
2042 1.555311 
2043 1.745224 
2044 1.704063 
2045 1.661637 
2046 1.640829 
2047 1.430755 
2048 1.546302 
2049 1.471628 
2050 1.483624 
2051 1.828016 
2052 1.534924 
2053 1.561419 
2054 1.621034 
2055 1.603640 
2056 1.544809 
2057 1.552919 
2058 2.177339 
2059 1.791115 
2060 1.659522 
2061 1.756488 
2062 1.716882 
2063 1.732000 
2064 1.902968 
2065 1.507254 
2066 1.576845 
2067 1.526187 
2068 1.697870 
2069 1.618266 
2070 1.638927 
2071 1.499601 
2072 1.576496 
2073 1.554004 
2074 1.731874 
2075 1.658150 
2076 1.640772 
2077 1.536760 
2078 1.599332 
2079 1.719440 
2080 1.516941 
2081 1.660752 
2082 1.652416 
2083 1.694993 
2084 1.531473 
2085 1.550984 
2086 1.639843 
2087 1.775616 
2088 1.775133 
2089 1.611540 
2090 1.502864 
2091 1.503000 
2092 1.633483 
2093 1.646743 
2094 1.601534 
2095 1.598995 
2096 1.649960 
2097 1.600730 
2098 1.693404 
2099 1.528302 
2100 1.552310 
2101 1.567381 
2102 1.615452 
2103 1.855697 
2104 1.646613 
2105 1.479010 
2106 1.680508 
2107 1.692087 
2108 1.720162 
2109 1.728624 
2110 1.780885 
2111 -1.140404 
2112 -1.495859 
2113 -1.511590 
2114 -1.446110 
2115 -1.487025 
2116 -1.708091 
2117 -1.560804 
2118 -1.445392 
2119 -1.306971 
2120 -1.450902 
2121 -1.494712 
2122 -1.511326 
2123 -1.595858 
2124 -1.602193 
2125 -1.434283 
2126 -1.533927 
2127 -1.490267 
2128 -1.463477 
2129 -1.410283 
2130 -1.532971 
2131 -1.609770 
2132 -1.511235 
2133 -1.554828 
2134 -1.436369 
2135 -1.493830 
2136 -1.372167 
2137 -1.363491 
2138 -1.620856 
2139 -1.717794 
2140 -1.429266 
2141 -1.413347 
2142 -1.452898 
2143 -1.544828 
2144 -1.638602 
2145 -1.609504 
2146 -1.469650 
2147 -1.282010 
2148 -1.527615 
2149 -1.399097 
2150 -1.515947 
2151 -1.650662 
2152 -1.418903 
2153 -1.527992 
2154 -1.377001 
2155 -1.445859 
2156 -1.956982 
2157 -1.710515 
2158 -1.201718 
2159 -1.244727 
2160 -1.026501 
2161 -2.147095 
2162 -1.571033 
2163 -1.623822 
2164 -1.626771 
2165 -1.512676 
2166 -1.514469 
2167 -1.452676 
2168 -1.664175 
2169 -1.583781 
2170 -1.548834 
2171 -1.361501 
2172 -1.754686 
2173 -1.709917 
2174 -1.468807 
2175 -1.367344 
2176 -1.472858 
2177 -1.401873 
2178 -1.601359 
2179 -1.663277 
2180 -1.528480 
2181 -1.617649 
2182 -1.432245 
2183 -1.451014 
2184 -1.633618 
2185 -1.534838 
2186 -1.551313 
2187 -1.440694 
2188 -1.503668 
2189 -1.607286 
2190 -1.448046 
2191 -1.503263 
2192 -1.443925 
2193 -1.522148 
2194 -1.662222 
2195 -1.519211 
2196 -1.590073 
2197 -1.321146 
2198 -1.562900 
2199 -1.601691 
2200 -1.473054 
2201 -1.367428 
2202 -1.614130 
2203 -1.580285 
2204 -1.717366 
2205 -1.433186 
2206 -1.483361 
2207 -1.543587 
2208 -1.635860 
2209 -1.480439 
2210 -1.524984 
2211 -1.373479 
2212 -1.801353 
2213 -1.457485 
2214 -1.467611 
2215 -1.314093 
2216 -1.352308 
2217 -1.675454 
2218 -1.534514 
2219 -1.234712 
2220 -1.406710 
2221 -1.403207 
2222 -1.577235 
2223 -1.587088 
2224 -1.686131 
2225 -1.331922 
2226 -1.392211 
2227 -1.542692 
2228 -1.309915 
2229 -1.324356 
2230 -1.440967 
2231 -1.786491 
2232 -1.510045 
2233 -1.443609 
2234 -1.433811 
2235 -1.448975 
2236 -1.718172 
2237 -1.474990 
2238 -1.437248 
2239 -1.214975 
2240 -1.364228 
2241 -1.397451 
2242 -1.607435 
2243 -1.485970 
2244 -1.626920 
2245 -1.568792 
2246 -1.370336 
2247 -1.369264 
2248 -1.446320 
2249 -1.369933 
2250 -1.577267 
2251 -1.470972 
2252 -1.609076 
2253 -1.435634 
2254 -1.361843 
2255 -1.482825 
2256 -1.652491 
2257 -1.612499 
2258 -1.307174 
2259 -1.368249 
2260 -1.377534 
2261 -1.217272 
2262 -1.363815 
2263 -2.366172 
2264 1.688821 
2265 1.665472 
2266 1.640926 
2267 1.770325 
2268 1.394938 
2269 1.686093 
2270 1.801102 
2271 1.779961 
2272 1.729647 
2273 1.524271 
2274 1.557415 
2275 1.623469 
2276 1.741970 
2277 1.791238 
2278 1.636202 
2279 1.714931 
2280 1.558368 
2281 1.598323 
2282 1.671872 
2283 1.528865 
2284 1.537606 
2285 1.633462 
2286 1.806990 
2287 1.562431 
2288 1.699889 
2289 1.629589 
2290 1.630811 
2291 1.578971 
2292 1.584730 
2293 1.742883 
2294 1.591415 
2295 1.551870 
2296 1.517007 
2297 1.655734 
2298 1.661879 
2299 1.696101 
2300 1.645640 
2301 1.540951 
2302 1.577581 
2303 1.704324 
2304 1.714768 
2305 1.584671 
2306 1.551673 
2307 1.798758 
2308 1.297199 
2309 1.579993 
2310 1.640817 
2311 1.792072 
2312 1.775818 
2313 1.767036 
2314 1.835178 
2315 -1.331424 
2316 -1.319446 
2317 -1.396522 
2318 -1.640377 
2319 -1.625514 
2320 -1.707582 
2321 -1.468639 
2322 -1.362894 
2323 -1.468274 
2324 -1.541445 
2325 -1.476264 
2326 -1.472310 
2327 -1.449920 
2328 -1.753367 
2329 -1.514866 
2330 -1.441315 
2331 -1.412794 
2332 -1.440578 
2333 -1.484239 
2334 -1.464862 
2335 -1.700421 
2336 -1.530427 
2337 -1.472671 
2338 -1.517368 
2339 -1.356599 
2340 -1.363845 
2341 -1.371829 
2342 -1.551931 
2343 -1.716531 
2344 -1.706565 
2345 -1.465782 
2346 -1.435423 
2347 -1.372228 
2348 -1.524467 
2349 -1.515202 
2350 -1.484106 
2351 -1.471457 
2352 -1.499126 
2353 -1.448312 
2354 -1.542349 
2355 -1.523751 
2356 -1.554030 
2357 -1.489216 
2358 -1.557464 
2359 -1.418202 
2360 -1.614001 
2361 -1.271347 
2362 -1.389406 
2363 -1.761019 
2364 -1.609396 
2365 -1.452278 
2366 -1.535370 
2367 -1.436737 
2368 -1.447153 
2369 -1.388459 
2370 -1.412344 
2371 -1.972674 
2372 -1.524999 
2373 -1.389677 
2374 -1.664719 
2375 -1.438123 
2376 -1.825489 
2377 -1.585176 
2378 -1.365624 
2379 -1.326949 
2380 -1.497858 
2381 -1.655250 
2382 -1.558764 
2383 -1.481168 
2384 -1.528478 
2385 -1.413474 
2386 -1.611854 
2387 -1.588410 
2388 -1.789857 
2389 -1.425079 
2390 -1.472235 
2391 -1.562055 
2392 -1.570847 
2393 -1.519026 
2394 -1.415150 
2395 -1.583863 
2396 -1.425936 
2397 -1.462359 
2398 -1.648199 
2399 -1.465067 
2400 -1.636512 
2401 -1.489875 
2402 -1.348801 
2403 -1.615746 
2404 -1.528776 
2405 -1.615900 
2406 -1.344051 
2407 -1.535898 
2408 -1.713445 
2409 -1.485745 
2410 -1.360576 
2411 -1.688865 
2412 -1.224497 
2413 -1.341699 
2414 -1.612716 
2415 -1.859113 
2416 -1.539854 
2417 -1.617966 
2418 -1.444178 
2419 -1.335957 
2420 -1.693839 
2421 -1.556198 
2422 -1.853703 
2423 -1.132021 
2424 -1.479998 
2425 -1.403403 
2426 -1.725347 
2427 -1.644254 
2428 -2.300684 
2429 -1.783624 
2430 -1.241009 
2431 -1.037707 
2432 -0.928008 
2433 -1.419427 
2434 -1.689030 
2435 -2.180485 
2436 -1.614726 
2437 -1.486879 
2438 -1.405910 
2439 -1.605625 
2440 -1.822523 
2441 -1.504118 
2442 -1.421471 
2443 -1.457402 
2444 -1.358860 
2445 -1.551970 
2446 -1.526090 
2447 -1.771832 
2448 -1.567813 
2449 -1.468975 
2450 -1.466643 
2451 -1.629747 
2452 -1.659004 
2453 -1.542801 
2454 -1.546209 
2455 -1.408396 
2456 -1.364165 
2457 -1.631106 
2458 -1.753231 
2459 -1.521825 
2460 -1.523206 
2461 -1.512831 
2462 -1.504500 
2463 -1.547400 
2464 -1.699254 
2465 -1.614100 
2466 -1.591369 
2467 -1.382576 
2468 -1.521367 
2469 -1.605269 
2470 -1.592685 
2471 -1.610640 
2472 -1.141303 
2473 -1.058765 
2474 -1.557187 
2475 2.146859 
2476 1.687801 
2477 1.611833 
2478 1.623921 
2479 1.656529 
2480 2.017190 
2481 1.414815 
2482 1.425959 
2483 1.397409 
2484 1.497359 
2485 1.650735 
2486 1.480507 
2487 1.633190 
2488 1.797099 
2489 1.643355 
2490 1.483028 
2491 1.437853 
2492 1.453446 
2493 1.598886 
2494 1.534292 
2495 1.606793 
2496 1.685449 
2497 1.471442 
2498 1.481322 
2499 1.640994 
2500 1.516455 
2501 1.588743 
2502 1.594067 
2503 1.412615 
2504 1.364684 
2505 1.394429 
2506 1.577279 
2507 1.723360 
2508 1.864501 
2509 1.675630 
2510 1.555116 
2511 1.465877 
2512 1.616342 
2513 1.647534 
2514 1.547691 
2515 1.359800 
2516 1.519819 
2517 1.569064 
2518 1.510424 
2519 1.525480 
2520 2.802847 
2521 2.665574 
2522 2.721818 
2523 2.077100 
2524 2.542995 
2525 -1.014150 
2526 -1.256983 
2527 -1.926951 
2528 -2.500730 
2529 -2.183505 
2530 -1.247651 
2531 -0.008733 
2532 1.629240 
2533 2.511521 
2534 2.724076 
2535 2.208512 
2536 0.434610 
2537 -0.860646 
2538 -2.221039 
2539 -3.011390 
2540 -1.867123 
2541 -1.453683 
2542 -1.528936 
2543 -1.779951 
2544 -1.634592 
2545 -1.531916 
2546 -1.690260 
2547 -1.627357 
2548 -1.522087 
2549 -1.637252 
2550 -1.730999 
2551 -1.608083 
2552 -1.780609 
2553 -1.675160 
2554 -1.509895 
2555 -1.687763 
2556 -1.670220 
2557 -1.602730 
2558 -1.648543 
2559 -1.586772 
2560 -1.506866 
2561 -1.534178 
2562 -1.601164 
2563 -1.802393 
2564 -1.572027 
2565 -1.605976 
2566 -1.761019 
2567 -1.606374 
2568 -1.621739 
2569 -1.583073 
2570 -1.591664 
2571 -1.779061 
2572 -1.829834 
2573 -1.870470 
2574 -1.713411 
2575 -1.147519 
2576 -1.537607 
2577 -1.511845 
2578 -1.472539 
2579 -1.515748 
2580 -1.736997 
2581 -1.553636 
2582 -1.473626 
2583 -1.483611 
2584 -1.434225 
2585 -1.423653 
2586 -1.536914 
2587 -1.785494 
2588 -1.553192 
2589 -1.493016 
2590 -1.496365 
2591 -1.572348 
2592 -1.438969 
2593 -1.520062 
2594 -1.437278 
2595 -1.727030 
2596 -1.647555 
2597 -1.337355 
2598 -1.588341 
2599 -1.488703 
2600 -1.592895 
2601 -1.436851 
2602 -1.572223 
2603 -1.699648 
2604 -1.487244 
2605 -1.497190 
2606 -1.506619 
2607 -1.632331 
2608 -1.518054 
2609 -1.543630 
2610 -1.482827 
2611 -1.585679 
2612 -1.726382 
2613 -1.794872 
2614 -1.361416 
2615 -1.232852 
2616 -1.203400 
2617 -1.472352 
2618 -1.701497 
2619 -1.714079 
2620 -1.658974 
2621 -1.517644 
2622 -1.398094 
2623 -1.482405 
2624 -1.483552 
2625 -1.379205 
2626 -1.695803 
2627 -1.630969 
2628 -1.705181 
2629 -1.399765 
2630 -1.413361 
2631 -1.418413 
2632 -1.725672 
2633 -1.458631 
2634 -1.410682 
2635 -1.388284 
2636 -1.517364 
2637 -1.511620 
2638 -1.460722 
2639 -1.483962 
2640 -1.416854 
2641 -1.413932 
2642 -1.611533 
2643 -1.645156 
2644 -1.497563 
2645 -1.516974 
2646 -1.453291 
2647 -1.479879 
2648 -1.631849 
2649 -1.543531 
2650 -1.495595 
2651 -1.305464 
2652 -1.421247 
2653 -1.507777 
2654 -1.541545 
2655 -1.535743 
2656 -1.750477 
2657 -1.548969 
2658 -1.375387 
2659 -1.239446 
2660 -1.343552 
2661 -1.381009 
2662 -1.675816 
2663 -1.620025 
2664 -1.400135 
2665 -1.555687 
2666 -1.439060 
2667 -1.539305 
2668 -1.549699 
2669 -1.465209 
2670 -1.488457 
2671 -1.491534 
2672 -1.511475 
2673 -1.480707 
2674 -1.627737 
2675 -1.366411 
2676 -0.940791 
2677 -2.084627 
2678 1.641213 
2679 1.691394 
2680 1.698891 
2681 1.512570 
2682 1.582578 
2683 1.520957 
2684 1.605548 
2685 1.570377 
2686 1.648512 
2687 1.584904 
2688 1.508907 
2689 1.738148 
2690 1.643717 
2691 1.502132 
2692 1.590818 
2693 1.454421 
2694 1.522022 
2695 1.787160 
2696 1.876939 
2697 1.633722 
2698 1.530397 
2699 1.403421 
2700 1.583043 
2701 1.633954 
2702 1.684553 
2703 1.582242 
2704 1.617067 
2705 1.594509 
2706 1.584801 
2707 1.634592 
2708 1.600047 
2709 1.710446 
2710 1.653851 
2711 1.408798 
2712 1.311046 
2713 1.665497 
2714 1.717512 
2715 1.695556 
2716 1.613708 
2717 1.532078 
2718 1.615217 
2719 1.615580 
2720 1.470802 
2721 1.583923 
2722 1.796426 
2723 1.510428 
2724 1.584768 
2725 1.636365 
2726 1.645916 
2727 1.387569 
2728 1.818725 
2729 1.739050 
2730 2.039553 
2731 -0.870280 
2732 0.666986 
2733 1.690288 
2734 -1.927760 
2735 -3.141722 
2736 -1.082736 
2737 -0.706696 
2738 -1.022932 
2739 2.614632 
2740 1.807644 
2741 1.583538 
2742 1.529758 
2743 1.646131 
2744 1.523905 
2745 1.490182 
2746 1.555764 
2747 1.877705 
2748 1.825566 
2749 1.556422 
2750 1.573365 
2751 1.612368 
2752 1.714284 
2753 1.452034 
2754 1.594779 
2755 1.371636 
2756 1.610638 
2757 1.500330 
2758 1.567086 
2759 1.624219 
2760 1.606450 
2761 1.653513 
2762 1.659339 
2763 1.746797 
2764 1.758107 
2765 1.598995 
2766 1.545947 
2767 1.582953 
2768 1.612675 
2769 1.765218 
2770 1.549208 
2771 1.444479 
2772 1.676258 
2773 1.411919 
2774 1.659153 
2775 1.604874 
2776 1.730131 
2777 1.591792 
2778 1.648327 
2779 1.530415 
2780 1.752077 
2781 1.626142 
2782 1.393170 
2783 1.636684 
2784 1.672576 
2785 1.648224 
2786 1.595108 
2787 1.620024 
2788 1.589055 
2789 1.703483 
2790 1.606718 
2791 1.608020 
2792 2.124687 
2793 1.298014 
2794 1.157290 
2795 2.132535 
2796 2.704745 
2797 2.611587 
2798 0.468685 
2799 0.791496 
2800 1.699403 
2801 1.580501 
2802 1.528223 
2803 2.376251 
2804 1.553973 
2805 2.038520 
2806 2.130761 
2807 0.952212 
2808 1.709023 
2809 1.584966 
2810 1.482024 
2811 1.473592 
2812 1.663905 
2813 1.394602 
2814 1.626442 
2815 1.604457 
2816 -3.632810 
2817 -1.378919 
2818 -0.334422 
2819 1.808878 
2820 2.013765 
2821 1.480389 
2822 1.828279 
2823 2.008139 
2824 1.907055 
2825 1.684383 
2826 1.640841 
2827 1.744731 
2828 -0.284447 
2829 1.947802 
2830 2.024231 
2831 1.808195 
2832 1.605896 
2833 1.883711 
2834 1.486835 
2835 1.386608 
2836 1.294746 
2837 1.896552 
2838 1.835375 
2839 1.245240 
2840 1.809847 
2841 -0.644292 
2842 -1.914653 
2843 -2.041805 
2844 -1.290923 
2845 -1.558396 
2846 -0.658700 
2847 -3.464840 
2848 -1.653072 
2849 -1.564399 
2850 -1.571444 
2851 -1.569577 
2852 -1.494948 
2853 -1.657102 
2854 -1.700692 
2855 -1.519579 
2856 -1.622839 
2857 -1.136964 
2858 -2.123142 
2859 -1.558187 
2860 -1.447993 
2861 -1.659932 
2862 -1.448649 
2863 -1.679104 
2864 -1.417490 
2865 -1.775418 
2866 -1.691085 
2867 -1.440000 
2868 -1.603565 
2869 -1.638176 
2870 -1.636323 
2871 -1.410774 
2872 -1.489287 
2873 -1.964457 
2874 -1.417698 
2875 -1.475493 
2876 -1.471303 
2877 -1.563806 
2878 -1.565533 
2879 -1.603870 
2880 -1.682655 
2881 -1.569325 
2882 -1.493447 
2883 -1.465004 
2884 -2.934672 
2885 -1.816218 
2886 0.237880 
2887 -1.356918 
2888 0.397689 
2889 -3.944066 
2890 0.846400 
2891 1.654691 
2892 -1.624905 
2893 -1.686393 
2894 -1.488130 
2895 -1.402123 
2896 -1.635723 
2897 -1.680766 
2898 -1.581838 
2899 -1.514524 
2900 -1.342877 
2901 -1.989488 
2902 -1.280539 
2903 -1.246353 
2904 -0.079602 
2905 2.213002 
2906 -2.243029 
2907 -2.124311 
2908 -1.958812 
2909 -1.484365 
2910 -1.489358 
2911 -1.374848 
2912 -1.289040 
2913 -1.210250 
2914 -2.491368 
2915 -1.095803 
2916 -2.145437 
2917 -1.481641 
2918 -1.340189 
2919 -1.174039 
2920 -2.033828 
2921 -0.871314 
2922 -0.938465 
2923 -2.284842 
2924 -1.190399 
2925 -1.377264 
2926 -1.491925 
2927 -1.749387 
2928 -1.577994 
2929 -1.298433 
2930 -1.382668 
2931 -1.150437 
2932 -1.558640 
2933 -1.382242 
2934 -1.332821 
2935 -1.060163 
2936 -2.187910 
2937 -1.136485 
2938 -1.387568 
2939 -1.196607 
2940 -1.516559 
2941 -1.560752 
2942 -2.017418 
2943 -1.565127 
2944 -1.197498 
2945 -1.454342 
2946 -1.486564 
2947 -1.410748 
2948 -1.437163 
2949 -1.287312 
2950 -1.262562 
2951 -1.462612 
2952 -1.333087 
2953 -1.514669 
2954 -1.457900 
2955 -1.467487 
2956 -1.319222 
2957 -1.281760 
2958 -1.559397 
2959 -1.641983 
2960 -1.299617 
2961 -1.184987 
2962 -1.730408 
2963 -1.817772 
2964 -1.699425 
2965 -1.428297 
2966 -1.400986 
2967 -1.566063 
2968 -1.483374 
2969 -1.538194 
2970 -1.434772 
2971 -1.528664 
2972 -1.799369 
2973 -1.615658 
2974 -1.180086 
2975 -1.250703 
2976 -1.436385 
2977 -1.473351 
2978 -1.284937 
2979 -1.576786 
2980 -1.555147 
2981 -1.436228 
2982 -1.289809 
2983 -1.489432 
2984 -1.493787 
2985 -1.241450 
2986 -1.603590 
2987 -1.446754 
2988 -1.020345 
2989 -1.079339 
2990 -1.805302 
2991 -1.970494 
2992 -1.385576 
2993 -1.588567 
2994 -1.513868 
2995 -1.269607 
2996 -1.347068 
2997 -1.275177 
2998 -1.487910 
2999 -1.320810 
3000 -1.862791 
3001 -1.198201 
3002 -1.750998 
3003 -1.220194 
3004 -1.120259 
3005 -1.016589 
3006 -1.936444 
3007 -1.923155 
3008 -1.554927 
3009 -1.585075 
3010 -1.595663 
3011 -1.744991 
3012 -1.504364 
3013 -1.993945 
3014 -1.455021 
3015 -1.631904 
3016 -1.561726 
3017 -1.397946 
3018 -1.254491 
3019 -1.880687 
3020 -1.135086 
3021 -1.164779 
3022 -1.711609 
3023 -1.821325 
3024 -1.802756 
3025 -1.576483 
3026 -1.408776 
3027 -1.400703 
3028 -0.732807 
3029 -3.904480 
3030 -0.814829 
