958 1
0 2.289522 
1 1.220541 
2 2.593637 
3 0.779611 
4 -0.603033 
5 -1.347535 
6 -0.585710 
7 2.226762 
8 -1.349009 
9 -0.209392 
10 -1.446883 
11 -1.749931 
12 -0.526137 
13 1.081966 
14 -0.915209 
15 -1.430684 
16 -1.517858 
17 -0.145711 
18 -1.618541 
19 -1.798562 
20 0.080976 
21 0.418859 
22 -1.410279 
23 -1.819644 
24 -1.250613 
25 -1.055324 
26 -0.254468 
27 1.555777 
28 1.489297 
29 -1.765710 
30 -1.793668 
31 -1.290222 
32 -1.571709 
33 -0.525806 
34 -0.201489 
35 -0.593593 
36 -1.274563 
37 -1.302901 
38 0.322393 
39 0.359881 
40 -0.793066 
41 0.011364 
42 -0.300130 
43 1.108572 
44 -0.564703 
45 1.294891 
46 -1.829043 
47 -0.603983 
48 -1.108911 
49 -0.038511 
50 -2.288953 
51 -0.933086 
52 -1.653218 
53 -0.288245 
54 -0.550773 
55 -0.802914 
56 -1.769331 
57 -1.645322 
58 -0.458931 
59 -0.857182 
60 -0.784397 
61 0.288963 
62 -1.818579 
63 -0.485224 
64 -1.757901 
65 -0.963220 
66 -1.041635 
67 -1.751128 
68 -0.556563 
69 -1.003744 
70 -2.365897 
71 -0.427015 
72 0.175190 
73 -1.254975 
74 -1.080105 
75 -1.786696 
76 1.829428 
77 1.636178 
78 0.914896 
79 1.795161 
80 0.683989 
81 1.910129 
82 0.032674 
83 -1.740245 
84 -1.105299 
85 -1.432760 
86 -1.826823 
87 -1.204705 
88 -0.744320 
89 -1.243794 
90 -1.562376 
91 -1.112403 
92 -1.843776 
93 -1.024149 
94 -1.225273 
95 1.360156 
96 1.880424 
97 1.656159 
98 2.533965 
99 0.350539 
100 2.230785 
101 1.047050 
102 0.483654 
103 2.626510 
104 1.381322 
105 -1.150044 
106 -0.928770 
107 -2.595957 
108 -1.140980 
109 -1.716840 
110 -1.816001 
111 -1.422056 
112 -1.392671 
113 -1.376389 
114 -1.094025 
115 -2.013818 
116 -1.776309 
117 -1.071908 
118 1.075428 
119 -1.689427 
120 1.106696 
121 1.205647 
122 2.296971 
123 1.743308 
124 1.805657 
125 -1.582933 
126 1.073870 
127 0.509195 
128 1.122252 
129 1.549668 
130 1.812350 
131 1.046567 
132 -2.071389 
133 -2.010729 
134 -0.939441 
135 -0.717606 
136 -0.015398 
137 -0.459649 
138 2.884088 
139 1.343524 
140 2.811873 
141 0.544518 
142 -1.001696 
143 -1.300639 
144 -1.567580 
145 -1.980352 
146 -0.919911 
147 -1.467788 
148 -0.485521 
149 -0.639743 
150 0.073149 
151 2.847961 
152 1.719432 
153 0.499592 
154 2.210083 
155 2.105726 
156 2.388716 
157 0.286375 
158 -1.283456 
159 1.856999 
160 -0.363576 
161 -2.248854 
162 -0.740518 
163 -1.727832 
164 -1.980729 
165 -0.312671 
166 -1.867430 
167 -1.389413 
168 -1.711381 
169 -2.235437 
170 -1.212239 
171 -0.030468 
172 0.477505 
173 -0.150446 
174 -1.111840 
175 -2.468499 
176 0.786613 
177 -0.905157 
178 -1.703629 
179 -2.244352 
180 -1.795772 
181 -1.100115 
182 -1.362494 
183 -1.501004 
184 -1.449675 
185 -0.814796 
186 -2.619426 
187 -0.084894 
188 -1.235576 
189 -1.352141 
190 -1.890208 
191 -1.398097 
192 -0.344684 
193 2.471972 
194 0.508545 
195 -1.628345 
196 1.232877 
197 -2.592784 
198 -1.005998 
199 -0.991703 
200 -0.444310 
201 -1.665401 
202 -1.687212 
203 -1.339923 
204 -1.458745 
205 -0.910399 
206 -1.499910 
207 -1.583824 
208 -1.131393 
209 -1.649031 
210 -1.437714 
211 -1.534596 
212 -0.983106 
213 -1.488753 
214 1.451795 
215 0.907754 
216 -1.440806 
217 -1.558141 
218 -0.268514 
219 -2.154506 
220 -1.936606 
221 1.615847 
222 1.977378 
223 1.129046 
224 1.472416 
225 -0.298512 
226 -1.938812 
227 -0.993450 
228 -2.064568 
229 -2.026362 
230 0.480451 
231 0.589775 
232 -2.129408 
233 -2.104254 
234 -0.105195 
235 0.491565 
236 -0.343758 
237 -0.518968 
238 -2.276698 
239 -1.770373 
240 -2.212406 
241 -1.186511 
242 -1.394222 
243 1.148482 
244 0.286379 
245 0.893470 
246 -1.462833 
247 -2.132366 
248 -2.564305 
249 -1.106668 
250 -0.359486 
251 -0.081897 
252 0.240366 
253 0.920925 
254 -1.522392 
255 -2.315369 
256 -1.332096 
257 0.994792 
258 1.939716 
259 1.284135 
260 1.207653 
261 -0.301189 
262 0.680655 
263 -1.665613 
264 -2.273754 
265 -1.189005 
266 0.868400 
267 1.347828 
268 1.836938 
269 2.086810 
270 1.182683 
271 0.994684 
272 1.288079 
273 1.802273 
274 1.616237 
275 1.531213 
276 1.672894 
277 1.601222 
278 1.776106 
279 2.005351 
280 1.221122 
281 2.410194 
282 1.598994 
283 0.697380 
284 1.721177 
285 -0.807549 
286 -1.126918 
287 -1.554901 
288 -0.792562 
289 -1.400189 
290 -1.609964 
291 -1.645005 
292 -0.515039 
293 -0.148374 
294 -1.015551 
295 -1.966995 
296 -1.413836 
297 -0.975328 
298 -1.803044 
299 0.386069 
300 -0.824724 
301 -1.733787 
302 -1.108486 
303 -0.825757 
304 -1.196987 
305 -1.450699 
306 -1.133260 
307 -0.632725 
308 -0.858351 
309 -0.716101 
310 -1.228001 
311 -1.706527 
312 -1.102673 
313 -1.725917 
314 -0.913961 
315 -1.040913 
316 -0.747296 
317 -1.642150 
318 -1.188211 
319 -1.089893 
320 -1.728216 
321 -1.464956 
322 -0.829801 
323 -0.567060 
324 -1.093775 
325 -1.846838 
326 -0.971535 
327 -0.899465 
328 -0.836948 
329 0.497418 
330 -1.831913 
331 -1.635238 
332 -1.078462 
333 1.976966 
334 0.015611 
335 1.527549 
336 -0.547755 
337 -0.310690 
338 1.573556 
339 2.361818 
340 0.846052 
341 0.715265 
342 1.608116 
343 2.085212 
344 2.229833 
345 1.496328 
346 0.816307 
347 0.442907 
348 0.115342 
349 1.452500 
350 2.062007 
351 1.400648 
352 1.745060 
353 1.587196 
354 0.742406 
355 1.394201 
356 -0.289515 
357 1.340172 
358 1.145530 
359 -0.816913 
360 0.887051 
361 1.094508 
362 2.422100 
363 -0.064158 
364 1.667260 
365 0.178186 
366 1.396185 
367 -1.087424 
368 -0.981871 
369 -1.796560 
370 0.473519 
371 -1.315471 
372 -1.224414 
373 0.550135 
374 0.618760 
375 -2.210785 
376 -1.216789 
377 -1.335597 
378 -0.254150 
379 0.653308 
380 0.189143 
381 -1.589364 
382 -1.362259 
383 -1.365133 
384 -1.204576 
385 -1.656089 
386 0.027914 
387 -1.430888 
388 -1.001996 
389 -1.081411 
390 -1.119462 
391 -1.433927 
392 -0.540512 
393 -1.873503 
394 -1.693128 
395 -0.233771 
396 -1.156108 
397 -1.402856 
398 -1.361303 
399 -0.759119 
400 -0.819129 
401 -1.526702 
402 -1.804194 
403 0.202939 
404 -0.512610 
405 -2.288034 
406 -0.104996 
407 -1.173647 
408 -1.002686 
409 1.361542 
410 -0.384387 
411 0.573418 
412 0.501704 
413 2.368044 
414 -0.384864 
415 -0.606809 
416 -1.020164 
417 0.299773 
418 2.010388 
419 1.980214 
420 1.228940 
421 0.933157 
422 2.091966 
423 1.260699 
424 1.595226 
425 1.993581 
426 0.956686 
427 1.075293 
428 0.298878 
429 1.737818 
430 1.275344 
431 1.310930 
432 0.407264 
433 0.342981 
434 -0.240296 
435 -0.092959 
436 -0.811060 
437 -1.110854 
438 -1.652581 
439 1.417014 
440 -0.275162 
441 -0.936378 
442 0.075344 
443 0.184342 
444 1.045716 
445 -1.128727 
446 -1.263826 
447 -0.414473 
448 1.060184 
449 1.237006 
450 2.208519 
451 1.303440 
452 0.224343 
453 0.295872 
454 1.238968 
455 2.701055 
456 1.462297 
457 -0.008455 
458 2.088492 
459 -1.431340 
460 -1.749776 
461 -1.178822 
462 -0.170535 
463 -1.453226 
464 -1.718774 
465 -0.749018 
466 0.932135 
467 -1.072744 
468 -0.553294 
469 -0.459095 
470 1.454954 
471 -0.612125 
472 1.076200 
473 1.455934 
474 1.262207 
475 1.717984 
476 -0.320438 
477 1.113236 
478 1.270419 
479 2.495021 
480 1.674744 
481 1.367653 
482 1.710825 
483 1.527197 
484 2.683305 
485 0.047984 
486 0.062362 
487 -0.873282 
488 -0.294409 
489 -1.376559 
490 -0.909301 
491 -1.579735 
492 -0.824867 
493 -1.835199 
494 -0.292533 
495 -1.526770 
496 -0.585757 
497 -1.606162 
498 -0.449942 
499 -1.747704 
500 -0.255054 
501 -2.339373 
502 -0.469880 
503 -1.259265 
504 -1.539495 
505 -1.380843 
506 -1.006297 
507 -0.714693 
508 -1.690264 
509 -1.095675 
510 -0.988513 
511 -0.509650 
512 -0.482904 
513 -0.079561 
514 -2.159244 
515 -1.756710 
516 -0.900870 
517 -1.096672 
518 -0.762080 
519 -2.136477 
520 -1.247930 
521 -1.880443 
522 0.016761 
523 -1.422512 
524 -0.129472 
525 -0.399796 
526 -2.536619 
527 -0.861572 
528 0.381336 
529 2.307822 
530 -0.818268 
531 0.060604 
532 2.518917 
533 0.957116 
534 0.979237 
535 0.937066 
536 0.733286 
537 2.515915 
538 1.610154 
539 0.174183 
540 1.929932 
541 -0.754640 
542 0.293145 
543 2.325499 
544 2.619620 
545 1.226629 
546 -0.806137 
547 0.322631 
548 0.938671 
549 -0.514423 
550 -1.948717 
551 -1.447511 
552 -1.033888 
553 -1.327567 
554 -1.801244 
555 0.615845 
556 -0.840518 
557 -1.359751 
558 -1.529820 
559 -1.435171 
560 -1.065609 
561 -1.303100 
562 -1.514750 
563 -0.707383 
564 -1.059123 
565 -1.143480 
566 -1.403880 
567 -0.989183 
568 -0.698436 
569 -0.396764 
570 -2.350483 
571 -0.612107 
572 -1.608888 
573 -0.410466 
574 -1.726674 
575 -0.967047 
576 -2.381088 
577 -0.303831 
578 -0.194269 
579 -0.957195 
580 -0.662431 
581 -1.348217 
582 -1.175548 
583 -1.290610 
584 -1.137310 
585 -1.521181 
586 -1.174848 
587 -0.426874 
588 -2.663942 
589 -0.458533 
590 -0.772972 
591 0.566554 
592 -1.533803 
593 -0.174396 
594 0.915141 
595 2.318141 
596 -0.570477 
597 0.524610 
598 -0.693342 
599 -2.238513 
600 0.336391 
601 -2.237607 
602 -1.534282 
603 -0.795450 
604 -1.921345 
605 0.260933 
606 2.381335 
607 0.589688 
608 0.244225 
609 -0.172462 
610 -2.378824 
611 -1.630028 
612 -0.909680 
613 -0.398496 
614 -1.631750 
615 -1.818363 
616 -1.270782 
617 -0.923383 
618 -1.247477 
619 -0.982818 
620 -1.478204 
621 -1.604177 
622 -1.043726 
623 -1.311894 
624 -1.549225 
625 -1.404385 
626 -0.740841 
627 -1.152133 
628 -1.455928 
629 -1.034708 
630 -1.433808 
631 -1.129593 
632 -1.443068 
633 -1.453081 
634 -0.609077 
635 -1.229640 
636 -1.246767 
637 -1.162761 
638 -0.682488 
639 -1.854058 
640 -0.273998 
641 -1.366731 
642 -1.667094 
643 -1.758187 
644 0.033000 
645 -0.722957 
646 -1.514548 
647 -2.048299 
648 -0.651856 
649 -1.578989 
650 -1.750559 
651 -0.247432 
652 -0.392831 
653 -1.264488 
654 -1.679152 
655 -1.803671 
656 -1.677930 
657 -1.070842 
658 -0.591581 
659 -1.864683 
660 -0.525634 
661 -1.213402 
662 -1.688699 
663 -1.335531 
664 -0.967358 
665 -0.587001 
666 -2.019532 
667 -1.212434 
668 1.508607 
669 -1.391858 
670 -1.966835 
671 1.148292 
672 -0.990275 
673 1.891006 
674 2.231286 
675 0.809895 
676 0.274872 
677 -2.616398 
678 -1.248512 
679 0.391362 
680 -1.485690 
681 -1.775846 
682 -0.979056 
683 -0.181217 
684 -2.140317 
685 -1.102638 
686 -1.286084 
687 0.848754 
688 -0.733696 
689 -1.026922 
690 -2.710147 
691 0.011153 
692 -0.007806 
693 -1.566156 
694 -1.827048 
695 -1.280881 
696 0.215026 
697 -0.043117 
698 -1.578249 
699 -2.613088 
700 -1.194153 
701 -1.489467 
702 -1.228077 
703 -1.218555 
704 -1.280888 
705 -0.840935 
706 -1.157144 
707 -1.762170 
708 -1.832492 
709 -1.366297 
710 -1.479700 
711 -0.250132 
712 -1.599166 
713 -1.066641 
714 -0.751476 
715 -1.492015 
716 -1.152880 
717 -1.082031 
718 -1.323624 
719 -1.222531 
720 0.248362 
721 -1.450613 
722 -2.224222 
723 -1.288884 
724 -2.432813 
725 0.901846 
726 1.144385 
727 0.979056 
728 2.208228 
729 0.433038 
730 1.005425 
731 2.160987 
732 1.725806 
733 -1.012538 
734 -0.753034 
735 1.350726 
736 1.602088 
737 0.468663 
738 -2.446764 
739 -0.803333 
740 -1.329693 
741 -0.364685 
742 -2.102546 
743 -1.109569 
744 -1.887855 
745 -0.871704 
746 -0.479069 
747 -0.564208 
748 -1.497015 
749 -1.527344 
750 -1.083821 
751 0.099333 
752 0.154509 
753 3.178074 
754 -0.144138 
755 1.441889 
756 1.683385 
757 1.747768 
758 1.894495 
759 0.203241 
760 1.831815 
761 0.802160 
762 1.820349 
763 1.304886 
764 1.760435 
765 0.595466 
766 0.430517 
767 1.946671 
768 -1.972597 
769 -0.237247 
770 -0.104874 
771 -1.439434 
772 -1.942095 
773 -0.511300 
774 -1.123023 
775 -1.030531 
776 0.173383 
777 -1.299641 
778 -0.967648 
779 -2.134066 
780 -0.440516 
781 -1.328947 
782 -0.959034 
783 -1.647163 
784 -0.464350 
785 -2.672319 
786 1.068246 
787 -0.732282 
788 -0.388646 
789 -0.759159 
790 -1.345997 
791 -1.951465 
792 -0.666323 
793 -1.361806 
794 -1.493227 
795 -0.697867 
796 -2.803354 
797 -0.369010 
798 0.296112 
799 0.807051 
800 0.222981 
801 0.954126 
802 -0.009170 
803 1.380302 
804 0.542677 
805 1.125894 
806 -0.545904 
807 0.670425 
808 -0.795894 
809 -1.434711 
810 -1.748605 
811 -0.881930 
812 -1.205326 
813 -1.023061 
814 -0.873462 
815 -1.122730 
816 -1.067188 
817 -0.914678 
818 -1.105922 
819 -1.335887 
820 -2.019763 
821 -0.629253 
822 -0.742264 
823 -0.824895 
824 -1.570130 
825 -0.913338 
826 -0.806444 
827 -0.905569 
828 -0.812817 
829 1.208437 
830 1.752290 
831 1.259065 
832 -2.256315 
833 1.178573 
834 1.314292 
835 -1.266182 
836 -1.223167 
837 -0.441887 
838 -0.776161 
839 -0.946353 
840 -2.109987 
841 -1.909847 
842 0.201911 
843 0.536535 
844 -1.230925 
845 -2.574796 
846 0.247898 
847 0.070344 
848 -0.280640 
849 -2.494084 
850 -0.496239 
851 0.768455 
852 0.325448 
853 -0.883901 
854 0.240103 
855 -0.284948 
856 0.704429 
857 0.847337 
858 -0.745355 
859 -2.306256 
860 1.688998 
861 -0.333794 
862 -0.502143 
863 -1.313451 
864 -1.449257 
865 -1.682263 
866 -1.478828 
867 0.267341 
868 -1.760757 
869 -0.179666 
870 -0.338428 
871 -2.167508 
872 -2.232359 
873 -0.093331 
874 2.180115 
875 1.421531 
876 1.104660 
877 1.931443 
878 1.367190 
879 1.822215 
880 1.605544 
881 2.344898 
882 1.364898 
883 0.457920 
884 1.514811 
885 2.253786 
886 1.758844 
887 0.875820 
888 -1.119729 
889 -1.621341 
890 -0.120657 
891 -1.748781 
892 -0.094939 
893 -0.489923 
894 2.541975 
895 1.561159 
896 2.086835 
897 1.423481 
898 1.149525 
899 1.369459 
900 1.922332 
901 1.059277 
902 1.164492 
903 1.511053 
904 1.477118 
905 1.428787 
906 2.263383 
907 1.030505 
908 0.921152 
909 1.964428 
910 1.209065 
911 2.066675 
912 1.384912 
913 0.860424 
914 1.086079 
915 2.387678 
916 1.793444 
917 1.839654 
918 1.111078 
919 1.149796 
920 1.130214 
921 1.413630 
922 1.736851 
923 1.565772 
924 1.523384 
925 0.775644 
926 2.334817 
927 0.763718 
928 1.928249 
929 1.614530 
930 1.563987 
931 0.483027 
932 1.151009 
933 2.152141 
934 1.067139 
935 1.481775 
936 2.259434 
937 1.148129 
938 1.774678 
939 0.153809 
940 2.190335 
941 0.688510 
942 -0.045871 
943 -1.731433 
944 -1.450231 
945 -1.093564 
946 -1.855164 
947 -1.431616 
948 -1.360393 
949 -1.720684 
950 -1.469586 
951 -0.506624 
952 -1.424623 
953 -1.437146 
954 -0.984236 
955 -1.583369 
956 -2.056556 
957 -2.283854 
