3031 1
0 0.610816 
1 2.268442 
2 1.877393 
3 1.198422 
4 2.380720 
5 0.595959 
6 2.060647 
7 0.094567 
8 1.907463 
9 0.484896 
10 1.673641 
11 1.927586 
12 -0.499232 
13 2.179757 
14 2.168590 
15 1.811742 
16 0.906372 
17 2.427465 
18 -1.910493 
19 -1.423597 
20 -1.455203 
21 -1.635991 
22 -1.798056 
23 -1.876818 
24 -1.601188 
25 -1.054485 
26 -2.367152 
27 -1.863178 
28 -1.130242 
29 -1.728066 
30 -1.776762 
31 2.188733 
32 2.140895 
33 2.073985 
34 1.050392 
35 1.092431 
36 1.101239 
37 1.994590 
38 1.703817 
39 1.333710 
40 2.104050 
41 1.562833 
42 1.132711 
43 1.272878 
44 0.467968 
45 2.292708 
46 2.069949 
47 0.981207 
48 1.784693 
49 1.142094 
50 1.889659 
51 1.396275 
52 1.249152 
53 1.628765 
54 1.722855 
55 -2.091842 
56 -1.127690 
57 2.178271 
58 -1.663519 
59 -1.551463 
60 -2.250249 
61 -1.376746 
62 -0.714143 
63 -1.985819 
64 -1.432532 
65 -1.576966 
66 -1.752704 
67 2.088210 
68 0.980537 
69 1.913066 
70 1.933353 
71 1.178110 
72 1.323528 
73 2.501008 
74 -0.047530 
75 1.279513 
76 1.674257 
77 1.800786 
78 1.114091 
79 1.313248 
80 0.549466 
81 -0.854507 
82 2.180620 
83 2.135416 
84 0.063649 
85 1.367427 
86 1.636350 
87 2.263245 
88 1.413321 
89 1.466318 
90 1.375612 
91 1.922729 
92 1.345051 
93 1.953326 
94 1.962950 
95 -0.031896 
96 -0.393923 
97 -0.038515 
98 1.247481 
99 2.865225 
100 1.887742 
101 2.553956 
102 -0.077239 
103 -0.125336 
104 1.705464 
105 1.100792 
106 2.016758 
107 1.375440 
108 1.437565 
109 0.986591 
110 2.392187 
111 1.066344 
112 0.882161 
113 1.879144 
114 1.824178 
115 1.377236 
116 0.611356 
117 0.349691 
118 1.225265 
119 2.763655 
120 1.346550 
121 1.314800 
122 1.319932 
123 2.064543 
124 1.530790 
125 1.606963 
126 1.509212 
127 1.532089 
128 1.459077 
129 1.509083 
130 1.506435 
131 1.674423 
132 2.650098 
133 -0.527682 
134 0.903584 
135 1.428665 
136 1.744402 
137 1.794646 
138 0.818158 
139 1.651264 
140 1.728221 
141 -0.138578 
142 2.225684 
143 1.201669 
144 0.460296 
145 1.696155 
146 1.445295 
147 2.101432 
148 2.769576 
149 0.835251 
150 0.338147 
151 1.030762 
152 0.142851 
153 2.158220 
154 1.601270 
155 1.512218 
156 2.514007 
157 1.461408 
158 -0.178691 
159 1.133634 
160 1.712457 
161 2.563079 
162 0.345022 
163 0.239670 
164 1.767742 
165 1.640676 
166 1.049341 
167 -2.196771 
168 1.275227 
169 1.928792 
170 -1.501144 
171 -1.488978 
172 1.251438 
173 1.660123 
174 2.540862 
175 2.127993 
176 -2.298574 
177 1.967888 
178 -0.578268 
179 -0.182146 
180 1.847749 
181 1.924114 
182 1.707204 
183 -0.585930 
184 -2.317705 
185 -1.562997 
186 1.807223 
187 0.485380 
188 -1.088034 
189 0.108054 
190 1.924181 
191 2.272398 
192 1.904785 
193 -1.574123 
194 1.379182 
195 1.906297 
196 -1.770180 
197 2.229254 
198 -1.470470 
199 0.102679 
200 -1.704310 
201 2.102991 
202 0.513687 
203 1.662993 
204 -2.051255 
205 -1.905725 
206 -1.015827 
207 1.341383 
208 -1.412186 
209 2.426305 
210 2.200049 
211 1.345984 
212 1.141025 
213 0.144109 
214 2.964522 
215 -0.474043 
216 2.098899 
217 1.820070 
218 -0.128666 
219 1.278871 
220 1.316358 
221 2.218148 
222 0.344544 
223 1.728615 
224 -0.216763 
225 1.845694 
226 1.495797 
227 2.026036 
228 1.543836 
229 1.864587 
230 1.699641 
231 2.229003 
232 0.149284 
233 0.888933 
234 3.145053 
235 0.129025 
236 1.531515 
237 -0.549389 
238 1.136661 
239 2.492885 
240 1.110169 
241 2.003862 
242 2.005549 
243 0.054020 
244 1.846116 
245 1.064988 
246 1.816661 
247 1.926318 
248 2.047738 
249 -0.649926 
250 1.854635 
251 1.476203 
252 0.090416 
253 1.558274 
254 2.682085 
255 -0.375696 
256 0.216905 
257 0.828573 
258 -0.081715 
259 3.072942 
260 1.793369 
261 2.054881 
262 1.213394 
263 -1.084736 
264 1.782212 
265 1.242375 
266 2.060296 
267 0.270053 
268 -1.374396 
269 0.278658 
270 2.331119 
271 1.461010 
272 2.459093 
273 -0.273323 
274 1.166190 
275 1.413636 
276 1.655216 
277 -0.225326 
278 2.517119 
279 -0.735923 
280 2.267423 
281 -0.630413 
282 1.957009 
283 -0.194367 
284 2.286911 
285 0.496578 
286 2.057783 
287 1.079257 
288 -0.356374 
289 1.170269 
290 2.164520 
291 2.167543 
292 2.148887 
293 0.752858 
294 1.749088 
295 1.514468 
296 1.535928 
297 1.579636 
298 1.498018 
299 1.531719 
300 1.161257 
301 0.879025 
302 2.099562 
303 1.874928 
304 1.394700 
305 1.147133 
306 2.255238 
307 1.310112 
308 1.197656 
309 1.137683 
310 1.932073 
311 1.814417 
312 2.004282 
313 -0.910073 
314 2.292741 
315 -1.949172 
316 -2.034097 
317 1.474286 
318 0.263681 
319 -2.332472 
320 0.934058 
321 2.109793 
322 0.941437 
323 2.247768 
324 2.066838 
325 2.054240 
326 1.589683 
327 1.242120 
328 1.363880 
329 1.290720 
330 1.608371 
331 1.832125 
332 1.377514 
333 1.934438 
334 2.007082 
335 0.070065 
336 -0.020205 
337 0.290813 
338 1.412501 
339 2.732804 
340 1.982217 
341 2.688813 
342 0.088400 
343 0.069590 
344 1.698488 
345 1.601458 
346 1.097636 
347 2.096149 
348 1.510433 
349 1.589077 
350 1.343898 
351 1.782114 
352 1.048729 
353 0.915624 
354 1.888137 
355 1.847595 
356 1.813077 
357 0.708464 
358 0.419757 
359 2.306440 
360 1.987829 
361 1.274669 
362 1.307562 
363 1.305965 
364 1.908529 
365 1.422976 
366 1.440702 
367 1.371288 
368 1.511833 
369 1.411332 
370 1.536733 
371 1.523425 
372 1.982187 
373 2.186358 
374 -0.171165 
375 0.878999 
376 0.953450 
377 1.956301 
378 1.884172 
379 0.936671 
380 1.630686 
381 1.650896 
382 -0.121128 
383 2.131368 
384 1.633777 
385 0.492606 
386 1.818367 
387 1.669742 
388 1.460048 
389 1.960752 
390 2.254528 
391 0.740606 
392 0.568681 
393 2.591765 
394 1.319191 
395 1.289215 
396 1.911115 
397 1.092353 
398 1.676219 
399 1.782420 
400 -1.063641 
401 1.853745 
402 1.965987 
403 1.914892 
404 2.064867 
405 2.083962 
406 1.610497 
407 1.523434 
408 1.532734 
409 1.622251 
410 1.473626 
411 2.373564 
412 2.042273 
413 0.357111 
414 1.677965 
415 1.644430 
416 0.919693 
417 0.935747 
418 2.069991 
419 2.035799 
420 0.038531 
421 0.240505 
422 2.345177 
423 2.336244 
424 1.705463 
425 1.682439 
426 1.602405 
427 1.711039 
428 1.731218 
429 1.663468 
430 1.389240 
431 1.404780 
432 1.505302 
433 1.513888 
434 1.568711 
435 1.521560 
436 1.045352 
437 1.885472 
438 2.134306 
439 1.546317 
440 1.574199 
441 1.528017 
442 1.556749 
443 1.554157 
444 1.757458 
445 1.336931 
446 1.496849 
447 1.471982 
448 1.662970 
449 1.631892 
450 1.499753 
451 1.410779 
452 1.009903 
453 1.625581 
454 2.116935 
455 1.422554 
456 1.923272 
457 1.403733 
458 1.466683 
459 1.252328 
460 1.441923 
461 1.460421 
462 1.588062 
463 1.827090 
464 1.743028 
465 1.755226 
466 1.637559 
467 0.999994 
468 1.405840 
469 -1.842689 
470 -2.064258 
471 -2.281326 
472 -2.015417 
473 -1.878276 
474 -1.770927 
475 -2.347080 
476 -2.496361 
477 -1.967518 
478 -1.875836 
479 -1.661682 
480 -1.448304 
481 1.366034 
482 1.768071 
483 1.952512 
484 2.399575 
485 -1.110316 
486 -1.503765 
487 -0.956554 
488 -0.678924 
489 2.118744 
490 2.402230 
491 1.483893 
492 2.043336 
493 1.458202 
494 1.359291 
495 1.366210 
496 0.866226 
497 1.672536 
498 1.830050 
499 2.435140 
500 3.157953 
501 0.634695 
502 0.458120 
503 0.226506 
504 0.244707 
505 0.261931 
506 2.318229 
507 2.321475 
508 1.676930 
509 1.159985 
510 1.819315 
511 1.654088 
512 1.589715 
513 1.555875 
514 1.470362 
515 -2.081352 
516 -2.306623 
517 -2.271771 
518 -2.279023 
519 -2.321116 
520 -2.248497 
521 -2.510610 
522 -2.508961 
523 -2.442038 
524 -2.405606 
525 -2.353648 
526 -2.304212 
527 -1.813866 
528 -1.916198 
529 -1.900218 
530 -1.909791 
531 -1.799658 
532 -1.733599 
533 -2.025127 
534 -2.010945 
535 -1.358450 
536 -1.532041 
537 -1.525599 
538 -1.495499 
539 -2.136979 
540 -1.882145 
541 -2.086029 
542 -1.995429 
543 -1.814503 
544 -1.717041 
545 -1.844414 
546 -1.839885 
547 -1.647685 
548 -1.451711 
549 -2.445314 
550 1.742089 
551 1.185042 
552 1.535194 
553 1.564494 
554 1.555621 
555 1.499397 
556 1.500837 
557 1.398617 
558 1.329959 
559 1.976519 
560 1.370913 
561 1.633262 
562 1.594100 
563 1.633412 
564 1.558676 
565 1.559639 
566 1.637661 
567 1.563252 
568 1.608733 
569 1.519033 
570 1.535360 
571 1.686846 
572 1.659518 
573 1.611910 
574 1.590058 
575 1.365823 
576 1.627180 
577 1.543252 
578 1.624719 
579 1.588874 
580 1.996850 
581 1.977790 
582 0.956968 
583 0.988166 
584 0.771441 
585 0.756840 
586 2.024407 
587 2.170033 
588 1.620822 
589 1.722506 
590 1.401385 
591 1.520134 
592 1.910357 
593 1.646429 
594 -1.422001 
595 -1.746321 
596 -2.004042 
597 -2.018819 
598 -1.515355 
599 -1.558806 
600 -1.032257 
601 1.538542 
602 2.037892 
603 1.930949 
604 1.512408 
605 1.491007 
606 1.519572 
607 1.534628 
608 2.248949 
609 2.262500 
610 1.147995 
611 1.134227 
612 1.123223 
613 1.161048 
614 1.834770 
615 1.845559 
616 1.703667 
617 1.766625 
618 1.662394 
619 1.427296 
620 1.524645 
621 1.409843 
622 1.516506 
623 1.693071 
624 1.668762 
625 1.682554 
626 1.722130 
627 1.035312 
628 1.762730 
629 1.638494 
630 1.592422 
631 0.888239 
632 0.824516 
633 0.466975 
634 2.574039 
635 -1.831089 
636 -1.700041 
637 -1.650711 
638 -1.685705 
639 -1.651540 
640 -1.299007 
641 -1.701823 
642 -1.653810 
643 -2.317448 
644 -2.124367 
645 -1.962976 
646 -1.954176 
647 -2.132041 
648 -3.111106 
649 0.428331 
650 0.653951 
651 0.793472 
652 1.269527 
653 0.706846 
654 0.505691 
655 -2.963732 
656 -1.773713 
657 -2.076808 
658 -2.107053 
659 -2.063904 
660 -2.116440 
661 -1.831722 
662 -1.810574 
663 -2.020095 
664 -2.015435 
665 -2.036791 
666 -2.020854 
667 -1.131799 
668 -1.245123 
669 -1.736001 
670 -1.702134 
671 -2.156563 
672 -2.010438 
673 -1.955467 
674 -1.924015 
675 -1.534573 
676 -1.803781 
677 -2.072266 
678 -2.013929 
679 -0.442996 
680 -0.895594 
681 0.103522 
682 0.040253 
683 0.260463 
684 0.740986 
685 -1.843159 
686 2.356359 
687 -1.508765 
688 -1.672283 
689 -1.736483 
690 -1.674911 
691 -1.702892 
692 -1.280218 
693 -2.016086 
694 -2.128295 
695 -2.086224 
696 -2.336308 
697 -2.258643 
698 -0.873191 
699 -0.820654 
700 -0.801529 
701 -0.857827 
702 -2.372138 
703 -2.299835 
704 -2.263279 
705 -2.390483 
706 -1.246779 
707 -1.183735 
708 -1.219570 
709 -1.172730 
710 -1.106284 
711 -2.547915 
712 1.497687 
713 1.344647 
714 1.179687 
715 2.192432 
716 1.574085 
717 1.646767 
718 1.392478 
719 1.401496 
720 1.662202 
721 1.637073 
722 1.558696 
723 1.499449 
724 0.155787 
725 0.016498 
726 2.378675 
727 2.617661 
728 2.237041 
729 1.369427 
730 1.448543 
731 1.380557 
732 1.738430 
733 1.496059 
734 1.475255 
735 1.598786 
736 1.725221 
737 1.777969 
738 1.778667 
739 0.884061 
740 1.512894 
741 1.606723 
742 1.531941 
743 1.576002 
744 1.401492 
745 1.785774 
746 1.850051 
747 1.838799 
748 1.828966 
749 1.741012 
750 1.773402 
751 1.971121 
752 1.859988 
753 1.853164 
754 1.719389 
755 1.244336 
756 2.312889 
757 2.265221 
758 2.292814 
759 2.234389 
760 2.341449 
761 2.321389 
762 0.675430 
763 0.662961 
764 0.883645 
765 1.675016 
766 1.657273 
767 1.704793 
768 1.680134 
769 1.667413 
770 1.637600 
771 0.860057 
772 0.839042 
773 1.656086 
774 1.700941 
775 1.698079 
776 1.602761 
777 1.500111 
778 1.551750 
779 1.246009 
780 1.681930 
781 1.443021 
782 1.520653 
783 1.286412 
784 0.934452 
785 0.937487 
786 1.012035 
787 2.653893 
788 2.382972 
789 1.270359 
790 1.108380 
791 0.906478 
792 0.987613 
793 1.026783 
794 1.103243 
795 2.437697 
796 1.828803 
797 2.307263 
798 2.340827 
799 2.199873 
800 1.675579 
801 1.646562 
802 1.292891 
803 1.317757 
804 1.189739 
805 1.335948 
806 1.481848 
807 1.553365 
808 1.662120 
809 1.566219 
810 1.555524 
811 2.729623 
812 2.075889 
813 1.940217 
814 1.947328 
815 1.883520 
816 1.916475 
817 1.974052 
818 1.695879 
819 1.762320 
820 1.544593 
821 1.520452 
822 1.431546 
823 1.423874 
824 1.502760 
825 1.426083 
826 1.565140 
827 1.505822 
828 1.503859 
829 1.584146 
830 1.522445 
831 1.479411 
832 1.513174 
833 1.558380 
834 1.524584 
835 1.474784 
836 1.544663 
837 1.464437 
838 1.483666 
839 1.595336 
840 1.516140 
841 1.495765 
842 1.446416 
843 1.516532 
844 1.531049 
845 1.457254 
846 1.495351 
847 1.550772 
848 1.602453 
849 1.460786 
850 1.506715 
851 1.480670 
852 1.497438 
853 1.448576 
854 1.526323 
855 1.600603 
856 1.237599 
857 1.523526 
858 1.480316 
859 1.803790 
860 1.471281 
861 1.546453 
862 2.383164 
863 1.222213 
864 1.505594 
865 1.461654 
866 1.416581 
867 1.492609 
868 1.489822 
869 1.578375 
870 1.502092 
871 1.472312 
872 -1.584925 
873 -1.824431 
874 -1.747915 
875 -1.833618 
876 -2.295285 
877 -1.985205 
878 1.039258 
879 1.547066 
880 1.848366 
881 1.864881 
882 1.653011 
883 1.750186 
884 1.712755 
885 1.466425 
886 1.508288 
887 1.291710 
888 0.900872 
889 0.778277 
890 0.319521 
891 -0.360928 
892 -2.718555 
893 -2.677431 
894 -1.969227 
895 -1.940182 
896 -1.698948 
897 -1.864890 
898 -1.706765 
899 -1.701690 
900 -2.111027 
901 -2.034674 
902 -2.368036 
903 -2.386020 
904 -2.056716 
905 -1.934526 
906 -1.814401 
907 -1.547717 
908 1.056966 
909 1.364890 
910 1.206138 
911 -0.805181 
912 -0.926760 
913 -1.116639 
914 -1.119249 
915 -1.949759 
916 -0.699964 
917 -2.290826 
918 -2.337156 
919 -2.156530 
920 -2.840272 
921 0.952016 
922 1.272924 
923 1.371914 
924 1.141899 
925 -1.721570 
926 -2.019638 
927 -2.593733 
928 -2.269072 
929 -2.147370 
930 -1.210026 
931 1.968021 
932 1.837284 
933 1.470826 
934 1.362326 
935 1.468700 
936 1.982836 
937 1.948725 
938 1.689660 
939 -0.297061 
940 -0.454778 
941 -1.001956 
942 -1.186698 
943 -2.087605 
944 -1.285090 
945 -2.829970 
946 -2.677014 
947 -2.649790 
948 -2.057579 
949 -2.653165 
950 -2.615404 
951 -1.247462 
952 -1.645338 
953 -0.841985 
954 -0.474963 
955 2.524285 
956 1.087609 
957 1.586821 
958 1.660264 
959 1.818371 
960 1.741979 
961 1.580108 
962 1.636300 
963 1.229137 
964 1.733020 
965 0.933159 
966 1.035088 
967 2.266887 
968 1.469595 
969 1.399292 
970 1.383362 
971 1.939698 
972 1.782013 
973 2.322299 
974 2.208485 
975 -0.299599 
976 0.177335 
977 -0.026891 
978 0.038174 
979 0.318065 
980 1.313065 
981 1.660053 
982 1.670561 
983 1.675012 
984 2.257533 
985 -0.916378 
986 -1.153044 
987 -1.155802 
988 -1.033625 
989 -0.958095 
990 -0.429867 
991 2.829804 
992 1.892392 
993 1.653169 
994 1.683348 
995 1.663530 
996 1.753937 
997 1.739856 
998 1.824391 
999 1.858317 
1000 2.118809 
1001 2.056966 
1002 1.729792 
1003 1.444284 
1004 -1.506378 
1005 -2.043967 
1006 -2.051075 
1007 -1.571323 
1008 1.471824 
1009 1.850012 
1010 1.953980 
1011 1.775489 
1012 -1.043322 
1013 -1.592611 
1014 -1.613961 
1015 -2.513180 
1016 -1.744449 
1017 -1.690838 
1018 -2.054177 
1019 -2.031806 
1020 -2.209112 
1021 -1.754600 
1022 1.303048 
1023 1.787045 
1024 1.732320 
1025 1.693931 
1026 1.761237 
1027 1.669084 
1028 2.306746 
1029 2.273337 
1030 0.391621 
1031 0.096472 
1032 -0.159548 
1033 -0.304782 
1034 -2.430613 
1035 -2.715028 
1036 -3.161541 
1037 -0.227099 
1038 -0.267689 
1039 -0.624550 
1040 -0.847615 
1041 -0.942316 
1042 -0.699078 
1043 -0.356438 
1044 1.941522 
1045 1.784339 
1046 1.756081 
1047 1.632230 
1048 1.692471 
1049 1.604074 
1050 1.175380 
1051 2.371825 
1052 3.136156 
1053 0.270157 
1054 0.036956 
1055 -0.198010 
1056 -0.073334 
1057 1.892102 
1058 2.169300 
1059 1.362675 
1060 1.086156 
1061 -1.420494 
1062 -1.756977 
1063 -2.336838 
1064 -1.467358 
1065 -2.519841 
1066 -2.686161 
1067 -2.570475 
1068 -3.110527 
1069 -0.803696 
1070 -0.463225 
1071 -0.041584 
1072 0.214715 
1073 1.765793 
1074 1.925707 
1075 2.152405 
1076 2.682484 
1077 -0.509184 
1078 -0.507577 
1079 1.796869 
1080 1.956244 
1081 1.778907 
1082 1.737152 
1083 0.457316 
1084 0.667356 
1085 0.316588 
1086 0.274033 
1087 0.431755 
1088 0.547921 
1089 1.530734 
1090 1.115624 
1091 2.435770 
1092 1.646118 
1093 1.547177 
1094 1.537271 
1095 1.594149 
1096 1.550543 
1097 1.674177 
1098 1.502246 
1099 1.563854 
1100 1.580247 
1101 1.535659 
1102 1.441851 
1103 1.420141 
1104 1.546732 
1105 1.458313 
1106 1.586260 
1107 1.594205 
1108 1.470248 
1109 1.451978 
1110 1.542132 
1111 1.537254 
1112 1.617110 
1113 1.445311 
1114 1.446543 
1115 1.504317 
1116 1.560423 
1117 1.486356 
1118 1.344797 
1119 1.428771 
1120 0.901977 
1121 0.912557 
1122 0.898246 
1123 2.713668 
1124 1.830901 
1125 1.302167 
1126 1.314996 
1127 1.548884 
1128 1.606521 
1129 1.597138 
1130 1.578900 
1131 1.275298 
1132 1.381725 
1133 1.606772 
1134 1.536403 
1135 1.588490 
1136 2.119051 
1137 1.840622 
1138 1.797234 
1139 1.762203 
1140 1.763493 
1141 1.713064 
1142 1.716762 
1143 1.515479 
1144 1.965075 
1145 1.831374 
1146 1.643292 
1147 0.340012 
1148 1.402380 
1149 1.285374 
1150 1.308269 
1151 1.015669 
1152 0.377359 
1153 0.445714 
1154 1.416937 
1155 2.735749 
1156 2.337581 
1157 1.790857 
1158 1.372465 
1159 -1.120779 
1160 -1.766408 
1161 -1.784296 
1162 -1.254734 
1163 2.000578 
1164 1.574478 
1165 1.933186 
1166 1.865097 
1167 0.383529 
1168 0.525475 
1169 0.579493 
1170 0.847389 
1171 3.037920 
1172 1.886775 
1173 1.761900 
1174 1.704795 
1175 0.192229 
1176 1.221384 
1177 0.871524 
1178 0.845489 
1179 1.477303 
1180 0.077169 
1181 2.498853 
1182 2.514155 
1183 1.291158 
1184 1.413650 
1185 1.366825 
1186 1.940107 
1187 2.185095 
1188 1.735949 
1189 1.480836 
1190 1.585217 
1191 1.495531 
1192 1.577986 
1193 1.491901 
1194 1.590128 
1195 1.536938 
1196 1.502878 
1197 1.626961 
1198 1.491674 
1199 1.409759 
1200 1.579117 
1201 1.607475 
1202 1.456603 
1203 1.406032 
1204 1.355799 
1205 1.251691 
1206 1.630840 
1207 1.741127 
1208 2.726046 
1209 2.398722 
1210 -0.361868 
1211 -0.473874 
1212 -0.748846 
1213 -0.640541 
1214 0.498110 
1215 0.793305 
1216 0.278731 
1217 0.577595 
1218 1.981786 
1219 1.920988 
1220 1.111611 
1221 1.260716 
1222 1.749711 
1223 1.915298 
1224 1.197977 
1225 1.236512 
1226 1.703320 
1227 1.871108 
1228 1.779344 
1229 1.706200 
1230 1.221677 
1231 1.296754 
1232 1.270403 
1233 1.292438 
1234 1.733665 
1235 1.783248 
1236 1.415028 
1237 1.494821 
1238 1.514145 
1239 2.181512 
1240 1.715849 
1241 1.665550 
1242 1.660455 
1243 1.472625 
1244 1.677734 
1245 1.662853 
1246 1.676628 
1247 0.991889 
1248 1.196530 
1249 1.340448 
1250 1.272295 
1251 2.128565 
1252 1.784730 
1253 1.448802 
1254 1.445184 
1255 1.484217 
1256 2.254299 
1257 0.842476 
1258 0.795806 
1259 1.890865 
1260 1.659039 
1261 1.688775 
1262 1.592951 
1263 0.966604 
1264 1.365897 
1265 1.398354 
1266 1.424860 
1267 1.829489 
1268 1.522314 
1269 1.546749 
1270 1.466897 
1271 1.469199 
1272 1.255871 
1273 1.705548 
1274 1.792883 
1275 1.684939 
1276 2.891521 
1277 0.786722 
1278 0.825738 
1279 0.719765 
1280 1.332892 
1281 1.528324 
1282 1.523818 
1283 1.522393 
1284 0.926568 
1285 1.666099 
1286 1.721371 
1287 1.684479 
1288 1.489156 
1289 1.414337 
1290 1.471391 
1291 2.050611 
1292 -1.401886 
1293 -1.300000 
1294 -1.066634 
1295 -0.979947 
1296 -0.594581 
1297 -0.670883 
1298 -2.377364 
1299 -2.514444 
1300 -1.882417 
1301 -1.767286 
1302 -1.749495 
1303 -1.802452 
1304 -1.930028 
1305 -1.959041 
1306 -1.919922 
1307 -1.906970 
1308 -2.282485 
1309 -2.161708 
1310 -1.224499 
1311 -1.095663 
1312 -1.032535 
1313 -0.991313 
1314 -2.253287 
1315 -2.287213 
1316 -1.943571 
1317 -1.856947 
1318 -2.133942 
1319 -2.179416 
1320 -1.815892 
1321 -1.834017 
1322 -1.811017 
1323 -2.204501 
1324 -2.545707 
1325 -2.432798 
1326 -0.627493 
1327 -0.516850 
1328 -0.099457 
1329 0.132651 
1330 2.110571 
1331 2.254631 
1332 1.815812 
1333 1.763392 
1334 1.710346 
1335 1.871047 
1336 1.549608 
1337 1.540454 
1338 1.477795 
1339 -2.478523 
1340 -3.156988 
1341 -0.505484 
1342 -0.078936 
1343 -0.044851 
1344 -0.004034 
1345 -0.001812 
1346 -0.937086 
1347 -3.266749 
1348 -2.250290 
1349 -2.037818 
1350 -1.969503 
1351 -2.013864 
1352 -2.056388 
1353 -2.561387 
1354 -2.597267 
1355 -1.516340 
1356 -1.790418 
1357 -1.592770 
1358 -1.593246 
1359 -1.694398 
1360 -1.643835 
1361 -1.693541 
1362 -1.741910 
1363 -1.834082 
1364 -1.679566 
1365 -1.863080 
1366 -1.767913 
1367 -1.727901 
1368 -1.775770 
1369 -1.657555 
1370 -1.674758 
1371 -1.988568 
1372 -1.919199 
1373 -1.899590 
1374 -1.876220 
1375 -1.843736 
1376 -2.641607 
1377 -1.161208 
1378 -1.143549 
1379 -1.086963 
1380 -0.715542 
1381 -1.916547 
1382 -1.859272 
1383 -2.370035 
1384 -2.233111 
1385 -2.189248 
1386 -2.175315 
1387 -2.092844 
1388 -2.803371 
1389 -1.073211 
1390 -1.024931 
1391 -1.043681 
1392 -1.509917 
1393 -1.501467 
1394 -1.255659 
1395 -1.174924 
1396 -0.363020 
1397 -2.866402 
1398 -1.697639 
1399 -1.771437 
1400 -1.902788 
1401 -1.853891 
1402 -1.849350 
1403 -1.769386 
1404 -0.270542 
1405 0.422332 
1406 1.249842 
1407 1.514956 
1408 1.397715 
1409 1.595224 
1410 1.697669 
1411 2.010844 
1412 1.782429 
1413 1.801883 
1414 1.775100 
1415 2.022460 
1416 1.610381 
1417 1.041546 
1418 0.223639 
1419 -0.492995 
1420 -1.851302 
1421 -1.934048 
1422 -1.534014 
1423 -1.550856 
1424 -2.396046 
1425 -2.351121 
1426 -2.364270 
1427 -1.805783 
1428 -1.230179 
1429 -1.318673 
1430 -2.076663 
1431 -2.068792 
1432 -1.876009 
1433 -1.905436 
1434 -1.973726 
1435 -1.988584 
1436 -1.872462 
1437 -1.751453 
1438 -1.733137 
1439 -1.794536 
1440 -1.776819 
1441 -1.797284 
1442 -1.596474 
1443 -1.588656 
1444 -1.789451 
1445 -1.775014 
1446 -2.322681 
1447 -2.294423 
1448 -2.011703 
1449 -2.104664 
1450 -1.942151 
1451 -1.651690 
1452 1.778964 
1453 1.584877 
1454 1.549056 
1455 1.627917 
1456 2.264860 
1457 2.160506 
1458 0.640117 
1459 0.547834 
1460 1.006601 
1461 1.042910 
1462 1.882779 
1463 1.950482 
1464 1.701249 
1465 1.933868 
1466 1.877897 
1467 0.041885 
1468 0.042619 
1469 0.199659 
1470 0.475880 
1471 3.479192 
1472 2.484288 
1473 1.344080 
1474 1.273082 
1475 1.235647 
1476 1.413935 
1477 1.497501 
1478 1.588452 
1479 1.704113 
1480 1.344456 
1481 1.864943 
1482 1.903757 
1483 1.327077 
1484 2.010602 
1485 1.842919 
1486 1.630162 
1487 0.217938 
1488 0.273166 
1489 0.390262 
1490 0.626348 
1491 3.285151 
1492 1.912069 
1493 1.908661 
1494 1.176415 
1495 1.230392 
1496 1.322805 
1497 1.281584 
1498 1.767797 
1499 1.770666 
1500 1.478489 
1501 1.527357 
1502 1.507275 
1503 2.054479 
1504 1.199505 
1505 1.583371 
1506 1.604786 
1507 1.511605 
1508 1.015712 
1509 0.660976 
1510 -2.180522 
1511 -2.366433 
1512 -2.059900 
1513 -1.977616 
1514 -1.819654 
1515 -1.876163 
1516 -2.494680 
1517 -2.491825 
1518 -1.717860 
1519 -1.716570 
1520 -1.944373 
1521 -1.670222 
1522 1.378723 
1523 1.880135 
1524 1.684526 
1525 1.236283 
1526 -1.562306 
1527 -1.921287 
1528 -1.422657 
1529 -1.887954 
1530 -2.436632 
1531 -2.272186 
1532 0.393051 
1533 0.948180 
1534 2.029982 
1535 2.310617 
1536 1.787284 
1537 1.686005 
1538 1.687860 
1539 1.735452 
1540 1.323042 
1541 1.029022 
1542 1.086361 
1543 1.520560 
1544 2.016139 
1545 2.017223 
1546 1.272777 
1547 1.280741 
1548 1.699940 
1549 1.584404 
1550 1.678092 
1551 1.683991 
1552 1.769461 
1553 1.823264 
1554 1.535040 
1555 1.505437 
1556 2.274454 
1557 2.150805 
1558 0.823702 
1559 0.676873 
1560 1.123366 
1561 2.023231 
1562 1.957331 
1563 0.427746 
1564 0.492476 
1565 0.612533 
1566 0.917184 
1567 2.412201 
1568 2.390437 
1569 0.310061 
1570 -0.075974 
1571 -0.734245 
1572 -0.656587 
1573 -0.750859 
1574 0.654059 
1575 -2.220523 
1576 -1.658143 
1577 -1.629745 
1578 -1.703015 
1579 -1.554497 
1580 -0.930191 
1581 -2.069035 
1582 -2.116552 
1583 -2.080207 
1584 -2.297113 
1585 -1.538869 
1586 -1.554212 
1587 -1.548493 
1588 -1.307615 
1589 -2.025600 
1590 -2.077146 
1591 -1.958960 
1592 -3.223125 
1593 -0.209625 
1594 0.182572 
1595 0.284041 
1596 0.254287 
1597 0.192558 
1598 -0.032517 
1599 -3.252592 
1600 -2.235929 
1601 -2.323893 
1602 -2.383708 
1603 -0.904971 
1604 -1.215206 
1605 -1.419522 
1606 -1.499816 
1607 -2.607813 
1608 -2.433248 
1609 -2.120410 
1610 -1.883578 
1611 0.940214 
1612 1.411400 
1613 1.556547 
1614 1.568727 
1615 1.967944 
1616 1.682804 
1617 1.819602 
1618 1.720748 
1619 1.842205 
1620 2.001344 
1621 1.901901 
1622 1.706601 
1623 -1.824757 
1624 -1.425657 
1625 -1.910280 
1626 -2.003740 
1627 -2.019349 
1628 -2.434960 
1629 -2.541280 
1630 -0.830400 
1631 0.354975 
1632 1.285680 
1633 1.319710 
1634 1.220648 
1635 1.385930 
1636 1.363587 
1637 0.343922 
1638 -0.332443 
1639 -0.448824 
1640 0.000634 
1641 0.110574 
1642 2.331372 
1643 2.582304 
1644 2.050858 
1645 2.074006 
1646 1.412047 
1647 1.489981 
1648 1.711848 
1649 1.780718 
1650 1.662816 
1651 1.588273 
1652 1.474130 
1653 1.513621 
1654 2.010514 
1655 1.755518 
1656 -1.081398 
1657 -1.545517 
1658 -2.246125 
1659 -2.230234 
1660 -1.931946 
1661 -1.852267 
1662 -1.960522 
1663 -1.994612 
1664 -2.338925 
1665 -2.339784 
1666 -2.086413 
1667 -2.133183 
1668 -1.740551 
1669 -1.684570 
1670 -1.716472 
1671 -1.822127 
1672 -1.991387 
1673 -1.988248 
1674 -2.095706 
1675 -2.126158 
1676 -2.218421 
1677 -2.110053 
1678 -1.922531 
1679 -1.866782 
1680 -1.554098 
1681 0.034867 
1682 2.131140 
1683 2.148586 
1684 1.666266 
1685 1.767695 
1686 1.716460 
1687 1.381112 
1688 -1.404721 
1689 -1.878265 
1690 -1.966305 
1691 -2.166013 
1692 -2.444421 
1693 0.430270 
1694 0.853661 
1695 1.341740 
1696 0.838691 
1697 0.946369 
1698 2.103129 
1699 1.878135 
1700 2.432930 
1701 -0.175918 
1702 -0.670016 
1703 -0.832093 
1704 -1.102338 
1705 -1.874942 
1706 -1.854369 
1707 -0.554048 
1708 -0.347505 
1709 1.704488 
1710 1.857314 
1711 2.088172 
1712 1.594344 
1713 1.547757 
1714 1.544303 
1715 1.595915 
1716 2.639148 
1717 1.078510 
1718 1.061939 
1719 0.986314 
1720 0.438094 
1721 1.729941 
1722 1.849622 
1723 1.937989 
1724 1.847728 
1725 1.450615 
1726 1.399020 
1727 1.584702 
1728 2.092224 
1729 2.007313 
1730 0.897432 
1731 0.958572 
1732 1.437100 
1733 1.828322 
1734 1.726938 
1735 1.650584 
1736 1.673782 
1737 1.673358 
1738 1.615711 
1739 1.372924 
1740 1.526233 
1741 1.513626 
1742 1.575882 
1743 1.539419 
1744 1.310809 
1745 1.295559 
1746 1.685858 
1747 1.742159 
1748 1.502785 
1749 1.522601 
1750 1.559101 
1751 1.460605 
1752 1.553461 
1753 1.630866 
1754 1.511432 
1755 1.561761 
1756 1.497625 
1757 1.580364 
1758 1.486548 
1759 1.473041 
1760 1.346087 
1761 1.232171 
1762 1.733306 
1763 1.748829 
1764 0.968301 
1765 2.156354 
1766 2.191250 
1767 1.356732 
1768 1.837836 
1769 1.451107 
1770 1.418797 
1771 1.354678 
1772 1.564049 
1773 1.476300 
1774 1.494662 
1775 1.554866 
1776 1.347852 
1777 1.516414 
1778 1.485836 
1779 1.705892 
1780 1.546227 
1781 1.473355 
1782 1.468611 
1783 1.568412 
1784 2.030277 
1785 1.761793 
1786 1.711356 
1787 1.665866 
1788 1.865371 
1789 1.870186 
1790 1.833347 
1791 0.454081 
1792 1.299361 
1793 1.536417 
1794 1.574279 
1795 1.471651 
1796 0.375114 
1797 2.274242 
1798 2.167316 
1799 2.286522 
1800 1.709462 
1801 1.587474 
1802 1.539939 
1803 1.082986 
1804 0.539516 
1805 1.741571 
1806 1.721029 
1807 1.802383 
1808 2.038811 
1809 1.257648 
1810 1.199352 
1811 1.524682 
1812 1.123088 
1813 1.770654 
1814 1.835788 
1815 1.589603 
1816 2.917274 
1817 -0.356714 
1818 -0.987105 
1819 -1.761138 
1820 -2.456245 
1821 -1.459785 
1822 -1.067426 
1823 -0.326335 
1824 -0.510282 
1825 2.037098 
1826 2.200891 
1827 1.476710 
1828 1.276181 
1829 1.812745 
1830 1.837538 
1831 1.850472 
1832 2.297154 
1833 1.372478 
1834 1.308728 
1835 1.262658 
1836 1.609263 
1837 1.466988 
1838 1.495278 
1839 1.557040 
1840 1.681466 
1841 1.519507 
1842 1.544314 
1843 1.356186 
1844 1.552883 
1845 1.507866 
1846 1.540074 
1847 1.467390 
1848 2.275961 
1849 -1.839271 
1850 -1.690281 
1851 -1.744460 
1852 -1.864043 
1853 -1.811171 
1854 -1.696471 
1855 -2.010595 
1856 -2.247423 
1857 -2.246934 
1858 -2.007940 
1859 -1.990388 
1860 -0.306848 
1861 0.105764 
1862 0.879644 
1863 1.009052 
1864 0.964052 
1865 0.893534 
1866 1.333395 
1867 2.271140 
1868 1.037092 
1869 0.787167 
1870 -2.288510 
1871 -2.446277 
1872 -2.001995 
1873 -2.088541 
1874 -1.776823 
1875 -1.712563 
1876 -1.795769 
1877 -1.898023 
1878 -1.684466 
1879 -1.515808 
1880 -1.809573 
1881 -1.840371 
1882 -1.859434 
1883 -1.910519 
1884 -1.851845 
1885 -1.816662 
1886 -1.732462 
1887 -1.805726 
1888 -1.819758 
1889 -1.752876 
1890 -1.750294 
1891 -1.803037 
1892 -1.694321 
1893 -1.717130 
1894 -2.202006 
1895 -2.259821 
1896 -1.872517 
1897 -1.930538 
1898 -1.997039 
1899 -1.718402 
1900 -1.562025 
1901 -1.644755 
1902 -1.863783 
1903 -1.875778 
1904 -1.575657 
1905 -1.503133 
1906 1.869153 
1907 1.784792 
1908 1.569049 
1909 1.525507 
1910 1.564328 
1911 1.525993 
1912 1.605613 
1913 1.576784 
1914 1.584959 
1915 1.448696 
1916 2.470580 
1917 1.102874 
1918 0.976419 
1919 1.293830 
1920 0.671137 
1921 1.851759 
1922 1.958258 
1923 1.615681 
1924 2.154494 
1925 -1.200937 
1926 -1.541237 
1927 -2.464367 
1928 -2.308192 
1929 -1.465999 
1930 -0.978573 
1931 2.111572 
1932 1.841722 
1933 1.929546 
1934 1.577917 
1935 0.725354 
1936 0.481556 
1937 1.780611 
1938 1.886451 
1939 1.931521 
1940 2.219693 
1941 1.285325 
1942 1.208578 
1943 1.405508 
1944 1.923375 
1945 1.349689 
1946 1.386350 
1947 1.525386 
1948 0.737976 
1949 2.186884 
1950 2.197362 
1951 1.093384 
1952 1.666382 
1953 1.508171 
1954 1.478495 
1955 1.532307 
1956 1.700841 
1957 1.886546 
1958 1.972670 
1959 1.806627 
1960 1.796973 
1961 1.769406 
1962 1.803664 
1963 1.526088 
1964 1.618885 
1965 1.637721 
1966 2.259029 
1967 2.276684 
1968 2.374500 
1969 2.248935 
1970 0.810626 
1971 0.758543 
1972 0.808558 
1973 0.834926 
1974 1.977416 
1975 2.084072 
1976 1.489899 
1977 1.498470 
1978 1.545714 
1979 1.484555 
1980 1.586875 
1981 1.612913 
1982 1.436934 
1983 1.400741 
1984 1.170184 
1985 1.196148 
1986 1.734386 
1987 1.840217 
1988 1.921093 
1989 1.925156 
1990 1.170905 
1991 1.195999 
1992 2.077198 
1993 1.938602 
1994 0.943542 
1995 0.812097 
1996 0.569397 
1997 0.497517 
1998 2.182368 
1999 2.314551 
2000 1.786456 
2001 2.133519 
2002 1.485232 
2003 1.487455 
2004 1.818649 
2005 1.712853 
2006 1.701547 
2007 2.063291 
2008 -1.739775 
2009 -1.869636 
2010 -1.857944 
2011 -1.833359 
2012 -2.330244 
2013 -2.152662 
2014 -0.807000 
2015 -0.770272 
2016 -0.835640 
2017 -1.088388 
2018 -1.165286 
2019 -2.910823 
2020 -2.181149 
2021 -2.101014 
2022 -2.161961 
2023 -1.169254 
2024 -1.279015 
2025 -1.234455 
2026 -1.240817 
2027 -2.698194 
2028 -2.502627 
2029 -2.142164 
2030 -2.076548 
2031 0.224795 
2032 -0.046354 
2033 0.000032 
2034 -0.238026 
2035 -0.656664 
2036 -2.519933 
2037 -2.296780 
2038 -2.035928 
2039 1.187846 
2040 1.562424 
2041 1.976191 
2042 1.888358 
2043 0.568643 
2044 0.616282 
2045 -0.043804 
2046 -0.320438 
2047 -3.182570 
2048 -1.852750 
2049 -1.916783 
2050 -2.049698 
2051 -2.105531 
2052 -2.214886 
2053 -1.651692 
2054 -1.622751 
2055 -1.571445 
2056 -1.496516 
2057 -1.538028 
2058 -1.699575 
2059 2.277988 
2060 1.779168 
2061 1.637467 
2062 1.599619 
2063 1.668758 
2064 1.562714 
2065 1.544235 
2066 1.553774 
2067 1.505903 
2068 1.693083 
2069 1.642077 
2070 1.708671 
2071 1.709155 
2072 1.848646 
2073 1.831342 
2074 1.139112 
2075 1.138024 
2076 1.199707 
2077 1.173180 
2078 1.764451 
2079 1.767317 
2080 1.326605 
2081 1.362989 
2082 1.910318 
2083 1.850042 
2084 2.312210 
2085 2.214271 
2086 0.046545 
2087 -0.112059 
2088 -0.005268 
2089 0.298859 
2090 1.792483 
2091 1.727989 
2092 0.505755 
2093 0.614373 
2094 2.098562 
2095 2.126329 
2096 1.774282 
2097 1.761572 
2098 1.426768 
2099 1.317639 
2100 1.738546 
2101 1.753002 
2102 1.675465 
2103 1.679103 
2104 1.935048 
2105 1.507712 
2106 1.433496 
2107 1.157304 
2108 1.407608 
2109 1.399490 
2110 2.251611 
2111 -1.192731 
2112 -1.643084 
2113 -1.747753 
2114 -1.807423 
2115 -1.665563 
2116 -1.216915 
2117 -2.074381 
2118 -2.109577 
2119 -2.218141 
2120 -2.104922 
2121 -2.300697 
2122 -2.302281 
2123 -1.724179 
2124 -2.029289 
2125 -1.932551 
2126 -1.907762 
2127 -0.792248 
2128 -0.941298 
2129 -1.716543 
2130 -1.801549 
2131 -2.165394 
2132 -2.434365 
2133 -1.696167 
2134 -1.546336 
2135 1.204581 
2136 2.013314 
2137 1.826019 
2138 1.129337 
2139 0.942268 
2140 0.986549 
2141 0.868313 
2142 -2.104545 
2143 -2.688952 
2144 -2.707490 
2145 -2.132551 
2146 0.649206 
2147 1.114867 
2148 1.949244 
2149 1.867310 
2150 1.409511 
2151 1.591045 
2152 2.265112 
2153 2.096174 
2154 0.324550 
2155 0.087430 
2156 -0.167278 
2157 -0.392944 
2158 -2.415641 
2159 -2.603803 
2160 -3.060734 
2161 -1.331213 
2162 0.091120 
2163 0.251023 
2164 0.717441 
2165 0.783719 
2166 0.674001 
2167 0.797676 
2168 1.241409 
2169 1.306395 
2170 0.895097 
2171 0.717918 
2172 0.386496 
2173 -0.156809 
2174 -2.334733 
2175 -2.813147 
2176 -2.619045 
2177 -2.404248 
2178 -0.697374 
2179 -0.635689 
2180 -0.710780 
2181 -0.836750 
2182 -2.606307 
2183 -2.608624 
2184 -2.477327 
2185 -2.413135 
2186 -1.695297 
2187 -1.777297 
2188 -1.818152 
2189 -1.976814 
2190 -2.071703 
2191 -2.074533 
2192 -2.010374 
2193 -1.987725 
2194 -2.006985 
2195 -1.955984 
2196 -2.021641 
2197 -1.669731 
2198 1.472306 
2199 2.016187 
2200 1.751837 
2201 1.696056 
2202 2.231183 
2203 2.273679 
2204 2.221713 
2205 1.924009 
2206 1.890430 
2207 1.713590 
2208 1.914044 
2209 1.703767 
2210 1.687474 
2211 1.665102 
2212 -0.142091 
2213 -1.961101 
2214 -1.940763 
2215 -1.918807 
2216 -1.801832 
2217 -1.810910 
2218 -1.800227 
2219 -1.256520 
2220 -1.695277 
2221 -1.664278 
2222 -1.634083 
2223 -1.393970 
2224 -0.955699 
2225 -1.972102 
2226 -1.997762 
2227 -1.971728 
2228 -1.954828 
2229 -1.591362 
2230 -1.548768 
2231 -1.556882 
2232 -1.800048 
2233 -1.556029 
2234 -1.559119 
2235 -1.549453 
2236 -1.340558 
2237 -2.063276 
2238 -2.121498 
2239 -2.076144 
2240 -2.038646 
2241 -2.049620 
2242 -2.023228 
2243 -2.067674 
2244 -1.851048 
2245 -1.796228 
2246 -1.558375 
2247 -1.513184 
2248 -1.559632 
2249 -1.491745 
2250 -1.809542 
2251 -1.846073 
2252 -1.750019 
2253 -1.728660 
2254 -1.730470 
2255 -1.786486 
2256 -1.728058 
2257 -1.661320 
2258 -1.918787 
2259 -1.896822 
2260 -2.247110 
2261 -2.237200 
2262 -2.274946 
2263 -1.950893 
2264 1.892760 
2265 1.791711 
2266 1.850619 
2267 1.781839 
2268 2.129670 
2269 2.069674 
2270 0.618694 
2271 0.737154 
2272 1.460786 
2273 1.611667 
2274 1.589530 
2275 1.180597 
2276 1.654732 
2277 1.485532 
2278 1.373935 
2279 1.444582 
2280 1.529231 
2281 1.425654 
2282 1.537238 
2283 1.518716 
2284 1.572144 
2285 1.563854 
2286 1.514287 
2287 1.494649 
2288 1.546896 
2289 1.402451 
2290 1.558788 
2291 1.505883 
2292 1.395326 
2293 1.377209 
2294 1.581307 
2295 1.644506 
2296 0.592582 
2297 0.705793 
2298 2.012603 
2299 2.119680 
2300 1.769049 
2301 1.718235 
2302 1.240774 
2303 1.251159 
2304 1.252423 
2305 1.252092 
2306 1.215772 
2307 2.118834 
2308 1.622128 
2309 1.659046 
2310 1.551029 
2311 1.140009 
2312 1.337188 
2313 1.434981 
2314 2.512819 
2315 0.444112 
2316 1.245958 
2317 1.420096 
2318 1.632502 
2319 1.471655 
2320 1.715277 
2321 0.639717 
2322 0.470877 
2323 0.382718 
2324 0.467060 
2325 0.572686 
2326 0.652834 
2327 2.648842 
2328 1.911000 
2329 0.683197 
2330 0.545413 
2331 -2.458185 
2332 -2.199360 
2333 -2.082818 
2334 -2.180863 
2335 -2.166399 
2336 -2.260283 
2337 -1.762960 
2338 -1.909129 
2339 -1.992634 
2340 -1.836481 
2341 -1.916961 
2342 -2.133866 
2343 -2.253117 
2344 -2.551485 
2345 -2.344377 
2346 -0.675522 
2347 -0.550265 
2348 -0.093004 
2349 0.160841 
2350 2.239462 
2351 2.464597 
2352 1.755891 
2353 1.763697 
2354 1.695712 
2355 1.735244 
2356 2.150425 
2357 2.046535 
2358 1.025002 
2359 0.936086 
2360 2.017259 
2361 1.807740 
2362 -0.506119 
2363 -0.754509 
2364 -1.387251 
2365 -1.157489 
2366 0.997095 
2367 1.301197 
2368 1.398944 
2369 1.342963 
2370 1.562191 
2371 0.990232 
2372 1.615794 
2373 1.690233 
2374 1.521016 
2375 1.587632 
2376 1.660590 
2377 1.613648 
2378 1.530173 
2379 1.458506 
2380 1.424680 
2381 1.425693 
2382 1.676533 
2383 1.638831 
2384 1.596354 
2385 1.570712 
2386 1.469925 
2387 1.497550 
2388 0.710741 
2389 0.674760 
2390 2.082590 
2391 2.045524 
2392 1.550048 
2393 1.459386 
2394 1.448162 
2395 1.476687 
2396 2.168839 
2397 1.983218 
2398 0.621762 
2399 0.523467 
2400 1.465573 
2401 1.433697 
2402 1.540980 
2403 1.654042 
2404 1.467449 
2405 1.539026 
2406 2.475552 
2407 2.386747 
2408 2.425239 
2409 1.747520 
2410 1.740758 
2411 1.698522 
2412 3.204626 
2413 0.152147 
2414 0.055011 
2415 -0.219108 
2416 -0.341468 
2417 -1.937486 
2418 -2.049091 
2419 -1.818530 
2420 -1.337500 
2421 -1.305914 
2422 2.153511 
2423 -2.565997 
2424 -2.081854 
2425 -2.019636 
2426 -1.960200 
2427 -2.044656 
2428 -2.790304 
2429 -1.194049 
2430 -1.135007 
2431 -0.628311 
2432 -1.480299 
2433 -0.774226 
2434 -0.736139 
2435 -0.960275 
2436 -0.079099 
2437 -2.053149 
2438 -2.055410 
2439 -2.376909 
2440 -2.294813 
2441 -1.658250 
2442 -1.629222 
2443 -1.621530 
2444 -1.665910 
2445 -0.818105 
2446 -0.570052 
2447 -0.662964 
2448 -0.029224 
2449 -1.659844 
2450 -1.822252 
2451 -2.091428 
2452 -1.714300 
2453 -1.639577 
2454 -1.736907 
2455 -1.572192 
2456 -1.538653 
2457 -1.890688 
2458 -1.938495 
2459 -1.880909 
2460 -3.225925 
2461 -0.127024 
2462 0.207433 
2463 1.063514 
2464 1.675822 
2465 0.033008 
2466 -0.113052 
2467 -0.626510 
2468 -0.065721 
2469 -1.751064 
2470 -1.879255 
2471 -2.137846 
2472 -1.999667 
2473 -2.012887 
2474 -2.082143 
2475 -1.821519 
2476 -1.836122 
2477 -1.819362 
2478 -1.810550 
2479 -1.847023 
2480 -1.826900 
2481 -1.971599 
2482 -1.891759 
2483 -1.958231 
2484 -2.561909 
2485 -2.605343 
2486 -1.278425 
2487 -1.301342 
2488 -1.814612 
2489 -1.880505 
2490 -1.309017 
2491 -1.267349 
2492 -0.978845 
2493 -0.981737 
2494 -2.063860 
2495 -2.259475 
2496 -1.961460 
2497 -1.964212 
2498 -1.530883 
2499 -1.525173 
2500 -1.211370 
2501 -1.275467 
2502 -2.164864 
2503 -2.188703 
2504 -2.501404 
2505 -2.279853 
2506 -0.360455 
2507 -0.295389 
2508 -0.614622 
2509 -0.437025 
2510 -0.038440 
2511 2.063538 
2512 1.981861 
2513 1.791504 
2514 -0.499197 
2515 -0.699779 
2516 -1.109555 
2517 -1.268186 
2518 -1.691199 
2519 -1.931177 
2520 -2.704133 
2521 -2.603837 
2522 -2.623950 
2523 0.135988 
2524 -2.527835 
2525 -1.385669 
2526 -1.364026 
2527 -1.372870 
2528 -1.354516 
2529 -1.348843 
2530 -1.417323 
2531 -2.469900 
2532 -1.829245 
2533 -1.845698 
2534 -1.854958 
2535 -1.932993 
2536 -1.125347 
2537 -1.130345 
2538 -2.095758 
2539 -2.038596 
2540 -1.485110 
2541 -1.542785 
2542 -1.519460 
2543 -1.686887 
2544 -2.032055 
2545 -2.092243 
2546 -2.063224 
2547 -0.851679 
2548 -1.753883 
2549 -1.734287 
2550 -1.643462 
2551 -1.148363 
2552 1.082370 
2553 1.495721 
2554 1.747108 
2555 1.884808 
2556 1.874778 
2557 2.057770 
2558 1.553384 
2559 1.397933 
2560 -0.278852 
2561 -0.595360 
2562 -1.843972 
2563 -2.145321 
2564 -2.547856 
2565 -2.426066 
2566 -2.393547 
2567 -2.419598 
2568 -2.154490 
2569 -2.106848 
2570 -1.080081 
2571 -1.036314 
2572 -1.630817 
2573 -1.554759 
2574 -1.517454 
2575 -1.585361 
2576 1.428510 
2577 1.471231 
2578 1.520542 
2579 1.692281 
2580 2.285521 
2581 2.158289 
2582 0.606288 
2583 0.421088 
2584 0.633123 
2585 0.842903 
2586 1.086797 
2587 2.784451 
2588 1.525811 
2589 1.804412 
2590 1.684991 
2591 1.175159 
2592 1.329105 
2593 1.318829 
2594 1.451122 
2595 2.007351 
2596 1.802830 
2597 1.721468 
2598 1.593463 
2599 1.009762 
2600 1.273323 
2601 1.292995 
2602 1.358682 
2603 2.148302 
2604 2.325775 
2605 1.749320 
2606 1.466846 
2607 -1.162280 
2608 -1.665419 
2609 -2.132811 
2610 -2.266653 
2611 -1.319054 
2612 -1.615656 
2613 -1.352085 
2614 -1.583229 
2615 -1.690807 
2616 -1.728363 
2617 -0.937067 
2618 -0.700341 
2619 -0.836499 
2620 -0.309994 
2621 1.560188 
2622 1.825939 
2623 2.072338 
2624 1.706106 
2625 1.747678 
2626 1.335169 
2627 -1.689564 
2628 -1.771304 
2629 -1.730147 
2630 -1.743753 
2631 -1.609958 
2632 -1.536616 
2633 -2.408250 
2634 -2.290833 
2635 -2.311707 
2636 -2.455410 
2637 -2.437370 
2638 -0.651405 
2639 -0.679224 
2640 -0.687210 
2641 -0.701522 
2642 -2.385187 
2643 -2.522980 
2644 -2.463779 
2645 -2.377729 
2646 -0.541418 
2647 -0.538297 
2648 -0.697826 
2649 -0.833756 
2650 -2.142134 
2651 -2.370479 
2652 -1.684440 
2653 -1.766413 
2654 -2.014206 
2655 -1.983668 
2656 -1.785133 
2657 -1.847902 
2658 -1.719665 
2659 -1.733076 
2660 -1.846047 
2661 -1.320985 
2662 1.628382 
2663 2.119751 
2664 1.707512 
2665 1.737178 
2666 1.810201 
2667 1.766790 
2668 1.813394 
2669 1.608927 
2670 -1.379828 
2671 -1.720120 
2672 -1.583530 
2673 -1.714442 
2674 -1.832417 
2675 -1.599699 
2676 -1.041196 
2677 -1.547228 
2678 2.520438 
2679 2.446287 
2680 2.150036 
2681 2.216685 
2682 2.133516 
2683 2.175835 
2684 1.280246 
2685 1.556087 
2686 1.587069 
2687 1.499347 
2688 1.646947 
2689 1.596166 
2690 1.592850 
2691 1.067811 
2692 1.189920 
2693 1.215006 
2694 1.214072 
2695 2.205070 
2696 1.899767 
2697 1.750250 
2698 1.707544 
2699 0.354294 
2700 0.870723 
2701 1.012045 
2702 1.043242 
2703 2.506311 
2704 1.538572 
2705 1.632400 
2706 1.692918 
2707 1.069785 
2708 1.236023 
2709 1.272358 
2710 1.228122 
2711 2.026348 
2712 1.535054 
2713 1.515358 
2714 1.462166 
2715 1.500222 
2716 1.587489 
2717 1.527312 
2718 1.532870 
2719 1.320499 
2720 1.163732 
2721 1.498909 
2722 1.542398 
2723 1.746783 
2724 1.645449 
2725 1.559755 
2726 1.608898 
2727 1.070949 
2728 1.088207 
2729 1.018608 
2730 2.651063 
2731 1.380790 
2732 2.005428 
2733 2.218072 
2734 1.387567 
2735 1.205938 
2736 1.456681 
2737 1.423408 
2738 1.435229 
2739 1.872501 
2740 1.629723 
2741 1.606002 
2742 1.599119 
2743 1.608386 
2744 2.211264 
2745 0.830707 
2746 0.810662 
2747 1.795397 
2748 1.414400 
2749 1.527360 
2750 1.600570 
2751 1.542856 
2752 2.220199 
2753 1.878263 
2754 0.765770 
2755 0.341350 
2756 2.110097 
2757 2.183931 
2758 1.408003 
2759 -0.460899 
2760 -0.641556 
2761 0.498277 
2762 1.726709 
2763 2.591627 
2764 2.175120 
2765 2.334000 
2766 0.137456 
2767 -0.095166 
2768 1.522973 
2769 1.785611 
2770 1.286510 
2771 1.323214 
2772 1.117956 
2773 1.094511 
2774 1.833987 
2775 1.944396 
2776 0.701221 
2777 0.432101 
2778 2.073507 
2779 2.140439 
2780 1.125641 
2781 0.189052 
2782 -0.315176 
2783 2.968134 
2784 1.733216 
2785 1.402553 
2786 1.404320 
2787 1.880198 
2788 2.058739 
2789 -0.201191 
2790 1.716212 
2791 1.754986 
2792 1.818093 
2793 1.827387 
2794 1.811773 
2795 1.814746 
2796 1.818330 
2797 1.895536 
2798 1.619294 
2799 1.656847 
2800 2.362858 
2801 0.109508 
2802 0.047949 
2803 2.328833 
2804 2.904023 
2805 0.821675 
2806 0.702341 
2807 0.694152 
2808 0.626424 
2809 2.088506 
2810 0.515633 
2811 1.806297 
2812 1.054170 
2813 0.200710 
2814 1.714141 
2815 2.024604 
2816 1.351809 
2817 2.861181 
2818 0.206481 
2819 1.008070 
2820 -0.711950 
2821 0.176327 
2822 -0.754770 
2823 0.250015 
2824 -0.798044 
2825 -0.829686 
2826 -0.997743 
2827 -1.184522 
2828 2.931997 
2829 0.713298 
2830 0.704413 
2831 0.616140 
2832 1.249913 
2833 1.723751 
2834 1.211542 
2835 1.129189 
2836 -0.990841 
2837 1.760507 
2838 1.379116 
2839 2.658523 
2840 0.345645 
2841 1.827497 
2842 1.985148 
2843 1.966262 
2844 1.871941 
2845 2.206899 
2846 1.902876 
2847 1.903193 
2848 2.376765 
2849 1.705662 
2850 0.138509 
2851 1.489645 
2852 1.305815 
2853 0.534958 
2854 1.693530 
2855 2.546738 
2856 0.504052 
2857 1.291322 
2858 2.255316 
2859 1.011474 
2860 2.402782 
2861 1.549130 
2862 1.665526 
2863 1.150034 
2864 -0.370927 
2865 1.989354 
2866 1.667748 
2867 2.259442 
2868 0.727855 
2869 -2.127620 
2870 -1.183578 
2871 -2.481060 
2872 -0.501765 
2873 -1.563167 
2874 -3.097823 
2875 -0.497400 
2876 -0.972712 
2877 -1.976289 
2878 -2.040081 
2879 -2.199958 
2880 -1.799971 
2881 -1.727819 
2882 -2.685409 
2883 -0.226388 
2884 0.519658 
2885 2.464470 
2886 1.256379 
2887 2.164572 
2888 0.049195 
2889 1.700939 
2890 1.814700 
2891 1.888940 
2892 2.019755 
2893 0.235599 
2894 2.816440 
2895 -0.184483 
2896 2.527030 
2897 -0.144477 
2898 2.338680 
2899 0.218262 
2900 2.315829 
2901 0.388710 
2902 2.146337 
2903 1.083636 
2904 0.439772 
2905 0.282527 
2906 -1.690925 
2907 -2.176999 
2908 -0.185483 
2909 -1.482415 
2910 -2.841674 
2911 -1.605299 
2912 -1.661157 
2913 -1.531795 
2914 -2.165085 
2915 -0.765205 
2916 -1.984377 
2917 -1.512923 
2918 -1.429874 
2919 -2.093656 
2920 -1.947907 
2921 -2.280947 
2922 -1.704901 
2923 -1.909978 
2924 -1.510814 
2925 -2.911709 
2926 -0.943537 
2927 0.258127 
2928 -0.397416 
2929 -0.796905 
2930 -0.086541 
2931 -1.129687 
2932 0.288837 
2933 -0.586604 
2934 -0.578761 
2935 -3.148872 
2936 0.146112 
2937 0.207272 
2938 -2.386555 
2939 -2.368059 
2940 -2.187849 
2941 -2.263511 
2942 -2.220082 
2943 -2.187015 
2944 -0.554120 
2945 -2.432617 
2946 -0.553920 
2947 -2.645333 
2948 -0.967194 
2949 -0.608006 
2950 -3.056280 
2951 -1.173737 
2952 -1.105552 
2953 -1.230225 
2954 -3.038688 
2955 -0.863834 
2956 -1.140614 
2957 -0.541898 
2958 -2.439974 
2959 -2.476393 
2960 -0.382837 
2961 -2.102835 
2962 -2.345671 
2963 -2.240275 
2964 -2.640512 
2965 -2.735293 
2966 -2.713529 
2967 -2.693810 
2968 -2.659232 
2969 -2.701493 
2970 -2.632770 
2971 -2.663728 
2972 -1.428003 
2973 -1.584767 
2974 -1.795687 
2975 -0.807400 
2976 -2.534528 
2977 -0.306308 
2978 -1.570719 
2979 -0.645762 
2980 -1.426874 
2981 -1.992638 
2982 -1.853197 
2983 -0.269633 
2984 -2.022231 
2985 -1.366439 
2986 -1.250273 
2987 -1.035857 
2988 -2.020799 
2989 -1.153552 
2990 -2.103175 
2991 -1.908523 
2992 -1.986254 
2993 -1.953880 
2994 -1.968891 
2995 -1.997582 
2996 -3.099300 
2997 -0.974626 
2998 -1.192875 
2999 -1.194555 
3000 -1.867452 
3001 -2.398018 
3002 -1.080920 
3003 -1.285066 
3004 -2.813519 
3005 -2.919267 
3006 -0.699259 
3007 -2.191302 
3008 -2.118389 
3009 -2.221457 
3010 -1.946016 
3011 -0.385803 
3012 -1.971443 
3013 -0.987812 
3014 -2.397165 
3015 -2.021188 
3016 -2.655676 
3017 -2.416354 
3018 0.261493 
3019 -0.717832 
3020 0.329365 
3021 0.296459 
3022 -0.965545 
3023 -3.154347 
3024 -2.478168 
3025 -1.956528 
3026 -2.003804 
3027 0.241922 
3028 -3.108429 
3029 0.126290 
3030 -0.575753 
