2314 1
0 2.241011 
1 0.750142 
2 -1.385634 
3 -0.991653 
4 -1.535500 
5 -1.655059 
6 1.582558 
7 -1.188952 
8 -2.318874 
9 -0.904020 
10 -1.172455 
11 -0.602191 
12 -0.923852 
13 -1.370229 
14 -1.703736 
15 -1.230576 
16 -0.051765 
17 2.840165 
18 -1.248194 
19 -0.967365 
20 -1.468221 
21 -1.700798 
22 1.049656 
23 -1.414866 
24 -1.412647 
25 -0.791957 
26 -1.840482 
27 -1.053867 
28 -0.507063 
29 2.284008 
30 2.081689 
31 -0.506334 
32 -1.586781 
33 -1.113069 
34 -1.605301 
35 1.650091 
36 -1.260455 
37 -0.740056 
38 2.229884 
39 -1.376420 
40 -1.339313 
41 -0.392532 
42 2.592066 
43 -1.072364 
44 -1.481335 
45 2.202585 
46 0.909621 
47 -1.636203 
48 -1.184474 
49 -1.172514 
50 -1.234553 
51 -1.671787 
52 2.104417 
53 -0.803232 
54 1.889510 
55 -1.259417 
56 -1.303035 
57 2.025509 
58 -1.558321 
59 -0.622848 
60 -1.379441 
61 -0.847941 
62 -1.738378 
63 -1.246911 
64 -1.671968 
65 -1.487931 
66 -0.677938 
67 2.015809 
68 -1.081793 
69 2.113142 
70 -0.985972 
71 -1.517010 
72 -1.735269 
73 -1.282586 
74 -1.605951 
75 0.954823 
76 -1.697235 
77 0.967270 
78 -1.923142 
79 -1.189915 
80 -0.469744 
81 1.753630 
82 -1.615072 
83 -1.931569 
84 -1.690234 
85 -1.067374 
86 -1.484223 
87 -1.003610 
88 -0.834759 
89 -1.384345 
90 -1.774555 
91 -1.057232 
92 -1.185370 
93 -1.272234 
94 -0.990803 
95 -1.556348 
96 2.348051 
97 -0.600899 
98 2.415917 
99 -0.163041 
100 -1.900231 
101 -0.847770 
102 -0.932318 
103 -1.467206 
104 -1.942899 
105 -0.140321 
106 -1.013517 
107 2.154549 
108 -2.044150 
109 -0.893038 
110 -0.718815 
111 -1.332704 
112 -1.261592 
113 -1.553107 
114 1.697743 
115 -1.309721 
116 -1.244738 
117 0.970477 
118 -1.558374 
119 -2.061292 
120 1.691504 
121 -1.316072 
122 1.419130 
123 -1.786369 
124 -0.188069 
125 -2.140131 
126 -0.862497 
127 2.110840 
128 1.644764 
129 -1.566240 
130 -1.033423 
131 -0.860648 
132 -1.489941 
133 -1.693335 
134 -0.832391 
135 -1.064239 
136 -1.037451 
137 -1.018373 
138 -2.007153 
139 -1.241882 
140 -0.561098 
141 -1.530971 
142 -1.817689 
143 1.917832 
144 1.893018 
145 -0.781258 
146 -1.684342 
147 -1.291211 
148 -1.811157 
149 1.286718 
150 1.440984 
151 -1.763650 
152 1.135239 
153 -0.934587 
154 -1.657021 
155 -1.894628 
156 -1.549424 
157 2.055822 
158 -1.298492 
159 -1.026950 
160 -1.403044 
161 -1.594066 
162 -0.936953 
163 1.802203 
164 0.536835 
165 -0.992439 
166 3.105807 
167 1.305229 
168 -1.580856 
169 -1.389949 
170 1.694302 
171 -0.576358 
172 -1.358572 
173 -1.726823 
174 -0.244846 
175 -1.751062 
176 -0.780120 
177 1.962098 
178 1.775901 
179 -1.608655 
180 -0.908265 
181 1.415750 
182 -1.302229 
183 -1.884218 
184 1.672820 
185 -1.210175 
186 -1.168368 
187 -1.794272 
188 -0.550974 
189 -2.432223 
190 -0.769910 
191 -1.218411 
192 -1.314658 
193 -1.832622 
194 1.574360 
195 -1.049906 
196 -2.020169 
197 1.548229 
198 -1.647208 
199 -0.364187 
200 -1.450663 
201 -0.746112 
202 -2.580411 
203 -0.328020 
204 1.731607 
205 -0.935298 
206 -1.348559 
207 -0.857888 
208 -1.635952 
209 -1.099305 
210 -1.238675 
211 -1.236092 
212 -0.704497 
213 -1.171399 
214 -2.074585 
215 -1.311660 
216 -1.679528 
217 1.927461 
218 1.656538 
219 -1.195999 
220 -1.847209 
221 0.975199 
222 -1.445702 
223 -1.362191 
224 -1.294245 
225 -1.475508 
226 -1.465890 
227 -0.923737 
228 1.771909 
229 -1.461748 
230 1.696893 
231 -1.278664 
232 -1.281955 
233 -1.204411 
234 -0.477095 
235 -2.229889 
236 -2.655944 
237 -0.593164 
238 -0.877374 
239 -0.674616 
240 -1.027816 
241 -1.275799 
242 1.778743 
243 -1.911537 
244 -1.200320 
245 -0.642720 
246 -1.576197 
247 -1.748532 
248 -1.881878 
249 -1.390338 
250 -0.878701 
251 -1.009593 
252 -1.677292 
253 -1.092558 
254 -0.252252 
255 -1.916474 
256 -1.244735 
257 -0.344634 
258 -1.791935 
259 -1.660989 
260 -1.057660 
261 1.528762 
262 -1.436423 
263 -1.376106 
264 -1.416158 
265 -0.821421 
266 2.701191 
267 -0.864113 
268 -1.589163 
269 -1.367923 
270 -1.637671 
271 1.033008 
272 -0.831143 
273 -0.879411 
274 -1.431922 
275 -1.854738 
276 -1.389610 
277 1.593250 
278 -0.633428 
279 -1.909057 
280 -1.318881 
281 -0.938144 
282 -1.172356 
283 -1.689899 
284 -0.774384 
285 -0.775012 
286 -0.783278 
287 2.561405 
288 -1.179612 
289 -0.704702 
290 -1.776275 
291 -1.242502 
292 1.502285 
293 -1.809365 
294 -1.958037 
295 -0.249702 
296 -1.488139 
297 2.022445 
298 -1.015021 
299 -0.912176 
300 -1.688763 
301 -1.899215 
302 1.051720 
303 -1.244685 
304 -1.527991 
305 -1.497475 
306 -0.695480 
307 1.866441 
308 -1.182960 
309 1.907145 
310 -1.476988 
311 -1.063641 
312 -0.485703 
313 -1.363936 
314 -1.287984 
315 -2.064634 
316 -1.676492 
317 -0.465951 
318 -0.356650 
319 -2.231394 
320 -1.546094 
321 -1.317985 
322 -0.990044 
323 -1.203243 
324 2.323313 
325 -0.914636 
326 -1.766419 
327 -0.684198 
328 2.634116 
329 -0.158239 
330 -1.706755 
331 -0.731575 
332 -1.929340 
333 1.157257 
334 -0.898247 
335 -1.828593 
336 1.677796 
337 2.047167 
338 -1.147539 
339 1.532593 
340 1.959976 
341 -1.845716 
342 -1.027981 
343 -0.806465 
344 -1.467548 
345 -1.853365 
346 -1.453070 
347 -0.154709 
348 -1.408994 
349 2.061387 
350 -1.673101 
351 -0.695225 
352 -1.666767 
353 -0.473794 
354 -1.501917 
355 -1.256375 
356 -0.615945 
357 2.050083 
358 -1.935098 
359 -0.932239 
360 -1.234684 
361 -1.666896 
362 -0.445160 
363 -1.807723 
364 -0.617028 
365 -1.097906 
366 -1.097449 
367 2.676650 
368 -2.048803 
369 -0.451508 
370 -1.330976 
371 1.771282 
372 -0.156808 
373 -2.297488 
374 -1.617319 
375 -0.723674 
376 -1.166651 
377 1.775006 
378 2.024102 
379 -1.427141 
380 -1.639970 
381 -0.790321 
382 -1.413661 
383 -1.449324 
384 1.753790 
385 -1.827153 
386 -1.362424 
387 -0.506686 
388 -1.369506 
389 -1.315463 
390 -1.168961 
391 -1.285572 
392 -0.812735 
393 2.318505 
394 1.971087 
395 -1.119435 
396 -0.887570 
397 -1.474855 
398 1.880751 
399 -1.436160 
400 2.009540 
401 -0.784161 
402 2.015161 
403 -1.189750 
404 -1.095231 
405 -1.811499 
406 -1.862061 
407 -0.133397 
408 -0.538418 
409 -1.524669 
410 -1.652655 
411 -1.315608 
412 -1.752924 
413 -1.579695 
414 -1.003907 
415 -0.754426 
416 -1.570598 
417 -1.627312 
418 -0.955388 
419 -0.897657 
420 2.082848 
421 -1.371513 
422 -1.051180 
423 -1.153167 
424 1.292538 
425 -1.624276 
426 -1.302600 
427 -1.501804 
428 1.764896 
429 -1.610308 
430 -0.855679 
431 -1.700453 
432 -1.773675 
433 -0.489453 
434 -0.744490 
435 -1.817113 
436 1.609551 
437 -1.648935 
438 -1.437533 
439 -1.382989 
440 -1.518207 
441 -0.849964 
442 -0.902453 
443 -1.849969 
444 -0.938675 
445 -1.326749 
446 -1.203050 
447 -1.743684 
448 2.306922 
449 -1.261624 
450 -0.607204 
451 1.915980 
452 -0.647511 
453 -1.989290 
454 -1.820175 
455 -0.698419 
456 -1.912074 
457 1.672625 
458 -0.919236 
459 -1.064873 
460 -0.634012 
461 -1.505505 
462 -1.741201 
463 -1.236669 
464 1.856658 
465 -0.655368 
466 -1.600389 
467 -1.059992 
468 -1.137917 
469 -1.639043 
470 -1.059201 
471 -1.328940 
472 -1.204472 
473 -1.008707 
474 2.040480 
475 -1.510346 
476 -1.917172 
477 -1.805653 
478 -0.388769 
479 -0.746540 
480 -1.181931 
481 -0.691499 
482 -1.782200 
483 2.067621 
484 -0.717741 
485 2.228380 
486 1.818152 
487 -1.489822 
488 1.423626 
489 2.256836 
490 -1.798222 
491 -0.836127 
492 -0.795022 
493 -0.962675 
494 -1.993064 
495 2.073264 
496 -1.519594 
497 -1.926314 
498 -0.643384 
499 -1.136562 
500 -1.207108 
501 -1.446835 
502 -0.428729 
503 -1.898082 
504 -1.814675 
505 -0.715867 
506 -1.463726 
507 1.603806 
508 3.230627 
509 -0.998794 
510 -0.649283 
511 -0.142633 
512 -1.056847 
513 -1.677627 
514 -1.176153 
515 -1.483138 
516 -0.768230 
517 -1.732692 
518 -0.878326 
519 -1.917588 
520 -0.503732 
521 -1.445391 
522 -2.152832 
523 -1.159889 
524 -1.365080 
525 -1.636979 
526 0.333512 
527 -1.844484 
528 -0.733304 
529 -1.525373 
530 -1.155485 
531 -1.602158 
532 -0.280846 
533 -2.008875 
534 -2.044379 
535 -0.492190 
536 -0.904851 
537 -1.421820 
538 -0.680421 
539 -2.077251 
540 -1.665988 
541 1.249385 
542 -1.125318 
543 -1.865010 
544 -1.056912 
545 -1.909040 
546 -0.482010 
547 -1.651726 
548 -1.264104 
549 -0.910805 
550 -1.702765 
551 -1.391633 
552 1.711039 
553 -1.946711 
554 -1.124656 
555 -1.204437 
556 -1.278224 
557 -1.669619 
558 -1.295670 
559 -0.750359 
560 2.086119 
561 1.641420 
562 -0.762118 
563 -1.664160 
564 -0.190995 
565 -1.038811 
566 -1.905355 
567 -1.833894 
568 -1.818514 
569 -0.702452 
570 -1.373733 
571 -1.219861 
572 -1.765138 
573 1.694021 
574 1.706488 
575 -1.345899 
576 -1.315159 
577 -0.566669 
578 -0.184375 
579 -2.871481 
580 -1.487902 
581 -1.163122 
582 1.945356 
583 2.082155 
584 -1.852830 
585 -0.618814 
586 -0.882409 
587 -1.945354 
588 -1.091616 
589 -1.080117 
590 -1.277672 
591 -1.920514 
592 -0.889969 
593 -1.650537 
594 -1.416774 
595 1.977234 
596 -0.733571 
597 -2.045887 
598 1.141632 
599 -1.971742 
600 1.914130 
601 -1.713843 
602 -1.216857 
603 -1.053586 
604 -0.454190 
605 -1.836249 
606 -0.800672 
607 -2.077538 
608 -0.708712 
609 -1.177840 
610 -1.282984 
611 -1.974316 
612 2.028533 
613 -1.262724 
614 -0.868010 
615 -1.495317 
616 -0.933876 
617 -1.888165 
618 1.694832 
619 -1.414658 
620 -0.708477 
621 1.573707 
622 1.966857 
623 -2.154582 
624 -1.932877 
625 1.536482 
626 2.059094 
627 2.295490 
628 0.672289 
629 -2.488301 
630 -0.695207 
631 -1.856728 
632 -0.427277 
633 -1.663860 
634 1.647416 
635 -1.857202 
636 -1.609896 
637 -0.655752 
638 -1.556037 
639 -1.348068 
640 -1.980981 
641 -1.502366 
642 -1.171191 
643 -0.564427 
644 -1.324618 
645 -1.456468 
646 1.857620 
647 -1.163576 
648 -1.062571 
649 -1.154799 
650 1.678227 
651 -2.029524 
652 -1.976241 
653 1.520057 
654 -1.425763 
655 -0.932414 
656 -1.271552 
657 2.511285 
658 -0.426842 
659 -1.307439 
660 -1.000922 
661 -0.536679 
662 -1.771648 
663 -1.760516 
664 1.858856 
665 -1.573004 
666 -1.240111 
667 -0.973838 
668 -1.555114 
669 -1.418370 
670 -1.277591 
671 1.630455 
672 -1.598167 
673 -1.356683 
674 -1.319056 
675 -0.951064 
676 -1.881762 
677 -1.386275 
678 1.881400 
679 -0.498359 
680 2.561996 
681 -1.875869 
682 -0.445008 
683 -0.659064 
684 -1.863986 
685 -2.046682 
686 -0.281148 
687 -0.730484 
688 -1.795007 
689 -1.200947 
690 -1.490882 
691 -0.747252 
692 0.033909 
693 -0.651107 
694 -1.917963 
695 -2.255199 
696 1.265966 
697 2.277335 
698 -0.818625 
699 -0.956748 
700 1.324511 
701 -2.063281 
702 -1.818533 
703 -0.715775 
704 -0.551951 
705 -1.495502 
706 -1.097651 
707 -1.895380 
708 -1.430154 
709 -0.970734 
710 -1.080469 
711 -1.579847 
712 -2.216422 
713 1.724769 
714 -0.544770 
715 -1.570566 
716 -1.402108 
717 1.656362 
718 -0.029113 
719 -2.146475 
720 -2.085690 
721 -0.632331 
722 -0.575675 
723 -1.631528 
724 -1.210328 
725 -2.705794 
726 -0.550212 
727 1.298993 
728 -0.413109 
729 -1.504565 
730 -1.084467 
731 -2.130307 
732 -1.609949 
733 -1.259505 
734 -1.278089 
735 -1.267353 
736 -0.700350 
737 -1.834005 
738 -1.802757 
739 -0.809547 
740 2.306837 
741 -1.292196 
742 -0.879827 
743 -1.527619 
744 -1.155161 
745 1.573828 
746 -1.709116 
747 -1.605432 
748 -1.264577 
749 1.698241 
750 -1.781121 
751 -1.122820 
752 -0.719397 
753 -1.614049 
754 -1.367442 
755 -1.618321 
756 -1.668090 
757 2.240192 
758 -0.381206 
759 -1.631601 
760 -1.687639 
761 -1.096429 
762 -1.275752 
763 -1.401481 
764 -1.545385 
765 -1.589245 
766 -0.638167 
767 -1.545559 
768 -1.289382 
769 -0.879004 
770 -1.174855 
771 2.240145 
772 -1.243942 
773 -1.254568 
774 -2.063888 
775 -0.221345 
776 -1.485832 
777 -0.131085 
778 -1.652205 
779 -1.783126 
780 -1.005016 
781 -0.525586 
782 -1.959370 
783 2.329775 
784 -1.968007 
785 -1.428820 
786 -0.832741 
787 -0.958492 
788 -0.572290 
789 2.343404 
790 1.538376 
791 -1.547924 
792 -1.860530 
793 -2.006048 
794 -0.468689 
795 1.917480 
796 -1.976143 
797 -0.453236 
798 -1.134331 
799 1.781562 
800 -2.102611 
801 -1.683203 
802 -0.418452 
803 -0.915997 
804 -1.454581 
805 -2.136160 
806 1.230929 
807 -0.889636 
808 -1.124299 
809 -1.886188 
810 -1.275122 
811 -0.876659 
812 -1.369231 
813 -0.781812 
814 -1.163002 
815 -1.845973 
816 -1.044835 
817 1.753672 
818 -1.098158 
819 -1.753650 
820 -1.388671 
821 -0.815904 
822 -1.773376 
823 -1.205304 
824 -0.829472 
825 -1.800079 
826 -1.475494 
827 -1.213493 
828 1.951781 
829 -1.256782 
830 -1.023809 
831 -1.904073 
832 -1.321560 
833 -0.627997 
834 2.138435 
835 -1.833678 
836 -1.231430 
837 -1.377172 
838 1.326061 
839 -1.787303 
840 -2.063526 
841 -1.469738 
842 1.173595 
843 -1.359290 
844 1.482008 
845 -1.056127 
846 -1.442238 
847 -1.925812 
848 -1.519065 
849 -1.474349 
850 -1.478344 
851 1.818305 
852 -1.528180 
853 -1.742143 
854 1.084189 
855 -1.773926 
856 1.619069 
857 1.774489 
858 -1.666305 
859 1.986300 
860 -1.221170 
861 -2.914798 
862 -0.313058 
863 -0.500182 
864 -1.470073 
865 -0.991760 
866 -1.464904 
867 1.709382 
868 -1.289523 
869 -0.523568 
870 2.267965 
871 -1.574261 
872 -1.216259 
873 -1.913857 
874 -0.909941 
875 -1.285274 
876 -0.964850 
877 -1.371977 
878 -1.389512 
879 -1.668100 
880 -1.640746 
881 -1.651391 
882 1.684495 
883 -1.031665 
884 -1.962325 
885 1.174687 
886 -1.569428 
887 -1.346635 
888 -2.089202 
889 1.197372 
890 -0.543738 
891 2.473869 
892 -1.500767 
893 -0.828540 
894 -0.895467 
895 2.366007 
896 2.019050 
897 -0.988627 
898 -1.389403 
899 2.127032 
900 -0.585446 
901 -0.690882 
902 -1.440928 
903 -2.525076 
904 -0.575063 
905 1.889549 
906 -2.145133 
907 -1.539829 
908 -2.019919 
909 -0.618407 
910 -1.723942 
911 1.461243 
912 -1.463706 
913 -1.503895 
914 1.429149 
915 -1.407607 
916 -1.592589 
917 -0.884276 
918 -1.300728 
919 -1.353843 
920 -1.844452 
921 0.674295 
922 -2.132171 
923 -1.296476 
924 -0.685445 
925 1.631281 
926 -1.787573 
927 -1.939024 
928 -1.335175 
929 2.459822 
930 -1.383862 
931 -1.145329 
932 -1.409884 
933 1.686044 
934 -1.185974 
935 -1.409396 
936 -1.715827 
937 -0.637700 
938 -0.668787 
939 -2.228429 
940 1.177840 
941 -1.389973 
942 -1.072575 
943 2.909959 
944 -1.388030 
945 -2.129467 
946 0.894610 
947 -1.353509 
948 -1.313830 
949 -1.839067 
950 -1.244036 
951 -1.080709 
952 -2.098401 
953 -0.138890 
954 -1.569403 
955 -1.303498 
956 -2.281177 
957 1.527083 
958 -1.457990 
959 -0.605810 
960 -0.509847 
961 -2.653544 
962 2.175333 
963 -0.392581 
964 3.668898 
965 -1.949740 
966 0.673777 
967 1.543166 
968 -1.212965 
969 -1.452351 
970 -1.169161 
971 -1.458315 
972 -1.552931 
973 1.987477 
974 1.366772 
975 -1.841030 
976 -1.988878 
977 -1.772815 
978 -0.101139 
979 1.771138 
980 -1.336526 
981 -1.181341 
982 -2.078265 
983 -0.763885 
984 -0.867056 
985 -1.832063 
986 -1.387699 
987 1.434826 
988 -2.340210 
989 1.418817 
990 -1.551535 
991 -0.674750 
992 -1.110448 
993 -0.343907 
994 -2.587571 
995 1.754878 
996 -1.112389 
997 -1.454820 
998 -1.737787 
999 1.732016 
1000 -2.826620 
1001 0.006511 
1002 -1.046157 
1003 -0.829520 
1004 -1.933063 
1005 0.042575 
1006 -0.181122 
1007 -2.744946 
1008 -0.851109 
1009 -1.394189 
1010 -0.883474 
1011 -2.469326 
1012 -2.569125 
1013 -0.365491 
1014 -1.620962 
1015 -0.307756 
1016 -0.734378 
1017 -2.594061 
1018 1.438428 
1019 -0.942742 
1020 -1.142194 
1021 -2.639776 
1022 -0.081578 
1023 -1.155876 
1024 -1.750682 
1025 1.917946 
1026 2.201164 
1027 -1.225399 
1028 1.809103 
1029 -1.896603 
1030 -0.356632 
1031 -1.745084 
1032 -1.201936 
1033 2.060002 
1034 2.035543 
1035 -1.548195 
1036 -0.944806 
1037 -1.208083 
1038 -1.391805 
1039 -1.640455 
1040 -0.961453 
1041 -2.101482 
1042 -0.202671 
1043 -1.592404 
1044 -1.901682 
1045 -0.911291 
1046 -0.997460 
1047 2.028380 
1048 -1.749163 
1049 -1.593413 
1050 -0.533056 
1051 -1.339078 
1052 2.207876 
1053 -1.224861 
1054 -0.589663 
1055 -1.751682 
1056 -0.700202 
1057 -1.242652 
1058 -2.780703 
1059 -0.112208 
1060 2.410163 
1061 -1.035940 
1062 -0.213287 
1063 -1.224127 
1064 -1.544734 
1065 -1.011755 
1066 1.728437 
1067 -1.716124 
1068 -0.609217 
1069 -1.413422 
1070 -1.706680 
1071 -1.389266 
1072 -0.946530 
1073 -1.472801 
1074 -1.977672 
1075 -0.918547 
1076 -1.461181 
1077 1.473950 
1078 -1.504018 
1079 -1.234291 
1080 -0.723579 
1081 1.592142 
1082 2.473980 
1083 -1.779356 
1084 1.918483 
1085 -1.596857 
1086 -0.992713 
1087 -1.291043 
1088 0.114000 
1089 1.206319 
1090 -3.100255 
1091 -1.178125 
1092 -1.843321 
1093 -0.812870 
1094 -1.857080 
1095 -0.897978 
1096 -1.119139 
1097 -0.568495 
1098 -1.986082 
1099 -1.563438 
1100 2.241384 
1101 1.967526 
1102 -0.644931 
1103 -1.928159 
1104 -0.201744 
1105 -0.993813 
1106 -1.983399 
1107 -1.628018 
1108 2.613516 
1109 -0.563713 
1110 1.923855 
1111 -1.573501 
1112 -1.717353 
1113 -1.294558 
1114 -0.882993 
1115 1.769561 
1116 -1.008860 
1117 -1.441894 
1118 -1.454347 
1119 -1.435002 
1120 1.343274 
1121 -2.041287 
1122 -2.150217 
1123 -0.623740 
1124 1.517755 
1125 -1.554379 
1126 -1.697098 
1127 1.889137 
1128 -1.394742 
1129 -2.694154 
1130 -0.484648 
1131 -0.182677 
1132 2.333753 
1133 -2.115874 
1134 -1.341000 
1135 1.329379 
1136 -1.084412 
1137 -0.832932 
1138 -1.605497 
1139 -1.541617 
1140 -1.115082 
1141 0.219738 
1142 2.471193 
1143 -2.114172 
1144 -1.369866 
1145 -1.752501 
1146 -1.227860 
1147 1.816272 
1148 -1.259088 
1149 -2.009794 
1150 -0.540666 
1151 -1.256524 
1152 -0.805481 
1153 -1.076833 
1154 -1.955141 
1155 2.010357 
1156 -0.750353 
1157 -1.340334 
1158 1.808392 
1159 -2.056083 
1160 -1.670732 
1161 -0.900439 
1162 -1.332703 
1163 -1.348793 
1164 -0.904590 
1165 -1.162843 
1166 -1.836712 
1167 -1.345556 
1168 -1.316365 
1169 -1.467823 
1170 -0.790377 
1171 -1.680352 
1172 -2.529597 
1173 -0.936332 
1174 -0.520150 
1175 -1.166588 
1176 -1.374409 
1177 -1.557007 
1178 -1.074345 
1179 1.884485 
1180 2.363811 
1181 -0.668551 
1182 -1.904595 
1183 1.604065 
1184 2.110366 
1185 -1.460831 
1186 -0.795597 
1187 -1.345381 
1188 1.556739 
1189 -1.518332 
1190 -1.599351 
1191 1.704513 
1192 -1.224995 
1193 2.223922 
1194 -1.571397 
1195 -0.804728 
1196 2.127261 
1197 -1.552603 
1198 1.668114 
1199 -1.316032 
1200 2.072469 
1201 -1.468651 
1202 -1.438544 
1203 1.805335 
1204 -1.485711 
1205 -1.994127 
1206 -0.632605 
1207 -1.048400 
1208 2.616770 
1209 -1.673732 
1210 0.275604 
1211 -0.730739 
1212 -1.738946 
1213 -1.249228 
1214 0.915486 
1215 -1.921601 
1216 -1.789857 
1217 -0.661707 
1218 -0.679497 
1219 -1.963076 
1220 -1.124804 
1221 -1.818714 
1222 -1.801015 
1223 -0.218789 
1224 0.256996 
1225 -1.685505 
1226 -1.708123 
1227 2.214481 
1228 1.524758 
1229 -1.364259 
1230 -1.252066 
1231 2.116604 
1232 1.628911 
1233 -1.556699 
1234 -1.213615 
1235 -1.349764 
1236 1.386496 
1237 -2.376374 
1238 0.910904 
1239 -1.733431 
1240 2.237982 
1241 2.261979 
1242 -0.342294 
1243 -1.273325 
1244 1.462387 
1245 -1.773587 
1246 -2.009486 
1247 -0.634294 
1248 -1.342640 
1249 1.144850 
1250 -1.757601 
1251 -1.584965 
1252 -1.095630 
1253 -0.875229 
1254 -1.906939 
1255 -1.632246 
1256 2.097553 
1257 -1.418094 
1258 1.112924 
1259 -1.581009 
1260 -0.128816 
1261 -1.112621 
1262 -2.729405 
1263 -0.469678 
1264 1.527381 
1265 -1.430096 
1266 -1.621420 
1267 1.686526 
1268 -1.698876 
1269 -1.621942 
1270 -0.247835 
1271 -1.560435 
1272 -1.166874 
1273 1.727435 
1274 -1.798464 
1275 -1.396684 
1276 -0.789791 
1277 -1.677162 
1278 -1.679537 
1279 1.830644 
1280 -1.645776 
1281 -1.647601 
1282 -0.826594 
1283 -1.037483 
1284 -1.827170 
1285 2.120051 
1286 -1.105280 
1287 1.577068 
1288 1.328529 
1289 -2.356206 
1290 -1.272244 
1291 2.206951 
1292 2.302233 
1293 -0.003906 
1294 1.551581 
1295 -1.828413 
1296 1.785652 
1297 -1.604618 
1298 -2.017139 
1299 -0.612237 
1300 -1.238018 
1301 -1.407557 
1302 -1.408246 
1303 -1.112769 
1304 -1.356166 
1305 -1.278786 
1306 -1.648510 
1307 1.690376 
1308 1.524364 
1309 -2.087779 
1310 -1.312078 
1311 -1.422499 
1312 -1.435145 
1313 -1.091641 
1314 2.074693 
1315 1.727601 
1316 -0.798898 
1317 1.718771 
1318 -1.173001 
1319 -2.200675 
1320 1.423051 
1321 1.781720 
1322 -0.927793 
1323 -2.348171 
1324 -0.214767 
1325 -1.386663 
1326 -1.443052 
1327 -2.115838 
1328 -1.558986 
1329 -1.440787 
1330 -1.732550 
1331 -0.230827 
1332 -0.974665 
1333 -0.991626 
1334 -1.711112 
1335 -1.837039 
1336 -1.175561 
1337 -0.892984 
1338 -1.789989 
1339 1.898200 
1340 -1.700188 
1341 -1.848037 
1342 -0.568523 
1343 1.710725 
1344 -1.512673 
1345 -1.478405 
1346 -1.013052 
1347 1.885606 
1348 -0.936308 
1349 -1.573387 
1350 2.851485 
1351 2.248211 
1352 2.060406 
1353 -1.025216 
1354 -1.983123 
1355 -0.870875 
1356 -1.774729 
1357 -0.697058 
1358 -0.695454 
1359 -2.313944 
1360 -0.156057 
1361 -2.362265 
1362 -2.054027 
1363 -0.454628 
1364 -1.353655 
1365 -0.681249 
1366 2.144549 
1367 -1.887923 
1368 -2.193872 
1369 -1.161288 
1370 -0.720279 
1371 1.278018 
1372 -0.833292 
1373 -2.170951 
1374 -0.665161 
1375 2.275489 
1376 -1.839483 
1377 1.790344 
1378 -1.412319 
1379 -1.236645 
1380 1.773125 
1381 -1.523390 
1382 2.329517 
1383 1.740524 
1384 -2.019362 
1385 -1.741277 
1386 -1.133428 
1387 1.254090 
1388 -1.431653 
1389 -0.497659 
1390 -1.984870 
1391 -1.182601 
1392 1.444138 
1393 -1.526159 
1394 -2.850142 
1395 -0.294666 
1396 1.796606 
1397 -0.456746 
1398 -2.415497 
1399 -1.073944 
1400 -0.836935 
1401 -1.633338 
1402 -1.598209 
1403 1.757077 
1404 -2.193546 
1405 -1.153825 
1406 -0.385511 
1407 -1.667503 
1408 -0.706186 
1409 2.769076 
1410 -1.283108 
1411 -1.011196 
1412 -1.546978 
1413 1.039558 
1414 -2.688131 
1415 1.343192 
1416 -1.471134 
1417 -1.741042 
1418 1.047031 
1419 -1.425312 
1420 -0.676867 
1421 -0.079301 
1422 -0.704478 
1423 -3.085366 
1424 -0.836450 
1425 -0.311232 
1426 -0.846559 
1427 -2.696926 
1428 -0.734726 
1429 -1.894267 
1430 -0.346572 
1431 -2.233781 
1432 2.434943 
1433 -1.497327 
1434 -1.599566 
1435 -0.299395 
1436 -1.711416 
1437 1.718938 
1438 -0.739816 
1439 -1.854632 
1440 -1.652883 
1441 -1.325564 
1442 0.982960 
1443 -1.744909 
1444 -0.783097 
1445 -2.066750 
1446 2.155774 
1447 -0.741538 
1448 -0.095594 
1449 -1.875711 
1450 -1.014542 
1451 -2.182503 
1452 -2.147957 
1453 2.458812 
1454 1.499079 
1455 0.539449 
1456 -1.082117 
1457 -0.994788 
1458 -0.920196 
1459 -2.493521 
1460 -1.375849 
1461 -0.988278 
1462 1.638852 
1463 -1.757060 
1464 -1.177345 
1465 -1.209177 
1466 -2.108373 
1467 -0.466342 
1468 -2.834771 
1469 1.938464 
1470 -0.619182 
1471 1.671490 
1472 -0.878165 
1473 1.605881 
1474 -2.423756 
1475 -1.401430 
1476 -1.053350 
1477 1.025578 
1478 1.638037 
1479 -2.389840 
1480 -1.086443 
1481 0.333948 
1482 -2.604867 
1483 -1.085299 
1484 -0.600362 
1485 2.910300 
1486 -0.538422 
1487 2.413417 
1488 -0.593986 
1489 -3.129053 
1490 -0.572364 
1491 -0.909351 
1492 -2.553741 
1493 -0.653253 
1494 -1.332559 
1495 -0.980369 
1496 -0.583847 
1497 -1.645103 
1498 -2.330972 
1499 1.204555 
1500 -1.158384 
1501 -1.947706 
1502 -0.002317 
1503 -1.878710 
1504 -1.296810 
1505 -1.080457 
1506 -2.080641 
1507 1.422068 
1508 1.632088 
1509 -0.909986 
1510 1.531991 
1511 -2.262510 
1512 -0.713123 
1513 -1.839557 
1514 -0.990995 
1515 -1.905809 
1516 -1.153922 
1517 -2.345698 
1518 -0.450389 
1519 -1.039264 
1520 -1.890767 
1521 -1.449296 
1522 -0.751753 
1523 1.728027 
1524 -0.239371 
1525 -2.651609 
1526 0.792009 
1527 -0.439842 
1528 1.335742 
1529 -1.600478 
1530 -1.230999 
1531 -1.729256 
1532 -1.567212 
1533 1.344641 
1534 -2.058969 
1535 1.662363 
1536 -1.557914 
1537 1.789060 
1538 -1.367975 
1539 -1.180509 
1540 -1.861607 
1541 -1.497897 
1542 -1.300450 
1543 -0.368627 
1544 1.652690 
1545 -1.175945 
1546 -1.473769 
1547 -1.442602 
1548 -0.932765 
1549 -0.797714 
1550 -2.728829 
1551 -0.372791 
1552 1.721423 
1553 1.456284 
1554 1.886673 
1555 -1.777372 
1556 1.795022 
1557 -1.529379 
1558 -1.199563 
1559 -1.430269 
1560 -0.374423 
1561 -1.365903 
1562 -1.887477 
1563 -1.490679 
1564 -1.437345 
1565 -2.271354 
1566 -0.518416 
1567 -1.091122 
1568 -1.756513 
1569 -1.827918 
1570 -0.808262 
1571 -0.693128 
1572 -1.743857 
1573 -0.936614 
1574 -1.848475 
1575 1.530082 
1576 -0.770065 
1577 -0.906028 
1578 -1.758518 
1579 -1.664166 
1580 -0.617349 
1581 -1.051992 
1582 -2.590223 
1583 1.547166 
1584 -1.602577 
1585 -1.082629 
1586 1.830734 
1587 -1.241841 
1588 -1.336861 
1589 -0.794336 
1590 1.946426 
1591 -1.709540 
1592 1.828205 
1593 2.678115 
1594 1.541622 
1595 -0.651983 
1596 -0.932268 
1597 1.865334 
1598 1.308594 
1599 -1.601468 
1600 -0.233629 
1601 -1.802731 
1602 -2.160125 
1603 1.417911 
1604 -0.889527 
1605 2.627903 
1606 -0.817743 
1607 -1.795306 
1608 -0.946329 
1609 1.612816 
1610 -1.880259 
1611 1.662269 
1612 -2.539301 
1613 -1.269171 
1614 1.877594 
1615 0.315399 
1616 -1.396229 
1617 2.265128 
1618 2.270060 
1619 -0.530198 
1620 -1.338698 
1621 -1.060523 
1622 -1.613891 
1623 2.210048 
1624 -0.527014 
1625 -2.012368 
1626 -0.756732 
1627 -1.632097 
1628 -1.256280 
1629 -0.736383 
1630 -1.578913 
1631 -1.459993 
1632 -0.804657 
1633 -1.149789 
1634 -1.212950 
1635 -1.841262 
1636 -1.053354 
1637 2.258649 
1638 -1.652119 
1639 -0.707558 
1640 -1.452378 
1641 -1.376377 
1642 -1.210512 
1643 -1.367466 
1644 -1.875261 
1645 -2.194581 
1646 -0.535764 
1647 -0.531837 
1648 2.021443 
1649 -0.545003 
1650 -1.482884 
1651 -1.872804 
1652 1.921939 
1653 1.815063 
1654 -0.927662 
1655 -1.648976 
1656 -0.259704 
1657 1.592839 
1658 -2.033058 
1659 -1.891795 
1660 -1.046827 
1661 -1.592913 
1662 1.534624 
1663 2.059071 
1664 -1.750339 
1665 -0.761178 
1666 1.688661 
1667 2.343663 
1668 -1.531091 
1669 -1.532918 
1670 -1.772332 
1671 -0.323073 
1672 -0.948757 
1673 -0.105330 
1674 -3.016599 
1675 -0.319397 
1676 -1.053302 
1677 -1.538344 
1678 -1.729253 
1679 1.816199 
1680 -0.548805 
1681 -0.848959 
1682 -2.601896 
1683 1.174179 
1684 -2.066767 
1685 -0.910266 
1686 -0.813889 
1687 2.223717 
1688 -1.916211 
1689 -1.522770 
1690 -1.169168 
1691 -0.482011 
1692 3.421267 
1693 0.086880 
1694 -0.775110 
1695 1.651035 
1696 1.299872 
1697 1.766424 
1698 -1.424191 
1699 -1.899959 
1700 -0.338929 
1701 -1.280044 
1702 -2.620285 
1703 -0.958281 
1704 -1.926428 
1705 -1.003461 
1706 1.719275 
1707 -1.391207 
1708 -1.577041 
1709 -1.702853 
1710 -0.531730 
1711 1.726598 
1712 2.500132 
1713 1.319832 
1714 -2.380055 
1715 1.044500 
1716 -1.778714 
1717 -0.408252 
1718 -1.730181 
1719 -1.383602 
1720 0.011450 
1721 2.676932 
1722 2.300593 
1723 2.489942 
1724 -1.530998 
1725 -2.141994 
1726 1.329695 
1727 -0.956945 
1728 -1.327470 
1729 -1.426584 
1730 1.134423 
1731 -1.803284 
1732 1.535060 
1733 -1.573795 
1734 1.994179 
1735 -1.704835 
1736 1.262127 
1737 1.379404 
1738 -1.959244 
1739 -2.073170 
1740 1.114670 
1741 -2.405104 
1742 -1.283345 
1743 -0.960568 
1744 -1.470356 
1745 -1.208749 
1746 -1.174621 
1747 -1.536896 
1748 1.787460 
1749 -1.873344 
1750 -0.208302 
1751 -1.728826 
1752 -1.171811 
1753 -1.747577 
1754 -1.776787 
1755 -0.758136 
1756 -1.702183 
1757 0.727567 
1758 2.115121 
1759 2.154090 
1760 1.674057 
1761 -1.340524 
1762 -2.460491 
1763 -0.543134 
1764 -0.249558 
1765 0.219534 
1766 -1.145059 
1767 -3.077942 
1768 -1.170450 
1769 1.421583 
1770 -0.690031 
1771 -2.981323 
1772 -0.614715 
1773 -1.612532 
1774 1.985495 
1775 -1.512709 
1776 -1.902854 
1777 -1.503218 
1778 -1.348232 
1779 -0.489353 
1780 -1.829467 
1781 -0.861814 
1782 -0.538604 
1783 -2.206447 
1784 -1.481014 
1785 -1.681975 
1786 -0.983141 
1787 -1.043985 
1788 -1.538478 
1789 -1.911337 
1790 -1.027429 
1791 -0.605916 
1792 1.957807 
1793 -1.147192 
1794 -1.094454 
1795 2.062690 
1796 -1.244650 
1797 -1.457890 
1798 2.288450 
1799 -0.729533 
1800 -2.018187 
1801 2.552025 
1802 1.025603 
1803 -0.765602 
1804 -1.896714 
1805 -0.952029 
1806 -0.983171 
1807 -1.606679 
1808 -0.479019 
1809 -1.973639 
1810 -1.341805 
1811 -1.305307 
1812 1.594311 
1813 -1.702837 
1814 -1.301968 
1815 -1.864807 
1816 -2.158847 
1817 1.181633 
1818 -0.810441 
1819 -1.960593 
1820 2.369612 
1821 1.717037 
1822 -1.677831 
1823 -0.519245 
1824 -0.862837 
1825 -0.396411 
1826 -2.141984 
1827 2.162271 
1828 -1.835104 
1829 0.249448 
1830 -1.737704 
1831 1.987893 
1832 -2.228978 
1833 1.767731 
1834 -0.797989 
1835 -1.059118 
1836 -1.372190 
1837 -1.203546 
1838 -1.309518 
1839 1.847359 
1840 -2.008105 
1841 -1.162654 
1842 -0.602110 
1843 -1.441235 
1844 -1.045120 
1845 -2.097967 
1846 -1.428285 
1847 1.405612 
1848 1.463754 
1849 -1.493389 
1850 -1.735690 
1851 -1.115229 
1852 -1.472260 
1853 -0.928352 
1854 -1.273676 
1855 -1.627032 
1856 0.767120 
1857 -2.160772 
1858 -1.412984 
1859 -0.766253 
1860 -1.371966 
1861 -1.628511 
1862 1.729249 
1863 1.712594 
1864 -1.095021 
1865 -1.273954 
1866 1.543362 
1867 -2.142333 
1868 -1.570179 
1869 -1.314360 
1870 -0.599783 
1871 -2.052553 
1872 -1.536588 
1873 -1.081951 
1874 -0.688932 
1875 -1.899817 
1876 1.367639 
1877 -1.089581 
1878 -1.489552 
1879 -1.776369 
1880 -1.322286 
1881 -0.607743 
1882 -1.978973 
1883 -1.271172 
1884 -0.236588 
1885 -0.405420 
1886 -3.311202 
1887 -0.884426 
1888 -1.414915 
1889 -1.652218 
1890 2.044464 
1891 -0.274490 
1892 -1.734954 
1893 1.671289 
1894 -1.021071 
1895 -1.573411 
1896 -1.526497 
1897 -0.742252 
1898 -1.879147 
1899 1.762487 
1900 -1.665867 
1901 -0.297061 
1902 -1.502434 
1903 2.288971 
1904 -1.837692 
1905 -1.625409 
1906 1.568850 
1907 -0.786518 
1908 -0.956508 
1909 -2.160330 
1910 -1.701114 
1911 -0.561959 
1912 -1.962694 
1913 0.742264 
1914 -1.686425 
1915 1.954801 
1916 -0.521426 
1917 -2.735159 
1918 -0.423856 
1919 -1.294404 
1920 -1.486135 
1921 -0.441841 
1922 -2.684599 
1923 -0.623959 
1924 0.541816 
1925 -0.628009 
1926 -2.250357 
1927 -2.019711 
1928 -1.559640 
1929 -1.002651 
1930 -1.016381 
1931 2.293095 
1932 -2.224444 
1933 -1.025351 
1934 1.255357 
1935 2.073429 
1936 -1.529607 
1937 -2.771927 
1938 0.827770 
1939 1.029188 
1940 -0.619066 
1941 -0.565391 
1942 -1.752529 
1943 -1.597808 
1944 1.734188 
1945 -1.063259 
1946 -1.391478 
1947 -1.461280 
1948 1.670577 
1949 -0.682485 
1950 -1.359099 
1951 -2.441799 
1952 -2.048409 
1953 1.408997 
1954 -1.589144 
1955 -1.136058 
1956 -0.925950 
1957 -1.114684 
1958 -1.678073 
1959 -1.748984 
1960 -0.209017 
1961 -2.945152 
1962 -0.549853 
1963 -0.646609 
1964 -0.489238 
1965 -1.867825 
1966 -2.099039 
1967 -0.719764 
1968 -1.280928 
1969 -1.769724 
1970 -1.167568 
1971 1.587516 
1972 -1.369055 
1973 1.673107 
1974 -1.701331 
1975 -1.165162 
1976 -0.480979 
1977 -2.237978 
1978 -0.978719 
1979 1.933977 
1980 -1.570464 
1981 -0.848286 
1982 1.693617 
1983 -1.841257 
1984 -1.415429 
1985 -1.946580 
1986 1.398308 
1987 -1.151436 
1988 -0.772529 
1989 -0.210591 
1990 -1.570445 
1991 -2.544353 
1992 -1.292579 
1993 -2.246394 
1994 -0.866334 
1995 -0.675753 
1996 -1.406253 
1997 -1.564760 
1998 -1.246142 
1999 -1.249264 
2000 -0.147708 
2001 -1.329925 
2002 2.598871 
2003 2.211746 
2004 -1.848541 
2005 2.262037 
2006 -0.630555 
2007 2.420887 
2008 -1.522467 
2009 -1.247987 
2010 1.235302 
2011 -1.869947 
2012 1.237700 
2013 -1.683079 
2014 -0.189023 
2015 -2.412483 
2016 -1.576517 
2017 -0.995510 
2018 -1.592831 
2019 1.682539 
2020 -1.017325 
2021 1.995772 
2022 -1.219862 
2023 -2.184424 
2024 -1.447279 
2025 -1.026815 
2026 -1.846870 
2027 1.511618 
2028 -2.615058 
2029 2.404703 
2030 -0.379778 
2031 -0.532486 
2032 -1.595946 
2033 -1.058031 
2034 -2.015414 
2035 -0.103479 
2036 -0.989196 
2037 -1.412697 
2038 -2.051491 
2039 1.856953 
2040 -2.041883 
2041 -0.423241 
2042 1.408823 
2043 -1.832593 
2044 -0.709390 
2045 2.386935 
2046 -0.639639 
2047 -2.211517 
2048 -0.995833 
2049 -1.053658 
2050 -1.640629 
2051 -1.372220 
2052 -0.514148 
2053 1.908477 
2054 2.060247 
2055 -1.581284 
2056 -1.447100 
2057 -1.291434 
2058 -1.897501 
2059 -0.483615 
2060 -1.006309 
2061 -1.661996 
2062 2.144994 
2063 -1.329956 
2064 -1.245731 
2065 1.762936 
2066 -0.789261 
2067 -1.909746 
2068 -1.531245 
2069 -1.338167 
2070 -1.163873 
2071 -1.162863 
2072 -1.865840 
2073 -1.270880 
2074 -1.495138 
2075 -0.731484 
2076 -0.988277 
2077 -1.748361 
2078 2.133851 
2079 -0.785318 
2080 -1.222406 
2081 1.812538 
2082 -2.004913 
2083 -0.630591 
2084 -0.760274 
2085 -1.939147 
2086 -1.535391 
2087 -0.738348 
2088 -1.418643 
2089 -1.380337 
2090 -1.777397 
2091 -0.522041 
2092 1.905559 
2093 -1.461180 
2094 -0.350506 
2095 -1.718730 
2096 -1.810042 
2097 -0.213677 
2098 -1.736144 
2099 -1.342807 
2100 2.096221 
2101 -1.548316 
2102 -1.675322 
2103 0.931288 
2104 -2.158015 
2105 -1.237537 
2106 -0.829220 
2107 -1.067071 
2108 1.456996 
2109 -1.344760 
2110 -1.704792 
2111 -1.207554 
2112 -1.504212 
2113 -0.915068 
2114 -1.766086 
2115 1.630977 
2116 -1.291873 
2117 -1.036459 
2118 -1.461714 
2119 -1.466777 
2120 1.669229 
2121 -1.432643 
2122 -1.667397 
2123 -1.110295 
2124 -0.244248 
2125 -1.701949 
2126 -1.375623 
2127 -1.712789 
2128 -1.539873 
2129 -1.510936 
2130 -1.367790 
2131 -0.934162 
2132 -1.808828 
2133 -0.223197 
2134 -1.935503 
2135 -0.919271 
2136 -2.253844 
2137 0.732578 
2138 1.840612 
2139 -1.218313 
2140 -1.046323 
2141 -1.240717 
2142 -1.589422 
2143 2.021341 
2144 -0.301395 
2145 -0.879538 
2146 -1.230592 
2147 -2.587431 
2148 -0.876857 
2149 -1.587649 
2150 -0.909099 
2151 -1.814069 
2152 -1.162136 
2153 2.283002 
2154 1.540855 
2155 -1.529123 
2156 1.784725 
2157 -1.559745 
2158 -1.817424 
2159 1.142850 
2160 -0.652075 
2161 -1.563482 
2162 -1.768710 
2163 -1.133833 
2164 -1.694751 
2165 -0.462985 
2166 2.021393 
2167 -1.616203 
2168 -0.743941 
2169 -1.443930 
2170 -0.852068 
2171 -1.843103 
2172 -1.705333 
2173 -1.241205 
2174 1.991221 
2175 -1.003129 
2176 -1.240622 
2177 -1.196978 
2178 -1.635457 
2179 1.735313 
2180 -1.735457 
2181 -1.157828 
2182 -0.840771 
2183 -1.271729 
2184 -1.307097 
2185 -1.075351 
2186 -1.645298 
2187 -1.018910 
2188 -0.828698 
2189 1.857382 
2190 -1.645895 
2191 -1.437690 
2192 -0.910779 
2193 -0.820011 
2194 -1.081894 
2195 -1.946579 
2196 -1.015217 
2197 -1.523837 
2198 -1.890579 
2199 -0.695490 
2200 2.106218 
2201 -1.148440 
2202 -1.523386 
2203 -1.024166 
2204 -1.746514 
2205 -1.345689 
2206 0.089686 
2207 -1.811711 
2208 2.525599 
2209 -1.578808 
2210 -0.686211 
2211 -1.122441 
2212 -1.636981 
2213 -1.343635 
2214 -1.478582 
2215 -0.618154 
2216 -1.581598 
2217 -0.739276 
2218 1.266045 
2219 2.025427 
2220 -1.437721 
2221 -1.277245 
2222 -1.074581 
2223 -1.257146 
2224 -1.188003 
2225 -0.928222 
2226 -1.501094 
2227 -1.523253 
2228 -1.545259 
2229 -0.700835 
2230 -1.441790 
2231 1.986663 
2232 -1.168794 
2233 -1.479467 
2234 -0.641135 
2235 -1.870556 
2236 -1.265851 
2237 -1.451516 
2238 -1.318296 
2239 -0.805019 
2240 2.044065 
2241 -1.545988 
2242 -0.158292 
2243 -1.888692 
2244 2.305528 
2245 -1.365882 
2246 -2.010202 
2247 0.695922 
2248 -0.789341 
2249 -1.406551 
2250 -1.157537 
2251 -1.768955 
2252 -0.927047 
2253 -1.446345 
2254 1.894061 
2255 -1.702733 
2256 -1.200599 
2257 1.543841 
2258 -1.303844 
2259 -1.619620 
2260 -0.971456 
2261 -1.457124 
2262 -1.393466 
2263 -1.289398 
2264 -0.934078 
2265 -1.350718 
2266 -1.358739 
2267 -1.558808 
2268 -1.579193 
2269 -0.854547 
2270 -1.046467 
2271 -1.559954 
2272 -1.739049 
2273 -0.986237 
2274 -0.325332 
2275 -1.998772 
2276 -0.820003 
2277 -1.189536 
2278 -1.911205 
2279 1.957060 
2280 -1.266159 
2281 -1.711695 
2282 -1.091662 
2283 -1.051824 
2284 1.881474 
2285 -0.968027 
2286 -1.158907 
2287 -1.690443 
2288 1.665986 
2289 -1.626796 
2290 -1.437538 
2291 -0.904316 
2292 1.492931 
2293 -1.373209 
2294 1.343132 
2295 1.827287 
2296 -1.573101 
2297 -0.693538 
2298 2.285720 
2299 -1.459224 
2300 -1.360376 
2301 -1.504177 
2302 -0.966487 
2303 1.642285 
2304 -1.436566 
2305 -1.272255 
2306 -1.106301 
2307 -1.442369 
2308 -1.510895 
2309 -1.755863 
2310 -0.633634 
2311 -1.028893 
2312 -2.344215 
2313 -1.710310 
