958 1
0 0.062827 
1 -0.223086 
2 -0.225341 
3 0.044403 
4 0.067947 
5 -0.038317 
6 0.233228 
7 -0.460118 
8 0.182382 
9 0.478780 
10 -0.404443 
11 -0.070193 
12 0.285168 
13 -0.432404 
14 -0.003932 
15 0.221582 
16 -0.232503 
17 0.363014 
18 0.251021 
19 -0.149887 
20 0.441348 
21 -0.263619 
22 0.317019 
23 -0.019278 
24 0.245729 
25 -0.094341 
26 -0.297877 
27 0.337968 
28 0.399485 
29 -0.312612 
30 -0.077868 
31 0.383760 
32 0.406440 
33 0.094342 
34 0.153384 
35 0.092184 
36 -0.348067 
37 0.285953 
38 -0.010154 
39 0.182382 
40 -0.181516 
41 0.446590 
42 0.383834 
43 -0.260232 
44 -0.481692 
45 0.427561 
46 0.159221 
47 0.100601 
48 0.233207 
49 0.142019 
50 0.250010 
51 0.019025 
52 0.363014 
53 0.411175 
54 -0.254154 
55 0.430617 
56 -0.426793 
57 -0.133387 
58 0.059266 
59 -0.153768 
60 -0.024163 
61 -0.070193 
62 -0.018276 
63 0.490218 
64 -0.233738 
65 0.142941 
66 0.044403 
67 -0.003932 
68 -0.083746 
69 -0.188054 
70 0.334552 
71 0.456052 
72 -0.484451 
73 -0.103964 
74 0.304014 
75 0.033882 
76 0.114303 
77 0.034478 
78 0.067947 
79 -0.403160 
80 0.317019 
81 0.233228 
82 0.325267 
83 0.423623 
84 -0.310268 
85 0.390783 
86 0.452191 
87 -0.485011 
88 0.263200 
89 -0.334933 
90 0.478780 
91 -0.198440 
92 -0.419518 
93 0.331663 
94 0.001898 
95 -0.484480 
96 0.103434 
97 -0.297877 
98 0.160477 
99 0.199275 
100 -0.195486 
101 0.285168 
102 0.006666 
103 -0.138447 
104 -0.473023 
105 0.456052 
106 -0.011457 
107 -0.225393 
108 0.246323 
109 0.449166 
110 -0.199552 
111 -0.334933 
112 0.006666 
113 -0.213952 
114 -0.473023 
115 -0.242911 
116 0.246323 
117 0.231402 
118 -0.199552 
119 -0.223086 
120 0.447875 
121 -0.077868 
122 -0.225341 
123 -0.081236 
124 -0.163138 
125 0.447875 
126 -0.202203 
127 0.366875 
128 -0.460118 
129 -0.245254 
130 -0.016485 
131 -0.432404 
132 0.092995 
133 -0.263619 
134 -0.081236 
135 0.228633 
136 0.394826 
137 0.383760 
138 -0.110120 
139 0.199275 
140 -0.186804 
141 -0.163138 
142 -0.089119 
143 0.366875 
144 0.092184 
145 0.397611 
146 0.258108 
147 -0.233859 
148 -0.348067 
149 0.182382 
150 -0.318609 
151 0.363014 
152 0.082508 
153 0.471933 
154 0.406440 
155 0.317019 
156 -0.078085 
157 -0.010154 
158 -0.195486 
159 0.112770 
160 -0.297877 
161 -0.219113 
162 -0.077868 
163 -0.226949 
164 0.051200 
165 -0.245254 
166 -0.110120 
167 0.406440 
168 -0.010154 
169 -0.481466 
170 -0.074086 
171 -0.186804 
172 -0.181516 
173 -0.481692 
174 0.233207 
175 -0.181516 
176 -0.061781 
177 -0.481692 
178 0.210667 
179 0.411175 
180 -0.426793 
181 -0.133387 
182 -0.067790 
183 -0.054283 
184 0.473075 
185 -0.486108 
186 -0.472578 
187 -0.019278 
188 -0.004312 
189 -0.094341 
190 0.337968 
191 0.399485 
192 -0.315159 
193 0.274526 
194 0.233207 
195 -0.396548 
196 -0.107943 
197 0.334552 
198 -0.363647 
199 -0.312612 
200 0.452191 
201 -0.138447 
202 0.153384 
203 -0.260232 
204 0.159221 
205 -0.318609 
206 0.082508 
207 0.100601 
208 -0.481466 
209 0.142019 
210 -0.024163 
211 0.130662 
212 -0.419518 
213 -0.431198 
214 -0.070193 
215 -0.061781 
216 0.001898 
217 -0.094708 
218 -0.003932 
219 -0.180206 
220 0.210667 
221 0.456052 
222 -0.334933 
223 -0.484480 
224 -0.054283 
225 0.160477 
226 -0.019278 
227 0.006666 
228 0.199275 
229 0.054421 
230 -0.195486 
231 -0.014608 
232 -0.094341 
233 0.453685 
234 -0.473023 
235 0.337968 
236 0.246323 
237 0.399485 
238 -0.199552 
239 0.447875 
240 -0.081236 
241 -0.312612 
242 0.411175 
243 -0.138447 
244 0.153384 
245 -0.163138 
246 -0.260232 
247 0.366875 
248 -0.245254 
249 0.159221 
250 -0.225393 
251 -0.426793 
252 -0.168442 
253 -0.110120 
254 -0.186804 
255 -0.318609 
256 0.231402 
257 0.082508 
258 -0.481466 
259 -0.223086 
260 -0.225341 
261 -0.133387 
262 -0.225393 
263 0.334552 
264 0.100601 
265 -0.011724 
266 -0.460118 
267 -0.061781 
268 -0.432404 
269 0.452191 
270 0.210667 
271 -0.419518 
272 -0.263619 
273 0.142019 
274 0.383760 
275 0.332690 
276 0.308500 
277 0.092184 
278 -0.054283 
279 0.001898 
280 -0.024163 
281 0.262016 
282 -0.484480 
283 0.002129 
284 -0.448843 
285 -0.038317 
286 -0.404443 
287 0.446590 
288 -0.348067 
289 -0.233738 
290 0.231402 
291 0.160477 
292 -0.310268 
293 -0.310268 
294 -0.011457 
295 -0.225393 
296 0.390783 
297 -0.485011 
298 0.390783 
299 -0.473023 
300 -0.011457 
301 -0.225393 
302 0.246323 
303 0.456052 
304 -0.485011 
305 -0.419518 
306 0.246323 
307 0.456052 
308 -0.334933 
309 -0.198440 
310 0.263200 
311 -0.199552 
312 -0.334933 
313 -0.199552 
314 0.001898 
315 0.001898 
316 -0.198440 
317 -0.334933 
318 0.006666 
319 -0.213952 
320 0.449166 
321 -0.334933 
322 -0.419518 
323 0.002129 
324 -0.473023 
325 -0.242911 
326 0.006666 
327 -0.213952 
328 0.331663 
329 -0.484480 
330 -0.448843 
331 0.246323 
332 0.231402 
333 -0.484480 
334 0.231402 
335 -0.199552 
336 -0.223086 
337 -0.223086 
338 0.447875 
339 0.103434 
340 0.447875 
341 -0.077868 
342 0.160477 
343 0.160477 
344 -0.195486 
345 0.285168 
346 -0.473023 
347 0.006666 
348 0.199275 
349 -0.195486 
350 -0.138447 
351 -0.225341 
352 -0.081236 
353 -0.163138 
354 0.006666 
355 -0.163138 
356 0.034478 
357 -0.403160 
358 0.083809 
359 0.447875 
360 -0.202203 
361 0.366875 
362 -0.225341 
363 0.282626 
364 -0.202203 
365 -0.185539 
366 -0.460118 
367 0.170787 
368 -0.473023 
369 -0.242911 
370 -0.460118 
371 0.118064 
372 0.447875 
373 0.119737 
374 -0.245254 
375 -0.442568 
376 0.105310 
377 0.351888 
378 0.265098 
379 -0.016485 
380 -0.432404 
381 0.449166 
382 -0.199109 
383 -0.183466 
384 -0.100008 
385 0.246323 
386 -0.199552 
387 -0.225845 
388 -0.465808 
389 0.369444 
390 0.321341 
391 0.092995 
392 0.127886 
393 0.092995 
394 -0.263619 
395 0.394826 
396 -0.250275 
397 -0.310181 
398 -0.263619 
399 -0.081236 
400 0.228633 
401 -0.329881 
402 -0.434053 
403 -0.432404 
404 0.383760 
405 0.331586 
406 -0.452302 
407 -0.494746 
408 0.394826 
409 -0.110120 
410 0.364853 
411 -0.352854 
412 0.474322 
413 -0.110120 
414 0.263397 
415 -0.297992 
416 0.186173 
417 -0.470923 
418 -0.188054 
419 -0.186804 
420 0.199275 
421 -0.077868 
422 -0.186804 
423 0.199275 
424 -0.081236 
425 -0.484451 
426 0.366875 
427 -0.163138 
428 -0.103964 
429 0.304014 
430 0.033882 
431 -0.163138 
432 -0.089119 
433 -0.089119 
434 0.114303 
435 0.325267 
436 0.263200 
437 0.366875 
438 -0.233859 
439 -0.245254 
440 0.366875 
441 -0.233859 
442 0.182382 
443 -0.348067 
444 0.331663 
445 0.092184 
446 0.397611 
447 0.258108 
448 -0.016485 
449 0.103434 
450 0.363014 
451 -0.346942 
452 -0.348067 
453 -0.318609 
454 -0.239297 
455 0.363014 
456 0.082508 
457 0.383760 
458 0.103967 
459 -0.081236 
460 0.413943 
461 -0.067152 
462 0.471933 
463 -0.359913 
464 0.228633 
465 0.471933 
466 0.317019 
467 0.265309 
468 0.424882 
469 -0.010154 
470 -0.078085 
471 -0.064070 
472 0.317019 
473 0.449166 
474 -0.242911 
475 0.406440 
476 -0.016485 
477 0.082508 
478 0.112770 
479 0.406440 
480 0.228633 
481 -0.078085 
482 -0.100008 
483 0.127886 
484 -0.078085 
485 -0.250275 
486 -0.310181 
487 0.397611 
488 0.258108 
489 -0.219113 
490 -0.329881 
491 -0.434053 
492 0.331586 
493 -0.219113 
494 -0.297877 
495 -0.452302 
496 -0.494746 
497 0.364853 
498 -0.297877 
499 0.092184 
500 -0.245254 
501 0.051200 
502 -0.077868 
503 -0.226949 
504 -0.352854 
505 0.474322 
506 -0.077868 
507 -0.245254 
508 0.051200 
509 -0.110120 
510 0.263397 
511 -0.297992 
512 0.186173 
513 -0.470923 
514 -0.110120 
515 0.406440 
516 0.182382 
517 0.112770 
518 -0.226949 
519 -0.074086 
520 -0.010154 
521 -0.481466 
522 -0.318609 
523 -0.481466 
524 0.274526 
525 -0.396548 
526 -0.107943 
527 -0.074086 
528 -0.181516 
529 -0.363647 
530 -0.074086 
531 -0.186804 
532 0.130662 
533 -0.181516 
534 -0.431198 
535 -0.094708 
536 -0.481692 
537 0.112770 
538 -0.180206 
539 -0.481692 
540 -0.014608 
541 -0.195486 
542 -0.010154 
543 0.453685 
544 -0.168442 
545 -0.011724 
546 -0.195486 
547 -0.069916 
548 -0.077518 
549 0.038725 
550 -0.426793 
551 -0.010154 
552 0.406440 
553 0.210667 
554 0.411175 
555 -0.441311 
556 -0.133387 
557 -0.226949 
558 0.372125 
559 -0.133387 
560 -0.067790 
561 -0.284887 
562 -0.363543 
563 0.419044 
564 -0.385053 
565 -0.067790 
566 -0.054283 
567 0.473075 
568 -0.486108 
569 -0.019278 
570 -0.472578 
571 -0.366266 
572 -0.472578 
573 -0.486108 
574 0.169007 
575 0.478391 
576 0.209011 
577 -0.019278 
578 0.221582 
579 -0.004312 
580 0.210667 
581 -0.232503 
582 0.411175 
583 -0.426793 
584 0.337968 
585 -0.149887 
586 0.337968 
587 0.245729 
588 0.285953 
589 -0.186804 
590 0.233207 
591 0.383834 
592 0.427561 
593 -0.315159 
594 -0.061781 
595 0.274526 
596 0.233207 
597 0.250010 
598 0.430617 
599 -0.181516 
600 -0.061781 
601 -0.181516 
602 -0.481692 
603 -0.153768 
604 -0.481692 
605 -0.315159 
606 0.274526 
607 0.233207 
608 -0.018276 
609 0.233207 
610 0.083809 
611 -0.004312 
612 -0.312612 
613 0.452191 
614 -0.094341 
615 0.399485 
616 0.282626 
617 -0.094341 
618 -0.185539 
619 0.399485 
620 -0.138447 
621 0.153384 
622 0.170787 
623 -0.318609 
624 -0.054283 
625 0.118064 
626 0.119737 
627 -0.138447 
628 0.153384 
629 -0.260232 
630 0.159221 
631 0.473075 
632 0.082508 
633 -0.442568 
634 0.105310 
635 0.351888 
636 -0.318609 
637 -0.481466 
638 0.265098 
639 -0.199109 
640 -0.183466 
641 -0.260232 
642 0.159221 
643 0.100601 
644 0.101683 
645 -0.463986 
646 -0.299682 
647 -0.163348 
648 0.140856 
649 0.142019 
650 0.082508 
651 -0.235126 
652 0.301044 
653 0.293263 
654 -0.203428 
655 0.142019 
656 -0.024163 
657 -0.312612 
658 0.452191 
659 -0.153146 
660 0.112577 
661 0.130662 
662 0.334552 
663 0.011935 
664 -0.341644 
665 -0.225845 
666 0.334552 
667 -0.396548 
668 -0.465808 
669 -0.396548 
670 0.369444 
671 -0.107943 
672 -0.363647 
673 0.321341 
674 -0.107943 
675 -0.394130 
676 0.191899 
677 -0.107485 
678 -0.363647 
679 0.383695 
680 0.160938 
681 0.130662 
682 -0.011146 
683 -0.309065 
684 -0.024163 
685 -0.419518 
686 -0.431198 
687 -0.334933 
688 -0.431198 
689 -0.202235 
690 0.166960 
691 -0.070193 
692 -0.061781 
693 0.378093 
694 0.471074 
695 -0.188603 
696 -0.070193 
697 -0.061781 
698 0.001898 
699 0.100601 
700 0.001898 
701 -0.094708 
702 -0.450828 
703 -0.101040 
704 -0.408322 
705 -0.481466 
706 0.035016 
707 0.484244 
708 -0.132714 
709 0.135620 
710 -0.094708 
711 -0.003932 
712 -0.180206 
713 0.210667 
714 0.323866 
715 -0.180206 
716 0.054421 
717 0.357570 
718 0.210667 
719 -0.328203 
720 0.456052 
721 -0.419518 
722 0.018911 
723 -0.398929 
724 -0.193207 
725 0.456052 
726 -0.334933 
727 0.146749 
728 0.062827 
729 -0.473023 
730 0.337968 
731 -0.054283 
732 -0.484480 
733 -0.019278 
734 0.059266 
735 -0.484480 
736 -0.054283 
737 0.160477 
738 -0.398929 
739 0.160477 
740 -0.019278 
741 -0.003932 
742 -0.193207 
743 0.054421 
744 0.146749 
745 0.062827 
746 0.399485 
747 0.006666 
748 0.059266 
749 0.034478 
750 -0.403160 
751 0.083809 
752 0.282626 
753 -0.185539 
754 0.170787 
755 -0.195486 
756 -0.014608 
757 -0.195486 
758 -0.014608 
759 -0.473023 
760 -0.138447 
761 0.337968 
762 0.118064 
763 0.119737 
764 -0.442568 
765 0.246323 
766 0.399485 
767 -0.163138 
768 0.105310 
769 0.246323 
770 -0.158831 
771 -0.341349 
772 -0.199552 
773 0.006666 
774 0.199275 
775 -0.233191 
776 0.389526 
777 -0.199552 
778 0.447875 
779 -0.094341 
780 0.199275 
781 0.035016 
782 0.447875 
783 -0.081236 
784 0.484244 
785 -0.094341 
786 -0.132714 
787 0.135620 
788 0.323866 
789 0.453685 
790 0.357570 
791 -0.081236 
792 -0.312612 
793 0.453685 
794 -0.328203 
795 -0.312612 
796 0.411175 
797 0.018911 
798 -0.168442 
799 -0.138447 
800 0.153384 
801 -0.110120 
802 0.101683 
803 -0.463986 
804 0.153384 
805 -0.163138 
806 -0.299682 
807 -0.163348 
808 -0.260232 
809 -0.318609 
810 0.140856 
811 -0.260232 
812 -0.235126 
813 0.301044 
814 0.366875 
815 -0.245254 
816 0.293263 
817 0.366875 
818 -0.245254 
819 -0.203428 
820 -0.153146 
821 0.159221 
822 0.411175 
823 0.112577 
824 0.159221 
825 -0.225393 
826 -0.426793 
827 -0.225393 
828 -0.426793 
829 -0.168442 
830 -0.110120 
831 0.011935 
832 -0.318609 
833 -0.341644 
834 0.332690 
835 0.100601 
836 -0.186804 
837 0.308500 
838 -0.186804 
839 0.262016 
840 -0.346942 
841 -0.239297 
842 0.082508 
843 -0.481466 
844 0.103967 
845 0.413943 
846 -0.481466 
847 -0.223086 
848 -0.223086 
849 -0.067152 
850 -0.359913 
851 0.265309 
852 -0.225341 
853 -0.133387 
854 0.424882 
855 -0.133387 
856 -0.225393 
857 -0.225393 
858 0.334552 
859 0.100601 
860 -0.064070 
861 -0.158831 
862 0.334552 
863 -0.341349 
864 -0.233191 
865 0.389526 
866 0.231402 
867 0.082508 
868 0.231402 
869 0.270003 
870 0.005807 
871 0.141336 
872 -0.011724 
873 -0.460118 
874 0.089609 
875 -0.460118 
876 -0.061781 
877 -0.069916 
878 -0.061781 
879 -0.432404 
880 0.210667 
881 -0.432404 
882 -0.225341 
883 -0.077518 
884 0.038725 
885 0.452191 
886 0.383760 
887 -0.441311 
888 -0.011724 
889 0.372125 
890 -0.284887 
891 -0.363543 
892 -0.419518 
893 0.419044 
894 -0.385053 
895 -0.419518 
896 -0.366266 
897 0.169007 
898 0.210667 
899 -0.263619 
900 0.452191 
901 0.478391 
902 0.209011 
903 0.383760 
904 -0.394130 
905 -0.263619 
906 0.142019 
907 0.191899 
908 -0.024163 
909 -0.054283 
910 0.142019 
911 0.308500 
912 0.332690 
913 -0.107485 
914 -0.024163 
915 -0.054283 
916 0.092184 
917 0.308500 
918 0.332690 
919 0.383695 
920 0.160938 
921 0.092184 
922 -0.011146 
923 -0.309065 
924 -0.202235 
925 0.166960 
926 0.001898 
927 0.378093 
928 0.001898 
929 0.471074 
930 0.262016 
931 0.351888 
932 -0.484480 
933 0.262016 
934 0.265098 
935 -0.484480 
936 -0.199109 
937 -0.183466 
938 -0.100008 
939 -0.158831 
940 -0.341349 
941 -0.233191 
942 0.389526 
943 0.035016 
944 0.484244 
945 -0.348067 
946 -0.132714 
947 -0.348067 
948 0.135620 
949 0.160477 
950 0.323866 
951 0.357570 
952 0.160477 
953 -0.328203 
954 0.018911 
955 -0.398929 
956 -0.193207 
957 0.146749 
