2314 1
0 -0.089633 
1 -0.482725 
2 0.039546 
3 -0.087407 
4 0.359122 
5 -0.428896 
6 -0.181978 
7 0.368863 
8 -0.117968 
9 -0.181978 
10 -0.433953 
11 -0.181978 
12 -0.433953 
13 -0.242936 
14 -0.115761 
15 -0.181978 
16 -0.181978 
17 -0.370732 
18 0.368863 
19 -0.181978 
20 -0.453831 
21 0.430373 
22 0.128010 
23 -0.071208 
24 0.368863 
25 -0.000136 
26 0.152449 
27 -0.370732 
28 0.368863 
29 -0.370732 
30 -0.420626 
31 -0.393104 
32 0.426281 
33 -0.393104 
34 0.430373 
35 0.064053 
36 -0.089633 
37 0.439302 
38 -0.370732 
39 0.426281 
40 0.142831 
41 -0.433953 
42 -0.228992 
43 -0.433953 
44 -0.087407 
45 -0.181978 
46 0.368863 
47 0.425951 
48 -0.378430 
49 -0.433953 
50 0.142831 
51 0.136731 
52 -0.420626 
53 -0.192096 
54 0.128010 
55 -0.341354 
56 0.425951 
57 -0.370732 
58 0.337238 
59 -0.181978 
60 0.439302 
61 -0.468205 
62 0.425951 
63 0.426281 
64 -0.157004 
65 -0.131738 
66 0.152449 
67 -0.089633 
68 -0.181978 
69 0.384882 
70 -0.196563 
71 0.465811 
72 -0.181978 
73 -0.026071 
74 -0.272868 
75 -0.089633 
76 -0.038475 
77 -0.042840 
78 0.142831 
79 -0.089633 
80 -0.109055 
81 0.430373 
82 0.231154 
83 -0.060380 
84 -0.133689 
85 -0.181978 
86 -0.196563 
87 -0.196563 
88 -0.356785 
89 0.335867 
90 -0.181978 
91 -0.046734 
92 0.368863 
93 0.015176 
94 0.417309 
95 -0.213711 
96 -0.026071 
97 0.425951 
98 -0.308726 
99 -0.347638 
100 0.417309 
101 0.337238 
102 0.337238 
103 -0.196563 
104 0.425951 
105 -0.042840 
106 0.067552 
107 -0.370732 
108 -0.273881 
109 -0.109055 
110 -0.109055 
111 0.064053 
112 -0.196563 
113 0.176261 
114 -0.106566 
115 0.425951 
116 -0.393104 
117 0.064053 
118 0.152449 
119 0.152449 
120 0.128010 
121 0.205938 
122 -0.181978 
123 0.176261 
124 -0.393104 
125 -0.196563 
126 -0.060380 
127 -0.181978 
128 -0.347638 
129 0.462769 
130 -0.364338 
131 -0.343849 
132 -0.046734 
133 -0.369680 
134 0.390318 
135 0.427447 
136 -0.393104 
137 0.152449 
138 -0.181978 
139 -0.196563 
140 -0.109055 
141 -0.141087 
142 0.064053 
143 -0.420626 
144 0.281247 
145 -0.383245 
146 0.335867 
147 -0.026071 
148 -0.196563 
149 -0.452832 
150 -0.181978 
151 -0.030462 
152 0.225274 
153 -0.321795 
154 -0.273881 
155 0.067552 
156 0.177309 
157 -0.420626 
158 0.393812 
159 -0.038475 
160 -0.008259 
161 -0.051349 
162 -0.060380 
163 0.035033 
164 0.067552 
165 0.338033 
166 -0.420626 
167 -0.421000 
168 -0.060380 
169 0.041987 
170 -0.079838 
171 -0.187171 
172 -0.415787 
173 0.199097 
174 0.456634 
175 0.155880 
176 -0.038475 
177 -0.107855 
178 0.064053 
179 0.155880 
180 0.465811 
181 -0.370732 
182 0.136731 
183 0.041987 
184 -0.181978 
185 -0.008259 
186 -0.060380 
187 -0.026071 
188 0.489960 
189 0.335867 
190 -0.196563 
191 -0.383293 
192 0.142831 
193 0.041987 
194 -0.369680 
195 -0.420259 
196 -0.370732 
197 0.128010 
198 0.471804 
199 0.067552 
200 -0.482725 
201 0.372472 
202 0.368863 
203 -0.192096 
204 -0.420626 
205 0.336762 
206 -0.256944 
207 0.176261 
208 0.199097 
209 0.055902 
210 -0.341354 
211 -0.378430 
212 -0.433953 
213 -0.327564 
214 0.152449 
215 0.368863 
216 0.489960 
217 -0.482725 
218 0.064053 
219 0.136442 
220 -0.364338 
221 0.067552 
222 -0.046734 
223 -0.196563 
224 -0.273881 
225 -0.370732 
226 -0.056916 
227 -0.181978 
228 0.128010 
229 0.426281 
230 0.126088 
231 -0.109055 
232 0.152449 
233 -0.192096 
234 0.067552 
235 0.439302 
236 -0.364338 
237 0.142831 
238 0.004546 
239 -0.192096 
240 0.231154 
241 -0.192096 
242 -0.369680 
243 -0.157004 
244 0.348087 
245 -0.038475 
246 -0.487510 
247 -0.087127 
248 -0.038475 
249 -0.038475 
250 -0.181978 
251 0.384882 
252 -0.223487 
253 -0.007182 
254 -0.042840 
255 -0.198461 
256 -0.378430 
257 -0.042840 
258 -0.089633 
259 -0.196563 
260 -0.038475 
261 0.035033 
262 -0.273881 
263 0.176261 
264 0.426281 
265 0.439302 
266 -0.420626 
267 0.489960 
268 -0.196563 
269 -0.181978 
270 0.039546 
271 -0.492982 
272 -0.445147 
273 0.152449 
274 0.011174 
275 -0.444859 
276 0.335867 
277 -0.421000 
278 -0.087407 
279 0.417309 
280 -0.198461 
281 -0.042840 
282 -0.181978 
283 0.427447 
284 0.430373 
285 -0.341354 
286 -0.266792 
287 -0.382435 
288 0.335867 
289 -0.051349 
290 -0.124909 
291 0.152449 
292 -0.192096 
293 -0.212065 
294 0.335867 
295 -0.157004 
296 0.427447 
297 -0.071208 
298 -0.141087 
299 0.244981 
300 0.155880 
301 0.337238 
302 0.465811 
303 -0.095492 
304 0.142831 
305 0.489960 
306 0.268112 
307 0.225274 
308 -0.157004 
309 0.015176 
310 -0.037070 
311 -0.445147 
312 0.255783 
313 -0.157004 
314 -0.157004 
315 -0.038475 
316 0.281247 
317 0.430373 
318 0.430373 
319 -0.181978 
320 -0.140893 
321 -0.444859 
322 -0.308726 
323 -0.273881 
324 -0.421000 
325 -0.364338 
326 -0.087407 
327 -0.341354 
328 -0.420626 
329 0.064053 
330 0.000088 
331 -0.445147 
332 -0.452832 
333 -0.329769 
334 -0.087407 
335 -0.042170 
336 0.384882 
337 -0.421000 
338 -0.042170 
339 -0.421000 
340 -0.181978 
341 0.427447 
342 0.426281 
343 0.152449 
344 -0.026071 
345 0.199097 
346 0.439302 
347 0.439302 
348 0.426281 
349 -0.369680 
350 0.256280 
351 0.337238 
352 0.011174 
353 0.368863 
354 -0.042256 
355 0.427447 
356 0.439302 
357 -0.420626 
358 0.015176 
359 0.231154 
360 0.286080 
361 -0.037070 
362 0.337238 
363 -0.359296 
364 -0.106566 
365 -0.001513 
366 -0.378430 
367 0.126088 
368 -0.428896 
369 -0.181978 
370 -0.327564 
371 0.064053 
372 0.165200 
373 -0.465908 
374 0.142831 
375 -0.378430 
376 0.231154 
377 0.225274 
378 0.308628 
379 -0.115214 
380 -0.037070 
381 -0.393104 
382 0.011174 
383 0.152449 
384 0.035033 
385 -0.378430 
386 -0.198461 
387 -0.421911 
388 -0.060380 
389 -0.181978 
390 0.176261 
391 0.015176 
392 -0.131738 
393 0.281247 
394 -0.192096 
395 -0.187171 
396 0.140313 
397 -0.007182 
398 0.281247 
399 -0.069249 
400 -0.420626 
401 -0.095492 
402 0.035033 
403 0.015176 
404 -0.445147 
405 -0.181978 
406 0.177309 
407 0.231154 
408 0.439302 
409 0.404477 
410 0.011174 
411 -0.465908 
412 -0.465908 
413 -0.444859 
414 -0.115761 
415 0.152449 
416 0.142831 
417 -0.308726 
418 -0.181978 
419 0.259365 
420 -0.181978 
421 -0.223487 
422 -0.369680 
423 -0.013014 
424 0.225274 
425 0.115854 
426 -0.453831 
427 -0.198461 
428 0.225274 
429 -0.196563 
430 -0.198461 
431 -0.386244 
432 0.430373 
433 0.152449 
434 -0.482725 
435 -0.482725 
436 0.456634 
437 0.039546 
438 -0.491252 
439 -0.308726 
440 -0.313505 
441 0.055902 
442 -0.420259 
443 -0.242936 
444 0.483509 
445 0.064053 
446 -0.089633 
447 -0.465908 
448 -0.358004 
449 -0.038475 
450 0.281247 
451 -0.181978 
452 -0.181978 
453 0.177037 
454 0.011174 
455 -0.482725 
456 -0.124909 
457 -0.452832 
458 -0.109055 
459 -0.329769 
460 0.402134 
461 -0.268268 
462 0.426281 
463 0.011174 
464 -0.444859 
465 -0.255289 
466 -0.042170 
467 -0.364338 
468 -0.071208 
469 -0.359296 
470 -0.482725 
471 0.176261 
472 -0.181978 
473 0.430373 
474 -0.079838 
475 0.244981 
476 -0.364338 
477 -0.046734 
478 -0.196563 
479 -0.196563 
480 0.064053 
481 -0.452832 
482 -0.204154 
483 -0.181978 
484 -0.181978 
485 0.215152 
486 0.064053 
487 -0.481518 
488 -0.051349 
489 0.281247 
490 -0.294387 
491 0.368863 
492 0.368863 
493 -0.106566 
494 -0.194666 
495 0.126088 
496 0.014651 
497 0.421990 
498 0.372472 
499 -0.294387 
500 -0.341354 
501 -0.115761 
502 -0.117968 
503 0.136442 
504 -0.321795 
505 -0.329769 
506 -0.051349 
507 -0.192096 
508 0.035033 
509 -0.445147 
510 -0.341354 
511 -0.280541 
512 -0.056916 
513 0.489960 
514 0.244981 
515 -0.465908 
516 -0.106566 
517 0.430373 
518 0.140313 
519 0.335867 
520 -0.095492 
521 0.244981 
522 0.489960 
523 0.426281 
524 0.404477 
525 0.417309 
526 -0.213711 
527 -0.369680 
528 0.255783 
529 0.199097 
530 0.244981 
531 0.417309 
532 -0.378430 
533 -0.007182 
534 0.417309 
535 -0.321795 
536 0.286080 
537 -0.051349 
538 0.259365 
539 0.426281 
540 -0.045320 
541 0.483509 
542 0.011174 
543 -0.369680 
544 0.015176 
545 0.011174 
546 -0.051349 
547 -0.433953 
548 -0.106566 
549 0.426281 
550 0.064053 
551 0.404477 
552 0.215152 
553 -0.087127 
554 -0.272040 
555 0.337238 
556 0.488916 
557 0.404477 
558 -0.364338 
559 0.426281 
560 0.126088 
561 0.126088 
562 0.426281 
563 -0.420259 
564 -0.272040 
565 0.383243 
566 -0.124909 
567 -0.104464 
568 -0.369680 
569 -0.492982 
570 0.140313 
571 -0.141087 
572 -0.294387 
573 -0.369680 
574 -0.369680 
575 -0.428896 
576 0.212912 
577 -0.341354 
578 -0.419301 
579 -0.046734 
580 0.426281 
581 -0.087127 
582 -0.329769 
583 0.215152 
584 0.337238 
585 0.142831 
586 0.268112 
587 -0.444859 
588 -0.157211 
589 -0.196563 
590 0.430373 
591 0.205938 
592 -0.465908 
593 0.372472 
594 -0.157211 
595 0.281247 
596 0.372472 
597 0.404477 
598 -0.181978 
599 -0.223487 
600 -0.181978 
601 0.426281 
602 -0.187171 
603 0.039546 
604 -0.365487 
605 0.199097 
606 -0.051349 
607 -0.428896 
608 -0.481518 
609 0.268112 
610 -0.046407 
611 -0.364338 
612 0.215152 
613 0.426281 
614 0.348087 
615 -0.194929 
616 -0.046734 
617 0.011174 
618 0.196173 
619 0.039546 
620 0.268112 
621 -0.038475 
622 -0.181978 
623 0.420651 
624 -0.445147 
625 0.155880 
626 0.344663 
627 -0.280541 
628 -0.420626 
629 0.386376 
630 -0.491252 
631 -0.428896 
632 -0.181978 
633 0.348087 
634 -0.294387 
635 0.039546 
636 0.462769 
637 0.386376 
638 0.420651 
639 -0.420259 
640 0.417309 
641 -0.359296 
642 -0.046734 
643 -0.042840 
644 0.386376 
645 -0.157211 
646 -0.115214 
647 -0.042170 
648 0.372472 
649 0.348087 
650 -0.329769 
651 -0.343849 
652 -0.181978 
653 0.268112 
654 0.259365 
655 -0.141660 
656 -0.308726 
657 0.126088 
658 0.337238 
659 0.430373 
660 -0.181978 
661 0.421990 
662 0.348087 
663 0.358179 
664 -0.181978 
665 -0.452832 
666 0.015176 
667 -0.393104 
668 -0.141087 
669 -0.343849 
670 0.015176 
671 0.281247 
672 -0.115761 
673 0.324175 
674 -0.445147 
675 -0.343849 
676 -0.037070 
677 -0.042170 
678 -0.364338 
679 -0.492982 
680 -0.228992 
681 -0.181978 
682 0.444519 
683 -0.341354 
684 0.142831 
685 -0.192096 
686 -0.393104 
687 0.140313 
688 -0.482725 
689 0.255783 
690 -0.095492 
691 0.142831 
692 -0.491252 
693 -0.095492 
694 -0.037070 
695 -0.115761 
696 -0.095492 
697 -0.367603 
698 -0.038475 
699 0.096175 
700 0.215152 
701 -0.198461 
702 0.426281 
703 0.205938 
704 0.308628 
705 -0.078351 
706 0.417309 
707 -0.141087 
708 0.205938 
709 0.118353 
710 -0.141087 
711 0.451890 
712 -0.131738 
713 -0.420626 
714 0.402134 
715 0.093506 
716 -0.042170 
717 -0.280541 
718 -0.393104 
719 0.041987 
720 -0.109055 
721 0.212912 
722 -0.445147 
723 -0.370732 
724 -0.008259 
725 0.421990 
726 -0.051349 
727 -0.181978 
728 -0.000136 
729 0.426281 
730 0.426281 
731 -0.038475 
732 -0.106566 
733 0.331152 
734 -0.481518 
735 -0.087407 
736 0.489960 
737 0.489960 
738 0.227944 
739 0.348249 
740 -0.369680 
741 -0.204154 
742 -0.117968 
743 -0.157004 
744 0.136442 
745 -0.367603 
746 -0.042170 
747 -0.343849 
748 0.348087 
749 -0.051349 
750 -0.428896 
751 0.155880 
752 -0.087127 
753 0.324175 
754 -0.444859 
755 -0.490881 
756 -0.453831 
757 0.215152 
758 0.155880 
759 -0.487510 
760 -0.046734 
761 0.444519 
762 -0.038475 
763 0.014651 
764 0.489960 
765 -0.444859 
766 0.489960 
767 -0.294387 
768 -0.343849 
769 -0.187171 
770 -0.273881 
771 -0.046734 
772 -0.341354 
773 -0.273881 
774 -0.051349 
775 -0.117968 
776 0.212912 
777 -0.272040 
778 0.041987 
779 -0.051349 
780 -0.364338 
781 -0.213711 
782 -0.453831 
783 0.196173 
784 0.244981 
785 -0.341354 
786 0.372472 
787 -0.266792 
788 0.439302 
789 0.067552 
790 0.384882 
791 -0.137849 
792 -0.393104 
793 -0.321795 
794 -0.301807 
795 -0.192096 
796 -0.038475 
797 -0.393104 
798 -0.060591 
799 0.281247 
800 0.417309 
801 0.386376 
802 -0.301807 
803 -0.419301 
804 -0.301807 
805 -0.115761 
806 -0.228992 
807 0.124768 
808 -0.294387 
809 -0.124909 
810 0.011174 
811 -0.294387 
812 -0.181978 
813 -0.370732 
814 -0.046734 
815 -0.181978 
816 0.426281 
817 -0.364338 
818 0.155880 
819 -0.141087 
820 0.255783 
821 0.259365 
822 -0.341354 
823 0.444519 
824 -0.194666 
825 -0.444859 
826 -0.294387 
827 -0.079838 
828 0.281247 
829 0.439302 
830 -0.452832 
831 0.105380 
832 -0.001513 
833 0.439302 
834 0.215152 
835 0.489960 
836 -0.383293 
837 0.142831 
838 0.384882 
839 -0.273881 
840 0.430373 
841 0.064053 
842 -0.452832 
843 -0.321795 
844 -0.280541 
845 -0.490881 
846 -0.272040 
847 0.384882 
848 -0.321795 
849 0.128010 
850 0.150698 
851 0.124715 
852 0.155880 
853 -0.196563 
854 0.285549 
855 -0.038475 
856 -0.192096 
857 -0.492982 
858 -0.308726 
859 0.215152 
860 0.426281 
861 0.372472 
862 -0.419301 
863 -0.365487 
864 -0.347638 
865 -0.420259 
866 0.039546 
867 -0.181978 
868 -0.069249 
869 -0.358004 
870 0.215152 
871 0.426281 
872 0.372472 
873 -0.294387 
874 -0.181978 
875 -0.321795 
876 0.331152 
877 -0.445147 
878 -0.420259 
879 -0.223487 
880 0.359122 
881 0.426281 
882 -0.213711 
883 -0.192096 
884 0.359122 
885 0.489960 
886 0.140313 
887 0.483509 
888 0.086681 
889 -0.181978 
890 -0.013014 
891 0.215152 
892 0.417309 
893 0.155880 
894 0.055902 
895 0.281247 
896 0.281247 
897 0.337238 
898 -0.042170 
899 -0.079838 
900 0.152449 
901 -0.133689 
902 0.255783 
903 -0.008259 
904 -0.046734 
905 0.344663 
906 0.205938 
907 0.426281 
908 -0.370732 
909 0.426281 
910 0.386376 
911 -0.367603 
912 0.011174 
913 0.462769 
914 0.128010 
915 -0.457579 
916 -0.288979 
917 0.421990 
918 -0.078351 
919 -0.037070 
920 0.439302 
921 0.244981 
922 -0.433953 
923 0.231154 
924 0.368863 
925 0.285549 
926 0.462769 
927 -0.434738 
928 -0.301807 
929 -0.433953 
930 0.015176 
931 0.255783 
932 0.471804 
933 0.196173 
934 -0.370732 
935 0.462769 
936 0.152449 
937 0.064730 
938 -0.419301 
939 0.430373 
940 0.281247 
941 0.426281 
942 -0.187171 
943 0.196173 
944 0.152449 
945 -0.051349 
946 0.368863 
947 0.426281 
948 -0.069249 
949 -0.115214 
950 -0.420259 
951 -0.272040 
952 0.000088 
953 -0.321795 
954 0.152449 
955 0.039546 
956 -0.490881 
957 -0.181978 
958 0.259365 
959 -0.491252 
960 -0.063861 
961 -0.030462 
962 -0.358004 
963 -0.157004 
964 -0.382950 
965 0.430373 
966 -0.280541 
967 0.285549 
968 0.136442 
969 0.136731 
970 -0.042170 
971 0.489960 
972 0.244981 
973 -0.228992 
974 0.281247 
975 0.067552 
976 -0.195222 
977 0.136731 
978 0.337238 
979 -0.079838 
980 -0.487510 
981 0.337238 
982 0.430373 
983 0.335867 
984 -0.421911 
985 -0.321795 
986 -0.008259 
987 0.064053 
988 0.462769 
989 0.281247 
990 0.136442 
991 0.372472 
992 -0.433953 
993 -0.428896 
994 0.335867 
995 -0.079838 
996 0.142831 
997 -0.273881 
998 -0.268268 
999 -0.358004 
1000 -0.109055 
1001 -0.213711 
1002 0.201182 
1003 -0.370732 
1004 -0.181978 
1005 0.064053 
1006 0.155880 
1007 -0.453831 
1008 -0.444859 
1009 0.142831 
1010 -0.196563 
1011 -0.157211 
1012 -0.273881 
1013 0.372472 
1014 0.035033 
1015 -0.141660 
1016 0.372472 
1017 0.308628 
1018 0.281247 
1019 -0.419301 
1020 -0.280237 
1021 -0.370732 
1022 0.384882 
1023 0.426281 
1024 0.140313 
1025 -0.280541 
1026 -0.321795 
1027 -0.468205 
1028 0.281247 
1029 -0.078351 
1030 0.096175 
1031 -0.419301 
1032 0.430373 
1033 -0.181978 
1034 -0.358004 
1035 -0.294265 
1036 0.489960 
1037 -0.181978 
1038 -0.042170 
1039 -0.485436 
1040 -0.124909 
1041 -0.038475 
1042 -0.117968 
1043 0.212912 
1044 -0.181978 
1045 -0.301807 
1046 0.384882 
1047 0.281247 
1048 -0.124909 
1049 -0.370732 
1050 -0.054718 
1051 -0.037070 
1052 0.128010 
1053 0.337238 
1054 -0.213711 
1055 0.421990 
1056 0.152449 
1057 0.039546 
1058 -0.444859 
1059 0.255783 
1060 -0.382435 
1061 0.417309 
1062 -0.133689 
1063 0.430373 
1064 -0.195222 
1065 -0.420259 
1066 0.281247 
1067 0.064053 
1068 0.352396 
1069 -0.196563 
1070 0.335867 
1071 -0.037070 
1072 0.231666 
1073 -0.428896 
1074 0.000088 
1075 0.426281 
1076 0.225274 
1077 0.215152 
1078 0.152449 
1079 -0.294387 
1080 -0.117968 
1081 0.039546 
1082 -0.228992 
1083 0.142831 
1084 0.196173 
1085 0.152449 
1086 -0.382950 
1087 -0.358004 
1088 -0.294387 
1089 0.281247 
1090 0.041987 
1091 0.152449 
1092 0.259365 
1093 0.199364 
1094 -0.428896 
1095 0.215152 
1096 0.255783 
1097 0.268112 
1098 0.142831 
1099 -0.294265 
1100 0.483509 
1101 0.456634 
1102 0.421990 
1103 0.386376 
1104 -0.492982 
1105 -0.444859 
1106 -0.142846 
1107 0.041987 
1108 0.196173 
1109 0.014651 
1110 -0.383245 
1111 -0.272040 
1112 -0.181978 
1113 -0.137849 
1114 0.152449 
1115 0.344663 
1116 -0.001513 
1117 -0.419301 
1118 -0.027253 
1119 0.067552 
1120 0.489960 
1121 0.064053 
1122 -0.001513 
1123 -0.434738 
1124 0.383243 
1125 0.352396 
1126 -0.196563 
1127 -0.181978 
1128 -0.359296 
1129 0.039546 
1130 -0.109055 
1131 -0.445147 
1132 -0.433953 
1133 -0.089633 
1134 -0.117968 
1135 0.344663 
1136 -0.181978 
1137 0.372472 
1138 -0.419301 
1139 -0.273881 
1140 -0.445147 
1141 -0.157211 
1142 -0.367603 
1143 -0.000136 
1144 0.444519 
1145 -0.421911 
1146 0.426281 
1147 0.384882 
1148 0.335867 
1149 -0.490881 
1150 -0.420259 
1151 -0.272868 
1152 -0.181978 
1153 -0.420259 
1154 -0.308726 
1155 0.215152 
1156 -0.157004 
1157 0.337238 
1158 -0.358004 
1159 -0.420259 
1160 0.417309 
1161 0.483509 
1162 0.000088 
1163 -0.042170 
1164 -0.386244 
1165 -0.157211 
1166 0.067552 
1167 -0.308726 
1168 0.259365 
1169 0.448799 
1170 -0.196563 
1171 -0.223487 
1172 0.162053 
1173 -0.428896 
1174 -0.037070 
1175 -0.079838 
1176 -0.157211 
1177 -0.370732 
1178 -0.298102 
1179 0.281247 
1180 0.035033 
1181 0.285549 
1182 -0.421911 
1183 -0.133689 
1184 0.281247 
1185 -0.042170 
1186 0.268112 
1187 0.142831 
1188 -0.181978 
1189 0.136442 
1190 0.427447 
1191 -0.181978 
1192 0.358179 
1193 0.474930 
1194 -0.359296 
1195 -0.157004 
1196 -0.367603 
1197 -0.358004 
1198 -0.378430 
1199 0.337238 
1200 -0.301807 
1201 -0.445147 
1202 0.015176 
1203 -0.051349 
1204 0.201182 
1205 0.335867 
1206 0.384882 
1207 -0.327564 
1208 0.215152 
1209 0.205938 
1210 0.281247 
1211 -0.383245 
1212 -0.042170 
1213 -0.419301 
1214 0.281247 
1215 0.259365 
1216 -0.294265 
1217 -0.482725 
1218 0.444519 
1219 0.033383 
1220 0.426281 
1221 0.430373 
1222 0.430373 
1223 0.281247 
1224 -0.079838 
1225 0.425951 
1226 0.136731 
1227 -0.181978 
1228 -0.445147 
1229 -0.419301 
1230 0.426281 
1231 0.384882 
1232 0.281247 
1233 0.041987 
1234 0.015176 
1235 -0.109055 
1236 0.196173 
1237 0.041987 
1238 -0.378430 
1239 -0.360407 
1240 -0.181978 
1241 -0.358004 
1242 -0.492982 
1243 0.155880 
1244 -0.181978 
1245 -0.194929 
1246 -0.358004 
1247 -0.358004 
1248 -0.054718 
1249 -0.107855 
1250 0.335867 
1251 -0.327564 
1252 0.439302 
1253 -0.490108 
1254 0.417309 
1255 0.337238 
1256 -0.046734 
1257 -0.371885 
1258 -0.133689 
1259 0.152449 
1260 -0.491252 
1261 0.255783 
1262 0.417309 
1263 -0.117968 
1264 0.426281 
1265 -0.288979 
1266 0.425951 
1267 0.281247 
1268 -0.051349 
1269 0.488916 
1270 0.285549 
1271 0.152449 
1272 -0.246535 
1273 0.281247 
1274 0.417309 
1275 -0.042256 
1276 -0.273881 
1277 -0.294387 
1278 0.015176 
1279 -0.367603 
1280 -0.378430 
1281 -0.343849 
1282 -0.433953 
1283 -0.364628 
1284 -0.223487 
1285 -0.228992 
1286 0.152449 
1287 -0.157004 
1288 0.215152 
1289 0.426281 
1290 0.142831 
1291 -0.107855 
1292 0.215152 
1293 0.285549 
1294 -0.445147 
1295 -0.419301 
1296 0.383243 
1297 -0.421911 
1298 -0.365487 
1299 -0.491252 
1300 0.427006 
1301 0.152449 
1302 0.000088 
1303 0.212912 
1304 -0.453831 
1305 0.142831 
1306 -0.288979 
1307 0.196173 
1308 0.426281 
1309 -0.341354 
1310 -0.445147 
1311 0.444519 
1312 -0.142846 
1313 0.372472 
1314 0.281247 
1315 0.196173 
1316 0.402134 
1317 0.474930 
1318 0.439302 
1319 0.337238 
1320 0.215152 
1321 0.426281 
1322 0.456634 
1323 0.041987 
1324 0.124768 
1325 0.086681 
1326 -0.491252 
1327 0.335867 
1328 0.067552 
1329 -0.445147 
1330 0.136731 
1331 -0.491252 
1332 -0.000136 
1333 0.286080 
1334 -0.181978 
1335 0.337238 
1336 0.439302 
1337 0.212912 
1338 -0.326508 
1339 0.281247 
1340 0.331152 
1341 0.417309 
1342 -0.069249 
1343 0.281247 
1344 -0.239693 
1345 -0.042170 
1346 -0.492982 
1347 -0.107855 
1348 0.348249 
1349 -0.009129 
1350 -0.181978 
1351 0.281247 
1352 -0.027253 
1353 0.426281 
1354 0.015176 
1355 -0.364338 
1356 0.468028 
1357 0.383243 
1358 -0.000136 
1359 -0.159633 
1360 -0.079838 
1361 0.420651 
1362 -0.109055 
1363 0.152449 
1364 -0.421911 
1365 -0.192096 
1366 0.281247 
1367 -0.008259 
1368 -0.444859 
1369 -0.370732 
1370 -0.360407 
1371 0.426281 
1372 0.140390 
1373 -0.042170 
1374 -0.356785 
1375 -0.393104 
1376 -0.069249 
1377 0.383243 
1378 -0.042170 
1379 -0.038475 
1380 0.281247 
1381 0.489960 
1382 -0.393104 
1383 0.196173 
1384 0.352396 
1385 0.142831 
1386 -0.482725 
1387 0.165200 
1388 0.078007 
1389 -0.445147 
1390 0.128010 
1391 0.337238 
1392 -0.181978 
1393 0.268112 
1394 0.331152 
1395 -0.042170 
1396 -0.196563 
1397 -0.223487 
1398 -0.446080 
1399 -0.106566 
1400 0.155880 
1401 -0.142846 
1402 -0.370732 
1403 0.215152 
1404 -0.001513 
1405 0.140313 
1406 -0.124909 
1407 -0.037070 
1408 0.338033 
1409 0.368863 
1410 0.426281 
1411 -0.069249 
1412 -0.196563 
1413 -0.107855 
1414 0.426281 
1415 -0.445147 
1416 -0.436914 
1417 0.130574 
1418 0.281247 
1419 -0.087127 
1420 -0.078351 
1421 0.124768 
1422 -0.308726 
1423 -0.371885 
1424 -0.294387 
1425 0.015176 
1426 -0.457150 
1427 -0.420259 
1428 0.338033 
1429 -0.457579 
1430 0.348249 
1431 0.155880 
1432 -0.054063 
1433 0.142831 
1434 0.054958 
1435 0.439302 
1436 0.152449 
1437 0.281247 
1438 0.439302 
1439 -0.008259 
1440 0.136731 
1441 -0.370732 
1442 -0.107855 
1443 0.417309 
1444 0.338033 
1445 -0.181978 
1446 0.383243 
1447 0.348249 
1448 -0.046734 
1449 0.142831 
1450 0.165200 
1451 -0.115214 
1452 0.181252 
1453 0.196173 
1454 0.384882 
1455 0.196173 
1456 -0.294387 
1457 -0.051349 
1458 0.231666 
1459 0.201182 
1460 -0.223487 
1461 0.067552 
1462 -0.046734 
1463 -0.444859 
1464 -0.457579 
1465 -0.089633 
1466 -0.490881 
1467 -0.370732 
1468 0.155880 
1469 0.281247 
1470 -0.046734 
1471 0.430373 
1472 -0.051349 
1473 0.426281 
1474 0.286080 
1475 0.015176 
1476 0.212912 
1477 -0.382950 
1478 0.035033 
1479 0.041987 
1480 -0.078351 
1481 0.255783 
1482 -0.490881 
1483 0.331152 
1484 -0.000136 
1485 0.215152 
1486 -0.089633 
1487 -0.358004 
1488 -0.445147 
1489 -0.115214 
1490 0.439302 
1491 -0.294265 
1492 -0.196563 
1493 0.142831 
1494 0.426281 
1495 0.165200 
1496 0.427447 
1497 0.041987 
1498 0.205938 
1499 0.215152 
1500 -0.272868 
1501 -0.181978 
1502 0.444519 
1503 -0.181978 
1504 -0.428896 
1505 0.426281 
1506 -0.223487 
1507 -0.294387 
1508 0.368863 
1509 0.426281 
1510 0.136731 
1511 0.039546 
1512 -0.415787 
1513 0.011174 
1514 0.185974 
1515 -0.089633 
1516 0.205938 
1517 0.427447 
1518 -0.434738 
1519 -0.239693 
1520 -0.288979 
1521 -0.187171 
1522 0.368863 
1523 0.384882 
1524 0.426281 
1525 -0.434738 
1526 -0.001513 
1527 0.011174 
1528 0.124768 
1529 0.000088 
1530 -0.490881 
1531 0.152449 
1532 0.014651 
1533 -0.181978 
1534 -0.078351 
1535 0.196173 
1536 0.426281 
1537 -0.445147 
1538 -0.195222 
1539 -0.106566 
1540 -0.369680 
1541 -0.042170 
1542 0.130574 
1543 0.348249 
1544 -0.421000 
1545 0.039546 
1546 -0.181978 
1547 -0.037070 
1548 -0.358004 
1549 -0.294265 
1550 -0.444859 
1551 0.338033 
1552 0.281247 
1553 0.281247 
1554 -0.181978 
1555 -0.046734 
1556 -0.046734 
1557 -0.042170 
1558 -0.239693 
1559 -0.009129 
1560 -0.196563 
1561 -0.142846 
1562 -0.038475 
1563 0.426281 
1564 -0.051349 
1565 0.456634 
1566 0.383243 
1567 -0.294265 
1568 -0.294387 
1569 0.142831 
1570 0.244981 
1571 -0.133689 
1572 -0.433953 
1573 0.426281 
1574 -0.294265 
1575 0.281247 
1576 0.201182 
1577 -0.490108 
1578 -0.042170 
1579 0.041987 
1580 0.199097 
1581 -0.334951 
1582 0.136731 
1583 0.352396 
1584 -0.157004 
1585 -0.133689 
1586 0.281247 
1587 0.142831 
1588 0.255783 
1589 0.337238 
1590 -0.181978 
1591 -0.364338 
1592 -0.445147 
1593 0.196173 
1594 0.064053 
1595 0.255783 
1596 -0.181978 
1597 0.448799 
1598 0.344663 
1599 0.004546 
1600 -0.356785 
1601 0.152449 
1602 0.420651 
1603 -0.482725 
1604 -0.089633 
1605 -0.383245 
1606 -0.491252 
1607 0.372472 
1608 0.155880 
1609 -0.157004 
1610 0.041987 
1611 0.281247 
1612 0.417309 
1613 0.231666 
1614 0.196173 
1615 -0.196563 
1616 -0.420259 
1617 0.383243 
1618 0.281247 
1619 -0.133689 
1620 -0.420259 
1621 0.196173 
1622 -0.465908 
1623 -0.046734 
1624 0.255783 
1625 0.181252 
1626 -0.181978 
1627 0.331152 
1628 -0.087127 
1629 -0.360407 
1630 0.420651 
1631 0.426281 
1632 0.425951 
1633 -0.482725 
1634 -0.482725 
1635 0.041987 
1636 0.393812 
1637 -0.382950 
1638 0.155880 
1639 0.439302 
1640 0.142831 
1641 0.337238 
1642 0.152449 
1643 0.015176 
1644 0.041987 
1645 0.128010 
1646 -0.046734 
1647 0.152449 
1648 0.064053 
1649 0.142831 
1650 0.086681 
1651 -0.326508 
1652 -0.383245 
1653 0.196173 
1654 0.029190 
1655 -0.434738 
1656 -0.109055 
1657 0.426281 
1658 0.014651 
1659 -0.142846 
1660 0.393812 
1661 0.359122 
1662 0.244981 
1663 0.281247 
1664 0.011174 
1665 -0.365487 
1666 0.281247 
1667 -0.393104 
1668 0.324175 
1669 0.015176 
1670 0.344565 
1671 0.124768 
1672 0.205938 
1673 0.439302 
1674 0.456634 
1675 -0.327564 
1676 0.096175 
1677 0.358179 
1678 -0.343849 
1679 -0.046734 
1680 -0.393104 
1681 -0.157211 
1682 -0.386244 
1683 0.281247 
1684 0.426281 
1685 0.124768 
1686 -0.133689 
1687 0.196173 
1688 0.015176 
1689 0.488916 
1690 -0.453831 
1691 0.201182 
1692 -0.181978 
1693 0.281247 
1694 -0.109055 
1695 -0.181978 
1696 -0.393104 
1697 -0.445147 
1698 -0.356785 
1699 0.096175 
1700 -0.491252 
1701 -0.378430 
1702 0.331152 
1703 0.152449 
1704 -0.444859 
1705 -0.481518 
1706 0.489960 
1707 0.352396 
1708 -0.142463 
1709 0.205938 
1710 -0.445147 
1711 0.215152 
1712 0.064053 
1713 -0.358004 
1714 0.205938 
1715 0.425951 
1716 -0.009129 
1717 -0.181978 
1718 0.286080 
1719 0.268112 
1720 0.456634 
1721 0.384882 
1722 -0.433953 
1723 0.368863 
1724 0.352396 
1725 0.199097 
1726 0.474930 
1727 0.337238 
1728 -0.294387 
1729 0.489960 
1730 -0.327564 
1731 -0.455040 
1732 0.215152 
1733 0.118353 
1734 -0.393104 
1735 -0.272868 
1736 0.255783 
1737 0.384882 
1738 -0.009129 
1739 -0.195222 
1740 -0.382950 
1741 0.420651 
1742 -0.365487 
1743 -0.288979 
1744 0.142831 
1745 0.118353 
1746 -0.089633 
1747 -0.308726 
1748 0.162053 
1749 0.041987 
1750 -0.042170 
1751 0.489960 
1752 -0.360407 
1753 0.393812 
1754 -0.157004 
1755 -0.109055 
1756 0.338033 
1757 -0.358004 
1758 -0.107855 
1759 -0.107855 
1760 0.140390 
1761 0.483509 
1762 0.471804 
1763 0.439302 
1764 0.372472 
1765 0.140390 
1766 0.155880 
1767 0.268112 
1768 -0.181978 
1769 0.124715 
1770 -0.491252 
1771 0.096175 
1772 -0.491252 
1773 0.427447 
1774 -0.181978 
1775 0.029190 
1776 -0.223487 
1777 -0.042170 
1778 0.393812 
1779 -0.037070 
1780 0.268112 
1781 0.212912 
1782 0.456634 
1783 -0.046734 
1784 -0.078351 
1785 -0.343849 
1786 -0.288979 
1787 -0.445147 
1788 -0.370732 
1789 -0.181978 
1790 -0.141660 
1791 0.483509 
1792 -0.181978 
1793 -0.444859 
1794 -0.420259 
1795 0.215152 
1796 0.118353 
1797 -0.465908 
1798 0.474930 
1799 0.383243 
1800 -0.288979 
1801 0.281247 
1802 0.439302 
1803 0.338033 
1804 -0.419301 
1805 0.268112 
1806 -0.078351 
1807 -0.228992 
1808 -0.457150 
1809 0.136731 
1810 -0.310035 
1811 -0.327564 
1812 -0.436914 
1813 -0.107855 
1814 0.417309 
1815 -0.313505 
1816 -0.359296 
1817 0.439302 
1818 -0.445147 
1819 -0.492982 
1820 0.281247 
1821 0.244981 
1822 0.152449 
1823 -0.266792 
1824 -0.157004 
1825 -0.213711 
1826 -0.273881 
1827 0.281247 
1828 0.041987 
1829 0.344663 
1830 -0.037070 
1831 0.474930 
1832 -0.181978 
1833 -0.321795 
1834 -0.482725 
1835 -0.347467 
1836 -0.157211 
1837 -0.492982 
1838 -0.313505 
1839 0.281247 
1840 0.427447 
1841 -0.455040 
1842 -0.266792 
1843 0.427006 
1844 0.281247 
1845 0.404477 
1846 -0.343849 
1847 0.281247 
1848 0.384882 
1849 -0.026071 
1850 0.130574 
1851 -0.378430 
1852 0.244981 
1853 0.177037 
1854 -0.042170 
1855 0.427447 
1856 0.215152 
1857 0.268112 
1858 -0.042170 
1859 0.165200 
1860 -0.042170 
1861 -0.428896 
1862 -0.393104 
1863 0.368863 
1864 -0.133689 
1865 0.140390 
1866 0.384882 
1867 0.136731 
1868 -0.453831 
1869 -0.133689 
1870 -0.446080 
1871 -0.157211 
1872 -0.195222 
1873 0.393812 
1874 0.067552 
1875 0.011174 
1876 -0.321795 
1877 0.041987 
1878 0.029190 
1879 0.041987 
1880 0.348249 
1881 0.201182 
1882 0.041987 
1883 0.256280 
1884 0.426281 
1885 -0.491252 
1886 0.427006 
1887 -0.046734 
1888 0.244981 
1889 0.136731 
1890 0.244981 
1891 -0.196563 
1892 -0.428896 
1893 -0.054063 
1894 0.427447 
1895 -0.428896 
1896 -0.000136 
1897 0.439302 
1898 -0.457579 
1899 0.225274 
1900 -0.181978 
1901 0.212912 
1902 0.015176 
1903 0.215152 
1904 -0.428896 
1905 0.130574 
1906 0.384882 
1907 0.231666 
1908 -0.445147 
1909 -0.141087 
1910 -0.420259 
1911 0.212912 
1912 0.119855 
1913 0.124715 
1914 0.212912 
1915 0.308628 
1916 0.231666 
1917 -0.308726 
1918 -0.341354 
1919 -0.452832 
1920 0.372472 
1921 0.152449 
1922 0.105380 
1923 0.212912 
1924 0.124715 
1925 0.255783 
1926 -0.428896 
1927 -0.428896 
1928 -0.422435 
1929 -0.042170 
1930 0.162053 
1931 -0.181978 
1932 0.427447 
1933 -0.000136 
1934 -0.393104 
1935 0.281247 
1936 -0.455040 
1937 0.130574 
1938 -0.434738 
1939 0.474930 
1940 0.255783 
1941 -0.358004 
1942 0.337238 
1943 -0.051349 
1944 -0.393104 
1945 -0.457150 
1946 -0.365487 
1947 -0.370732 
1948 -0.367603 
1949 -0.042170 
1950 -0.194666 
1951 0.425951 
1952 -0.140893 
1953 -0.181978 
1954 -0.087127 
1955 0.426281 
1956 -0.428896 
1957 0.489960 
1958 -0.420259 
1959 -0.482725 
1960 -0.383245 
1961 -0.042256 
1962 -0.308726 
1963 -0.453831 
1964 -0.109055 
1965 0.041987 
1966 0.086681 
1967 -0.370732 
1968 -0.313505 
1969 0.439302 
1970 -0.223487 
1971 0.384882 
1972 -0.079838 
1973 0.448799 
1974 0.359122 
1975 -0.378430 
1976 -0.358004 
1977 -0.027253 
1978 -0.419301 
1979 -0.371885 
1980 -0.428896 
1981 0.337238 
1982 0.215152 
1983 -0.468205 
1984 -0.482725 
1985 0.372472 
1986 0.286080 
1987 -0.037070 
1988 -0.181978 
1989 0.268112 
1990 -0.453831 
1991 0.014651 
1992 0.427006 
1993 0.417309 
1994 0.425951 
1995 -0.360407 
1996 -0.445147 
1997 0.359122 
1998 -0.321795 
1999 0.255783 
2000 0.268112 
2001 0.331152 
2002 0.215152 
2003 0.215152 
2004 0.372472 
2005 0.196173 
2006 0.165200 
2007 0.281247 
2008 0.041987 
2009 -0.294387 
2010 -0.054063 
2011 0.096175 
2012 0.383243 
2013 0.427447 
2014 0.014651 
2015 0.130574 
2016 0.420651 
2017 0.118353 
2018 -0.370732 
2019 -0.347066 
2020 -0.000136 
2021 0.244981 
2022 -0.491252 
2023 -0.042170 
2024 -0.042170 
2025 -0.455040 
2026 -0.457579 
2027 0.337238 
2028 -0.313505 
2029 0.196173 
2030 0.152449 
2031 -0.358004 
2032 0.041987 
2033 -0.370732 
2034 0.041987 
2035 -0.141660 
2036 -0.308726 
2037 -0.078351 
2038 -0.485436 
2039 0.096175 
2040 0.041987 
2041 -0.434738 
2042 -0.181978 
2043 0.359122 
2044 0.078007 
2045 0.185974 
2046 0.348249 
2047 0.124715 
2048 -0.420259 
2049 -0.308726 
2050 -0.358004 
2051 0.078007 
2052 0.152449 
2053 -0.137849 
2054 -0.181978 
2055 0.086681 
2056 0.029190 
2057 -0.037070 
2058 -0.181978 
2059 -0.445147 
2060 -0.356785 
2061 0.462769 
2062 -0.393104 
2063 0.368863 
2064 -0.115214 
2065 0.384882 
2066 0.348249 
2067 -0.369680 
2068 0.335867 
2069 -0.364338 
2070 -0.042170 
2071 0.041987 
2072 -0.078351 
2073 0.338033 
2074 0.152449 
2075 -0.181978 
2076 -0.433953 
2077 -0.000136 
2078 -0.433953 
2079 -0.089633 
2080 0.118353 
2081 0.281247 
2082 0.471804 
2083 -0.046734 
2084 -0.378430 
2085 0.130574 
2086 -0.106566 
2087 0.255783 
2088 -0.142463 
2089 0.256280 
2090 0.199364 
2091 -0.481518 
2092 0.384882 
2093 -0.445147 
2094 -0.356785 
2095 -0.087127 
2096 -0.490881 
2097 -0.321795 
2098 -0.444859 
2099 -0.434738 
2100 0.244981 
2101 -0.239693 
2102 0.152449 
2103 0.196173 
2104 -0.386244 
2105 0.054958 
2106 0.402134 
2107 -0.294387 
2108 -0.347066 
2109 -0.433953 
2110 -0.444859 
2111 -0.382950 
2112 -0.087127 
2113 -0.087127 
2114 0.324175 
2115 -0.137849 
2116 -0.142463 
2117 -0.141660 
2118 -0.457579 
2119 -0.181978 
2120 0.215152 
2121 0.225553 
2122 0.256280 
2123 0.331152 
2124 -0.382950 
2125 0.033383 
2126 -0.313505 
2127 -0.087127 
2128 0.425951 
2129 -0.272868 
2130 0.152449 
2131 -0.420259 
2132 0.383243 
2133 -0.089633 
2134 0.136731 
2135 -0.481518 
2136 -0.444859 
2137 -0.436914 
2138 0.215152 
2139 0.471804 
2140 0.152449 
2141 0.212912 
2142 -0.087127 
2143 0.384882 
2144 0.064053 
2145 -0.445147 
2146 -0.313505 
2147 -0.428896 
2148 0.337238 
2149 0.244981 
2150 0.488916 
2151 0.425951 
2152 0.286080 
2153 0.384882 
2154 0.384882 
2155 0.372472 
2156 -0.393104 
2157 0.300526 
2158 -0.181978 
2159 0.152449 
2160 -0.142463 
2161 -0.181978 
2162 -0.038475 
2163 -0.078351 
2164 -0.089633 
2165 -0.420259 
2166 -0.192096 
2167 -0.420259 
2168 -0.420259 
2169 -0.455040 
2170 -0.383293 
2171 0.142831 
2172 -0.087127 
2173 -0.294387 
2174 -0.446080 
2175 0.331152 
2176 -0.042170 
2177 -0.009129 
2178 -0.008259 
2179 0.215152 
2180 0.041987 
2181 -0.027253 
2182 0.256280 
2183 0.086681 
2184 -0.196563 
2185 -0.157211 
2186 -0.444859 
2187 -0.343849 
2188 -0.444859 
2189 -0.137849 
2190 0.256280 
2191 0.474930 
2192 0.231666 
2193 0.152449 
2194 -0.013014 
2195 0.128010 
2196 0.402134 
2197 -0.360407 
2198 -0.365487 
2199 0.152449 
2200 0.281247 
2201 0.142831 
2202 -0.042170 
2203 -0.419301 
2204 0.427447 
2205 0.474930 
2206 0.426281 
2207 0.417309 
2208 0.196173 
2209 -0.365487 
2210 -0.141660 
2211 -0.393104 
2212 -0.195222 
2213 0.152449 
2214 0.471804 
2215 0.390318 
2216 -0.007182 
2217 -0.038475 
2218 -0.255289 
2219 0.384882 
2220 -0.078351 
2221 0.152449 
2222 -0.294387 
2223 -0.038475 
2224 0.488916 
2225 0.196173 
2226 -0.490881 
2227 -0.007182 
2228 -0.181978 
2229 -0.455040 
2230 -0.356785 
2231 0.281247 
2232 -0.054718 
2233 0.136442 
2234 -0.042256 
2235 -0.142463 
2236 -0.428896 
2237 -0.142846 
2238 -0.042170 
2239 0.041987 
2240 0.281247 
2241 -0.341354 
2242 -0.089633 
2243 -0.370732 
2244 0.384882 
2245 0.474930 
2246 0.358179 
2247 -0.445147 
2248 -0.310035 
2249 -0.000136 
2250 0.439302 
2251 -0.107855 
2252 -0.468205 
2253 0.196173 
2254 0.281247 
2255 -0.294387 
2256 -0.181978 
2257 -0.137849 
2258 0.041987 
2259 -0.042170 
2260 -0.054718 
2261 -0.213711 
2262 0.033383 
2263 0.041987 
2264 -0.007182 
2265 -0.037070 
2266 -0.273881 
2267 0.041987 
2268 0.227944 
2269 -0.187171 
2270 -0.181978 
2271 -0.142463 
2272 -0.142463 
2273 0.152449 
2274 -0.433953 
2275 0.344663 
2276 -0.133689 
2277 0.136731 
2278 0.165200 
2279 -0.137849 
2280 -0.239693 
2281 -0.009129 
2282 0.331152 
2283 -0.054718 
2284 -0.492982 
2285 -0.046734 
2286 0.064053 
2287 -0.181978 
2288 0.244981 
2289 -0.343849 
2290 0.067552 
2291 0.039546 
2292 -0.310035 
2293 0.152449 
2294 -0.181978 
2295 0.384882 
2296 0.349363 
2297 -0.133689 
2298 -0.393104 
2299 -0.239693 
2300 -0.181978 
2301 0.488916 
2302 -0.294387 
2303 0.196173 
2304 -0.142463 
2305 -0.329769 
2306 0.231666 
2307 0.483509 
2308 -0.079838 
2309 0.488916 
2310 -0.079838 
2311 -0.246535 
2312 -0.492982 
2313 -0.272868 
