3031 1
0 -0.109678 
1 0.344112 
2 0.337638 
3 0.444431 
4 -0.070825 
5 0.467364 
6 0.098345 
7 0.019109 
8 0.309993 
9 -0.161545 
10 -0.391984 
11 -0.422307 
12 -0.377466 
13 -0.422307 
14 -0.422307 
15 -0.422307 
16 0.114793 
17 0.175390 
18 -0.034730 
19 -0.211115 
20 -0.322007 
21 0.365865 
22 0.199113 
23 -0.482331 
24 -0.467493 
25 0.426912 
26 0.101079 
27 -0.154069 
28 -0.480326 
29 0.046500 
30 -0.358742 
31 -0.422307 
32 -0.422307 
33 -0.422307 
34 0.050113 
35 0.114811 
36 0.129136 
37 -0.015296 
38 -0.169474 
39 0.054483 
40 0.249645 
41 0.032606 
42 -0.272015 
43 0.368116 
44 -0.395609 
45 0.486266 
46 -0.197994 
47 -0.334549 
48 0.320213 
49 0.173347 
50 0.095880 
51 -0.090135 
52 0.485373 
53 -0.304530 
54 0.249705 
55 0.037366 
56 -0.009252 
57 -0.479584 
58 -0.084738 
59 0.009560 
60 -0.426499 
61 -0.241526 
62 0.327337 
63 -0.133950 
64 0.233551 
65 -0.277747 
66 0.214653 
67 -0.422307 
68 0.072818 
69 -0.479584 
70 -0.411950 
71 0.114793 
72 -0.215883 
73 -0.189044 
74 -0.328831 
75 -0.499948 
76 0.443505 
77 0.177445 
78 0.178746 
79 0.321653 
80 0.441455 
81 -0.411309 
82 -0.027679 
83 0.119917 
84 -0.135371 
85 0.072818 
86 0.019446 
87 0.175390 
88 0.175390 
89 0.175390 
90 0.175390 
91 0.175390 
92 0.175390 
93 0.175390 
94 0.175390 
95 0.175390 
96 -0.411950 
97 0.178746 
98 0.175390 
99 0.175390 
100 0.175390 
101 0.175390 
102 0.175390 
103 0.175390 
104 0.175390 
105 0.437061 
106 -0.304465 
107 -0.105305 
108 -0.383076 
109 0.098345 
110 0.019109 
111 0.309993 
112 -0.161545 
113 -0.479584 
114 0.372612 
115 0.446735 
116 0.391364 
117 -0.174059 
118 -0.035099 
119 0.098925 
120 -0.384048 
121 0.051328 
122 -0.104672 
123 0.175390 
124 -0.482094 
125 0.097310 
126 0.020439 
127 0.147862 
128 0.240464 
129 -0.281030 
130 -0.461921 
131 -0.482331 
132 -0.467493 
133 0.426912 
134 0.101079 
135 -0.215883 
136 -0.154069 
137 -0.480326 
138 0.046500 
139 -0.358742 
140 0.398084 
141 0.251309 
142 0.352131 
143 -0.169636 
144 0.100471 
145 -0.373470 
146 0.330273 
147 0.383801 
148 -0.456822 
149 -0.130940 
150 0.069261 
151 0.122343 
152 0.319087 
153 -0.182085 
154 0.381706 
155 -0.291259 
156 -0.084738 
157 -0.214921 
158 -0.386973 
159 -0.051429 
160 -0.110697 
161 0.283100 
162 0.158789 
163 -0.237354 
164 -0.092136 
165 -0.395068 
166 0.129674 
167 -0.213584 
168 -0.411309 
169 0.160129 
170 0.063510 
171 0.112431 
172 0.380967 
173 -0.291259 
174 0.080883 
175 -0.090135 
176 -0.051924 
177 0.395911 
178 -0.404694 
179 -0.096288 
180 0.468367 
181 0.460989 
182 0.069523 
183 -0.203720 
184 0.485373 
185 0.189934 
186 -0.110597 
187 -0.426499 
188 -0.495646 
189 0.146437 
190 -0.391029 
191 -0.304530 
192 -0.241526 
193 0.462315 
194 -0.127341 
195 0.337348 
196 -0.069095 
197 0.249705 
198 0.324427 
199 0.496634 
200 -0.069748 
201 -0.319910 
202 -0.202915 
203 0.301424 
204 0.282131 
205 0.253982 
206 -0.350889 
207 -0.316757 
208 0.433684 
209 -0.398200 
210 -0.387397 
211 -0.387397 
212 -0.308864 
213 -0.308864 
214 -0.308864 
215 -0.308864 
216 -0.308864 
217 -0.316757 
218 -0.444956 
219 0.087078 
220 0.210973 
221 -0.237354 
222 -0.215883 
223 -0.308864 
224 -0.308864 
225 -0.308864 
226 -0.308864 
227 -0.308864 
228 -0.308864 
229 -0.237354 
230 -0.237354 
231 -0.237354 
232 -0.237354 
233 -0.237354 
234 -0.291259 
235 0.123029 
236 0.437061 
237 -0.377466 
238 0.147917 
239 0.147917 
240 -0.320297 
241 -0.365922 
242 0.262144 
243 -0.358818 
244 0.222044 
245 0.401024 
246 0.327337 
247 -0.133950 
248 0.233551 
249 -0.277747 
250 0.214653 
251 0.304144 
252 -0.252452 
253 -0.436084 
254 -0.113527 
255 -0.101975 
256 0.227006 
257 0.034295 
258 0.431611 
259 -0.100585 
260 0.186423 
261 0.104254 
262 0.458150 
263 -0.016651 
264 0.052964 
265 0.388939 
266 0.001129 
267 0.150132 
268 -0.304465 
269 0.468841 
270 -0.365941 
271 0.274476 
272 0.112934 
273 0.264321 
274 -0.458583 
275 -0.355106 
276 -0.004628 
277 -0.313586 
278 -0.391984 
279 -0.130940 
280 0.351108 
281 -0.460883 
282 0.333270 
283 -0.470734 
284 -0.365941 
285 0.468841 
286 0.099488 
287 -0.300410 
288 0.332847 
289 0.072818 
290 -0.479584 
291 -0.479584 
292 -0.411950 
293 0.114793 
294 -0.215883 
295 -0.215883 
296 -0.215883 
297 -0.215883 
298 -0.215883 
299 -0.215883 
300 -0.215883 
301 -0.215883 
302 -0.084738 
303 -0.084738 
304 -0.499948 
305 -0.464139 
306 -0.084738 
307 0.114793 
308 0.178746 
309 -0.497843 
310 0.114793 
311 0.114793 
312 -0.343148 
313 -0.411309 
314 0.175390 
315 0.398084 
316 0.251309 
317 0.114793 
318 -0.237354 
319 0.304144 
320 0.114793 
321 0.175390 
322 0.072818 
323 0.175390 
324 0.175390 
325 0.175390 
326 0.175390 
327 0.175390 
328 0.175390 
329 0.175390 
330 0.175390 
331 0.346942 
332 0.175390 
333 0.175390 
334 0.175390 
335 0.175390 
336 -0.411950 
337 0.178746 
338 0.175390 
339 0.175390 
340 0.175390 
341 0.175390 
342 0.175390 
343 0.175390 
344 0.175390 
345 0.175390 
346 0.437061 
347 -0.304465 
348 -0.105305 
349 -0.383076 
350 0.098345 
351 0.019109 
352 0.309993 
353 -0.161545 
354 -0.479584 
355 0.372612 
356 0.446735 
357 0.391364 
358 -0.174059 
359 0.383801 
360 0.098925 
361 -0.384048 
362 0.051328 
363 -0.104672 
364 0.175390 
365 -0.482094 
366 0.097310 
367 0.020439 
368 0.147862 
369 0.240464 
370 -0.281030 
371 -0.461921 
372 -0.482331 
373 -0.467493 
374 0.426912 
375 0.101079 
376 -0.215883 
377 -0.154069 
378 -0.480326 
379 0.046500 
380 -0.358742 
381 0.398084 
382 0.251309 
383 0.352131 
384 -0.169636 
385 0.100471 
386 -0.373470 
387 0.330273 
388 0.330273 
389 0.383801 
390 -0.456822 
391 -0.016651 
392 0.052964 
393 0.388939 
394 -0.130940 
395 0.001129 
396 0.150132 
397 -0.004628 
398 -0.313586 
399 0.299226 
400 -0.411309 
401 -0.084738 
402 -0.084738 
403 -0.084738 
404 -0.291259 
405 -0.291259 
406 -0.291259 
407 -0.291259 
408 -0.291259 
409 -0.291259 
410 -0.291259 
411 -0.084738 
412 -0.214921 
413 -0.386973 
414 -0.051429 
415 -0.051429 
416 -0.051429 
417 -0.051429 
418 -0.110697 
419 0.383801 
420 0.158789 
421 -0.237354 
422 -0.291259 
423 -0.291259 
424 -0.092136 
425 -0.092136 
426 -0.092136 
427 -0.092136 
428 -0.092136 
429 -0.092136 
430 -0.092136 
431 -0.092136 
432 -0.092136 
433 -0.092136 
434 -0.092136 
435 -0.092136 
436 -0.092136 
437 -0.092136 
438 -0.291259 
439 -0.395068 
440 -0.395068 
441 -0.395068 
442 -0.395068 
443 -0.395068 
444 -0.395068 
445 -0.395068 
446 -0.395068 
447 -0.395068 
448 -0.395068 
449 -0.395068 
450 -0.395068 
451 -0.395068 
452 -0.395068 
453 -0.395068 
454 -0.291259 
455 -0.291259 
456 -0.291259 
457 0.129674 
458 0.129674 
459 0.129674 
460 0.129674 
461 0.129674 
462 0.129674 
463 -0.326537 
464 -0.326537 
465 -0.326537 
466 -0.326537 
467 -0.210175 
468 -0.210175 
469 -0.210175 
470 -0.210175 
471 -0.210175 
472 -0.210175 
473 -0.210175 
474 -0.109678 
475 -0.109678 
476 -0.109678 
477 0.462315 
478 0.462315 
479 0.462315 
480 0.462315 
481 -0.051924 
482 -0.051924 
483 -0.051924 
484 -0.051924 
485 0.080883 
486 0.080883 
487 0.080883 
488 0.080883 
489 0.129674 
490 0.129674 
491 0.129674 
492 0.129674 
493 -0.404694 
494 -0.404694 
495 -0.404694 
496 -0.404694 
497 -0.398200 
498 -0.398200 
499 -0.398200 
500 -0.398200 
501 0.189934 
502 0.189934 
503 -0.450544 
504 -0.450544 
505 -0.450544 
506 -0.450544 
507 -0.450544 
508 -0.450544 
509 0.129674 
510 -0.291259 
511 -0.291259 
512 -0.291259 
513 -0.291259 
514 -0.291259 
515 -0.213584 
516 -0.213584 
517 -0.213584 
518 -0.213584 
519 -0.213584 
520 -0.213584 
521 -0.294314 
522 -0.294314 
523 -0.294314 
524 -0.294314 
525 -0.294314 
526 -0.294314 
527 -0.326537 
528 -0.326537 
529 -0.326537 
530 -0.326537 
531 0.363514 
532 0.363514 
533 0.363514 
534 0.363514 
535 -0.330312 
536 -0.330312 
537 -0.330312 
538 -0.330312 
539 -0.463970 
540 -0.463970 
541 -0.463970 
542 -0.463970 
543 -0.009252 
544 -0.009252 
545 -0.009252 
546 -0.009252 
547 -0.009252 
548 -0.009252 
549 -0.213584 
550 -0.291259 
551 -0.411309 
552 -0.411309 
553 -0.411309 
554 -0.411309 
555 -0.411309 
556 -0.411309 
557 -0.411309 
558 -0.411309 
559 -0.411309 
560 -0.411309 
561 -0.411309 
562 -0.411309 
563 -0.411309 
564 -0.411309 
565 -0.411309 
566 -0.411309 
567 -0.411309 
568 -0.411309 
569 -0.411309 
570 -0.411309 
571 -0.411309 
572 -0.411309 
573 -0.411309 
574 -0.411309 
575 -0.411309 
576 -0.411309 
577 -0.411309 
578 -0.411309 
579 -0.411309 
580 -0.411309 
581 -0.411309 
582 -0.411309 
583 -0.411309 
584 -0.411309 
585 -0.411309 
586 -0.411309 
587 -0.411309 
588 -0.411309 
589 -0.411309 
590 -0.411309 
591 -0.411309 
592 -0.411309 
593 -0.411309 
594 -0.411309 
595 -0.411309 
596 -0.411309 
597 -0.411309 
598 -0.411309 
599 -0.411309 
600 -0.411309 
601 -0.411309 
602 0.160129 
603 0.160129 
604 0.160129 
605 0.160129 
606 0.160129 
607 0.160129 
608 0.327337 
609 0.327337 
610 0.327337 
611 0.327337 
612 0.327337 
613 0.327337 
614 -0.133950 
615 -0.133950 
616 -0.133950 
617 -0.310100 
618 -0.310100 
619 -0.310100 
620 -0.310100 
621 -0.280908 
622 -0.280908 
623 -0.280908 
624 -0.280908 
625 0.451477 
626 0.451477 
627 0.451477 
628 0.451477 
629 0.249922 
630 0.249922 
631 0.249922 
632 0.249922 
633 0.249922 
634 0.160129 
635 0.063510 
636 0.063510 
637 0.063510 
638 0.063510 
639 0.063510 
640 0.063510 
641 -0.297999 
642 -0.297999 
643 -0.297999 
644 -0.297999 
645 0.487353 
646 0.487353 
647 0.487353 
648 0.487353 
649 0.222044 
650 0.222044 
651 0.222044 
652 0.222044 
653 0.222044 
654 0.222044 
655 -0.084738 
656 -0.084738 
657 -0.084738 
658 -0.084738 
659 -0.426499 
660 -0.426499 
661 -0.426499 
662 -0.426499 
663 -0.241526 
664 -0.241526 
665 -0.241526 
666 -0.241526 
667 0.327337 
668 0.327337 
669 0.327337 
670 0.327337 
671 -0.133950 
672 -0.133950 
673 -0.133950 
674 -0.133950 
675 0.233551 
676 0.233551 
677 0.233551 
678 0.233551 
679 -0.277747 
680 -0.277747 
681 -0.277747 
682 -0.277747 
683 -0.277747 
684 0.330273 
685 0.063510 
686 -0.291259 
687 0.112431 
688 0.112431 
689 0.112431 
690 0.112431 
691 0.112431 
692 0.112431 
693 -0.119170 
694 -0.119170 
695 -0.119170 
696 -0.119170 
697 -0.119170 
698 0.358644 
699 0.358644 
700 0.358644 
701 0.358644 
702 0.376334 
703 0.376334 
704 0.376334 
705 0.376334 
706 0.299529 
707 0.299529 
708 0.299529 
709 0.299529 
710 0.299529 
711 0.112431 
712 -0.291259 
713 -0.291259 
714 0.330273 
715 -0.291259 
716 -0.291259 
717 -0.291259 
718 0.380967 
719 0.380967 
720 0.380967 
721 0.380967 
722 0.380967 
723 0.380967 
724 -0.093552 
725 -0.093552 
726 0.253982 
727 0.253982 
728 0.253982 
729 0.253982 
730 0.253982 
731 0.253982 
732 0.253982 
733 0.063510 
734 0.063510 
735 0.063510 
736 0.063510 
737 -0.096288 
738 -0.096288 
739 -0.096288 
740 -0.096288 
741 0.460989 
742 0.460989 
743 0.460989 
744 0.380967 
745 -0.291259 
746 -0.291259 
747 -0.291259 
748 -0.291259 
749 -0.291259 
750 -0.291259 
751 0.432711 
752 0.432711 
753 0.432711 
754 -0.291259 
755 -0.291259 
756 0.080883 
757 0.080883 
758 0.080883 
759 0.080883 
760 0.080883 
761 0.080883 
762 0.146437 
763 0.146437 
764 0.146437 
765 -0.161377 
766 -0.161377 
767 -0.161377 
768 -0.161377 
769 -0.161377 
770 -0.161377 
771 0.170373 
772 0.170373 
773 0.170373 
774 0.170373 
775 -0.282355 
776 -0.282355 
777 -0.282355 
778 -0.282355 
779 -0.227841 
780 -0.227841 
781 -0.227841 
782 -0.227841 
783 -0.216874 
784 -0.216874 
785 -0.216874 
786 -0.216874 
787 -0.423673 
788 -0.423673 
789 -0.423673 
790 -0.423673 
791 0.122343 
792 0.122343 
793 0.122343 
794 0.122343 
795 0.319087 
796 0.319087 
797 0.221479 
798 0.221479 
799 0.221479 
800 0.221479 
801 0.221479 
802 0.221479 
803 0.221479 
804 -0.257190 
805 -0.257190 
806 -0.257190 
807 -0.257190 
808 0.009603 
809 0.009603 
810 0.009603 
811 0.080883 
812 -0.090135 
813 -0.090135 
814 -0.090135 
815 -0.090135 
816 -0.090135 
817 -0.090135 
818 -0.090135 
819 -0.090135 
820 -0.090135 
821 -0.090135 
822 -0.090135 
823 -0.090135 
824 -0.090135 
825 -0.090135 
826 -0.090135 
827 -0.090135 
828 -0.090135 
829 -0.090135 
830 -0.252452 
831 -0.252452 
832 -0.252452 
833 -0.252452 
834 -0.252452 
835 -0.252452 
836 -0.252452 
837 -0.090135 
838 -0.090135 
839 -0.090135 
840 -0.090135 
841 -0.090135 
842 -0.090135 
843 -0.090135 
844 -0.090135 
845 -0.090135 
846 -0.090135 
847 -0.090135 
848 -0.090135 
849 -0.090135 
850 -0.090135 
851 -0.090135 
852 -0.090135 
853 -0.090135 
854 -0.090135 
855 -0.090135 
856 -0.090135 
857 -0.090135 
858 -0.090135 
859 -0.090135 
860 -0.090135 
861 -0.090135 
862 -0.090135 
863 -0.291259 
864 -0.291259 
865 -0.291259 
866 -0.291259 
867 -0.291259 
868 -0.291259 
869 -0.291259 
870 -0.291259 
871 -0.291259 
872 -0.051924 
873 -0.051924 
874 -0.051924 
875 -0.051924 
876 -0.051924 
877 -0.051924 
878 0.455291 
879 0.455291 
880 0.455291 
881 0.455291 
882 0.455291 
883 0.455291 
884 0.155951 
885 0.155951 
886 0.155951 
887 0.155951 
888 0.160129 
889 0.160129 
890 0.160129 
891 0.160129 
892 0.337638 
893 0.337638 
894 0.337638 
895 0.337638 
896 0.342213 
897 0.342213 
898 0.342213 
899 0.342213 
900 0.380967 
901 0.380967 
902 0.380967 
903 0.380967 
904 -0.499948 
905 -0.499948 
906 -0.499948 
907 -0.499948 
908 -0.248626 
909 -0.248626 
910 -0.248626 
911 -0.248626 
912 -0.248626 
913 -0.248626 
914 -0.248626 
915 0.350043 
916 0.350043 
917 0.350043 
918 0.350043 
919 0.299226 
920 0.299226 
921 0.299226 
922 0.299226 
923 -0.218948 
924 -0.218948 
925 -0.218948 
926 -0.218948 
927 -0.233933 
928 -0.233933 
929 -0.233933 
930 -0.051924 
931 -0.291259 
932 -0.291259 
933 0.395911 
934 0.395911 
935 0.395911 
936 0.395911 
937 0.395911 
938 0.395911 
939 0.319394 
940 0.319394 
941 0.319394 
942 0.319394 
943 0.319394 
944 0.319394 
945 -0.092136 
946 -0.092136 
947 -0.092136 
948 0.119917 
949 0.119917 
950 0.119917 
951 -0.053741 
952 -0.053741 
953 0.037366 
954 0.037366 
955 0.037366 
956 0.037366 
957 0.037366 
958 0.037366 
959 -0.009252 
960 -0.009252 
961 -0.009252 
962 -0.009252 
963 -0.034730 
964 -0.034730 
965 -0.034730 
966 -0.034730 
967 -0.211115 
968 -0.211115 
969 -0.211115 
970 -0.211115 
971 0.365865 
972 0.365865 
973 0.365865 
974 0.365865 
975 0.199113 
976 0.199113 
977 0.199113 
978 0.199113 
979 0.199113 
980 -0.304530 
981 -0.304530 
982 -0.304530 
983 -0.304530 
984 0.395911 
985 -0.404694 
986 -0.404694 
987 -0.404694 
988 -0.404694 
989 -0.404694 
990 -0.404694 
991 -0.383585 
992 -0.383585 
993 -0.383585 
994 0.249705 
995 0.249705 
996 0.249705 
997 0.249705 
998 -0.237354 
999 -0.237354 
1000 -0.237354 
1001 -0.237354 
1002 -0.215883 
1003 -0.215883 
1004 -0.215883 
1005 -0.215883 
1006 -0.450544 
1007 -0.450544 
1008 -0.450544 
1009 -0.450544 
1010 -0.450544 
1011 -0.450544 
1012 -0.294314 
1013 -0.294314 
1014 -0.294314 
1015 -0.294314 
1016 -0.326537 
1017 -0.326537 
1018 -0.326537 
1019 -0.326537 
1020 0.363514 
1021 0.363514 
1022 0.363514 
1023 0.363514 
1024 -0.330312 
1025 -0.330312 
1026 -0.330312 
1027 -0.330312 
1028 -0.463970 
1029 -0.463970 
1030 -0.463970 
1031 -0.463970 
1032 0.249922 
1033 0.249922 
1034 0.249922 
1035 0.249922 
1036 0.249922 
1037 -0.404694 
1038 -0.096288 
1039 -0.096288 
1040 -0.096288 
1041 -0.096288 
1042 -0.096288 
1043 -0.096288 
1044 -0.297999 
1045 -0.297999 
1046 -0.297999 
1047 -0.210175 
1048 -0.210175 
1049 -0.210175 
1050 -0.210175 
1051 -0.210175 
1052 -0.210175 
1053 -0.297504 
1054 -0.297504 
1055 -0.297504 
1056 -0.297504 
1057 -0.367082 
1058 -0.367082 
1059 -0.367082 
1060 -0.367082 
1061 -0.310100 
1062 -0.310100 
1063 -0.310100 
1064 -0.310100 
1065 -0.280908 
1066 -0.280908 
1067 -0.280908 
1068 -0.280908 
1069 0.451477 
1070 0.451477 
1071 0.451477 
1072 0.451477 
1073 0.487353 
1074 0.487353 
1075 0.487353 
1076 0.487353 
1077 0.385617 
1078 0.385617 
1079 0.385617 
1080 0.385617 
1081 0.385617 
1082 0.214653 
1083 0.214653 
1084 0.214653 
1085 -0.226312 
1086 -0.226312 
1087 -0.226312 
1088 -0.096288 
1089 0.435955 
1090 0.378117 
1091 0.468367 
1092 0.468367 
1093 0.468367 
1094 0.468367 
1095 0.468367 
1096 0.468367 
1097 0.304144 
1098 0.304144 
1099 0.304144 
1100 0.423329 
1101 0.423329 
1102 0.423329 
1103 0.423329 
1104 0.423329 
1105 0.423329 
1106 -0.198177 
1107 -0.198177 
1108 -0.198177 
1109 -0.198177 
1110 -0.093552 
1111 -0.093552 
1112 -0.093552 
1113 -0.093552 
1114 -0.233933 
1115 -0.233933 
1116 -0.233933 
1117 -0.233933 
1118 -0.233933 
1119 -0.227354 
1120 -0.227354 
1121 -0.227354 
1122 -0.227354 
1123 0.290978 
1124 0.290978 
1125 0.290978 
1126 0.290978 
1127 -0.139587 
1128 -0.139587 
1129 -0.418766 
1130 -0.418766 
1131 -0.418766 
1132 -0.418766 
1133 -0.418766 
1134 -0.418766 
1135 -0.418766 
1136 0.468367 
1137 0.460989 
1138 0.460989 
1139 0.460989 
1140 0.460989 
1141 0.460989 
1142 0.460989 
1143 -0.426258 
1144 -0.426258 
1145 -0.426258 
1146 -0.426258 
1147 -0.426258 
1148 -0.426258 
1149 0.385466 
1150 0.385466 
1151 0.385466 
1152 0.385466 
1153 0.385466 
1154 -0.495646 
1155 -0.495646 
1156 -0.495646 
1157 -0.202915 
1158 -0.202915 
1159 -0.202915 
1160 -0.202915 
1161 -0.422307 
1162 -0.422307 
1163 0.081550 
1164 0.081550 
1165 0.081550 
1166 0.081550 
1167 0.081550 
1168 0.081550 
1169 0.329946 
1170 0.329946 
1171 0.329946 
1172 0.329946 
1173 0.387580 
1174 0.387580 
1175 0.387580 
1176 0.387580 
1177 -0.161377 
1178 -0.161377 
1179 -0.161377 
1180 -0.161377 
1181 0.170373 
1182 0.170373 
1183 0.170373 
1184 0.170373 
1185 0.170373 
1186 0.053107 
1187 0.460989 
1188 0.069523 
1189 0.069523 
1190 0.069523 
1191 0.069523 
1192 0.069523 
1193 0.069523 
1194 0.458150 
1195 0.458150 
1196 0.458150 
1197 0.458150 
1198 0.458150 
1199 0.458150 
1200 -0.016651 
1201 -0.016651 
1202 -0.016651 
1203 -0.016651 
1204 0.052964 
1205 0.052964 
1206 0.052964 
1207 0.052964 
1208 0.388939 
1209 0.388939 
1210 0.388939 
1211 0.388939 
1212 0.001129 
1213 0.001129 
1214 0.001129 
1215 0.001129 
1216 0.150132 
1217 0.150132 
1218 -0.034730 
1219 -0.034730 
1220 -0.034730 
1221 -0.034730 
1222 -0.034730 
1223 -0.034730 
1224 -0.211115 
1225 -0.211115 
1226 -0.211115 
1227 -0.211115 
1228 0.365865 
1229 0.365865 
1230 0.365865 
1231 0.365865 
1232 0.199113 
1233 0.199113 
1234 0.199113 
1235 0.199113 
1236 0.162901 
1237 0.162901 
1238 0.162901 
1239 0.069523 
1240 -0.018745 
1241 -0.018745 
1242 -0.018745 
1243 -0.018745 
1244 -0.018745 
1245 -0.018745 
1246 -0.018745 
1247 0.229680 
1248 0.229680 
1249 0.229680 
1250 0.229680 
1251 -0.482331 
1252 -0.482331 
1253 0.398084 
1254 0.398084 
1255 0.398084 
1256 0.398084 
1257 0.398084 
1258 0.398084 
1259 0.251309 
1260 0.251309 
1261 0.251309 
1262 0.251309 
1263 -0.213584 
1264 -0.213584 
1265 -0.213584 
1266 -0.213584 
1267 0.072818 
1268 0.072818 
1269 0.072818 
1270 0.072818 
1271 -0.411950 
1272 -0.411950 
1273 -0.411950 
1274 -0.411950 
1275 0.178746 
1276 0.178746 
1277 0.178746 
1278 0.178746 
1279 0.437061 
1280 0.437061 
1281 0.437061 
1282 0.437061 
1283 -0.304465 
1284 -0.304465 
1285 -0.377466 
1286 -0.377466 
1287 -0.377466 
1288 -0.377466 
1289 -0.377466 
1290 -0.377466 
1291 -0.018745 
1292 -0.203720 
1293 -0.203720 
1294 -0.203720 
1295 -0.203720 
1296 -0.203720 
1297 -0.203720 
1298 0.249922 
1299 0.249922 
1300 0.249922 
1301 0.249922 
1302 0.249922 
1303 0.249922 
1304 -0.297999 
1305 -0.297999 
1306 -0.297999 
1307 -0.297999 
1308 -0.027112 
1309 -0.027112 
1310 -0.027112 
1311 -0.027112 
1312 0.213416 
1313 0.213416 
1314 0.213416 
1315 0.213416 
1316 0.196841 
1317 0.196841 
1318 0.196841 
1319 0.196841 
1320 0.032423 
1321 0.032423 
1322 0.032423 
1323 0.032423 
1324 0.319267 
1325 0.319267 
1326 0.319267 
1327 0.319267 
1328 0.432711 
1329 0.432711 
1330 0.432711 
1331 0.432711 
1332 0.053107 
1333 0.053107 
1334 0.053107 
1335 0.053107 
1336 -0.322007 
1337 -0.322007 
1338 -0.322007 
1339 -0.479584 
1340 -0.479584 
1341 -0.479584 
1342 -0.479584 
1343 -0.479584 
1344 -0.479584 
1345 -0.479584 
1346 -0.203720 
1347 0.485373 
1348 0.485373 
1349 0.485373 
1350 0.485373 
1351 0.485373 
1352 0.485373 
1353 0.372612 
1354 0.372612 
1355 0.372612 
1356 0.372612 
1357 0.372612 
1358 0.372612 
1359 0.372612 
1360 -0.482331 
1361 -0.482331 
1362 -0.482331 
1363 -0.467493 
1364 -0.467493 
1365 -0.467493 
1366 -0.467493 
1367 0.426912 
1368 0.426912 
1369 0.426912 
1370 0.426912 
1371 0.101079 
1372 0.101079 
1373 0.101079 
1374 0.101079 
1375 -0.154069 
1376 -0.154069 
1377 -0.154069 
1378 -0.154069 
1379 -0.480326 
1380 -0.480326 
1381 -0.480326 
1382 -0.480326 
1383 0.046500 
1384 0.046500 
1385 0.485373 
1386 0.485373 
1387 0.485373 
1388 0.485373 
1389 0.485373 
1390 0.485373 
1391 0.485373 
1392 0.485373 
1393 0.485373 
1394 0.485373 
1395 0.485373 
1396 0.485373 
1397 0.485373 
1398 0.189934 
1399 0.189934 
1400 0.189934 
1401 0.189934 
1402 0.189934 
1403 0.189934 
1404 -0.027112 
1405 -0.027112 
1406 -0.027112 
1407 -0.027112 
1408 0.385617 
1409 0.385617 
1410 0.385617 
1411 0.385617 
1412 0.074273 
1413 0.074273 
1414 0.074273 
1415 0.074273 
1416 0.291179 
1417 0.291179 
1418 0.291179 
1419 0.291179 
1420 0.423387 
1421 0.423387 
1422 0.423387 
1423 0.423387 
1424 -0.395068 
1425 -0.395068 
1426 -0.395068 
1427 -0.395068 
1428 -0.395068 
1429 -0.395068 
1430 0.147917 
1431 0.147917 
1432 0.147917 
1433 0.147917 
1434 -0.386973 
1435 -0.386973 
1436 -0.386973 
1437 -0.386973 
1438 -0.456822 
1439 -0.456822 
1440 -0.456822 
1441 -0.456822 
1442 0.221479 
1443 0.221479 
1444 0.221479 
1445 0.221479 
1446 0.155065 
1447 0.155065 
1448 0.155065 
1449 0.155065 
1450 0.155065 
1451 0.189934 
1452 -0.110597 
1453 -0.110597 
1454 -0.110597 
1455 -0.110597 
1456 -0.110597 
1457 -0.110597 
1458 0.009603 
1459 0.009603 
1460 0.009603 
1461 0.009603 
1462 -0.436084 
1463 -0.436084 
1464 -0.436084 
1465 -0.113527 
1466 -0.113527 
1467 -0.113527 
1468 -0.113527 
1469 -0.101975 
1470 -0.101975 
1471 -0.101975 
1472 -0.101975 
1473 0.431611 
1474 0.431611 
1475 0.431611 
1476 0.431611 
1477 -0.100585 
1478 -0.100585 
1479 -0.100585 
1480 -0.100585 
1481 0.186423 
1482 0.186423 
1483 0.186423 
1484 0.186423 
1485 0.104254 
1486 0.104254 
1487 0.104254 
1488 0.104254 
1489 0.458150 
1490 0.458150 
1491 -0.391029 
1492 -0.391029 
1493 -0.391029 
1494 -0.391029 
1495 -0.391029 
1496 -0.391029 
1497 -0.391029 
1498 -0.127341 
1499 -0.127341 
1500 -0.127341 
1501 -0.127341 
1502 -0.127341 
1503 -0.110597 
1504 -0.426499 
1505 -0.426499 
1506 -0.426499 
1507 -0.426499 
1508 -0.426499 
1509 -0.426499 
1510 -0.069095 
1511 -0.069095 
1512 -0.069095 
1513 -0.069095 
1514 -0.069095 
1515 -0.069095 
1516 0.433684 
1517 0.433684 
1518 0.433684 
1519 0.433684 
1520 0.395911 
1521 0.395911 
1522 0.395911 
1523 0.395911 
1524 0.069523 
1525 0.069523 
1526 0.233551 
1527 0.233551 
1528 0.233551 
1529 0.233551 
1530 0.233551 
1531 0.233551 
1532 -0.277747 
1533 -0.277747 
1534 -0.277747 
1535 -0.277747 
1536 0.214653 
1537 0.214653 
1538 0.214653 
1539 0.214653 
1540 0.304144 
1541 0.304144 
1542 -0.053741 
1543 -0.053741 
1544 -0.053741 
1545 -0.053741 
1546 -0.053741 
1547 -0.053741 
1548 0.385783 
1549 0.385783 
1550 0.385783 
1551 0.385783 
1552 0.357171 
1553 0.357171 
1554 0.357171 
1555 0.357171 
1556 -0.146096 
1557 -0.146096 
1558 -0.146096 
1559 -0.146096 
1560 -0.146096 
1561 -0.182085 
1562 -0.182085 
1563 -0.182085 
1564 -0.182085 
1565 0.381706 
1566 0.381706 
1567 0.381706 
1568 0.381706 
1569 -0.214921 
1570 -0.214921 
1571 -0.214921 
1572 -0.214921 
1573 -0.214921 
1574 -0.426499 
1575 -0.495646 
1576 -0.495646 
1577 -0.495646 
1578 -0.495646 
1579 -0.495646 
1580 -0.495646 
1581 -0.110697 
1582 -0.110697 
1583 -0.110697 
1584 -0.110697 
1585 -0.110697 
1586 -0.110697 
1587 0.283100 
1588 0.283100 
1589 0.229680 
1590 0.229680 
1591 0.229680 
1592 0.229680 
1593 0.229680 
1594 0.229680 
1595 0.229680 
1596 0.074273 
1597 0.074273 
1598 0.074273 
1599 0.291179 
1600 0.291179 
1601 0.291179 
1602 0.291179 
1603 0.423387 
1604 0.423387 
1605 0.423387 
1606 0.423387 
1607 -0.054702 
1608 -0.054702 
1609 -0.054702 
1610 -0.054702 
1611 -0.460883 
1612 -0.460883 
1613 -0.460883 
1614 -0.460883 
1615 0.333270 
1616 0.333270 
1617 0.333270 
1618 0.333270 
1619 -0.470734 
1620 -0.470734 
1621 -0.470734 
1622 -0.470734 
1623 0.229680 
1624 0.229680 
1625 0.363514 
1626 0.363514 
1627 0.363514 
1628 0.363514 
1629 0.363514 
1630 -0.495646 
1631 0.146437 
1632 0.146437 
1633 0.146437 
1634 0.146437 
1635 0.146437 
1636 0.146437 
1637 -0.297504 
1638 -0.297504 
1639 -0.297504 
1640 -0.297504 
1641 -0.297504 
1642 -0.367082 
1643 -0.367082 
1644 -0.367082 
1645 -0.367082 
1646 -0.310100 
1647 -0.310100 
1648 -0.310100 
1649 -0.310100 
1650 -0.280908 
1651 -0.280908 
1652 -0.280908 
1653 -0.280908 
1654 0.451477 
1655 0.451477 
1656 0.451477 
1657 0.451477 
1658 0.487353 
1659 0.487353 
1660 0.487353 
1661 0.487353 
1662 0.487353 
1663 -0.070825 
1664 -0.070825 
1665 -0.070825 
1666 0.467364 
1667 0.467364 
1668 -0.377466 
1669 -0.377466 
1670 -0.377466 
1671 -0.377466 
1672 -0.377466 
1673 -0.377466 
1674 0.330273 
1675 0.330273 
1676 0.330273 
1677 0.330273 
1678 0.197645 
1679 0.197645 
1680 0.197645 
1681 0.146437 
1682 -0.391029 
1683 -0.391029 
1684 -0.391029 
1685 -0.391029 
1686 -0.391029 
1687 -0.391029 
1688 -0.322007 
1689 -0.322007 
1690 -0.322007 
1691 -0.322007 
1692 -0.322007 
1693 0.037366 
1694 0.037366 
1695 0.037366 
1696 0.037366 
1697 0.037366 
1698 -0.054702 
1699 -0.467493 
1700 -0.467493 
1701 -0.467493 
1702 -0.467493 
1703 -0.467493 
1704 -0.467493 
1705 0.426912 
1706 0.426912 
1707 0.426912 
1708 0.426912 
1709 0.101079 
1710 0.101079 
1711 0.101079 
1712 0.101079 
1713 -0.154069 
1714 -0.154069 
1715 -0.154069 
1716 -0.154069 
1717 -0.480326 
1718 -0.480326 
1719 -0.480326 
1720 -0.480326 
1721 0.046500 
1722 0.046500 
1723 0.046500 
1724 0.046500 
1725 -0.358742 
1726 -0.358742 
1727 0.042862 
1728 0.042862 
1729 0.042862 
1730 0.042862 
1731 0.042862 
1732 -0.391029 
1733 -0.304530 
1734 -0.304530 
1735 -0.304530 
1736 -0.304530 
1737 -0.304530 
1738 -0.304530 
1739 0.445345 
1740 0.445345 
1741 0.445345 
1742 0.155065 
1743 0.155065 
1744 0.155065 
1745 0.155065 
1746 0.197645 
1747 0.197645 
1748 0.197645 
1749 0.197645 
1750 0.162901 
1751 0.162901 
1752 0.162901 
1753 0.162901 
1754 0.312080 
1755 0.312080 
1756 0.312080 
1757 0.312080 
1758 0.098961 
1759 0.098961 
1760 0.098961 
1761 0.098961 
1762 -0.282355 
1763 -0.282355 
1764 -0.282355 
1765 -0.282355 
1766 -0.282355 
1767 -0.282355 
1768 -0.282355 
1769 -0.227841 
1770 -0.227841 
1771 -0.227841 
1772 -0.227841 
1773 -0.216874 
1774 -0.216874 
1775 -0.216874 
1776 -0.216874 
1777 -0.423673 
1778 -0.423673 
1779 -0.423673 
1780 -0.423673 
1781 -0.304530 
1782 -0.304530 
1783 -0.304530 
1784 -0.304530 
1785 -0.241526 
1786 -0.241526 
1787 -0.241526 
1788 -0.241526 
1789 -0.241526 
1790 -0.241526 
1791 -0.146096 
1792 -0.146096 
1793 -0.146096 
1794 -0.146096 
1795 -0.146096 
1796 -0.146096 
1797 -0.027112 
1798 -0.027112 
1799 -0.027112 
1800 -0.027112 
1801 -0.027112 
1802 -0.027112 
1803 0.213416 
1804 0.213416 
1805 0.213416 
1806 0.213416 
1807 0.196841 
1808 0.196841 
1809 0.196841 
1810 0.196841 
1811 0.032423 
1812 0.032423 
1813 0.032423 
1814 0.032423 
1815 0.319267 
1816 0.319267 
1817 0.319267 
1818 0.319267 
1819 0.432711 
1820 0.432711 
1821 0.432711 
1822 0.432711 
1823 0.053107 
1824 0.053107 
1825 0.053107 
1826 0.053107 
1827 -0.226312 
1828 -0.226312 
1829 0.139983 
1830 0.139983 
1831 0.139983 
1832 0.139983 
1833 0.139983 
1834 0.139983 
1835 -0.393811 
1836 -0.393811 
1837 -0.393811 
1838 -0.393811 
1839 -0.464139 
1840 -0.464139 
1841 -0.464139 
1842 -0.464139 
1843 -0.497843 
1844 -0.497843 
1845 -0.497843 
1846 -0.497843 
1847 -0.497843 
1848 -0.241526 
1849 0.462315 
1850 0.462315 
1851 0.462315 
1852 0.462315 
1853 0.462315 
1854 0.462315 
1855 -0.343148 
1856 -0.343148 
1857 -0.343148 
1858 -0.343148 
1859 -0.343148 
1860 0.346942 
1861 0.346942 
1862 0.346942 
1863 0.346942 
1864 -0.189044 
1865 -0.189044 
1866 -0.189044 
1867 0.407803 
1868 0.407803 
1869 0.407803 
1870 0.407803 
1871 0.407803 
1872 0.227006 
1873 0.227006 
1874 0.227006 
1875 0.227006 
1876 0.099488 
1877 0.099488 
1878 0.099488 
1879 0.099488 
1880 -0.300410 
1881 -0.300410 
1882 -0.300410 
1883 -0.300410 
1884 0.332847 
1885 0.332847 
1886 0.332847 
1887 0.332847 
1888 -0.117601 
1889 -0.117601 
1890 -0.117601 
1891 -0.117601 
1892 -0.433023 
1893 -0.433023 
1894 -0.433023 
1895 -0.433023 
1896 -0.292953 
1897 -0.292953 
1898 -0.292953 
1899 -0.292953 
1900 -0.292953 
1901 -0.292953 
1902 0.462315 
1903 0.462315 
1904 0.462315 
1905 0.462315 
1906 -0.127341 
1907 -0.127341 
1908 -0.127341 
1909 -0.127341 
1910 -0.127341 
1911 -0.127341 
1912 0.009560 
1913 0.009560 
1914 0.009560 
1915 0.009560 
1916 0.009560 
1917 0.415036 
1918 0.415036 
1919 0.415036 
1920 0.415036 
1921 0.112431 
1922 0.112431 
1923 0.112431 
1924 0.112431 
1925 0.344112 
1926 0.344112 
1927 0.344112 
1928 0.344112 
1929 0.444431 
1930 0.444431 
1931 -0.016651 
1932 -0.016651 
1933 -0.016651 
1934 -0.016651 
1935 -0.016651 
1936 -0.016651 
1937 0.052964 
1938 0.052964 
1939 0.052964 
1940 0.052964 
1941 0.388939 
1942 0.388939 
1943 0.388939 
1944 0.388939 
1945 0.001129 
1946 0.001129 
1947 0.001129 
1948 0.001129 
1949 0.150132 
1950 0.150132 
1951 0.150132 
1952 0.150132 
1953 0.455291 
1954 0.455291 
1955 0.455291 
1956 -0.127341 
1957 0.337348 
1958 0.337348 
1959 0.337348 
1960 0.337348 
1961 0.337348 
1962 0.337348 
1963 -0.004628 
1964 -0.004628 
1965 -0.004628 
1966 -0.004628 
1967 -0.004628 
1968 -0.004628 
1969 -0.004628 
1970 -0.004628 
1971 -0.004628 
1972 -0.313586 
1973 -0.313586 
1974 -0.391984 
1975 -0.391984 
1976 -0.391984 
1977 -0.391984 
1978 -0.391984 
1979 -0.391984 
1980 -0.130940 
1981 -0.130940 
1982 -0.130940 
1983 -0.130940 
1984 0.351108 
1985 0.351108 
1986 0.351108 
1987 0.351108 
1988 -0.291259 
1989 -0.291259 
1990 -0.291259 
1991 -0.291259 
1992 0.175390 
1993 0.175390 
1994 0.175390 
1995 0.175390 
1996 0.114793 
1997 0.114793 
1998 0.074765 
1999 0.074765 
2000 0.074765 
2001 0.074765 
2002 0.074765 
2003 0.074765 
2004 0.423329 
2005 0.423329 
2006 0.423329 
2007 0.337348 
2008 -0.069095 
2009 -0.069095 
2010 -0.069095 
2011 -0.069095 
2012 -0.069095 
2013 -0.069095 
2014 -0.436955 
2015 -0.436955 
2016 -0.436955 
2017 -0.436955 
2018 -0.436955 
2019 -0.478335 
2020 -0.478335 
2021 -0.478335 
2022 -0.478335 
2023 -0.180113 
2024 -0.180113 
2025 -0.180113 
2026 -0.180113 
2027 0.027652 
2028 0.027652 
2029 0.027652 
2030 0.027652 
2031 0.369897 
2032 0.369897 
2033 0.369897 
2034 0.369897 
2035 0.369897 
2036 -0.411309 
2037 -0.444956 
2038 -0.444956 
2039 -0.444956 
2040 -0.444956 
2041 -0.444956 
2042 -0.444956 
2043 0.087078 
2044 0.087078 
2045 0.087078 
2046 0.087078 
2047 0.210973 
2048 0.210973 
2049 0.210973 
2050 0.210973 
2051 0.034295 
2052 0.034295 
2053 0.034295 
2054 0.034295 
2055 0.032423 
2056 0.032423 
2057 0.032423 
2058 -0.069095 
2059 0.249705 
2060 0.249705 
2061 0.249705 
2062 0.249705 
2063 0.249705 
2064 0.249705 
2065 -0.308864 
2066 -0.308864 
2067 -0.308864 
2068 0.446735 
2069 0.446735 
2070 0.446735 
2071 0.446735 
2072 0.446735 
2073 0.446735 
2074 0.391364 
2075 0.391364 
2076 0.391364 
2077 0.391364 
2078 -0.004651 
2079 -0.004651 
2080 -0.004651 
2081 -0.004651 
2082 -0.051429 
2083 -0.051429 
2084 -0.051429 
2085 -0.051429 
2086 -0.135371 
2087 -0.135371 
2088 -0.135371 
2089 -0.135371 
2090 0.401024 
2091 0.401024 
2092 0.401024 
2093 0.401024 
2094 0.468841 
2095 0.468841 
2096 0.468841 
2097 0.468841 
2098 -0.365941 
2099 -0.365941 
2100 -0.365941 
2101 -0.365941 
2102 -0.365941 
2103 -0.358742 
2104 -0.358742 
2105 -0.358742 
2106 -0.358742 
2107 0.249705 
2108 0.249705 
2109 0.249705 
2110 0.249705 
2111 0.324427 
2112 0.324427 
2113 0.324427 
2114 0.324427 
2115 0.324427 
2116 0.324427 
2117 0.398084 
2118 0.398084 
2119 0.398084 
2120 0.398084 
2121 -0.257190 
2122 -0.257190 
2123 -0.257190 
2124 -0.257190 
2125 -0.257190 
2126 -0.257190 
2127 0.081550 
2128 0.081550 
2129 0.081550 
2130 0.081550 
2131 0.329946 
2132 0.329946 
2133 0.329946 
2134 0.329946 
2135 0.387580 
2136 0.387580 
2137 0.387580 
2138 0.387580 
2139 0.387580 
2140 0.158789 
2141 0.158789 
2142 0.158789 
2143 0.158789 
2144 -0.387397 
2145 -0.387397 
2146 -0.387397 
2147 -0.387397 
2148 -0.355106 
2149 -0.355106 
2150 0.324427 
2151 0.324427 
2152 0.324427 
2153 0.324427 
2154 0.324427 
2155 0.324427 
2156 -0.092355 
2157 -0.092355 
2158 -0.092355 
2159 -0.092355 
2160 -0.092355 
2161 0.324427 
2162 0.496634 
2163 0.496634 
2164 0.496634 
2165 0.496634 
2166 0.496634 
2167 0.496634 
2168 0.337840 
2169 0.337840 
2170 0.251309 
2171 0.251309 
2172 0.251309 
2173 0.251309 
2174 0.251309 
2175 0.251309 
2176 -0.213584 
2177 -0.213584 
2178 -0.213584 
2179 -0.213584 
2180 0.072818 
2181 0.072818 
2182 0.072818 
2183 0.072818 
2184 -0.411950 
2185 -0.411950 
2186 -0.411950 
2187 -0.411950 
2188 0.178746 
2189 0.178746 
2190 0.178746 
2191 0.178746 
2192 0.437061 
2193 0.437061 
2194 0.437061 
2195 0.437061 
2196 -0.304465 
2197 -0.304465 
2198 -0.304465 
2199 -0.304465 
2200 -0.411309 
2201 -0.411309 
2202 -0.411309 
2203 -0.411309 
2204 -0.411309 
2205 0.123029 
2206 0.123029 
2207 -0.450544 
2208 -0.450544 
2209 -0.450544 
2210 -0.450544 
2211 -0.450544 
2212 0.496634 
2213 -0.069748 
2214 -0.069748 
2215 -0.069748 
2216 -0.069748 
2217 -0.069748 
2218 -0.069748 
2219 -0.294314 
2220 -0.294314 
2221 -0.294314 
2222 -0.294314 
2223 0.274476 
2224 0.274476 
2225 0.274476 
2226 0.274476 
2227 0.264321 
2228 0.264321 
2229 0.264321 
2230 0.264321 
2231 -0.383585 
2232 -0.383585 
2233 -0.383585 
2234 -0.383585 
2235 0.113942 
2236 0.113942 
2237 0.074765 
2238 0.074765 
2239 0.074765 
2240 0.074765 
2241 0.074765 
2242 0.074765 
2243 0.074765 
2244 -0.436955 
2245 -0.436955 
2246 -0.436955 
2247 -0.436955 
2248 -0.478335 
2249 -0.478335 
2250 -0.478335 
2251 -0.478335 
2252 -0.180113 
2253 -0.180113 
2254 -0.180113 
2255 -0.180113 
2256 0.027652 
2257 0.027652 
2258 0.319267 
2259 0.319267 
2260 0.319267 
2261 0.319267 
2262 0.319267 
2263 -0.069748 
2264 -0.319910 
2265 -0.319910 
2266 -0.319910 
2267 -0.319910 
2268 -0.319910 
2269 -0.319910 
2270 -0.319910 
2271 -0.319910 
2272 -0.110597 
2273 -0.110597 
2274 -0.110597 
2275 -0.110597 
2276 -0.110597 
2277 -0.110597 
2278 -0.203720 
2279 -0.203720 
2280 -0.203720 
2281 -0.203720 
2282 0.337348 
2283 0.337348 
2284 0.337348 
2285 0.337348 
2286 -0.319910 
2287 -0.319910 
2288 -0.319910 
2289 -0.319910 
2290 -0.319910 
2291 -0.319910 
2292 -0.319910 
2293 -0.319910 
2294 -0.350889 
2295 -0.350889 
2296 -0.252452 
2297 -0.252452 
2298 -0.252452 
2299 -0.252452 
2300 -0.252452 
2301 -0.252452 
2302 -0.436084 
2303 -0.436084 
2304 -0.436084 
2305 -0.436084 
2306 -0.436084 
2307 -0.328831 
2308 -0.328831 
2309 -0.328831 
2310 -0.328831 
2311 0.155951 
2312 0.155951 
2313 0.155951 
2314 -0.319910 
2315 -0.202915 
2316 -0.202915 
2317 -0.202915 
2318 -0.202915 
2319 -0.202915 
2320 -0.202915 
2321 0.443505 
2322 0.443505 
2323 0.443505 
2324 0.443505 
2325 0.443505 
2326 0.443505 
2327 0.177445 
2328 0.177445 
2329 0.177445 
2330 0.177445 
2331 0.321653 
2332 0.321653 
2333 0.321653 
2334 0.321653 
2335 0.441455 
2336 0.441455 
2337 0.441455 
2338 0.441455 
2339 -0.027679 
2340 -0.027679 
2341 -0.027679 
2342 -0.027679 
2343 -0.027679 
2344 0.385617 
2345 0.385617 
2346 0.385617 
2347 0.385617 
2348 0.074273 
2349 0.074273 
2350 0.074273 
2351 0.074273 
2352 0.291179 
2353 0.291179 
2354 0.291179 
2355 0.291179 
2356 0.423387 
2357 0.423387 
2358 0.423387 
2359 0.423387 
2360 -0.054702 
2361 -0.054702 
2362 -0.054702 
2363 -0.054702 
2364 -0.460883 
2365 -0.460883 
2366 -0.330312 
2367 -0.330312 
2368 -0.330312 
2369 -0.330312 
2370 -0.330312 
2371 -0.202915 
2372 0.301424 
2373 0.301424 
2374 0.301424 
2375 0.301424 
2376 0.301424 
2377 0.301424 
2378 0.113942 
2379 0.113942 
2380 -0.291259 
2381 -0.291259 
2382 -0.291259 
2383 -0.291259 
2384 -0.291259 
2385 -0.291259 
2386 0.175390 
2387 0.175390 
2388 0.175390 
2389 0.175390 
2390 0.114793 
2391 0.114793 
2392 0.114793 
2393 0.114793 
2394 0.222044 
2395 0.222044 
2396 0.222044 
2397 0.222044 
2398 -0.084738 
2399 -0.084738 
2400 -0.084738 
2401 -0.084738 
2402 -0.426499 
2403 -0.426499 
2404 -0.426499 
2405 -0.426499 
2406 -0.241526 
2407 -0.241526 
2408 -0.241526 
2409 -0.090135 
2410 -0.090135 
2411 -0.090135 
2412 -0.090135 
2413 -0.090135 
2414 -0.090135 
2415 0.485373 
2416 0.485373 
2417 0.485373 
2418 0.485373 
2419 -0.024805 
2420 -0.024805 
2421 -0.024805 
2422 0.301424 
2423 0.282131 
2424 0.282131 
2425 0.282131 
2426 0.282131 
2427 0.282131 
2428 0.282131 
2429 -0.304530 
2430 -0.304530 
2431 -0.304530 
2432 -0.304530 
2433 -0.304530 
2434 -0.304530 
2435 0.249705 
2436 0.249705 
2437 0.249705 
2438 0.249705 
2439 -0.237354 
2440 -0.237354 
2441 -0.237354 
2442 -0.237354 
2443 -0.237354 
2444 -0.313586 
2445 -0.313586 
2446 -0.313586 
2447 0.258842 
2448 0.258842 
2449 0.258842 
2450 0.258842 
2451 0.258842 
2452 0.258842 
2453 -0.368107 
2454 -0.368107 
2455 -0.368107 
2456 -0.368107 
2457 -0.292983 
2458 -0.292983 
2459 -0.292983 
2460 -0.292983 
2461 -0.465469 
2462 -0.465469 
2463 -0.465469 
2464 -0.465469 
2465 -0.143162 
2466 -0.143162 
2467 -0.143162 
2468 -0.143162 
2469 0.232817 
2470 0.232817 
2471 0.232817 
2472 0.232817 
2473 0.232817 
2474 0.282131 
2475 0.253982 
2476 0.253982 
2477 0.253982 
2478 0.253982 
2479 0.253982 
2480 0.253982 
2481 -0.198177 
2482 -0.119170 
2483 -0.119170 
2484 -0.119170 
2485 -0.119170 
2486 0.358644 
2487 0.358644 
2488 0.358644 
2489 0.358644 
2490 0.376334 
2491 0.376334 
2492 0.376334 
2493 0.376334 
2494 0.299529 
2495 0.299529 
2496 0.299529 
2497 0.299529 
2498 -0.248626 
2499 -0.248626 
2500 -0.248626 
2501 -0.248626 
2502 0.350043 
2503 0.350043 
2504 0.369897 
2505 0.369897 
2506 0.369897 
2507 0.369897 
2508 0.369897 
2509 0.369897 
2510 0.369897 
2511 -0.215883 
2512 -0.215883 
2513 -0.215883 
2514 -0.377466 
2515 -0.377466 
2516 -0.377466 
2517 -0.377466 
2518 -0.309014 
2519 -0.309014 
2520 -0.309014 
2521 -0.309014 
2522 -0.309014 
2523 -0.042358 
2524 0.253982 
2525 -0.350889 
2526 -0.350889 
2527 -0.350889 
2528 -0.350889 
2529 -0.350889 
2530 -0.350889 
2531 0.089303 
2532 0.330273 
2533 0.330273 
2534 0.330273 
2535 0.330273 
2536 -0.322007 
2537 -0.322007 
2538 -0.322007 
2539 -0.322007 
2540 0.037366 
2541 0.037366 
2542 0.037366 
2543 0.037366 
2544 -0.009252 
2545 -0.009252 
2546 -0.009252 
2547 -0.009252 
2548 0.333270 
2549 0.333270 
2550 0.333270 
2551 0.333270 
2552 -0.470734 
2553 -0.470734 
2554 -0.226312 
2555 -0.226312 
2556 -0.226312 
2557 -0.226312 
2558 -0.226312 
2559 -0.226312 
2560 -0.210175 
2561 -0.210175 
2562 -0.210175 
2563 -0.210175 
2564 -0.297504 
2565 -0.297504 
2566 -0.297504 
2567 -0.297504 
2568 -0.367082 
2569 -0.367082 
2570 -0.367082 
2571 -0.367082 
2572 -0.463970 
2573 -0.463970 
2574 -0.463970 
2575 -0.350889 
2576 -0.316757 
2577 -0.316757 
2578 -0.316757 
2579 -0.316757 
2580 -0.316757 
2581 -0.316757 
2582 0.316704 
2583 0.316704 
2584 0.316704 
2585 -0.034730 
2586 -0.034730 
2587 -0.034730 
2588 -0.034730 
2589 -0.211115 
2590 -0.211115 
2591 -0.211115 
2592 -0.211115 
2593 0.365865 
2594 0.365865 
2595 0.365865 
2596 0.365865 
2597 0.199113 
2598 0.199113 
2599 0.199113 
2600 0.199113 
2601 0.312080 
2602 0.312080 
2603 0.312080 
2604 0.312080 
2605 0.312080 
2606 0.312080 
2607 0.098961 
2608 0.098961 
2609 0.098961 
2610 0.098961 
2611 -0.113527 
2612 -0.113527 
2613 -0.113527 
2614 -0.113527 
2615 -0.113527 
2616 -0.113527 
2617 -0.101975 
2618 -0.101975 
2619 -0.101975 
2620 -0.101975 
2621 0.431611 
2622 0.431611 
2623 0.431611 
2624 0.431611 
2625 0.431611 
2626 -0.316757 
2627 0.433684 
2628 0.433684 
2629 0.433684 
2630 0.433684 
2631 0.433684 
2632 0.433684 
2633 -0.100585 
2634 -0.100585 
2635 -0.100585 
2636 -0.100585 
2637 -0.100585 
2638 0.186423 
2639 0.186423 
2640 0.186423 
2641 0.186423 
2642 0.104254 
2643 0.104254 
2644 0.104254 
2645 0.104254 
2646 0.112934 
2647 0.112934 
2648 0.112934 
2649 0.112934 
2650 0.112934 
2651 0.112934 
2652 -0.458583 
2653 -0.458583 
2654 -0.458583 
2655 -0.458583 
2656 0.069261 
2657 0.069261 
2658 0.069261 
2659 0.069261 
2660 -0.391984 
2661 -0.391984 
2662 -0.391984 
2663 -0.391984 
2664 -0.130940 
2665 -0.130940 
2666 -0.130940 
2667 -0.130940 
2668 0.351108 
2669 0.351108 
2670 0.351108 
2671 0.351108 
2672 -0.117601 
2673 -0.117601 
2674 -0.117601 
2675 -0.117601 
2676 -0.117601 
2677 0.433684 
2678 -0.398200 
2679 -0.398200 
2680 -0.398200 
2681 -0.398200 
2682 -0.398200 
2683 -0.398200 
2684 0.195004 
2685 0.195004 
2686 0.195004 
2687 0.195004 
2688 0.195004 
2689 -0.445389 
2690 -0.445389 
2691 -0.445389 
2692 -0.445389 
2693 -0.025522 
2694 -0.025522 
2695 -0.025522 
2696 -0.025522 
2697 -0.218147 
2698 -0.218147 
2699 -0.218147 
2700 -0.218147 
2701 0.419467 
2702 0.419467 
2703 0.419467 
2704 0.419467 
2705 -0.409456 
2706 -0.409456 
2707 -0.409456 
2708 -0.409456 
2709 0.271314 
2710 0.271314 
2711 0.271314 
2712 0.271314 
2713 -0.221988 
2714 -0.221988 
2715 -0.221988 
2716 -0.221988 
2717 -0.090135 
2718 -0.090135 
2719 -0.090135 
2720 -0.090135 
2721 0.485373 
2722 0.485373 
2723 0.485373 
2724 0.485373 
2725 -0.433023 
2726 -0.433023 
2727 -0.433023 
2728 -0.433023 
2729 -0.433023 
2730 -0.398200 
2731 -0.387397 
2732 -0.387397 
2733 -0.387397 
2734 -0.387397 
2735 -0.387397 
2736 -0.387397 
2737 -0.387397 
2738 -0.387397 
2739 -0.308864 
2740 -0.308864 
2741 -0.308864 
2742 -0.308864 
2743 -0.308864 
2744 -0.308864 
2745 -0.308864 
2746 -0.308864 
2747 -0.308864 
2748 -0.308864 
2749 -0.308864 
2750 -0.308864 
2751 -0.308864 
2752 -0.308864 
2753 -0.308864 
2754 -0.308864 
2755 -0.308864 
2756 -0.308864 
2757 -0.308864 
2758 -0.308864 
2759 -0.308864 
2760 -0.308864 
2761 -0.308864 
2762 -0.308864 
2763 -0.308864 
2764 -0.316757 
2765 -0.316757 
2766 -0.444956 
2767 -0.444956 
2768 -0.308864 
2769 -0.308864 
2770 0.087078 
2771 0.087078 
2772 0.210973 
2773 0.210973 
2774 -0.237354 
2775 -0.237354 
2776 -0.215883 
2777 -0.215883 
2778 -0.308864 
2779 -0.308864 
2780 0.112431 
2781 -0.308864 
2782 -0.308864 
2783 -0.308864 
2784 -0.308864 
2785 -0.308864 
2786 -0.308864 
2787 -0.308864 
2788 -0.308864 
2789 0.344112 
2790 -0.308864 
2791 -0.308864 
2792 -0.237354 
2793 -0.237354 
2794 -0.237354 
2795 -0.237354 
2796 -0.237354 
2797 -0.237354 
2798 -0.237354 
2799 -0.237354 
2800 -0.237354 
2801 -0.237354 
2802 -0.237354 
2803 0.160129 
2804 0.337638 
2805 -0.237354 
2806 -0.237354 
2807 0.342213 
2808 -0.237354 
2809 -0.237354 
2810 -0.237354 
2811 -0.237354 
2812 -0.237354 
2813 -0.237354 
2814 0.380967 
2815 -0.237354 
2816 -0.499948 
2817 -0.291259 
2818 0.123029 
2819 0.437061 
2820 -0.377466 
2821 -0.377466 
2822 -0.377466 
2823 -0.377466 
2824 -0.377466 
2825 -0.377466 
2826 -0.292953 
2827 0.009560 
2828 0.222044 
2829 0.147917 
2830 0.147917 
2831 0.147917 
2832 0.147917 
2833 0.147917 
2834 0.147917 
2835 0.147917 
2836 0.147917 
2837 0.147917 
2838 0.147917 
2839 0.147917 
2840 0.147917 
2841 0.222044 
2842 0.222044 
2843 0.222044 
2844 0.222044 
2845 0.222044 
2846 0.222044 
2847 0.327337 
2848 -0.133950 
2849 0.233551 
2850 -0.277747 
2851 0.214653 
2852 0.304144 
2853 -0.252452 
2854 -0.436084 
2855 -0.113527 
2856 -0.101975 
2857 0.227006 
2858 0.034295 
2859 0.431611 
2860 -0.100585 
2861 0.186423 
2862 0.104254 
2863 0.458150 
2864 -0.016651 
2865 0.052964 
2866 0.388939 
2867 0.001129 
2868 0.150132 
2869 0.372612 
2870 0.446735 
2871 0.391364 
2872 -0.004651 
2873 -0.304465 
2874 -0.051429 
2875 -0.135371 
2876 0.401024 
2877 0.468841 
2878 -0.365941 
2879 0.112934 
2880 -0.458583 
2881 0.069261 
2882 0.455291 
2883 0.155951 
2884 0.468841 
2885 -0.365941 
2886 0.274476 
2887 0.112934 
2888 0.264321 
2889 -0.458583 
2890 -0.355106 
2891 -0.355106 
2892 -0.004628 
2893 -0.313586 
2894 -0.391984 
2895 -0.130940 
2896 0.351108 
2897 -0.460883 
2898 0.333270 
2899 -0.470734 
2900 -0.365941 
2901 0.468841 
2902 0.099488 
2903 -0.300410 
2904 0.213416 
2905 0.332847 
2906 0.222044 
2907 0.351108 
2908 -0.109678 
2909 0.415036 
2910 0.415036 
2911 -0.252452 
2912 0.186423 
2913 0.186423 
2914 -0.291259 
2915 -0.436084 
2916 -0.291259 
2917 0.104254 
2918 0.104254 
2919 -0.113527 
2920 -0.291259 
2921 -0.101975 
2922 0.431611 
2923 -0.291259 
2924 -0.100585 
2925 -0.292953 
2926 -0.109678 
2927 -0.109678 
2928 -0.109678 
2929 0.351108 
2930 -0.109678 
2931 0.351108 
2932 -0.109678 
2933 0.351108 
2934 0.351108 
2935 0.342213 
2936 -0.109678 
2937 0.407803 
2938 0.196841 
2939 -0.004651 
2940 -0.004651 
2941 -0.004651 
2942 -0.004651 
2943 -0.004651 
2944 -0.109678 
2945 -0.292953 
2946 0.351108 
2947 0.342213 
2948 0.342213 
2949 -0.109678 
2950 0.342213 
2951 -0.109678 
2952 -0.109678 
2953 -0.109678 
2954 0.342213 
2955 0.342213 
2956 -0.109678 
2957 -0.109678 
2958 -0.218948 
2959 0.342213 
2960 0.351108 
2961 -0.218948 
2962 -0.292953 
2963 -0.095782 
2964 -0.493126 
2965 -0.493126 
2966 -0.493126 
2967 -0.493126 
2968 -0.493126 
2969 -0.493126 
2970 -0.493126 
2971 -0.493126 
2972 0.444431 
2973 -0.070825 
2974 0.467364 
2975 0.098345 
2976 0.019109 
2977 0.309993 
2978 -0.161545 
2979 0.385783 
2980 0.357171 
2981 0.232817 
2982 0.195004 
2983 -0.445389 
2984 -0.025522 
2985 -0.218147 
2986 0.419467 
2987 -0.409456 
2988 0.271314 
2989 -0.221988 
2990 -0.095782 
2991 -0.095782 
2992 -0.095782 
2993 -0.095782 
2994 -0.095782 
2995 -0.095782 
2996 0.319394 
2997 -0.227354 
2998 0.290978 
2999 -0.139587 
3000 0.175390 
3001 0.319394 
3002 -0.418766 
3003 -0.426258 
3004 -0.426258 
3005 -0.426258 
3006 0.385466 
3007 -0.292953 
3008 0.114793 
3009 0.114793 
3010 0.114793 
3011 0.351108 
3012 0.319394 
3013 -0.109678 
3014 0.458150 
3015 0.175390 
3016 0.342213 
3017 0.139983 
3018 0.222044 
3019 -0.109678 
3020 0.222044 
3021 0.222044 
3022 -0.393811 
3023 0.175390 
3024 -0.292953 
3025 0.114793 
3026 0.319394 
3027 0.222044 
3028 0.458150 
3029 0.222044 
3030 -0.213584 
