5962 1
0 -1.633822 
1 -1.250313 
2 -1.640974 
3 -1.747168 
4 -1.859984 
5 -1.334356 
6 -1.579293 
7 -1.517152 
8 -1.586818 
9 -1.524437 
10 -1.599961 
11 -1.605288 
12 -1.676391 
13 -1.485968 
14 -1.592304 
15 -1.621040 
16 -1.571655 
17 -1.461141 
18 -1.688458 
19 -1.643254 
20 -1.557801 
21 -1.622880 
22 -1.615097 
23 -1.546225 
24 -1.980581 
25 -2.006794 
26 -0.972484 
27 -1.044379 
28 -1.556156 
29 -1.266675 
30 -1.464272 
31 -1.968047 
32 -1.401131 
33 -1.432748 
34 -1.890786 
35 -1.641194 
36 -1.498705 
37 -1.766957 
38 -1.537513 
39 -1.543517 
40 -1.740164 
41 -1.438544 
42 -1.461157 
43 -1.738883 
44 -1.552805 
45 -1.473903 
46 -1.686524 
47 -1.587180 
48 -1.535935 
49 -1.749751 
50 -1.589620 
51 -1.484018 
52 -1.723475 
53 -1.580880 
54 -1.442876 
55 -1.715585 
56 -1.695366 
57 -1.649178 
58 -1.714096 
59 -1.422138 
60 -1.782731 
61 -1.859772 
62 -1.908978 
63 -0.035142 
64 -0.026496 
65 -2.279272 
66 -1.132959 
67 -1.447393 
68 -1.732692 
69 -1.140258 
70 -1.193253 
71 -2.248545 
72 -1.597568 
73 -1.240846 
74 -1.851686 
75 -1.650411 
76 -1.431445 
77 -1.760331 
78 -1.471269 
79 -1.588489 
80 -1.681412 
81 -1.434488 
82 -1.502595 
83 -1.667152 
84 -1.651942 
85 -1.577243 
86 -1.554862 
87 -1.555020 
88 -1.568964 
89 -1.715346 
90 -1.548284 
91 -1.432152 
92 -1.709935 
93 -1.525749 
94 -1.695782 
95 -1.494335 
96 -1.464146 
97 -1.403412 
98 -1.651501 
99 -1.597705 
100 2.118364 
101 2.047349 
102 0.549310 
103 1.173125 
104 2.560465 
105 -1.339170 
106 -0.242013 
107 -0.228570 
108 -1.556593 
109 -1.043187 
110 -0.957277 
111 -2.480153 
112 -1.305047 
113 -1.357165 
114 -2.019175 
115 -1.679294 
116 -1.408541 
117 -1.697415 
118 -1.493394 
119 -1.651275 
120 -1.520915 
121 -1.601552 
122 -1.510794 
123 -1.647140 
124 -1.631627 
125 -1.528755 
126 -1.610599 
127 -1.516675 
128 -1.621548 
129 -1.516954 
130 -1.603558 
131 -1.601759 
132 -1.510468 
133 -1.651962 
134 -1.550053 
135 -1.652634 
136 -1.796146 
137 1.892548 
138 1.752511 
139 1.457850 
140 2.033144 
141 2.161383 
142 1.066883 
143 1.401825 
144 2.990973 
145 -0.109527 
146 0.565412 
147 0.898099 
148 -1.539104 
149 -0.473328 
150 -0.557416 
151 -2.687938 
152 -1.223015 
153 -1.322942 
154 -2.133790 
155 -1.789558 
156 -1.393891 
157 -1.696555 
158 -1.655392 
159 -1.614002 
160 -1.596425 
161 -1.560279 
162 -1.511960 
163 -1.571932 
164 -1.721775 
165 -1.652562 
166 -1.442651 
167 -1.604914 
168 -1.881462 
169 -1.342198 
170 -1.493965 
171 -1.708615 
172 -1.380970 
173 -1.531965 
174 1.656738 
175 1.634598 
176 1.854074 
177 1.963269 
178 1.835882 
179 1.684393 
180 1.939680 
181 2.046514 
182 1.342810 
183 1.524396 
184 2.874605 
185 0.630739 
186 1.240728 
187 1.005284 
188 -1.276740 
189 -0.550442 
190 -0.343287 
191 -2.809799 
192 -1.117577 
193 -1.262759 
194 -2.255821 
195 -1.764352 
196 -1.388976 
197 -1.792783 
198 -1.709017 
199 -1.606979 
200 -1.701814 
201 -1.610049 
202 -1.604962 
203 -1.605918 
204 -1.764734 
205 -1.760698 
206 -1.225726 
207 -1.605024 
208 -1.322950 
209 -1.641599 
210 -1.524334 
211 1.743557 
212 1.666871 
213 1.686622 
214 1.694975 
215 1.584355 
216 1.812183 
217 1.762526 
218 1.661965 
219 1.693026 
220 1.987163 
221 1.876224 
222 1.394731 
223 1.593078 
224 2.558114 
225 1.042338 
226 1.479672 
227 1.411048 
228 -0.119730 
229 0.467926 
230 0.480280 
231 -2.925610 
232 -0.509503 
233 -0.651912 
234 -2.515761 
235 -1.827705 
236 -1.104096 
237 -1.888330 
238 -1.802545 
239 -1.688822 
240 -1.682542 
241 -1.715696 
242 -1.873146 
243 -1.269322 
244 -1.387543 
245 -1.463933 
246 -1.734735 
247 -1.699981 
248 1.456097 
249 1.562858 
250 1.712353 
251 1.668912 
252 1.686939 
253 1.667221 
254 1.520858 
255 1.575070 
256 1.638934 
257 1.687356 
258 1.666586 
259 1.729197 
260 1.878925 
261 1.834210 
262 1.549741 
263 1.638232 
264 2.268106 
265 1.239040 
266 1.676399 
267 1.625591 
268 0.997895 
269 1.822388 
270 2.271650 
271 -0.840476 
272 0.163040 
273 0.175793 
274 -2.329645 
275 -2.035991 
276 -0.992832 
277 -1.840922 
278 -1.691208 
279 -1.961770 
280 -1.202764 
281 -1.625969 
282 -1.590285 
283 -2.021760 
284 -1.159473 
285 1.762000 
286 1.652859 
287 1.705728 
288 1.642219 
289 1.507372 
290 1.722087 
291 1.492278 
292 1.600444 
293 1.685546 
294 1.502575 
295 1.516755 
296 1.655624 
297 1.750663 
298 1.524455 
299 1.618949 
300 1.745646 
301 1.673137 
302 1.530217 
303 1.641095 
304 1.877964 
305 1.400408 
306 1.684907 
307 1.856696 
308 1.393748 
309 2.080027 
310 2.108484 
311 0.361512 
312 1.563452 
313 1.429544 
314 -1.439093 
315 -1.305441 
316 -0.369409 
317 -1.958661 
318 -1.515175 
319 -1.790420 
320 -1.127062 
321 -1.269512 
322 1.944254 
323 1.854404 
324 1.683410 
325 1.630324 
326 1.690874 
327 1.560260 
328 1.572950 
329 1.667136 
330 1.670226 
331 1.619837 
332 1.523578 
333 1.567408 
334 1.639538 
335 1.643727 
336 1.640059 
337 1.636802 
338 1.732708 
339 1.574710 
340 1.537879 
341 1.675710 
342 1.706635 
343 1.672633 
344 1.775755 
345 1.527525 
346 1.656947 
347 1.774149 
348 1.794153 
349 1.977896 
350 2.005110 
351 1.105276 
352 2.318108 
353 2.176623 
354 0.257828 
355 0.256735 
356 0.497218 
357 -0.809277 
358 -0.881328 
359 3.076431 
360 1.601526 
361 1.842743 
362 1.530624 
363 1.556567 
364 1.677996 
365 1.615320 
366 1.553409 
367 1.577767 
368 1.569937 
369 1.536573 
370 1.679405 
371 1.555256 
372 1.576311 
373 1.699147 
374 1.569770 
375 1.593132 
376 1.621781 
377 1.629061 
378 1.650104 
379 1.646516 
380 1.564285 
381 1.566305 
382 1.600619 
383 1.683829 
384 1.766048 
385 1.733490 
386 1.521172 
387 1.545835 
388 1.834707 
389 1.890769 
390 1.945625 
391 1.312030 
392 2.362782 
393 2.220796 
394 0.746148 
395 0.649748 
396 1.447518 
397 1.490900 
398 1.979813 
399 1.410694 
400 1.721405 
401 1.771933 
402 1.480189 
403 1.381724 
404 1.667256 
405 1.477399 
406 1.552663 
407 1.665162 
408 1.503140 
409 1.566289 
410 1.618767 
411 1.560908 
412 1.645771 
413 1.629668 
414 1.506368 
415 1.490095 
416 1.624115 
417 1.662112 
418 1.471919 
419 1.675699 
420 1.677235 
421 1.544122 
422 1.621361 
423 1.575245 
424 1.738971 
425 1.370487 
426 1.690055 
427 1.627168 
428 1.685100 
429 1.923495 
430 1.798373 
431 1.276732 
432 0.930541 
433 1.620955 
434 1.737647 
435 1.795126 
436 1.650750 
437 1.528491 
438 1.466576 
439 1.503386 
440 1.506780 
441 1.596712 
442 1.439092 
443 1.609109 
444 1.639348 
445 1.488209 
446 1.588140 
447 1.498424 
448 1.589604 
449 1.408883 
450 1.641223 
451 1.642284 
452 1.547279 
453 1.662496 
454 1.601955 
455 1.437571 
456 1.690349 
457 1.495286 
458 1.381665 
459 -1.854636 
460 -1.489743 
461 -1.496688 
462 -1.591152 
463 -1.501252 
464 -1.607237 
465 -1.451463 
466 -1.550965 
467 -1.422246 
468 -1.510409 
469 -1.441507 
470 -1.533721 
471 -1.611755 
472 -1.464972 
473 -1.464519 
474 -1.681562 
475 -1.604867 
476 -1.689045 
477 -1.503171 
478 -1.456594 
479 -1.476771 
480 -1.394700 
481 -1.493704 
482 -1.516318 
483 -1.695886 
484 -2.375983 
485 -0.908827 
486 -1.015996 
487 -1.549596 
488 -1.578199 
489 -1.502945 
490 -1.463362 
491 -1.437949 
492 -1.407603 
493 -1.513121 
494 -1.500241 
495 -1.663670 
496 -2.177975 
497 -2.362556 
498 -0.319140 
499 -0.242133 
500 -0.674237 
501 -1.386856 
502 -1.961895 
503 -1.830127 
504 -1.675166 
505 -1.416963 
506 -1.594187 
507 -1.416116 
508 -1.801621 
509 -1.713809 
510 -1.785857 
511 0.650187 
512 1.273738 
513 -0.010371 
514 -0.863959 
515 -2.920248 
516 -1.509687 
517 -1.543971 
518 -1.632133 
519 -1.421097 
520 -1.543340 
521 -1.539195 
522 -1.474382 
523 -1.730450 
524 1.888981 
525 2.234984 
526 1.345995 
527 0.802899 
528 -0.069593 
529 -0.756936 
530 -1.961568 
531 -2.484131 
532 -1.804526 
533 -1.590744 
534 -1.647526 
535 -1.215653 
536 -1.636513 
537 1.417886 
538 1.795076 
539 1.426171 
540 2.761937 
541 1.466351 
542 0.427008 
543 -0.772399 
544 -0.801729 
545 -1.516981 
546 -1.822504 
547 -1.741407 
548 -1.294821 
549 -1.335170 
550 1.637754 
551 1.876763 
552 1.906349 
553 1.961262 
554 1.326723 
555 1.190491 
556 0.825382 
557 -0.154991 
558 -1.242274 
559 -2.874604 
560 -1.447442 
561 -1.273840 
562 -1.641828 
563 1.867773 
564 1.857001 
565 1.358280 
566 1.448575 
567 1.542636 
568 2.731182 
569 1.631212 
570 1.071371 
571 0.668192 
572 -0.491496 
573 -1.164433 
574 -1.778675 
575 -2.402230 
576 1.617674 
577 1.732921 
578 1.450416 
579 1.460307 
580 1.838993 
581 1.630509 
582 1.367671 
583 1.521522 
584 3.235504 
585 1.064617 
586 0.325841 
587 -0.100513 
588 -0.544609 
589 1.883345 
590 1.808085 
591 1.668563 
592 1.617268 
593 1.552593 
594 1.455227 
595 1.627434 
596 1.990275 
597 1.823920 
598 1.404346 
599 1.254749 
600 0.538799 
601 0.079410 
602 2.331500 
603 2.181599 
604 1.724836 
605 1.542512 
606 1.509560 
607 1.516187 
608 1.616363 
609 1.608339 
610 1.640829 
611 1.465458 
612 1.258274 
613 0.943495 
614 0.618874 
615 2.826461 
616 2.026847 
617 1.470317 
618 1.285902 
619 1.399330 
620 1.528458 
621 1.475999 
622 1.580604 
623 1.767077 
624 2.656621 
625 1.520475 
626 1.088810 
627 0.807650 
628 -1.482694 
629 -1.513731 
630 -1.464462 
631 -1.729104 
632 -1.517380 
633 -1.530280 
634 -1.671656 
635 -1.493004 
636 -1.353119 
637 -1.476277 
638 -1.467175 
639 -1.821655 
640 -1.732909 
641 -1.298550 
642 -1.600679 
643 -1.622202 
644 -1.579439 
645 -1.670513 
646 -1.502509 
647 -1.420849 
648 -1.509997 
649 -1.547512 
650 -1.480188 
651 -1.727203 
652 -1.979443 
653 -1.852358 
654 -1.007838 
655 -1.263342 
656 -1.270937 
657 -1.555545 
658 -1.671377 
659 -1.656093 
660 -1.537612 
661 -1.478149 
662 -1.407989 
663 -1.702037 
664 -1.714875 
665 -1.720070 
666 -1.920172 
667 -0.561218 
668 -0.833268 
669 -1.281008 
670 -2.050597 
671 -2.034010 
672 -1.607911 
673 -1.524711 
674 -1.354077 
675 -1.627400 
676 -1.375702 
677 -1.413163 
678 -1.460646 
679 -1.845272 
680 0.707180 
681 0.286091 
682 -1.058829 
683 -2.882305 
684 -1.452268 
685 -1.519230 
686 -1.614179 
687 -1.701492 
688 -1.629072 
689 -1.486514 
690 -1.471967 
691 -1.620446 
692 -2.935658 
693 1.150856 
694 0.965235 
695 0.816675 
696 -0.061891 
697 -0.766144 
698 -1.728199 
699 -2.707888 
700 -1.488278 
701 -1.563476 
702 -1.610620 
703 -1.442028 
704 -1.606546 
705 -2.008722 
706 1.243474 
707 1.348085 
708 2.570689 
709 1.833396 
710 0.986026 
711 0.282685 
712 -0.534937 
713 -1.039288 
714 -2.067049 
715 -2.166427 
716 -1.739592 
717 -1.330885 
718 -1.657819 
719 1.491130 
720 1.657956 
721 1.575242 
722 1.596063 
723 1.568506 
724 2.793643 
725 0.744001 
726 -0.229782 
727 -1.511436 
728 -0.996098 
729 -1.592286 
730 -1.854493 
731 -1.856582 
732 1.590695 
733 1.587149 
734 1.524555 
735 1.531948 
736 2.065055 
737 1.989010 
738 1.376518 
739 0.914679 
740 0.714251 
741 -0.016949 
742 -1.611899 
743 -2.687312 
744 -0.967839 
745 1.783352 
746 1.771479 
747 1.561177 
748 1.759534 
749 1.555720 
750 1.575878 
751 1.572828 
752 2.604628 
753 1.940243 
754 1.059359 
755 0.239105 
756 -0.026841 
757 -0.271711 
758 2.373305 
759 2.228084 
760 1.658183 
761 1.550936 
762 1.634900 
763 1.457817 
764 1.772842 
765 1.665693 
766 1.619987 
767 1.258235 
768 1.776984 
769 0.660938 
770 0.455595 
771 2.568350 
772 1.878310 
773 1.552554 
774 1.348454 
775 1.466683 
776 1.533080 
777 1.599116 
778 1.633799 
779 1.564867 
780 2.277941 
781 1.927470 
782 1.177613 
783 1.057131 
784 1.843905 
785 1.589572 
786 1.412215 
787 1.304166 
788 1.535337 
789 1.649903 
790 1.502651 
791 1.664141 
792 1.745852 
793 1.956425 
794 1.538601 
795 1.155632 
796 0.830330 
797 -1.580401 
798 -1.778553 
799 -1.991469 
800 -1.523219 
801 -1.602499 
802 -1.603696 
803 -1.641240 
804 -1.584478 
805 -1.547272 
806 -1.615235 
807 -1.707967 
808 -1.617101 
809 -1.622676 
810 -1.348591 
811 -1.653968 
812 -1.695134 
813 -1.543854 
814 -1.578363 
815 -1.551341 
816 -1.521275 
817 -1.529506 
818 -1.643388 
819 -1.624975 
820 -1.804723 
821 -1.720210 
822 -1.578846 
823 -1.248129 
824 -1.514684 
825 -1.642041 
826 -1.606262 
827 -1.567428 
828 -1.598348 
829 -1.555135 
830 -1.598374 
831 -1.683652 
832 -1.639262 
833 -1.777259 
834 -1.531870 
835 -1.520258 
836 -0.934720 
837 -1.314433 
838 -1.786768 
839 -2.125862 
840 -1.567330 
841 -1.545126 
842 -1.583742 
843 -1.591846 
844 -1.598910 
845 -1.441520 
846 -1.599294 
847 -1.670170 
848 -3.315068 
849 0.170462 
850 -0.128096 
851 -1.113226 
852 -1.215659 
853 -1.515687 
854 -1.813170 
855 -1.847621 
856 -1.583247 
857 -1.736784 
858 -1.464337 
859 -1.546835 
860 -2.207663 
861 -2.167880 
862 0.922611 
863 0.778219 
864 0.954935 
865 -0.119224 
866 -0.927160 
867 -2.973996 
868 -1.415878 
869 -1.510175 
870 -1.722965 
871 -1.821525 
872 -1.720807 
873 -1.945966 
874 -1.493992 
875 1.245413 
876 2.224949 
877 1.869349 
878 1.467000 
879 1.169976 
880 0.183856 
881 -0.679770 
882 -1.839560 
883 -2.606315 
884 -1.692560 
885 -1.805876 
886 -1.461902 
887 -1.422665 
888 1.414331 
889 1.604784 
890 1.792443 
891 1.662206 
892 2.618617 
893 1.922770 
894 0.872254 
895 0.125809 
896 -0.356039 
897 -1.190631 
898 -1.633639 
899 -2.569767 
900 -1.240097 
901 1.596678 
902 1.703192 
903 1.838741 
904 1.974001 
905 1.723498 
906 1.556640 
907 1.322150 
908 2.998121 
909 1.466440 
910 0.580951 
911 -0.414289 
912 -0.629414 
913 -0.854009 
914 2.234783 
915 2.240051 
916 1.754131 
917 1.634817 
918 1.580180 
919 1.530420 
920 1.986689 
921 1.842680 
922 1.477982 
923 1.400124 
924 1.134165 
925 0.423311 
926 -0.224264 
927 3.402161 
928 1.782099 
929 1.652173 
930 1.460379 
931 1.461187 
932 1.656780 
933 1.672507 
934 1.570599 
935 1.536706 
936 1.935135 
937 2.215855 
938 1.512048 
939 0.896534 
940 1.683866 
941 1.709911 
942 1.584582 
943 1.531811 
944 1.632791 
945 1.630997 
946 1.590912 
947 1.605523 
948 1.911194 
949 1.770005 
950 1.620614 
951 1.337212 
952 0.999190 
953 1.676847 
954 1.759285 
955 1.781554 
956 1.655868 
957 1.559017 
958 1.633130 
959 1.523344 
960 1.745472 
961 1.637632 
962 1.543797 
963 1.583133 
964 1.347513 
965 0.913191 
966 -1.923683 
967 -2.121474 
968 -1.574998 
969 -1.605275 
970 -1.548078 
971 -1.633863 
972 -1.594407 
973 -1.566589 
974 -1.557899 
975 -1.503777 
976 -1.586660 
977 -1.473980 
978 -1.582808 
979 -1.691228 
980 -1.580646 
981 -1.607281 
982 -1.579617 
983 -1.576802 
984 -1.524880 
985 -1.582355 
986 -1.679577 
987 -1.617611 
988 -1.687238 
989 -1.472198 
990 -1.647366 
991 -1.549401 
992 -1.537272 
993 -1.546851 
994 -1.576241 
995 -1.710344 
996 -1.631201 
997 -1.545950 
998 -1.544376 
999 -1.673826 
1000 -1.653059 
1001 -1.603570 
1002 -1.577505 
1003 -1.542375 
1004 -1.646122 
1005 -1.585243 
1006 -1.533633 
1007 -1.599591 
1008 -1.578903 
1009 -1.508841 
1010 -1.627334 
1011 -1.647064 
1012 -1.676209 
1013 -1.646313 
1014 -1.615215 
1015 -1.569257 
1016 -1.628482 
1017 -1.576158 
1018 -1.560994 
1019 -1.638879 
1020 -1.641564 
1021 -1.506524 
1022 -1.663617 
1023 -1.633380 
1024 -1.770824 
1025 -1.565814 
1026 -1.536616 
1027 -1.340667 
1028 -1.408398 
1029 -1.834295 
1030 -1.707231 
1031 -1.577538 
1032 -1.527602 
1033 -1.655915 
1034 -1.648009 
1035 -1.620272 
1036 -1.661038 
1037 -1.526987 
1038 -1.603261 
1039 -1.587336 
1040 -1.631170 
1041 -1.594888 
1042 -1.628280 
1043 -1.544891 
1044 -1.569094 
1045 -1.680621 
1046 -1.492953 
1047 -1.601035 
1048 -1.574750 
1049 -1.665380 
1050 -1.577847 
1051 -1.524442 
1052 -1.635363 
1053 -1.717977 
1054 -1.602733 
1055 -1.555032 
1056 -1.591481 
1057 -1.560453 
1058 -1.650930 
1059 -1.634406 
1060 -1.587508 
1061 -1.720118 
1062 -1.614073 
1063 -1.585987 
1064 -1.359571 
1065 -1.361735 
1066 -1.821491 
1067 -2.026966 
1068 -1.330705 
1069 -1.838764 
1070 -1.633129 
1071 -1.639047 
1072 -1.609237 
1073 -1.532771 
1074 -1.390504 
1075 -1.849039 
1076 -1.504759 
1077 -1.451281 
1078 -1.694351 
1079 -1.630525 
1080 -1.531013 
1081 -1.647153 
1082 -1.550410 
1083 -1.555454 
1084 -1.486861 
1085 -1.580840 
1086 -1.643807 
1087 -1.567778 
1088 -1.580137 
1089 -1.659822 
1090 -1.623775 
1091 -1.546001 
1092 -1.568700 
1093 -1.586116 
1094 -1.560055 
1095 -1.649174 
1096 -1.509623 
1097 -1.731938 
1098 -1.777934 
1099 -1.596934 
1100 -3.708144 
1101 0.175055 
1102 0.200411 
1103 -0.463244 
1104 -0.629861 
1105 -0.294823 
1106 -2.106107 
1107 -2.083954 
1108 -0.969942 
1109 -1.774348 
1110 -1.870434 
1111 -1.764386 
1112 -1.592595 
1113 -1.292819 
1114 -1.601437 
1115 -1.853557 
1116 -1.465845 
1117 -1.523565 
1118 -1.641633 
1119 -1.722493 
1120 -1.518442 
1121 -1.688074 
1122 -1.585484 
1123 -1.599694 
1124 -1.497261 
1125 -1.551740 
1126 -1.590201 
1127 -1.633691 
1128 -1.637957 
1129 -1.613607 
1130 -1.634152 
1131 -1.533580 
1132 -1.682282 
1133 -1.582176 
1134 -1.570013 
1135 -1.705661 
1136 -1.912902 
1137 -2.326117 
1138 0.821348 
1139 1.216401 
1140 1.483880 
1141 1.660950 
1142 2.280535 
1143 0.969901 
1144 1.483202 
1145 2.537024 
1146 -0.041996 
1147 -0.091799 
1148 -0.158852 
1149 -1.941691 
1150 -1.380208 
1151 -1.739393 
1152 -1.672622 
1153 -1.305080 
1154 -1.364932 
1155 -1.930816 
1156 -1.384782 
1157 -1.518462 
1158 -1.752187 
1159 -1.788526 
1160 -1.420964 
1161 -1.684373 
1162 -1.654800 
1163 -1.635637 
1164 -1.654845 
1165 -1.826224 
1166 -1.640409 
1167 -1.449752 
1168 -1.939589 
1169 -1.677054 
1170 -1.444923 
1171 -1.575998 
1172 -1.673106 
1173 -1.634451 
1174 -1.667162 
1175 1.508768 
1176 1.726741 
1177 1.729037 
1178 1.793801 
1179 1.627479 
1180 2.027663 
1181 1.818426 
1182 1.937398 
1183 1.522756 
1184 2.274073 
1185 1.990087 
1186 1.295468 
1187 1.042931 
1188 3.000529 
1189 0.190601 
1190 -0.037047 
1191 0.150639 
1192 -0.776905 
1193 -0.826970 
1194 -0.763389 
1195 -2.674546 
1196 -1.235889 
1197 -1.157498 
1198 -1.950148 
1199 -2.074969 
1200 -1.390851 
1201 -1.722868 
1202 -1.754748 
1203 -1.608017 
1204 -1.960164 
1205 -1.625938 
1206 -1.745480 
1207 -1.445732 
1208 -1.513894 
1209 -1.430675 
1210 -1.704958 
1211 -1.712634 
1212 1.512011 
1213 1.500522 
1214 1.810004 
1215 1.606119 
1216 1.653537 
1217 1.646544 
1218 1.692611 
1219 1.623757 
1220 1.787470 
1221 1.804083 
1222 1.680014 
1223 1.589185 
1224 1.964684 
1225 2.006756 
1226 1.544181 
1227 1.482937 
1228 2.410036 
1229 1.147826 
1230 1.282603 
1231 1.606985 
1232 0.932159 
1233 0.812846 
1234 0.467529 
1235 -2.467286 
1236 -0.721903 
1237 -0.517409 
1238 -1.872117 
1239 -2.193857 
1240 -0.925338 
1241 -1.897715 
1242 -1.754771 
1243 -1.826664 
1244 -1.323825 
1245 -1.341367 
1246 -2.007386 
1247 -1.943735 
1248 -1.226804 
1249 1.719005 
1250 1.728309 
1251 1.728000 
1252 1.684958 
1253 1.631777 
1254 1.722827 
1255 1.441703 
1256 1.694118 
1257 1.588278 
1258 1.595969 
1259 1.616644 
1260 1.510238 
1261 1.713100 
1262 1.700096 
1263 1.665152 
1264 1.817450 
1265 1.825984 
1266 1.541319 
1267 1.654356 
1268 2.143542 
1269 1.607625 
1270 1.618699 
1271 1.691855 
1272 1.866854 
1273 1.725282 
1274 2.068535 
1275 0.876717 
1276 1.497413 
1277 2.550886 
1278 -0.274227 
1279 -0.110258 
1280 -0.203824 
1281 -0.918553 
1282 -1.465821 
1283 -2.382442 
1284 -0.684838 
1285 -0.942687 
1286 2.164571 
1287 2.205237 
1288 1.720835 
1289 1.606752 
1290 1.630968 
1291 1.530670 
1292 1.562955 
1293 1.679911 
1294 1.602926 
1295 1.532019 
1296 1.769445 
1297 1.542776 
1298 1.710474 
1299 1.572341 
1300 1.676185 
1301 1.560789 
1302 1.645634 
1303 1.644713 
1304 1.642279 
1305 1.818255 
1306 1.545673 
1307 1.639775 
1308 1.889118 
1309 1.619942 
1310 1.654822 
1311 1.642876 
1312 1.850763 
1313 1.687082 
1314 1.781825 
1315 1.346303 
1316 2.127177 
1317 2.141791 
1318 1.070632 
1319 1.068918 
1320 0.682106 
1321 0.018924 
1322 0.029961 
1323 3.588817 
1324 1.551825 
1325 1.717619 
1326 1.688523 
1327 1.707774 
1328 1.724860 
1329 1.627906 
1330 1.580747 
1331 1.597441 
1332 1.602562 
1333 1.660835 
1334 1.607767 
1335 1.568222 
1336 1.578053 
1337 1.603333 
1338 1.559278 
1339 1.646035 
1340 1.699310 
1341 1.485821 
1342 1.611346 
1343 1.636892 
1344 1.753776 
1345 1.535578 
1346 1.695878 
1347 1.563602 
1348 1.650094 
1349 1.716142 
1350 1.508050 
1351 1.809618 
1352 1.685737 
1353 1.784486 
1354 1.838047 
1355 1.672995 
1356 2.114870 
1357 1.901435 
1358 1.495023 
1359 1.325680 
1360 1.580702 
1361 1.537526 
1362 1.745065 
1363 1.724708 
1364 1.767853 
1365 1.550523 
1366 1.570109 
1367 1.530093 
1368 1.645519 
1369 1.505302 
1370 1.594095 
1371 1.712604 
1372 1.607516 
1373 1.563331 
1374 1.675331 
1375 1.676749 
1376 1.677642 
1377 1.694391 
1378 1.569175 
1379 1.498701 
1380 1.566841 
1381 1.788217 
1382 1.513673 
1383 1.583315 
1384 1.719674 
1385 1.612881 
1386 1.573449 
1387 1.581106 
1388 1.807153 
1389 1.676529 
1390 1.607865 
1391 1.456323 
1392 1.806185 
1393 1.768998 
1394 1.988315 
1395 1.502182 
1396 0.893825 
1397 1.722762 
1398 1.856994 
1399 1.751577 
1400 1.543922 
1401 1.696016 
1402 1.530802 
1403 1.420210 
1404 1.471411 
1405 1.593606 
1406 1.637758 
1407 1.588169 
1408 1.585174 
1409 1.519829 
1410 1.638234 
1411 1.628014 
1412 1.702391 
1413 1.410491 
1414 1.575654 
1415 1.676612 
1416 1.805952 
1417 1.792334 
1418 1.298962 
1419 1.529461 
1420 1.030199 
1421 -1.620997 
1422 -1.771016 
1423 -1.724057 
1424 -1.490395 
1425 -1.607055 
1426 -1.542296 
1427 -1.690783 
1428 -1.588788 
1429 -1.583290 
1430 -1.632257 
1431 -1.500159 
1432 -1.574227 
1433 -1.555459 
1434 -1.672086 
1435 -1.578458 
1436 -1.559291 
1437 -1.442530 
1438 -1.573875 
1439 -1.669926 
1440 -1.471325 
1441 -1.626018 
1442 -1.624672 
1443 -1.533706 
1444 -1.572981 
1445 -1.514670 
1446 -1.366264 
1447 -1.858328 
1448 -1.537126 
1449 -1.571017 
1450 -1.577801 
1451 -1.601584 
1452 -1.588362 
1453 -1.619322 
1454 -1.602186 
1455 -1.491307 
1456 -1.646647 
1457 -1.538540 
1458 -1.546123 
1459 -1.557805 
1460 -1.550342 
1461 -1.605957 
1462 -1.528369 
1463 -1.728727 
1464 -1.572710 
1465 -1.582402 
1466 -1.585457 
1467 -1.525075 
1468 -1.514310 
1469 -1.614577 
1470 -1.575341 
1471 -1.531316 
1472 -1.572749 
1473 -1.484246 
1474 -1.624695 
1475 -1.658927 
1476 -1.557960 
1477 -1.680502 
1478 -1.619297 
1479 -1.593763 
1480 -1.810612 
1481 -1.880760 
1482 -1.322979 
1483 -1.349344 
1484 -1.592037 
1485 -1.397854 
1486 -1.659159 
1487 -1.839001 
1488 -1.476518 
1489 -1.533397 
1490 -1.672105 
1491 -1.666720 
1492 -1.475725 
1493 -1.741273 
1494 -1.583236 
1495 -1.553467 
1496 -1.549046 
1497 -1.535084 
1498 -1.607794 
1499 -1.629582 
1500 -1.628245 
1501 -1.607938 
1502 -1.574510 
1503 -1.543078 
1504 -1.499837 
1505 -1.679945 
1506 -1.663981 
1507 -1.547821 
1508 -1.621750 
1509 -1.581599 
1510 -1.538494 
1511 -1.553196 
1512 -1.675086 
1513 -1.604304 
1514 -1.567265 
1515 -1.546945 
1516 -1.768776 
1517 -1.948656 
1518 -1.856629 
1519 -0.619370 
1520 -1.309157 
1521 -1.950680 
1522 -1.601207 
1523 -1.829704 
1524 -1.577323 
1525 -1.611543 
1526 -1.556486 
1527 -1.859254 
1528 -1.611486 
1529 -1.562504 
1530 -1.506953 
1531 -1.720576 
1532 -1.657767 
1533 -1.518336 
1534 -1.624554 
1535 -1.672537 
1536 -1.728867 
1537 -1.529766 
1538 -1.603309 
1539 -1.516890 
1540 -1.505311 
1541 -1.631993 
1542 -1.554387 
1543 -1.570330 
1544 -1.510089 
1545 -1.671185 
1546 -1.507945 
1547 -1.652158 
1548 -1.602230 
1549 -1.682758 
1550 -1.580973 
1551 -1.532603 
1552 -1.408062 
1553 -1.592656 
1554 -1.686517 
1555 -1.761298 
1556 1.721792 
1557 0.242845 
1558 -0.661907 
1559 -1.910124 
1560 -0.283245 
1561 -1.890774 
1562 -1.421751 
1563 -1.935387 
1564 -1.524142 
1565 -1.128278 
1566 -1.539587 
1567 -2.068986 
1568 -1.518239 
1569 -1.731278 
1570 -1.555254 
1571 -1.751583 
1572 -1.501343 
1573 -1.651374 
1574 -1.637699 
1575 -1.628462 
1576 -1.657549 
1577 -1.555683 
1578 -1.542477 
1579 -1.703224 
1580 -1.570047 
1581 -1.501919 
1582 -1.569252 
1583 -1.614316 
1584 -1.608255 
1585 -1.621884 
1586 -1.614768 
1587 -1.637879 
1588 -1.537837 
1589 -1.591823 
1590 -1.635290 
1591 -1.795555 
1592 -2.526212 
1593 1.385286 
1594 1.268773 
1595 1.296865 
1596 2.064910 
1597 2.068837 
1598 1.259958 
1599 1.256097 
1600 2.791460 
1601 0.152911 
1602 0.298615 
1603 -0.372778 
1604 -1.026911 
1605 -0.995369 
1606 -1.070327 
1607 -2.695727 
1608 -1.364521 
1609 -1.441668 
1610 -1.766179 
1611 -1.879013 
1612 -1.560865 
1613 -1.615225 
1614 -1.583849 
1615 -1.786589 
1616 -1.608490 
1617 -1.509459 
1618 -1.706730 
1619 -1.564778 
1620 -1.584276 
1621 -1.732188 
1622 -1.564359 
1623 -1.504184 
1624 -1.714508 
1625 -1.561089 
1626 -1.488591 
1627 -1.716117 
1628 -1.672952 
1629 -1.698558 
1630 1.537393 
1631 1.503288 
1632 1.773454 
1633 1.874215 
1634 1.663261 
1635 1.512751 
1636 2.120932 
1637 1.821712 
1638 1.513057 
1639 1.671706 
1640 2.467047 
1641 1.426541 
1642 1.428982 
1643 1.170591 
1644 0.401741 
1645 0.608277 
1646 0.078858 
1647 -2.821129 
1648 -0.905384 
1649 -0.880462 
1650 -2.094687 
1651 -1.976099 
1652 -1.214901 
1653 -1.699460 
1654 -1.740123 
1655 -1.741330 
1656 -1.539994 
1657 -1.664331 
1658 -1.793369 
1659 -1.547669 
1660 -1.772436 
1661 -1.901685 
1662 -1.362777 
1663 -1.518437 
1664 -1.592376 
1665 -1.451692 
1666 -1.399160 
1667 2.029761 
1668 1.524889 
1669 1.763015 
1670 1.716299 
1671 1.444576 
1672 1.716906 
1673 1.716396 
1674 1.655674 
1675 1.652763 
1676 1.687765 
1677 1.983653 
1678 1.598078 
1679 1.542535 
1680 1.938741 
1681 1.642752 
1682 1.745851 
1683 1.650208 
1684 2.038627 
1685 1.785847 
1686 1.580895 
1687 0.508039 
1688 0.502591 
1689 0.071385 
1690 -2.813107 
1691 -0.603614 
1692 -0.655998 
1693 -1.099011 
1694 -1.435966 
1695 -2.462719 
1696 -1.730685 
1697 -1.698647 
1698 -1.807306 
1699 -1.438864 
1700 -1.339670 
1701 -1.640814 
1702 -1.921581 
1703 -1.664077 
1704 1.540959 
1705 1.509149 
1706 1.659621 
1707 1.604052 
1708 1.585739 
1709 1.646668 
1710 1.559651 
1711 1.668592 
1712 1.664613 
1713 1.616588 
1714 1.515616 
1715 1.662103 
1716 1.899857 
1717 1.614097 
1718 1.565942 
1719 1.414008 
1720 1.864552 
1721 1.817515 
1722 1.642141 
1723 1.534433 
1724 1.808127 
1725 1.860008 
1726 1.855898 
1727 1.024942 
1728 2.389718 
1729 1.814584 
1730 0.840554 
1731 0.657472 
1732 2.589935 
1733 -0.486940 
1734 -0.430993 
1735 -0.571771 
1736 -0.601049 
1737 -0.884872 
1738 -0.530900 
1739 -3.066386 
1740 -0.459481 
1741 1.795115 
1742 1.888625 
1743 1.791921 
1744 1.560253 
1745 1.668212 
1746 1.615084 
1747 1.560721 
1748 1.652167 
1749 1.672475 
1750 1.580552 
1751 1.436827 
1752 1.664973 
1753 1.622989 
1754 1.514197 
1755 1.651323 
1756 1.552614 
1757 1.547511 
1758 1.730487 
1759 1.592957 
1760 1.694872 
1761 1.576912 
1762 1.614362 
1763 1.638758 
1764 1.940217 
1765 1.754577 
1766 1.630691 
1767 1.481401 
1768 2.095597 
1769 1.968827 
1770 1.389317 
1771 1.513476 
1772 2.704350 
1773 1.222942 
1774 1.267472 
1775 1.118819 
1776 -0.158172 
1777 -0.056431 
1778 2.431528 
1779 2.305443 
1780 1.625585 
1781 1.721017 
1782 1.658101 
1783 1.525702 
1784 1.618827 
1785 1.696098 
1786 1.658252 
1787 1.560007 
1788 1.555648 
1789 1.621045 
1790 1.602149 
1791 1.587228 
1792 1.588706 
1793 1.556449 
1794 1.509019 
1795 1.755253 
1796 1.622199 
1797 1.582625 
1798 1.709177 
1799 1.554752 
1800 1.690666 
1801 1.549436 
1802 1.664097 
1803 1.702766 
1804 1.810946 
1805 1.763291 
1806 1.752683 
1807 1.455711 
1808 1.995018 
1809 1.707360 
1810 1.471900 
1811 1.694009 
1812 1.490834 
1813 1.055239 
1814 1.001964 
1815 2.688016 
1816 1.415788 
1817 1.668897 
1818 1.649254 
1819 1.542393 
1820 1.595863 
1821 1.633063 
1822 1.565237 
1823 1.602573 
1824 1.565777 
1825 1.542354 
1826 1.626334 
1827 1.703688 
1828 1.588357 
1829 1.567108 
1830 1.706690 
1831 1.504092 
1832 1.660839 
1833 1.581112 
1834 1.482475 
1835 1.678288 
1836 1.712776 
1837 1.496748 
1838 1.645185 
1839 1.633647 
1840 1.651398 
1841 1.724088 
1842 1.523067 
1843 1.625428 
1844 1.741780 
1845 1.791025 
1846 1.886342 
1847 1.348830 
1848 1.747109 
1849 2.017707 
1850 1.349669 
1851 1.504488 
1852 1.393017 
1853 1.773888 
1854 1.504824 
1855 1.450899 
1856 1.624162 
1857 1.603474 
1858 1.550542 
1859 1.482066 
1860 1.681495 
1861 1.465765 
1862 1.578084 
1863 1.576532 
1864 1.568674 
1865 1.434724 
1866 1.718099 
1867 1.564565 
1868 1.561153 
1869 1.507232 
1870 1.703287 
1871 1.540689 
1872 1.812001 
1873 1.613501 
1874 1.774676 
1875 1.355855 
1876 -1.433111 
1877 -1.558137 
1878 -1.597246 
1879 -1.609719 
1880 -1.558647 
1881 -1.495151 
1882 -1.603940 
1883 -1.567071 
1884 -1.664486 
1885 -1.494793 
1886 -1.640269 
1887 -1.493344 
1888 -1.540736 
1889 -1.588474 
1890 -1.567437 
1891 -1.580924 
1892 -1.640300 
1893 -1.620516 
1894 -1.457751 
1895 -1.570331 
1896 -1.556705 
1897 -1.592158 
1898 -1.495637 
1899 -1.454542 
1900 -1.474255 
1901 -1.482701 
1902 -1.718585 
1903 -1.791166 
1904 -1.494481 
1905 -1.604377 
1906 -1.721595 
1907 -1.561860 
1908 -1.702125 
1909 -1.649869 
1910 -1.478484 
1911 -1.485838 
1912 -1.556046 
1913 -1.548169 
1914 -1.549863 
1915 -1.665468 
1916 -1.631439 
1917 -1.586242 
1918 -1.636103 
1919 -1.461220 
1920 -1.531120 
1921 -1.551563 
1922 -1.521818 
1923 -1.692933 
1924 -1.563362 
1925 -1.683017 
1926 -1.553523 
1927 -1.566102 
1928 -1.468207 
1929 -1.589633 
1930 -1.631002 
1931 -1.603088 
1932 -1.667464 
1933 -1.637756 
1934 -1.546853 
1935 -1.552345 
1936 -1.929192 
1937 -1.416656 
1938 -1.454462 
1939 -1.593621 
1940 -1.500588 
1941 -1.570133 
1942 -1.747630 
1943 -1.570288 
1944 -1.560393 
1945 -1.692306 
1946 -1.402178 
1947 -1.596595 
1948 -1.600086 
1949 -1.525275 
1950 -1.489017 
1951 -1.719669 
1952 -1.496261 
1953 -1.666997 
1954 -1.496168 
1955 -1.619390 
1956 -1.535421 
1957 -1.544188 
1958 -1.682024 
1959 -1.575649 
1960 -1.592832 
1961 -1.577634 
1962 -1.536956 
1963 -1.555098 
1964 -1.508965 
1965 -1.643474 
1966 -1.565317 
1967 -1.589844 
1968 -1.662968 
1969 -1.647809 
1970 -1.518974 
1971 -1.647911 
1972 -2.061825 
1973 -2.320999 
1974 -0.763794 
1975 -0.622251 
1976 -1.473865 
1977 -1.558101 
1978 -1.543859 
1979 -1.963819 
1980 -1.403911 
1981 -1.514196 
1982 -1.834244 
1983 -1.708216 
1984 -1.464795 
1985 -1.510739 
1986 -1.634203 
1987 -1.759317 
1988 -1.570385 
1989 -1.609621 
1990 -1.533294 
1991 -1.517068 
1992 -1.571984 
1993 -1.630435 
1994 -1.556756 
1995 -1.549317 
1996 -1.608979 
1997 -1.541485 
1998 -1.627207 
1999 -1.557811 
2000 -1.521639 
2001 -1.523214 
2002 -1.605619 
2003 -1.688272 
2004 -1.688148 
2005 -1.580779 
2006 -1.580590 
2007 -1.639949 
2008 -1.755825 
2009 -1.858190 
2010 -1.962379 
2011 0.241062 
2012 0.509874 
2013 -2.057631 
2014 -0.975116 
2015 -1.347544 
2016 -1.352956 
2017 -1.165529 
2018 -1.205373 
2019 -2.409267 
2020 -1.236978 
2021 -1.538356 
2022 -1.789042 
2023 -1.924929 
2024 -1.397141 
2025 -1.755529 
2026 -1.645073 
2027 -1.706957 
2028 -1.633788 
2029 -1.548211 
2030 -1.607141 
2031 -1.558358 
2032 -1.556752 
2033 -1.648764 
2034 -1.539884 
2035 -1.522458 
2036 -1.557801 
2037 -1.524610 
2038 -1.572067 
2039 -1.670597 
2040 -1.795331 
2041 -1.604224 
2042 -1.697658 
2043 -1.411023 
2044 -1.501500 
2045 -1.511404 
2046 -1.541816 
2047 -1.851817 
2048 1.903243 
2049 2.039889 
2050 1.419833 
2051 1.488839 
2052 2.395346 
2053 1.327526 
2054 1.299474 
2055 1.139812 
2056 0.178972 
2057 -0.065854 
2058 -0.189594 
2059 -3.004475 
2060 -1.122812 
2061 -0.821695 
2062 -2.039328 
2063 -2.075788 
2064 -1.182506 
2065 -1.789115 
2066 -1.731700 
2067 -1.702852 
2068 -1.719916 
2069 -1.627050 
2070 -1.528841 
2071 -1.553993 
2072 -1.588714 
2073 -1.724444 
2074 -1.577374 
2075 -1.564078 
2076 -1.759104 
2077 -1.595793 
2078 -1.568457 
2079 -1.570658 
2080 -1.588584 
2081 -1.541770 
2082 -1.635423 
2083 -1.752242 
2084 -1.698769 
2085 1.645027 
2086 1.604362 
2087 1.574189 
2088 1.799534 
2089 1.728503 
2090 1.682173 
2091 1.670371 
2092 1.956441 
2093 1.517021 
2094 1.778953 
2095 1.530871 
2096 1.696039 
2097 1.421251 
2098 2.147244 
2099 0.117414 
2100 -0.006806 
2101 -0.003375 
2102 -1.931898 
2103 -2.159224 
2104 -0.628305 
2105 -1.835946 
2106 -1.710462 
2107 -1.970015 
2108 -1.582532 
2109 -1.460822 
2110 -1.585219 
2111 -1.769739 
2112 -1.684807 
2113 -1.641490 
2114 -1.458287 
2115 -1.661689 
2116 -2.047131 
2117 -1.274405 
2118 -1.488648 
2119 -1.829689 
2120 -1.387096 
2121 -1.462018 
2122 1.627840 
2123 1.819790 
2124 1.551800 
2125 1.736782 
2126 1.637907 
2127 1.695333 
2128 1.591972 
2129 1.669608 
2130 1.575564 
2131 1.732563 
2132 1.661164 
2133 1.692570 
2134 1.719764 
2135 1.813645 
2136 2.093191 
2137 1.760859 
2138 2.016835 
2139 1.063289 
2140 2.003249 
2141 2.290109 
2142 0.486559 
2143 0.103662 
2144 0.606040 
2145 -2.314957 
2146 -1.446381 
2147 -0.899794 
2148 -1.389935 
2149 -1.372913 
2150 -1.540430 
2151 -1.976324 
2152 -1.479936 
2153 -1.841465 
2154 -1.809174 
2155 -1.567105 
2156 -1.479066 
2157 -1.325172 
2158 -1.619132 
2159 2.151285 
2160 1.664059 
2161 1.690037 
2162 1.513798 
2163 1.617765 
2164 1.561084 
2165 1.664254 
2166 1.624279 
2167 1.579243 
2168 1.567223 
2169 1.703442 
2170 1.642200 
2171 1.454137 
2172 1.843270 
2173 1.464086 
2174 1.622860 
2175 1.669402 
2176 1.949929 
2177 1.760755 
2178 1.854028 
2179 1.446982 
2180 1.928487 
2181 2.068913 
2182 1.319638 
2183 1.409167 
2184 2.474244 
2185 1.324332 
2186 1.139041 
2187 0.884106 
2188 -0.427229 
2189 -0.269545 
2190 -0.108183 
2191 -2.797610 
2192 -0.685786 
2193 -0.906626 
2194 -2.038540 
2195 -2.141136 
2196 1.613808 
2197 1.554998 
2198 1.614478 
2199 1.650937 
2200 1.703823 
2201 1.590847 
2202 1.574668 
2203 1.536662 
2204 1.582979 
2205 1.576434 
2206 1.600204 
2207 1.647638 
2208 1.600346 
2209 1.561923 
2210 1.632356 
2211 1.654882 
2212 1.797115 
2213 1.482792 
2214 1.482310 
2215 1.611634 
2216 1.641008 
2217 1.581443 
2218 1.834543 
2219 1.597565 
2220 1.853408 
2221 1.736844 
2222 1.482897 
2223 1.703676 
2224 2.302261 
2225 1.538631 
2226 1.431350 
2227 1.540512 
2228 2.157877 
2229 1.883634 
2230 1.357435 
2231 0.110958 
2232 0.209357 
2233 1.791404 
2234 1.843771 
2235 1.912239 
2236 1.702290 
2237 1.614325 
2238 1.600667 
2239 1.512668 
2240 1.592346 
2241 1.641079 
2242 1.543316 
2243 1.615275 
2244 1.650998 
2245 1.575927 
2246 1.626750 
2247 1.513095 
2248 1.731992 
2249 1.707425 
2250 1.475387 
2251 1.520662 
2252 1.736964 
2253 1.532814 
2254 1.647778 
2255 1.673443 
2256 1.713985 
2257 1.671672 
2258 1.516026 
2259 1.591659 
2260 1.791038 
2261 1.828773 
2262 1.613050 
2263 1.454404 
2264 1.875688 
2265 1.653953 
2266 1.689166 
2267 1.524032 
2268 0.960005 
2269 1.021309 
2270 2.189944 
2271 2.063718 
2272 1.787783 
2273 1.643514 
2274 1.608568 
2275 1.537136 
2276 1.594149 
2277 1.584111 
2278 1.524031 
2279 1.648443 
2280 1.571053 
2281 1.595850 
2282 1.592930 
2283 1.624277 
2284 1.624069 
2285 1.495760 
2286 1.646297 
2287 1.610565 
2288 1.627817 
2289 1.675899 
2290 1.533856 
2291 1.515312 
2292 1.550478 
2293 1.601920 
2294 1.712073 
2295 1.596883 
2296 1.637646 
2297 1.607131 
2298 1.735902 
2299 1.503468 
2300 1.771610 
2301 1.955853 
2302 1.506493 
2303 1.472441 
2304 1.589028 
2305 1.428955 
2306 1.336725 
2307 2.079387 
2308 1.597064 
2309 1.604324 
2310 1.556810 
2311 1.480669 
2312 1.479486 
2313 1.632035 
2314 1.533724 
2315 1.608699 
2316 1.586731 
2317 1.542332 
2318 1.546701 
2319 1.641420 
2320 1.519984 
2321 1.556188 
2322 1.549139 
2323 1.624084 
2324 1.711997 
2325 1.553589 
2326 1.438938 
2327 1.663836 
2328 1.547959 
2329 1.830840 
2330 1.311452 
2331 -1.782219 
2332 -1.525652 
2333 -1.516732 
2334 -1.623038 
2335 -1.627982 
2336 -1.524307 
2337 -1.595258 
2338 -1.503404 
2339 -1.584090 
2340 -1.570421 
2341 -1.567804 
2342 -1.564610 
2343 -1.548309 
2344 -1.584377 
2345 -1.495276 
2346 -1.560173 
2347 -1.596292 
2348 -1.600249 
2349 -1.553019 
2350 -1.523586 
2351 -1.670667 
2352 -1.787395 
2353 -1.627359 
2354 -1.432878 
2355 -1.356810 
2356 -1.494749 
2357 -1.707065 
2358 -1.595403 
2359 -1.622653 
2360 -1.706450 
2361 -1.562938 
2362 -1.578478 
2363 -1.554164 
2364 -1.549409 
2365 -1.590688 
2366 -1.588290 
2367 -1.640288 
2368 -1.460241 
2369 -1.678132 
2370 -1.541013 
2371 -1.625140 
2372 -1.597908 
2373 -1.717278 
2374 -1.666168 
2375 -1.497056 
2376 -1.589570 
2377 -1.608262 
2378 -1.578895 
2379 -1.671566 
2380 -1.624717 
2381 -1.571845 
2382 -1.592301 
2383 -1.527313 
2384 -1.583118 
2385 -1.707540 
2386 -1.570500 
2387 -1.678095 
2388 -1.625811 
2389 -1.596228 
2390 -1.514036 
2391 -1.533188 
2392 -1.306702 
2393 -1.453955 
2394 -2.017856 
2395 -1.698835 
2396 -1.474967 
2397 -1.678186 
2398 -1.697828 
2399 -1.609813 
2400 -1.498843 
2401 -1.655970 
2402 -1.615519 
2403 -1.555968 
2404 -1.536980 
2405 -1.596826 
2406 -1.527764 
2407 -1.593897 
2408 -1.474514 
2409 -1.567412 
2410 -1.541296 
2411 -1.690760 
2412 -1.573704 
2413 -1.588276 
2414 -1.580532 
2415 -1.608034 
2416 -1.540943 
2417 -1.686006 
2418 -1.601063 
2419 -1.571151 
2420 -1.746442 
2421 -1.552717 
2422 -1.409007 
2423 -1.710169 
2424 -1.709475 
2425 -1.606033 
2426 -1.585830 
2427 -1.549007 
2428 -2.633336 
2429 -0.705219 
2430 -0.779540 
2431 -1.654168 
2432 -1.276722 
2433 -1.451417 
2434 -1.744534 
2435 -1.973457 
2436 -1.586732 
2437 -1.660657 
2438 -1.532068 
2439 -1.616916 
2440 -1.556897 
2441 -1.607348 
2442 -1.591336 
2443 -1.640865 
2444 -1.672403 
2445 -1.505507 
2446 -1.675498 
2447 -1.523826 
2448 -1.533607 
2449 -1.547274 
2450 -1.701132 
2451 -1.464217 
2452 -1.545873 
2453 -1.543546 
2454 -1.685187 
2455 -1.550489 
2456 -1.528653 
2457 -1.592551 
2458 -1.663811 
2459 -1.573968 
2460 -1.753778 
2461 -1.663311 
2462 -1.547366 
2463 -1.690345 
2464 -2.232702 
2465 -2.346136 
2466 0.425222 
2467 0.225391 
2468 -0.179646 
2469 -0.227627 
2470 -0.585857 
2471 -2.936905 
2472 -1.332339 
2473 -0.984500 
2474 -2.021360 
2475 -1.910526 
2476 -1.107831 
2477 -1.722512 
2478 -1.806533 
2479 -1.893492 
2480 -1.581850 
2481 -1.558676 
2482 -1.742245 
2483 -1.550713 
2484 -1.555708 
2485 -1.672119 
2486 -1.490695 
2487 -1.545000 
2488 -1.521009 
2489 -1.672861 
2490 -1.744339 
2491 -1.440037 
2492 -1.511009 
2493 -1.560636 
2494 -1.644032 
2495 -1.624620 
2496 -1.865137 
2497 -1.728215 
2498 -1.470834 
2499 -1.492779 
2500 -1.650412 
2501 -1.805813 
2502 -1.780385 
2503 1.126842 
2504 2.292604 
2505 1.459706 
2506 1.379035 
2507 1.415434 
2508 1.473690 
2509 1.553866 
2510 2.121334 
2511 0.161339 
2512 0.072810 
2513 -0.156163 
2514 -2.351774 
2515 -1.518156 
2516 -0.947022 
2517 -1.830468 
2518 -1.744629 
2519 -1.922198 
2520 -1.638335 
2521 -1.453281 
2522 -1.689666 
2523 -1.819949 
2524 -1.425582 
2525 -1.583573 
2526 -1.702813 
2527 -1.564938 
2528 -1.553595 
2529 -1.636112 
2530 -1.447224 
2531 -1.730508 
2532 -1.643044 
2533 -1.836885 
2534 -1.628663 
2535 -1.366495 
2536 -1.246063 
2537 -1.741161 
2538 -1.680391 
2539 -1.640902 
2540 1.531279 
2541 1.725232 
2542 1.722946 
2543 1.727676 
2544 1.813349 
2545 1.704896 
2546 1.810826 
2547 1.587451 
2548 1.832920 
2549 1.704380 
2550 2.094061 
2551 0.965179 
2552 2.110479 
2553 2.110700 
2554 0.337787 
2555 0.611037 
2556 0.165405 
2557 -1.061071 
2558 -2.074810 
2559 -1.833107 
2560 -1.178147 
2561 -1.400167 
2562 -1.656329 
2563 -2.212328 
2564 -1.350533 
2565 -1.529411 
2566 -1.915400 
2567 -1.784802 
2568 -1.574243 
2569 -1.649555 
2570 -1.599291 
2571 -1.638138 
2572 -1.343110 
2573 -1.535618 
2574 -1.899862 
2575 -1.935801 
2576 -1.318823 
2577 1.748868 
2578 1.594594 
2579 1.680649 
2580 1.628793 
2581 1.564660 
2582 1.623848 
2583 1.695715 
2584 1.766625 
2585 1.739892 
2586 1.544969 
2587 1.630074 
2588 1.778817 
2589 1.900317 
2590 1.799420 
2591 1.371047 
2592 2.207989 
2593 1.823517 
2594 1.163276 
2595 1.372417 
2596 2.856169 
2597 0.768821 
2598 0.587458 
2599 0.286234 
2600 -0.649380 
2601 -0.513534 
2602 -0.387214 
2603 -2.960359 
2604 -1.374973 
2605 -1.114494 
2606 -2.127738 
2607 -1.881844 
2608 -1.576632 
2609 -1.650627 
2610 -1.424972 
2611 -1.963450 
2612 -1.422834 
2613 -1.093219 
2614 1.872793 
2615 1.904317 
2616 1.601033 
2617 1.498049 
2618 1.538393 
2619 1.670666 
2620 1.647753 
2621 1.643309 
2622 1.649635 
2623 1.456209 
2624 1.628431 
2625 1.581706 
2626 1.782858 
2627 1.610296 
2628 1.765718 
2629 1.719636 
2630 1.712754 
2631 1.475122 
2632 1.906031 
2633 1.984918 
2634 1.503468 
2635 1.529301 
2636 2.340905 
2637 1.525232 
2638 1.384759 
2639 1.566549 
2640 2.279868 
2641 1.580035 
2642 0.693885 
2643 -0.973888 
2644 -0.612065 
2645 -0.305399 
2646 -1.421813 
2647 -2.405777 
2648 -0.437796 
2649 -1.161958 
2650 -1.105077 
2651 2.962181 
2652 1.644273 
2653 1.567257 
2654 1.672832 
2655 1.604706 
2656 1.589194 
2657 1.653797 
2658 1.630125 
2659 1.603949 
2660 1.678434 
2661 1.561695 
2662 1.637108 
2663 1.597986 
2664 1.607154 
2665 1.727678 
2666 1.625342 
2667 1.582412 
2668 1.865778 
2669 1.618348 
2670 1.649017 
2671 1.569822 
2672 1.808985 
2673 1.816905 
2674 1.590032 
2675 1.630571 
2676 2.006941 
2677 1.762022 
2678 1.671562 
2679 1.761323 
2680 1.951060 
2681 1.913542 
2682 1.881038 
2683 1.271617 
2684 2.789476 
2685 1.231666 
2686 -0.201313 
2687 0.168807 
2688 1.597945 
2689 1.662066 
2690 1.620718 
2691 1.481363 
2692 1.652825 
2693 1.472235 
2694 1.551113 
2695 1.695052 
2696 1.466495 
2697 1.577317 
2698 1.638121 
2699 1.703972 
2700 1.611689 
2701 1.624787 
2702 1.634991 
2703 1.664661 
2704 1.636823 
2705 1.558115 
2706 1.558158 
2707 1.687485 
2708 1.583506 
2709 1.555428 
2710 1.669312 
2711 1.579717 
2712 1.702433 
2713 1.785205 
2714 1.640962 
2715 1.597488 
2716 2.025796 
2717 1.666213 
2718 1.581490 
2719 1.572589 
2720 1.967819 
2721 2.025669 
2722 1.734857 
2723 1.105983 
2724 0.958050 
2725 1.992606 
2726 1.875741 
2727 1.771589 
2728 1.759428 
2729 1.651981 
2730 1.570889 
2731 1.471843 
2732 1.699561 
2733 1.673981 
2734 1.558679 
2735 1.505020 
2736 1.650000 
2737 1.672953 
2738 1.460167 
2739 1.578420 
2740 1.640930 
2741 1.602362 
2742 1.679294 
2743 1.573830 
2744 1.579689 
2745 1.674780 
2746 1.623510 
2747 1.517700 
2748 1.717132 
2749 1.487125 
2750 1.662905 
2751 1.615091 
2752 1.732766 
2753 1.887978 
2754 1.495893 
2755 1.443346 
2756 1.996405 
2757 1.371017 
2758 1.510040 
2759 1.735651 
2760 1.079983 
2761 1.099212 
2762 2.126496 
2763 2.020686 
2764 1.567845 
2765 1.545688 
2766 1.662014 
2767 1.511168 
2768 1.664614 
2769 1.588809 
2770 1.608026 
2771 1.541778 
2772 1.607300 
2773 1.573299 
2774 1.592887 
2775 1.561492 
2776 1.554434 
2777 1.542623 
2778 1.642715 
2779 1.556227 
2780 1.812284 
2781 1.576329 
2782 1.730096 
2783 1.218279 
2784 1.426535 
2785 1.329610 
2786 -1.724797 
2787 -1.885260 
2788 -1.508413 
2789 -1.545504 
2790 -1.605724 
2791 -1.602233 
2792 -1.670208 
2793 -1.514069 
2794 -1.565492 
2795 -1.535270 
2796 -1.595881 
2797 -1.602524 
2798 -1.544313 
2799 -1.540863 
2800 -1.687237 
2801 -1.490721 
2802 -1.526317 
2803 -1.562892 
2804 -1.621216 
2805 -1.553279 
2806 -1.523533 
2807 -1.633396 
2808 -1.697713 
2809 -1.666400 
2810 -1.422507 
2811 -1.464733 
2812 -1.575919 
2813 -1.630065 
2814 -1.408899 
2815 -1.680288 
2816 -1.578484 
2817 -1.595218 
2818 -1.637911 
2819 -1.597311 
2820 -1.551308 
2821 -1.644942 
2822 -1.563160 
2823 -1.601122 
2824 -1.601663 
2825 -1.601613 
2826 -1.583239 
2827 -1.588362 
2828 -1.672372 
2829 -1.501745 
2830 -1.542557 
2831 -1.571234 
2832 -1.599010 
2833 -1.619589 
2834 -1.568281 
2835 -1.594061 
2836 -1.589003 
2837 -1.523217 
2838 -1.656954 
2839 -1.527070 
2840 -1.649373 
2841 -1.607393 
2842 -1.610711 
2843 -1.663489 
2844 -1.624190 
2845 -1.767184 
2846 -1.726654 
2847 -1.132347 
2848 -1.394909 
2849 -1.754532 
2850 -1.702742 
2851 -1.683054 
2852 -1.547832 
2853 -1.591454 
2854 -1.627550 
2855 -1.618434 
2856 -1.439581 
2857 -1.717071 
2858 -1.605597 
2859 -1.556095 
2860 -1.582792 
2861 -1.497197 
2862 -1.576686 
2863 -1.684351 
2864 -1.536775 
2865 -1.598636 
2866 -1.569338 
2867 -1.648543 
2868 -1.649838 
2869 -1.552025 
2870 -1.615631 
2871 -1.586514 
2872 -1.634160 
2873 -1.587316 
2874 -1.628402 
2875 -1.548674 
2876 -1.658022 
2877 -1.592257 
2878 -1.586418 
2879 -1.638829 
2880 -1.527122 
2881 -1.556281 
2882 -1.625249 
2883 -1.700882 
2884 -1.080671 
2885 -1.398072 
2886 -2.102552 
2887 -1.931986 
2888 -1.311890 
2889 -1.649766 
2890 -1.705223 
2891 -1.999762 
2892 -1.694493 
2893 -1.586880 
2894 -1.480877 
2895 -1.702789 
2896 -1.699307 
2897 -1.599747 
2898 -1.640667 
2899 -1.533923 
2900 -1.639957 
2901 -1.517138 
2902 -1.650632 
2903 -1.540615 
2904 -1.631100 
2905 -1.498083 
2906 -1.620482 
2907 -1.531397 
2908 -1.583543 
2909 -1.706597 
2910 -1.488478 
2911 -1.472004 
2912 -1.673980 
2913 -1.614916 
2914 -1.626948 
2915 -1.579053 
2916 -1.490603 
2917 -1.405530 
2918 -1.663384 
2919 -1.830439 
2920 -3.594760 
2921 0.398969 
2922 0.628963 
2923 0.077410 
2924 0.501593 
2925 -0.343548 
2926 -2.582386 
2927 -1.574600 
2928 -0.878305 
2929 -1.963597 
2930 -1.730125 
2931 -1.866860 
2932 -1.515603 
2933 -1.519686 
2934 -1.725100 
2935 -1.747910 
2936 -1.451719 
2937 -1.580603 
2938 -1.586091 
2939 -1.777484 
2940 -1.572006 
2941 -1.564209 
2942 -1.564154 
2943 -1.709110 
2944 -1.633190 
2945 -1.566849 
2946 -1.577138 
2947 -1.493699 
2948 -1.632388 
2949 -1.538751 
2950 -1.719025 
2951 -1.536980 
2952 -1.896452 
2953 -1.428305 
2954 -1.364891 
2955 -1.753782 
2956 -1.979577 
2957 -2.036489 
2958 1.140934 
2959 1.349654 
2960 1.837746 
2961 1.879943 
2962 2.002041 
2963 1.187053 
2964 2.178090 
2965 2.173108 
2966 0.121690 
2967 0.286689 
2968 0.038296 
2969 -2.231194 
2970 -1.866671 
2971 -0.650643 
2972 -1.527950 
2973 -1.359142 
2974 -1.280479 
2975 -2.326854 
2976 -1.429878 
2977 -1.417072 
2978 -1.793970 
2979 -1.756247 
2980 -1.431005 
2981 -1.671197 
2982 -1.615456 
2983 -1.644579 
2984 -1.644645 
2985 -1.603392 
2986 -1.686698 
2987 -1.505654 
2988 -1.843253 
2989 -1.802156 
2990 -1.431948 
2991 -1.477424 
2992 -1.632816 
2993 -1.562550 
2994 -1.442958 
2995 1.705806 
2996 1.678577 
2997 1.672239 
2998 1.763115 
2999 1.649621 
3000 1.854125 
3001 1.972790 
3002 1.893033 
3003 1.342388 
3004 2.240684 
3005 1.876277 
3006 1.314470 
3007 1.274444 
3008 2.968897 
3009 0.415994 
3010 0.286875 
3011 0.311127 
3012 -0.873763 
3013 -0.777892 
3014 -0.564086 
3015 -3.028350 
3016 -1.464689 
3017 -1.479275 
3018 -2.042053 
3019 -1.658287 
3020 -1.361098 
3021 -1.798688 
3022 -1.681957 
3023 -1.750508 
3024 -1.569333 
3025 -1.925273 
3026 -1.746687 
3027 -1.299841 
3028 -1.325359 
3029 -1.638739 
3030 -1.955839 
3031 -1.504787 
3032 1.487174 
3033 1.532362 
3034 1.594425 
3035 1.728750 
3036 1.734251 
3037 1.675204 
3038 1.628789 
3039 1.427574 
3040 1.611743 
3041 1.802736 
3042 1.693293 
3043 1.572262 
3044 2.015598 
3045 2.072666 
3046 1.438502 
3047 1.588091 
3048 2.595558 
3049 1.255071 
3050 1.356328 
3051 1.331422 
3052 0.563786 
3053 0.785442 
3054 0.211587 
3055 -2.702426 
3056 -0.747306 
3057 -0.614240 
3058 -2.370162 
3059 -1.758551 
3060 -1.405371 
3061 -1.648450 
3062 -1.573745 
3063 -2.038776 
3064 -1.332808 
3065 -1.384306 
3066 -1.985518 
3067 -1.855436 
3068 -1.200484 
3069 1.708199 
3070 1.706516 
3071 1.827414 
3072 1.593570 
3073 1.558657 
3074 1.659022 
3075 1.565986 
3076 1.508119 
3077 1.550632 
3078 1.703321 
3079 1.681596 
3080 1.580871 
3081 1.617885 
3082 1.617004 
3083 1.707437 
3084 1.748251 
3085 1.793097 
3086 1.601101 
3087 1.647396 
3088 1.900217 
3089 1.690697 
3090 1.643959 
3091 1.727623 
3092 1.935851 
3093 1.813611 
3094 1.904706 
3095 1.179539 
3096 2.653807 
3097 0.706591 
3098 -0.601234 
3099 -0.517691 
3100 -0.439554 
3101 -1.038583 
3102 -1.019411 
3103 -2.569252 
3104 -0.838451 
3105 -0.888791 
3106 2.187722 
3107 2.076343 
3108 1.777901 
3109 1.649476 
3110 1.570962 
3111 1.502891 
3112 1.549721 
3113 1.638700 
3114 1.675006 
3115 1.507587 
3116 1.658963 
3117 1.573013 
3118 1.592419 
3119 1.465308 
3120 1.680217 
3121 1.616778 
3122 1.497872 
3123 1.618938 
3124 1.557291 
3125 1.663080 
3126 1.665075 
3127 1.572443 
3128 1.847473 
3129 1.712225 
3130 1.608192 
3131 1.554267 
3132 1.931111 
3133 1.796073 
3134 1.789819 
3135 1.271658 
3136 1.760522 
3137 2.012425 
3138 1.461858 
3139 1.429603 
3140 0.638447 
3141 0.096460 
3142 0.105845 
3143 3.397268 
3144 1.592209 
3145 1.729937 
3146 1.637537 
3147 1.421178 
3148 1.566814 
3149 1.683873 
3150 1.635501 
3151 1.555426 
3152 1.660235 
3153 1.583748 
3154 1.626082 
3155 1.603359 
3156 1.583930 
3157 1.614465 
3158 1.591883 
3159 1.592045 
3160 1.586138 
3161 1.561257 
3162 1.713186 
3163 1.614707 
3164 1.638052 
3165 1.532262 
3166 1.733857 
3167 1.691920 
3168 1.752324 
3169 1.792564 
3170 1.580895 
3171 1.588534 
3172 1.896581 
3173 1.716269 
3174 1.723567 
3175 1.660937 
3176 2.076716 
3177 2.020743 
3178 1.388496 
3179 1.343956 
3180 1.619109 
3181 1.583305 
3182 1.628957 
3183 1.602016 
3184 1.675396 
3185 1.612416 
3186 1.546113 
3187 1.428839 
3188 1.642468 
3189 1.612121 
3190 1.607028 
3191 1.552586 
3192 1.630635 
3193 1.605017 
3194 1.586200 
3195 1.567815 
3196 1.589850 
3197 1.559027 
3198 1.572005 
3199 1.642808 
3200 1.636893 
3201 1.658262 
3202 1.574259 
3203 1.568162 
3204 1.693545 
3205 1.518752 
3206 1.664009 
3207 1.541360 
3208 1.719748 
3209 1.538854 
3210 1.702936 
3211 1.706321 
3212 1.861514 
3213 1.665253 
3214 1.863755 
3215 1.338003 
3216 1.037225 
3217 1.705814 
3218 1.742234 
3219 1.638214 
3220 1.588347 
3221 1.626244 
3222 1.515063 
3223 1.473135 
3224 1.464952 
3225 1.580916 
3226 1.533363 
3227 1.594105 
3228 1.566231 
3229 1.498187 
3230 1.666414 
3231 1.559542 
3232 1.681352 
3233 1.568082 
3234 1.498543 
3235 1.497403 
3236 1.736442 
3237 1.739842 
3238 1.409930 
3239 1.501970 
3240 1.143537 
3241 -1.634926 
3242 -1.670414 
3243 -1.745759 
3244 -1.676957 
3245 -1.555812 
3246 -1.500934 
3247 -1.531999 
3248 -1.546807 
3249 -1.631063 
3250 -1.436887 
3251 -1.539932 
3252 -1.461942 
3253 -1.541370 
3254 -1.556032 
3255 -1.709157 
3256 -1.494434 
3257 -1.533500 
3258 -1.546431 
3259 -1.571759 
3260 -1.678602 
3261 -1.545174 
3262 -1.579027 
3263 -1.514471 
3264 -1.640897 
3265 -1.480958 
3266 -1.608582 
3267 -1.637770 
3268 -1.597493 
3269 -1.490498 
3270 -1.628356 
3271 -1.669183 
3272 -1.676391 
3273 -1.601174 
3274 -1.514873 
3275 -1.547252 
3276 -1.572660 
3277 -1.590347 
3278 -1.514432 
3279 -1.688322 
3280 -1.598392 
3281 -1.648190 
3282 -1.613995 
3283 -1.532097 
3284 -1.585854 
3285 -1.595227 
3286 -1.618977 
3287 -1.588353 
3288 -1.573257 
3289 -1.504921 
3290 -1.729756 
3291 -1.567163 
3292 -1.605776 
3293 -1.558364 
3294 -1.644357 
3295 -1.564365 
3296 -1.656950 
3297 -1.629771 
3298 -1.514327 
3299 -1.528395 
3300 -1.990680 
3301 -1.809048 
3302 -1.094343 
3303 -1.307714 
3304 -1.559978 
3305 -1.535146 
3306 -1.619919 
3307 -1.669164 
3308 -1.517408 
3309 -1.643768 
3310 -1.642446 
3311 -1.554701 
3312 -1.589192 
3313 -1.569654 
3314 -1.529479 
3315 -1.670350 
3316 -1.493695 
3317 -1.538599 
3318 -1.577249 
3319 -1.599564 
3320 -1.628931 
3321 -1.667846 
3322 -1.474566 
3323 -1.465645 
3324 -1.503129 
3325 -1.562254 
3326 -1.599365 
3327 -1.647202 
3328 -1.582674 
3329 -1.542768 
3330 -1.494142 
3331 -1.641828 
3332 -1.525441 
3333 -1.611140 
3334 -1.540700 
3335 -1.697274 
3336 -1.800339 
3337 -1.800537 
3338 -1.803732 
3339 -0.407511 
3340 -0.832753 
3341 -1.794033 
3342 -1.830354 
3343 -1.828150 
3344 -1.539472 
3345 -1.482802 
3346 -1.506313 
3347 -1.931245 
3348 -1.443521 
3349 -1.597672 
3350 -1.556915 
3351 -1.689579 
3352 -1.454354 
3353 -1.582557 
3354 -1.601032 
3355 -1.715418 
3356 -1.554326 
3357 -1.577798 
3358 -1.656523 
3359 -1.517216 
3360 -1.599603 
3361 -1.723957 
3362 -1.508624 
3363 -1.492767 
3364 -1.565851 
3365 -1.558751 
3366 -1.714045 
3367 -1.478857 
3368 -1.632107 
3369 -1.516454 
3370 -1.685029 
3371 -1.533936 
3372 -1.521822 
3373 -1.611961 
3374 -1.578835 
3375 -1.620537 
3376 1.650086 
3377 2.466419 
3378 0.247627 
3379 0.385811 
3380 0.158541 
3381 -1.243160 
3382 -1.988443 
3383 -1.612367 
3384 -1.583736 
3385 -1.388710 
3386 -1.477938 
3387 -2.049391 
3388 -1.542001 
3389 -1.638140 
3390 -1.675986 
3391 -1.730970 
3392 -1.646025 
3393 -1.483842 
3394 -1.631750 
3395 -1.612379 
3396 -1.538758 
3397 -1.613897 
3398 -1.713178 
3399 -1.433881 
3400 -1.677447 
3401 -1.551282 
3402 -1.582658 
3403 -1.633778 
3404 -1.611936 
3405 -1.654678 
3406 -1.577204 
3407 -1.528888 
3408 -1.450930 
3409 -1.373643 
3410 -1.656176 
3411 -1.908501 
3412 -1.997654 
3413 1.474583 
3414 1.552230 
3415 1.454352 
3416 2.272289 
3417 1.952920 
3418 1.251235 
3419 1.204269 
3420 2.943263 
3421 0.178678 
3422 0.722258 
3423 -0.099367 
3424 -0.649893 
3425 -0.736941 
3426 -1.136829 
3427 -2.714280 
3428 -1.162591 
3429 -1.230671 
3430 -1.938712 
3431 -2.013495 
3432 -1.676013 
3433 -1.761761 
3434 -1.613311 
3435 -1.470320 
3436 -1.663330 
3437 -1.618586 
3438 -1.517743 
3439 -1.548573 
3440 -1.564305 
3441 -1.751606 
3442 -1.523423 
3443 -1.513885 
3444 -2.008417 
3445 -1.367608 
3446 -1.370847 
3447 -1.702010 
3448 -1.539973 
3449 -1.720789 
3450 1.612538 
3451 1.491023 
3452 1.749985 
3453 1.685847 
3454 1.812785 
3455 1.499110 
3456 1.861212 
3457 1.871765 
3458 1.569172 
3459 1.743611 
3460 2.477454 
3461 1.472281 
3462 1.253538 
3463 1.341959 
3464 1.342693 
3465 1.845584 
3466 0.393263 
3467 -1.585478 
3468 -0.357753 
3469 -0.845205 
3470 -2.060848 
3471 -2.169529 
3472 -1.149685 
3473 -1.760274 
3474 -1.884792 
3475 -1.633376 
3476 -1.575207 
3477 -1.649477 
3478 -1.651979 
3479 -1.716078 
3480 -1.705728 
3481 -1.923035 
3482 -1.532143 
3483 -1.513822 
3484 -1.686401 
3485 -1.355369 
3486 -1.570850 
3487 1.785324 
3488 1.638757 
3489 1.610553 
3490 1.513096 
3491 1.580107 
3492 1.738463 
3493 1.676461 
3494 1.520079 
3495 1.644260 
3496 1.632828 
3497 1.770071 
3498 1.676949 
3499 1.575705 
3500 2.020783 
3501 1.694836 
3502 1.508025 
3503 1.532453 
3504 1.651292 
3505 2.175390 
3506 1.744332 
3507 0.564960 
3508 0.321202 
3509 0.297839 
3510 -2.057358 
3511 -2.088282 
3512 -0.667700 
3513 -1.818384 
3514 -1.954025 
3515 -1.386110 
3516 -1.765323 
3517 -1.596086 
3518 -1.545360 
3519 -1.544482 
3520 -1.371262 
3521 -1.577374 
3522 -2.062227 
3523 -1.848147 
3524 1.548515 
3525 1.553249 
3526 1.582814 
3527 1.628343 
3528 1.609750 
3529 1.600797 
3530 1.520290 
3531 1.648533 
3532 1.557411 
3533 1.477577 
3534 1.769693 
3535 1.648697 
3536 1.706736 
3537 1.747213 
3538 1.551823 
3539 1.558303 
3540 2.020901 
3541 1.663246 
3542 1.486119 
3543 1.575153 
3544 1.922658 
3545 1.792936 
3546 1.970400 
3547 1.029339 
3548 1.970913 
3549 2.375254 
3550 0.383059 
3551 0.216153 
3552 0.582910 
3553 -2.238567 
3554 -1.253656 
3555 -0.525198 
3556 -0.944803 
3557 -1.172040 
3558 -1.160681 
3559 -2.563159 
3560 -0.887380 
3561 1.759013 
3562 1.936975 
3563 1.678538 
3564 1.660270 
3565 1.591021 
3566 1.594579 
3567 1.573136 
3568 1.617613 
3569 1.624399 
3570 1.631719 
3571 1.509411 
3572 1.546501 
3573 1.629525 
3574 1.504210 
3575 1.580784 
3576 1.645667 
3577 1.721902 
3578 1.570227 
3579 1.559780 
3580 1.693992 
3581 1.604675 
3582 1.589807 
3583 1.754683 
3584 1.857028 
3585 1.786379 
3586 1.771788 
3587 1.424678 
3588 2.070547 
3589 2.090141 
3590 1.316152 
3591 1.315728 
3592 2.854100 
3593 0.888911 
3594 1.074860 
3595 0.895589 
3596 -0.119013 
3597 0.081279 
3598 2.270073 
3599 2.380199 
3600 1.674303 
3601 1.618148 
3602 1.623764 
3603 1.420464 
3604 1.647882 
3605 1.724700 
3606 1.519859 
3607 1.489076 
3608 1.639890 
3609 1.620032 
3610 1.502261 
3611 1.707577 
3612 1.730587 
3613 1.485685 
3614 1.628238 
3615 1.578766 
3616 1.594914 
3617 1.624798 
3618 1.624085 
3619 1.577807 
3620 1.635146 
3621 1.710921 
3622 1.527150 
3623 1.544201 
3624 1.685205 
3625 1.691345 
3626 1.790573 
3627 1.588114 
3628 1.872403 
3629 1.832855 
3630 1.639027 
3631 1.615490 
3632 1.607010 
3633 0.996638 
3634 1.064953 
3635 2.616435 
3636 1.614660 
3637 1.635436 
3638 1.669081 
3639 1.474587 
3640 1.617294 
3641 1.597141 
3642 1.562183 
3643 1.604015 
3644 1.537577 
3645 1.575240 
3646 1.626797 
3647 1.613200 
3648 1.610669 
3649 1.561406 
3650 1.610798 
3651 1.580469 
3652 1.612962 
3653 1.538488 
3654 1.561042 
3655 1.683425 
3656 1.597600 
3657 1.604844 
3658 1.535190 
3659 1.634062 
3660 1.556702 
3661 1.570979 
3662 1.683735 
3663 1.583365 
3664 1.655069 
3665 1.707282 
3666 1.919025 
3667 1.468059 
3668 1.687408 
3669 1.951862 
3670 1.372497 
3671 1.464338 
3672 1.554347 
3673 1.779387 
3674 1.554684 
3675 1.364583 
3676 1.702102 
3677 1.499314 
3678 1.609065 
3679 1.444192 
3680 1.568195 
3681 1.607368 
3682 1.529290 
3683 1.573291 
3684 1.610903 
3685 1.474493 
3686 1.677364 
3687 1.548578 
3688 1.488690 
3689 1.588691 
3690 1.663877 
3691 1.644609 
3692 1.940771 
3693 1.496567 
3694 1.537917 
3695 1.323198 
3696 -1.543821 
3697 -1.513566 
3698 -1.545485 
3699 -1.604372 
3700 -1.545848 
3701 -1.540963 
3702 -1.536406 
3703 -1.603563 
3704 -1.644797 
3705 -1.568606 
3706 -1.473281 
3707 -1.567485 
3708 -1.581770 
3709 -1.557987 
3710 -1.498716 
3711 -1.617110 
3712 -1.478213 
3713 -1.553954 
3714 -1.452885 
3715 -1.710159 
3716 -1.466606 
3717 -1.713295 
3718 -1.480001 
3719 -1.438895 
3720 -1.508381 
3721 -1.476663 
3722 -1.685724 
3723 -1.600822 
3724 -1.515648 
3725 -1.661278 
3726 -1.655048 
3727 -1.433960 
3728 -1.626969 
3729 -1.537005 
3730 -1.630940 
3731 -1.521065 
3732 -1.569608 
3733 -1.463586 
3734 -1.599922 
3735 -1.587299 
3736 -1.505325 
3737 -1.587238 
3738 -1.533797 
3739 -1.596738 
3740 -1.608763 
3741 -1.555348 
3742 -1.569156 
3743 -1.591522 
3744 -1.529852 
3745 -1.595181 
3746 -1.551766 
3747 -1.695043 
3748 -1.500636 
3749 -1.650497 
3750 -1.648721 
3751 -1.562344 
3752 -1.646114 
3753 -1.558245 
3754 -1.562137 
3755 -1.608157 
3756 -1.987042 
3757 -1.376718 
3758 -1.182345 
3759 -1.681547 
3760 -1.594717 
3761 -1.343194 
3762 -1.808979 
3763 -1.621088 
3764 -1.540296 
3765 -1.537913 
3766 -1.583684 
3767 -1.612087 
3768 -1.484723 
3769 -1.653020 
3770 -1.503133 
3771 -1.553080 
3772 -1.577804 
3773 -1.572469 
3774 -1.613643 
3775 -1.470224 
3776 -1.479813 
3777 -1.568942 
3778 -1.572952 
3779 -1.598433 
3780 -1.517354 
3781 -1.601075 
3782 -1.637526 
3783 -1.513978 
3784 -1.604776 
3785 -1.571739 
3786 -1.642844 
3787 -1.530644 
3788 -1.608013 
3789 -1.662591 
3790 -1.638246 
3791 -1.584520 
3792 -2.103729 
3793 -2.456169 
3794 -0.290648 
3795 -0.455936 
3796 -1.476301 
3797 -1.443443 
3798 -1.177318 
3799 -2.236269 
3800 -1.615384 
3801 -1.244471 
3802 -1.731577 
3803 -1.856402 
3804 -1.413574 
3805 -1.665815 
3806 -1.550747 
3807 -1.733625 
3808 -1.588294 
3809 -1.661023 
3810 -1.485601 
3811 -1.542946 
3812 -1.697121 
3813 -1.478384 
3814 -1.561799 
3815 -1.498944 
3816 -1.504525 
3817 -1.599935 
3818 -1.567784 
3819 -1.685103 
3820 -1.601466 
3821 -1.655963 
3822 -1.635260 
3823 -1.571686 
3824 -1.697510 
3825 -1.898476 
3826 -1.385152 
3827 -1.331609 
3828 -1.729367 
3829 -1.761095 
3830 -1.880127 
3831 0.614022 
3832 2.988582 
3833 0.311247 
3834 0.516832 
3835 0.374029 
3836 -0.791347 
3837 -0.967830 
3838 -0.860485 
3839 -2.769011 
3840 -1.050771 
3841 -1.320399 
3842 -1.911181 
3843 -1.951765 
3844 -1.270550 
3845 -1.646774 
3846 -1.770820 
3847 -1.634483 
3848 -1.670437 
3849 -1.478435 
3850 -1.524795 
3851 -1.618607 
3852 -1.579256 
3853 -1.495344 
3854 -1.491073 
3855 -1.653005 
3856 -1.566572 
3857 -1.585788 
3858 -1.451390 
3859 -1.638547 
3860 -1.665921 
3861 -1.706656 
3862 -1.469625 
3863 -1.474700 
3864 -1.399418 
3865 -1.562038 
3866 -1.730495 
3867 -1.632563 
3868 1.838433 
3869 1.831441 
3870 1.532290 
3871 1.703233 
3872 2.414225 
3873 1.460424 
3874 1.226762 
3875 1.339465 
3876 1.454618 
3877 0.788358 
3878 0.691790 
3879 -2.319854 
3880 -0.604555 
3881 -0.531143 
3882 -2.270425 
3883 -1.914702 
3884 -1.090800 
3885 -1.607422 
3886 -1.806923 
3887 -1.815965 
3888 -1.564299 
3889 -1.435362 
3890 -1.689125 
3891 -1.752384 
3892 -1.581155 
3893 -1.609267 
3894 -1.640243 
3895 -1.564110 
3896 -1.647574 
3897 -1.605284 
3898 -1.496786 
3899 -1.612619 
3900 -1.458747 
3901 -1.343375 
3902 -1.644859 
3903 -1.905227 
3904 -1.550904 
3905 1.650288 
3906 1.712797 
3907 1.474485 
3908 1.757653 
3909 1.848899 
3910 1.563686 
3911 1.605387 
3912 1.978293 
3913 1.703323 
3914 1.749103 
3915 1.496725 
3916 2.020064 
3917 1.867707 
3918 1.730156 
3919 0.943503 
3920 1.167380 
3921 0.688703 
3922 -1.701628 
3923 -1.483300 
3924 -0.801018 
3925 -2.002622 
3926 -1.648000 
3927 -1.646753 
3928 -1.615812 
3929 -1.566501 
3930 -1.516814 
3931 -1.751839 
3932 -1.531456 
3933 -1.586583 
3934 -1.751385 
3935 -1.560315 
3936 -1.714172 
3937 -1.457697 
3938 -1.528034 
3939 -1.814400 
3940 -1.545838 
3941 -1.398519 
3942 1.641026 
3943 1.686676 
3944 1.678777 
3945 1.613563 
3946 1.599075 
3947 1.626937 
3948 1.784696 
3949 1.540868 
3950 1.770463 
3951 1.643849 
3952 1.822023 
3953 1.576401 
3954 1.752067 
3955 1.624005 
3956 1.749675 
3957 2.114568 
3958 1.837918 
3959 1.140425 
3960 2.273036 
3961 2.162116 
3962 0.391317 
3963 0.441209 
3964 0.481413 
3965 -1.340893 
3966 -2.067325 
3967 -1.430800 
3968 -1.261175 
3969 -1.391982 
3970 -1.493287 
3971 -2.238013 
3972 -1.601680 
3973 -1.781852 
3974 -1.643681 
3975 -1.543735 
3976 -1.336251 
3977 -1.450207 
3978 -1.556414 
3979 1.930128 
3980 1.554255 
3981 1.555321 
3982 1.659380 
3983 1.599780 
3984 1.666713 
3985 1.525842 
3986 1.507432 
3987 1.630258 
3988 1.546212 
3989 1.681195 
3990 1.552116 
3991 1.589907 
3992 1.678332 
3993 1.574311 
3994 1.673957 
3995 1.588684 
3996 1.861446 
3997 1.757925 
3998 1.794127 
3999 1.384966 
4000 2.143950 
4001 2.018596 
4002 1.156891 
4003 1.154683 
4004 2.679827 
4005 0.940284 
4006 1.088066 
4007 0.169238 
4008 -0.570125 
4009 -0.576708 
4010 -0.519829 
4011 -2.791923 
4012 -1.001971 
4013 -1.014960 
4014 -1.730067 
4015 -2.281469 
4016 1.678458 
4017 1.518660 
4018 1.585483 
4019 1.532053 
4020 1.565623 
4021 1.648288 
4022 1.577537 
4023 1.575205 
4024 1.567322 
4025 1.656276 
4026 1.544846 
4027 1.580438 
4028 1.562925 
4029 1.624796 
4030 1.725900 
4031 1.535896 
4032 1.563358 
4033 1.673655 
4034 1.584229 
4035 1.581469 
4036 1.901330 
4037 1.586397 
4038 1.593984 
4039 1.568367 
4040 1.847015 
4041 1.859856 
4042 1.594441 
4043 1.558524 
4044 2.289281 
4045 1.502377 
4046 1.542945 
4047 1.548669 
4048 2.182452 
4049 1.751449 
4050 0.921397 
4051 -0.597952 
4052 -0.045604 
4053 1.866589 
4054 1.870850 
4055 1.858647 
4056 1.689958 
4057 1.587992 
4058 1.509817 
4059 1.514071 
4060 1.586286 
4061 1.586252 
4062 1.611766 
4063 1.571294 
4064 1.607815 
4065 1.585651 
4066 1.608949 
4067 1.537808 
4068 1.613347 
4069 1.590407 
4070 1.642754 
4071 1.623409 
4072 1.520599 
4073 1.684070 
4074 1.559314 
4075 1.666189 
4076 1.665316 
4077 1.751208 
4078 1.710411 
4079 1.387035 
4080 1.878914 
4081 1.776771 
4082 1.580805 
4083 1.531235 
4084 1.997240 
4085 1.720791 
4086 1.583017 
4087 1.500755 
4088 0.616189 
4089 0.697943 
4090 2.240379 
4091 2.202691 
4092 1.711160 
4093 1.668884 
4094 1.562756 
4095 1.485701 
4096 1.583755 
4097 1.633686 
4098 1.591665 
4099 1.593011 
4100 1.561244 
4101 1.671584 
4102 1.554707 
4103 1.577004 
4104 1.602264 
4105 1.611958 
4106 1.572883 
4107 1.568429 
4108 1.588965 
4109 1.626240 
4110 1.603938 
4111 1.520163 
4112 1.572194 
4113 1.713027 
4114 1.569477 
4115 1.677530 
4116 1.710569 
4117 1.628183 
4118 1.667892 
4119 1.436619 
4120 1.880464 
4121 1.927439 
4122 1.397919 
4123 1.432720 
4124 1.625017 
4125 1.142149 
4126 1.263428 
4127 2.330679 
4128 1.732683 
4129 1.617209 
4130 1.466470 
4131 1.455943 
4132 1.743520 
4133 1.504323 
4134 1.580906 
4135 1.513541 
4136 1.629781 
4137 1.627854 
4138 1.521828 
4139 1.492073 
4140 1.700741 
4141 1.572021 
4142 1.542889 
4143 1.519708 
4144 1.478579 
4145 1.616613 
4146 1.635386 
4147 1.576830 
4148 1.530295 
4149 1.623546 
4150 1.366919 
4151 -1.900499 
4152 -1.590911 
4153 -1.443719 
4154 -1.580515 
4155 -1.564799 
4156 -1.411630 
4157 -1.647026 
4158 -1.601825 
4159 -1.477540 
4160 -1.483780 
4161 -1.542123 
4162 -1.582649 
4163 -1.569666 
4164 -1.368970 
4165 -1.487770 
4166 -1.701066 
4167 -1.599599 
4168 -1.569231 
4169 -1.538763 
4170 -1.472603 
4171 -1.606361 
4172 -1.596835 
4173 -1.566796 
4174 -1.413862 
4175 -1.581641 
4176 -1.959156 
4177 -1.149330 
4178 -1.394453 
4179 -1.636282 
4180 -1.520726 
4181 -1.511996 
4182 -1.462017 
4183 -1.696650 
4184 -1.593412 
4185 -1.576412 
4186 -1.390345 
4187 -1.665450 
4188 -2.067437 
4189 -2.180786 
4190 -0.631799 
4191 -1.007607 
4192 -1.324456 
4193 -1.335573 
4194 -1.707234 
4195 -1.914411 
4196 -1.562098 
4197 -1.615865 
4198 -1.498339 
4199 -1.583009 
4200 -1.755187 
4201 -1.735014 
4202 -2.027777 
4203 0.198555 
4204 -0.304977 
4205 -0.948772 
4206 -1.794555 
4207 -2.619866 
4208 -1.513087 
4209 -1.380737 
4210 -1.688232 
4211 -1.660532 
4212 -1.612205 
4213 -1.484317 
4214 -1.331842 
4215 -1.616630 
4216 2.853046 
4217 1.646974 
4218 0.867201 
4219 0.118332 
4220 -0.458903 
4221 -1.209688 
4222 -1.734120 
4223 -2.526410 
4224 -1.566439 
4225 -1.599954 
4226 -1.576369 
4227 -1.379175 
4228 -1.932786 
4229 1.648869 
4230 1.542799 
4231 1.294027 
4232 2.851859 
4233 1.413190 
4234 -0.040887 
4235 -0.927417 
4236 -1.036536 
4237 -1.500163 
4238 -1.879625 
4239 -1.894814 
4240 -1.384785 
4241 -1.777051 
4242 1.581167 
4243 1.502544 
4244 2.074034 
4245 1.811144 
4246 1.450122 
4247 1.089432 
4248 1.055880 
4249 0.075192 
4250 -0.582146 
4251 -2.966925 
4252 -1.072179 
4253 -1.321916 
4254 -1.816900 
4255 2.098365 
4256 1.680235 
4257 1.609502 
4258 1.480403 
4259 1.454811 
4260 2.172431 
4261 2.010759 
4262 1.157288 
4263 0.852558 
4264 0.405338 
4265 -0.364384 
4266 -1.400079 
4267 -2.948568 
4268 1.662426 
4269 1.670218 
4270 1.451805 
4271 1.370202 
4272 1.745600 
4273 1.689949 
4274 1.489236 
4275 1.499010 
4276 2.563056 
4277 1.803551 
4278 1.065591 
4279 0.490125 
4280 -0.080131 
4281 1.910206 
4282 1.885636 
4283 1.751495 
4284 1.626495 
4285 1.505696 
4286 1.581526 
4287 1.493318 
4288 1.824835 
4289 1.814873 
4290 1.368855 
4291 1.318768 
4292 0.910597 
4293 0.410399 
4294 2.233266 
4295 2.083335 
4296 1.665349 
4297 1.573857 
4298 1.473701 
4299 1.532438 
4300 1.706056 
4301 1.495857 
4302 1.614996 
4303 1.543771 
4304 1.455343 
4305 1.461837 
4306 1.019343 
4307 2.374924 
4308 1.806326 
4309 1.469088 
4310 1.414641 
4311 1.438699 
4312 1.625100 
4313 1.637294 
4314 1.605151 
4315 1.388769 
4316 1.849433 
4317 1.881496 
4318 1.165364 
4319 1.306134 
4320 -1.410558 
4321 -1.383041 
4322 -1.592607 
4323 -1.672751 
4324 -1.561206 
4325 -1.466968 
4326 -1.458081 
4327 -1.707150 
4328 -1.600178 
4329 -1.533184 
4330 -1.551582 
4331 -1.524258 
4332 -1.689174 
4333 -1.320687 
4334 -1.619318 
4335 -1.565935 
4336 -1.609081 
4337 -1.452576 
4338 -1.535666 
4339 -1.533531 
4340 -1.546988 
4341 -1.520324 
4342 -1.485494 
4343 -1.617334 
4344 -1.666003 
4345 -1.833861 
4346 -1.289865 
4347 -1.380905 
4348 -1.366285 
4349 -1.528185 
4350 -1.491880 
4351 -1.763484 
4352 -1.615394 
4353 -1.475456 
4354 -1.496565 
4355 -1.462192 
4356 -1.647570 
4357 -1.717008 
4358 -1.928767 
4359 -0.695372 
4360 -1.073019 
4361 -1.556518 
4362 -1.892755 
4363 -1.632033 
4364 -1.430910 
4365 -1.621694 
4366 -1.629641 
4367 -1.484092 
4368 -1.233561 
4369 -1.449166 
4370 -1.371594 
4371 -1.958034 
4372 0.069363 
4373 -0.491952 
4374 -1.184002 
4375 -2.999443 
4376 -1.456656 
4377 -1.532248 
4378 -1.666185 
4379 -1.660259 
4380 -1.560790 
4381 -1.662319 
4382 -1.472814 
4383 -1.484840 
4384 -2.981203 
4385 1.270942 
4386 0.869403 
4387 0.708163 
4388 -0.028213 
4389 -0.833145 
4390 -1.807520 
4391 -2.571205 
4392 -1.401075 
4393 -1.704638 
4394 -1.472727 
4395 -1.549789 
4396 -1.506399 
4397 -2.136547 
4398 1.286425 
4399 1.261432 
4400 2.495401 
4401 1.988332 
4402 0.649034 
4403 -0.110315 
4404 -0.599474 
4405 -1.325296 
4406 -1.917458 
4407 -2.275651 
4408 -1.398615 
4409 -1.400491 
4410 -1.963674 
4411 1.478795 
4412 1.817002 
4413 1.685785 
4414 1.586159 
4415 1.359930 
4416 2.838690 
4417 1.208307 
4418 0.012266 
4419 -1.007129 
4420 -0.997575 
4421 -1.600014 
4422 -1.677233 
4423 -2.005645 
4424 1.577764 
4425 1.546550 
4426 1.592752 
4427 1.497575 
4428 2.117562 
4429 1.759924 
4430 1.401796 
4431 1.276972 
4432 2.018376 
4433 0.452646 
4434 -0.428745 
4435 -2.206084 
4436 -0.946890 
4437 1.849021 
4438 1.700052 
4439 1.652157 
4440 1.691577 
4441 1.531577 
4442 1.647668 
4443 1.372728 
4444 2.084911 
4445 1.960595 
4446 1.319066 
4447 0.888669 
4448 0.334770 
4449 -0.100633 
4450 2.407835 
4451 2.325372 
4452 1.624914 
4453 1.621305 
4454 1.468866 
4455 1.468976 
4456 1.622772 
4457 1.627845 
4458 1.534819 
4459 1.527822 
4460 1.562261 
4461 1.333438 
4462 0.740161 
4463 2.497901 
4464 1.737648 
4465 1.621704 
4466 1.441099 
4467 1.509798 
4468 1.705760 
4469 1.560316 
4470 1.439563 
4471 1.664517 
4472 1.965746 
4473 1.776992 
4474 1.554277 
4475 1.064769 
4476 1.765195 
4477 1.495419 
4478 1.512369 
4479 1.397895 
4480 1.662731 
4481 1.511235 
4482 1.587952 
4483 1.553560 
4484 1.802744 
4485 1.629337 
4486 1.607767 
4487 1.313888 
4488 1.194035 
4489 -1.560993 
4490 -1.706421 
4491 -1.825634 
4492 -1.578174 
4493 -1.485839 
4494 -1.567291 
4495 -1.598104 
4496 -1.561092 
4497 -1.486086 
4498 -1.375506 
4499 -1.650090 
4500 -1.567124 
4501 -1.536650 
4502 -1.475601 
4503 -1.607535 
4504 -1.476993 
4505 -1.595260 
4506 -1.543670 
4507 -1.543933 
4508 -1.625412 
4509 -1.475062 
4510 -1.512696 
4511 -1.515568 
4512 -1.566831 
4513 -1.665139 
4514 -1.641562 
4515 -1.313434 
4516 -1.393746 
4517 -1.658022 
4518 -1.563145 
4519 -1.601300 
4520 -1.465961 
4521 -1.522843 
4522 -1.595982 
4523 -1.593828 
4524 -1.396301 
4525 -1.333354 
4526 -1.560234 
4527 -1.790400 
4528 -0.753941 
4529 -1.239153 
4530 -1.975323 
4531 -2.182556 
4532 -1.482561 
4533 -1.469215 
4534 -1.667288 
4535 -1.632963 
4536 -1.569256 
4537 -1.435130 
4538 -1.331188 
4539 -1.766803 
4540 -3.500141 
4541 0.092102 
4542 -0.156242 
4543 -0.874338 
4544 -1.117826 
4545 -1.398536 
4546 -1.793887 
4547 -1.864385 
4548 -1.377959 
4549 -1.499817 
4550 -1.653649 
4551 -1.616745 
4552 -1.967445 
4553 -2.373834 
4554 0.887893 
4555 0.726929 
4556 0.653945 
4557 -0.101895 
4558 -1.139755 
4559 -3.040400 
4560 -1.306907 
4561 -1.410091 
4562 -1.913055 
4563 -1.738701 
4564 -1.631480 
4565 -1.599876 
4566 -1.790488 
4567 1.264911 
4568 2.141363 
4569 2.182472 
4570 1.333421 
4571 0.712106 
4572 0.135143 
4573 -0.609856 
4574 -1.448462 
4575 -2.941347 
4576 -1.481156 
4577 -1.620069 
4578 -1.439318 
4579 -1.748035 
4580 1.678094 
4581 1.707681 
4582 1.586048 
4583 1.405313 
4584 2.852839 
4585 1.630794 
4586 0.860296 
4587 0.146310 
4588 -0.486920 
4589 -0.951347 
4590 -1.844724 
4591 -2.529957 
4592 -1.300258 
4593 1.602281 
4594 1.688914 
4595 1.619173 
4596 1.821985 
4597 1.763522 
4598 1.589736 
4599 1.286085 
4600 2.959575 
4601 1.404635 
4602 0.512200 
4603 -0.234885 
4604 -0.475312 
4605 -0.848363 
4606 2.367242 
4607 2.187855 
4608 1.581088 
4609 1.549932 
4610 1.487533 
4611 1.537909 
4612 2.061190 
4613 1.867672 
4614 1.448627 
4615 1.143251 
4616 1.214971 
4617 0.425558 
4618 -0.112831 
4619 3.259571 
4620 1.725652 
4621 1.460368 
4622 1.536426 
4623 1.524460 
4624 1.680189 
4625 1.586837 
4626 1.473497 
4627 1.545819 
4628 2.048360 
4629 1.961678 
4630 1.369240 
4631 1.012838 
4632 1.814348 
4633 1.362839 
4634 1.328187 
4635 1.688155 
4636 1.472715 
4637 1.542415 
4638 1.664482 
4639 1.548508 
4640 1.715520 
4641 1.716581 
4642 1.508981 
4643 1.304672 
4644 0.777560 
4645 1.826838 
4646 1.709516 
4647 1.695299 
4648 1.621921 
4649 1.545762 
4650 1.427795 
4651 1.636583 
4652 1.587804 
4653 1.560365 
4654 1.611671 
4655 1.517428 
4656 1.411271 
4657 1.110029 
4658 -1.734792 
4659 -1.938713 
4660 -1.428527 
4661 -1.636075 
4662 -1.482099 
4663 -1.570018 
4664 -1.574687 
4665 -1.522976 
4666 -1.503806 
4667 -1.524481 
4668 -1.520088 
4669 -1.675160 
4670 -1.672303 
4671 -1.313525 
4672 -1.458965 
4673 -1.473213 
4674 -1.669056 
4675 -1.525288 
4676 -1.560459 
4677 -1.502804 
4678 -1.602874 
4679 -1.536589 
4680 -1.488773 
4681 -1.424496 
4682 -1.544402 
4683 -1.713170 
4684 -1.288788 
4685 -1.475614 
4686 -1.600503 
4687 -1.805664 
4688 -1.449291 
4689 -1.687872 
4690 -1.484163 
4691 -1.614351 
4692 -1.490587 
4693 -1.583294 
4694 -1.519431 
4695 -1.541509 
4696 -2.595772 
4697 -0.742010 
4698 -0.988662 
4699 -1.640275 
4700 -1.524332 
4701 -1.578764 
4702 -1.506038 
4703 -1.625636 
4704 -1.461029 
4705 -1.547440 
4706 -1.640708 
4707 -1.454366 
4708 -2.146568 
4709 -2.558527 
4710 0.307561 
4711 -0.028407 
4712 -0.638490 
4713 -1.263709 
4714 -1.697299 
4715 -2.341681 
4716 -1.446649 
4717 -1.660884 
4718 -1.430856 
4719 -1.621409 
4720 -1.737419 
4721 -1.656679 
4722 -1.896832 
4723 0.829627 
4724 2.819110 
4725 1.203330 
4726 -0.035747 
4727 -0.896218 
4728 -1.049756 
4729 -1.421793 
4730 -2.008098 
4731 -1.813896 
4732 -1.544509 
4733 -1.557681 
4734 -1.492589 
4735 -1.549125 
4736 1.751275 
4737 1.946815 
4738 1.545636 
4739 1.442298 
4740 0.996776 
4741 -0.164698 
4742 -0.913032 
4743 -2.983067 
4744 -1.520763 
4745 -1.762047 
4746 -1.611760 
4747 -1.410913 
4748 -1.451458 
4749 1.673403 
4750 1.520319 
4751 1.508076 
4752 2.330943 
4753 1.846606 
4754 1.291809 
4755 0.783911 
4756 0.087918 
4757 -0.493236 
4758 -1.757172 
4759 -2.597269 
4760 -1.161416 
4761 -1.359603 
4762 1.893419 
4763 1.790499 
4764 1.704736 
4765 1.545886 
4766 1.572057 
4767 1.452764 
4768 2.536158 
4769 1.857960 
4770 1.126629 
4771 0.468669 
4772 -0.108835 
4773 -0.640864 
4774 -1.235862 
4775 3.113727 
4776 1.573615 
4777 1.682493 
4778 1.513222 
4779 1.442720 
4780 1.616408 
4781 1.811299 
4782 1.520810 
4783 1.266754 
4784 2.709460 
4785 1.761526 
4786 0.773125 
4787 -0.121588 
4788 1.828444 
4789 1.541918 
4790 1.422957 
4791 1.400292 
4792 1.638371 
4793 1.516790 
4794 1.546184 
4795 1.619935 
4796 1.715292 
4797 1.868182 
4798 1.571803 
4799 1.280429 
4800 0.534272 
4801 1.979990 
4802 1.880140 
4803 1.595082 
4804 1.664587 
4805 1.564147 
4806 1.401093 
4807 1.557895 
4808 1.678076 
4809 1.644352 
4810 1.460168 
4811 1.436559 
4812 1.216357 
4813 0.917676 
4814 2.057099 
4815 1.934246 
4816 1.591378 
4817 1.615283 
4818 1.593232 
4819 1.452203 
4820 1.562203 
4821 1.560057 
4822 1.601646 
4823 1.542739 
4824 1.845815 
4825 1.441287 
4826 1.323288 
4827 -1.692600 
4828 -1.536136 
4829 -1.615293 
4830 -1.554068 
4831 -1.508686 
4832 -1.602004 
4833 -1.513740 
4834 -1.596025 
4835 -1.483977 
4836 -1.426867 
4837 -1.549281 
4838 -1.713295 
4839 -1.453678 
4840 -1.307309 
4841 -1.469897 
4842 -1.687440 
4843 -1.716476 
4844 -1.629211 
4845 -1.553807 
4846 -1.512664 
4847 -1.529861 
4848 -1.430305 
4849 -1.524525 
4850 -1.469579 
4851 -1.681746 
4852 -2.053896 
4853 -1.070763 
4854 -1.389755 
4855 -1.600393 
4856 -1.528834 
4857 -1.518902 
4858 -1.526644 
4859 -1.622998 
4860 -1.559521 
4861 -1.630617 
4862 -1.561502 
4863 -1.467790 
4864 -2.147358 
4865 -2.228207 
4866 -0.334177 
4867 -0.848204 
4868 -1.165680 
4869 -1.427097 
4870 -1.691212 
4871 -1.871478 
4872 -1.574252 
4873 -1.459705 
4874 -1.413848 
4875 -1.651161 
4876 -1.691863 
4877 -1.663428 
4878 -2.037316 
4879 0.374471 
4880 0.069824 
4881 -0.660383 
4882 -1.891206 
4883 -2.578744 
4884 -1.433377 
4885 -1.541162 
4886 -1.626278 
4887 -1.534016 
4888 -1.644833 
4889 -1.525176 
4890 -1.276228 
4891 -1.696927 
4892 2.537495 
4893 1.836104 
4894 1.078207 
4895 0.317565 
4896 -0.472170 
4897 -1.029641 
4898 -1.828470 
4899 -2.420851 
4900 -1.646404 
4901 -1.574465 
4902 -1.385842 
4903 -1.554912 
4904 -1.821757 
4905 1.616436 
4906 1.472679 
4907 1.391273 
4908 2.807116 
4909 1.431809 
4910 0.235760 
4911 -0.808377 
4912 -1.104509 
4913 -1.511557 
4914 -1.638028 
4915 -1.989837 
4916 -1.403211 
4917 -1.626847 
4918 1.779095 
4919 1.390276 
4920 1.795154 
4921 1.823527 
4922 1.562795 
4923 1.249712 
4924 1.149844 
4925 0.186000 
4926 -1.305745 
4927 -2.650399 
4928 -1.193312 
4929 -1.312600 
4930 -1.658977 
4931 2.003455 
4932 1.678878 
4933 1.578619 
4934 1.495695 
4935 1.551141 
4936 2.399484 
4937 1.769823 
4938 1.266694 
4939 0.813107 
4940 0.063933 
4941 -0.328362 
4942 -1.753760 
4943 -2.767066 
4944 1.620466 
4945 1.513939 
4946 1.574627 
4947 1.508159 
4948 1.673192 
4949 1.696530 
4950 1.523598 
4951 1.406486 
4952 2.700792 
4953 1.550077 
4954 1.260653 
4955 0.355399 
4956 -0.059680 
4957 2.169054 
4958 1.701422 
4959 1.567937 
4960 1.500876 
4961 1.628086 
4962 1.512256 
4963 1.528577 
4964 1.933623 
4965 1.822762 
4966 1.372317 
4967 1.155681 
4968 0.868495 
4969 0.422714 
4970 2.261464 
4971 2.106424 
4972 1.632749 
4973 1.573356 
4974 1.492801 
4975 1.484801 
4976 1.464112 
4977 1.700840 
4978 1.529308 
4979 1.548717 
4980 1.650988 
4981 1.301738 
4982 1.085882 
4983 2.217171 
4984 1.683766 
4985 1.513026 
4986 1.421591 
4987 1.507276 
4988 1.508142 
4989 1.685642 
4990 1.571264 
4991 1.522707 
4992 1.638970 
4993 1.801443 
4994 1.401882 
4995 1.434043 
4996 -1.329835 
4997 -1.585218 
4998 -1.630980 
4999 -1.608548 
5000 -1.673706 
5001 -1.532492 
5002 -1.464673 
5003 -1.407349 
5004 -1.567135 
5005 -1.479127 
5006 -1.529452 
5007 -1.528089 
5008 -1.619746 
5009 -1.353769 
5010 -1.615783 
5011 -1.602528 
5012 -1.562754 
5013 -1.616109 
5014 -1.442272 
5015 -1.559669 
5016 -1.607889 
5017 -1.481571 
5018 -1.549627 
5019 -1.552794 
5020 -1.755221 
5021 -1.761106 
5022 -1.063800 
5023 -1.570845 
5024 -1.510384 
5025 -1.438218 
5026 -1.708676 
5027 -1.542078 
5028 -1.515839 
5029 -1.523860 
5030 -1.640660 
5031 -1.487384 
5032 -1.529923 
5033 -1.819795 
5034 -2.035474 
5035 -0.351736 
5036 -0.971293 
5037 -1.445823 
5038 -1.761619 
5039 -2.030259 
5040 -1.665739 
5041 -1.541154 
5042 -1.404778 
5043 -1.517268 
5044 -1.616823 
5045 -1.379701 
5046 -1.271818 
5047 -1.901648 
5048 1.258338 
5049 -0.017175 
5050 -0.817770 
5051 -2.789041 
5052 -1.327038 
5053 -1.586593 
5054 -1.607220 
5055 -1.653224 
5056 -1.588452 
5057 -1.530605 
5058 -1.466636 
5059 -1.511716 
5060 -2.588046 
5061 1.754301 
5062 1.027697 
5063 0.664025 
5064 -0.016218 
5065 -0.484641 
5066 -1.840203 
5067 -2.749009 
5068 -1.628072 
5069 -1.504237 
5070 -1.694006 
5071 -1.513215 
5072 -1.750185 
5073 -1.594540 
5074 1.508166 
5075 1.515621 
5076 2.550319 
5077 1.889650 
5078 0.965247 
5079 0.304892 
5080 -0.429959 
5081 -1.366962 
5082 -1.640743 
5083 -2.483189 
5084 -1.662524 
5085 -1.401190 
5086 -1.336256 
5087 1.842954 
5088 1.714535 
5089 1.641331 
5090 1.452977 
5091 1.622874 
5092 3.008693 
5093 1.214453 
5094 -0.147063 
5095 -0.647969 
5096 -1.074130 
5097 -1.601877 
5098 -1.952939 
5099 -1.785023 
5100 1.849840 
5101 1.632162 
5102 1.327865 
5103 1.452422 
5104 1.993867 
5105 1.774373 
5106 1.492098 
5107 1.272717 
5108 2.472710 
5109 0.425866 
5110 -0.748813 
5111 -1.661453 
5112 -0.651304 
5113 1.892294 
5114 1.900728 
5115 1.684538 
5116 1.664979 
5117 1.691157 
5118 1.453108 
5119 1.527473 
5120 2.358176 
5121 1.895121 
5122 1.210851 
5123 0.931791 
5124 0.198563 
5125 -0.031570 
5126 2.544967 
5127 2.171082 
5128 1.595881 
5129 1.631981 
5130 1.596490 
5131 1.501620 
5132 1.771033 
5133 1.628242 
5134 1.502074 
5135 1.357172 
5136 1.588198 
5137 1.157580 
5138 0.666858 
5139 2.641172 
5140 1.642182 
5141 1.607462 
5142 1.533706 
5143 1.449153 
5144 1.660900 
5145 1.580285 
5146 1.535584 
5147 1.474129 
5148 1.921671 
5149 1.857924 
5150 1.529946 
5151 1.215370 
5152 1.714167 
5153 1.481034 
5154 1.530045 
5155 1.444581 
5156 1.525643 
5157 1.529262 
5158 1.550028 
5159 1.603683 
5160 1.796017 
5161 1.778956 
5162 1.458886 
5163 1.313166 
5164 1.042430 
5165 -1.475650 
5166 -1.888576 
5167 -1.702109 
5168 -1.522125 
5169 -1.593615 
5170 -1.559600 
5171 -1.520911 
5172 -1.527339 
5173 -1.447867 
5174 -1.621899 
5175 -1.626236 
5176 -1.714543 
5177 -1.546836 
5178 -1.401358 
5179 -1.630540 
5180 -1.350330 
5181 -1.568458 
5182 -1.766678 
5183 -1.466304 
5184 -1.536259 
5185 -1.562238 
5186 -1.406607 
5187 -1.703786 
5188 -1.557239 
5189 -1.748370 
5190 -1.749647 
5191 -1.158966 
5192 -1.401676 
5193 -1.511507 
5194 -1.786489 
5195 -1.630709 
5196 -1.526748 
5197 -1.559235 
5198 -1.582680 
5199 -1.510400 
5200 -1.355498 
5201 -1.315653 
5202 -1.502315 
5203 -1.941635 
5204 -1.089903 
5205 -1.198388 
5206 -1.781605 
5207 -2.189977 
5208 -1.512475 
5209 -1.469232 
5210 -1.582036 
5211 -1.643852 
5212 -1.414668 
5213 -1.518079 
5214 -1.506212 
5215 -1.815207 
5216 -3.443804 
5217 0.135881 
5218 -0.220975 
5219 -0.375717 
5220 -0.834257 
5221 -1.307562 
5222 -1.960609 
5223 -1.897719 
5224 -1.501311 
5225 -1.553658 
5226 -1.640257 
5227 -1.529094 
5228 -1.925159 
5229 -2.419859 
5230 0.660330 
5231 0.924140 
5232 2.051614 
5233 0.262608 
5234 -0.756190 
5235 -2.416512 
5236 -1.246550 
5237 -1.459599 
5238 -1.790226 
5239 -1.740340 
5240 -1.535533 
5241 -1.510511 
5242 -1.916078 
5243 1.257411 
5244 2.145015 
5245 1.991803 
5246 1.417802 
5247 0.876145 
5248 0.296263 
5249 -0.668459 
5250 -1.879906 
5251 -2.634473 
5252 -1.587946 
5253 -1.626001 
5254 -1.516237 
5255 -1.504573 
5256 1.592848 
5257 1.586835 
5258 1.598845 
5259 1.614582 
5260 2.897285 
5261 1.730096 
5262 0.975068 
5263 0.285327 
5264 -0.207773 
5265 -1.168042 
5266 -2.401587 
5267 -1.868346 
5268 -0.908520 
5269 1.791073 
5270 1.658591 
5271 1.714193 
5272 1.685167 
5273 1.592131 
5274 1.603310 
5275 1.596236 
5276 2.936546 
5277 1.427808 
5278 0.410380 
5279 -0.552884 
5280 -0.221536 
5281 -0.375361 
5282 2.417308 
5283 2.157910 
5284 1.893891 
5285 1.571188 
5286 1.517747 
5287 1.333210 
5288 1.975041 
5289 1.805492 
5290 1.495478 
5291 1.113571 
5292 0.921162 
5293 0.541582 
5294 0.399636 
5295 3.347015 
5296 1.862974 
5297 1.484635 
5298 1.394925 
5299 1.477915 
5300 1.596109 
5301 1.508969 
5302 1.623457 
5303 1.619618 
5304 2.371140 
5305 1.754828 
5306 1.444653 
5307 0.956821 
5308 1.922416 
5309 1.511506 
5310 1.343332 
5311 1.305896 
5312 1.554139 
5313 1.586735 
5314 1.488527 
5315 1.648619 
5316 1.833564 
5317 1.749940 
5318 1.357733 
5319 1.344459 
5320 0.961573 
5321 1.948639 
5322 1.725890 
5323 1.462439 
5324 1.698543 
5325 1.493094 
5326 1.656934 
5327 1.604823 
5328 1.651526 
5329 1.581963 
5330 1.652194 
5331 1.429882 
5332 1.419628 
5333 1.286726 
5334 -1.771075 
5335 -1.857125 
5336 -1.552292 
5337 -1.512966 
5338 -1.605036 
5339 -1.559542 
5340 -1.574482 
5341 -1.481769 
5342 -1.551324 
5343 -1.616615 
5344 -1.686984 
5345 -1.543047 
5346 -1.581989 
5347 -1.452628 
5348 -1.505798 
5349 -1.539708 
5350 -1.608735 
5351 -1.682317 
5352 -1.563021 
5353 -1.562921 
5354 -1.504686 
5355 -1.607051 
5356 -1.486701 
5357 -1.744131 
5358 -1.503461 
5359 -1.563663 
5360 -1.254386 
5361 -1.459059 
5362 -1.567994 
5363 -2.042385 
5364 -1.683890 
5365 -1.601278 
5366 -1.562994 
5367 -1.396235 
5368 -1.571046 
5369 -1.572241 
5370 -1.610210 
5371 -1.693840 
5372 -3.022028 
5373 -0.581446 
5374 -0.683798 
5375 -1.264280 
5376 -1.396460 
5377 -1.467411 
5378 -1.680540 
5379 -1.674219 
5380 -1.559013 
5381 -1.650301 
5382 -1.583180 
5383 -1.461219 
5384 -2.177992 
5385 -2.464443 
5386 0.364859 
5387 0.303401 
5388 0.052687 
5389 -0.682807 
5390 -1.720729 
5391 -2.707222 
5392 -1.657141 
5393 -1.612643 
5394 -1.610394 
5395 -1.372813 
5396 -1.770082 
5397 -1.685091 
5398 -1.895720 
5399 1.062822 
5400 2.533676 
5401 1.991670 
5402 0.620648 
5403 -0.481505 
5404 -0.856393 
5405 -1.363009 
5406 -1.830676 
5407 -2.041424 
5408 -1.801871 
5409 -1.555912 
5410 -1.423107 
5411 -1.553465 
5412 1.914330 
5413 1.785785 
5414 1.794556 
5415 1.421671 
5416 1.441175 
5417 0.336436 
5418 -0.878407 
5419 -2.823313 
5420 -1.479483 
5421 -1.748400 
5422 -1.701307 
5423 -1.497395 
5424 -0.918201 
5425 1.882182 
5426 1.782950 
5427 1.645096 
5428 2.192531 
5429 2.093134 
5430 1.513299 
5431 0.914214 
5432 0.273671 
5433 -0.599714 
5434 -1.636840 
5435 -2.713771 
5436 -0.818096 
5437 -0.875226 
5438 2.278986 
5439 2.011847 
5440 1.784374 
5441 1.644532 
5442 1.541812 
5443 1.518040 
5444 2.428370 
5445 2.007153 
5446 1.054041 
5447 0.482563 
5448 -0.097540 
5449 -0.104555 
5450 -0.394818 
5451 3.553038 
5452 1.826792 
5453 1.570723 
5454 1.538201 
5455 1.519737 
5456 1.858000 
5457 1.679207 
5458 1.614415 
5459 1.436960 
5460 2.689377 
5461 1.484076 
5462 1.138066 
5463 0.869746 
5464 1.822865 
5465 1.678032 
5466 1.547913 
5467 1.343532 
5468 1.669190 
5469 1.660429 
5470 1.637515 
5471 1.554951 
5472 1.885414 
5473 2.032770 
5474 1.644508 
5475 1.411260 
5476 0.779974 
5477 1.731159 
5478 1.867745 
5479 1.717172 
5480 1.595489 
5481 1.574916 
5482 1.512881 
5483 1.589228 
5484 1.861626 
5485 1.821844 
5486 1.528492 
5487 1.413436 
5488 1.167735 
5489 1.114986 
5490 1.964203 
5491 2.072256 
5492 1.792075 
5493 1.542047 
5494 1.499234 
5495 1.517578 
5496 1.440340 
5497 1.535105 
5498 1.613884 
5499 1.646188 
5500 1.647591 
5501 1.467249 
5502 1.679328 
5503 -1.831171 
5504 -1.407031 
5505 -1.543786 
5506 -1.507562 
5507 -1.778086 
5508 -1.515989 
5509 -1.565233 
5510 -1.643256 
5511 -1.549279 
5512 -1.573500 
5513 -1.550273 
5514 -1.562894 
5515 -1.576482 
5516 -1.503703 
5517 -1.536599 
5518 -1.614727 
5519 -1.629859 
5520 -1.566426 
5521 -1.522328 
5522 -1.494326 
5523 -1.717472 
5524 -1.564827 
5525 -1.579421 
5526 -1.602256 
5527 -1.422187 
5528 -1.707355 
5529 -1.505054 
5530 -1.308214 
5531 -1.750683 
5532 -1.611495 
5533 -1.589076 
5534 -1.688592 
5535 -1.457135 
5536 -1.487091 
5537 -1.776251 
5538 -1.534168 
5539 -1.503214 
5540 -1.706286 
5541 -1.493600 
5542 -1.462616 
5543 -1.632791 
5544 -1.545428 
5545 -1.534620 
5546 -1.737369 
5547 -1.528676 
5548 -1.507999 
5549 -1.698581 
5550 -1.592803 
5551 -1.539428 
5552 -1.635917 
5553 -1.669678 
5554 -1.348745 
5555 -1.709388 
5556 -1.479923 
5557 -1.527304 
5558 -1.714824 
5559 -1.604429 
5560 -1.546958 
5561 -1.599172 
5562 -1.616671 
5563 -1.545264 
5564 -2.132512 
5565 -2.117585 
5566 -0.834011 
5567 -0.873112 
5568 -1.620820 
5569 -1.432227 
5570 -1.556830 
5571 -1.815839 
5572 -1.293017 
5573 -1.332758 
5574 -1.870449 
5575 -1.732317 
5576 -1.387061 
5577 -1.780441 
5578 -1.613209 
5579 -1.498150 
5580 -1.655661 
5581 -1.450657 
5582 -1.541147 
5583 -1.616606 
5584 -1.515070 
5585 -1.472738 
5586 -1.673440 
5587 -1.587621 
5588 -1.538792 
5589 -1.592874 
5590 -1.609081 
5591 -1.564521 
5592 -1.591501 
5593 -1.465825 
5594 -1.621619 
5595 -1.702679 
5596 -1.701799 
5597 -1.472616 
5598 -1.577956 
5599 -1.592211 
5600 -1.606239 
5601 -2.028518 
5602 -1.959586 
5603 0.134603 
5604 0.097629 
5605 -1.879273 
5606 -1.923231 
5607 -1.205050 
5608 -1.404363 
5609 -1.119179 
5610 -1.401453 
5611 -2.378776 
5612 -1.395811 
5613 -1.386316 
5614 -1.943674 
5615 -1.728764 
5616 -1.427201 
5617 -1.829797 
5618 -1.468582 
5619 -1.487030 
5620 -1.782688 
5621 -1.521983 
5622 -1.455272 
5623 -1.560558 
5624 -1.587732 
5625 -1.591950 
5626 -1.459795 
5627 -1.605694 
5628 -1.526526 
5629 -1.593796 
5630 -1.648069 
5631 -1.471674 
5632 -1.653991 
5633 -1.715805 
5634 -1.636417 
5635 -1.476166 
5636 -1.494621 
5637 -1.337646 
5638 -1.594171 
5639 -1.620207 
5640 2.029264 
5641 2.001484 
5642 1.032928 
5643 1.488329 
5644 2.885370 
5645 0.135211 
5646 0.702259 
5647 0.580129 
5648 -0.763422 
5649 -0.760210 
5650 -0.456698 
5651 -2.813963 
5652 -1.003066 
5653 -1.007640 
5654 -2.220945 
5655 -1.889973 
5656 -1.324170 
5657 -1.792601 
5658 -1.552197 
5659 -1.527948 
5660 -1.656040 
5661 -1.614792 
5662 -1.457874 
5663 -1.491009 
5664 -1.631655 
5665 -1.351739 
5666 -1.796208 
5667 -1.506308 
5668 -1.624908 
5669 -1.644371 
5670 -1.500380 
5671 -1.588412 
5672 -1.542451 
5673 -1.523534 
5674 -1.408560 
5675 -1.748667 
5676 -1.778364 
5677 1.625969 
5678 1.464477 
5679 1.577605 
5680 1.909195 
5681 1.869627 
5682 1.512500 
5683 1.750916 
5684 2.347746 
5685 1.302547 
5686 1.353188 
5687 1.509001 
5688 0.419070 
5689 0.685788 
5690 0.371494 
5691 -2.763980 
5692 -0.593693 
5693 -0.663523 
5694 -2.270191 
5695 -2.118581 
5696 -1.369451 
5697 -1.898013 
5698 -1.703049 
5699 -1.534642 
5700 -1.685889 
5701 -1.392134 
5702 -1.556218 
5703 -1.714039 
5704 -1.621078 
5705 -1.628160 
5706 -1.472694 
5707 -1.710750 
5708 -1.859561 
5709 -1.264280 
5710 -1.595006 
5711 -1.675060 
5712 -1.525419 
5713 -1.649765 
5714 1.637490 
5715 1.511473 
5716 1.825686 
5717 1.470960 
5718 1.614212 
5719 1.732609 
5720 1.727878 
5721 1.867925 
5722 1.638486 
5723 1.645136 
5724 2.061905 
5725 1.527950 
5726 1.510253 
5727 1.723163 
5728 1.550539 
5729 1.962705 
5730 1.779913 
5731 -0.551840 
5732 -0.060248 
5733 -0.104525 
5734 -2.196245 
5735 -2.114905 
5736 -0.685457 
5737 -1.604957 
5738 -1.783341 
5739 -1.879014 
5740 -1.570082 
5741 -1.742033 
5742 -1.722958 
5743 -1.453009 
5744 -1.773279 
5745 -1.854095 
5746 -1.355358 
5747 -1.417858 
5748 -1.254806 
5749 -1.599731 
5750 -1.645530 
5751 1.743266 
5752 1.640776 
5753 1.578136 
5754 1.527836 
5755 1.595125 
5756 1.637509 
5757 1.606595 
5758 1.474110 
5759 1.690364 
5760 1.664890 
5761 1.619149 
5762 1.573608 
5763 1.705834 
5764 1.932942 
5765 1.546529 
5766 1.773549 
5767 1.761589 
5768 1.840809 
5769 1.873339 
5770 1.953252 
5771 1.300449 
5772 1.651355 
5773 2.468571 
5774 -0.007417 
5775 0.064433 
5776 0.097640 
5777 -1.712149 
5778 -1.731067 
5779 -1.548080 
5780 -1.384198 
5781 -1.745839 
5782 -1.825315 
5783 -1.533048 
5784 -1.240618 
5785 -1.344165 
5786 -1.971342 
5787 -1.810884 
5788 1.509295 
5789 1.456787 
5790 1.837914 
5791 1.508392 
5792 1.682960 
5793 1.587903 
5794 1.470021 
5795 1.609725 
5796 1.671755 
5797 1.448702 
5798 1.539558 
5799 1.663462 
5800 1.591558 
5801 1.636101 
5802 1.823579 
5803 1.467727 
5804 1.752873 
5805 1.785361 
5806 1.627287 
5807 1.490335 
5808 1.824867 
5809 1.581492 
5810 1.950860 
5811 1.688058 
5812 1.960869 
5813 2.387731 
5814 1.074495 
5815 1.032704 
5816 2.933865 
5817 0.594234 
5818 0.008368 
5819 0.431900 
5820 -0.421151 
5821 -0.598342 
5822 -0.566835 
5823 -3.139841 
5824 -0.772318 
5825 1.805408 
5826 1.732857 
5827 1.942025 
5828 1.703570 
5829 1.625422 
5830 1.628638 
5831 1.434524 
5832 1.505649 
5833 1.715651 
5834 1.546113 
5835 1.554080 
5836 1.730273 
5837 1.566345 
5838 1.560031 
5839 1.653870 
5840 1.591089 
5841 1.635193 
5842 1.726592 
5843 1.565586 
5844 1.677356 
5845 1.816244 
5846 1.528316 
5847 1.522540 
5848 1.941185 
5849 1.676634 
5850 1.663764 
5851 1.652201 
5852 1.946909 
5853 1.783822 
5854 1.694459 
5855 1.646145 
5856 2.602438 
5857 1.438751 
5858 1.440581 
5859 1.089853 
5860 -0.117077 
5861 -0.108482 
5862 2.424465 
5863 2.325614 
5864 1.828080 
5865 1.475993 
5866 1.599833 
5867 1.538542 
5868 1.653736 
5869 1.505781 
5870 1.669212 
5871 1.470775 
5872 1.580999 
5873 1.679894 
5874 1.555532 
5875 1.515733 
5876 1.614308 
5877 1.716607 
5878 1.407210 
5879 1.710342 
5880 1.704783 
5881 1.659779 
5882 1.557960 
5883 1.524224 
5884 1.597018 
5885 1.709196 
5886 1.519022 
5887 1.545148 
5888 1.741430 
5889 1.596168 
5890 1.511981 
5891 1.759684 
5892 1.850595 
5893 1.736175 
5894 1.620701 
5895 1.518864 
5896 1.817836 
5897 0.812551 
5898 0.777603 
5899 2.620747 
5900 1.475922 
5901 1.770412 
5902 1.519276 
5903 1.502362 
5904 1.746509 
5905 1.456692 
5906 1.508224 
5907 1.526913 
5908 1.572363 
5909 1.520839 
5910 1.559719 
5911 1.631424 
5912 1.592937 
5913 1.711404 
5914 1.521183 
5915 1.423149 
5916 1.698596 
5917 1.505826 
5918 1.494509 
5919 1.607671 
5920 1.538238 
5921 1.501590 
5922 1.682019 
5923 1.581241 
5924 1.597715 
5925 1.692221 
5926 1.422974 
5927 1.639478 
5928 1.660436 
5929 1.754963 
5930 1.660440 
5931 1.542318 
5932 1.807185 
5933 1.824274 
5934 1.497886 
5935 1.473162 
5936 1.494327 
5937 1.533571 
5938 1.550939 
5939 1.437830 
5940 1.538799 
5941 1.679181 
5942 1.421819 
5943 1.490642 
5944 1.463545 
5945 1.591329 
5946 1.647807 
5947 1.505515 
5948 1.472142 
5949 1.561010 
5950 1.644019 
5951 1.470237 
5952 1.626631 
5953 1.575027 
5954 1.618562 
5955 1.495323 
5956 1.668202 
5957 1.379026 
5958 1.517504 
5959 1.691543 
5960 2.237167 
5961 2.337498 
