1446 1
0 -0.409684 
1 -0.115062 
2 0.278098 
3 0.207023 
4 -0.264086 
5 -0.377663 
6 0.046451 
7 -0.469230 
8 0.017400 
9 0.361928 
10 -0.275363 
11 -0.400622 
12 -0.482239 
13 -0.377663 
14 -0.115062 
15 0.364177 
16 0.379532 
17 -0.125379 
18 -0.482239 
19 0.361928 
20 -0.469428 
21 0.207023 
22 0.361928 
23 -0.057446 
24 -0.400622 
25 -0.275502 
26 -0.360752 
27 0.178073 
28 -0.069631 
29 0.141506 
30 0.479881 
31 0.388391 
32 -0.069631 
33 0.093108 
34 -0.171066 
35 0.278098 
36 -0.115062 
37 0.104628 
38 0.407934 
39 -0.264399 
40 0.139659 
41 -0.115062 
42 -0.115062 
43 -0.463713 
44 0.212811 
45 -0.483974 
46 -0.353490 
47 0.005123 
48 0.407934 
49 -0.343558 
50 -0.313563 
51 0.407934 
52 0.129881 
53 -0.112465 
54 -0.469428 
55 0.222912 
56 -0.377663 
57 0.212811 
58 -0.313563 
59 -0.273110 
60 0.107770 
61 0.034657 
62 0.011524 
63 -0.069631 
64 0.379532 
65 0.479881 
66 -0.069631 
67 -0.099040 
68 -0.313563 
69 0.379532 
70 -0.382578 
71 0.496842 
72 -0.128353 
73 0.399004 
74 0.407934 
75 0.222912 
76 0.412452 
77 -0.400622 
78 -0.369256 
79 0.496842 
80 -0.273110 
81 -0.005626 
82 0.412452 
83 0.407934 
84 -0.463713 
85 0.222912 
86 0.407934 
87 0.111117 
88 0.459523 
89 -0.469428 
90 -0.409684 
91 0.407934 
92 -0.099040 
93 0.212811 
94 -0.128353 
95 -0.099040 
96 -0.469428 
97 -0.126326 
98 -0.111100 
99 -0.067133 
100 0.096062 
101 0.185889 
102 0.265625 
103 -0.107370 
104 0.017400 
105 0.430007 
106 0.448762 
107 0.453102 
108 0.083774 
109 -0.273110 
110 0.089224 
111 -0.099040 
112 -0.482239 
113 0.399004 
114 -0.201364 
115 -0.201364 
116 0.107770 
117 -0.069631 
118 0.116284 
119 0.361928 
120 -0.171066 
121 -0.099040 
122 -0.128353 
123 -0.487929 
124 -0.353490 
125 -0.362378 
126 -0.111100 
127 0.459523 
128 0.034657 
129 0.293792 
130 -0.121233 
131 0.466633 
132 -0.339430 
133 0.466633 
134 0.466633 
135 0.107770 
136 0.254981 
137 0.448762 
138 0.083774 
139 -0.069631 
140 -0.482239 
141 0.399004 
142 -0.078598 
143 0.039628 
144 0.479881 
145 0.011524 
146 0.072791 
147 0.013838 
148 -0.197383 
149 0.093108 
150 0.254981 
151 -0.362378 
152 0.322856 
153 0.336875 
154 0.301018 
155 -0.283726 
156 0.105283 
157 -0.099040 
158 -0.171066 
159 -0.047618 
160 -0.113755 
161 0.459301 
162 0.470806 
163 0.459523 
164 0.326731 
165 -0.148345 
166 0.265503 
167 -0.364933 
168 -0.173514 
169 0.053223 
170 0.216867 
171 0.022955 
172 0.496842 
173 -0.099040 
174 -0.201364 
175 -0.078598 
176 -0.137449 
177 -0.369256 
178 0.313930 
179 -0.382578 
180 0.158500 
181 0.011524 
182 0.046451 
183 -0.137449 
184 0.096062 
185 0.170663 
186 -0.382578 
187 -0.362378 
188 -0.113755 
189 -0.409684 
190 -0.180199 
191 -0.469428 
192 0.107770 
193 0.096062 
194 -0.149419 
195 -0.216022 
196 -0.223901 
197 -0.360752 
198 -0.201364 
199 0.091717 
200 0.254981 
201 -0.379203 
202 0.017386 
203 -0.201364 
204 -0.228510 
205 0.216867 
206 0.379532 
207 -0.313563 
208 0.121507 
209 0.013838 
210 0.061705 
211 0.498292 
212 0.172634 
213 -0.382578 
214 -0.137449 
215 0.053740 
216 0.352456 
217 -0.113755 
218 0.129881 
219 -0.364933 
220 -0.263273 
221 -0.099040 
222 0.379532 
223 -0.148345 
224 0.496842 
225 0.116284 
226 0.459523 
227 0.361928 
228 -0.264086 
229 -0.201364 
230 -0.121951 
231 0.216867 
232 0.470806 
233 -0.377663 
234 0.103235 
235 0.479881 
236 0.483088 
237 -0.263273 
238 -0.321114 
239 -0.377663 
240 0.322856 
241 0.141506 
242 -0.116930 
243 0.105461 
244 0.034657 
245 0.046451 
246 0.265625 
247 -0.357184 
248 0.096062 
249 0.141506 
250 0.474319 
251 -0.128353 
252 -0.377663 
253 0.361928 
254 0.308300 
255 0.293792 
256 -0.377663 
257 -0.405072 
258 0.336875 
259 0.285414 
260 0.259909 
261 0.379532 
262 -0.051254 
263 -0.498465 
264 -0.421966 
265 0.011524 
266 0.116284 
267 -0.221225 
268 0.254981 
269 0.254981 
270 -0.459070 
271 -0.339371 
272 0.254981 
273 -0.334496 
274 -0.125569 
275 0.096062 
276 -0.360752 
277 -0.148345 
278 0.154397 
279 0.259909 
280 0.459523 
281 0.216867 
282 0.395363 
283 0.413832 
284 0.222912 
285 0.011524 
286 -0.115062 
287 0.223730 
288 -0.364933 
289 -0.313563 
290 -0.111100 
291 0.259909 
292 0.160648 
293 -0.121951 
294 0.336875 
295 0.011524 
296 0.210384 
297 -0.449361 
298 0.129881 
299 -0.056718 
300 -0.120887 
301 0.432344 
302 0.413832 
303 -0.047618 
304 0.496842 
305 -0.128353 
306 0.124016 
307 -0.070701 
308 -0.180199 
309 0.352621 
310 -0.482239 
311 0.121507 
312 0.352456 
313 0.361928 
314 0.479881 
315 -0.171066 
316 -0.121951 
317 -0.313563 
318 0.413832 
319 0.316692 
320 0.129881 
321 -0.313563 
322 -0.113755 
323 0.496842 
324 -0.498465 
325 -0.402428 
326 -0.263848 
327 -0.180199 
328 -0.137449 
329 -0.137449 
330 0.129881 
331 -0.148345 
332 -0.160119 
333 0.222912 
334 -0.263848 
335 -0.409684 
336 -0.113755 
337 0.281086 
338 -0.360752 
339 0.470806 
340 0.322953 
341 -0.494073 
342 0.091717 
343 -0.359335 
344 0.046451 
345 -0.469428 
346 0.141506 
347 0.459523 
348 -0.289003 
349 0.479881 
350 -0.113755 
351 0.222912 
352 -0.263848 
353 -0.469428 
354 0.326130 
355 -0.336251 
356 0.301018 
357 -0.400622 
358 0.417876 
359 0.141506 
360 0.119825 
361 0.011524 
362 0.483088 
363 -0.469428 
364 -0.409145 
365 -0.330398 
366 0.250508 
367 0.474319 
368 -0.115062 
369 -0.078598 
370 0.407934 
371 -0.078598 
372 0.212811 
373 0.453102 
374 -0.498465 
375 0.207023 
376 0.059452 
377 0.087098 
378 -0.382578 
379 0.212811 
380 0.129881 
381 0.313930 
382 0.365965 
383 0.141506 
384 -0.339371 
385 0.087098 
386 -0.382578 
387 -0.128353 
388 -0.362378 
389 -0.463713 
390 -0.379203 
391 -0.078598 
392 -0.339371 
393 0.418944 
394 -0.360752 
395 -0.482239 
396 0.063301 
397 0.417876 
398 0.399004 
399 0.170019 
400 -0.379235 
401 0.148686 
402 -0.362378 
403 -0.469187 
404 -0.409684 
405 -0.482239 
406 -0.221225 
407 0.141506 
408 0.470806 
409 0.103235 
410 -0.339430 
411 0.236066 
412 0.096062 
413 0.254981 
414 0.309454 
415 -0.400622 
416 0.459301 
417 -0.379203 
418 -0.339371 
419 0.187934 
420 0.378454 
421 0.148686 
422 0.129881 
423 -0.078598 
424 -0.400622 
425 0.459301 
426 0.336875 
427 0.083774 
428 -0.171066 
429 0.216867 
430 0.241925 
431 0.399004 
432 0.278098 
433 -0.180199 
434 0.154397 
435 -0.263848 
436 -0.308606 
437 0.326731 
438 0.119825 
439 0.248887 
440 0.413832 
441 -0.423026 
442 0.413832 
443 0.063301 
444 -0.360752 
445 -0.497153 
446 0.212811 
447 -0.171066 
448 -0.201364 
449 0.453102 
450 -0.241878 
451 -0.364933 
452 -0.281754 
453 0.413832 
454 0.336875 
455 0.148686 
456 0.216867 
457 0.148686 
458 0.148686 
459 -0.421966 
460 0.144511 
461 -0.107370 
462 -0.360752 
463 0.378454 
464 -0.382578 
465 0.259909 
466 0.314406 
467 0.222912 
468 0.096062 
469 0.412452 
470 -0.496578 
471 -0.137449 
472 -0.364933 
473 0.399004 
474 -0.282030 
475 -0.283726 
476 0.168863 
477 -0.409684 
478 -0.362378 
479 -0.342561 
480 0.336875 
481 0.083774 
482 -0.497153 
483 -0.357184 
484 -0.111100 
485 0.089224 
486 0.178073 
487 -0.121233 
488 0.059452 
489 0.105461 
490 0.379532 
491 0.353818 
492 -0.364933 
493 0.474319 
494 0.309454 
495 0.046451 
496 -0.097278 
497 0.413832 
498 0.308300 
499 0.046451 
500 -0.409684 
501 0.168863 
502 0.177783 
503 -0.078598 
504 -0.470411 
505 -0.469230 
506 -0.263848 
507 0.459523 
508 -0.125569 
509 0.479881 
510 -0.078598 
511 0.223730 
512 0.096062 
513 0.087098 
514 -0.171066 
515 0.160648 
516 0.210384 
517 -0.005626 
518 0.177783 
519 0.259909 
520 0.087098 
521 -0.088938 
522 -0.056718 
523 0.223730 
524 -0.180199 
525 0.063301 
526 0.352456 
527 0.107770 
528 -0.125393 
529 0.265503 
530 -0.339371 
531 -0.379203 
532 0.417317 
533 -0.482239 
534 0.293792 
535 -0.497153 
536 0.087098 
537 -0.088936 
538 0.111117 
539 -0.498465 
540 0.336875 
541 0.293792 
542 0.046451 
543 0.250508 
544 0.136987 
545 0.011524 
546 0.072791 
547 0.342207 
548 -0.088936 
549 -0.379203 
550 -0.121951 
551 0.365965 
552 0.059452 
553 0.326731 
554 0.223730 
555 0.498048 
556 -0.160631 
557 0.473129 
558 0.083774 
559 0.459301 
560 0.314406 
561 0.188896 
562 -0.482239 
563 -0.078598 
564 0.223730 
565 -0.180199 
566 0.278098 
567 0.053740 
568 -0.360752 
569 -0.065629 
570 0.039628 
571 0.117455 
572 -0.154060 
573 -0.463713 
574 -0.275363 
575 -0.273110 
576 -0.483974 
577 0.158500 
578 0.323603 
579 0.121097 
580 -0.137449 
581 -0.228510 
582 -0.483974 
583 -0.364933 
584 -0.321114 
585 -0.137449 
586 0.432344 
587 -0.366526 
588 0.254981 
589 0.148686 
590 -0.430256 
591 0.285414 
592 -0.148345 
593 -0.430256 
594 0.223730 
595 -0.057446 
596 0.459301 
597 0.148686 
598 0.459301 
599 -0.498465 
600 -0.409145 
601 0.172634 
602 -0.366526 
603 -0.057977 
604 -0.112465 
605 -0.421966 
606 -0.497153 
607 0.083774 
608 -0.353490 
609 -0.497153 
610 -0.046568 
611 -0.377663 
612 -0.379203 
613 0.453102 
614 0.168863 
615 -0.017882 
616 0.068136 
617 -0.180199 
618 -0.313563 
619 -0.449361 
620 0.170663 
621 0.486737 
622 0.210384 
623 -0.264399 
624 0.459301 
625 0.049269 
626 0.046451 
627 0.259909 
628 0.278098 
629 0.466633 
630 0.168863 
631 -0.430256 
632 0.148686 
633 0.466633 
634 0.105461 
635 0.265503 
636 -0.360752 
637 0.166439 
638 0.498292 
639 0.336875 
640 0.314406 
641 -0.497153 
642 0.326731 
643 0.083774 
644 -0.470250 
645 0.275546 
646 -0.282660 
647 -0.379203 
648 -0.263848 
649 -0.330398 
650 -0.482239 
651 -0.400622 
652 -0.171066 
653 -0.173514 
654 -0.497153 
655 -0.353490 
656 -0.017688 
657 0.059452 
658 0.034657 
659 0.459301 
660 -0.282660 
661 0.288840 
662 -0.498465 
663 0.168863 
664 0.459301 
665 -0.261494 
666 0.293792 
667 -0.289003 
668 0.259909 
669 0.326731 
670 -0.366526 
671 0.212811 
672 -0.366526 
673 -0.429177 
674 0.168863 
675 -0.112465 
676 -0.165307 
677 -0.463713 
678 -0.128353 
679 0.486737 
680 0.459301 
681 0.278098 
682 0.223730 
683 0.083774 
684 0.466633 
685 0.107770 
686 0.265503 
687 -0.263848 
688 0.364177 
689 0.223730 
690 0.107770 
691 0.483088 
692 -0.330221 
693 0.168863 
694 0.170019 
695 -0.496578 
696 0.168863 
697 0.091717 
698 -0.366526 
699 0.265503 
700 -0.434534 
701 -0.264086 
702 -0.160119 
703 0.323603 
704 0.053223 
705 0.453102 
706 -0.366526 
707 -0.379203 
708 -0.273110 
709 0.342207 
710 0.119825 
711 0.091717 
712 -0.148345 
713 -0.017882 
714 -0.359335 
715 -0.005626 
716 -0.175826 
717 0.486737 
718 -0.125569 
719 -0.148345 
720 -0.209392 
721 0.111117 
722 0.435432 
723 0.340550 
724 -0.313262 
725 0.049269 
726 -0.402428 
727 0.283538 
728 -0.497153 
729 -0.062761 
730 -0.497153 
731 0.059452 
732 -0.366082 
733 0.265503 
734 0.148686 
735 0.063301 
736 0.168863 
737 -0.366526 
738 -0.353490 
739 -0.264086 
740 0.278098 
741 0.430007 
742 0.034657 
743 0.352456 
744 0.323603 
745 0.323603 
746 -0.459070 
747 -0.359335 
748 0.395363 
749 -0.264086 
750 0.413832 
751 0.293792 
752 0.059452 
753 0.216867 
754 0.316692 
755 0.453102 
756 -0.430256 
757 0.087098 
758 0.107770 
759 -0.263848 
760 0.299596 
761 0.059452 
762 -0.469187 
763 -0.364933 
764 -0.379203 
765 0.170019 
766 0.314406 
767 -0.069631 
768 -0.113755 
769 -0.057446 
770 -0.399472 
771 -0.263848 
772 0.148686 
773 -0.282030 
774 -0.498465 
775 -0.264399 
776 -0.171066 
777 -0.496578 
778 -0.496578 
779 0.059452 
780 0.017386 
781 0.265503 
782 0.459301 
783 -0.046568 
784 -0.125393 
785 0.407253 
786 0.223730 
787 -0.047618 
788 0.210384 
789 0.059452 
790 0.063301 
791 0.453102 
792 0.111117 
793 -0.498465 
794 -0.262790 
795 0.111117 
796 0.326731 
797 -0.125379 
798 0.172923 
799 0.462339 
800 -0.379203 
801 0.340550 
802 -0.112465 
803 0.129881 
804 0.124016 
805 0.115656 
806 0.105461 
807 -0.449361 
808 0.005123 
809 -0.434534 
810 -0.456650 
811 0.250508 
812 0.210384 
813 -0.429177 
814 0.293792 
815 0.049269 
816 -0.273110 
817 0.336875 
818 -0.430256 
819 0.435432 
820 0.326731 
821 -0.339371 
822 0.223730 
823 0.017386 
824 -0.429177 
825 0.130345 
826 0.466633 
827 0.103235 
828 0.462339 
829 -0.379235 
830 0.386413 
831 0.326731 
832 -0.264086 
833 -0.432718 
834 0.105461 
835 0.136383 
836 -0.430256 
837 0.166439 
838 -0.264086 
839 0.395363 
840 0.059452 
841 0.130345 
842 0.170663 
843 -0.125393 
844 -0.216022 
845 -0.173514 
846 0.474319 
847 0.185889 
848 -0.366526 
849 0.210384 
850 0.177783 
851 0.072791 
852 -0.046568 
853 0.130345 
854 0.323603 
855 0.022955 
856 0.323603 
857 0.435432 
858 -0.264086 
859 0.361928 
860 0.376331 
861 -0.115695 
862 0.105461 
863 0.130345 
864 -0.360752 
865 -0.166542 
866 0.087098 
867 0.388391 
868 -0.046568 
869 0.453102 
870 0.132865 
871 0.265503 
872 -0.362378 
873 0.309454 
874 0.241925 
875 0.103235 
876 -0.205245 
877 0.316692 
878 -0.138946 
879 -0.107370 
880 0.093108 
881 -0.069631 
882 0.466633 
883 0.063301 
884 -0.126326 
885 0.210384 
886 0.486737 
887 -0.088938 
888 0.132865 
889 0.105461 
890 0.107770 
891 0.412452 
892 -0.482239 
893 0.293792 
894 0.049269 
895 -0.339430 
896 -0.498465 
897 0.170663 
898 0.103235 
899 -0.264086 
900 0.072791 
901 0.017386 
902 -0.113755 
903 0.496842 
904 0.139659 
905 0.353818 
906 -0.366526 
907 -0.178026 
908 0.223730 
909 0.265503 
910 0.059452 
911 0.107770 
912 0.417317 
913 -0.482239 
914 -0.149419 
915 -0.264399 
916 -0.496578 
917 0.459301 
918 0.278098 
919 -0.125393 
920 -0.125393 
921 0.105461 
922 -0.088938 
923 0.407253 
924 -0.241878 
925 -0.166542 
926 -0.228510 
927 -0.047618 
928 0.395363 
929 0.017386 
930 -0.463713 
931 -0.216022 
932 0.483088 
933 0.293792 
934 -0.497153 
935 -0.045033 
936 0.111117 
937 0.413832 
938 0.188896 
939 -0.427852 
940 -0.282660 
941 0.153539 
942 -0.430256 
943 0.293792 
944 0.285414 
945 0.017386 
946 -0.197383 
947 0.111117 
948 -0.205245 
949 0.395363 
950 -0.216022 
951 -0.125393 
952 0.132865 
953 0.136987 
954 -0.379203 
955 -0.405072 
956 0.308300 
957 -0.148345 
958 0.316692 
959 -0.180199 
960 -0.496578 
961 0.103235 
962 0.158500 
963 0.212811 
964 0.326731 
965 0.309454 
966 -0.334496 
967 0.316692 
968 0.432344 
969 0.107770 
970 -0.343558 
971 0.170663 
972 -0.115695 
973 -0.178026 
974 0.327573 
975 0.124016 
976 -0.282660 
977 0.309454 
978 0.087098 
979 -0.463713 
980 -0.262790 
981 0.308959 
982 0.259909 
983 -0.470411 
984 -0.357184 
985 -0.334496 
986 0.393075 
987 0.353749 
988 0.087098 
989 0.316692 
990 0.075402 
991 0.278098 
992 0.323603 
993 -0.409684 
994 0.049269 
995 -0.005626 
996 0.265625 
997 0.259909 
998 0.308300 
999 0.486737 
1000 0.017386 
1001 0.210384 
1002 -0.262790 
1003 0.352621 
1004 0.103235 
1005 0.333153 
1006 -0.264399 
1007 0.259909 
1008 0.462339 
1009 0.413832 
1010 0.121097 
1011 -0.112465 
1012 -0.205245 
1013 0.412452 
1014 -0.126326 
1015 -0.339371 
1016 0.059452 
1017 -0.121951 
1018 0.395363 
1019 -0.449361 
1020 0.105461 
1021 -0.173514 
1022 -0.399472 
1023 -0.045033 
1024 0.170663 
1025 0.413832 
1026 0.309454 
1027 0.412452 
1028 0.223730 
1029 0.160648 
1030 0.111117 
1031 0.462339 
1032 0.466633 
1033 0.236066 
1034 0.259909 
1035 -0.078598 
1036 0.326731 
1037 0.049269 
1038 0.111117 
1039 0.103235 
1040 0.278098 
1041 -0.362378 
1042 0.180756 
1043 0.352621 
1044 0.374023 
1045 0.063301 
1046 0.393075 
1047 -0.366526 
1048 0.034657 
1049 -0.494073 
1050 0.309454 
1051 0.034657 
1052 0.323603 
1053 0.105461 
1054 0.309454 
1055 -0.201364 
1056 0.121507 
1057 0.281086 
1058 0.323603 
1059 0.087098 
1060 -0.275502 
1061 -0.353490 
1062 -0.125393 
1063 0.278098 
1064 0.049269 
1065 0.248887 
1066 -0.178026 
1067 0.117455 
1068 0.278098 
1069 0.399004 
1070 -0.339371 
1071 -0.263848 
1072 0.083774 
1073 0.172923 
1074 0.144511 
1075 -0.051254 
1076 0.486737 
1077 0.496842 
1078 -0.057446 
1079 -0.496578 
1080 0.160648 
1081 -0.125379 
1082 0.393075 
1083 0.309454 
1084 0.473129 
1085 0.322953 
1086 -0.116930 
1087 -0.125379 
1088 0.207023 
1089 -0.166542 
1090 0.435432 
1091 0.130345 
1092 0.308300 
1093 -0.017688 
1094 -0.195295 
1095 -0.487929 
1096 -0.379203 
1097 -0.216022 
1098 -0.434534 
1099 -0.070701 
1100 0.172634 
1101 0.110089 
1102 -0.078598 
1103 -0.273110 
1104 0.352456 
1105 -0.179528 
1106 -0.160119 
1107 0.207023 
1108 0.160648 
1109 0.466633 
1110 -0.005626 
1111 0.132865 
1112 0.121507 
1113 -0.282660 
1114 0.316692 
1115 0.172923 
1116 0.170019 
1117 -0.216022 
1118 0.379532 
1119 -0.459070 
1120 0.124016 
1121 0.049269 
1122 -0.289003 
1123 0.105461 
1124 -0.339371 
1125 0.017400 
1126 -0.111100 
1127 0.017386 
1128 0.172634 
1129 -0.154060 
1130 -0.487929 
1131 -0.430256 
1132 0.316692 
1133 0.250508 
1134 0.063301 
1135 0.241925 
1136 0.280127 
1137 -0.342376 
1138 0.459523 
1139 -0.430256 
1140 -0.308606 
1141 -0.342376 
1142 -0.273110 
1143 -0.330398 
1144 -0.360752 
1145 -0.497153 
1146 -0.005626 
1147 -0.470411 
1148 0.374023 
1149 0.110089 
1150 0.293792 
1151 0.412452 
1152 0.259909 
1153 -0.425290 
1154 0.141506 
1155 -0.111100 
1156 0.336875 
1157 0.216867 
1158 -0.330221 
1159 -0.449361 
1160 0.470806 
1161 -0.382578 
1162 0.498048 
1163 -0.330221 
1164 -0.241878 
1165 0.498048 
1166 -0.017688 
1167 -0.430256 
1168 0.326130 
1169 -0.429177 
1170 0.061705 
1171 0.107770 
1172 -0.057446 
1173 -0.264086 
1174 -0.166542 
1175 -0.330221 
1176 -0.125379 
1177 0.160648 
1178 -0.430256 
1179 -0.273110 
1180 -0.065629 
1181 -0.427852 
1182 -0.051254 
1183 0.136383 
1184 0.474319 
1185 -0.264399 
1186 0.017386 
1187 0.376331 
1188 0.160648 
1189 -0.400622 
1190 -0.005626 
1191 -0.125379 
1192 -0.353490 
1193 0.486737 
1194 -0.343558 
1195 -0.178026 
1196 0.075402 
1197 -0.207146 
1198 -0.057977 
1199 0.172634 
1200 -0.264399 
1201 -0.088938 
1202 0.022955 
1203 -0.125379 
1204 -0.126326 
1205 0.412452 
1206 0.479881 
1207 -0.282030 
1208 -0.449361 
1209 -0.216022 
1210 0.079393 
1211 0.034657 
1212 -0.263848 
1213 0.207023 
1214 -0.173514 
1215 0.280127 
1216 -0.126326 
1217 -0.216022 
1218 0.342207 
1219 0.160648 
1220 -0.449361 
1221 -0.497153 
1222 -0.148345 
1223 -0.078598 
1224 -0.353490 
1225 -0.387163 
1226 -0.342561 
1227 0.104628 
1228 -0.125379 
1229 -0.057446 
1230 -0.045033 
1231 0.466633 
1232 0.498048 
1233 -0.339430 
1234 -0.088938 
1235 -0.281754 
1236 0.148686 
1237 -0.241878 
1238 -0.148345 
1239 -0.386312 
1240 -0.216022 
1241 0.034657 
1242 0.187934 
1243 -0.126326 
1244 -0.115062 
1245 0.130345 
1246 -0.154060 
1247 -0.149419 
1248 -0.125393 
1249 -0.005626 
1250 -0.334496 
1251 0.288840 
1252 -0.273110 
1253 -0.330221 
1254 -0.045033 
1255 -0.111100 
1256 0.110089 
1257 0.378454 
1258 -0.470411 
1259 -0.470411 
1260 -0.421966 
1261 0.136987 
1262 -0.051254 
1263 0.293792 
1264 0.087098 
1265 -0.216022 
1266 0.172634 
1267 0.153539 
1268 -0.334496 
1269 -0.425290 
1270 0.280127 
1271 -0.470250 
1272 -0.339430 
1273 0.153539 
1274 0.374023 
1275 -0.334496 
1276 -0.070701 
1277 -0.470411 
1278 0.474319 
1279 0.222912 
1280 0.308959 
1281 -0.173514 
1282 0.017386 
1283 0.412452 
1284 0.376331 
1285 0.399004 
1286 0.148686 
1287 -0.051254 
1288 0.418944 
1289 -0.097278 
1290 0.210384 
1291 0.326731 
1292 -0.398514 
1293 -0.262790 
1294 -0.126326 
1295 0.154397 
1296 -0.241878 
1297 -0.339430 
1298 0.470806 
1299 0.280127 
1300 -0.434534 
1301 -0.125393 
1302 -0.470411 
1303 0.210384 
1304 -0.005626 
1305 -0.444482 
1306 0.393075 
1307 -0.241878 
1308 0.364177 
1309 0.210384 
1310 0.376331 
1311 0.210384 
1312 -0.334496 
1313 -0.353490 
1314 0.333153 
1315 0.327573 
1316 0.483088 
1317 0.353818 
1318 -0.360752 
1319 0.253011 
1320 0.265503 
1321 -0.470411 
1322 0.353818 
1323 0.342207 
1324 -0.264399 
1325 0.104628 
1326 -0.209392 
1327 -0.283726 
1328 -0.275363 
1329 -0.444482 
1330 -0.207146 
1331 -0.241878 
1332 0.342207 
1333 -0.264086 
1334 -0.264086 
1335 0.259868 
1336 0.172634 
1337 -0.369256 
1338 -0.088936 
1339 -0.459070 
1340 -0.353490 
1341 -0.148345 
1342 0.087098 
1343 0.275546 
1344 0.225058 
1345 -0.056718 
1346 -0.334496 
1347 0.144511 
1348 0.342207 
1349 -0.273110 
1350 -0.470411 
1351 -0.342561 
1352 -0.125393 
1353 0.283538 
1354 -0.241878 
1355 -0.449361 
1356 -0.339371 
1357 0.017386 
1358 -0.273110 
1359 -0.207146 
1360 -0.264399 
1361 -0.353490 
1362 -0.262790 
1363 -0.088938 
1364 -0.037559 
1365 0.395363 
1366 -0.112465 
1367 0.395363 
1368 -0.228510 
1369 0.153539 
1370 -0.387163 
1371 -0.353490 
1372 0.466633 
1373 -0.359335 
1374 0.265503 
1375 -0.313262 
1376 -0.088938 
1377 0.280127 
1378 -0.123493 
1379 0.352456 
1380 0.259868 
1381 -0.228510 
1382 0.110089 
1383 0.336875 
1384 0.413832 
1385 0.063301 
1386 -0.263848 
1387 0.441626 
1388 -0.429177 
1389 0.486737 
1390 0.453102 
1391 -0.205245 
1392 -0.343558 
1393 0.486737 
1394 -0.067133 
1395 -0.434534 
1396 0.470806 
1397 -0.056718 
1398 0.248887 
1399 -0.261494 
1400 0.104628 
1401 0.326731 
1402 -0.430256 
1403 0.342207 
1404 -0.289003 
1405 0.130345 
1406 0.474319 
1407 0.342207 
1408 0.070178 
1409 -0.111100 
1410 -0.308606 
1411 -0.282660 
1412 -0.421966 
1413 0.105283 
1414 -0.339371 
1415 -0.342561 
1416 0.352621 
1417 -0.498465 
1418 0.172923 
1419 0.386413 
1420 0.166439 
1421 0.110089 
1422 -0.359335 
1423 -0.386312 
1424 -0.359335 
1425 -0.154060 
1426 -0.205245 
1427 -0.178026 
1428 -0.017688 
1429 0.070178 
1430 0.105461 
1431 0.013838 
1432 0.104628 
1433 -0.111100 
1434 -0.334496 
1435 0.110089 
1436 0.453102 
1437 -0.160631 
1438 0.110089 
1439 0.473129 
1440 -0.017882 
1441 -0.148345 
1442 0.130345 
1443 0.372952 
1444 -0.128353 
1445 -0.051254 
