39 1
0 0.175887 
1 -0.058997 
2 -0.284533 
3 0.202159 
4 0.313635 
5 -0.048929 
6 0.136919 
7 -0.341747 
8 -0.180175 
9 0.454723 
10 -0.100204 
11 0.181148 
12 -0.288014 
13 0.156846 
14 -0.167697 
15 -0.030363 
16 -0.234592 
17 0.173504 
18 0.449454 
19 -0.471267 
20 -0.135714 
21 -0.063334 
22 -0.161570 
23 -0.258717 
24 0.342059 
25 -0.015175 
26 -0.439376 
27 -0.301674 
28 0.089777 
29 -0.362777 
30 0.440114 
31 -0.054670 
32 0.175887 
33 -0.058997 
34 -0.284533 
35 0.202159 
36 0.313635 
37 -0.048929 
38 0.136919 
