39 1
0 -0.449826 
1 -0.110614 
2 -0.015101 
3 0.472605 
4 0.301650 
5 0.060928 
6 -0.255466 
7 0.410078 
8 -0.224384 
9 0.294694 
10 0.315693 
11 -0.345468 
12 -0.446532 
13 -0.317686 
14 -0.221061 
15 0.087205 
16 0.260963 
17 -0.143586 
18 0.209896 
19 0.455694 
20 0.453393 
21 0.464605 
22 0.042443 
23 -0.205356 
24 -0.131684 
25 -0.143944 
26 -0.311383 
27 0.030220 
28 0.136469 
29 -0.408658 
30 -0.205391 
31 0.065066 
32 -0.449826 
33 -0.110614 
34 -0.015101 
35 0.472605 
36 0.301650 
37 0.060928 
38 -0.255466 
