5962 1
0 1.657457 
1 1.578773 
2 1.544459 
3 1.571141 
4 1.507516 
5 1.645922 
6 1.664827 
7 1.655748 
8 1.632748 
9 1.596543 
10 1.623252 
11 1.816791 
12 1.546929 
13 1.589383 
14 1.697536 
15 1.704534 
16 1.555890 
17 1.668280 
18 1.567570 
19 1.689420 
20 1.790237 
21 1.797965 
22 1.491279 
23 1.541154 
24 1.565311 
25 1.385432 
26 1.819635 
27 1.806980 
28 1.721271 
29 1.705449 
30 1.679587 
31 1.620034 
32 1.693372 
33 1.586294 
34 1.543220 
35 1.697812 
36 1.537216 
37 1.820395 
38 1.635518 
39 1.517169 
40 1.706133 
41 1.571852 
42 1.591158 
43 1.709282 
44 1.611537 
45 1.615431 
46 1.669999 
47 1.519605 
48 1.466589 
49 1.842493 
50 1.503066 
51 1.615199 
52 1.895625 
53 1.456897 
54 1.564577 
55 1.746526 
56 1.676156 
57 1.821631 
58 1.367796 
59 1.838300 
60 1.660556 
61 1.622368 
62 1.538989 
63 1.775717 
64 1.564692 
65 1.745209 
66 1.622832 
67 1.605377 
68 1.685350 
69 1.632753 
70 1.545041 
71 1.727198 
72 1.705015 
73 1.611298 
74 1.620010 
75 1.632109 
76 1.729748 
77 1.618481 
78 1.708858 
79 1.621199 
80 1.684082 
81 1.594019 
82 1.658301 
83 1.656970 
84 1.768520 
85 1.677865 
86 1.597746 
87 1.570933 
88 1.545127 
89 1.911943 
90 1.502456 
91 1.669105 
92 1.672267 
93 1.806828 
94 1.754050 
95 1.545602 
96 1.685604 
97 1.811035 
98 1.609259 
99 1.510052 
100 1.541327 
101 1.628675 
102 1.793339 
103 1.624810 
104 1.433348 
105 1.726011 
106 1.692205 
107 1.694884 
108 1.679509 
109 1.633036 
110 1.615056 
111 1.673262 
112 1.656753 
113 1.705299 
114 1.569889 
115 1.573925 
116 1.592272 
117 1.740341 
118 1.531829 
119 1.641700 
120 1.633485 
121 1.541210 
122 1.773382 
123 1.707784 
124 1.630274 
125 1.662541 
126 1.731463 
127 1.617208 
128 1.581797 
129 1.776851 
130 1.568218 
131 1.623721 
132 1.553101 
133 1.744959 
134 1.775826 
135 1.570131 
136 1.522551 
137 1.576059 
138 1.522324 
139 1.927859 
140 1.579166 
141 1.810825 
142 1.651355 
143 1.547799 
144 1.517881 
145 1.660818 
146 1.572531 
147 1.692760 
148 1.618807 
149 1.698946 
150 1.583258 
151 1.646293 
152 1.640817 
153 1.544607 
154 1.832387 
155 1.529204 
156 1.662769 
157 1.580127 
158 1.541784 
159 1.621193 
160 1.694981 
161 1.546404 
162 1.551022 
163 1.793952 
164 1.596198 
165 1.583157 
166 1.716812 
167 1.462774 
168 1.692634 
169 1.823159 
170 1.554747 
171 1.597609 
172 1.488171 
173 1.494213 
174 1.846440 
175 1.732483 
176 1.854481 
177 1.702446 
178 1.454117 
179 1.536011 
180 1.489269 
181 1.599789 
182 1.705527 
183 1.740124 
184 1.781111 
185 1.637002 
186 1.478507 
187 1.679762 
188 1.625727 
189 1.580067 
190 1.487049 
191 1.806600 
192 1.634670 
193 1.485909 
194 1.885704 
195 1.617119 
196 1.601149 
197 1.860711 
198 1.799134 
199 1.670867 
200 1.778822 
201 1.743712 
202 1.779002 
203 1.795554 
204 1.736969 
205 1.743363 
206 1.638433 
207 1.793328 
208 1.649909 
209 1.676629 
210 1.538242 
211 1.696527 
212 1.591101 
213 1.624020 
214 1.606564 
215 1.659727 
216 1.807206 
217 1.578501 
218 1.692323 
219 1.694899 
220 1.590365 
221 1.693345 
222 1.539392 
223 1.703594 
224 1.676867 
225 1.771962 
226 1.522394 
227 1.643718 
228 1.968648 
229 1.664918 
230 1.533808 
231 1.572937 
232 2.521592 
233 2.567715 
234 1.164526 
235 1.115608 
236 3.103576 
237 1.389656 
238 0.936875 
239 1.213596 
240 1.488989 
241 1.321873 
242 1.216959 
243 3.152239 
244 1.084985 
245 1.127694 
246 2.422225 
247 2.600203 
248 1.607148 
249 1.500665 
250 1.875699 
251 1.666958 
252 1.682247 
253 1.634208 
254 1.585126 
255 1.675739 
256 1.560651 
257 1.705222 
258 1.499588 
259 1.879848 
260 1.558908 
261 1.524625 
262 1.756589 
263 1.586102 
264 1.664801 
265 1.778966 
266 1.492286 
267 1.823351 
268 2.217120 
269 2.303285 
270 2.429265 
271 0.566319 
272 0.732343 
273 0.646460 
274 -2.296994 
275 -2.099883 
276 -1.461210 
277 -2.049750 
278 -2.224906 
279 -2.121940 
280 -2.186381 
281 -1.582337 
282 -1.579694 
283 0.803489 
284 0.117982 
285 1.829378 
286 1.939665 
287 2.167937 
288 1.489820 
289 1.609657 
290 1.787751 
291 1.597951 
292 1.546016 
293 1.748205 
294 1.698271 
295 1.547527 
296 1.825354 
297 1.480530 
298 1.385581 
299 1.898701 
300 1.880939 
301 1.680584 
302 1.772207 
303 1.577601 
304 3.981962 
305 1.333944 
306 0.876639 
307 0.780716 
308 -0.888003 
309 -0.674613 
310 -0.553297 
311 -4.268603 
312 -1.522401 
313 -1.449739 
314 -2.188492 
315 -2.055914 
316 -1.741245 
317 -1.775076 
318 -1.688822 
319 -1.712942 
320 -1.341801 
321 -1.428534 
322 2.203171 
323 2.087760 
324 1.935921 
325 1.463356 
326 1.513000 
327 1.632733 
328 1.514893 
329 1.601564 
330 1.824443 
331 1.542453 
332 1.640945 
333 1.913463 
334 1.431015 
335 1.634653 
336 1.938346 
337 1.562688 
338 1.560917 
339 1.725732 
340 2.623488 
341 2.800173 
342 0.667279 
343 0.543314 
344 1.153769 
345 -2.177819 
346 -2.446766 
347 -2.227523 
348 -1.810619 
349 -1.866601 
350 -1.698613 
351 -1.781124 
352 -1.796693 
353 -1.605708 
354 -1.629176 
355 -1.484062 
356 -1.655017 
357 -1.575002 
358 -1.610749 
359 1.749233 
360 1.483897 
361 1.749319 
362 1.509813 
363 1.693571 
364 1.743730 
365 1.623131 
366 1.571136 
367 1.730753 
368 1.451102 
369 1.672662 
370 1.804126 
371 1.697477 
372 1.528978 
373 1.827762 
374 1.510290 
375 1.542920 
376 1.984736 
377 1.932169 
378 1.931279 
379 0.898016 
380 2.356678 
381 2.155832 
382 -1.959916 
383 -1.441001 
384 -0.755204 
385 -2.119350 
386 -1.906934 
387 -1.926800 
388 -1.772790 
389 -1.517544 
390 -1.403223 
391 -1.748055 
392 -1.531103 
393 -1.655730 
394 -1.730572 
395 -1.730224 
396 1.506831 
397 1.579778 
398 1.856662 
399 1.691501 
400 1.604967 
401 1.858310 
402 1.542790 
403 1.643905 
404 1.680460 
405 1.573849 
406 1.480309 
407 1.890525 
408 1.528252 
409 1.344168 
410 2.148856 
411 1.539764 
412 1.336268 
413 1.946815 
414 1.606897 
415 1.617324 
416 1.937951 
417 2.386804 
418 2.269670 
419 -0.395051 
420 0.233703 
421 0.173110 
422 -2.794559 
423 -3.033356 
424 -1.236419 
425 -2.001300 
426 -1.501497 
427 -1.731470 
428 -1.931831 
429 -1.506140 
430 -1.663098 
431 -1.482223 
432 -1.751517 
433 1.662735 
434 1.639846 
435 1.562782 
436 1.674501 
437 1.548895 
438 1.597066 
439 1.682888 
440 1.627731 
441 1.744805 
442 1.662592 
443 1.531039 
444 1.403774 
445 1.481389 
446 1.678619 
447 1.793022 
448 3.360043 
449 1.318135 
450 1.444782 
451 -0.793890 
452 -0.742574 
453 -2.034307 
454 -1.891197 
455 -2.138109 
456 -1.627203 
457 -1.562541 
458 -1.675393 
459 1.611775 
460 1.676194 
461 1.494624 
462 1.573222 
463 1.781003 
464 1.457240 
465 1.418901 
466 1.407409 
467 2.117766 
468 3.633353 
469 1.605683 
470 -0.231118 
471 -0.960200 
472 2.009890 
473 1.716858 
474 1.356518 
475 1.431764 
476 1.466149 
477 1.530403 
478 1.581405 
479 1.861503 
480 2.195374 
481 2.033018 
482 1.417304 
483 0.768958 
484 0.033597 
485 2.163866 
486 1.882152 
487 1.578810 
488 1.483814 
489 1.372097 
490 1.618137 
491 1.964239 
492 1.984553 
493 1.996396 
494 1.374205 
495 1.446746 
496 0.778935 
497 0.451560 
498 2.423706 
499 2.202342 
500 1.638119 
501 1.479437 
502 1.570901 
503 1.817912 
504 2.154894 
505 1.984812 
506 1.407343 
507 0.905769 
508 1.150705 
509 0.943469 
510 0.310637 
511 3.452101 
512 1.727940 
513 1.601819 
514 1.474933 
515 1.760329 
516 1.872948 
517 1.899944 
518 1.651142 
519 0.979553 
520 2.300187 
521 1.674471 
522 1.776304 
523 1.916594 
524 2.023884 
525 1.394123 
526 1.517809 
527 1.415766 
528 1.775871 
529 1.850589 
530 1.511335 
531 1.557197 
532 2.403332 
533 1.166725 
534 1.900071 
535 1.958136 
536 0.669376 
537 2.124882 
538 1.967978 
539 1.499673 
540 1.701994 
541 1.650481 
542 1.406848 
543 1.720460 
544 4.213238 
545 1.200121 
546 0.053479 
547 0.651954 
548 0.432713 
549 0.332249 
550 2.582639 
551 2.198350 
552 1.470643 
553 1.506250 
554 1.637223 
555 1.748533 
556 3.687993 
557 1.485644 
558 -0.485490 
559 -1.433198 
560 -0.710785 
561 -0.403996 
562 -0.218046 
563 4.265938 
564 1.940601 
565 1.382045 
566 1.275736 
567 1.697680 
568 3.404956 
569 1.766085 
570 0.321470 
571 -0.673595 
572 -1.665075 
573 -2.010678 
574 -1.832973 
575 -1.631360 
576 1.678555 
577 1.637432 
578 1.601346 
579 1.605384 
580 2.589371 
581 2.287140 
582 1.063387 
583 -0.038662 
584 -0.764784 
585 -1.779584 
586 -2.082451 
587 -1.991250 
588 -1.624092 
589 1.662077 
590 1.672153 
591 1.580064 
592 1.809179 
593 1.760157 
594 1.778324 
595 1.112815 
596 0.195744 
597 -0.897216 
598 -2.374714 
599 -2.754784 
600 -1.711493 
601 -1.601865 
602 1.541845 
603 1.779841 
604 1.586317 
605 1.434175 
606 1.524035 
607 1.719660 
608 3.013290 
609 0.945000 
610 -0.633190 
611 -2.415071 
612 -1.835109 
613 -1.709865 
614 -1.600869 
615 1.420560 
616 1.710585 
617 1.729421 
618 1.445798 
619 1.680975 
620 2.976767 
621 1.993339 
622 1.002991 
623 0.018886 
624 -0.902649 
625 -1.576072 
626 -1.911790 
627 -2.071685 
628 1.619419 
629 1.592740 
630 1.480807 
631 1.980718 
632 2.373020 
633 2.070261 
634 1.441700 
635 0.865992 
636 2.708885 
637 1.240452 
638 -1.047051 
639 -2.961086 
640 -1.710953 
641 1.676236 
642 1.636951 
643 1.461945 
644 1.430353 
645 1.536194 
646 1.647545 
647 1.980671 
648 3.315464 
649 1.913167 
650 0.615032 
651 -0.599220 
652 -0.737940 
653 -1.062561 
654 2.381291 
655 2.085060 
656 1.433084 
657 1.368875 
658 1.610632 
659 2.038166 
660 3.292367 
661 1.784654 
662 0.779579 
663 -0.177243 
664 -0.680414 
665 -1.091949 
666 -1.290172 
667 3.507280 
668 1.926632 
669 1.616232 
670 1.239410 
671 1.637877 
672 2.596170 
673 2.219070 
674 1.063126 
675 -0.139439 
676 -1.797207 
677 -2.005816 
678 -2.349329 
679 -2.093804 
680 1.896699 
681 1.548499 
682 1.435473 
683 1.490014 
684 1.984195 
685 2.389647 
686 1.489654 
687 0.512744 
688 -1.612233 
689 -1.969264 
690 -2.384747 
691 -1.977201 
692 -0.565905 
693 2.096730 
694 1.821532 
695 1.810075 
696 1.856196 
697 2.157721 
698 1.643254 
699 0.917451 
700 0.382184 
701 -1.426977 
702 -2.822651 
703 -2.100545 
704 -1.194584 
705 -0.705322 
706 2.171988 
707 2.111402 
708 1.754965 
709 1.788335 
710 1.627200 
711 1.359012 
712 1.636874 
713 0.356188 
714 -1.645663 
715 -3.222658 
716 -1.105355 
717 -1.172426 
718 -1.201659 
719 3.149211 
720 1.701499 
721 1.552892 
722 1.550744 
723 1.661901 
724 2.239639 
725 0.789223 
726 -0.916883 
727 -3.488563 
728 -2.223362 
729 -1.664900 
730 -1.469700 
731 -1.627353 
732 2.110960 
733 1.500544 
734 1.263531 
735 1.475560 
736 2.846191 
737 2.026686 
738 0.400986 
739 -1.105161 
740 -1.727065 
741 -1.866715 
742 -1.644899 
743 -1.452582 
744 -1.467194 
745 1.717979 
746 1.586875 
747 1.759694 
748 1.963798 
749 2.476210 
750 1.500620 
751 0.194620 
752 -0.755568 
753 -1.582833 
754 -2.269015 
755 -1.875587 
756 -1.455696 
757 -1.750936 
758 1.759877 
759 1.649233 
760 1.928057 
761 1.744162 
762 1.437832 
763 1.444155 
764 0.393911 
765 -0.926807 
766 -1.949334 
767 -3.011515 
768 -1.809812 
769 -1.630684 
770 -1.983757 
771 1.425546 
772 1.384301 
773 1.766726 
774 1.537472 
775 1.797382 
776 3.026393 
777 1.132082 
778 -0.888454 
779 -2.228937 
780 -1.645241 
781 -1.565775 
782 -1.561145 
783 -1.635170 
784 1.590830 
785 1.492903 
786 1.783786 
787 1.727489 
788 2.524178 
789 2.235790 
790 1.045048 
791 -0.066951 
792 -1.052513 
793 -1.519214 
794 -2.084964 
795 -2.177438 
796 -1.892701 
797 1.658609 
798 1.530331 
799 1.460407 
800 2.233070 
801 2.538547 
802 1.447426 
803 -0.236512 
804 -1.150025 
805 -0.908494 
806 -1.671887 
807 -3.029802 
808 -1.601949 
809 -1.599994 
810 1.723051 
811 1.556926 
812 1.590825 
813 1.463449 
814 1.761696 
815 1.702968 
816 0.640060 
817 -0.731539 
818 -2.071811 
819 -3.065345 
820 -1.490594 
821 -1.515992 
822 -1.795358 
823 1.880883 
824 1.763626 
825 1.683257 
826 1.494455 
827 1.760763 
828 3.076456 
829 1.295917 
830 -0.348084 
831 -1.868414 
832 -1.888322 
833 -1.520727 
834 -1.586647 
835 -1.714466 
836 1.760912 
837 1.668380 
838 1.591219 
839 1.409656 
840 3.172665 
841 2.403138 
842 0.687110 
843 -0.148812 
844 -0.963320 
845 -1.850552 
846 -2.018589 
847 -1.870258 
848 -1.723242 
849 1.482991 
850 1.623195 
851 1.736880 
852 2.230751 
853 2.476500 
854 1.469161 
855 0.186764 
856 -0.527010 
857 -1.449349 
858 -2.246352 
859 -2.332005 
860 -1.581886 
861 -1.661125 
862 1.786704 
863 1.709687 
864 1.770509 
865 1.793127 
866 1.945622 
867 1.088652 
868 -0.037274 
869 -0.880628 
870 -2.494566 
871 -2.882252 
872 -1.946418 
873 -1.631416 
874 -1.520621 
875 1.688412 
876 1.752385 
877 1.590868 
878 1.761666 
879 1.498829 
880 1.366437 
881 -0.006909 
882 -1.187707 
883 -3.814785 
884 -2.092251 
885 -1.678347 
886 -1.498280 
887 -1.494246 
888 1.767232 
889 1.574398 
890 1.547534 
891 1.716191 
892 3.397616 
893 1.531483 
894 -0.259813 
895 -1.789778 
896 -1.805885 
897 -1.700379 
898 -1.489710 
899 -1.477550 
900 -1.850167 
901 1.759601 
902 1.473056 
903 1.589918 
904 2.337517 
905 2.584905 
906 1.252956 
907 -0.132287 
908 -1.223275 
909 -1.950165 
910 -1.866714 
911 -1.816398 
912 -1.572078 
913 -1.589957 
914 1.784310 
915 1.600757 
916 1.736270 
917 1.706949 
918 1.831523 
919 1.201846 
920 -0.141502 
921 -1.207494 
922 -2.694446 
923 -2.386205 
924 -1.666519 
925 -1.594846 
926 -1.565933 
927 1.774926 
928 1.568189 
929 1.478496 
930 1.682399 
931 1.754157 
932 1.740512 
933 -0.146706 
934 -1.310444 
935 -3.440461 
936 -1.775264 
937 -1.574016 
938 -1.530573 
939 -1.699810 
940 1.628397 
941 1.620380 
942 1.662702 
943 1.595219 
944 3.052855 
945 2.177194 
946 0.310025 
947 -1.294204 
948 -1.974889 
949 -1.549688 
950 -1.440274 
951 -1.561970 
952 -1.725671 
953 1.464696 
954 1.711789 
955 1.675616 
956 2.008039 
957 2.148902 
958 1.711039 
959 0.640821 
960 -1.021858 
961 -1.956723 
962 -1.969997 
963 -1.964906 
964 -1.621801 
965 -1.600344 
966 1.725803 
967 1.660662 
968 1.699962 
969 1.818341 
970 1.589729 
971 1.583370 
972 1.779993 
973 2.135440 
974 1.865325 
975 0.817406 
976 2.818608 
977 -0.378430 
978 -0.885166 
979 -3.269646 
980 -1.182642 
981 -1.781192 
982 -1.951391 
983 -1.807652 
984 -1.759943 
985 -1.696929 
986 -1.608329 
987 -1.596520 
988 -1.692647 
989 -1.598157 
990 1.741792 
991 1.810416 
992 1.543771 
993 1.824160 
994 1.597683 
995 1.614647 
996 1.740266 
997 1.702775 
998 1.586185 
999 1.654302 
1000 1.487728 
1001 1.699998 
1002 1.541064 
1003 1.612803 
1004 2.353407 
1005 2.176313 
1006 2.092435 
1007 0.325449 
1008 1.595172 
1009 0.466234 
1010 -3.129343 
1011 -2.864004 
1012 -0.621517 
1013 -1.969292 
1014 -1.870365 
1015 -2.224268 
1016 -1.526801 
1017 -1.927831 
1018 -1.606495 
1019 -1.664237 
1020 -1.859695 
1021 -1.603792 
1022 -1.705999 
1023 -1.584723 
1024 -1.662506 
1025 -1.694897 
1026 -1.662797 
1027 1.684749 
1028 1.533796 
1029 1.621399 
1030 1.655646 
1031 1.676770 
1032 1.793211 
1033 1.653486 
1034 1.561583 
1035 1.613931 
1036 1.645371 
1037 1.481878 
1038 1.670841 
1039 1.709475 
1040 1.448213 
1041 1.741746 
1042 1.552392 
1043 1.817225 
1044 2.402689 
1045 2.611157 
1046 2.126073 
1047 -0.934848 
1048 -0.612762 
1049 -0.684409 
1050 -2.855574 
1051 -2.896863 
1052 -1.495369 
1053 -1.744141 
1054 -1.659069 
1055 -1.626857 
1056 -1.914455 
1057 -1.507500 
1058 -1.546195 
1059 -1.585137 
1060 -1.708816 
1061 -1.577076 
1062 -1.734550 
1063 -1.576926 
1064 1.576787 
1065 1.589577 
1066 1.645296 
1067 1.670184 
1068 1.672119 
1069 1.664425 
1070 1.556215 
1071 1.698185 
1072 1.503243 
1073 1.551154 
1074 1.558691 
1075 1.875744 
1076 1.727794 
1077 1.633059 
1078 1.827743 
1079 1.649523 
1080 3.393320 
1081 1.348346 
1082 1.600215 
1083 1.452926 
1084 -0.715658 
1085 -0.443017 
1086 -0.494459 
1087 -4.837334 
1088 -1.236694 
1089 -1.207234 
1090 -1.857199 
1091 -2.555224 
1092 -1.567839 
1093 -1.688140 
1094 -1.431123 
1095 -1.822647 
1096 -1.546974 
1097 -1.853599 
1098 -1.671797 
1099 -1.732347 
1100 -1.734303 
1101 1.627858 
1102 1.775639 
1103 1.665552 
1104 1.690369 
1105 1.546654 
1106 1.559083 
1107 1.906035 
1108 1.673726 
1109 1.762281 
1110 1.693037 
1111 1.456435 
1112 1.837651 
1113 1.748556 
1114 1.787893 
1115 1.117010 
1116 2.751666 
1117 3.104408 
1118 0.463528 
1119 0.431149 
1120 1.618641 
1121 -2.077324 
1122 -2.504828 
1123 -1.978656 
1124 -1.689112 
1125 -1.491867 
1126 -1.641864 
1127 -2.375145 
1128 -1.627292 
1129 -1.843995 
1130 -1.672494 
1131 -1.543534 
1132 -1.788794 
1133 -1.656874 
1134 -1.598666 
1135 -1.671473 
1136 -1.569570 
1137 -1.933245 
1138 1.475072 
1139 1.785706 
1140 1.677309 
1141 1.422317 
1142 1.598295 
1143 2.051348 
1144 1.661529 
1145 1.520510 
1146 1.674016 
1147 1.758184 
1148 1.495257 
1149 1.588883 
1150 1.796675 
1151 1.608721 
1152 1.928833 
1153 2.456448 
1154 2.617018 
1155 0.607818 
1156 0.587257 
1157 0.407505 
1158 -2.804763 
1159 -2.728977 
1160 -1.038960 
1161 -2.035305 
1162 -2.091140 
1163 -2.011624 
1164 -1.752552 
1165 -1.702235 
1166 -1.551141 
1167 -1.525651 
1168 -1.703320 
1169 -1.638491 
1170 -1.650718 
1171 -1.621424 
1172 -1.678861 
1173 -1.557582 
1174 -1.668202 
1175 1.737059 
1176 1.674273 
1177 1.746856 
1178 1.482990 
1179 1.675276 
1180 1.626080 
1181 1.841369 
1182 1.467683 
1183 1.634879 
1184 1.507892 
1185 1.518451 
1186 1.708746 
1187 1.730055 
1188 2.751737 
1189 1.682783 
1190 1.537927 
1191 1.600604 
1192 0.145434 
1193 0.158823 
1194 -0.528342 
1195 -4.441977 
1196 -1.563345 
1197 -1.405214 
1198 -2.016624 
1199 -2.256411 
1200 -1.847422 
1201 -1.556982 
1202 -1.548922 
1203 -1.435905 
1204 -1.546023 
1205 -1.656995 
1206 -1.607384 
1207 -1.706575 
1208 -1.538087 
1209 -1.723596 
1210 -1.648403 
1211 -1.655302 
1212 1.590636 
1213 1.757693 
1214 1.679101 
1215 1.548333 
1216 1.594597 
1217 1.656874 
1218 1.571877 
1219 1.701517 
1220 1.665118 
1221 1.500455 
1222 1.461295 
1223 1.759975 
1224 2.309880 
1225 2.130313 
1226 1.350052 
1227 1.150655 
1228 4.658228 
1229 0.090070 
1230 0.106202 
1231 -0.358660 
1232 -1.692212 
1233 -1.793480 
1234 -1.678683 
1235 -2.612849 
1236 -1.759498 
1237 -1.862577 
1238 -1.437011 
1239 -1.522460 
1240 -1.804998 
1241 -1.696739 
1242 -1.503600 
1243 -1.603839 
1244 -1.582317 
1245 -1.922918 
1246 -1.548914 
1247 -1.579123 
1248 -1.727808 
1249 1.599101 
1250 1.639103 
1251 1.683050 
1252 1.657257 
1253 1.700987 
1254 1.590105 
1255 1.654884 
1256 1.564613 
1257 1.705180 
1258 1.554665 
1259 1.728307 
1260 1.903140 
1261 1.799744 
1262 1.755357 
1263 1.216875 
1264 2.991719 
1265 2.845712 
1266 0.179186 
1267 0.139933 
1268 -0.466179 
1269 -2.408150 
1270 -2.483949 
1271 -2.378611 
1272 -1.576186 
1273 -1.433750 
1274 -1.883563 
1275 -1.702169 
1276 -1.644115 
1277 -1.808091 
1278 -1.526917 
1279 -1.765805 
1280 -1.582901 
1281 -1.738989 
1282 -1.804673 
1283 -1.644860 
1284 -1.695831 
1285 -1.640556 
1286 1.590951 
1287 1.723378 
1288 1.623584 
1289 1.715981 
1290 1.696515 
1291 1.560571 
1292 1.649299 
1293 1.681362 
1294 1.594701 
1295 1.756479 
1296 1.376332 
1297 1.678518 
1298 1.609968 
1299 1.727133 
1300 2.254380 
1301 2.349695 
1302 2.324924 
1303 0.394954 
1304 0.202969 
1305 -0.602939 
1306 -2.940435 
1307 -2.851970 
1308 -1.473087 
1309 -1.690903 
1310 -1.791682 
1311 -1.832952 
1312 -1.694441 
1313 -1.615128 
1314 -1.646881 
1315 -1.634226 
1316 -1.618512 
1317 -1.637068 
1318 -1.652686 
1319 -1.772832 
1320 -1.789480 
1321 -1.529131 
1322 -1.700798 
1323 1.589849 
1324 1.515906 
1325 1.726880 
1326 1.715824 
1327 1.549145 
1328 1.695860 
1329 1.676410 
1330 1.567397 
1331 1.653241 
1332 1.548070 
1333 1.422072 
1334 1.756918 
1335 1.654812 
1336 1.991032 
1337 1.806758 
1338 1.797274 
1339 1.905508 
1340 0.567000 
1341 0.373696 
1342 -0.287206 
1343 -4.413133 
1344 -1.223335 
1345 -1.234494 
1346 -2.229337 
1347 -2.353198 
1348 -1.807266 
1349 -1.710702 
1350 -1.439816 
1351 -1.593241 
1352 -1.676832 
1353 -1.658174 
1354 -1.639215 
1355 -1.783839 
1356 -1.687190 
1357 -1.728569 
1358 -1.547801 
1359 -1.750390 
1360 1.672745 
1361 1.526235 
1362 1.729903 
1363 1.749909 
1364 1.747896 
1365 1.593282 
1366 1.664422 
1367 1.645275 
1368 1.590726 
1369 1.631521 
1370 1.654117 
1371 1.617163 
1372 2.040307 
1373 1.821296 
1374 1.402028 
1375 1.455095 
1376 4.793696 
1377 0.533633 
1378 0.412508 
1379 0.440649 
1380 -1.496781 
1381 -1.579690 
1382 -1.349312 
1383 -3.445553 
1384 -1.708998 
1385 -1.809611 
1386 -1.459757 
1387 -1.479124 
1388 -1.691170 
1389 -1.849183 
1390 -1.649109 
1391 -1.497400 
1392 -1.596128 
1393 -1.670133 
1394 -1.790056 
1395 -1.669396 
1396 -1.800287 
1397 1.494820 
1398 1.810926 
1399 1.595426 
1400 1.508534 
1401 1.722725 
1402 1.846974 
1403 1.516781 
1404 1.829646 
1405 1.806980 
1406 1.563639 
1407 1.398509 
1408 0.240216 
1409 2.830571 
1410 -2.052489 
1411 -2.503306 
1412 -1.482443 
1413 -1.699391 
1414 -1.474240 
1415 -1.922062 
1416 -1.529485 
1417 -1.778710 
1418 -1.596503 
1419 -1.758072 
1420 -1.790615 
1421 1.686738 
1422 1.475368 
1423 1.695894 
1424 1.520066 
1425 1.606673 
1426 1.701830 
1427 1.781843 
1428 2.749989 
1429 2.294452 
1430 1.031599 
1431 0.870138 
1432 -0.390058 
1433 -0.909312 
1434 -2.790623 
1435 -2.781504 
1436 -1.671573 
1437 -1.457833 
1438 -1.627526 
1439 -1.753898 
1440 -1.664004 
1441 -1.844585 
1442 -1.568734 
1443 -1.554046 
1444 -1.643476 
1445 1.658331 
1446 1.785161 
1447 1.554479 
1448 1.606611 
1449 1.933252 
1450 1.438962 
1451 1.688499 
1452 1.623359 
1453 1.752899 
1454 1.616539 
1455 1.567959 
1456 1.775614 
1457 1.748762 
1458 1.534293 
1459 1.378023 
1460 3.204104 
1461 2.662967 
1462 0.268747 
1463 0.474684 
1464 0.011435 
1465 -2.710711 
1466 -2.751848 
1467 -2.107358 
1468 -1.533901 
1469 -1.623858 
1470 -1.801037 
1471 -1.625281 
1472 -1.903401 
1473 -1.621079 
1474 -1.686152 
1475 -1.575351 
1476 -1.715916 
1477 -1.636291 
1478 -1.618692 
1479 -1.862553 
1480 -1.597707 
1481 -1.783068 
1482 1.596600 
1483 1.738669 
1484 1.848888 
1485 1.790747 
1486 1.628976 
1487 1.536764 
1488 1.667703 
1489 1.640873 
1490 1.814160 
1491 1.625223 
1492 1.495624 
1493 1.798492 
1494 1.604212 
1495 1.438075 
1496 2.065740 
1497 2.172209 
1498 2.053315 
1499 0.513485 
1500 2.164590 
1501 1.867955 
1502 -2.716935 
1503 -2.433886 
1504 -0.522930 
1505 -2.045766 
1506 -2.177370 
1507 -2.068206 
1508 -1.551178 
1509 -1.560871 
1510 -1.777239 
1511 -1.728882 
1512 -1.879970 
1513 -1.710281 
1514 -1.687581 
1515 -1.669074 
1516 -1.830403 
1517 -1.597165 
1518 -1.655064 
1519 1.726590 
1520 1.739805 
1521 1.699197 
1522 1.705821 
1523 1.673898 
1524 1.640862 
1525 1.699515 
1526 1.730281 
1527 1.663519 
1528 1.569939 
1529 1.589655 
1530 1.719513 
1531 1.675493 
1532 2.016665 
1533 1.626139 
1534 1.691166 
1535 1.600401 
1536 2.394631 
1537 2.550436 
1538 1.115194 
1539 -1.290021 
1540 -1.021904 
1541 -0.952008 
1542 -2.728715 
1543 -2.679669 
1544 -1.558715 
1545 -1.658932 
1546 -1.597821 
1547 -1.796210 
1548 -1.605581 
1549 -1.656096 
1550 -1.632748 
1551 -1.574809 
1552 -1.703795 
1553 -1.607151 
1554 -1.652978 
1555 -1.680234 
1556 1.641283 
1557 1.515057 
1558 1.701540 
1559 1.709478 
1560 1.615217 
1561 1.626266 
1562 1.683609 
1563 1.750634 
1564 1.675677 
1565 1.472023 
1566 1.561506 
1567 1.773613 
1568 1.882375 
1569 1.781808 
1570 1.470785 
1571 1.695719 
1572 3.915158 
1573 1.149643 
1574 1.177191 
1575 0.559199 
1576 -1.206179 
1577 -1.080481 
1578 -1.393267 
1579 -4.015326 
1580 -1.589172 
1581 -1.917999 
1582 -1.740803 
1583 -1.702774 
1584 -1.775552 
1585 -1.521574 
1586 -1.708116 
1587 -1.600735 
1588 -1.781551 
1589 -1.514833 
1590 -1.575596 
1591 -1.659081 
1592 -1.586161 
1593 1.729967 
1594 1.459393 
1595 1.746460 
1596 1.727240 
1597 1.612709 
1598 1.630490 
1599 1.562252 
1600 1.589105 
1601 1.671693 
1602 1.699846 
1603 1.571179 
1604 1.714800 
1605 1.884559 
1606 1.854489 
1607 1.133711 
1608 2.683199 
1609 3.262357 
1610 0.453840 
1611 0.345401 
1612 -0.249280 
1613 -2.248821 
1614 -2.510457 
1615 -2.495644 
1616 -1.521710 
1617 -1.589306 
1618 -1.902069 
1619 -1.657698 
1620 -1.801480 
1621 -1.644680 
1622 -1.598001 
1623 -1.588368 
1624 -1.557497 
1625 -1.739079 
1626 -1.705567 
1627 -1.695972 
1628 -1.642304 
1629 -1.746266 
1630 1.724339 
1631 1.565315 
1632 1.572652 
1633 1.621144 
1634 1.636503 
1635 1.731503 
1636 1.732885 
1637 1.642252 
1638 1.520090 
1639 1.702347 
1640 1.582635 
1641 1.653320 
1642 1.569136 
1643 1.687796 
1644 2.197942 
1645 2.329556 
1646 2.883626 
1647 -0.053114 
1648 -0.275496 
1649 -0.280198 
1650 -3.146455 
1651 -2.840793 
1652 -1.044680 
1653 -1.736973 
1654 -1.918694 
1655 -2.022162 
1656 -1.710598 
1657 -1.704330 
1658 -1.646990 
1659 -1.670365 
1660 -1.699103 
1661 -1.764746 
1662 -1.660027 
1663 -1.655643 
1664 -1.814198 
1665 -1.557073 
1666 -1.521768 
1667 1.789061 
1668 1.611355 
1669 1.705794 
1670 1.622141 
1671 1.623996 
1672 1.679859 
1673 1.674503 
1674 1.611880 
1675 1.679939 
1676 1.642526 
1677 1.598250 
1678 1.619917 
1679 1.781683 
1680 3.503690 
1681 1.090418 
1682 1.074681 
1683 1.453503 
1684 -0.244752 
1685 -0.356898 
1686 -0.266065 
1687 -4.798117 
1688 -1.416631 
1689 -1.159915 
1690 -2.029276 
1691 -2.312271 
1692 -1.762169 
1693 -1.585642 
1694 -1.410267 
1695 -1.754545 
1696 -1.672643 
1697 -1.797102 
1698 -1.691813 
1699 -1.608970 
1700 -1.696137 
1701 -1.674989 
1702 -1.689941 
1703 -1.666638 
1704 1.523890 
1705 1.627109 
1706 1.784321 
1707 1.602306 
1708 1.641674 
1709 1.882749 
1710 1.584059 
1711 1.581333 
1712 1.534867 
1713 1.730593 
1714 1.545433 
1715 1.685028 
1716 2.314051 
1717 2.480945 
1718 1.025975 
1719 0.986703 
1720 4.824924 
1721 -0.478641 
1722 -0.283586 
1723 -0.178596 
1724 -1.831097 
1725 -1.715185 
1726 -1.282543 
1727 -2.588024 
1728 -1.739480 
1729 -1.795206 
1730 -1.639209 
1731 -1.456391 
1732 -1.764501 
1733 -1.749500 
1734 -1.456552 
1735 -1.771024 
1736 -1.693554 
1737 -1.647703 
1738 -1.781840 
1739 -1.629529 
1740 -1.721375 
1741 1.643395 
1742 1.679676 
1743 1.676790 
1744 1.535626 
1745 1.584527 
1746 1.885335 
1747 1.647991 
1748 1.559252 
1749 1.703365 
1750 1.704595 
1751 1.649047 
1752 1.829284 
1753 1.787993 
1754 2.107203 
1755 0.705843 
1756 2.413859 
1757 3.846406 
1758 -0.529631 
1759 -0.429891 
1760 -0.076108 
1761 -2.827746 
1762 -2.693937 
1763 -2.050305 
1764 -1.466865 
1765 -1.686988 
1766 -1.783541 
1767 -1.529327 
1768 -1.793809 
1769 -1.814974 
1770 -1.686071 
1771 -1.557321 
1772 -1.613667 
1773 -1.650664 
1774 -1.685001 
1775 -1.788356 
1776 -1.633942 
1777 -1.804587 
1778 1.633409 
1779 1.723139 
1780 1.583012 
1781 1.808501 
1782 1.630919 
1783 1.694712 
1784 1.566349 
1785 1.742549 
1786 1.716203 
1787 1.702895 
1788 1.546888 
1789 1.650819 
1790 1.693643 
1791 1.423348 
1792 2.385693 
1793 2.146378 
1794 2.324446 
1795 0.279873 
1796 0.119495 
1797 -0.211674 
1798 -2.897301 
1799 -3.159558 
1800 -1.128352 
1801 -1.744059 
1802 -1.646345 
1803 -2.059929 
1804 -1.675316 
1805 -1.650747 
1806 -1.705196 
1807 -1.523597 
1808 -1.736777 
1809 -1.723690 
1810 -1.609412 
1811 -1.689405 
1812 -1.653559 
1813 -1.671384 
1814 -1.695609 
1815 1.590420 
1816 1.654332 
1817 1.625224 
1818 1.624904 
1819 1.742967 
1820 1.605234 
1821 1.629571 
1822 1.676365 
1823 1.821196 
1824 1.426193 
1825 1.591331 
1826 1.794780 
1827 1.732991 
1828 1.966258 
1829 1.949715 
1830 1.562022 
1831 1.621906 
1832 0.807140 
1833 0.909265 
1834 0.694519 
1835 -3.807943 
1836 -1.462450 
1837 -1.043653 
1838 -2.346250 
1839 -2.301118 
1840 -1.796299 
1841 -1.571323 
1842 -1.652622 
1843 -1.530066 
1844 -1.745690 
1845 -1.798424 
1846 -1.429102 
1847 -1.766968 
1848 -1.638274 
1849 -1.686768 
1850 -1.517879 
1851 -1.715475 
1852 1.589240 
1853 1.665432 
1854 1.639189 
1855 1.662797 
1856 1.557930 
1857 1.791664 
1858 1.559619 
1859 1.657870 
1860 2.510441 
1861 1.736099 
1862 1.863137 
1863 0.519592 
1864 1.074931 
1865 -0.867496 
1866 -1.079133 
1867 -4.397515 
1868 -1.543121 
1869 -1.804389 
1870 -1.575178 
1871 -1.653847 
1872 -1.665979 
1873 -1.657975 
1874 -1.694784 
1875 -1.710971 
1876 1.779438 
1877 1.762573 
1878 1.588433 
1879 1.561897 
1880 1.732352 
1881 1.716390 
1882 1.843651 
1883 1.464288 
1884 4.664726 
1885 0.291551 
1886 0.574443 
1887 -0.924721 
1888 -0.864780 
1889 -1.803610 
1890 -1.825904 
1891 -2.397736 
1892 -1.878113 
1893 -1.637477 
1894 -1.524355 
1895 -1.647821 
1896 -1.762588 
1897 -1.729819 
1898 -1.543748 
1899 -1.695643 
1900 1.548940 
1901 1.669529 
1902 1.644867 
1903 1.743952 
1904 1.521528 
1905 1.593852 
1906 1.763771 
1907 1.751405 
1908 1.638834 
1909 1.589123 
1910 1.709537 
1911 1.580352 
1912 2.330127 
1913 2.482728 
1914 1.076282 
1915 0.980700 
1916 4.421736 
1917 -0.845919 
1918 -0.809744 
1919 -0.528036 
1920 -1.910938 
1921 -1.577814 
1922 -1.434236 
1923 -2.153558 
1924 -1.613079 
1925 -1.712974 
1926 -1.656624 
1927 -1.510828 
1928 -1.670557 
1929 -1.790073 
1930 -1.639031 
1931 -1.522641 
1932 -1.705645 
1933 -1.712158 
1934 -1.547493 
1935 -1.681330 
1936 -1.709915 
1937 1.565974 
1938 1.676237 
1939 1.694718 
1940 1.637497 
1941 1.674108 
1942 1.604753 
1943 1.725732 
1944 1.667481 
1945 1.682043 
1946 1.562712 
1947 1.549448 
1948 1.810167 
1949 1.731953 
1950 1.798389 
1951 1.281271 
1952 2.618339 
1953 3.152977 
1954 0.126149 
1955 0.228250 
1956 0.383736 
1957 -2.562666 
1958 -2.454387 
1959 -2.174993 
1960 -1.518214 
1961 -1.693725 
1962 -1.817736 
1963 -1.615132 
1964 -1.754528 
1965 -1.719586 
1966 -1.461176 
1967 -1.662703 
1968 -1.532992 
1969 -1.665586 
1970 -1.719303 
1971 -1.685764 
1972 -1.565703 
1973 -1.660710 
1974 1.462688 
1975 1.870535 
1976 1.642969 
1977 1.644881 
1978 1.750855 
1979 1.622620 
1980 1.576270 
1981 1.612677 
1982 1.586416 
1983 1.740829 
1984 1.335963 
1985 1.874256 
1986 1.664482 
1987 1.560298 
1988 2.185306 
1989 2.209180 
1990 2.302035 
1991 0.377786 
1992 0.589167 
1993 0.310892 
1994 -2.894294 
1995 -3.054603 
1996 -0.677586 
1997 -2.042793 
1998 -2.035514 
1999 -1.954118 
2000 -1.886315 
2001 -1.604064 
2002 -1.451218 
2003 -1.622146 
2004 -1.624606 
2005 -1.784198 
2006 -1.762170 
2007 -1.665212 
2008 -1.628672 
2009 -1.776671 
2010 -1.621704 
2011 1.697189 
2012 2.013947 
2013 1.411923 
2014 1.516551 
2015 1.589983 
2016 1.594622 
2017 1.684046 
2018 1.745906 
2019 1.712350 
2020 1.519358 
2021 1.650191 
2022 1.643148 
2023 1.602804 
2024 2.660512 
2025 1.616055 
2026 1.393016 
2027 1.394827 
2028 0.892855 
2029 0.933459 
2030 0.000971 
2031 -4.048149 
2032 -1.119215 
2033 -0.800835 
2034 -2.665436 
2035 -2.519325 
2036 -1.573976 
2037 -1.662009 
2038 -1.644313 
2039 -1.779512 
2040 -1.520398 
2041 -1.729501 
2042 -1.752643 
2043 -1.731403 
2044 -1.772800 
2045 -1.658943 
2046 -1.747127 
2047 -1.575631 
2048 1.449522 
2049 1.842217 
2050 1.671590 
2051 1.527291 
2052 1.484335 
2053 1.683539 
2054 1.658488 
2055 1.705798 
2056 1.576142 
2057 1.702448 
2058 1.464070 
2059 1.751285 
2060 1.951787 
2061 2.179374 
2062 1.534346 
2063 1.519082 
2064 4.019686 
2065 0.581935 
2066 0.256461 
2067 -0.453270 
2068 -1.607388 
2069 -1.710465 
2070 -1.418908 
2071 -2.933268 
2072 -1.758404 
2073 -2.080421 
2074 -1.402940 
2075 -1.398456 
2076 -1.702654 
2077 -1.545188 
2078 -1.568920 
2079 -1.719627 
2080 -1.701332 
2081 -1.718229 
2082 -1.750473 
2083 -1.543737 
2084 -1.653175 
2085 1.522512 
2086 1.906196 
2087 1.577971 
2088 1.668585 
2089 1.651757 
2090 1.713444 
2091 1.620368 
2092 1.537545 
2093 1.608585 
2094 1.762946 
2095 1.585846 
2096 1.937464 
2097 1.888494 
2098 1.751368 
2099 1.197530 
2100 3.138964 
2101 2.270688 
2102 0.111641 
2103 0.061572 
2104 -0.327157 
2105 -2.371384 
2106 -2.268827 
2107 -2.432864 
2108 -1.619841 
2109 -1.587589 
2110 -1.967446 
2111 -1.504775 
2112 -1.771873 
2113 -1.716493 
2114 -1.562307 
2115 -1.605356 
2116 -1.596112 
2117 -1.771133 
2118 -1.692872 
2119 -1.536566 
2120 -1.719857 
2121 -1.658423 
2122 1.635568 
2123 1.591099 
2124 1.661821 
2125 1.620039 
2126 1.625728 
2127 1.730838 
2128 1.617299 
2129 1.604046 
2130 1.611968 
2131 1.666970 
2132 1.464234 
2133 1.777136 
2134 1.686255 
2135 1.499063 
2136 2.202121 
2137 2.592477 
2138 2.079814 
2139 0.061446 
2140 -0.258383 
2141 -0.362066 
2142 -2.941896 
2143 -2.807944 
2144 -1.544288 
2145 -1.733238 
2146 -1.662728 
2147 -1.781315 
2148 -1.763406 
2149 -1.607001 
2150 -1.647604 
2151 -1.548414 
2152 -1.567521 
2153 -1.693456 
2154 -1.642811 
2155 -1.717485 
2156 -1.653869 
2157 -1.591587 
2158 -1.669963 
2159 1.746728 
2160 1.503390 
2161 1.598188 
2162 1.672885 
2163 1.826797 
2164 1.533643 
2165 1.594088 
2166 1.647780 
2167 1.770561 
2168 1.543325 
2169 1.414562 
2170 1.723595 
2171 1.832621 
2172 2.851258 
2173 1.473233 
2174 1.458028 
2175 1.645867 
2176 -0.124053 
2177 -0.203141 
2178 -0.798808 
2179 -4.397391 
2180 -1.512161 
2181 -1.839385 
2182 -1.890648 
2183 -1.932048 
2184 -1.732619 
2185 -1.682314 
2186 -1.611965 
2187 -1.591610 
2188 -1.619222 
2189 -1.645700 
2190 -1.599267 
2191 -1.846869 
2192 -1.740857 
2193 -1.705409 
2194 -1.656998 
2195 -1.538483 
2196 1.578490 
2197 1.586553 
2198 1.633856 
2199 1.704506 
2200 1.572619 
2201 1.700895 
2202 1.587638 
2203 1.720646 
2204 1.548862 
2205 1.664478 
2206 1.502582 
2207 1.971647 
2208 1.888269 
2209 2.042237 
2210 1.693380 
2211 1.712318 
2212 4.011817 
2213 0.119118 
2214 0.201405 
2215 -0.780911 
2216 -1.799160 
2217 -1.718602 
2218 -1.848599 
2219 -2.210810 
2220 -1.877264 
2221 -1.700740 
2222 -1.573307 
2223 -1.565399 
2224 -1.682800 
2225 -1.576111 
2226 -1.701208 
2227 -1.701149 
2228 -1.585169 
2229 -1.740531 
2230 -1.689490 
2231 -1.570383 
2232 -1.581627 
2233 1.705543 
2234 1.513104 
2235 1.739657 
2236 1.777911 
2237 1.536871 
2238 1.620761 
2239 1.573321 
2240 1.434796 
2241 1.616879 
2242 1.729257 
2243 1.690785 
2244 1.757089 
2245 1.847561 
2246 1.531391 
2247 1.409210 
2248 2.861113 
2249 2.880954 
2250 0.389784 
2251 0.369455 
2252 -0.451171 
2253 -2.436015 
2254 -2.382286 
2255 -2.582594 
2256 -1.693697 
2257 -1.674907 
2258 -1.725072 
2259 -1.513423 
2260 -1.828494 
2261 -1.651495 
2262 -1.477425 
2263 -1.763613 
2264 -1.580960 
2265 -1.697286 
2266 -1.727612 
2267 -1.559769 
2268 -1.689079 
2269 -1.675923 
2270 1.449728 
2271 1.716573 
2272 1.530510 
2273 1.696798 
2274 1.648955 
2275 1.745583 
2276 1.674773 
2277 1.374778 
2278 1.492414 
2279 1.947968 
2280 1.393511 
2281 1.572998 
2282 1.836068 
2283 1.511124 
2284 2.107302 
2285 2.118001 
2286 2.185647 
2287 0.486792 
2288 1.099916 
2289 0.615032 
2290 -2.607149 
2291 -2.847870 
2292 -1.167535 
2293 -1.850018 
2294 -1.725031 
2295 -2.152868 
2296 -1.602374 
2297 -1.872040 
2298 -1.506077 
2299 -1.497814 
2300 -1.617574 
2301 -1.651634 
2302 -1.582654 
2303 -1.733888 
2304 -1.593388 
2305 -1.778390 
2306 -1.759738 
2307 1.502948 
2308 1.847411 
2309 1.524159 
2310 1.480279 
2311 1.739344 
2312 1.551781 
2313 1.599863 
2314 1.677834 
2315 1.609775 
2316 2.214739 
2317 2.255405 
2318 1.373808 
2319 1.141527 
2320 -0.697773 
2321 -1.235930 
2322 -2.417922 
2323 -2.638574 
2324 -1.656491 
2325 -1.805398 
2326 -1.478918 
2327 -1.541879 
2328 -1.649580 
2329 -1.831001 
2330 -1.603002 
2331 1.647061 
2332 1.635267 
2333 1.454229 
2334 1.821314 
2335 1.577297 
2336 1.919722 
2337 1.922054 
2338 1.667204 
2339 1.592583 
2340 1.069231 
2341 -0.206617 
2342 -2.514133 
2343 -3.241180 
2344 -1.626229 
2345 -1.808466 
2346 -1.567539 
2347 -1.544860 
2348 -1.568722 
2349 -1.682341 
2350 -1.578751 
2351 -1.710779 
2352 -1.623716 
2353 -1.644572 
2354 -1.614644 
2355 1.533746 
2356 1.545192 
2357 1.716709 
2358 1.681294 
2359 1.635646 
2360 1.254428 
2361 1.658818 
2362 1.624146 
2363 1.963388 
2364 1.661991 
2365 1.475568 
2366 1.877647 
2367 1.944438 
2368 3.778039 
2369 1.658642 
2370 1.609682 
2371 1.112895 
2372 -0.750941 
2373 -0.643432 
2374 -1.260113 
2375 -4.224811 
2376 -1.684731 
2377 -1.887346 
2378 -1.624415 
2379 -1.680412 
2380 -1.752879 
2381 -1.616450 
2382 -1.559019 
2383 -1.577786 
2384 -1.685297 
2385 -1.611482 
2386 -1.641569 
2387 -1.689029 
2388 -1.611845 
2389 -1.636225 
2390 -1.630077 
2391 -1.712257 
2392 1.507074 
2393 1.840821 
2394 1.750324 
2395 1.561453 
2396 1.552841 
2397 1.551319 
2398 1.597765 
2399 1.829902 
2400 1.626848 
2401 1.641680 
2402 1.458773 
2403 1.698436 
2404 2.296282 
2405 2.213402 
2406 1.245071 
2407 1.323869 
2408 4.043393 
2409 -0.267854 
2410 -0.453167 
2411 -0.991491 
2412 -1.669967 
2413 -1.733726 
2414 -1.948196 
2415 -1.854026 
2416 -1.537597 
2417 -1.851909 
2418 -1.421341 
2419 -1.697873 
2420 -1.645937 
2421 -1.734121 
2422 -1.454067 
2423 -1.707824 
2424 -1.577595 
2425 -1.628839 
2426 -1.800587 
2427 -1.678969 
2428 -1.650278 
2429 1.672632 
2430 1.631252 
2431 1.598945 
2432 1.658277 
2433 1.683529 
2434 1.617631 
2435 1.587566 
2436 1.497940 
2437 1.595545 
2438 1.837513 
2439 1.555503 
2440 1.866846 
2441 2.140167 
2442 1.668230 
2443 1.261224 
2444 2.668868 
2445 2.805429 
2446 0.063118 
2447 0.071608 
2448 -0.716008 
2449 -2.416155 
2450 -2.159242 
2451 -2.413625 
2452 -1.495455 
2453 -1.475243 
2454 -1.896166 
2455 -1.585470 
2456 -1.720270 
2457 -1.717012 
2458 -1.563047 
2459 -1.581360 
2460 -1.568658 
2461 -1.675858 
2462 -1.583246 
2463 -1.789277 
2464 -1.473878 
2465 -1.654806 
2466 1.801623 
2467 1.626810 
2468 1.614865 
2469 1.660604 
2470 1.542221 
2471 1.713051 
2472 1.616848 
2473 1.517441 
2474 1.630823 
2475 1.791690 
2476 1.375659 
2477 1.692602 
2478 1.717695 
2479 1.742616 
2480 2.208388 
2481 2.322144 
2482 2.164949 
2483 0.112998 
2484 -0.144174 
2485 -0.347575 
2486 -2.853526 
2487 -2.596381 
2488 -1.267043 
2489 -1.794108 
2490 -1.860639 
2491 -2.008526 
2492 -1.580497 
2493 -1.685631 
2494 -1.600665 
2495 -1.632205 
2496 -1.682850 
2497 -1.601798 
2498 -1.675748 
2499 -1.686349 
2500 -1.625316 
2501 -1.706106 
2502 -1.567991 
2503 1.682275 
2504 1.389129 
2505 1.761932 
2506 1.662065 
2507 1.596467 
2508 1.650172 
2509 1.581322 
2510 1.550725 
2511 1.696178 
2512 1.633105 
2513 1.495651 
2514 1.673617 
2515 1.725098 
2516 2.779783 
2517 1.705632 
2518 1.450425 
2519 1.655550 
2520 -0.163595 
2521 -0.536389 
2522 -0.405268 
2523 -4.304448 
2524 -1.725538 
2525 -1.368386 
2526 -2.054000 
2527 -2.024877 
2528 -1.848694 
2529 -1.581068 
2530 -1.567035 
2531 -1.571516 
2532 -1.851342 
2533 -1.824750 
2534 -1.438163 
2535 -1.547558 
2536 -1.715819 
2537 -1.530876 
2538 -1.607537 
2539 -1.662911 
2540 1.598552 
2541 1.586619 
2542 1.725734 
2543 1.633066 
2544 1.563553 
2545 1.644819 
2546 1.556821 
2547 1.673046 
2548 1.581427 
2549 1.704050 
2550 1.454135 
2551 1.776444 
2552 2.403445 
2553 2.357563 
2554 1.215324 
2555 1.126399 
2556 3.023548 
2557 -1.245253 
2558 -1.128683 
2559 -1.017818 
2560 -1.922791 
2561 -1.764153 
2562 -1.573467 
2563 -2.058044 
2564 -1.628802 
2565 -1.735421 
2566 -1.557493 
2567 -1.622336 
2568 -1.584527 
2569 -1.599072 
2570 -1.774680 
2571 -1.639165 
2572 -1.666353 
2573 -1.745656 
2574 -1.655202 
2575 -1.569957 
2576 -1.509875 
2577 1.717492 
2578 1.521074 
2579 1.815883 
2580 1.651462 
2581 1.585398 
2582 1.643113 
2583 1.662412 
2584 1.535607 
2585 1.717941 
2586 1.628342 
2587 1.502143 
2588 1.962177 
2589 2.103597 
2590 1.922961 
2591 0.904836 
2592 2.239212 
2593 2.319732 
2594 -1.017289 
2595 -1.173574 
2596 -0.486037 
2597 -2.105660 
2598 -2.266140 
2599 -1.916757 
2600 -1.665024 
2601 -1.615944 
2602 -1.777925 
2603 -1.465059 
2604 -1.644471 
2605 -1.635759 
2606 -1.667344 
2607 -1.681919 
2608 -1.591743 
2609 -1.790091 
2610 -1.604283 
2611 -1.652224 
2612 -1.674826 
2613 -1.723465 
2614 1.536926 
2615 1.634407 
2616 1.522288 
2617 1.646672 
2618 1.658070 
2619 1.677816 
2620 1.669169 
2621 1.457744 
2622 1.638424 
2623 1.680362 
2624 1.544161 
2625 1.678008 
2626 1.656066 
2627 1.567392 
2628 2.317044 
2629 2.398233 
2630 2.144342 
2631 -0.527276 
2632 -0.415306 
2633 -0.602344 
2634 -2.951422 
2635 -3.027232 
2636 -1.430745 
2637 -1.631585 
2638 -1.816338 
2639 -1.679835 
2640 -1.889974 
2641 -1.620965 
2642 -1.416619 
2643 -1.738272 
2644 -1.731409 
2645 -1.583692 
2646 -1.746527 
2647 -1.608970 
2648 -1.784538 
2649 -1.717538 
2650 -1.697366 
2651 1.407621 
2652 1.638207 
2653 1.719215 
2654 1.619057 
2655 1.659378 
2656 1.620704 
2657 1.592717 
2658 1.766386 
2659 1.623760 
2660 1.631729 
2661 1.483003 
2662 1.703430 
2663 1.660770 
2664 3.198605 
2665 1.248797 
2666 1.139620 
2667 1.500100 
2668 -0.147892 
2669 -0.140000 
2670 -0.479500 
2671 -4.873185 
2672 -1.505006 
2673 -1.679938 
2674 -1.878922 
2675 -1.966960 
2676 -1.992521 
2677 -1.499944 
2678 -1.536759 
2679 -1.401495 
2680 -1.668876 
2681 -1.718397 
2682 -1.556355 
2683 -1.660794 
2684 -1.675530 
2685 -1.649601 
2686 -1.550857 
2687 -1.774554 
2688 1.736991 
2689 1.724287 
2690 1.588995 
2691 1.618598 
2692 1.570324 
2693 1.522869 
2694 1.727073 
2695 1.856447 
2696 1.681095 
2697 1.462090 
2698 1.594150 
2699 1.715767 
2700 1.878724 
2701 2.116890 
2702 1.475619 
2703 1.334323 
2704 4.854117 
2705 0.219322 
2706 0.139309 
2707 0.116205 
2708 -1.741537 
2709 -1.749661 
2710 -1.692953 
2711 -2.544694 
2712 -1.697982 
2713 -1.657744 
2714 -1.507401 
2715 -1.519161 
2716 -1.679403 
2717 -1.738367 
2718 -1.647489 
2719 -1.784280 
2720 -1.684020 
2721 -1.591167 
2722 -1.612553 
2723 -1.711591 
2724 -1.910271 
2725 1.498037 
2726 1.605822 
2727 1.639232 
2728 1.750155 
2729 1.686347 
2730 1.640603 
2731 1.694009 
2732 1.652755 
2733 1.706828 
2734 1.606567 
2735 1.681649 
2736 1.691731 
2737 1.738299 
2738 1.719768 
2739 1.481323 
2740 2.456751 
2741 3.108752 
2742 0.513014 
2743 0.374947 
2744 1.013268 
2745 -2.717670 
2746 -2.728939 
2747 -1.803233 
2748 -1.621042 
2749 -1.532978 
2750 -1.778784 
2751 -1.493372 
2752 -1.862773 
2753 -1.731042 
2754 -1.617784 
2755 -1.540585 
2756 -1.767145 
2757 -1.589749 
2758 -1.708240 
2759 -1.683359 
2760 -1.591146 
2761 -1.769916 
2762 1.595853 
2763 1.732849 
2764 1.557976 
2765 1.707445 
2766 1.851177 
2767 1.637578 
2768 1.642653 
2769 1.536611 
2770 1.752022 
2771 1.633783 
2772 4.267507 
2773 0.792232 
2774 1.177881 
2775 -0.441031 
2776 -0.352383 
2777 -2.008923 
2778 -2.006642 
2779 -2.544398 
2780 -1.677186 
2781 -1.526852 
2782 -2.064773 
2783 -1.427908 
2784 -2.136340 
2785 -1.580848 
2786 1.386359 
2787 1.477650 
2788 1.722181 
2789 1.550611 
2790 1.691954 
2791 1.546003 
2792 4.471782 
2793 0.786696 
2794 0.685936 
2795 -0.237531 
2796 -0.398721 
2797 -1.679866 
2798 -1.519124 
2799 -3.148120 
2800 -1.549917 
2801 -1.636405 
2802 -1.702469 
2803 -1.704041 
2804 -1.680076 
2805 -1.759376 
2806 -1.619015 
2807 -1.692385 
2808 -1.737414 
2809 -1.831194 
2810 1.534850 
2811 1.514776 
2812 1.711824 
2813 1.855652 
2814 1.578725 
2815 1.609235 
2816 1.549667 
2817 1.431313 
2818 1.809306 
2819 1.608873 
2820 2.086658 
2821 1.688828 
2822 1.777824 
2823 1.556552 
2824 0.717939 
2825 0.859213 
2826 0.278564 
2827 -4.011677 
2828 -1.471075 
2829 -1.234677 
2830 -2.139205 
2831 -2.361710 
2832 -1.684287 
2833 -1.568390 
2834 -1.667671 
2835 -1.536538 
2836 -1.537704 
2837 -1.842837 
2838 -1.544481 
2839 -1.642566 
2840 -1.790906 
2841 -1.509311 
2842 -1.517461 
2843 -1.805665 
2844 -1.650077 
2845 -1.657358 
2846 -1.815257 
2847 1.449731 
2848 1.695777 
2849 1.631251 
2850 1.684291 
2851 1.665310 
2852 1.636481 
2853 1.577801 
2854 1.443925 
2855 1.826500 
2856 1.612481 
2857 1.603248 
2858 1.550152 
2859 1.848601 
2860 3.798081 
2861 1.003215 
2862 1.073778 
2863 1.215195 
2864 -0.991645 
2865 -1.095460 
2866 -1.164111 
2867 -4.111958 
2868 -1.600189 
2869 -1.887002 
2870 -1.712265 
2871 -1.613427 
2872 -1.808414 
2873 -1.628401 
2874 -1.673441 
2875 -1.436068 
2876 -1.702689 
2877 -1.694631 
2878 -1.563245 
2879 -1.738804 
2880 -1.819150 
2881 -1.622751 
2882 -1.667582 
2883 -1.477914 
2884 1.507512 
2885 1.817379 
2886 1.681749 
2887 1.648171 
2888 1.652643 
2889 1.665703 
2890 1.554443 
2891 1.682378 
2892 1.593319 
2893 1.605542 
2894 1.554730 
2895 1.727790 
2896 2.468076 
2897 2.530932 
2898 1.013814 
2899 0.925515 
2900 3.102986 
2901 -0.914874 
2902 -1.172728 
2903 -1.978410 
2904 -1.711109 
2905 -1.768748 
2906 -1.718697 
2907 -1.903916 
2908 -1.666357 
2909 -1.760270 
2910 -1.464093 
2911 -1.641687 
2912 -1.694484 
2913 -1.677300 
2914 -1.585855 
2915 -1.719374 
2916 -1.493121 
2917 -1.785097 
2918 -1.653600 
2919 -1.650203 
2920 -1.640349 
2921 1.573423 
2922 1.708330 
2923 1.699065 
2924 1.670162 
2925 1.761426 
2926 1.616760 
2927 1.535568 
2928 1.492244 
2929 1.588350 
2930 1.666121 
2931 1.644792 
2932 1.843464 
2933 2.093728 
2934 2.108783 
2935 0.894966 
2936 2.750159 
2937 2.250907 
2938 -0.657417 
2939 -0.940076 
2940 -0.606099 
2941 -2.276769 
2942 -2.313482 
2943 -2.244196 
2944 -1.672096 
2945 -1.618693 
2946 -1.718954 
2947 -1.568087 
2948 -1.604739 
2949 -1.685490 
2950 -1.734681 
2951 -1.631809 
2952 -1.593506 
2953 -1.796635 
2954 -1.737764 
2955 -1.600709 
2956 -1.596320 
2957 -1.716231 
2958 1.642326 
2959 1.636955 
2960 1.696438 
2961 1.633070 
2962 1.739855 
2963 1.580312 
2964 1.587060 
2965 1.567144 
2966 1.696982 
2967 1.685071 
2968 1.657680 
2969 1.653503 
2970 1.566381 
2971 1.779159 
2972 2.504929 
2973 2.470345 
2974 1.688494 
2975 -0.980016 
2976 -0.709817 
2977 -0.872724 
2978 -2.721671 
2979 -2.948234 
2980 -1.509927 
2981 -1.785009 
2982 -1.676295 
2983 -1.730036 
2984 -1.714276 
2985 -1.607857 
2986 -1.576299 
2987 -1.550847 
2988 -1.685680 
2989 -1.658937 
2990 -1.716163 
2991 -1.576045 
2992 -1.686707 
2993 -1.723689 
2994 -1.714918 
2995 1.478568 
2996 1.712945 
2997 1.599967 
2998 1.577991 
2999 1.684198 
3000 1.547327 
3001 1.618978 
3002 1.517538 
3003 1.821887 
3004 1.824429 
3005 1.715616 
3006 1.623893 
3007 1.507103 
3008 4.591400 
3009 0.629495 
3010 0.715002 
3011 0.654068 
3012 -0.919016 
3013 -0.962457 
3014 -1.088341 
3015 -4.480188 
3016 -1.401102 
3017 -1.838990 
3018 -1.832837 
3019 -1.796124 
3020 -1.784224 
3021 -1.546127 
3022 -1.706218 
3023 -1.500157 
3024 -1.722425 
3025 -1.756498 
3026 -1.589142 
3027 -1.652290 
3028 -1.593498 
3029 -1.804383 
3030 -1.734998 
3031 -1.629361 
3032 1.728186 
3033 1.476913 
3034 1.582674 
3035 1.813274 
3036 1.564676 
3037 1.681573 
3038 1.569836 
3039 1.619641 
3040 1.682395 
3041 1.718423 
3042 1.778436 
3043 1.353489 
3044 2.348275 
3045 3.124426 
3046 0.515141 
3047 0.505969 
3048 1.886772 
3049 -2.065655 
3050 -2.566806 
3051 -1.934771 
3052 -1.617252 
3053 -1.774560 
3054 -1.768931 
3055 -1.701221 
3056 -1.629894 
3057 -1.729592 
3058 -1.735237 
3059 -1.515853 
3060 -1.625983 
3061 -1.637635 
3062 -1.763706 
3063 -1.700685 
3064 -1.734169 
3065 -1.729559 
3066 -1.659291 
3067 -1.599516 
3068 -1.854634 
3069 1.620964 
3070 1.501659 
3071 1.691548 
3072 1.639753 
3073 1.577625 
3074 1.782920 
3075 1.587657 
3076 1.590935 
3077 1.526042 
3078 1.597798 
3079 1.735469 
3080 1.976576 
3081 1.903279 
3082 1.977787 
3083 0.959077 
3084 2.029929 
3085 2.274632 
3086 -1.689649 
3087 -1.556595 
3088 -0.797329 
3089 -2.237817 
3090 -1.985925 
3091 -1.965495 
3092 -1.570205 
3093 -1.579873 
3094 -1.759040 
3095 -1.534114 
3096 -1.677284 
3097 -1.810121 
3098 -1.564390 
3099 -1.681193 
3100 -1.608230 
3101 -1.639753 
3102 -1.596247 
3103 -1.741011 
3104 -1.619989 
3105 -1.687300 
3106 1.531020 
3107 1.576021 
3108 1.675794 
3109 1.559197 
3110 1.738213 
3111 1.571467 
3112 1.448351 
3113 1.688903 
3114 1.599179 
3115 1.710443 
3116 1.403225 
3117 1.722039 
3118 1.702760 
3119 1.578211 
3120 2.195383 
3121 2.190334 
3122 2.378962 
3123 -0.506264 
3124 -0.370462 
3125 -0.376573 
3126 -2.959491 
3127 -2.574818 
3128 -1.643473 
3129 -1.706193 
3130 -1.581622 
3131 -1.783583 
3132 -1.584275 
3133 -1.605135 
3134 -1.740619 
3135 -1.614113 
3136 -1.626337 
3137 -1.711102 
3138 -1.740322 
3139 -1.639704 
3140 -1.598773 
3141 -1.719188 
3142 -1.584382 
3143 1.678276 
3144 1.657216 
3145 1.664750 
3146 1.604122 
3147 1.628829 
3148 1.539846 
3149 1.707517 
3150 1.577948 
3151 1.700353 
3152 1.542865 
3153 1.387700 
3154 1.751955 
3155 1.747115 
3156 2.034420 
3157 1.761309 
3158 1.744723 
3159 1.628728 
3160 0.506051 
3161 0.428375 
3162 -0.285831 
3163 -4.231444 
3164 -1.589123 
3165 -1.567141 
3166 -1.933392 
3167 -2.055895 
3168 -1.848498 
3169 -1.797878 
3170 -1.578849 
3171 -1.395638 
3172 -1.618889 
3173 -1.767927 
3174 -1.450841 
3175 -1.816867 
3176 -1.653554 
3177 -1.686042 
3178 -1.614038 
3179 -1.571749 
3180 1.585343 
3181 1.685739 
3182 1.577723 
3183 1.596677 
3184 1.486643 
3185 1.718331 
3186 1.670967 
3187 1.547053 
3188 1.586677 
3189 1.699933 
3190 1.413503 
3191 1.816454 
3192 1.658607 
3193 1.547991 
3194 1.738040 
3195 1.815048 
3196 3.938095 
3197 1.261926 
3198 1.152413 
3199 0.488875 
3200 -1.465854 
3201 -1.256957 
3202 -1.672787 
3203 -3.321520 
3204 -1.620984 
3205 -1.822685 
3206 -1.555200 
3207 -1.679306 
3208 -1.656826 
3209 -1.734295 
3210 -1.730153 
3211 -1.450551 
3212 -1.763335 
3213 -1.689353 
3214 -1.703926 
3215 -1.585712 
3216 -1.737535 
3217 1.575453 
3218 1.727635 
3219 1.537846 
3220 1.549590 
3221 1.814191 
3222 1.622737 
3223 1.475299 
3224 1.551929 
3225 1.523369 
3226 1.606781 
3227 1.826192 
3228 2.545200 
3229 2.664293 
3230 -0.684258 
3231 -1.500633 
3232 -1.878090 
3233 -1.741611 
3234 -1.655960 
3235 -1.719909 
3236 -1.800809 
3237 -1.607277 
3238 -1.719486 
3239 -1.487572 
3240 -1.569887 
3241 1.613919 
3242 1.714661 
3243 1.694892 
3244 1.717099 
3245 1.744412 
3246 1.501709 
3247 1.672458 
3248 1.566449 
3249 2.099797 
3250 -2.079161 
3251 -1.934371 
3252 -1.836139 
3253 -1.614510 
3254 -1.676992 
3255 -1.590043 
3256 -1.660190 
3257 -1.601528 
3258 -1.698246 
3259 -1.680507 
3260 -1.693878 
3261 -1.470593 
3262 -1.610678 
3263 -1.791962 
3264 -1.852573 
3265 1.469107 
3266 1.754530 
3267 1.583792 
3268 1.623570 
3269 1.486625 
3270 1.739009 
3271 1.759528 
3272 1.395527 
3273 1.656193 
3274 1.712193 
3275 1.492069 
3276 2.311980 
3277 2.288985 
3278 2.590504 
3279 -0.362380 
3280 -0.448415 
3281 -0.443541 
3282 -2.865733 
3283 -2.989380 
3284 -1.411765 
3285 -1.708896 
3286 -1.723611 
3287 -1.901062 
3288 -1.629880 
3289 -1.867179 
3290 -1.650409 
3291 -1.579026 
3292 -1.655890 
3293 -1.582037 
3294 -1.690768 
3295 -1.638897 
3296 -1.685091 
3297 -1.716950 
3298 -1.625509 
3299 -1.559693 
3300 -1.791461 
3301 -1.733476 
3302 1.565821 
3303 1.444368 
3304 1.628134 
3305 1.579154 
3306 1.601884 
3307 1.825138 
3308 1.653244 
3309 1.420877 
3310 1.702480 
3311 1.644939 
3312 1.755679 
3313 1.657085 
3314 1.600187 
3315 1.942610 
3316 0.886444 
3317 0.945033 
3318 0.682346 
3319 -3.812519 
3320 -1.344776 
3321 -1.254802 
3322 -2.194432 
3323 -2.317909 
3324 -1.778674 
3325 -1.606327 
3326 -1.615902 
3327 -1.665387 
3328 -1.550820 
3329 -1.663032 
3330 -1.672309 
3331 -1.795317 
3332 -1.573570 
3333 -1.759539 
3334 -1.573257 
3335 -1.700099 
3336 -1.677006 
3337 -1.755703 
3338 -1.582057 
3339 1.587852 
3340 1.527109 
3341 1.712765 
3342 1.689081 
3343 1.687512 
3344 1.562402 
3345 1.598073 
3346 1.592558 
3347 1.648985 
3348 1.791338 
3349 1.720532 
3350 1.602216 
3351 1.774554 
3352 3.784459 
3353 0.802769 
3354 0.949134 
3355 1.204496 
3356 -1.357691 
3357 -1.239527 
3358 -1.216158 
3359 -3.633341 
3360 -1.861519 
3361 -1.766677 
3362 -1.568266 
3363 -1.470896 
3364 -1.626578 
3365 -1.629129 
3366 -1.540498 
3367 -1.732937 
3368 -1.706922 
3369 -1.572101 
3370 -1.526023 
3371 -1.780896 
3372 -1.733589 
3373 -1.629026 
3374 -1.581517 
3375 -1.579047 
3376 1.630641 
3377 1.472572 
3378 1.652473 
3379 1.644927 
3380 1.636546 
3381 1.655390 
3382 1.533683 
3383 1.662155 
3384 1.724030 
3385 1.709489 
3386 1.535208 
3387 1.603050 
3388 2.293118 
3389 3.116957 
3390 0.629216 
3391 0.635094 
3392 1.429432 
3393 -2.432021 
3394 -2.239081 
3395 -1.634091 
3396 -1.979199 
3397 -1.571025 
3398 -1.600511 
3399 -1.683074 
3400 -1.644223 
3401 -1.608653 
3402 -1.709754 
3403 -1.599221 
3404 -1.801184 
3405 -1.753788 
3406 -1.625098 
3407 -1.638863 
3408 -1.661628 
3409 -1.740339 
3410 -1.534168 
3411 -1.727257 
3412 -1.819892 
3413 1.507705 
3414 1.622840 
3415 1.677176 
3416 1.746858 
3417 1.653438 
3418 1.609881 
3419 1.562648 
3420 1.450141 
3421 1.653309 
3422 1.794784 
3423 1.430340 
3424 1.837808 
3425 2.245526 
3426 2.063612 
3427 0.528108 
3428 1.646748 
3429 1.286535 
3430 -2.461308 
3431 -2.163484 
3432 -0.595504 
3433 -2.160564 
3434 -2.101799 
3435 -1.947327 
3436 -1.687491 
3437 -1.626406 
3438 -1.671855 
3439 -1.544816 
3440 -1.696686 
3441 -1.631877 
3442 -1.745361 
3443 -1.603725 
3444 -1.798809 
3445 -1.654509 
3446 -1.681163 
3447 -1.527679 
3448 -1.509096 
3449 -1.662852 
3450 1.627557 
3451 1.710172 
3452 1.795915 
3453 1.617699 
3454 1.477752 
3455 1.698981 
3456 1.369491 
3457 1.598660 
3458 1.744288 
3459 1.731764 
3460 1.672706 
3461 1.783525 
3462 1.688146 
3463 1.675156 
3464 2.059850 
3465 1.979810 
3466 0.917554 
3467 -2.198564 
3468 -0.965699 
3469 -1.134843 
3470 -2.563948 
3471 -2.595392 
3472 -1.670362 
3473 -1.567371 
3474 -1.468825 
3475 -1.782284 
3476 -1.676470 
3477 -1.587651 
3478 -1.729371 
3479 -1.639752 
3480 -1.632779 
3481 -1.660854 
3482 -1.692020 
3483 -1.558203 
3484 -1.666800 
3485 -1.719189 
3486 -1.584062 
3487 1.572467 
3488 1.621426 
3489 1.815165 
3490 1.543144 
3491 1.643987 
3492 1.591773 
3493 1.657690 
3494 1.581950 
3495 1.682277 
3496 1.711186 
3497 1.733584 
3498 1.717781 
3499 1.619439 
3500 4.026445 
3501 1.267418 
3502 1.086744 
3503 0.660026 
3504 -1.338321 
3505 -1.314764 
3506 -1.439122 
3507 -3.541898 
3508 -1.684464 
3509 -1.985464 
3510 -1.578002 
3511 -1.509941 
3512 -1.894921 
3513 -1.565052 
3514 -1.672341 
3515 -1.523337 
3516 -1.725150 
3517 -1.678801 
3518 -1.549276 
3519 -1.652597 
3520 -1.738439 
3521 -1.656923 
3522 -1.686617 
3523 -1.563157 
3524 1.497474 
3525 1.746417 
3526 1.661054 
3527 1.743337 
3528 1.608182 
3529 1.719540 
3530 1.581486 
3531 1.741308 
3532 1.698972 
3533 1.575664 
3534 1.527084 
3535 1.751653 
3536 2.311491 
3537 2.688625 
3538 0.981405 
3539 0.984228 
3540 1.988754 
3541 -1.862548 
3542 -1.862572 
3543 -2.153287 
3544 -1.708989 
3545 -1.862108 
3546 -1.757559 
3547 -1.497664 
3548 -1.677585 
3549 -1.675266 
3550 -1.545979 
3551 -1.601951 
3552 -1.645642 
3553 -1.741315 
3554 -1.587209 
3555 -1.686649 
3556 -1.610988 
3557 -1.824521 
3558 -1.545317 
3559 -1.604589 
3560 -1.616287 
3561 1.668710 
3562 1.603082 
3563 1.761177 
3564 1.701391 
3565 1.528515 
3566 1.721369 
3567 1.582920 
3568 1.641612 
3569 1.587181 
3570 1.659420 
3571 1.711329 
3572 1.869502 
3573 2.016277 
3574 1.806445 
3575 0.979449 
3576 2.550638 
3577 2.904151 
3578 -0.579043 
3579 -0.904981 
3580 -0.459447 
3581 -2.108009 
3582 -2.077206 
3583 -2.419203 
3584 -1.655475 
3585 -1.506831 
3586 -1.687922 
3587 -1.622147 
3588 -1.685362 
3589 -1.651192 
3590 -1.733728 
3591 -1.558962 
3592 -1.543498 
3593 -1.748414 
3594 -1.658570 
3595 -1.703424 
3596 -1.609628 
3597 -1.771525 
3598 1.643718 
3599 1.533866 
3600 1.620026 
3601 1.706706 
3602 1.599255 
3603 1.634684 
3604 1.565753 
3605 1.581495 
3606 1.649841 
3607 1.707121 
3608 1.394711 
3609 1.577022 
3610 1.708786 
3611 1.657052 
3612 2.019423 
3613 2.205657 
3614 2.510106 
3615 0.261534 
3616 -0.101725 
3617 -0.142290 
3618 -2.896358 
3619 -2.924274 
3620 -1.295399 
3621 -1.719879 
3622 -1.726513 
3623 -1.834552 
3624 -1.719962 
3625 -1.571160 
3626 -1.656663 
3627 -1.759656 
3628 -1.711928 
3629 -1.554287 
3630 -1.713790 
3631 -1.659087 
3632 -1.600500 
3633 -1.659156 
3634 -1.626853 
3635 1.730177 
3636 1.587374 
3637 1.630262 
3638 1.637222 
3639 1.672758 
3640 1.715360 
3641 1.630391 
3642 1.608031 
3643 1.605839 
3644 1.542631 
3645 1.487779 
3646 1.666399 
3647 1.717834 
3648 1.828123 
3649 1.602253 
3650 1.617869 
3651 1.686427 
3652 1.173277 
3653 0.993483 
3654 1.041565 
3655 -3.591854 
3656 -1.328599 
3657 -0.902757 
3658 -2.646270 
3659 -2.258069 
3660 -1.976664 
3661 -1.684985 
3662 -1.525038 
3663 -1.375806 
3664 -1.737936 
3665 -1.689564 
3666 -1.638501 
3667 -1.527846 
3668 -1.746138 
3669 -1.769240 
3670 -1.656457 
3671 -1.580745 
3672 1.667770 
3673 1.819187 
3674 1.516684 
3675 1.646677 
3676 1.597676 
3677 1.692288 
3678 1.671898 
3679 1.685381 
3680 2.071276 
3681 1.720275 
3682 2.033631 
3683 0.619388 
3684 1.677474 
3685 -0.874782 
3686 -0.897645 
3687 -3.729740 
3688 -1.478207 
3689 -1.858896 
3690 -1.689886 
3691 -1.522971 
3692 -1.690598 
3693 -1.618621 
3694 -1.722921 
3695 -1.529627 
3696 1.564554 
3697 1.567760 
3698 1.604181 
3699 1.675048 
3700 2.401121 
3701 1.816830 
3702 1.908460 
3703 0.478170 
3704 0.677937 
3705 -1.224102 
3706 -1.489339 
3707 -3.808586 
3708 -1.784252 
3709 -1.658407 
3710 -1.487703 
3711 -1.584608 
3712 -1.641232 
3713 -1.723936 
3714 -1.587057 
3715 -1.742251 
3716 -1.675218 
3717 -1.577905 
3718 -1.652835 
3719 -1.608099 
3720 1.526225 
3721 1.664431 
3722 1.565870 
3723 1.764315 
3724 1.436421 
3725 1.602912 
3726 1.690971 
3727 1.736085 
3728 1.824398 
3729 1.918396 
3730 1.837888 
3731 0.885856 
3732 2.965654 
3733 2.757708 
3734 -0.291443 
3735 -0.578790 
3736 -0.348230 
3737 -2.067445 
3738 -2.228022 
3739 -2.219475 
3740 -1.480808 
3741 -1.681205 
3742 -1.732948 
3743 -1.492301 
3744 -1.643490 
3745 -1.647105 
3746 -1.723081 
3747 -1.528343 
3748 -1.548903 
3749 -1.712772 
3750 -1.709704 
3751 -1.676187 
3752 -1.603103 
3753 -1.622542 
3754 -1.579240 
3755 -1.754856 
3756 -1.769182 
3757 1.483243 
3758 1.507127 
3759 1.763158 
3760 1.720755 
3761 1.453619 
3762 1.648082 
3763 1.683638 
3764 1.496109 
3765 1.671334 
3766 1.640456 
3767 1.505548 
3768 2.109212 
3769 2.218457 
3770 2.263124 
3771 0.427702 
3772 0.309556 
3773 0.118792 
3774 -2.818401 
3775 -2.782374 
3776 -1.341693 
3777 -1.898956 
3778 -1.696879 
3779 -1.850570 
3780 -1.670530 
3781 -1.672646 
3782 -1.700853 
3783 -1.599571 
3784 -1.631106 
3785 -1.594973 
3786 -1.737778 
3787 -1.681888 
3788 -1.576132 
3789 -1.701773 
3790 -1.701257 
3791 -1.570009 
3792 -1.890744 
3793 -1.661004 
3794 1.596715 
3795 1.629511 
3796 1.719410 
3797 1.611304 
3798 1.701293 
3799 1.552923 
3800 1.363811 
3801 1.605379 
3802 1.723568 
3803 1.680610 
3804 1.611036 
3805 1.832361 
3806 1.787479 
3807 1.767481 
3808 1.542472 
3809 1.246734 
3810 0.733820 
3811 -3.062814 
3812 -1.100533 
3813 -1.242948 
3814 -2.545811 
3815 -2.405253 
3816 -1.860817 
3817 -1.626489 
3818 -1.537241 
3819 -1.568903 
3820 -1.484310 
3821 -1.826919 
3822 -1.604944 
3823 -1.777890 
3824 -1.741586 
3825 -1.477558 
3826 -1.813776 
3827 -1.589253 
3828 -1.697475 
3829 -1.646971 
3830 -1.692788 
3831 1.536414 
3832 1.504813 
3833 1.700603 
3834 1.712154 
3835 1.700809 
3836 1.514038 
3837 1.619714 
3838 1.535231 
3839 1.767688 
3840 1.807466 
3841 1.756109 
3842 1.586317 
3843 1.611741 
3844 3.982598 
3845 1.041812 
3846 1.014131 
3847 0.277175 
3848 -1.268323 
3849 -1.063765 
3850 -1.365000 
3851 -3.679616 
3852 -1.629311 
3853 -1.725275 
3854 -1.576708 
3855 -1.745756 
3856 -1.757632 
3857 -1.646525 
3858 -1.586141 
3859 -1.607668 
3860 -1.599290 
3861 -1.666726 
3862 -1.635545 
3863 -1.707004 
3864 -1.702579 
3865 -1.590235 
3866 -1.598630 
3867 -1.602945 
3868 1.468702 
3869 1.686232 
3870 1.750638 
3871 1.602964 
3872 1.521929 
3873 1.636153 
3874 1.722886 
3875 1.525178 
3876 1.789470 
3877 1.754477 
3878 1.583927 
3879 1.480035 
3880 2.309428 
3881 3.035613 
3882 0.544004 
3883 0.668187 
3884 0.970938 
3885 -2.342332 
3886 -2.121946 
3887 -2.386771 
3888 -1.773327 
3889 -1.820920 
3890 -1.725524 
3891 -1.469800 
3892 -1.702646 
3893 -1.486628 
3894 -1.562104 
3895 -1.744340 
3896 -1.590325 
3897 -1.669621 
3898 -1.636914 
3899 -1.620401 
3900 -1.516539 
3901 -1.765791 
3902 -1.614231 
3903 -1.735120 
3904 -1.732603 
3905 1.604829 
3906 1.602857 
3907 1.740092 
3908 1.609841 
3909 1.608872 
3910 1.678445 
3911 1.658836 
3912 1.543192 
3913 1.653250 
3914 1.699551 
3915 1.581182 
3916 2.032098 
3917 2.065735 
3918 2.339272 
3919 0.630219 
3920 1.156241 
3921 0.773267 
3922 -2.657030 
3923 -2.394809 
3924 -0.947040 
3925 -1.912373 
3926 -1.927995 
3927 -2.325437 
3928 -1.567748 
3929 -1.545752 
3930 -1.647748 
3931 -1.708973 
3932 -1.750149 
3933 -1.599171 
3934 -1.571833 
3935 -1.799411 
3936 -1.649146 
3937 -1.659356 
3938 -1.597768 
3939 -1.672933 
3940 -1.784920 
3941 -1.726435 
3942 1.522447 
3943 1.518821 
3944 1.708652 
3945 1.661385 
3946 1.628955 
3947 1.670356 
3948 1.508499 
3949 1.506123 
3950 1.673389 
3951 1.713900 
3952 1.470523 
3953 1.847957 
3954 1.836827 
3955 1.676161 
3956 1.585751 
3957 1.444568 
3958 1.341188 
3959 -2.772810 
3960 -1.213326 
3961 -0.785131 
3962 -2.543403 
3963 -2.433980 
3964 -1.798208 
3965 -1.631043 
3966 -1.491938 
3967 -1.517721 
3968 -1.621530 
3969 -1.700987 
3970 -1.566717 
3971 -1.745454 
3972 -1.596170 
3973 -1.670910 
3974 -1.578067 
3975 -1.648900 
3976 -1.737627 
3977 -1.688312 
3978 -1.715170 
3979 1.487591 
3980 1.631764 
3981 1.675137 
3982 1.555425 
3983 1.732936 
3984 1.718359 
3985 1.660172 
3986 1.506981 
3987 1.660187 
3988 1.681855 
3989 1.545552 
3990 1.629026 
3991 1.656877 
3992 3.629072 
3993 1.160271 
3994 1.177210 
3995 1.092282 
3996 -1.195609 
3997 -1.232242 
3998 -1.104460 
3999 -4.021988 
4000 -1.711905 
4001 -1.701028 
4002 -1.696427 
4003 -1.614870 
4004 -1.746324 
4005 -1.645292 
4006 -1.697315 
4007 -1.554367 
4008 -1.624860 
4009 -1.602240 
4010 -1.586679 
4011 -1.694803 
4012 -1.764866 
4013 -1.688934 
4014 -1.537621 
4015 -1.638875 
4016 1.534060 
4017 1.630615 
4018 1.756385 
4019 1.709350 
4020 1.536225 
4021 1.701250 
4022 1.618381 
4023 1.670351 
4024 1.529766 
4025 1.463840 
4026 1.561680 
4027 1.926429 
4028 2.277508 
4029 2.172647 
4030 1.258711 
4031 1.258110 
4032 3.489809 
4033 -0.791919 
4034 -0.845916 
4035 -1.007507 
4036 -1.701853 
4037 -1.823305 
4038 -1.739939 
4039 -1.758933 
4040 -1.683470 
4041 -1.684197 
4042 -1.523557 
4043 -1.605037 
4044 -1.562171 
4045 -1.663756 
4046 -1.586817 
4047 -1.762715 
4048 -1.690772 
4049 -1.690222 
4050 -1.568211 
4051 -1.659130 
4052 -1.621886 
4053 1.543176 
4054 1.513756 
4055 1.850062 
4056 1.631400 
4057 1.682584 
4058 1.740499 
4059 1.536993 
4060 1.566669 
4061 1.766450 
4062 1.565432 
4063 1.672770 
4064 1.614426 
4065 1.796155 
4066 1.844603 
4067 1.245220 
4068 2.674669 
4069 3.024123 
4070 0.130536 
4071 0.131838 
4072 -0.190950 
4073 -2.398831 
4074 -2.405670 
4075 -2.244898 
4076 -1.493448 
4077 -1.687780 
4078 -1.718348 
4079 -1.485139 
4080 -1.706383 
4081 -1.763205 
4082 -1.619180 
4083 -1.528057 
4084 -1.583158 
4085 -1.715851 
4086 -1.663361 
4087 -1.660695 
4088 -1.665737 
4089 -1.770388 
4090 1.569293 
4091 1.508629 
4092 1.593966 
4093 1.678048 
4094 1.659633 
4095 1.660070 
4096 1.581736 
4097 1.682364 
4098 1.564476 
4099 1.696158 
4100 1.377540 
4101 1.533276 
4102 1.641998 
4103 1.783850 
4104 2.150796 
4105 2.063694 
4106 2.355432 
4107 0.452600 
4108 0.722927 
4109 0.755416 
4110 -2.805213 
4111 -3.076820 
4112 -0.759052 
4113 -1.944819 
4114 -1.795582 
4115 -2.214189 
4116 -1.770692 
4117 -1.724266 
4118 -1.496281 
4119 -1.556391 
4120 -1.829503 
4121 -1.617884 
4122 -1.663894 
4123 -1.676713 
4124 -1.657003 
4125 -1.685191 
4126 -1.593774 
4127 1.651444 
4128 1.590709 
4129 1.631536 
4130 1.552329 
4131 1.864254 
4132 1.694576 
4133 1.452991 
4134 1.768422 
4135 1.598717 
4136 2.551553 
4137 2.383010 
4138 0.942851 
4139 1.039658 
4140 -0.713328 
4141 -0.735823 
4142 -2.537712 
4143 -2.918833 
4144 -1.768790 
4145 -1.686396 
4146 -1.531070 
4147 -1.522136 
4148 -1.681188 
4149 -1.701428 
4150 -1.754629 
4151 1.549620 
4152 1.525284 
4153 1.388532 
4154 1.511086 
4155 1.973921 
4156 1.307415 
4157 -0.737500 
4158 -2.128619 
4159 -2.857771 
4160 -1.826831 
4161 -1.784673 
4162 -1.583663 
4163 -1.579178 
4164 1.753802 
4165 1.695312 
4166 1.692371 
4167 1.619067 
4168 3.626623 
4169 1.465578 
4170 -0.020870 
4171 -1.134059 
4172 -1.637465 
4173 -1.713605 
4174 -1.643570 
4175 -1.631759 
4176 -1.658249 
4177 1.848240 
4178 1.528454 
4179 1.564133 
4180 1.974515 
4181 2.250031 
4182 1.968998 
4183 0.319947 
4184 -0.572176 
4185 -1.532765 
4186 -2.447275 
4187 -1.993566 
4188 -1.834018 
4189 -1.549327 
4190 1.772705 
4191 1.546767 
4192 1.386647 
4193 1.491976 
4194 2.067961 
4195 1.618509 
4196 0.572398 
4197 -0.460204 
4198 -1.731921 
4199 -3.734349 
4200 -1.761443 
4201 -1.567329 
4202 -1.457332 
4203 1.825261 
4204 1.502165 
4205 1.480192 
4206 1.922577 
4207 1.611697 
4208 2.896251 
4209 0.740635 
4210 -0.619134 
4211 -3.045756 
4212 -1.688548 
4213 -1.636880 
4214 -1.658595 
4215 -1.732598 
4216 1.746922 
4217 1.616517 
4218 1.703084 
4219 1.595633 
4220 4.052555 
4221 1.392332 
4222 -0.002476 
4223 -0.795201 
4224 -1.671760 
4225 -1.882260 
4226 -1.471918 
4227 -1.598506 
4228 -1.529620 
4229 1.712988 
4230 1.598269 
4231 1.663026 
4232 2.823605 
4233 2.514756 
4234 0.904197 
4235 -0.207918 
4236 -1.065771 
4237 -2.147115 
4238 -1.804910 
4239 -1.767180 
4240 -1.765801 
4241 -1.485093 
4242 1.829636 
4243 1.600572 
4244 1.849109 
4245 2.193151 
4246 1.819064 
4247 0.882894 
4248 -0.250112 
4249 -1.259545 
4250 -2.481896 
4251 -2.333907 
4252 -1.741614 
4253 -1.628086 
4254 -1.436895 
4255 1.734915 
4256 1.759655 
4257 1.674272 
4258 1.515484 
4259 1.527527 
4260 1.089209 
4261 -0.847743 
4262 -1.908375 
4263 -3.217848 
4264 -1.748221 
4265 -1.678613 
4266 -1.804939 
4267 -1.547633 
4268 1.674062 
4269 1.508146 
4270 1.562457 
4271 1.797680 
4272 2.712651 
4273 1.557595 
4274 -0.528294 
4275 -2.300038 
4276 -1.890118 
4277 -1.470209 
4278 -1.389028 
4279 -1.583264 
4280 -1.720871 
4281 1.682947 
4282 1.503038 
4283 1.759786 
4284 2.157681 
4285 2.655337 
4286 1.383098 
4287 -0.191335 
4288 -1.166461 
4289 -1.926109 
4290 -1.862774 
4291 -1.733781 
4292 -1.738174 
4293 -1.907994 
4294 1.473491 
4295 1.613029 
4296 1.753852 
4297 1.765733 
4298 1.804306 
4299 1.425430 
4300 0.131909 
4301 -0.905147 
4302 -2.570962 
4303 -2.614013 
4304 -1.723009 
4305 -1.665906 
4306 -1.831929 
4307 1.610019 
4308 1.495903 
4309 1.692228 
4310 1.687844 
4311 1.780294 
4312 2.349823 
4313 0.969710 
4314 -0.797905 
4315 -2.785204 
4316 -1.930524 
4317 -1.614938 
4318 -1.479675 
4319 -1.459572 
4320 1.596473 
4321 1.568749 
4322 1.629057 
4323 1.758272 
4324 2.526893 
4325 0.587943 
4326 -1.212628 
4327 -2.722354 
4328 -1.634417 
4329 -1.682417 
4330 -1.635273 
4331 -1.608080 
4332 -1.706143 
4333 1.776102 
4334 1.617224 
4335 1.534514 
4336 2.702106 
4337 2.518964 
4338 0.979111 
4339 -0.358793 
4340 -1.278363 
4341 -2.205029 
4342 -1.716931 
4343 -1.595536 
4344 -1.871909 
4345 -1.594782 
4346 1.620013 
4347 1.510657 
4348 1.719641 
4349 1.864835 
4350 1.820372 
4351 1.275422 
4352 -0.383535 
4353 -1.278985 
4354 -2.506815 
4355 -2.231622 
4356 -1.643665 
4357 -1.885493 
4358 -1.670719 
4359 1.469414 
4360 1.385714 
4361 1.572599 
4362 1.636485 
4363 1.925950 
4364 2.199964 
4365 0.078321 
4366 -1.146407 
4367 -2.876946 
4368 -1.843841 
4369 -1.510998 
4370 -1.642933 
4371 -1.617937 
4372 1.781217 
4373 1.561701 
4374 1.539436 
4375 1.760419 
4376 3.365438 
4377 1.938371 
4378 0.102141 
4379 -0.884885 
4380 -1.639005 
4381 -1.692525 
4382 -1.444317 
4383 -1.622589 
4384 -1.779916 
4385 1.634827 
4386 1.496677 
4387 1.741270 
4388 2.239652 
4389 2.418737 
4390 1.385859 
4391 -0.103695 
4392 -0.861361 
4393 -1.983896 
4394 -2.078027 
4395 -1.823441 
4396 -1.769106 
4397 -1.698282 
4398 1.522806 
4399 1.582129 
4400 1.771630 
4401 1.926931 
4402 1.717612 
4403 1.149026 
4404 -0.350261 
4405 -1.222148 
4406 -2.604963 
4407 -2.303538 
4408 -1.636922 
4409 -1.731201 
4410 -1.578892 
4411 1.638826 
4412 1.625185 
4413 1.562273 
4414 1.455672 
4415 1.794565 
4416 1.314580 
4417 -0.083999 
4418 -1.530602 
4419 -3.618933 
4420 -1.880027 
4421 -1.857678 
4422 -1.565282 
4423 -1.449437 
4424 1.617802 
4425 1.670553 
4426 1.634936 
4427 1.745243 
4428 3.362455 
4429 1.552727 
4430 -0.130145 
4431 -1.932674 
4432 -1.969354 
4433 -1.546436 
4434 -1.478632 
4435 -1.578791 
4436 -1.587030 
4437 1.805409 
4438 1.595859 
4439 1.690467 
4440 2.433131 
4441 2.598149 
4442 1.126118 
4443 -0.193618 
4444 -1.268360 
4445 -2.248859 
4446 -1.775271 
4447 -1.599285 
4448 -1.713328 
4449 -1.628527 
4450 1.719849 
4451 1.729830 
4452 1.824835 
4453 1.883921 
4454 1.724412 
4455 1.261157 
4456 0.006233 
4457 -1.098915 
4458 -2.686964 
4459 -2.485483 
4460 -1.588255 
4461 -1.674972 
4462 -1.874703 
4463 1.412111 
4464 1.544879 
4465 1.593779 
4466 1.594532 
4467 1.750183 
4468 2.044660 
4469 0.243495 
4470 -0.955935 
4471 -3.075408 
4472 -1.690294 
4473 -1.477457 
4474 -1.667612 
4475 -1.681597 
4476 1.560996 
4477 1.489743 
4478 1.858277 
4479 1.757530 
4480 2.430644 
4481 2.408075 
4482 0.939241 
4483 -0.620090 
4484 -1.711427 
4485 -1.586492 
4486 -1.657958 
4487 -1.701729 
4488 -1.775749 
4489 1.585555 
4490 1.576314 
4491 1.732783 
4492 3.139829 
4493 1.893197 
4494 0.119290 
4495 -1.081700 
4496 -1.767236 
4497 -1.641478 
4498 -1.613063 
4499 -1.551222 
4500 -1.701553 
4501 -1.826736 
4502 1.583211 
4503 1.644463 
4504 1.961824 
4505 2.108279 
4506 1.643640 
4507 0.823282 
4508 -0.649617 
4509 -1.880768 
4510 -2.338321 
4511 -1.985623 
4512 -1.699293 
4513 -1.750022 
4514 -1.748888 
4515 1.435045 
4516 1.379964 
4517 1.841546 
4518 1.583814 
4519 1.713345 
4520 1.328115 
4521 -0.431870 
4522 -1.891910 
4523 -3.146456 
4524 -1.711214 
4525 -1.668580 
4526 -1.727518 
4527 -1.636870 
4528 1.715531 
4529 1.375101 
4530 1.652586 
4531 1.716581 
4532 3.149050 
4533 1.656749 
4534 -0.440452 
4535 -1.601401 
4536 -1.903453 
4537 -1.633200 
4538 -1.481182 
4539 -1.626167 
4540 -1.650100 
4541 1.860393 
4542 1.432845 
4543 1.574605 
4544 2.452034 
4545 2.549175 
4546 1.159029 
4547 -0.170314 
4548 -1.192221 
4549 -1.956289 
4550 -2.124839 
4551 -1.528363 
4552 -1.732553 
4553 -1.667695 
4554 1.665125 
4555 1.714016 
4556 2.019179 
4557 1.983411 
4558 1.935908 
4559 0.673607 
4560 -0.102186 
4561 -1.232646 
4562 -2.384044 
4563 -2.602728 
4564 -1.726417 
4565 -1.716376 
4566 -1.660260 
4567 1.598829 
4568 1.759895 
4569 1.689387 
4570 1.621717 
4571 1.659689 
4572 0.754833 
4573 -0.314445 
4574 -1.852405 
4575 -3.534807 
4576 -1.742007 
4577 -1.725441 
4578 -1.765220 
4579 -1.551368 
4580 1.459056 
4581 1.685661 
4582 1.609118 
4583 1.796044 
4584 2.838797 
4585 0.988402 
4586 -0.535870 
4587 -2.540807 
4588 -1.829622 
4589 -1.677569 
4590 -1.524687 
4591 -1.447975 
4592 -1.788156 
4593 1.596283 
4594 1.606024 
4595 1.625790 
4596 2.544942 
4597 2.544674 
4598 1.004088 
4599 -0.247948 
4600 -1.395264 
4601 -1.870405 
4602 -1.790929 
4603 -1.746289 
4604 -1.739068 
4605 -1.653847 
4606 1.670714 
4607 1.758103 
4608 1.948372 
4609 1.845845 
4610 1.862426 
4611 1.040022 
4612 -0.140702 
4613 -1.495514 
4614 -2.412082 
4615 -2.260874 
4616 -1.861620 
4617 -1.552125 
4618 -1.655518 
4619 1.632325 
4620 1.618749 
4621 1.470195 
4622 1.672797 
4623 1.852735 
4624 1.646409 
4625 -0.320398 
4626 -1.665066 
4627 -3.167964 
4628 -1.717733 
4629 -1.656009 
4630 -1.558631 
4631 -1.715465 
4632 1.541951 
4633 1.662053 
4634 1.602540 
4635 1.758712 
4636 3.028251 
4637 2.222103 
4638 0.466325 
4639 -1.207728 
4640 -1.843169 
4641 -1.682765 
4642 -1.472959 
4643 -1.564066 
4644 -1.783376 
4645 1.546736 
4646 1.587733 
4647 1.657265 
4648 1.761674 
4649 1.981889 
4650 1.866687 
4651 0.930409 
4652 -0.856552 
4653 -1.955453 
4654 -2.075889 
4655 -1.883747 
4656 -1.634102 
4657 -1.631974 
4658 1.632378 
4659 1.677631 
4660 2.430018 
4661 2.300468 
4662 1.332735 
4663 -0.577500 
4664 -1.470897 
4665 -1.642011 
4666 -1.802595 
4667 -1.681368 
4668 -1.613905 
4669 -1.684632 
4670 -1.685077 
4671 1.545388 
4672 1.471780 
4673 1.752774 
4674 2.196432 
4675 1.432526 
4676 0.023851 
4677 -0.898416 
4678 -2.578319 
4679 -2.575940 
4680 -1.666580 
4681 -1.611758 
4682 -1.574605 
4683 -1.816521 
4684 1.528967 
4685 1.617422 
4686 1.655354 
4687 1.784198 
4688 2.776729 
4689 0.874038 
4690 -0.805917 
4691 -2.535285 
4692 -1.817052 
4693 -1.557633 
4694 -1.694711 
4695 -1.570639 
4696 -1.664338 
4697 1.760928 
4698 1.496545 
4699 1.688597 
4700 2.833834 
4701 2.386757 
4702 0.723876 
4703 -0.603149 
4704 -1.368480 
4705 -1.594734 
4706 -2.181748 
4707 -1.579021 
4708 -1.761667 
4709 -1.681806 
4710 1.660568 
4711 1.566685 
4712 1.842824 
4713 2.127937 
4714 1.907454 
4715 0.682518 
4716 -0.331960 
4717 -1.472016 
4718 -2.391765 
4719 -2.189697 
4720 -1.758393 
4721 -1.757014 
4722 -1.771634 
4723 1.447888 
4724 1.685630 
4725 1.623551 
4726 1.844648 
4727 1.479848 
4728 0.789933 
4729 -0.283075 
4730 -1.770373 
4731 -3.477983 
4732 -1.616840 
4733 -1.949769 
4734 -1.632122 
4735 -1.559776 
4736 1.413058 
4737 1.565689 
4738 1.826276 
4739 1.757365 
4740 2.595696 
4741 0.612031 
4742 -0.814410 
4743 -2.834263 
4744 -1.852600 
4745 -1.538196 
4746 -1.624539 
4747 -1.492405 
4748 -1.628014 
4749 1.594095 
4750 1.597734 
4751 1.877136 
4752 3.139583 
4753 2.203494 
4754 0.417995 
4755 -1.040512 
4756 -1.662057 
4757 -1.736164 
4758 -1.654239 
4759 -1.559388 
4760 -1.500058 
4761 -1.736078 
4762 1.615939 
4763 1.743804 
4764 2.086695 
4765 2.083101 
4766 1.766866 
4767 0.406963 
4768 -0.874737 
4769 -2.049977 
4770 -2.006638 
4771 -1.764465 
4772 -1.722737 
4773 -1.724913 
4774 -1.680869 
4775 1.470210 
4776 1.414135 
4777 1.690762 
4778 1.634680 
4779 1.761239 
4780 1.246727 
4781 -0.439560 
4782 -2.323730 
4783 -2.704513 
4784 -1.661535 
4785 -1.658652 
4786 -1.659083 
4787 -1.705202 
4788 1.634866 
4789 1.666049 
4790 1.630425 
4791 1.714176 
4792 2.842726 
4793 2.005029 
4794 0.012559 
4795 -1.681862 
4796 -1.840092 
4797 -1.561308 
4798 -1.495281 
4799 -1.586618 
4800 -1.773294 
4801 1.673851 
4802 1.621447 
4803 1.676126 
4804 2.254608 
4805 2.278752 
4806 1.665578 
4807 0.274688 
4808 -0.750855 
4809 -1.965839 
4810 -2.026584 
4811 -2.033228 
4812 -1.721224 
4813 -1.642964 
4814 1.674092 
4815 1.656850 
4816 1.456484 
4817 1.672841 
4818 1.716886 
4819 1.659043 
4820 1.049704 
4821 -0.370969 
4822 -2.024233 
4823 -3.216704 
4824 -1.977160 
4825 -1.808455 
4826 -1.395714 
4827 1.479409 
4828 2.084988 
4829 2.264292 
4830 1.604370 
4831 0.315031 
4832 -0.847440 
4833 -2.008739 
4834 -1.978363 
4835 -1.844375 
4836 -1.558225 
4837 -1.639004 
4838 -1.730359 
4839 -1.839862 
4840 1.470149 
4841 1.563331 
4842 1.930749 
4843 1.650607 
4844 1.105555 
4845 -0.214874 
4846 -1.786685 
4847 -3.343751 
4848 -1.886693 
4849 -1.480599 
4850 -1.572223 
4851 -1.790317 
4852 -1.940327 
4853 1.541063 
4854 1.571250 
4855 1.593028 
4856 2.955212 
4857 2.292461 
4858 0.151632 
4859 -1.380151 
4860 -1.737347 
4861 -1.652513 
4862 -1.665377 
4863 -1.598176 
4864 -1.659762 
4865 -1.530156 
4866 1.776129 
4867 1.612731 
4868 2.005413 
4869 2.241085 
4870 1.813029 
4871 0.400307 
4872 -0.830438 
4873 -1.895367 
4874 -2.024013 
4875 -1.971832 
4876 -1.693207 
4877 -1.751152 
4878 -1.639813 
4879 1.461653 
4880 1.587951 
4881 1.633083 
4882 1.816343 
4883 1.562554 
4884 0.190887 
4885 -1.161309 
4886 -2.566005 
4887 -2.442923 
4888 -1.640121 
4889 -1.603191 
4890 -1.668734 
4891 -1.702683 
4892 1.499763 
4893 1.681939 
4894 1.667291 
4895 1.721825 
4896 2.327945 
4897 0.637971 
4898 -0.992085 
4899 -2.610672 
4900 -1.865216 
4901 -1.547780 
4902 -1.637815 
4903 -1.500484 
4904 -1.696815 
4905 1.576222 
4906 1.591839 
4907 1.664075 
4908 2.644608 
4909 2.399473 
4910 0.570810 
4911 -0.734010 
4912 -1.744293 
4913 -1.716732 
4914 -1.528739 
4915 -1.485669 
4916 -1.687920 
4917 -1.670463 
4918 1.505928 
4919 1.563830 
4920 2.004301 
4921 2.011814 
4922 1.893231 
4923 0.522564 
4924 -0.566287 
4925 -2.175927 
4926 -1.921464 
4927 -1.877884 
4928 -1.996762 
4929 -1.688246 
4930 -1.551694 
4931 1.449026 
4932 1.544260 
4933 1.753137 
4934 1.876584 
4935 1.449803 
4936 0.656153 
4937 -0.654715 
4938 -2.787718 
4939 -2.547391 
4940 -1.610649 
4941 -1.626231 
4942 -1.698946 
4943 -1.785519 
4944 1.535173 
4945 1.595469 
4946 1.592380 
4947 1.758000 
4948 2.536037 
4949 1.388918 
4950 -0.516654 
4951 -2.261244 
4952 -1.574833 
4953 -1.680901 
4954 -1.669743 
4955 -1.755105 
4956 -1.558145 
4957 1.807377 
4958 1.561398 
4959 1.735561 
4960 2.189748 
4961 2.746122 
4962 1.290622 
4963 -0.265463 
4964 -1.320027 
4965 -1.859578 
4966 -1.757627 
4967 -1.802687 
4968 -1.681537 
4969 -1.611260 
4970 1.802438 
4971 1.514441 
4972 1.702126 
4973 1.700787 
4974 1.876826 
4975 1.441589 
4976 0.294873 
4977 -0.957708 
4978 -2.666010 
4979 -2.390774 
4980 -1.614527 
4981 -1.790846 
4982 -1.439817 
4983 1.752244 
4984 1.676754 
4985 1.616104 
4986 1.420521 
4987 1.699637 
4988 2.298209 
4989 0.971172 
4990 -0.833883 
4991 -2.701161 
4992 -1.803258 
4993 -1.569162 
4994 -1.620896 
4995 -1.578000 
4996 1.628375 
4997 1.678206 
4998 1.889744 
4999 1.471861 
5000 0.651992 
5001 -1.110630 
5002 -2.522139 
5003 -2.463823 
5004 -1.714106 
5005 -1.663250 
5006 -1.476775 
5007 -1.756871 
5008 -1.504365 
5009 1.750852 
5010 1.554717 
5011 1.703514 
5012 2.641353 
5013 1.308950 
5014 -0.580054 
5015 -2.356504 
5016 -1.766991 
5017 -1.602006 
5018 -1.571864 
5019 -1.704310 
5020 -1.565292 
5021 -1.795762 
5022 1.586773 
5023 1.692784 
5024 1.977382 
5025 2.443413 
5026 1.643305 
5027 -0.063103 
5028 -1.166202 
5029 -1.922275 
5030 -1.853932 
5031 -1.663728 
5032 -1.626870 
5033 -1.650395 
5034 -1.756924 
5035 1.600638 
5036 1.595656 
5037 1.734497 
5038 1.608290 
5039 1.564647 
5040 0.373237 
5041 -1.017323 
5042 -2.329638 
5043 -2.714489 
5044 -1.599545 
5045 -1.692744 
5046 -1.634508 
5047 -1.672480 
5048 1.429325 
5049 1.546699 
5050 1.652495 
5051 1.958175 
5052 2.430212 
5053 0.315588 
5054 -1.134751 
5055 -2.957426 
5056 -1.736300 
5057 -1.648788 
5058 -1.612538 
5059 -1.596525 
5060 -1.506758 
5061 1.689562 
5062 1.604316 
5063 1.766350 
5064 3.211450 
5065 2.181098 
5066 0.175959 
5067 -0.967339 
5068 -1.647385 
5069 -1.705830 
5070 -1.645794 
5071 -1.658713 
5072 -1.745181 
5073 -1.753602 
5074 1.523685 
5075 1.626043 
5076 2.246147 
5077 2.235261 
5078 1.584771 
5079 0.210985 
5080 -0.793463 
5081 -2.048255 
5082 -2.158504 
5083 -1.763162 
5084 -1.612082 
5085 -1.818662 
5086 -1.659792 
5087 1.636230 
5088 1.538857 
5089 1.796975 
5090 1.746620 
5091 1.517186 
5092 0.369535 
5093 -0.814100 
5094 -2.756477 
5095 -2.409115 
5096 -1.618264 
5097 -1.738985 
5098 -1.614674 
5099 -1.658952 
5100 1.534138 
5101 1.479034 
5102 1.809299 
5103 1.736033 
5104 2.378544 
5105 0.834089 
5106 -0.882028 
5107 -2.736949 
5108 -1.887906 
5109 -1.553253 
5110 -1.612290 
5111 -1.587900 
5112 -1.696933 
5113 1.631631 
5114 1.605720 
5115 1.675892 
5116 2.685655 
5117 2.412457 
5118 1.029501 
5119 -0.423484 
5120 -1.710827 
5121 -1.592322 
5122 -1.587958 
5123 -1.715325 
5124 -1.880520 
5125 -1.635610 
5126 1.443864 
5127 1.636434 
5128 1.568620 
5129 1.858747 
5130 2.001489 
5131 1.228869 
5132 -0.150866 
5133 -1.542220 
5134 -2.269811 
5135 -2.506635 
5136 -1.720904 
5137 -1.664722 
5138 -1.726895 
5139 1.535736 
5140 1.708647 
5141 1.429870 
5142 1.586588 
5143 1.757817 
5144 2.000877 
5145 0.263895 
5146 -1.160433 
5147 -3.050066 
5148 -1.707209 
5149 -1.676570 
5150 -1.676058 
5151 -1.571436 
5152 1.426359 
5153 1.831544 
5154 1.542052 
5155 1.789984 
5156 2.436375 
5157 2.303828 
5158 1.067728 
5159 -0.739389 
5160 -1.632915 
5161 -1.630089 
5162 -1.667392 
5163 -1.677122 
5164 -1.455663 
5165 1.160694 
5166 1.495869 
5167 2.174968 
5168 2.747179 
5169 1.120388 
5170 -0.469426 
5171 -2.328196 
5172 -1.751785 
5173 -1.630514 
5174 -1.642647 
5175 -1.463143 
5176 -1.621133 
5177 -1.563471 
5178 1.540075 
5179 1.918007 
5180 2.379114 
5181 2.253870 
5182 1.129326 
5183 -0.135435 
5184 -1.572606 
5185 -1.738537 
5186 -1.617229 
5187 -1.663484 
5188 -1.577131 
5189 -1.682465 
5190 -1.615385 
5191 1.817583 
5192 1.715644 
5193 1.967202 
5194 1.793074 
5195 0.986964 
5196 0.036951 
5197 -1.323775 
5198 -2.095256 
5199 -2.524117 
5200 -1.693099 
5201 -1.688685 
5202 -1.554349 
5203 -1.610982 
5204 1.494780 
5205 1.589073 
5206 1.706906 
5207 1.726762 
5208 1.784341 
5209 0.165079 
5210 -1.394842 
5211 -3.182322 
5212 -1.848117 
5213 -1.697668 
5214 -1.592184 
5215 -1.560611 
5216 -1.720728 
5217 1.247669 
5218 1.568018 
5219 1.907782 
5220 3.162190 
5221 1.498176 
5222 -0.245304 
5223 -1.687130 
5224 -1.793819 
5225 -1.514887 
5226 -1.716690 
5227 -1.544020 
5228 -1.664189 
5229 -1.661308 
5230 1.538194 
5231 1.805486 
5232 2.580812 
5233 2.083132 
5234 1.050831 
5235 -0.191477 
5236 -0.933586 
5237 -1.703912 
5238 -1.958446 
5239 -1.882888 
5240 -2.004544 
5241 -1.724939 
5242 -1.586893 
5243 1.549421 
5244 1.596106 
5245 2.150707 
5246 1.616148 
5247 1.184057 
5248 -0.124776 
5249 -1.202591 
5250 -2.203330 
5251 -2.552937 
5252 -1.895348 
5253 -1.636394 
5254 -1.555964 
5255 -1.505656 
5256 1.335234 
5257 1.618090 
5258 1.705672 
5259 1.753820 
5260 1.711482 
5261 0.055723 
5262 -1.493549 
5263 -3.145517 
5264 -2.064933 
5265 -1.541714 
5266 -1.583109 
5267 -1.410842 
5268 -1.466393 
5269 1.643196 
5270 1.467594 
5271 1.978969 
5272 2.983077 
5273 1.934765 
5274 0.737659 
5275 -0.764221 
5276 -1.673423 
5277 -1.840432 
5278 -1.601849 
5279 -1.470773 
5280 -1.767493 
5281 -1.521856 
5282 1.607597 
5283 1.821772 
5284 2.085995 
5285 2.043442 
5286 1.439126 
5287 0.761015 
5288 -0.354431 
5289 -1.482124 
5290 -2.279056 
5291 -2.170836 
5292 -1.688173 
5293 -1.780397 
5294 -1.728473 
5295 1.491967 
5296 1.506520 
5297 1.569969 
5298 1.584744 
5299 1.831081 
5300 1.043935 
5301 -0.601542 
5302 -1.972473 
5303 -2.981498 
5304 -1.732969 
5305 -1.569437 
5306 -1.444383 
5307 -1.755620 
5308 1.542314 
5309 1.674670 
5310 1.594974 
5311 1.688567 
5312 3.550267 
5313 1.627869 
5314 0.169435 
5315 -1.135712 
5316 -1.333230 
5317 -1.755013 
5318 -1.882021 
5319 -1.661430 
5320 -1.803140 
5321 1.516558 
5322 1.746891 
5323 1.637351 
5324 2.256893 
5325 2.011086 
5326 1.429192 
5327 0.702341 
5328 -0.271065 
5329 -1.224877 
5330 -1.946422 
5331 -2.707855 
5332 -2.010800 
5333 -1.646134 
5334 1.403318 
5335 1.635015 
5336 3.091667 
5337 1.865241 
5338 0.185388 
5339 -0.829771 
5340 -1.195162 
5341 -1.604263 
5342 -1.903541 
5343 -1.897780 
5344 -1.935800 
5345 -1.681666 
5346 -1.625166 
5347 1.494830 
5348 2.083840 
5349 2.278141 
5350 1.592024 
5351 0.330852 
5352 -0.426984 
5353 -1.419165 
5354 -2.215170 
5355 -2.147415 
5356 -1.717880 
5357 -1.641901 
5358 -1.724997 
5359 -1.590023 
5360 1.548166 
5361 1.713917 
5362 1.808434 
5363 1.473367 
5364 0.581402 
5365 -0.387712 
5366 -1.720545 
5367 -3.430876 
5368 -1.712814 
5369 -1.655297 
5370 -1.609747 
5371 -1.680833 
5372 -1.722401 
5373 1.419847 
5374 1.833285 
5375 1.804655 
5376 2.563455 
5377 1.227389 
5378 -0.647242 
5379 -2.711757 
5380 -1.970728 
5381 -1.502126 
5382 -1.386268 
5383 -1.553802 
5384 -1.664087 
5385 -1.637336 
5386 1.445375 
5387 1.865239 
5388 2.480695 
5389 2.417662 
5390 0.867510 
5391 -0.396574 
5392 -1.439992 
5393 -1.901906 
5394 -1.631303 
5395 -1.817506 
5396 -1.620800 
5397 -1.690465 
5398 -1.874328 
5399 1.463478 
5400 1.713228 
5401 1.899655 
5402 1.880513 
5403 1.061805 
5404 -0.167850 
5405 -1.325752 
5406 -2.247122 
5407 -2.516090 
5408 -1.792791 
5409 -1.625275 
5410 -1.582021 
5411 -1.515984 
5412 1.374274 
5413 1.704014 
5414 1.644298 
5415 1.753255 
5416 1.594479 
5417 -0.110109 
5418 -1.337318 
5419 -3.097118 
5420 -1.738110 
5421 -1.490134 
5422 -1.722891 
5423 -1.587047 
5424 -1.866174 
5425 1.351960 
5426 1.496565 
5427 1.855857 
5428 2.957504 
5429 1.991898 
5430 0.162853 
5431 -1.058604 
5432 -1.871521 
5433 -1.671632 
5434 -1.424303 
5435 -1.445391 
5436 -1.624341 
5437 -1.893285 
5438 1.531580 
5439 1.573418 
5440 1.961915 
5441 2.336497 
5442 1.525268 
5443 0.408490 
5444 -0.651311 
5445 -1.733086 
5446 -2.057384 
5447 -2.126225 
5448 -1.680293 
5449 -1.647058 
5450 -1.690498 
5451 1.655979 
5452 1.593520 
5453 1.605728 
5454 1.843969 
5455 1.455643 
5456 1.104612 
5457 -0.338773 
5458 -1.743772 
5459 -3.287020 
5460 -1.837262 
5461 -1.592932 
5462 -1.560639 
5463 -1.624286 
5464 1.636938 
5465 1.543624 
5466 1.599043 
5467 1.618591 
5468 3.045848 
5469 1.954547 
5470 0.184184 
5471 -1.329767 
5472 -2.337919 
5473 -1.411630 
5474 -1.378146 
5475 -1.344047 
5476 -1.712596 
5477 1.658665 
5478 1.523731 
5479 1.714418 
5480 1.966926 
5481 2.131626 
5482 1.573731 
5483 0.632464 
5484 -0.591158 
5485 -1.653217 
5486 -2.405308 
5487 -1.861510 
5488 -1.700647 
5489 -1.823512 
5490 1.473028 
5491 1.669727 
5492 1.412140 
5493 1.912214 
5494 1.596555 
5495 1.446839 
5496 1.220265 
5497 0.234507 
5498 -1.356205 
5499 -3.366017 
5500 -1.915770 
5501 -1.643460 
5502 -1.406612 
5503 1.332186 
5504 1.567157 
5505 1.590534 
5506 1.532884 
5507 1.762768 
5508 2.636318 
5509 1.832294 
5510 1.769795 
5511 0.367733 
5512 0.376550 
5513 -1.672633 
5514 -1.663970 
5515 -3.092129 
5516 -1.736424 
5517 -1.595335 
5518 -1.591512 
5519 -1.599912 
5520 -1.640501 
5521 -1.689222 
5522 -1.582806 
5523 -1.746033 
5524 -1.470696 
5525 -1.733744 
5526 -1.686995 
5527 -1.656979 
5528 -1.621130 
5529 1.688590 
5530 1.457719 
5531 2.019462 
5532 1.385514 
5533 1.531241 
5534 1.832520 
5535 1.808630 
5536 1.530346 
5537 1.906573 
5538 1.568670 
5539 1.678018 
5540 2.380709 
5541 2.124947 
5542 1.989850 
5543 -1.989438 
5544 -0.646178 
5545 -0.626680 
5546 -2.675140 
5547 -2.724739 
5548 -1.695468 
5549 -2.012273 
5550 -1.429580 
5551 -1.431899 
5552 -1.830918 
5553 -1.555209 
5554 -1.553018 
5555 -1.684236 
5556 -1.546796 
5557 -1.673173 
5558 -1.660048 
5559 -1.748523 
5560 -1.688422 
5561 -1.670827 
5562 -1.707552 
5563 -1.611130 
5564 -1.841001 
5565 -1.726542 
5566 1.497462 
5567 1.489786 
5568 1.531420 
5569 1.713561 
5570 1.667666 
5571 1.698306 
5572 1.855808 
5573 1.565457 
5574 1.684772 
5575 1.645154 
5576 4.178079 
5577 1.162285 
5578 0.994309 
5579 1.038241 
5580 -0.596469 
5581 -0.739227 
5582 -0.731402 
5583 -4.763462 
5584 -1.464217 
5585 -1.695975 
5586 -1.839358 
5587 -1.951332 
5588 -1.677743 
5589 -1.712818 
5590 -1.697897 
5591 -1.527167 
5592 -1.612578 
5593 -1.668269 
5594 -1.736567 
5595 -1.821487 
5596 -1.668422 
5597 -1.651833 
5598 -1.569857 
5599 -1.794564 
5600 -1.906078 
5601 -1.694443 
5602 -1.754215 
5603 1.371330 
5604 1.579824 
5605 1.638302 
5606 1.779906 
5607 1.786010 
5608 1.758849 
5609 1.548073 
5610 1.582758 
5611 1.499566 
5612 2.580603 
5613 2.271318 
5614 0.880345 
5615 0.894930 
5616 3.589747 
5617 -1.273755 
5618 -1.111869 
5619 -1.016056 
5620 -1.614580 
5621 -1.719790 
5622 -1.596709 
5623 -2.192220 
5624 -1.682474 
5625 -1.868825 
5626 -1.559696 
5627 -1.497013 
5628 -1.635824 
5629 -1.863458 
5630 -1.649925 
5631 -1.545164 
5632 -1.671148 
5633 -1.709666 
5634 -1.581541 
5635 -1.783542 
5636 -1.540262 
5637 -1.537314 
5638 -1.792461 
5639 -1.658387 
5640 1.536537 
5641 1.763671 
5642 1.627493 
5643 1.608920 
5644 1.508191 
5645 1.888032 
5646 1.521780 
5647 1.656160 
5648 1.824233 
5649 1.897237 
5650 1.634880 
5651 1.826401 
5652 2.945055 
5653 2.606590 
5654 -0.160958 
5655 -0.275783 
5656 -0.199132 
5657 -2.307055 
5658 -2.467923 
5659 -2.182944 
5660 -1.573176 
5661 -1.697703 
5662 -1.569956 
5663 -1.580212 
5664 -1.583509 
5665 -1.590516 
5666 -1.831524 
5667 -1.705588 
5668 -1.709407 
5669 -1.719036 
5670 -1.678304 
5671 -1.528085 
5672 -1.666454 
5673 -1.646201 
5674 -1.621621 
5675 -1.653127 
5676 -1.842155 
5677 1.580359 
5678 1.494569 
5679 1.747564 
5680 1.613470 
5681 1.527464 
5682 1.824297 
5683 1.628983 
5684 1.426194 
5685 1.723568 
5686 1.524247 
5687 1.590352 
5688 2.202627 
5689 2.348814 
5690 2.258277 
5691 0.041970 
5692 0.110285 
5693 0.124624 
5694 -2.769264 
5695 -2.908831 
5696 -1.368475 
5697 -1.794811 
5698 -1.799993 
5699 -1.802033 
5700 -1.548918 
5701 -1.731871 
5702 -1.684219 
5703 -1.608191 
5704 -1.617599 
5705 -1.707759 
5706 -1.645664 
5707 -1.680467 
5708 -1.648027 
5709 -1.696598 
5710 -1.625507 
5711 -1.701487 
5712 -1.890783 
5713 -1.713130 
5714 1.418954 
5715 1.593553 
5716 1.782825 
5717 1.471637 
5718 1.693118 
5719 1.750678 
5720 1.455325 
5721 1.439459 
5722 1.883457 
5723 1.670584 
5724 2.060923 
5725 1.814311 
5726 1.667333 
5727 1.753551 
5728 0.455986 
5729 0.306227 
5730 0.461528 
5731 -4.134982 
5732 -1.311172 
5733 -1.175966 
5734 -2.274422 
5735 -2.118600 
5736 -1.855765 
5737 -1.686215 
5738 -1.449965 
5739 -1.618201 
5740 -1.660513 
5741 -1.693832 
5742 -1.579844 
5743 -1.645078 
5744 -1.547092 
5745 -1.645370 
5746 -1.754239 
5747 -1.689618 
5748 -1.697743 
5749 -1.661870 
5750 -1.733984 
5751 1.366483 
5752 1.661938 
5753 1.724615 
5754 1.687235 
5755 1.604846 
5756 1.622398 
5757 1.513366 
5758 1.488775 
5759 1.916682 
5760 1.690243 
5761 1.670871 
5762 1.755393 
5763 1.581826 
5764 4.498575 
5765 0.611922 
5766 0.537233 
5767 0.478783 
5768 -1.560411 
5769 -1.457778 
5770 -1.479491 
5771 -3.057352 
5772 -1.641350 
5773 -1.637007 
5774 -1.664404 
5775 -1.604883 
5776 -1.722420 
5777 -1.659303 
5778 -1.572987 
5779 -1.601654 
5780 -1.694177 
5781 -1.580333 
5782 -1.535578 
5783 -1.836136 
5784 -1.714276 
5785 -1.713457 
5786 -1.665855 
5787 -1.487074 
5788 1.478587 
5789 1.621567 
5790 1.749284 
5791 1.813105 
5792 1.606196 
5793 1.703632 
5794 1.611627 
5795 1.689816 
5796 1.754006 
5797 1.419082 
5798 1.464955 
5799 1.968892 
5800 2.609536 
5801 2.592698 
5802 0.975773 
5803 0.685371 
5804 1.733807 
5805 -1.977006 
5806 -2.003709 
5807 -2.163790 
5808 -1.930366 
5809 -1.567721 
5810 -1.543665 
5811 -1.792760 
5812 -1.609689 
5813 -1.618940 
5814 -1.698078 
5815 -1.649617 
5816 -1.605246 
5817 -1.758962 
5818 -1.667315 
5819 -1.616703 
5820 -1.697776 
5821 -1.513743 
5822 -1.753881 
5823 -1.558519 
5824 -1.736340 
5825 1.468631 
5826 1.731261 
5827 1.679636 
5828 1.671840 
5829 1.602540 
5830 1.706461 
5831 1.620147 
5832 1.471169 
5833 1.837762 
5834 1.602502 
5835 1.682762 
5836 1.779116 
5837 1.706794 
5838 1.824396 
5839 1.218033 
5840 2.668941 
5841 3.025164 
5842 -0.186454 
5843 -0.272652 
5844 -0.269935 
5845 -2.327360 
5846 -2.225859 
5847 -2.224006 
5848 -1.753631 
5849 -1.569047 
5850 -1.539248 
5851 -1.588214 
5852 -1.596945 
5853 -1.563729 
5854 -1.909238 
5855 -1.683927 
5856 -1.732291 
5857 -1.706138 
5858 -1.646467 
5859 -1.739538 
5860 -1.553995 
5861 -1.779322 
5862 1.528509 
5863 1.750560 
5864 1.791344 
5865 1.534102 
5866 1.630207 
5867 1.689029 
5868 1.581941 
5869 1.601770 
5870 1.972668 
5871 1.527063 
5872 1.476959 
5873 1.736544 
5874 1.672277 
5875 1.462648 
5876 1.896837 
5877 2.050156 
5878 2.038038 
5879 0.716806 
5880 1.710859 
5881 1.590929 
5882 -2.606794 
5883 -2.157041 
5884 -0.684050 
5885 -2.003932 
5886 -1.854428 
5887 -1.940593 
5888 -2.126176 
5889 -1.561554 
5890 -1.503945 
5891 -1.703529 
5892 -1.521927 
5893 -1.672919 
5894 -1.775658 
5895 -1.617635 
5896 -1.703111 
5897 -1.559900 
5898 -1.591892 
5899 1.659245 
5900 1.456799 
5901 2.023518 
5902 1.524830 
5903 1.562667 
5904 1.837238 
5905 1.521812 
5906 1.433715 
5907 1.887323 
5908 1.498856 
5909 1.543290 
5910 1.894799 
5911 1.673032 
5912 1.280312 
5913 2.058174 
5914 1.570503 
5915 1.561886 
5916 2.003671 
5917 2.314415 
5918 2.389357 
5919 -0.638320 
5920 -0.197237 
5921 0.064476 
5922 -2.996270 
5923 -2.669312 
5924 -1.554409 
5925 -2.207016 
5926 -1.438537 
5927 -1.484381 
5928 -1.784471 
5929 -1.324052 
5930 -1.424455 
5931 -2.121227 
5932 -1.492153 
5933 -1.574556 
5934 -1.656587 
5935 -1.654825 
5936 1.607399 
5937 1.570680 
5938 1.564452 
5939 1.724810 
5940 1.667787 
5941 1.662382 
5942 1.639742 
5943 1.569693 
5944 1.585205 
5945 1.516329 
5946 1.667185 
5947 1.663162 
5948 2.467168 
5949 2.593960 
5950 0.719557 
5951 0.709064 
5952 -0.988699 
5953 -0.995246 
5954 -2.526825 
5955 -2.384583 
5956 -1.681870 
5957 -1.442340 
5958 -1.772755 
5959 -1.612997 
5960 -2.756413 
5961 -2.604827 
