39 1
0 -0.085469 
1 -0.086663 
2 -0.022124 
3 0.022245 
4 -0.423527 
5 0.187402 
6 0.434945 
7 -0.411148 
8 0.007522 
9 -0.263595 
10 0.298490 
11 -0.077332 
12 -0.417409 
13 -0.321496 
14 0.167216 
15 -0.027596 
16 -0.318454 
17 0.477415 
18 0.148653 
19 0.208444 
20 -0.315962 
21 0.250193 
22 0.428222 
23 0.102018 
24 -0.233811 
25 0.149101 
26 0.364272 
27 0.367147 
28 0.444272 
29 0.140423 
30 0.128619 
31 0.193913 
32 -0.085469 
33 -0.086663 
34 -0.022124 
35 0.022245 
36 -0.423527 
37 0.187402 
38 0.434945 
