5962 1
0 -0.430373 
1 -0.430373 
2 -0.430373 
3 -0.430373 
4 0.159106 
5 0.159106 
6 0.159106 
7 0.159106 
8 0.159106 
9 0.159106 
10 0.159106 
11 0.159106 
12 0.159106 
13 -0.403973 
14 -0.403973 
15 -0.403973 
16 -0.403973 
17 -0.403973 
18 -0.403973 
19 -0.403973 
20 -0.403973 
21 -0.403973 
22 0.339293 
23 0.339293 
24 0.339293 
25 0.339293 
26 -0.041897 
27 -0.041897 
28 -0.430373 
29 -0.041897 
30 -0.041897 
31 -0.430373 
32 -0.430373 
33 -0.430373 
34 -0.430373 
35 -0.430373 
36 -0.430373 
37 0.159106 
38 0.159106 
39 0.159106 
40 0.159106 
41 0.159106 
42 0.159106 
43 0.003562 
44 -0.403973 
45 0.159106 
46 -0.403973 
47 -0.403973 
48 -0.403973 
49 -0.403973 
50 -0.403973 
51 -0.403973 
52 -0.403973 
53 -0.403973 
54 -0.403973 
55 -0.403973 
56 0.339293 
57 0.339293 
58 0.339293 
59 0.339293 
60 0.339293 
61 0.339293 
62 0.339293 
63 -0.041897 
64 -0.041897 
65 -0.041897 
66 -0.041897 
67 -0.041897 
68 -0.430373 
69 -0.041897 
70 -0.041897 
71 -0.430373 
72 0.159106 
73 -0.430373 
74 0.159106 
75 0.159106 
76 0.159106 
77 0.159106 
78 0.159106 
79 0.159106 
80 0.159106 
81 -0.403973 
82 -0.403973 
83 -0.403973 
84 -0.194725 
85 -0.194725 
86 -0.403973 
87 -0.403973 
88 -0.403973 
89 -0.403973 
90 -0.194725 
91 -0.194725 
92 -0.403973 
93 -0.194725 
94 -0.194725 
95 0.339293 
96 -0.403973 
97 -0.403973 
98 0.339293 
99 0.339293 
100 -0.041897 
101 -0.041897 
102 -0.041897 
103 -0.041897 
104 -0.041897 
105 -0.041897 
106 -0.041897 
107 -0.041897 
108 -0.041897 
109 0.159106 
110 0.159106 
111 0.159106 
112 0.159106 
113 0.159106 
114 0.159106 
115 0.159106 
116 0.159106 
117 0.159106 
118 -0.403973 
119 -0.403973 
120 -0.403973 
121 -0.194725 
122 -0.194725 
123 -0.194725 
124 -0.403973 
125 -0.403973 
126 -0.403973 
127 -0.194725 
128 -0.194725 
129 -0.194725 
130 -0.194725 
131 -0.194725 
132 -0.403973 
133 -0.194725 
134 -0.194725 
135 -0.403973 
136 -0.403973 
137 -0.041897 
138 -0.041897 
139 -0.041897 
140 -0.041897 
141 -0.041897 
142 -0.041897 
143 -0.041897 
144 -0.041897 
145 -0.041897 
146 -0.041897 
147 -0.041897 
148 -0.360206 
149 0.159106 
150 0.159106 
151 0.159106 
152 0.159106 
153 0.159106 
154 0.159106 
155 0.159106 
156 0.159106 
157 0.159106 
158 -0.403973 
159 -0.403973 
160 -0.194725 
161 -0.194725 
162 -0.194725 
163 -0.194725 
164 -0.403973 
165 -0.403973 
166 -0.194725 
167 -0.194725 
168 -0.194725 
169 -0.403973 
170 -0.194725 
171 -0.194725 
172 -0.403973 
173 -0.403973 
174 -0.041897 
175 -0.041897 
176 -0.041897 
177 -0.041897 
178 -0.041897 
179 -0.041897 
180 -0.041897 
181 -0.041897 
182 -0.041897 
183 -0.041897 
184 -0.041897 
185 0.189813 
186 0.189813 
187 0.189813 
188 -0.194725 
189 -0.194725 
190 -0.194725 
191 -0.194725 
192 -0.194725 
193 -0.194725 
194 -0.194725 
195 -0.194725 
196 -0.194725 
197 -0.194725 
198 -0.194725 
199 -0.194725 
200 -0.194725 
201 -0.194725 
202 -0.194725 
203 -0.194725 
204 -0.194725 
205 -0.194725 
206 -0.194725 
207 -0.194725 
208 -0.194725 
209 -0.194725 
210 -0.194725 
211 -0.041897 
212 -0.041897 
213 -0.041897 
214 -0.041897 
215 -0.041897 
216 -0.041897 
217 -0.041897 
218 -0.041897 
219 -0.041897 
220 0.189813 
221 0.189813 
222 0.189813 
223 -0.194725 
224 -0.194725 
225 -0.194725 
226 0.189813 
227 0.189813 
228 -0.194725 
229 -0.194725 
230 -0.194725 
231 -0.194725 
232 -0.194725 
233 -0.194725 
234 -0.194725 
235 -0.194725 
236 -0.194725 
237 -0.194725 
238 -0.194725 
239 -0.194725 
240 -0.194725 
241 -0.194725 
242 -0.194725 
243 -0.194725 
244 -0.194725 
245 -0.194725 
246 -0.194725 
247 -0.194725 
248 -0.041897 
249 -0.041897 
250 -0.041897 
251 -0.041897 
252 -0.041897 
253 -0.041897 
254 -0.041897 
255 -0.041897 
256 -0.041897 
257 0.189813 
258 0.189813 
259 0.189813 
260 -0.194725 
261 -0.194725 
262 -0.194725 
263 0.189813 
264 0.189813 
265 0.189813 
266 -0.194725 
267 -0.194725 
268 -0.194725 
269 -0.194725 
270 -0.194725 
271 -0.194725 
272 -0.194725 
273 -0.194725 
274 -0.194725 
275 -0.194725 
276 -0.194725 
277 -0.194725 
278 -0.194725 
279 -0.194725 
280 -0.194725 
281 -0.194725 
282 -0.194725 
283 -0.194725 
284 -0.194725 
285 -0.405505 
286 -0.405505 
287 -0.041897 
288 -0.405505 
289 -0.405505 
290 -0.041897 
291 -0.041897 
292 -0.041897 
293 -0.041897 
294 -0.041897 
295 -0.041897 
296 -0.041897 
297 -0.041897 
298 -0.041897 
299 0.189813 
300 0.189813 
301 0.189813 
302 -0.194725 
303 0.189813 
304 0.189813 
305 -0.194725 
306 -0.194725 
307 -0.194725 
308 -0.194725 
309 -0.194725 
310 -0.194725 
311 -0.194725 
312 -0.194725 
313 -0.194725 
314 -0.194725 
315 -0.194725 
316 -0.194725 
317 -0.194725 
318 -0.194725 
319 -0.194725 
320 -0.194725 
321 -0.194725 
322 -0.405505 
323 -0.405505 
324 -0.405505 
325 -0.405505 
326 -0.405505 
327 -0.405505 
328 -0.405505 
329 -0.405505 
330 -0.041897 
331 -0.405505 
332 -0.405505 
333 -0.041897 
334 -0.041897 
335 -0.041897 
336 -0.041897 
337 -0.041897 
338 -0.041897 
339 0.189813 
340 0.189813 
341 0.189813 
342 -0.194725 
343 -0.194725 
344 -0.194725 
345 -0.194725 
346 -0.194725 
347 -0.194725 
348 -0.194725 
349 -0.194725 
350 -0.194725 
351 -0.194725 
352 -0.194725 
353 -0.194725 
354 -0.194725 
355 -0.194725 
356 -0.194725 
357 -0.194725 
358 -0.194725 
359 -0.405505 
360 -0.405505 
361 -0.405505 
362 -0.405505 
363 -0.405505 
364 -0.405505 
365 -0.405505 
366 -0.405505 
367 -0.405505 
368 -0.405505 
369 -0.405505 
370 -0.405505 
371 -0.041897 
372 -0.041897 
373 -0.041897 
374 -0.041897 
375 -0.041897 
376 -0.041897 
377 0.189813 
378 0.189813 
379 0.189813 
380 -0.194725 
381 -0.194725 
382 -0.194725 
383 -0.194725 
384 -0.194725 
385 -0.194725 
386 -0.194725 
387 -0.194725 
388 -0.194725 
389 -0.194725 
390 -0.194725 
391 -0.194725 
392 -0.194725 
393 -0.194725 
394 -0.194725 
395 -0.194725 
396 -0.405505 
397 -0.405505 
398 -0.405505 
399 -0.405505 
400 -0.405505 
401 -0.405505 
402 -0.405505 
403 -0.405505 
404 -0.405505 
405 -0.405505 
406 -0.405505 
407 -0.405505 
408 -0.405505 
409 -0.405505 
410 0.011997 
411 -0.041897 
412 -0.041897 
413 0.011997 
414 -0.041897 
415 -0.041897 
416 0.011997 
417 0.189813 
418 0.189813 
419 0.011997 
420 -0.194725 
421 -0.194725 
422 0.011997 
423 -0.194725 
424 -0.194725 
425 -0.194725 
426 -0.194725 
427 -0.194725 
428 -0.194725 
429 -0.194725 
430 -0.194725 
431 -0.194725 
432 -0.194725 
433 0.437815 
434 0.437815 
435 -0.405505 
436 -0.405505 
437 -0.405505 
438 -0.405505 
439 -0.405505 
440 -0.405505 
441 -0.405505 
442 -0.405505 
443 0.011997 
444 0.011997 
445 0.011997 
446 0.011997 
447 0.011997 
448 0.011997 
449 0.011997 
450 0.011997 
451 0.011997 
452 0.011997 
453 -0.194725 
454 -0.194725 
455 -0.194725 
456 -0.194725 
457 -0.194725 
458 -0.194725 
459 -0.293523 
460 -0.430373 
461 -0.430373 
462 0.003562 
463 0.003562 
464 0.003562 
465 0.025632 
466 -0.403973 
467 -0.403973 
468 -0.403973 
469 -0.403973 
470 -0.347599 
471 -0.347599 
472 -0.041897 
473 -0.041897 
474 -0.430373 
475 -0.115184 
476 -0.115184 
477 0.025632 
478 0.025632 
479 -0.403973 
480 -0.403973 
481 -0.403973 
482 0.339293 
483 0.339293 
484 -0.347599 
485 -0.041897 
486 -0.041897 
487 -0.041897 
488 0.159106 
489 0.159106 
490 0.159106 
491 -0.403973 
492 -0.194725 
493 -0.403973 
494 -0.403973 
495 -0.403973 
496 -0.403973 
497 0.339293 
498 -0.041897 
499 -0.041897 
500 -0.041897 
501 0.159106 
502 0.159106 
503 0.159106 
504 -0.403973 
505 -0.194725 
506 -0.403973 
507 -0.403973 
508 -0.403973 
509 -0.403973 
510 -0.403973 
511 -0.041897 
512 -0.041897 
513 -0.041897 
514 -0.041897 
515 0.159106 
516 0.159106 
517 0.159106 
518 -0.403973 
519 -0.194725 
520 -0.403973 
521 -0.403973 
522 -0.403973 
523 -0.403973 
524 -0.041897 
525 -0.041897 
526 -0.041897 
527 0.023703 
528 0.189813 
529 0.189813 
530 0.189813 
531 0.189813 
532 -0.194725 
533 -0.194725 
534 -0.194725 
535 -0.194725 
536 -0.194725 
537 -0.041897 
538 -0.041897 
539 -0.041897 
540 0.189813 
541 -0.194725 
542 0.189813 
543 0.189813 
544 -0.194725 
545 -0.194725 
546 -0.194725 
547 -0.194725 
548 -0.194725 
549 -0.194725 
550 -0.041897 
551 -0.041897 
552 -0.041897 
553 0.189813 
554 -0.194725 
555 0.189813 
556 0.189813 
557 0.189813 
558 -0.194725 
559 -0.194725 
560 -0.194725 
561 -0.194725 
562 -0.194725 
563 -0.405505 
564 -0.405505 
565 -0.041897 
566 -0.041897 
567 -0.041897 
568 0.189813 
569 0.189813 
570 0.189813 
571 -0.194725 
572 -0.194725 
573 -0.194725 
574 -0.194725 
575 -0.194725 
576 -0.405505 
577 -0.405505 
578 -0.405505 
579 -0.405505 
580 -0.041897 
581 -0.041897 
582 0.189813 
583 -0.194725 
584 -0.194725 
585 -0.194725 
586 -0.194725 
587 -0.194725 
588 -0.194725 
589 -0.405505 
590 -0.405505 
591 -0.405505 
592 -0.405505 
593 -0.041897 
594 -0.041897 
595 0.189813 
596 -0.194725 
597 -0.194725 
598 -0.194725 
599 -0.194725 
600 -0.194725 
601 -0.194725 
602 -0.405505 
603 -0.405505 
604 -0.405505 
605 -0.405505 
606 -0.405505 
607 -0.041897 
608 -0.041897 
609 0.189813 
610 -0.194725 
611 -0.194725 
612 -0.194725 
613 -0.194725 
614 -0.194725 
615 -0.405505 
616 -0.405505 
617 -0.405505 
618 -0.405505 
619 -0.405505 
620 0.011997 
621 0.011997 
622 0.011997 
623 0.011997 
624 0.011997 
625 -0.194725 
626 -0.194725 
627 0.428563 
628 -0.293523 
629 -0.431474 
630 -0.430373 
631 -0.431474 
632 0.003562 
633 -0.403973 
634 -0.403973 
635 -0.403973 
636 -0.347599 
637 -0.347599 
638 -0.347599 
639 -0.347599 
640 -0.347599 
641 -0.431474 
642 -0.431474 
643 -0.431474 
644 -0.431474 
645 -0.115184 
646 -0.403973 
647 0.025632 
648 -0.347599 
649 -0.347599 
650 -0.347599 
651 -0.347599 
652 -0.347599 
653 -0.347599 
654 -0.431474 
655 -0.431474 
656 0.011888 
657 -0.431474 
658 0.427730 
659 -0.403973 
660 0.159106 
661 0.025632 
662 -0.347599 
663 -0.403973 
664 -0.347599 
665 -0.317677 
666 -0.347599 
667 0.113563 
668 0.011888 
669 0.011888 
670 0.303909 
671 0.427730 
672 -0.258596 
673 0.159106 
674 0.159106 
675 -0.403973 
676 -0.194725 
677 -0.403973 
678 -0.347599 
679 -0.347599 
680 0.113563 
681 0.113563 
682 0.303909 
683 0.303909 
684 -0.258596 
685 -0.258596 
686 0.159106 
687 0.159106 
688 -0.194725 
689 -0.194725 
690 -0.194725 
691 0.326067 
692 -0.347599 
693 -0.041897 
694 0.221124 
695 -0.167311 
696 0.023703 
697 0.023703 
698 -0.258596 
699 0.480161 
700 0.189813 
701 -0.017800 
702 -0.194725 
703 -0.194725 
704 -0.194725 
705 -0.472060 
706 0.221124 
707 0.221124 
708 0.205901 
709 0.074229 
710 0.259454 
711 -0.021633 
712 0.328747 
713 0.464961 
714 0.189813 
715 0.189813 
716 -0.194725 
717 -0.194725 
718 -0.194725 
719 -0.041897 
720 0.205901 
721 0.205901 
722 0.259454 
723 0.259454 
724 0.328747 
725 0.328747 
726 0.189813 
727 0.189813 
728 0.189813 
729 -0.376999 
730 -0.194725 
731 -0.194725 
732 -0.405505 
733 -0.263120 
734 0.205901 
735 -0.083875 
736 0.259454 
737 0.319559 
738 0.328747 
739 0.189813 
740 0.189813 
741 -0.325785 
742 -0.376999 
743 0.103794 
744 -0.194725 
745 -0.405505 
746 -0.405505 
747 0.460143 
748 0.005273 
749 -0.041897 
750 -0.068247 
751 -0.268595 
752 -0.400712 
753 -0.325785 
754 -0.325785 
755 0.103794 
756 0.103794 
757 0.103794 
758 -0.405505 
759 -0.405505 
760 0.005273 
761 0.005273 
762 -0.068247 
763 -0.068247 
764 -0.400712 
765 -0.400712 
766 -0.400712 
767 -0.325785 
768 0.151495 
769 0.103794 
770 0.428563 
771 -0.405505 
772 -0.405505 
773 -0.405505 
774 0.005273 
775 0.161947 
776 -0.068247 
777 0.429040 
778 -0.400712 
779 -0.400712 
780 0.161242 
781 0.161242 
782 0.428563 
783 0.428563 
784 -0.405505 
785 -0.405505 
786 -0.405505 
787 0.161947 
788 0.161947 
789 0.429040 
790 0.429040 
791 -0.400712 
792 -0.400712 
793 0.161242 
794 0.161242 
795 0.428563 
796 0.428563 
797 -0.293523 
798 -0.293523 
799 0.345054 
800 0.345054 
801 0.065463 
802 0.065463 
803 0.025632 
804 -0.347599 
805 -0.347599 
806 -0.347599 
807 -0.347599 
808 -0.347599 
809 -0.347599 
810 -0.293523 
811 -0.431474 
812 -0.431474 
813 0.011888 
814 -0.115184 
815 -0.403973 
816 0.025632 
817 0.025632 
818 -0.347599 
819 -0.347599 
820 -0.347599 
821 -0.347599 
822 -0.347599 
823 0.221124 
824 -0.431474 
825 0.011888 
826 -0.115184 
827 0.011888 
828 -0.115184 
829 0.065463 
830 0.025632 
831 0.025632 
832 0.161242 
833 0.382061 
834 -0.317677 
835 -0.347599 
836 0.221124 
837 0.477957 
838 0.113563 
839 0.477957 
840 0.427730 
841 0.159106 
842 0.159106 
843 0.159106 
844 -0.458770 
845 0.344933 
846 -0.458770 
847 0.326067 
848 -0.317677 
849 0.113563 
850 0.221124 
851 0.221124 
852 0.303909 
853 0.113563 
854 -0.258596 
855 0.159106 
856 0.480161 
857 0.159106 
858 -0.458770 
859 -0.458770 
860 0.326067 
861 -0.317677 
862 0.113563 
863 0.221124 
864 -0.167311 
865 0.023703 
866 0.023703 
867 0.339293 
868 0.480161 
869 0.189813 
870 0.480161 
871 0.078777 
872 0.218956 
873 0.422573 
874 -0.472060 
875 -0.263120 
876 0.205901 
877 0.449382 
878 0.074229 
879 -0.360206 
880 -0.021633 
881 -0.252518 
882 0.464961 
883 -0.002442 
884 0.189813 
885 0.477957 
886 0.218956 
887 0.422573 
888 -0.263120 
889 0.205901 
890 0.480161 
891 0.011888 
892 0.259454 
893 -0.113420 
894 0.328747 
895 0.055541 
896 -0.291501 
897 0.433152 
898 -0.376999 
899 0.218956 
900 0.422573 
901 0.161947 
902 -0.263120 
903 0.205901 
904 -0.083875 
905 0.011888 
906 0.319559 
907 0.023703 
908 0.055541 
909 0.460143 
910 -0.325785 
911 0.423156 
912 0.103794 
913 -0.194725 
914 -0.405505 
915 -0.125816 
916 0.460143 
917 0.480161 
918 0.445249 
919 -0.068247 
920 -0.268595 
921 0.074229 
922 0.293466 
923 0.090160 
924 0.428563 
925 0.428563 
926 0.120845 
927 -0.405505 
928 -0.125816 
929 0.161947 
930 0.005273 
931 0.159106 
932 0.445249 
933 -0.077089 
934 0.427730 
935 0.420621 
936 0.461669 
937 0.151495 
938 0.428563 
939 0.428563 
940 -0.268595 
941 -0.405505 
942 -0.125816 
943 0.445249 
944 0.445249 
945 0.445249 
946 0.429040 
947 -0.400712 
948 0.161242 
949 0.161242 
950 0.161242 
951 0.428563 
952 0.428563 
953 -0.405505 
954 -0.268595 
955 -0.268595 
956 0.161947 
957 0.161947 
958 0.161947 
959 0.078777 
960 -0.273200 
961 -0.400712 
962 0.161242 
963 0.161242 
964 -0.382575 
965 -0.382575 
966 -0.361893 
967 -0.361893 
968 -0.293523 
969 0.011888 
970 -0.293523 
971 -0.115184 
972 -0.115184 
973 -0.403973 
974 0.025632 
975 0.025632 
976 0.025632 
977 0.025632 
978 0.025632 
979 0.025632 
980 0.025632 
981 -0.347599 
982 -0.347599 
983 -0.347599 
984 -0.347599 
985 -0.347599 
986 -0.347599 
987 -0.347599 
988 -0.347599 
989 -0.347599 
990 -0.293523 
991 -0.161157 
992 -0.361893 
993 -0.293523 
994 -0.431474 
995 -0.361893 
996 -0.361893 
997 -0.361893 
998 0.345054 
999 0.345054 
1000 -0.382016 
1001 0.345054 
1002 0.345054 
1003 -0.382016 
1004 0.065463 
1005 0.065463 
1006 0.276647 
1007 0.065463 
1008 0.065463 
1009 0.025632 
1010 0.025632 
1011 0.025632 
1012 0.350534 
1013 -0.347599 
1014 -0.347599 
1015 -0.347599 
1016 -0.347599 
1017 -0.347599 
1018 -0.484099 
1019 -0.017800 
1020 -0.017800 
1021 -0.325785 
1022 -0.325785 
1023 -0.347599 
1024 -0.325785 
1025 -0.347599 
1026 -0.347599 
1027 0.221124 
1028 0.213562 
1029 -0.361893 
1030 -0.361893 
1031 -0.361893 
1032 -0.431474 
1033 -0.115184 
1034 -0.361893 
1035 -0.361893 
1036 -0.361893 
1037 -0.115184 
1038 -0.382016 
1039 -0.115184 
1040 -0.115184 
1041 0.159106 
1042 0.159106 
1043 -0.115184 
1044 0.159106 
1045 0.159106 
1046 0.159106 
1047 0.065463 
1048 0.065463 
1049 0.025632 
1050 0.344933 
1051 0.344933 
1052 -0.347599 
1053 -0.017800 
1054 -0.347599 
1055 -0.347599 
1056 -0.017800 
1057 -0.017800 
1058 -0.347599 
1059 -0.347599 
1060 -0.325785 
1061 -0.484099 
1062 -0.347599 
1063 -0.325785 
1064 0.221124 
1065 0.213562 
1066 0.221124 
1067 -0.431474 
1068 0.357135 
1069 -0.361893 
1070 0.477957 
1071 0.357135 
1072 0.095749 
1073 0.095749 
1074 0.477957 
1075 0.095749 
1076 0.095749 
1077 -0.115184 
1078 0.159106 
1079 0.159106 
1080 0.159106 
1081 -0.336788 
1082 -0.336788 
1083 0.159106 
1084 0.159106 
1085 0.159106 
1086 0.179365 
1087 0.344933 
1088 0.344933 
1089 -0.056175 
1090 0.002660 
1091 0.002660 
1092 0.326067 
1093 0.326067 
1094 -0.017800 
1095 -0.317677 
1096 -0.325785 
1097 -0.317677 
1098 -0.484099 
1099 -0.317677 
1100 -0.325785 
1101 0.113563 
1102 -0.049159 
1103 0.113563 
1104 0.113563 
1105 0.113563 
1106 -0.263120 
1107 -0.026213 
1108 0.221124 
1109 0.095749 
1110 0.095749 
1111 0.221124 
1112 0.303909 
1113 0.303909 
1114 0.095749 
1115 0.095749 
1116 0.095749 
1117 0.159106 
1118 0.159106 
1119 0.159106 
1120 -0.336788 
1121 0.159106 
1122 0.159106 
1123 0.151495 
1124 0.151495 
1125 0.151495 
1126 0.179365 
1127 0.344933 
1128 -0.056175 
1129 0.002660 
1130 0.326067 
1131 0.326067 
1132 -0.232390 
1133 -0.472060 
1134 -0.325785 
1135 -0.472060 
1136 -0.325785 
1137 -0.317677 
1138 0.113563 
1139 -0.049159 
1140 0.113563 
1141 0.113563 
1142 0.113563 
1143 0.113563 
1144 0.221124 
1145 0.221124 
1146 0.303909 
1147 -0.401375 
1148 0.492930 
1149 0.095749 
1150 0.303909 
1151 0.023703 
1152 0.095749 
1153 0.095749 
1154 0.417012 
1155 -0.336788 
1156 -0.336788 
1157 0.417012 
1158 0.095960 
1159 -0.336788 
1160 0.179365 
1161 0.454167 
1162 0.454167 
1163 0.179365 
1164 0.454167 
1165 0.454167 
1166 0.125100 
1167 -0.357752 
1168 -0.357752 
1169 0.025632 
1170 -0.472060 
1171 -0.472060 
1172 -0.472060 
1173 -0.472060 
1174 -0.068247 
1175 -0.263120 
1176 -0.049159 
1177 0.113563 
1178 0.113563 
1179 0.113563 
1180 -0.111112 
1181 0.113563 
1182 -0.049159 
1183 -0.401375 
1184 -0.401375 
1185 0.023703 
1186 -0.401375 
1187 0.023703 
1188 0.023703 
1189 0.023703 
1190 0.275672 
1191 0.023703 
1192 0.328747 
1193 0.328747 
1194 0.239068 
1195 0.322703 
1196 0.048973 
1197 0.322703 
1198 0.453801 
1199 0.161242 
1200 0.322703 
1201 -0.357752 
1202 -0.357752 
1203 0.454167 
1204 0.218956 
1205 0.454167 
1206 -0.357752 
1207 0.422573 
1208 0.422573 
1209 -0.357752 
1210 0.422573 
1211 -0.068247 
1212 -0.263120 
1213 -0.263120 
1214 -0.263120 
1215 -0.111112 
1216 -0.270632 
1217 -0.270632 
1218 0.205901 
1219 -0.111112 
1220 -0.111112 
1221 -0.111112 
1222 0.095749 
1223 -0.113420 
1224 -0.113420 
1225 0.220715 
1226 0.023703 
1227 -0.401375 
1228 -0.487965 
1229 -0.487965 
1230 0.023703 
1231 -0.060451 
1232 0.328747 
1233 -0.291501 
1234 0.073301 
1235 0.048973 
1236 -0.161157 
1237 -0.461707 
1238 0.454167 
1239 0.322703 
1240 0.309012 
1241 0.103794 
1242 0.454167 
1243 0.309012 
1244 0.477957 
1245 0.477957 
1246 0.422573 
1247 0.422573 
1248 0.422573 
1249 0.452160 
1250 0.332290 
1251 0.452160 
1252 0.452160 
1253 0.452160 
1254 -0.346195 
1255 -0.111112 
1256 0.205901 
1257 -0.111112 
1258 -0.111112 
1259 0.158100 
1260 0.220715 
1261 0.220715 
1262 -0.113420 
1263 0.220715 
1264 0.220715 
1265 -0.113420 
1266 0.328747 
1267 -0.113420 
1268 -0.113420 
1269 0.328747 
1270 0.055541 
1271 0.239068 
1272 -0.461707 
1273 0.357135 
1274 0.239068 
1275 -0.461707 
1276 0.428563 
1277 0.309012 
1278 0.103794 
1279 0.103794 
1280 0.422573 
1281 -0.194725 
1282 0.103794 
1283 0.309012 
1284 0.309012 
1285 0.376657 
1286 -0.405505 
1287 0.332290 
1288 0.452160 
1289 0.161947 
1290 0.452160 
1291 0.005273 
1292 0.005273 
1293 0.158100 
1294 0.005273 
1295 0.005273 
1296 0.158100 
1297 -0.113420 
1298 -0.113420 
1299 0.401692 
1300 -0.113420 
1301 0.319559 
1302 -0.113420 
1303 0.078777 
1304 0.078777 
1305 -0.246573 
1306 0.210710 
1307 0.210710 
1308 0.074229 
1309 0.357135 
1310 0.103574 
1311 0.073301 
1312 -0.325785 
1313 -0.325785 
1314 0.073301 
1315 0.428563 
1316 0.428563 
1317 0.428563 
1318 0.120845 
1319 0.103794 
1320 -0.017930 
1321 0.120845 
1322 0.376657 
1323 -0.405505 
1324 0.332290 
1325 -0.405505 
1326 -0.268595 
1327 0.452160 
1328 0.005273 
1329 -0.125816 
1330 0.161947 
1331 0.005273 
1332 0.445249 
1333 0.161947 
1334 0.005273 
1335 0.445249 
1336 0.401692 
1337 0.078777 
1338 0.078777 
1339 0.445249 
1340 0.445249 
1341 0.078777 
1342 -0.246573 
1343 0.078777 
1344 0.210710 
1345 -0.273200 
1346 0.210710 
1347 0.376657 
1348 0.217422 
1349 0.293466 
1350 -0.017930 
1351 0.376657 
1352 0.428563 
1353 0.428563 
1354 -0.017930 
1355 0.428563 
1356 0.428563 
1357 0.189813 
1358 0.428563 
1359 0.428563 
1360 -0.268595 
1361 0.332290 
1362 -0.268595 
1363 -0.268595 
1364 -0.268595 
1365 -0.268595 
1366 -0.268595 
1367 -0.268595 
1368 0.005273 
1369 0.161947 
1370 -0.208741 
1371 0.005273 
1372 0.161947 
1373 0.332290 
1374 0.332290 
1375 0.332290 
1376 -0.389334 
1377 0.078777 
1378 0.078777 
1379 0.078777 
1380 0.078777 
1381 -0.273200 
1382 -0.273200 
1383 0.217422 
1384 -0.400712 
1385 -0.273200 
1386 -0.400712 
1387 0.161242 
1388 0.217422 
1389 -0.382575 
1390 -0.382575 
1391 -0.017930 
1392 -0.382575 
1393 -0.382575 
1394 -0.017930 
1395 0.428563 
1396 0.428563 
1397 0.161947 
1398 -0.268595 
1399 0.332290 
1400 -0.268595 
1401 0.332290 
1402 0.161947 
1403 0.126763 
1404 0.161947 
1405 0.126763 
1406 0.159106 
1407 0.161947 
1408 0.429040 
1409 -0.389334 
1410 0.429040 
1411 -0.273200 
1412 -0.400712 
1413 -0.400712 
1414 0.161242 
1415 0.161242 
1416 0.161242 
1417 0.161242 
1418 -0.382575 
1419 0.420621 
1420 -0.382575 
1421 -0.293523 
1422 -0.293523 
1423 0.011888 
1424 -0.293523 
1425 0.011888 
1426 0.410470 
1427 0.345054 
1428 0.410470 
1429 0.011888 
1430 0.198793 
1431 0.453801 
1432 0.025632 
1433 0.453801 
1434 0.025632 
1435 0.025632 
1436 -0.347599 
1437 0.025632 
1438 -0.347599 
1439 -0.347599 
1440 -0.347599 
1441 -0.347599 
1442 -0.325785 
1443 -0.347599 
1444 -0.347599 
1445 -0.161157 
1446 -0.293523 
1447 -0.361893 
1448 -0.361893 
1449 -0.431474 
1450 -0.361893 
1451 -0.293523 
1452 0.130362 
1453 -0.115184 
1454 -0.382016 
1455 0.011888 
1456 -0.382016 
1457 -0.115184 
1458 -0.115184 
1459 0.276647 
1460 0.025632 
1461 -0.403973 
1462 0.025632 
1463 0.198793 
1464 0.025632 
1465 -0.175109 
1466 -0.175109 
1467 0.025632 
1468 -0.484099 
1469 0.025632 
1470 -0.387504 
1471 -0.484099 
1472 -0.347599 
1473 -0.387504 
1474 -0.484099 
1475 -0.347599 
1476 -0.484099 
1477 -0.325785 
1478 -0.325785 
1479 -0.325785 
1480 -0.325785 
1481 -0.347599 
1482 0.213562 
1483 0.221124 
1484 -0.161157 
1485 -0.361893 
1486 -0.171574 
1487 -0.115184 
1488 0.259495 
1489 0.011888 
1490 0.011888 
1491 -0.115184 
1492 -0.115184 
1493 -0.382016 
1494 -0.115184 
1495 0.011888 
1496 0.159106 
1497 0.276647 
1498 -0.115184 
1499 0.159106 
1500 0.159106 
1501 0.065463 
1502 0.350534 
1503 0.433049 
1504 0.025632 
1505 -0.347599 
1506 -0.347599 
1507 0.025632 
1508 -0.347599 
1509 -0.347599 
1510 0.161242 
1511 0.088380 
1512 -0.484099 
1513 0.382061 
1514 0.382061 
1515 -0.325785 
1516 -0.325785 
1517 -0.325785 
1518 -0.347599 
1519 0.213562 
1520 0.221124 
1521 0.213562 
1522 0.357135 
1523 -0.171574 
1524 0.221124 
1525 0.221124 
1526 0.113563 
1527 -0.115184 
1528 0.113563 
1529 0.477957 
1530 -0.115184 
1531 -0.115184 
1532 0.427730 
1533 0.452160 
1534 0.452160 
1535 0.159106 
1536 0.452160 
1537 0.159106 
1538 0.159106 
1539 -0.113420 
1540 0.179365 
1541 0.159106 
1542 0.326067 
1543 0.326067 
1544 -0.458770 
1545 -0.056175 
1546 -0.361893 
1547 0.344933 
1548 0.326067 
1549 0.326067 
1550 -0.458770 
1551 -0.484099 
1552 -0.325785 
1553 -0.455571 
1554 0.382061 
1555 -0.317677 
1556 -0.049159 
1557 0.391026 
1558 0.472124 
1559 0.472124 
1560 0.113563 
1561 -0.263120 
1562 -0.263120 
1563 0.221124 
1564 0.221124 
1565 0.221124 
1566 0.477957 
1567 -0.382016 
1568 0.454167 
1569 0.113563 
1570 0.452160 
1571 0.417012 
1572 -0.258596 
1573 0.179365 
1574 0.179365 
1575 0.159106 
1576 0.452160 
1577 0.179365 
1578 0.480161 
1579 0.179365 
1580 0.025632 
1581 0.159106 
1582 0.025632 
1583 0.025632 
1584 -0.458770 
1585 0.326067 
1586 -0.201516 
1587 -0.458770 
1588 -0.484099 
1589 -0.068247 
1590 -0.455571 
1591 -0.068247 
1592 -0.317677 
1593 -0.049159 
1594 0.391026 
1595 -0.049159 
1596 0.472124 
1597 0.113563 
1598 0.221124 
1599 0.221124 
1600 -0.167311 
1601 0.423156 
1602 0.218956 
1603 0.023703 
1604 0.454167 
1605 0.454167 
1606 0.023703 
1607 0.417012 
1608 0.417012 
1609 0.339293 
1610 0.452160 
1611 0.452160 
1612 0.480161 
1613 0.095960 
1614 0.452160 
1615 0.189813 
1616 0.322703 
1617 0.322703 
1618 0.480161 
1619 0.025632 
1620 0.025632 
1621 0.078777 
1622 0.025632 
1623 0.025632 
1624 -0.125135 
1625 -0.068247 
1626 -0.232390 
1627 0.073301 
1628 -0.068247 
1629 -0.068247 
1630 -0.049159 
1631 -0.263120 
1632 -0.049159 
1633 -0.270632 
1634 0.113563 
1635 0.472124 
1636 -0.113979 
1637 0.449382 
1638 -0.201709 
1639 0.382061 
1640 0.074229 
1641 0.382061 
1642 0.023703 
1643 -0.360206 
1644 0.382061 
1645 0.275672 
1646 -0.021633 
1647 0.239068 
1648 -0.017930 
1649 -0.252518 
1650 -0.036928 
1651 0.322703 
1652 0.464961 
1653 0.453801 
1654 0.189813 
1655 -0.002442 
1656 -0.376999 
1657 -0.376999 
1658 0.189813 
1659 -0.376999 
1660 -0.376999 
1661 0.477957 
1662 0.013033 
1663 0.013033 
1664 0.073301 
1665 -0.068247 
1666 -0.125135 
1667 0.158100 
1668 -0.263120 
1669 -0.270632 
1670 -0.270632 
1671 -0.137577 
1672 -0.270632 
1673 0.205901 
1674 0.480161 
1675 0.431979 
1676 0.431979 
1677 0.011888 
1678 -0.436394 
1679 -0.129113 
1680 0.259454 
1681 0.431979 
1682 0.431979 
1683 0.011888 
1684 0.239068 
1685 0.239068 
1686 0.328747 
1687 0.239068 
1688 0.239068 
1689 -0.347599 
1690 0.322703 
1691 -0.161157 
1692 0.418542 
1693 -0.376999 
1694 0.477957 
1695 0.433152 
1696 0.309012 
1697 0.422573 
1698 -0.376999 
1699 -0.400712 
1700 0.013033 
1701 -0.259238 
1702 -0.400712 
1703 -0.125135 
1704 0.332290 
1705 0.413115 
1706 0.205901 
1707 0.093850 
1708 0.225496 
1709 0.158100 
1710 0.158100 
1711 0.205901 
1712 0.431979 
1713 0.431979 
1714 -0.083875 
1715 0.431979 
1716 0.431979 
1717 0.011888 
1718 0.431979 
1719 0.431979 
1720 0.319559 
1721 0.431979 
1722 0.431979 
1723 0.023703 
1724 -0.060451 
1725 -0.060451 
1726 -0.443971 
1727 0.073301 
1728 -0.347599 
1729 0.460143 
1730 0.030816 
1731 0.104323 
1732 -0.325785 
1733 -0.430373 
1734 0.309012 
1735 0.423156 
1736 0.376657 
1737 0.120845 
1738 0.103794 
1739 0.376657 
1740 0.345054 
1741 0.332290 
1742 0.413115 
1743 0.332290 
1744 -0.208741 
1745 0.225496 
1746 0.205901 
1747 0.158100 
1748 0.460143 
1749 0.158100 
1750 -0.043495 
1751 0.480161 
1752 0.431979 
1753 0.431979 
1754 0.445249 
1755 0.431979 
1756 0.431979 
1757 -0.068247 
1758 0.431979 
1759 0.431979 
1760 -0.268595 
1761 -0.490810 
1762 -0.268595 
1763 0.074229 
1764 0.073301 
1765 -0.177884 
1766 0.293466 
1767 0.030816 
1768 0.030816 
1769 0.090160 
1770 0.309012 
1771 0.309012 
1772 0.428563 
1773 0.120845 
1774 0.120845 
1775 0.034699 
1776 0.376657 
1777 0.345054 
1778 0.161947 
1779 0.413115 
1780 0.161947 
1781 0.161947 
1782 0.161947 
1783 0.151495 
1784 -0.208741 
1785 0.161947 
1786 0.161947 
1787 -0.172087 
1788 0.005273 
1789 -0.389334 
1790 0.445249 
1791 0.159106 
1792 0.220715 
1793 0.220715 
1794 0.445249 
1795 -0.273200 
1796 -0.273200 
1797 -0.077089 
1798 0.220715 
1799 0.220715 
1800 0.427730 
1801 0.074229 
1802 0.074229 
1803 0.420621 
1804 0.217422 
1805 0.420621 
1806 0.461669 
1807 -0.307313 
1808 0.030816 
1809 0.151495 
1810 -0.017930 
1811 0.120845 
1812 0.034699 
1813 0.345054 
1814 0.189813 
1815 0.332290 
1816 0.161947 
1817 0.161947 
1818 0.332290 
1819 -0.268595 
1820 -0.268595 
1821 -0.268595 
1822 -0.268595 
1823 0.161947 
1824 0.126763 
1825 0.005273 
1826 0.075031 
1827 0.075031 
1828 0.332290 
1829 -0.389334 
1830 0.401692 
1831 0.159106 
1832 -0.389334 
1833 0.075031 
1834 0.429040 
1835 0.217422 
1836 0.217422 
1837 0.078777 
1838 0.217422 
1839 0.427730 
1840 0.412879 
1841 0.217422 
1842 0.217422 
1843 0.412879 
1844 0.420621 
1845 -0.017930 
1846 -0.382575 
1847 -0.017930 
1848 -0.017930 
1849 -0.382575 
1850 0.189813 
1851 0.189813 
1852 0.161947 
1853 0.332290 
1854 0.161947 
1855 0.332290 
1856 0.161947 
1857 0.126763 
1858 0.161947 
1859 0.126763 
1860 0.161947 
1861 0.401692 
1862 0.159106 
1863 -0.389334 
1864 0.429040 
1865 -0.273200 
1866 -0.273200 
1867 -0.273200 
1868 -0.400712 
1869 -0.273200 
1870 0.161242 
1871 0.420621 
1872 0.161242 
1873 -0.017930 
1874 -0.382575 
1875 -0.382575 
1876 -0.361893 
1877 0.011888 
1878 -0.293523 
1879 0.011888 
1880 -0.293523 
1881 0.125686 
1882 -0.115184 
1883 0.125686 
1884 0.410470 
1885 0.453801 
1886 0.359286 
1887 -0.067477 
1888 -0.175109 
1889 -0.067477 
1890 -0.175109 
1891 0.025632 
1892 -0.077089 
1893 -0.347599 
1894 -0.077089 
1895 -0.347599 
1896 -0.077089 
1897 -0.042186 
1898 -0.042186 
1899 -0.042186 
1900 0.140534 
1901 0.228279 
1902 0.011888 
1903 -0.225198 
1904 -0.169335 
1905 0.130362 
1906 0.011888 
1907 0.011888 
1908 0.125686 
1909 0.011888 
1910 -0.382016 
1911 0.345054 
1912 0.125686 
1913 0.410470 
1914 0.011888 
1915 0.125686 
1916 0.276647 
1917 -0.067477 
1918 0.453801 
1919 -0.175109 
1920 -0.387504 
1921 -0.067477 
1922 -0.067477 
1923 -0.387504 
1924 0.025632 
1925 -0.175109 
1926 -0.387504 
1927 -0.387504 
1928 -0.484099 
1929 0.025632 
1930 -0.347599 
1931 -0.484099 
1932 0.215673 
1933 -0.455571 
1934 -0.325785 
1935 -0.042186 
1936 -0.042186 
1937 0.140534 
1938 0.228279 
1939 0.140534 
1940 0.140534 
1941 -0.169335 
1942 0.011888 
1943 0.011888 
1944 -0.161157 
1945 0.011888 
1946 0.130362 
1947 -0.292678 
1948 0.011888 
1949 0.011888 
1950 0.151353 
1951 0.159106 
1952 0.159106 
1953 0.314006 
1954 0.159106 
1955 0.159106 
1956 0.198793 
1957 0.159106 
1958 0.068960 
1959 0.198793 
1960 0.025632 
1961 0.025632 
1962 -0.077089 
1963 0.025632 
1964 -0.387504 
1965 0.480161 
1966 0.088380 
1967 0.025632 
1968 -0.077089 
1969 -0.455571 
1970 -0.325785 
1971 0.480161 
1972 -0.042186 
1973 0.480161 
1974 0.140534 
1975 0.149635 
1976 0.140534 
1977 -0.273200 
1978 -0.201709 
1979 -0.171574 
1980 -0.273200 
1981 0.390611 
1982 0.011888 
1983 0.113563 
1984 0.161947 
1985 0.059535 
1986 -0.472060 
1987 -0.036928 
1988 0.159106 
1989 0.159106 
1990 -0.385874 
1991 0.159106 
1992 0.159106 
1993 0.179769 
1994 0.159106 
1995 0.319559 
1996 -0.406137 
1997 0.357135 
1998 0.142244 
1999 0.231742 
2000 -0.458770 
2001 -0.458770 
2002 0.244911 
2003 0.088380 
2004 0.088380 
2005 -0.077089 
2006 -0.455571 
2007 -0.455571 
2008 -0.325785 
2009 -0.455571 
2010 0.480161 
2011 -0.113979 
2012 0.149635 
2013 0.140534 
2014 0.140534 
2015 0.391026 
2016 -0.459152 
2017 -0.459152 
2018 0.149635 
2019 0.314006 
2020 -0.459152 
2021 -0.232390 
2022 0.431979 
2023 0.431979 
2024 0.332290 
2025 -0.293523 
2026 0.417012 
2027 0.091072 
2028 0.146380 
2029 0.431979 
2030 0.452160 
2031 0.159106 
2032 0.159106 
2033 0.228279 
2034 -0.096529 
2035 -0.444268 
2036 -0.204964 
2037 -0.458770 
2038 0.059535 
2039 0.449382 
2040 0.073301 
2041 0.073301 
2042 0.059535 
2043 0.023703 
2044 -0.455571 
2045 -0.232367 
2046 0.023703 
2047 0.480161 
2048 0.391026 
2049 0.259454 
2050 -0.113979 
2051 0.391026 
2052 0.472124 
2053 0.391026 
2054 -0.113979 
2055 0.149635 
2056 -0.263120 
2057 -0.216342 
2058 0.294903 
2059 -0.263120 
2060 -0.216342 
2061 0.088380 
2062 0.089598 
2063 -0.346195 
2064 0.297352 
2065 0.431979 
2066 0.431979 
2067 0.075031 
2068 0.480161 
2069 0.480161 
2070 0.418542 
2071 0.078777 
2072 -0.161848 
2073 -0.122230 
2074 0.025632 
2075 0.433152 
2076 0.433049 
2077 0.073301 
2078 0.073301 
2079 0.059535 
2080 -0.068247 
2081 0.073301 
2082 0.225496 
2083 -0.068247 
2084 -0.068247 
2085 -0.137577 
2086 0.259454 
2087 0.391026 
2088 -0.137577 
2089 -0.270632 
2090 -0.113979 
2091 -0.113979 
2092 0.276647 
2093 0.011888 
2094 0.091427 
2095 0.025632 
2096 0.011888 
2097 0.011888 
2098 0.179365 
2099 -0.077844 
2100 0.049733 
2101 0.103574 
2102 0.049733 
2103 0.049733 
2104 -0.239272 
2105 0.480161 
2106 0.480161 
2107 -0.169335 
2108 0.189813 
2109 0.189813 
2110 -0.336788 
2111 0.189813 
2112 -0.438957 
2113 0.398093 
2114 0.142782 
2115 -0.259238 
2116 0.013033 
2117 -0.125135 
2118 0.073301 
2119 0.013033 
2120 -0.125135 
2121 -0.068247 
2122 0.225496 
2123 0.444808 
2124 -0.137577 
2125 -0.137577 
2126 -0.270632 
2127 -0.083875 
2128 -0.083875 
2129 0.276647 
2130 0.435060 
2131 0.276647 
2132 0.315152 
2133 0.011888 
2134 0.011888 
2135 -0.292678 
2136 0.011888 
2137 0.011888 
2138 -0.317677 
2139 0.049733 
2140 -0.131828 
2141 0.009082 
2142 -0.347599 
2143 -0.131828 
2144 0.103794 
2145 -0.347599 
2146 -0.347599 
2147 0.449590 
2148 -0.005671 
2149 -0.005671 
2150 0.339293 
2151 0.345054 
2152 0.008053 
2153 -0.376999 
2154 -0.259238 
2155 0.477957 
2156 -0.400712 
2157 -0.125135 
2158 -0.400712 
2159 -0.083875 
2160 -0.167311 
2161 0.225496 
2162 -0.083875 
2163 0.158100 
2164 -0.083875 
2165 0.158100 
2166 0.093850 
2167 -0.083875 
2168 0.480161 
2169 -0.300867 
2170 0.011888 
2171 0.011888 
2172 0.293466 
2173 -0.217713 
2174 0.133962 
2175 0.431979 
2176 -0.268595 
2177 0.344933 
2178 -0.159282 
2179 0.222518 
2180 -0.398138 
2181 0.128649 
2182 -0.347599 
2183 -0.347599 
2184 0.068960 
2185 0.428563 
2186 0.428563 
2187 -0.360206 
2188 0.345054 
2189 0.345054 
2190 -0.400712 
2191 0.345054 
2192 0.345054 
2193 0.120845 
2194 0.345054 
2195 -0.400712 
2196 0.413115 
2197 -0.167311 
2198 0.225496 
2199 0.413115 
2200 0.324457 
2201 -0.083875 
2202 0.225496 
2203 0.158100 
2204 -0.238529 
2205 -0.238529 
2206 -0.430373 
2207 0.030816 
2208 -0.238529 
2209 -0.125816 
2210 0.422573 
2211 0.422573 
2212 0.413342 
2213 0.104323 
2214 0.104323 
2215 -0.490810 
2216 -0.268595 
2217 -0.268595 
2218 0.074229 
2219 0.420621 
2220 -0.347599 
2221 0.466011 
2222 0.428563 
2223 0.428563 
2224 0.046970 
2225 0.034699 
2226 0.345054 
2227 0.030816 
2228 0.345054 
2229 0.034699 
2230 0.345054 
2231 0.345054 
2232 -0.400712 
2233 0.413115 
2234 0.332290 
2235 0.413115 
2236 -0.268595 
2237 0.420621 
2238 0.161947 
2239 0.161947 
2240 0.161947 
2241 0.161947 
2242 0.368749 
2243 0.161947 
2244 0.159106 
2245 0.159106 
2246 -0.238529 
2247 -0.238529 
2248 0.431756 
2249 -0.405505 
2250 0.104323 
2251 0.104323 
2252 0.220715 
2253 0.427730 
2254 0.119596 
2255 0.220715 
2256 0.427730 
2257 0.427730 
2258 0.389988 
2259 0.420621 
2260 0.420621 
2261 0.293466 
2262 0.428563 
2263 0.428563 
2264 0.030816 
2265 0.189813 
2266 0.034699 
2267 0.120845 
2268 0.189813 
2269 0.382592 
2270 0.161947 
2271 0.332290 
2272 0.398093 
2273 0.161947 
2274 0.161947 
2275 0.161947 
2276 0.161947 
2277 0.161947 
2278 0.161947 
2279 0.005273 
2280 0.430546 
2281 0.005273 
2282 0.159106 
2283 0.075031 
2284 0.159106 
2285 0.431756 
2286 0.075031 
2287 0.431756 
2288 0.431756 
2289 0.322703 
2290 0.427730 
2291 0.427730 
2292 0.217422 
2293 0.412879 
2294 0.427730 
2295 0.322703 
2296 0.412879 
2297 0.412879 
2298 0.412879 
2299 -0.382575 
2300 0.412879 
2301 -0.017930 
2302 -0.382575 
2303 -0.382575 
2304 0.382592 
2305 0.189813 
2306 0.189813 
2307 0.332290 
2308 0.161947 
2309 0.332290 
2310 0.161947 
2311 0.161947 
2312 0.161947 
2313 0.126763 
2314 0.332290 
2315 0.126763 
2316 0.159106 
2317 -0.389334 
2318 0.429040 
2319 -0.389334 
2320 0.429040 
2321 -0.389334 
2322 0.427730 
2323 0.427730 
2324 0.412879 
2325 -0.463839 
2326 -0.382575 
2327 -0.439775 
2328 0.420621 
2329 -0.439775 
2330 0.189813 
2331 -0.225198 
2332 0.428563 
2333 -0.363622 
2334 -0.385874 
2335 -0.268595 
2336 -0.385874 
2337 0.002660 
2338 0.410470 
2339 0.002660 
2340 0.359286 
2341 0.002660 
2342 -0.067477 
2343 0.005499 
2344 -0.175109 
2345 0.025632 
2346 -0.077089 
2347 0.025632 
2348 -0.077089 
2349 -0.347599 
2350 -0.077089 
2351 -0.347599 
2352 -0.042186 
2353 -0.042186 
2354 -0.042186 
2355 0.228279 
2356 -0.225198 
2357 -0.293523 
2358 -0.169335 
2359 -0.225198 
2360 -0.169335 
2361 0.428563 
2362 0.130362 
2363 0.049733 
2364 0.373737 
2365 0.125686 
2366 0.345054 
2367 -0.115184 
2368 0.125686 
2369 0.373737 
2370 0.359286 
2371 0.125686 
2372 -0.175109 
2373 -0.175109 
2374 -0.067477 
2375 -0.175109 
2376 -0.067477 
2377 -0.067477 
2378 -0.175109 
2379 -0.175109 
2380 -0.387504 
2381 0.480161 
2382 -0.077089 
2383 -0.387504 
2384 0.480161 
2385 -0.077089 
2386 0.215673 
2387 -0.077089 
2388 -0.042186 
2389 -0.042186 
2390 -0.042186 
2391 -0.042186 
2392 0.228279 
2393 0.140534 
2394 0.228279 
2395 -0.169335 
2396 0.140534 
2397 -0.169335 
2398 0.025632 
2399 0.428563 
2400 -0.411294 
2401 0.461669 
2402 -0.161848 
2403 -0.208741 
2404 -0.389166 
2405 0.408331 
2406 0.359286 
2407 0.390611 
2408 -0.363622 
2409 0.198793 
2410 0.331143 
2411 -0.194072 
2412 0.423770 
2413 -0.015136 
2414 -0.431474 
2415 -0.077089 
2416 -0.077089 
2417 0.005499 
2418 -0.077089 
2419 -0.077089 
2420 0.005499 
2421 -0.077089 
2422 0.480161 
2423 -0.387504 
2424 0.480161 
2425 0.480161 
2426 -0.455571 
2427 0.480161 
2428 0.215673 
2429 0.149635 
2430 0.140534 
2431 0.140534 
2432 -0.201709 
2433 0.140534 
2434 -0.201709 
2435 0.025632 
2436 0.113563 
2437 -0.389166 
2438 -0.389166 
2439 -0.026213 
2440 -0.208741 
2441 -0.389166 
2442 0.003856 
2443 -0.389166 
2444 -0.177884 
2445 -0.177884 
2446 0.452160 
2447 0.038152 
2448 0.198793 
2449 0.198793 
2450 -0.015136 
2451 0.073289 
2452 0.059535 
2453 0.198793 
2454 -0.267036 
2455 0.005499 
2456 0.059535 
2457 -0.376999 
2458 -0.232367 
2459 0.480161 
2460 0.005499 
2461 0.480161 
2462 -0.232367 
2463 0.215673 
2464 0.480161 
2465 0.215673 
2466 0.149635 
2467 0.391026 
2468 0.149635 
2469 0.149635 
2470 0.140534 
2471 0.104323 
2472 0.104323 
2473 0.149635 
2474 0.025632 
2475 0.025632 
2476 0.248261 
2477 0.025632 
2478 0.025632 
2479 0.201349 
2480 -0.389166 
2481 -0.463839 
2482 0.431979 
2483 -0.377298 
2484 0.326067 
2485 0.090160 
2486 0.452160 
2487 0.452160 
2488 -0.038840 
2489 0.059535 
2490 0.059535 
2491 -0.458770 
2492 0.068713 
2493 0.059535 
2494 -0.232367 
2495 0.059535 
2496 0.435060 
2497 0.413115 
2498 -0.291501 
2499 -0.291501 
2500 -0.455571 
2501 0.480161 
2502 0.023703 
2503 0.259454 
2504 0.391026 
2505 -0.395684 
2506 -0.395684 
2507 -0.113979 
2508 -0.317677 
2509 0.072821 
2510 0.217422 
2511 0.149635 
2512 0.121442 
2513 -0.421878 
2514 -0.492354 
2515 -0.122230 
2516 -0.040031 
2517 -0.377298 
2518 -0.377298 
2519 -0.444268 
2520 0.452160 
2521 0.452160 
2522 0.259454 
2523 0.452160 
2524 0.452160 
2525 0.227677 
2526 -0.377298 
2527 -0.040031 
2528 -0.377298 
2529 0.059535 
2530 0.059535 
2531 0.201349 
2532 0.225496 
2533 0.225496 
2534 0.068713 
2535 -0.291501 
2536 -0.291501 
2537 0.073301 
2538 0.225496 
2539 -0.068247 
2540 0.259454 
2541 0.423156 
2542 0.259454 
2543 -0.177736 
2544 0.198416 
2545 -0.177736 
2546 -0.113979 
2547 0.476559 
2548 0.276647 
2549 0.217422 
2550 0.463005 
2551 0.121442 
2552 0.055541 
2553 -0.043495 
2554 -0.463360 
2555 -0.244418 
2556 0.119596 
2557 0.368749 
2558 0.368749 
2559 0.471955 
2560 0.368749 
2561 0.368749 
2562 0.408331 
2563 0.368749 
2564 0.189813 
2565 0.154382 
2566 -0.376999 
2567 -0.376999 
2568 -0.026213 
2569 -0.376999 
2570 -0.122230 
2571 0.142782 
2572 -0.125135 
2573 0.013033 
2574 0.073301 
2575 -0.125135 
2576 -0.125135 
2577 0.444808 
2578 0.423156 
2579 0.093850 
2580 0.093850 
2581 -0.137577 
2582 -0.382575 
2583 -0.194725 
2584 0.410470 
2585 -0.382575 
2586 0.276647 
2587 0.091427 
2588 -0.175109 
2589 -0.071917 
2590 0.011888 
2591 0.431979 
2592 0.431979 
2593 0.412043 
2594 -0.382575 
2595 -0.379410 
2596 -0.017930 
2597 -0.379410 
2598 0.237452 
2599 0.368749 
2600 0.088380 
2601 0.112928 
2602 -0.398138 
2603 -0.376999 
2604 0.023703 
2605 0.171354 
2606 0.347053 
2607 -0.400712 
2608 0.142782 
2609 -0.400712 
2610 0.013033 
2611 -0.259238 
2612 -0.400712 
2613 -0.125135 
2614 -0.167311 
2615 0.413115 
2616 0.444808 
2617 0.324457 
2618 0.225496 
2619 -0.382575 
2620 -0.382575 
2621 0.444808 
2622 -0.419714 
2623 0.276647 
2624 0.460143 
2625 -0.382575 
2626 -0.382575 
2627 -0.267909 
2628 -0.395684 
2629 0.417012 
2630 0.345972 
2631 0.431979 
2632 -0.382575 
2633 0.198793 
2634 -0.379410 
2635 -0.379410 
2636 -0.077499 
2637 -0.379410 
2638 -0.379410 
2639 0.296225 
2640 -0.161157 
2641 -0.113420 
2642 -0.005671 
2643 -0.400712 
2644 0.126763 
2645 0.205901 
2646 -0.400712 
2647 0.347053 
2648 0.345054 
2649 -0.400712 
2650 0.345054 
2651 -0.167311 
2652 0.413115 
2653 -0.167311 
2654 0.324457 
2655 0.225496 
2656 0.324457 
2657 -0.430373 
2658 0.401692 
2659 -0.472060 
2660 -0.382575 
2661 0.154382 
2662 -0.382575 
2663 -0.382575 
2664 -0.017800 
2665 0.431979 
2666 0.431979 
2667 0.104323 
2668 0.431979 
2669 0.431979 
2670 -0.239272 
2671 -0.379410 
2672 -0.379410 
2673 0.315152 
2674 0.389988 
2675 0.009082 
2676 -0.307313 
2677 0.030816 
2678 0.030816 
2679 0.178874 
2680 0.347053 
2681 0.347053 
2682 0.089598 
2683 0.382592 
2684 0.382592 
2685 0.345054 
2686 -0.400712 
2687 0.345054 
2688 0.332290 
2689 0.413115 
2690 0.420621 
2691 0.420621 
2692 0.398093 
2693 0.444808 
2694 0.420621 
2695 -0.382575 
2696 -0.258993 
2697 -0.382575 
2698 0.161947 
2699 0.412879 
2700 0.412879 
2701 -0.238529 
2702 0.171354 
2703 0.417012 
2704 -0.238529 
2705 0.417012 
2706 0.055541 
2707 -0.487965 
2708 0.220715 
2709 0.220715 
2710 -0.204027 
2711 0.074229 
2712 0.074229 
2713 -0.005135 
2714 0.347053 
2715 0.420621 
2716 0.171354 
2717 0.030816 
2718 0.030816 
2719 -0.201516 
2720 0.382592 
2721 0.382592 
2722 0.034699 
2723 -0.400712 
2724 0.189813 
2725 0.161947 
2726 0.398093 
2727 0.420621 
2728 0.161947 
2729 0.398093 
2730 0.430546 
2731 0.161947 
2732 0.161947 
2733 0.430546 
2734 0.430546 
2735 0.430546 
2736 0.430546 
2737 0.430546 
2738 -0.463360 
2739 0.171354 
2740 -0.389334 
2741 -0.463360 
2742 0.322703 
2743 0.220715 
2744 -0.279645 
2745 0.220715 
2746 0.322703 
2747 0.427730 
2748 0.427730 
2749 0.045343 
2750 0.412879 
2751 0.045343 
2752 -0.463839 
2753 0.412879 
2754 -0.439775 
2755 0.045343 
2756 0.420621 
2757 0.382592 
2758 0.189813 
2759 -0.382575 
2760 0.189813 
2761 0.189813 
2762 0.161947 
2763 0.161947 
2764 0.398093 
2765 0.210710 
2766 0.398093 
2767 0.430546 
2768 0.210710 
2769 -0.389334 
2770 0.159106 
2771 0.480161 
2772 -0.279645 
2773 0.480161 
2774 -0.279645 
2775 0.322703 
2776 -0.487965 
2777 0.427730 
2778 0.427730 
2779 -0.463839 
2780 0.427730 
2781 -0.439775 
2782 -0.406137 
2783 0.045343 
2784 -0.406137 
2785 -0.382575 
2786 -0.169335 
2787 0.231742 
2788 0.428563 
2789 0.231742 
2790 0.428563 
2791 -0.267036 
2792 -0.385874 
2793 0.002660 
2794 0.373737 
2795 0.002660 
2796 0.359286 
2797 0.005499 
2798 -0.175109 
2799 0.025632 
2800 -0.175109 
2801 0.025632 
2802 -0.077089 
2803 -0.042186 
2804 -0.077089 
2805 -0.042186 
2806 -0.077089 
2807 -0.042186 
2808 -0.042186 
2809 -0.042186 
2810 -0.225198 
2811 0.228279 
2812 -0.225198 
2813 -0.225198 
2814 -0.169335 
2815 -0.363622 
2816 -0.268595 
2817 0.428563 
2818 -0.267036 
2819 -0.268595 
2820 -0.385874 
2821 0.002660 
2822 -0.267036 
2823 0.373737 
2824 0.002660 
2825 -0.267036 
2826 0.373737 
2827 -0.067477 
2828 -0.067477 
2829 -0.175109 
2830 -0.175109 
2831 0.005499 
2832 -0.067477 
2833 -0.067477 
2834 0.025632 
2835 -0.175109 
2836 0.151532 
2837 0.151532 
2838 0.480161 
2839 0.215673 
2840 -0.042186 
2841 0.480161 
2842 0.215673 
2843 0.215673 
2844 0.215673 
2845 -0.042186 
2846 -0.042186 
2847 0.140534 
2848 0.228279 
2849 -0.225198 
2850 0.140534 
2851 0.428563 
2852 -0.177736 
2853 -0.177736 
2854 0.428563 
2855 0.242982 
2856 -0.067477 
2857 0.049733 
2858 0.002660 
2859 0.231742 
2860 -0.177130 
2861 0.002660 
2862 0.002660 
2863 -0.419714 
2864 0.002660 
2865 0.002660 
2866 0.471955 
2867 0.005499 
2868 0.005499 
2869 0.463005 
2870 0.005499 
2871 -0.060840 
2872 0.328747 
2873 0.005499 
2874 0.151532 
2875 -0.379410 
2876 0.427619 
2877 -0.077089 
2878 -0.002442 
2879 0.215673 
2880 0.215673 
2881 0.480161 
2882 0.215673 
2883 0.480161 
2884 0.140534 
2885 -0.444268 
2886 0.140534 
2887 0.140534 
2888 0.140534 
2889 -0.444268 
2890 -0.444268 
2891 0.068713 
2892 -0.177736 
2893 -0.084838 
2894 0.025632 
2895 0.431979 
2896 0.244911 
2897 -0.267909 
2898 0.002660 
2899 0.002660 
2900 -0.084838 
2901 0.002660 
2902 0.463005 
2903 -0.103887 
2904 0.005499 
2905 0.005499 
2906 0.003562 
2907 0.005499 
2908 0.005499 
2909 -0.415773 
2910 0.005499 
2911 0.005499 
2912 -0.389441 
2913 0.005499 
2914 0.005499 
2915 -0.465294 
2916 0.176423 
2917 0.176423 
2918 0.174763 
2919 0.215673 
2920 0.480161 
2921 -0.177130 
2922 -0.444268 
2923 0.140534 
2924 0.140534 
2925 0.140534 
2926 -0.444268 
2927 0.112928 
2928 0.359286 
2929 -0.400712 
2930 -0.177736 
2931 -0.447666 
2932 0.431979 
2933 0.431979 
2934 0.489754 
2935 -0.159282 
2936 0.142782 
2937 0.008053 
2938 0.431979 
2939 0.431979 
2940 0.178874 
2941 0.319704 
2942 0.319704 
2943 -0.042186 
2944 0.068713 
2945 0.068713 
2946 -0.167311 
2947 0.068713 
2948 0.005499 
2949 -0.177736 
2950 0.068713 
2951 -0.141744 
2952 -0.291501 
2953 0.005499 
2954 0.005499 
2955 -0.291501 
2956 0.005499 
2957 0.224090 
2958 0.198416 
2959 0.259454 
2960 0.198416 
2961 0.198416 
2962 -0.492354 
2963 0.217422 
2964 0.373737 
2965 -0.395684 
2966 0.217422 
2967 -0.270632 
2968 0.423156 
2969 0.410470 
2970 0.126763 
2971 -0.317195 
2972 0.151353 
2973 0.431979 
2974 -0.194725 
2975 0.431979 
2976 0.449590 
2977 0.294903 
2978 0.319704 
2979 0.319704 
2980 -0.038840 
2981 0.092554 
2982 0.319704 
2983 0.218956 
2984 0.068713 
2985 -0.021633 
2986 -0.376999 
2987 0.048973 
2988 0.068713 
2989 0.250229 
2990 0.413115 
2991 0.005499 
2992 0.068960 
2993 0.005499 
2994 0.224090 
2995 0.423156 
2996 0.259454 
2997 0.198416 
2998 -0.038840 
2999 0.198416 
3000 0.217422 
3001 -0.161157 
3002 0.276647 
3003 0.373737 
3004 0.217422 
3005 -0.159282 
3006 -0.217713 
3007 0.217422 
3008 0.250229 
3009 0.003856 
3010 0.003856 
3011 0.091072 
3012 0.475660 
3013 -0.148273 
3014 -0.403973 
3015 0.112928 
3016 0.227677 
3017 -0.015136 
3018 0.151353 
3019 0.319704 
3020 0.142244 
3021 0.319704 
3022 0.319704 
3023 0.376657 
3024 0.319704 
3025 0.319704 
3026 0.427619 
3027 -0.083875 
3028 -0.389166 
3029 0.149635 
3030 -0.083875 
3031 -0.125135 
3032 0.423156 
3033 0.444808 
3034 0.423156 
3035 0.198416 
3036 0.158100 
3037 -0.177130 
3038 -0.177130 
3039 0.485162 
3040 0.217422 
3041 0.276647 
3042 0.475660 
3043 0.217422 
3044 0.373737 
3045 -0.129113 
3046 0.410470 
3047 0.068960 
3048 0.133962 
3049 0.345972 
3050 0.314006 
3051 -0.318676 
3052 0.112928 
3053 0.112928 
3054 0.471955 
3055 0.319704 
3056 0.112928 
3057 -0.146803 
3058 0.319704 
3059 0.427730 
3060 -0.270583 
3061 0.345054 
3062 0.491221 
3063 0.442818 
3064 0.345054 
3065 0.491221 
3066 0.149635 
3067 -0.083875 
3068 -0.400712 
3069 0.413115 
3070 -0.167311 
3071 0.158100 
3072 -0.487584 
3073 0.158100 
3074 -0.177130 
3075 0.423770 
3076 -0.382575 
3077 0.331143 
3078 0.055541 
3079 -0.382575 
3080 -0.395684 
3081 -0.395684 
3082 0.228279 
3083 -0.395684 
3084 -0.161848 
3085 0.463005 
3086 -0.395684 
3087 -0.311374 
3088 -0.357752 
3089 -0.258993 
3090 0.345972 
3091 0.412043 
3092 0.171354 
3093 0.437815 
3094 0.300087 
3095 0.171354 
3096 0.171354 
3097 0.088380 
3098 0.382061 
3099 0.345054 
3100 -0.400712 
3101 0.221124 
3102 0.221124 
3103 0.477957 
3104 0.345054 
3105 -0.400712 
3106 0.413115 
3107 -0.167311 
3108 0.218956 
3109 0.413115 
3110 0.158100 
3111 -0.487584 
3112 -0.146803 
3113 0.444808 
3114 -0.382575 
3115 -0.382575 
3116 0.449382 
3117 0.045343 
3118 0.382592 
3119 -0.244418 
3120 -0.242790 
3121 -0.389441 
3122 0.417012 
3123 0.104323 
3124 0.331143 
3125 -0.492354 
3126 0.042605 
3127 -0.261332 
3128 -0.443971 
3129 0.092802 
3130 0.171354 
3131 -0.232390 
3132 -0.096529 
3133 0.171354 
3134 -0.406137 
3135 0.345054 
3136 0.345054 
3137 0.013033 
3138 0.221124 
3139 0.345054 
3140 0.382592 
3141 0.345054 
3142 -0.400712 
3143 0.413115 
3144 -0.389334 
3145 0.398093 
3146 0.398093 
3147 0.332290 
3148 0.210710 
3149 0.210710 
3150 0.444808 
3151 -0.382575 
3152 -0.382575 
3153 -0.389334 
3154 -0.382575 
3155 -0.463360 
3156 -0.238529 
3157 -0.487965 
3158 -0.487965 
3159 -0.477275 
3160 -0.487965 
3161 -0.487965 
3162 -0.439775 
3163 0.042605 
3164 0.182257 
3165 0.489754 
3166 -0.220766 
3167 0.042605 
3168 0.389988 
3169 0.171354 
3170 0.171354 
3171 0.224090 
3172 0.072821 
3173 0.492930 
3174 -0.043495 
3175 0.345054 
3176 0.345054 
3177 -0.400712 
3178 0.345054 
3179 -0.400712 
3180 0.398093 
3181 0.161947 
3182 0.398093 
3183 0.398093 
3184 0.398093 
3185 0.398093 
3186 0.398093 
3187 0.210710 
3188 -0.463360 
3189 0.210710 
3190 0.430546 
3191 -0.463360 
3192 0.159106 
3193 -0.389334 
3194 -0.463360 
3195 -0.279645 
3196 0.480161 
3197 0.182257 
3198 0.182257 
3199 0.322703 
3200 0.182257 
3201 -0.487965 
3202 -0.125816 
3203 0.412879 
3204 0.427730 
3205 0.045343 
3206 0.445249 
3207 0.045343 
3208 0.412879 
3209 0.445249 
3210 -0.406137 
3211 0.045343 
3212 -0.201516 
3213 0.072821 
3214 0.382592 
3215 0.345054 
3216 0.189813 
3217 0.161947 
3218 0.398093 
3219 0.161947 
3220 0.398093 
3221 0.210710 
3222 0.210710 
3223 -0.389334 
3224 0.159106 
3225 -0.389334 
3226 -0.279645 
3227 0.480161 
3228 -0.279645 
3229 -0.096529 
3230 -0.487965 
3231 -0.172087 
3232 0.427730 
3233 -0.220766 
3234 0.427730 
3235 0.045343 
3236 -0.406137 
3237 0.045343 
3238 -0.406137 
3239 -0.439775 
3240 0.189813 
3241 -0.225198 
3242 0.428563 
3243 -0.363622 
3244 0.428563 
3245 0.231742 
3246 -0.385874 
3247 0.002660 
3248 0.373737 
3249 0.002660 
3250 -0.043495 
3251 0.002660 
3252 -0.043495 
3253 0.005499 
3254 -0.043495 
3255 0.025632 
3256 -0.043495 
3257 0.025632 
3258 -0.403973 
3259 -0.042186 
3260 -0.403973 
3261 -0.042186 
3262 0.215673 
3263 0.215673 
3264 -0.042186 
3265 0.428563 
3266 -0.225198 
3267 -0.009189 
3268 -0.009189 
3269 -0.225198 
3270 -0.363622 
3271 0.428563 
3272 0.231742 
3273 0.373737 
3274 0.373737 
3275 -0.267036 
3276 0.413115 
3277 0.373737 
3278 0.373737 
3279 -0.261332 
3280 -0.261332 
3281 -0.267036 
3282 -0.261332 
3283 -0.043495 
3284 -0.043495 
3285 -0.169017 
3286 -0.043495 
3287 -0.043495 
3288 -0.169017 
3289 -0.043495 
3290 -0.060840 
3291 0.104323 
3292 -0.043495 
3293 0.480161 
3294 -0.077089 
3295 -0.403973 
3296 0.215673 
3297 0.215673 
3298 0.215673 
3299 0.215673 
3300 0.215673 
3301 0.215673 
3302 0.428563 
3303 0.140534 
3304 -0.225198 
3305 -0.009189 
3306 -0.444268 
3307 0.025632 
3308 0.025632 
3309 -0.177736 
3310 0.025632 
3311 0.428563 
3312 -0.260363 
3313 0.042605 
3314 0.049733 
3315 0.002660 
3316 0.154382 
3317 0.413115 
3318 0.231742 
3319 0.471955 
3320 0.095960 
3321 -0.273196 
3322 -0.043495 
3323 -0.043495 
3324 -0.060840 
3325 -0.043495 
3326 -0.043495 
3327 0.005499 
3328 0.328747 
3329 0.328747 
3330 -0.204027 
3331 -0.002442 
3332 -0.002442 
3333 -0.403973 
3334 0.215673 
3335 -0.403973 
3336 -0.403973 
3337 0.215673 
3338 0.215673 
3339 -0.444268 
3340 0.140534 
3341 -0.444268 
3342 -0.009189 
3343 -0.444268 
3344 -0.444268 
3345 -0.400712 
3346 -0.177736 
3347 -0.400712 
3348 0.178874 
3349 -0.246573 
3350 0.142782 
3351 0.178874 
3352 -0.067477 
3353 0.142782 
3354 0.154382 
3355 0.061239 
3356 0.154382 
3357 0.471955 
3358 0.073289 
3359 -0.385874 
3360 0.471955 
3361 0.128649 
3362 0.395479 
3363 -0.415773 
3364 0.005499 
3365 0.005499 
3366 0.328747 
3367 -0.005135 
3368 -0.002442 
3369 0.174763 
3370 0.176423 
3371 -0.002442 
3372 0.174763 
3373 0.176423 
3374 -0.002442 
3375 0.215673 
3376 -0.444268 
3377 -0.444268 
3378 -0.444268 
3379 0.084946 
3380 0.140534 
3381 0.009082 
3382 -0.400712 
3383 -0.177736 
3384 -0.400712 
3385 -0.115184 
3386 -0.060451 
3387 -0.115184 
3388 -0.115184 
3389 -0.103887 
3390 -0.125135 
3391 0.142782 
3392 0.309012 
3393 0.309012 
3394 0.011997 
3395 0.256885 
3396 0.389988 
3397 0.309012 
3398 0.309012 
3399 -0.041275 
3400 -0.385874 
3401 0.134076 
3402 -0.208741 
3403 0.121442 
3404 0.300087 
3405 0.328747 
3406 0.068960 
3407 0.126763 
3408 0.224090 
3409 -0.291501 
3410 -0.403973 
3411 0.224090 
3412 -0.403973 
3413 0.297352 
3414 -0.177130 
3415 0.084946 
3416 0.084946 
3417 -0.177130 
3418 0.430546 
3419 -0.040031 
3420 0.408331 
3421 -0.115184 
3422 -0.115184 
3423 0.008053 
3424 -0.115184 
3425 0.023801 
3426 -0.317195 
3427 -0.177884 
3428 0.428426 
3429 0.309012 
3430 0.309012 
3431 0.242982 
3432 -0.041275 
3433 0.048973 
3434 0.048973 
3435 0.309012 
3436 0.309012 
3437 0.309012 
3438 0.309012 
3439 -0.385874 
3440 0.460143 
3441 0.249601 
3442 0.140534 
3443 0.140534 
3444 -0.389166 
3445 -0.291501 
3446 0.149635 
3447 -0.389166 
3448 0.224090 
3449 0.398093 
3450 0.231742 
3451 0.423156 
3452 0.297352 
3453 0.297352 
3454 0.198416 
3455 -0.492354 
3456 0.430546 
3457 -0.038840 
3458 0.034699 
3459 0.217422 
3460 0.248261 
3461 -0.431474 
3462 0.008053 
3463 -0.311374 
3464 0.280839 
3465 -0.167311 
3466 0.303909 
3467 -0.122428 
3468 -0.487584 
3469 0.227677 
3470 -0.122230 
3471 0.156037 
3472 -0.252518 
3473 0.309012 
3474 0.413342 
3475 0.222617 
3476 0.048973 
3477 0.048973 
3478 0.309012 
3479 0.140534 
3480 0.149635 
3481 0.398093 
3482 0.149635 
3483 0.398093 
3484 -0.083875 
3485 0.398093 
3486 -0.083875 
3487 0.158100 
3488 0.423156 
3489 0.231742 
3490 0.158100 
3491 -0.177130 
3492 -0.161157 
3493 -0.382575 
3494 -0.049159 
3495 0.134076 
3496 -0.232390 
3497 0.361073 
3498 -0.492354 
3499 0.182257 
3500 0.217422 
3501 -0.258993 
3502 -0.041897 
3503 0.227677 
3504 -0.137577 
3505 -0.077844 
3506 -0.258993 
3507 -0.060840 
3508 0.222617 
3509 0.227677 
3510 -0.453569 
3511 -0.453569 
3512 0.309012 
3513 -0.453569 
3514 -0.300531 
3515 -0.419714 
3516 0.452160 
3517 0.452160 
3518 -0.216342 
3519 -0.400712 
3520 0.149635 
3521 0.345054 
3522 -0.400712 
3523 -0.083875 
3524 0.218956 
3525 0.413115 
3526 0.158100 
3527 0.158100 
3528 -0.177130 
3529 -0.382575 
3530 -0.382575 
3531 0.244911 
3532 -0.194072 
3533 -0.038840 
3534 0.259495 
3535 -0.159282 
3536 0.046970 
3537 -0.122428 
3538 0.023801 
3539 0.125686 
3540 0.428426 
3541 0.423770 
3542 0.472124 
3543 0.239068 
3544 0.423770 
3545 0.423770 
3546 -0.431474 
3547 -0.459152 
3548 0.084946 
3549 0.171354 
3550 0.452160 
3551 0.452160 
3552 -0.220766 
3553 -0.453569 
3554 -0.453569 
3555 0.221124 
3556 0.452160 
3557 0.477957 
3558 0.345054 
3559 0.477957 
3560 -0.216342 
3561 -0.389334 
3562 0.413115 
3563 0.218956 
3564 0.158100 
3565 0.413115 
3566 0.319704 
3567 0.156037 
3568 -0.382575 
3569 0.249601 
3570 -0.382575 
3571 -0.273196 
3572 0.198416 
3573 0.005273 
3574 0.222518 
3575 0.275672 
3576 -0.263120 
3577 0.405840 
3578 0.049756 
3579 0.331143 
3580 0.293466 
3581 0.176423 
3582 -0.148273 
3583 -0.405505 
3584 -0.419714 
3585 -0.220766 
3586 0.442818 
3587 -0.453569 
3588 -0.453569 
3589 0.013033 
3590 -0.141744 
3591 0.151532 
3592 0.013033 
3593 0.477957 
3594 0.477957 
3595 0.345054 
3596 0.452160 
3597 -0.216342 
3598 -0.389334 
3599 0.413115 
3600 -0.389334 
3601 0.218956 
3602 0.413115 
3603 0.444808 
3604 0.210710 
3605 0.210710 
3606 0.444808 
3607 -0.382575 
3608 0.485162 
3609 -0.096529 
3610 -0.096529 
3611 -0.382575 
3612 0.179365 
3613 0.417012 
3614 -0.005671 
3615 -0.465294 
3616 -0.096529 
3617 -0.487965 
3618 -0.125816 
3619 -0.220766 
3620 -0.171574 
3621 -0.220766 
3622 -0.172087 
3623 -0.261332 
3624 -0.220766 
3625 -0.220766 
3626 0.445249 
3627 -0.439775 
3628 -0.439775 
3629 0.345054 
3630 -0.439775 
3631 -0.400712 
3632 0.072821 
3633 -0.400712 
3634 0.345054 
3635 0.210710 
3636 -0.161848 
3637 0.210710 
3638 0.210710 
3639 -0.161848 
3640 0.430546 
3641 0.430546 
3642 0.210710 
3643 -0.389334 
3644 -0.389334 
3645 0.210710 
3646 0.430546 
3647 0.430546 
3648 -0.463360 
3649 -0.242790 
3650 -0.242790 
3651 -0.463360 
3652 -0.242790 
3653 -0.096529 
3654 -0.436394 
3655 -0.172087 
3656 -0.436394 
3657 0.182257 
3658 -0.220766 
3659 0.045343 
3660 -0.436394 
3661 0.045343 
3662 0.045343 
3663 0.445249 
3664 0.045343 
3665 0.045343 
3666 0.072821 
3667 -0.484099 
3668 -0.439775 
3669 0.072821 
3670 -0.484099 
3671 0.345054 
3672 0.161947 
3673 0.210710 
3674 -0.161848 
3675 0.210710 
3676 0.210710 
3677 -0.389334 
3678 0.210710 
3679 -0.389334 
3680 0.159106 
3681 0.480161 
3682 -0.279645 
3683 0.480161 
3684 -0.279645 
3685 -0.172087 
3686 -0.487965 
3687 -0.220766 
3688 0.427730 
3689 0.045343 
3690 0.427730 
3691 0.045343 
3692 -0.406137 
3693 0.045343 
3694 -0.406137 
3695 0.072821 
3696 -0.225198 
3697 0.231742 
3698 0.428563 
3699 0.231742 
3700 0.428563 
3701 -0.260363 
3702 -0.260363 
3703 -0.260363 
3704 -0.260363 
3705 0.179769 
3706 -0.043495 
3707 -0.043495 
3708 0.294903 
3709 -0.060840 
3710 -0.179510 
3711 -0.060840 
3712 -0.179510 
3713 0.480161 
3714 -0.403973 
3715 0.215673 
3716 -0.403973 
3717 0.215673 
3718 0.215673 
3719 -0.307313 
3720 -0.444268 
3721 -0.009189 
3722 -0.225198 
3723 -0.225198 
3724 -0.009189 
3725 -0.363622 
3726 -0.363622 
3727 0.466011 
3728 -0.260363 
3729 -0.260363 
3730 0.042605 
3731 -0.260363 
3732 -0.260363 
3733 0.413115 
3734 0.179769 
3735 -0.261332 
3736 0.413115 
3737 -0.131828 
3738 -0.131828 
3739 -0.261332 
3740 0.294903 
3741 -0.131828 
3742 -0.131828 
3743 -0.179510 
3744 -0.131828 
3745 -0.131828 
3746 -0.131828 
3747 -0.131828 
3748 0.104323 
3749 -0.403973 
3750 -0.403973 
3751 -0.403973 
3752 0.215673 
3753 0.215673 
3754 -0.403973 
3755 0.215673 
3756 0.215673 
3757 -0.444268 
3758 -0.444268 
3759 0.140534 
3760 0.140534 
3761 -0.444268 
3762 -0.009189 
3763 0.466011 
3764 -0.444268 
3765 -0.300867 
3766 -0.300867 
3767 0.178874 
3768 0.042605 
3769 0.201349 
3770 0.154382 
3771 -0.261332 
3772 0.227677 
3773 0.154382 
3774 0.227677 
3775 0.095960 
3776 -0.261332 
3777 0.065463 
3778 0.294903 
3779 -0.043495 
3780 -0.131828 
3781 -0.131828 
3782 -0.169017 
3783 -0.131828 
3784 -0.131828 
3785 0.104323 
3786 -0.403973 
3787 -0.403973 
3788 -0.002442 
3789 0.215673 
3790 -0.403973 
3791 -0.403973 
3792 -0.403973 
3793 -0.403973 
3794 -0.444268 
3795 -0.444268 
3796 0.140534 
3797 0.140534 
3798 -0.009189 
3799 -0.246573 
3800 -0.246573 
3801 -0.009189 
3802 -0.009189 
3803 -0.177736 
3804 -0.300867 
3805 -0.300867 
3806 -0.300867 
3807 0.023703 
3808 0.023703 
3809 0.309012 
3810 0.309012 
3811 -0.261332 
3812 0.350534 
3813 0.309012 
3814 -0.261332 
3815 -0.261332 
3816 -0.385874 
3817 -0.131828 
3818 -0.131828 
3819 0.328747 
3820 -0.169017 
3821 -0.477275 
3822 -0.002442 
3823 0.104323 
3824 0.174763 
3825 0.328747 
3826 -0.403973 
3827 0.176423 
3828 0.174763 
3829 -0.403973 
3830 -0.002442 
3831 -0.444268 
3832 -0.444268 
3833 -0.444268 
3834 0.084946 
3835 0.430546 
3836 0.084946 
3837 -0.444268 
3838 -0.400712 
3839 -0.009189 
3840 -0.009189 
3841 -0.115184 
3842 -0.067477 
3843 -0.067477 
3844 -0.115184 
3845 0.309012 
3846 0.309012 
3847 0.309012 
3848 0.309012 
3849 0.309012 
3850 0.309012 
3851 0.389988 
3852 0.309012 
3853 0.309012 
3854 0.309012 
3855 -0.385874 
3856 0.309012 
3857 -0.389166 
3858 0.121442 
3859 0.328747 
3860 0.176423 
3861 0.398093 
3862 0.328747 
3863 0.176423 
3864 0.176423 
3865 0.174763 
3866 -0.403973 
3867 0.224090 
3868 0.198416 
3869 -0.177130 
3870 0.198416 
3871 0.198416 
3872 0.198416 
3873 0.408331 
3874 0.408331 
3875 0.084946 
3876 0.084946 
3877 0.084946 
3878 -0.115184 
3879 -0.238529 
3880 -0.060451 
3881 -0.400712 
3882 -0.238529 
3883 -0.238529 
3884 -0.115184 
3885 0.309012 
3886 0.309012 
3887 0.309012 
3888 -0.447666 
3889 -0.447666 
3890 0.309012 
3891 0.309012 
3892 0.309012 
3893 -0.447666 
3894 -0.447666 
3895 -0.389166 
3896 -0.385874 
3897 0.126763 
3898 0.398093 
3899 0.398093 
3900 -0.389166 
3901 0.398093 
3902 0.068960 
3903 0.398093 
3904 0.224090 
3905 -0.177130 
3906 0.198416 
3907 -0.177130 
3908 -0.038840 
3909 0.198416 
3910 0.198416 
3911 -0.177130 
3912 0.430546 
3913 -0.260363 
3914 0.084946 
3915 0.430546 
3916 -0.238529 
3917 -0.238529 
3918 -0.115184 
3919 -0.238529 
3920 -0.238529 
3921 -0.115184 
3922 -0.238529 
3923 -0.238529 
3924 0.227677 
3925 0.309012 
3926 0.309012 
3927 0.309012 
3928 0.309012 
3929 0.309012 
3930 0.048973 
3931 -0.447666 
3932 -0.447666 
3933 0.309012 
3934 -0.389166 
3935 0.149635 
3936 0.398093 
3937 -0.389166 
3938 0.398093 
3939 0.149635 
3940 0.398093 
3941 0.398093 
3942 -0.177130 
3943 0.413115 
3944 0.198416 
3945 0.198416 
3946 0.158100 
3947 0.198416 
3948 0.198416 
3949 0.231742 
3950 -0.260363 
3951 -0.122428 
3952 -0.260363 
3953 -0.199797 
3954 -0.199797 
3955 -0.260363 
3956 0.395479 
3957 0.395479 
3958 0.227677 
3959 -0.238529 
3960 0.227677 
3961 -0.258993 
3962 -0.060840 
3963 0.222617 
3964 -0.258993 
3965 -0.453569 
3966 -0.453569 
3967 0.048973 
3968 0.221124 
3969 0.221124 
3970 -0.453569 
3971 0.221124 
3972 0.452160 
3973 0.452160 
3974 -0.083875 
3975 -0.216342 
3976 0.149635 
3977 -0.216342 
3978 -0.216342 
3979 0.413115 
3980 0.218956 
3981 0.158100 
3982 0.413115 
3983 0.158100 
3984 -0.049159 
3985 0.009082 
3986 0.231742 
3987 0.491221 
3988 0.222518 
3989 0.231742 
3990 0.222518 
3991 0.222518 
3992 -0.199797 
3993 0.395479 
3994 -0.260363 
3995 -0.199797 
3996 0.395479 
3997 0.395479 
3998 0.227677 
3999 0.442818 
4000 0.442818 
4001 0.423770 
4002 -0.459152 
4003 0.442818 
4004 -0.453569 
4005 0.221124 
4006 0.221124 
4007 -0.453569 
4008 -0.216342 
4009 0.221124 
4010 0.452160 
4011 0.221124 
4012 -0.216342 
4013 0.477957 
4014 -0.216342 
4015 -0.216342 
4016 0.413115 
4017 -0.389334 
4018 0.218956 
4019 0.218956 
4020 0.158100 
4021 0.319704 
4022 0.156037 
4023 0.231742 
4024 0.231742 
4025 0.222518 
4026 0.009082 
4027 -0.096529 
4028 -0.096529 
4029 0.491221 
4030 -0.199797 
4031 -0.005671 
4032 -0.199797 
4033 0.049756 
4034 0.331143 
4035 0.423770 
4036 0.442818 
4037 0.442818 
4038 0.423770 
4039 0.445249 
4040 0.445249 
4041 -0.220766 
4042 0.445249 
4043 0.445249 
4044 -0.453569 
4045 0.221124 
4046 -0.453569 
4047 0.452160 
4048 0.221124 
4049 0.221124 
4050 0.477957 
4051 0.221124 
4052 -0.216342 
4053 0.413115 
4054 -0.389334 
4055 -0.161848 
4056 -0.161848 
4057 -0.161848 
4058 0.210710 
4059 -0.161848 
4060 -0.389334 
4061 0.092802 
4062 0.314006 
4063 -0.389334 
4064 0.314006 
4065 -0.096529 
4066 -0.005671 
4067 -0.005671 
4068 -0.005671 
4069 -0.096529 
4070 -0.436394 
4071 -0.096529 
4072 -0.096529 
4073 -0.436394 
4074 0.423770 
4075 -0.220766 
4076 0.445249 
4077 0.423770 
4078 -0.125816 
4079 0.442818 
4080 0.442818 
4081 -0.220766 
4082 0.013033 
4083 0.445249 
4084 -0.216342 
4085 -0.216342 
4086 -0.216342 
4087 -0.484099 
4088 -0.216342 
4089 -0.400712 
4090 -0.161848 
4091 -0.161848 
4092 -0.161848 
4093 -0.161848 
4094 -0.161848 
4095 -0.389334 
4096 -0.161848 
4097 -0.389334 
4098 -0.389334 
4099 -0.389334 
4100 -0.389334 
4101 -0.242790 
4102 -0.242790 
4103 -0.389334 
4104 -0.242790 
4105 -0.005671 
4106 -0.242790 
4107 -0.242790 
4108 -0.436394 
4109 -0.436394 
4110 -0.242790 
4111 -0.436394 
4112 -0.242790 
4113 0.045343 
4114 -0.172087 
4115 0.045343 
4116 0.445249 
4117 0.045343 
4118 0.045343 
4119 0.445249 
4120 -0.172087 
4121 0.045343 
4122 0.013033 
4123 0.013033 
4124 -0.439775 
4125 -0.216342 
4126 -0.400712 
4127 -0.161848 
4128 -0.161848 
4129 -0.161848 
4130 0.210710 
4131 -0.389334 
4132 -0.389334 
4133 -0.389334 
4134 -0.242790 
4135 -0.389334 
4136 -0.005671 
4137 -0.005671 
4138 -0.242790 
4139 -0.242790 
4140 -0.436394 
4141 -0.172087 
4142 -0.172087 
4143 -0.220766 
4144 -0.172087 
4145 0.045343 
4146 -0.172087 
4147 0.045343 
4148 -0.172087 
4149 -0.172087 
4150 -0.439775 
4151 -0.361893 
4152 -0.293523 
4153 -0.293523 
4154 -0.115184 
4155 0.025632 
4156 0.025632 
4157 0.025632 
4158 0.025632 
4159 -0.347599 
4160 -0.347599 
4161 -0.347599 
4162 -0.325785 
4163 0.485162 
4164 -0.161157 
4165 0.259495 
4166 0.259495 
4167 -0.115184 
4168 0.276647 
4169 0.159106 
4170 0.433049 
4171 0.433049 
4172 -0.347599 
4173 -0.484099 
4174 -0.484099 
4175 -0.325785 
4176 -0.325785 
4177 0.213562 
4178 0.259495 
4179 -0.361893 
4180 -0.382016 
4181 -0.382016 
4182 -0.382016 
4183 0.433049 
4184 -0.113420 
4185 0.350534 
4186 0.161242 
4187 0.382061 
4188 -0.484099 
4189 -0.325785 
4190 0.213562 
4191 0.213562 
4192 0.357135 
4193 0.259495 
4194 0.417012 
4195 0.159106 
4196 0.159106 
4197 0.433049 
4198 0.433049 
4199 0.344933 
4200 -0.484099 
4201 -0.484099 
4202 -0.325785 
4203 -0.049159 
4204 0.221124 
4205 0.213562 
4206 -0.232390 
4207 0.095749 
4208 -0.258596 
4209 0.452160 
4210 0.228279 
4211 -0.204964 
4212 0.449382 
4213 -0.232390 
4214 -0.201516 
4215 -0.068247 
4216 -0.049159 
4217 0.472124 
4218 -0.167311 
4219 0.492930 
4220 0.275672 
4221 0.275672 
4222 0.075031 
4223 0.418542 
4224 -0.122230 
4225 0.433049 
4226 -0.201516 
4227 -0.201516 
4228 -0.068247 
4229 -0.049159 
4230 0.472124 
4231 0.449382 
4232 0.074229 
4233 0.275672 
4234 -0.021633 
4235 -0.252518 
4236 0.464961 
4237 -0.002442 
4238 0.398093 
4239 0.013033 
4240 0.025632 
4241 -0.068247 
4242 0.205901 
4243 0.158100 
4244 -0.270632 
4245 0.472124 
4246 -0.292678 
4247 -0.317677 
4248 0.009082 
4249 0.103794 
4250 -0.036928 
4251 0.339293 
4252 0.013033 
4253 0.376657 
4254 -0.400712 
4255 0.332290 
4256 0.205901 
4257 -0.270632 
4258 -0.300867 
4259 0.431979 
4260 0.431979 
4261 -0.159282 
4262 -0.177884 
4263 0.068960 
4264 -0.360206 
4265 0.423156 
4266 -0.430373 
4267 0.376657 
4268 0.332290 
4269 -0.208741 
4270 -0.172087 
4271 -0.430373 
4272 -0.043495 
4273 0.413342 
4274 -0.490810 
4275 0.074229 
4276 0.466011 
4277 0.090160 
4278 0.428563 
4279 -0.430373 
4280 0.376657 
4281 0.332290 
4282 -0.208741 
4283 -0.208741 
4284 0.005273 
4285 0.030816 
4286 -0.405505 
4287 -0.077089 
4288 0.217422 
4289 0.217422 
4290 0.461669 
4291 0.151495 
4292 -0.307313 
4293 -0.017930 
4294 0.332290 
4295 0.332290 
4296 -0.208741 
4297 -0.172087 
4298 -0.172087 
4299 -0.389334 
4300 0.429040 
4301 -0.389334 
4302 -0.273200 
4303 0.420621 
4304 -0.307313 
4305 -0.017930 
4306 -0.017930 
4307 0.332290 
4308 0.332290 
4309 -0.268595 
4310 0.126763 
4311 0.126763 
4312 0.401692 
4313 -0.389334 
4314 -0.389334 
4315 0.217422 
4316 0.217422 
4317 -0.017930 
4318 -0.017930 
4319 -0.017930 
4320 0.011888 
4321 0.011888 
4322 0.011888 
4323 0.345054 
4324 0.011888 
4325 0.453801 
4326 0.453801 
4327 0.025632 
4328 0.025632 
4329 -0.347599 
4330 -0.347599 
4331 -0.455571 
4332 -0.347599 
4333 0.011888 
4334 0.011888 
4335 0.011888 
4336 0.011888 
4337 0.011888 
4338 0.453801 
4339 0.068960 
4340 0.025632 
4341 -0.387504 
4342 0.025632 
4343 0.025632 
4344 -0.347599 
4345 -0.455571 
4346 -0.273200 
4347 -0.273200 
4348 0.428563 
4349 -0.292678 
4350 0.408331 
4351 -0.115184 
4352 0.065463 
4353 0.065463 
4354 -0.387504 
4355 0.161242 
4356 0.382061 
4357 0.025632 
4358 -0.455571 
4359 0.140534 
4360 -0.273200 
4361 -0.171574 
4362 0.477957 
4363 0.003856 
4364 0.159106 
4365 0.159106 
4366 0.159106 
4367 0.344933 
4368 0.344933 
4369 -0.387504 
4370 0.025632 
4371 -0.455571 
4372 0.391026 
4373 0.391026 
4374 0.149635 
4375 0.248261 
4376 0.059535 
4377 0.146380 
4378 0.090160 
4379 0.146380 
4380 -0.204964 
4381 -0.232367 
4382 0.073301 
4383 0.073301 
4384 0.023703 
4385 0.391026 
4386 0.391026 
4387 0.091427 
4388 0.091427 
4389 -0.077844 
4390 0.339293 
4391 0.075031 
4392 0.418542 
4393 -0.438957 
4394 0.433049 
4395 0.433152 
4396 -0.125135 
4397 -0.068247 
4398 -0.137577 
4399 -0.083875 
4400 0.476559 
4401 0.074229 
4402 -0.360206 
4403 0.103574 
4404 -0.252518 
4405 0.464961 
4406 -0.002442 
4407 -0.026213 
4408 0.142782 
4409 -0.125135 
4410 -0.125135 
4411 -0.083875 
4412 -0.083875 
4413 0.410470 
4414 0.091427 
4415 0.011888 
4416 -0.077844 
4417 -0.017930 
4418 -0.398138 
4419 -0.398138 
4420 0.171354 
4421 -0.438957 
4422 -0.125135 
4423 -0.125135 
4424 0.413115 
4425 -0.083875 
4426 0.444808 
4427 0.435060 
4428 0.030816 
4429 0.345972 
4430 0.198793 
4431 -0.077499 
4432 -0.398138 
4433 -0.005671 
4434 0.205901 
4435 0.008053 
4436 0.345054 
4437 0.413115 
4438 -0.083875 
4439 0.401692 
4440 0.154382 
4441 -0.017800 
4442 0.431756 
4443 -0.490810 
4444 0.074229 
4445 0.466011 
4446 0.090160 
4447 0.428563 
4448 0.189813 
4449 0.345054 
4450 0.413115 
4451 0.161947 
4452 0.161947 
4453 0.225496 
4454 0.030816 
4455 0.030816 
4456 -0.077089 
4457 0.427730 
4458 0.420621 
4459 0.461669 
4460 0.034699 
4461 0.428563 
4462 0.189813 
4463 0.161947 
4464 0.413115 
4465 0.161947 
4466 0.368749 
4467 0.368749 
4468 0.431756 
4469 0.104323 
4470 0.119596 
4471 0.427730 
4472 0.420621 
4473 0.428563 
4474 0.428563 
4475 0.189813 
4476 0.161947 
4477 0.161947 
4478 0.161947 
4479 0.161947 
4480 0.159106 
4481 0.159106 
4482 0.159106 
4483 0.427730 
4484 0.427730 
4485 0.412879 
4486 -0.382575 
4487 -0.382575 
4488 -0.382575 
4489 -0.169335 
4490 0.428563 
4491 0.373737 
4492 -0.115184 
4493 0.359286 
4494 0.359286 
4495 -0.175109 
4496 -0.175109 
4497 -0.077089 
4498 -0.077089 
4499 -0.077089 
4500 -0.042186 
4501 -0.042186 
4502 0.228279 
4503 0.025632 
4504 0.461669 
4505 -0.208741 
4506 0.390611 
4507 0.331143 
4508 0.423770 
4509 -0.077089 
4510 -0.077089 
4511 -0.077089 
4512 -0.077089 
4513 0.480161 
4514 -0.042186 
4515 0.228279 
4516 0.025632 
4517 -0.411294 
4518 -0.411294 
4519 -0.411294 
4520 0.038152 
4521 0.423770 
4522 -0.175109 
4523 -0.175109 
4524 -0.379410 
4525 -0.232367 
4526 -0.077089 
4527 0.480161 
4528 0.149635 
4529 0.228279 
4530 0.068713 
4531 0.025632 
4532 0.003856 
4533 0.038152 
4534 0.326067 
4535 0.003562 
4536 -0.415773 
4537 -0.389441 
4538 -0.389441 
4539 -0.077089 
4540 0.480161 
4541 0.149635 
4542 -0.317677 
4543 -0.201709 
4544 -0.201709 
4545 -0.377298 
4546 -0.377298 
4547 0.178874 
4548 -0.042186 
4549 -0.458770 
4550 -0.177736 
4551 -0.291501 
4552 0.435060 
4553 0.480161 
4554 0.259454 
4555 -0.317677 
4556 -0.395684 
4557 -0.421878 
4558 -0.317195 
4559 -0.463839 
4560 0.294903 
4561 0.418542 
4562 -0.122230 
4563 -0.376999 
4564 0.250229 
4565 0.435060 
4566 -0.291501 
4567 0.259454 
4568 -0.194725 
4569 0.476559 
4570 0.055541 
4571 0.250229 
4572 0.091072 
4573 0.237452 
4574 -0.015136 
4575 0.142244 
4576 0.376657 
4577 0.013033 
4578 -0.122230 
4579 -0.125135 
4580 0.444808 
4581 -0.194725 
4582 -0.419714 
4583 -0.071917 
4584 -0.129113 
4585 0.412043 
4586 -0.318676 
4587 0.471955 
4588 -0.398138 
4589 -0.270583 
4590 0.142782 
4591 -0.122230 
4592 -0.400712 
4593 -0.167311 
4594 0.324457 
4595 0.444808 
4596 -0.419714 
4597 -0.244418 
4598 0.345972 
4599 -0.357752 
4600 0.237452 
4601 0.296225 
4602 0.088380 
4603 0.221124 
4604 0.126763 
4605 -0.400712 
4606 -0.167311 
4607 0.420621 
4608 0.401692 
4609 -0.244418 
4610 -0.244418 
4611 -0.244418 
4612 -0.490810 
4613 -0.443971 
4614 0.466011 
4615 0.347053 
4616 0.382592 
4617 0.347053 
4618 -0.400712 
4619 0.420621 
4620 0.420621 
4621 0.324457 
4622 -0.472060 
4623 -0.244418 
4624 0.171354 
4625 -0.439775 
4626 0.322703 
4627 0.009082 
4628 0.224090 
4629 -0.043495 
4630 0.347053 
4631 0.382592 
4632 0.161947 
4633 0.161947 
4634 0.420621 
4635 -0.258993 
4636 -0.258993 
4637 0.417012 
4638 0.055541 
4639 0.220715 
4640 0.074229 
4641 0.420621 
4642 0.030816 
4643 0.030816 
4644 0.189813 
4645 0.161947 
4646 0.161947 
4647 0.161947 
4648 0.430546 
4649 0.430546 
4650 -0.389334 
4651 0.220715 
4652 0.220715 
4653 0.045343 
4654 -0.463839 
4655 -0.439775 
4656 -0.439775 
4657 0.189813 
4658 -0.225198 
4659 -0.363622 
4660 -0.268595 
4661 0.002660 
4662 0.002660 
4663 0.002660 
4664 0.005499 
4665 0.025632 
4666 0.025632 
4667 -0.042186 
4668 -0.042186 
4669 0.215673 
4670 -0.042186 
4671 -0.225198 
4672 -0.177736 
4673 0.242982 
4674 0.231742 
4675 0.002660 
4676 0.002660 
4677 0.005499 
4678 -0.060840 
4679 -0.060840 
4680 -0.077089 
4681 -0.077089 
4682 0.215673 
4683 0.215673 
4684 0.140534 
4685 0.140534 
4686 -0.084838 
4687 -0.084838 
4688 -0.268595 
4689 -0.267036 
4690 -0.273196 
4691 0.005499 
4692 0.005499 
4693 -0.204027 
4694 0.151532 
4695 -0.077089 
4696 0.215673 
4697 0.140534 
4698 0.140534 
4699 0.068713 
4700 0.244911 
4701 -0.267909 
4702 -0.159282 
4703 0.073289 
4704 0.073289 
4705 0.005499 
4706 -0.005135 
4707 -0.465294 
4708 -0.077089 
4709 0.215673 
4710 0.198416 
4711 0.140534 
4712 0.359286 
4713 -0.084838 
4714 0.201349 
4715 0.431979 
4716 0.256885 
4717 0.092554 
4718 -0.458770 
4719 0.300087 
4720 0.005499 
4721 -0.141744 
4722 0.005499 
4723 0.198416 
4724 -0.161157 
4725 0.112928 
4726 0.112928 
4727 -0.317195 
4728 0.151353 
4729 -0.041275 
4730 0.092554 
4731 -0.377298 
4732 0.249601 
4733 0.250229 
4734 0.048973 
4735 0.005499 
4736 0.423156 
4737 -0.161157 
4738 0.476559 
4739 0.463005 
4740 0.410470 
4741 0.091072 
4742 0.314006 
4743 -0.015136 
4744 0.222617 
4745 0.427730 
4746 -0.021633 
4747 0.048973 
4748 -0.083875 
4749 0.423156 
4750 0.423770 
4751 -0.049159 
4752 0.361073 
4753 -0.129113 
4754 0.412043 
4755 -0.318676 
4756 -0.398138 
4757 -0.398138 
4758 -0.270583 
4759 0.319704 
4760 0.491221 
4761 -0.083875 
4762 0.413115 
4763 0.423770 
4764 -0.487584 
4765 0.460143 
4766 0.345972 
4767 0.345972 
4768 0.239068 
4769 -0.258993 
4770 0.296225 
4771 -0.220766 
4772 0.221124 
4773 0.382061 
4774 0.221124 
4775 0.398093 
4776 -0.146803 
4777 0.401692 
4778 -0.463360 
4779 -0.244418 
4780 0.417012 
4781 -0.161848 
4782 -0.443971 
4783 0.442818 
4784 0.437815 
4785 0.221124 
4786 0.382061 
4787 0.345054 
4788 0.398093 
4789 0.413115 
4790 0.210710 
4791 -0.463360 
4792 -0.463360 
4793 -0.477275 
4794 -0.439775 
4795 0.182257 
4796 -0.261332 
4797 0.224090 
4798 -0.096529 
4799 0.492930 
4800 0.345054 
4801 0.398093 
4802 0.398093 
4803 0.210710 
4804 -0.382575 
4805 -0.463360 
4806 -0.487965 
4807 -0.487965 
4808 0.182257 
4809 0.042605 
4810 0.042605 
4811 0.492930 
4812 0.492930 
4813 0.345054 
4814 0.161947 
4815 0.398093 
4816 0.398093 
4817 0.210710 
4818 0.159106 
4819 -0.279645 
4820 -0.279645 
4821 -0.487965 
4822 0.427730 
4823 0.427730 
4824 -0.406137 
4825 -0.406137 
4826 0.072821 
4827 -0.009189 
4828 0.428563 
4829 0.428563 
4830 0.373737 
4831 -0.261332 
4832 -0.043495 
4833 -0.043495 
4834 -0.043495 
4835 -0.043495 
4836 -0.403973 
4837 -0.403973 
4838 0.215673 
4839 -0.042186 
4840 -0.009189 
4841 0.025632 
4842 0.428563 
4843 0.049733 
4844 0.413115 
4845 0.095960 
4846 -0.043495 
4847 -0.043495 
4848 -0.043495 
4849 -0.002442 
4850 -0.002442 
4851 -0.403973 
4852 0.215673 
4853 -0.444268 
4854 0.025632 
4855 -0.009189 
4856 0.042605 
4857 -0.177130 
4858 -0.419714 
4859 -0.273196 
4860 0.095960 
4861 -0.169017 
4862 -0.204027 
4863 -0.002442 
4864 -0.002442 
4865 0.215673 
4866 -0.444268 
4867 0.009082 
4868 0.068713 
4869 0.025632 
4870 -0.267909 
4871 0.061239 
4872 0.073289 
4873 0.003562 
4874 -0.415773 
4875 -0.005135 
4876 -0.465294 
4877 0.224090 
4878 -0.002442 
4879 -0.444268 
4880 -0.040031 
4881 0.359286 
4882 0.023801 
4883 0.023801 
4884 0.011997 
4885 0.256885 
4886 0.389988 
4887 0.389988 
4888 0.300087 
4889 0.174763 
4890 0.224090 
4891 0.224090 
4892 0.297352 
4893 -0.040031 
4894 0.084946 
4895 0.008053 
4896 -0.317195 
4897 0.023801 
4898 -0.041275 
4899 0.389988 
4900 -0.041275 
4901 0.249601 
4902 0.149635 
4903 0.224090 
4904 0.224090 
4905 0.231742 
4906 -0.161157 
4907 -0.492354 
4908 0.248261 
4909 -0.311374 
4910 0.303909 
4911 -0.077844 
4912 -0.015136 
4913 0.413342 
4914 -0.300531 
4915 0.427619 
4916 0.149635 
4917 0.398093 
4918 0.158100 
4919 -0.161157 
4920 0.485162 
4921 0.361073 
4922 -0.129113 
4923 0.280839 
4924 -0.318676 
4925 -0.459152 
4926 -0.300531 
4927 -0.270583 
4928 0.149635 
4929 0.149635 
4930 -0.400712 
4931 0.218956 
4932 0.156037 
4933 -0.194072 
4934 0.259495 
4935 -0.263120 
4936 -0.041897 
4937 0.239068 
4938 -0.077844 
4939 -0.459152 
4940 -0.220766 
4941 0.221124 
4942 -0.453569 
4943 0.477957 
4944 -0.389334 
4945 0.210710 
4946 0.158100 
4947 -0.273196 
4948 0.222518 
4949 0.405840 
4950 -0.148273 
4951 -0.443971 
4952 -0.459152 
4953 0.151532 
4954 0.151532 
4955 0.151532 
4956 0.477957 
4957 -0.389334 
4958 0.210710 
4959 -0.389334 
4960 0.249601 
4961 0.222518 
4962 -0.477275 
4963 0.179365 
4964 0.049756 
4965 0.045343 
4966 0.224090 
4967 -0.141744 
4968 0.151532 
4969 -0.400712 
4970 0.210710 
4971 -0.389334 
4972 0.210710 
4973 -0.382575 
4974 -0.096529 
4975 0.179365 
4976 0.179365 
4977 -0.465294 
4978 -0.172087 
4979 -0.172087 
4980 -0.439775 
4981 -0.439775 
4982 -0.400712 
4983 0.161947 
4984 0.210710 
4985 0.430546 
4986 -0.389334 
4987 -0.389334 
4988 -0.242790 
4989 -0.096529 
4990 -0.172087 
4991 -0.220766 
4992 0.045343 
4993 0.045343 
4994 0.045343 
4995 -0.439775 
4996 -0.225198 
4997 -0.363622 
4998 -0.260363 
4999 -0.260363 
5000 -0.260363 
5001 -0.131828 
5002 0.294903 
5003 -0.179510 
5004 -0.179510 
5005 -0.403973 
5006 0.215673 
5007 0.215673 
5008 -0.307313 
5009 0.140534 
5010 0.466011 
5011 0.231742 
5012 0.201349 
5013 0.201349 
5014 0.227677 
5015 0.065463 
5016 -0.131828 
5017 -0.131828 
5018 -0.403973 
5019 -0.403973 
5020 -0.403973 
5021 0.215673 
5022 0.140534 
5023 0.466011 
5024 -0.177736 
5025 -0.260363 
5026 0.002660 
5027 0.231742 
5028 -0.273196 
5029 -0.060840 
5030 0.005499 
5031 -0.204027 
5032 -0.002442 
5033 -0.403973 
5034 -0.403973 
5035 -0.444268 
5036 -0.444268 
5037 -0.177736 
5038 -0.246573 
5039 0.201349 
5040 0.061239 
5041 0.073289 
5042 0.350534 
5043 -0.477275 
5044 -0.005135 
5045 -0.477275 
5046 -0.403973 
5047 -0.403973 
5048 -0.444268 
5049 -0.444268 
5050 -0.177736 
5051 -0.060451 
5052 -0.103887 
5053 0.309012 
5054 0.256885 
5055 0.309012 
5056 0.134076 
5057 0.300087 
5058 0.126763 
5059 0.398093 
5060 -0.403973 
5061 -0.177130 
5062 -0.177130 
5063 0.408331 
5064 0.008053 
5065 -0.317195 
5066 -0.238529 
5067 -0.041275 
5068 0.309012 
5069 0.309012 
5070 0.249601 
5071 -0.389166 
5072 0.398093 
5073 0.398093 
5074 0.198416 
5075 -0.177130 
5076 -0.038840 
5077 0.248261 
5078 -0.311374 
5079 0.303909 
5080 0.227677 
5081 -0.252518 
5082 0.222617 
5083 0.309012 
5084 0.398093 
5085 0.398093 
5086 0.398093 
5087 0.413115 
5088 0.009082 
5089 -0.049159 
5090 0.361073 
5091 0.217422 
5092 0.227677 
5093 -0.258993 
5094 0.227677 
5095 0.309012 
5096 -0.419714 
5097 -0.216342 
5098 0.452160 
5099 -0.216342 
5100 0.413115 
5101 0.009082 
5102 0.244911 
5103 0.259495 
5104 0.491221 
5105 0.428426 
5106 0.239068 
5107 -0.431474 
5108 0.171354 
5109 -0.220766 
5110 0.221124 
5111 0.452160 
5112 -0.216342 
5113 0.218956 
5114 0.210710 
5115 0.092802 
5116 -0.273196 
5117 0.222518 
5118 0.405840 
5119 0.293466 
5120 -0.405505 
5121 0.442818 
5122 0.013033 
5123 0.013033 
5124 -0.216342 
5125 -0.216342 
5126 -0.161848 
5127 0.210710 
5128 0.210710 
5129 0.485162 
5130 0.092802 
5131 -0.005671 
5132 -0.487965 
5133 -0.171574 
5134 -0.261332 
5135 0.445249 
5136 0.345054 
5137 0.013033 
5138 -0.216342 
5139 -0.161848 
5140 -0.161848 
5141 0.210710 
5142 0.092802 
5143 0.092802 
5144 -0.242790 
5145 -0.436394 
5146 -0.172087 
5147 -0.172087 
5148 -0.172087 
5149 -0.172087 
5150 -0.172087 
5151 -0.216342 
5152 -0.161848 
5153 -0.161848 
5154 -0.161848 
5155 -0.389334 
5156 -0.242790 
5157 -0.005671 
5158 -0.242790 
5159 -0.436394 
5160 -0.172087 
5161 -0.172087 
5162 -0.172087 
5163 -0.172087 
5164 0.013033 
5165 -0.071917 
5166 -0.071917 
5167 -0.071917 
5168 -0.260363 
5169 -0.260363 
5170 -0.179510 
5171 -0.179510 
5172 -0.179510 
5173 -0.307313 
5174 -0.131828 
5175 -0.307313 
5176 -0.403973 
5177 -0.307313 
5178 -0.260363 
5179 0.466011 
5180 0.466011 
5181 -0.260363 
5182 -0.260363 
5183 0.227677 
5184 0.065463 
5185 -0.131828 
5186 -0.131828 
5187 -0.131828 
5188 -0.403973 
5189 -0.403973 
5190 -0.403973 
5191 0.140534 
5192 0.466011 
5193 0.466011 
5194 -0.260363 
5195 -0.260363 
5196 0.065463 
5197 0.065463 
5198 0.065463 
5199 -0.477275 
5200 -0.131828 
5201 -0.477275 
5202 -0.403973 
5203 -0.403973 
5204 -0.444268 
5205 -0.444268 
5206 0.466011 
5207 -0.246573 
5208 -0.260363 
5209 0.061239 
5210 0.065463 
5211 -0.477275 
5212 -0.477275 
5213 0.300087 
5214 -0.477275 
5215 -0.403973 
5216 -0.403973 
5217 -0.444268 
5218 -0.444268 
5219 0.161947 
5220 0.408331 
5221 0.161947 
5222 -0.238529 
5223 0.433152 
5224 0.433152 
5225 0.300087 
5226 0.300087 
5227 -0.403973 
5228 -0.403973 
5229 -0.403973 
5230 -0.444268 
5231 -0.444268 
5232 0.408331 
5233 0.408331 
5234 -0.238529 
5235 -0.238529 
5236 -0.238529 
5237 0.433152 
5238 0.222617 
5239 0.222617 
5240 -0.389166 
5241 0.398093 
5242 0.398093 
5243 0.009082 
5244 0.009082 
5245 -0.038840 
5246 0.408331 
5247 0.161947 
5248 -0.238529 
5249 0.227677 
5250 -0.252518 
5251 0.222617 
5252 -0.419714 
5253 -0.389166 
5254 -0.216342 
5255 0.398093 
5256 0.009082 
5257 0.009082 
5258 0.244911 
5259 0.361073 
5260 0.222518 
5261 -0.252518 
5262 -0.252518 
5263 -0.252518 
5264 -0.419714 
5265 -0.419714 
5266 -0.216342 
5267 -0.216342 
5268 -0.216342 
5269 0.280839 
5270 0.244911 
5271 0.244911 
5272 0.222518 
5273 0.222518 
5274 0.222518 
5275 0.293466 
5276 -0.252518 
5277 0.442818 
5278 -0.419714 
5279 0.221124 
5280 -0.216342 
5281 -0.216342 
5282 0.280839 
5283 0.280839 
5284 0.244911 
5285 0.213562 
5286 0.222518 
5287 0.405840 
5288 0.293466 
5289 -0.405505 
5290 0.442818 
5291 0.445249 
5292 0.221124 
5293 -0.216342 
5294 -0.216342 
5295 0.280839 
5296 0.280839 
5297 0.280839 
5298 0.485162 
5299 0.405840 
5300 0.405840 
5301 -0.405505 
5302 -0.405505 
5303 0.445249 
5304 0.445249 
5305 -0.216342 
5306 -0.216342 
5307 -0.172087 
5308 0.280839 
5309 -0.161848 
5310 0.485162 
5311 0.485162 
5312 0.485162 
5313 -0.242790 
5314 -0.436394 
5315 -0.172087 
5316 -0.172087 
5317 0.445249 
5318 -0.172087 
5319 -0.172087 
5320 -0.172087 
5321 -0.161848 
5322 -0.161848 
5323 -0.161848 
5324 0.485162 
5325 -0.242790 
5326 -0.242790 
5327 -0.242790 
5328 -0.436394 
5329 -0.172087 
5330 -0.172087 
5331 -0.172087 
5332 -0.172087 
5333 -0.172087 
5334 -0.260363 
5335 -0.260363 
5336 -0.071917 
5337 -0.260363 
5338 -0.260363 
5339 -0.077499 
5340 -0.179510 
5341 -0.307313 
5342 -0.307313 
5343 -0.307313 
5344 -0.307313 
5345 -0.307313 
5346 -0.307313 
5347 -0.260363 
5348 -0.260363 
5349 -0.260363 
5350 -0.260363 
5351 -0.260363 
5352 -0.077499 
5353 -0.077499 
5354 -0.307313 
5355 -0.307313 
5356 -0.307313 
5357 -0.307313 
5358 -0.307313 
5359 -0.307313 
5360 0.161947 
5361 0.161947 
5362 0.161947 
5363 -0.260363 
5364 -0.260363 
5365 -0.260363 
5366 -0.077499 
5367 -0.077499 
5368 -0.307313 
5369 -0.307313 
5370 -0.307313 
5371 -0.307313 
5372 -0.307313 
5373 0.161947 
5374 0.161947 
5375 0.161947 
5376 0.161947 
5377 0.161947 
5378 -0.260363 
5379 0.433152 
5380 -0.216342 
5381 -0.216342 
5382 -0.216342 
5383 -0.216342 
5384 -0.307313 
5385 -0.307313 
5386 0.161947 
5387 0.161947 
5388 0.161947 
5389 0.161947 
5390 0.161947 
5391 -0.260363 
5392 0.433152 
5393 -0.216342 
5394 -0.216342 
5395 -0.216342 
5396 -0.216342 
5397 -0.216342 
5398 -0.307313 
5399 0.280839 
5400 0.161947 
5401 0.161947 
5402 0.161947 
5403 0.161947 
5404 0.161947 
5405 -0.260363 
5406 0.433152 
5407 -0.216342 
5408 -0.216342 
5409 -0.216342 
5410 -0.216342 
5411 -0.307313 
5412 0.280839 
5413 0.280839 
5414 0.161947 
5415 0.161947 
5416 0.161947 
5417 0.161947 
5418 0.433152 
5419 -0.216342 
5420 -0.216342 
5421 -0.216342 
5422 -0.216342 
5423 -0.216342 
5424 -0.216342 
5425 0.280839 
5426 0.280839 
5427 0.280839 
5428 0.161947 
5429 0.161947 
5430 0.433152 
5431 0.433152 
5432 -0.216342 
5433 -0.216342 
5434 -0.216342 
5435 -0.216342 
5436 -0.216342 
5437 -0.216342 
5438 0.280839 
5439 0.280839 
5440 0.280839 
5441 0.161947 
5442 0.161947 
5443 0.433152 
5444 0.433152 
5445 -0.216342 
5446 -0.216342 
5447 -0.216342 
5448 -0.216342 
5449 -0.216342 
5450 -0.216342 
5451 0.280839 
5452 0.280839 
5453 0.280839 
5454 0.280839 
5455 0.161947 
5456 0.161947 
5457 0.433152 
5458 0.433152 
5459 -0.216342 
5460 -0.216342 
5461 -0.216342 
5462 -0.216342 
5463 -0.216342 
5464 0.280839 
5465 0.280839 
5466 0.280839 
5467 0.280839 
5468 0.280839 
5469 0.280839 
5470 0.433152 
5471 0.433152 
5472 0.433152 
5473 -0.216342 
5474 -0.216342 
5475 -0.216342 
5476 0.413342 
5477 -0.161848 
5478 -0.161848 
5479 0.280839 
5480 0.280839 
5481 0.280839 
5482 0.280839 
5483 0.280839 
5484 0.433152 
5485 0.433152 
5486 0.433152 
5487 -0.216342 
5488 -0.216342 
5489 -0.172087 
5490 -0.161848 
5491 -0.161848 
5492 -0.161848 
5493 0.280839 
5494 0.280839 
5495 -0.242790 
5496 0.280839 
5497 0.280839 
5498 0.280839 
5499 0.413342 
5500 0.413342 
5501 0.413342 
5502 0.413342 
5503 0.429040 
5504 0.429040 
5505 -0.260363 
5506 -0.260363 
5507 -0.260363 
5508 -0.260363 
5509 -0.077499 
5510 -0.077499 
5511 -0.077499 
5512 -0.077499 
5513 -0.077499 
5514 -0.077499 
5515 -0.077499 
5516 -0.077499 
5517 -0.307313 
5518 -0.307313 
5519 -0.307313 
5520 -0.307313 
5521 -0.307313 
5522 -0.307313 
5523 -0.307313 
5524 -0.307313 
5525 -0.307313 
5526 -0.307313 
5527 -0.307313 
5528 -0.307313 
5529 0.429040 
5530 0.429040 
5531 -0.260363 
5532 -0.260363 
5533 -0.260363 
5534 -0.260363 
5535 -0.260363 
5536 -0.260363 
5537 -0.260363 
5538 -0.260363 
5539 -0.260363 
5540 -0.260363 
5541 -0.260363 
5542 -0.260363 
5543 -0.077499 
5544 -0.077499 
5545 -0.077499 
5546 -0.077499 
5547 -0.077499 
5548 -0.077499 
5549 -0.077499 
5550 -0.307313 
5551 -0.307313 
5552 -0.307313 
5553 -0.307313 
5554 -0.307313 
5555 -0.307313 
5556 -0.307313 
5557 -0.307313 
5558 -0.307313 
5559 -0.307313 
5560 -0.307313 
5561 -0.307313 
5562 -0.307313 
5563 -0.307313 
5564 -0.307313 
5565 -0.307313 
5566 0.161947 
5567 0.161947 
5568 -0.260363 
5569 0.161947 
5570 0.161947 
5571 -0.260363 
5572 0.161947 
5573 0.161947 
5574 -0.260363 
5575 -0.260363 
5576 -0.260363 
5577 -0.260363 
5578 -0.260363 
5579 -0.260363 
5580 -0.260363 
5581 -0.260363 
5582 -0.260363 
5583 -0.077499 
5584 -0.077499 
5585 -0.077499 
5586 -0.077499 
5587 -0.077499 
5588 -0.077499 
5589 -0.307313 
5590 -0.307313 
5591 -0.307313 
5592 -0.307313 
5593 -0.307313 
5594 -0.307313 
5595 -0.307313 
5596 -0.307313 
5597 -0.307313 
5598 -0.307313 
5599 -0.307313 
5600 -0.307313 
5601 -0.307313 
5602 -0.307313 
5603 0.161947 
5604 0.161947 
5605 0.161947 
5606 0.161947 
5607 0.161947 
5608 0.161947 
5609 0.161947 
5610 0.161947 
5611 0.161947 
5612 0.161947 
5613 0.161947 
5614 -0.260363 
5615 0.161947 
5616 0.161947 
5617 -0.260363 
5618 -0.260363 
5619 -0.260363 
5620 -0.260363 
5621 0.433152 
5622 0.433152 
5623 -0.077499 
5624 -0.216342 
5625 -0.216342 
5626 -0.077499 
5627 -0.216342 
5628 -0.216342 
5629 -0.307313 
5630 -0.216342 
5631 -0.216342 
5632 -0.307313 
5633 -0.216342 
5634 -0.216342 
5635 -0.307313 
5636 -0.307313 
5637 -0.307313 
5638 -0.307313 
5639 -0.307313 
5640 0.161947 
5641 0.161947 
5642 0.161947 
5643 0.161947 
5644 0.161947 
5645 0.161947 
5646 0.161947 
5647 0.161947 
5648 0.161947 
5649 0.161947 
5650 0.161947 
5651 0.161947 
5652 0.161947 
5653 0.161947 
5654 0.161947 
5655 -0.260363 
5656 -0.260363 
5657 -0.260363 
5658 0.433152 
5659 0.433152 
5660 0.433152 
5661 -0.216342 
5662 -0.216342 
5663 -0.216342 
5664 -0.216342 
5665 -0.216342 
5666 -0.216342 
5667 -0.216342 
5668 -0.216342 
5669 -0.216342 
5670 -0.216342 
5671 -0.216342 
5672 -0.307313 
5673 -0.307313 
5674 -0.307313 
5675 -0.307313 
5676 -0.307313 
5677 0.280839 
5678 0.280839 
5679 0.161947 
5680 0.161947 
5681 0.161947 
5682 0.161947 
5683 0.161947 
5684 0.161947 
5685 0.161947 
5686 0.161947 
5687 0.161947 
5688 0.161947 
5689 0.161947 
5690 0.161947 
5691 0.161947 
5692 0.161947 
5693 0.161947 
5694 0.433152 
5695 -0.260363 
5696 -0.260363 
5697 0.433152 
5698 0.433152 
5699 0.433152 
5700 -0.216342 
5701 -0.216342 
5702 -0.216342 
5703 -0.216342 
5704 -0.216342 
5705 -0.216342 
5706 -0.216342 
5707 -0.216342 
5708 -0.216342 
5709 -0.307313 
5710 -0.216342 
5711 -0.216342 
5712 -0.307313 
5713 -0.307313 
5714 0.280839 
5715 0.280839 
5716 0.280839 
5717 0.280839 
5718 0.280839 
5719 0.161947 
5720 0.161947 
5721 0.161947 
5722 0.161947 
5723 0.161947 
5724 0.161947 
5725 0.161947 
5726 0.161947 
5727 0.161947 
5728 0.161947 
5729 0.161947 
5730 0.161947 
5731 0.433152 
5732 0.433152 
5733 0.433152 
5734 0.433152 
5735 -0.216342 
5736 -0.216342 
5737 -0.216342 
5738 -0.216342 
5739 -0.216342 
5740 -0.216342 
5741 -0.216342 
5742 -0.216342 
5743 -0.216342 
5744 -0.216342 
5745 -0.216342 
5746 -0.216342 
5747 -0.216342 
5748 -0.216342 
5749 -0.216342 
5750 -0.216342 
5751 0.280839 
5752 0.280839 
5753 0.280839 
5754 0.280839 
5755 0.280839 
5756 0.280839 
5757 0.280839 
5758 0.280839 
5759 0.161947 
5760 0.161947 
5761 0.161947 
5762 0.161947 
5763 0.161947 
5764 0.161947 
5765 0.161947 
5766 0.433152 
5767 0.433152 
5768 0.161947 
5769 0.433152 
5770 0.433152 
5771 0.433152 
5772 -0.216342 
5773 -0.216342 
5774 -0.216342 
5775 -0.216342 
5776 -0.216342 
5777 -0.216342 
5778 -0.216342 
5779 -0.216342 
5780 -0.216342 
5781 -0.216342 
5782 -0.216342 
5783 -0.216342 
5784 -0.216342 
5785 -0.216342 
5786 -0.216342 
5787 -0.216342 
5788 0.280839 
5789 0.280839 
5790 0.280839 
5791 0.280839 
5792 0.280839 
5793 0.280839 
5794 0.280839 
5795 0.280839 
5796 0.280839 
5797 0.161947 
5798 0.161947 
5799 0.161947 
5800 0.161947 
5801 0.161947 
5802 0.161947 
5803 0.433152 
5804 0.433152 
5805 0.433152 
5806 0.433152 
5807 0.433152 
5808 0.433152 
5809 -0.216342 
5810 -0.216342 
5811 -0.216342 
5812 -0.216342 
5813 0.433152 
5814 -0.216342 
5815 -0.216342 
5816 -0.216342 
5817 -0.216342 
5818 -0.216342 
5819 -0.216342 
5820 -0.216342 
5821 -0.216342 
5822 -0.216342 
5823 -0.216342 
5824 -0.216342 
5825 0.280839 
5826 0.280839 
5827 0.280839 
5828 0.280839 
5829 0.280839 
5830 0.280839 
5831 0.280839 
5832 0.280839 
5833 0.280839 
5834 0.280839 
5835 0.280839 
5836 0.280839 
5837 0.161947 
5838 0.161947 
5839 0.492930 
5840 0.161947 
5841 0.161947 
5842 0.433152 
5843 0.433152 
5844 0.433152 
5845 0.433152 
5846 0.433152 
5847 0.433152 
5848 0.433152 
5849 0.433152 
5850 0.433152 
5851 0.433152 
5852 -0.216342 
5853 -0.216342 
5854 -0.216342 
5855 -0.216342 
5856 -0.216342 
5857 -0.216342 
5858 -0.216342 
5859 -0.216342 
5860 -0.216342 
5861 -0.216342 
5862 0.280839 
5863 0.280839 
5864 0.280839 
5865 0.280839 
5866 0.280839 
5867 0.280839 
5868 0.280839 
5869 0.280839 
5870 0.280839 
5871 0.280839 
5872 0.280839 
5873 0.280839 
5874 0.280839 
5875 0.280839 
5876 0.280839 
5877 0.280839 
5878 0.280839 
5879 0.280839 
5880 0.433152 
5881 0.433152 
5882 0.433152 
5883 0.433152 
5884 0.433152 
5885 0.433152 
5886 0.433152 
5887 0.433152 
5888 0.433152 
5889 -0.216342 
5890 -0.216342 
5891 -0.216342 
5892 -0.216342 
5893 -0.216342 
5894 0.413342 
5895 0.413342 
5896 0.413342 
5897 0.413342 
5898 0.413342 
5899 0.280839 
5900 0.280839 
5901 0.280839 
5902 0.280839 
5903 0.280839 
5904 0.280839 
5905 0.280839 
5906 0.280839 
5907 0.280839 
5908 0.280839 
5909 0.280839 
5910 0.280839 
5911 0.280839 
5912 0.280839 
5913 0.280839 
5914 0.280839 
5915 0.280839 
5916 0.280839 
5917 0.280839 
5918 0.280839 
5919 0.280839 
5920 0.433152 
5921 0.433152 
5922 0.413342 
5923 0.433152 
5924 0.433152 
5925 0.413342 
5926 0.433152 
5927 0.433152 
5928 0.413342 
5929 0.433152 
5930 0.433152 
5931 0.413342 
5932 0.413342 
5933 0.413342 
5934 0.413342 
5935 0.413342 
5936 -0.279645 
5937 -0.279645 
5938 0.280839 
5939 0.280839 
5940 0.280839 
5941 0.280839 
5942 0.280839 
5943 0.280839 
5944 0.280839 
5945 0.280839 
5946 0.280839 
5947 0.280839 
5948 0.280839 
5949 0.280839 
5950 0.280839 
5951 0.280839 
5952 0.280839 
5953 0.280839 
5954 0.413342 
5955 0.413342 
5956 0.413342 
5957 0.413342 
5958 0.413342 
5959 0.413342 
5960 0.413342 
5961 0.413342 
