1446 1
0 -0.196405 
1 0.094304 
2 0.061337 
3 0.044790 
4 0.163835 
5 0.137245 
6 -0.350642 
7 0.068208 
8 -0.274691 
9 0.231031 
10 -0.095487 
11 -0.351967 
12 0.137245 
13 0.137245 
14 0.094304 
15 -0.392912 
16 -0.443339 
17 -0.050173 
18 0.137245 
19 0.231031 
20 -0.091471 
21 0.347263 
22 0.231031 
23 0.427998 
24 -0.351967 
25 -0.258514 
26 -0.074211 
27 -0.144978 
28 -0.497396 
29 0.247453 
30 -0.283084 
31 -0.325876 
32 -0.497396 
33 -0.161271 
34 -0.261184 
35 0.395138 
36 0.094304 
37 0.253276 
38 -0.432540 
39 -0.068187 
40 0.421868 
41 0.094304 
42 0.094304 
43 -0.095498 
44 -0.010220 
45 0.029821 
46 0.484875 
47 -0.044177 
48 -0.432540 
49 -0.058681 
50 -0.381964 
51 -0.432540 
52 -0.110745 
53 -0.171658 
54 -0.091471 
55 -0.347735 
56 0.137245 
57 -0.010220 
58 -0.381964 
59 -0.439544 
60 0.113131 
61 0.071580 
62 -0.037762 
63 -0.497396 
64 -0.443339 
65 -0.283084 
66 -0.497396 
67 -0.482927 
68 -0.381964 
69 -0.443339 
70 0.461917 
71 0.312076 
72 0.395138 
73 0.039762 
74 -0.432540 
75 -0.347735 
76 -0.109721 
77 -0.351967 
78 0.293407 
79 0.312076 
80 -0.439544 
81 -0.028753 
82 0.063863 
83 -0.432540 
84 -0.449996 
85 -0.347735 
86 -0.432540 
87 -0.053521 
88 -0.115369 
89 -0.091471 
90 -0.196405 
91 -0.432540 
92 -0.482927 
93 -0.010220 
94 0.395138 
95 -0.482927 
96 -0.091471 
97 -0.378588 
98 0.437132 
99 0.327856 
100 -0.382145 
101 -0.101684 
102 0.308040 
103 -0.149793 
104 -0.170881 
105 0.448161 
106 -0.387789 
107 -0.439544 
108 0.414790 
109 -0.439544 
110 0.311547 
111 -0.482927 
112 -0.109721 
113 0.039762 
114 0.439317 
115 0.439317 
116 -0.432540 
117 -0.497396 
118 -0.033508 
119 0.231031 
120 -0.110745 
121 -0.482927 
122 0.395138 
123 -0.423234 
124 0.484875 
125 -0.049759 
126 0.082268 
127 -0.115369 
128 0.071580 
129 -0.282550 
130 -0.307991 
131 0.071580 
132 0.113131 
133 -0.439544 
134 -0.439544 
135 -0.432540 
136 0.213020 
137 0.163752 
138 0.489906 
139 -0.497396 
140 0.330668 
141 0.039762 
142 0.218180 
143 0.144126 
144 -0.283084 
145 -0.037762 
146 -0.449996 
147 -0.396231 
148 0.379656 
149 -0.192135 
150 0.213020 
151 -0.049759 
152 -0.396231 
153 -0.482927 
154 0.238121 
155 0.004372 
156 0.116723 
157 -0.482927 
158 -0.110745 
159 0.347263 
160 0.123698 
161 0.071580 
162 0.061337 
163 -0.115369 
164 -0.497396 
165 -0.347735 
166 -0.367828 
167 0.281190 
168 -0.481169 
169 -0.309733 
170 -0.054974 
171 0.138156 
172 0.312076 
173 -0.482927 
174 0.439317 
175 0.440299 
176 -0.237049 
177 -0.144978 
178 0.238121 
179 0.461917 
180 0.429162 
181 -0.037762 
182 -0.350642 
183 -0.237049 
184 -0.382145 
185 -0.349164 
186 0.461917 
187 -0.049759 
188 0.123698 
189 -0.196405 
190 0.489906 
191 -0.091471 
192 -0.432540 
193 -0.382145 
194 0.272685 
195 0.071580 
196 0.440299 
197 0.094304 
198 0.439317 
199 0.346453 
200 0.213020 
201 -0.037762 
202 0.042729 
203 0.439317 
204 0.420744 
205 -0.054974 
206 -0.443339 
207 -0.381964 
208 -0.398710 
209 -0.431633 
210 0.033713 
211 -0.028753 
212 0.099233 
213 0.461917 
214 -0.237049 
215 0.465668 
216 -0.111874 
217 0.123698 
218 -0.110745 
219 0.281190 
220 0.099233 
221 -0.482927 
222 -0.443339 
223 -0.347735 
224 0.312076 
225 0.115163 
226 -0.115369 
227 0.231031 
228 0.439317 
229 0.439317 
230 0.244894 
231 -0.054974 
232 0.061337 
233 0.137245 
234 -0.398710 
235 -0.283084 
236 0.023680 
237 0.138156 
238 0.171390 
239 0.137245 
240 -0.431633 
241 0.247453 
242 0.254054 
243 -0.074211 
244 0.071580 
245 -0.350642 
246 -0.261184 
247 0.158079 
248 -0.382145 
249 0.247453 
250 0.114728 
251 0.395138 
252 0.137245 
253 0.231031 
254 -0.475603 
255 0.277669 
256 0.137245 
257 0.114728 
258 -0.482927 
259 0.258234 
260 0.484875 
261 -0.443339 
262 0.420744 
263 -0.350642 
264 0.212742 
265 -0.037762 
266 -0.033508 
267 -0.372185 
268 0.213020 
269 0.213020 
270 0.212742 
271 0.123698 
272 0.213020 
273 -0.055806 
274 -0.266711 
275 -0.382145 
276 -0.449996 
277 -0.251954 
278 -0.192135 
279 0.312076 
280 -0.115369 
281 -0.054974 
282 -0.294007 
283 -0.301528 
284 -0.347735 
285 -0.037762 
286 0.094304 
287 -0.443339 
288 0.281190 
289 -0.381964 
290 -0.113704 
291 0.312076 
292 0.232886 
293 -0.044177 
294 -0.482927 
295 -0.037762 
296 0.321473 
297 -0.224508 
298 -0.110745 
299 0.091336 
300 -0.053521 
301 -0.261184 
302 -0.074211 
303 0.347263 
304 0.312076 
305 0.395138 
306 -0.295553 
307 -0.345316 
308 0.489906 
309 0.029821 
310 -0.109721 
311 -0.398710 
312 -0.301528 
313 0.231031 
314 -0.283084 
315 0.249887 
316 -0.044177 
317 -0.381964 
318 -0.074211 
319 0.330668 
320 -0.110745 
321 -0.381964 
322 0.123698 
323 0.312076 
324 -0.350642 
325 0.379656 
326 0.347263 
327 0.489906 
328 -0.237049 
329 -0.237049 
330 -0.110745 
331 -0.347735 
332 0.448161 
333 -0.347735 
334 -0.049759 
335 -0.196405 
336 0.123698 
337 -0.171658 
338 0.094304 
339 0.464754 
340 -0.154232 
341 0.098928 
342 0.346453 
343 -0.153952 
344 -0.350642 
345 -0.091471 
346 0.247453 
347 -0.115369 
348 -0.349164 
349 -0.283084 
350 0.123698 
351 -0.347735 
352 -0.286239 
353 -0.091471 
354 0.429162 
355 -0.122408 
356 0.204247 
357 -0.351967 
358 0.063483 
359 0.247453 
360 0.191859 
361 -0.037762 
362 0.171390 
363 -0.091471 
364 -0.202651 
365 0.471170 
366 -0.107689 
367 0.114728 
368 0.094304 
369 -0.010220 
370 -0.432540 
371 -0.010220 
372 -0.010220 
373 0.330668 
374 0.425370 
375 -0.453607 
376 -0.074211 
377 0.247453 
378 0.461917 
379 -0.010220 
380 -0.110745 
381 0.204247 
382 -0.476676 
383 0.247453 
384 -0.074211 
385 -0.261343 
386 0.461917 
387 0.395138 
388 -0.049759 
389 0.387481 
390 -0.037762 
391 0.440299 
392 0.330668 
393 0.191859 
394 0.094304 
395 0.071580 
396 -0.074211 
397 -0.038180 
398 0.039762 
399 0.132058 
400 0.017286 
401 0.071580 
402 -0.049759 
403 -0.180992 
404 -0.196405 
405 -0.319404 
406 -0.237960 
407 0.247453 
408 0.061337 
409 -0.212070 
410 -0.274691 
411 0.116723 
412 -0.382145 
413 0.213020 
414 0.484875 
415 -0.351967 
416 0.231031 
417 -0.037762 
418 0.123698 
419 -0.274691 
420 -0.393955 
421 0.330668 
422 -0.110745 
423 -0.153952 
424 -0.351967 
425 0.071580 
426 0.226240 
427 0.071580 
428 -0.110745 
429 -0.054974 
430 0.029821 
431 0.039762 
432 0.395138 
433 0.489906 
434 -0.307991 
435 -0.049759 
436 0.210952 
437 -0.497396 
438 0.191859 
439 0.141630 
440 -0.381964 
441 0.249887 
442 -0.381964 
443 -0.453607 
444 -0.074211 
445 0.126449 
446 -0.010220 
447 -0.319404 
448 0.439317 
449 -0.453607 
450 -0.251954 
451 0.281190 
452 0.379022 
453 -0.381964 
454 0.484875 
455 0.330668 
456 -0.054974 
457 -0.351967 
458 -0.351967 
459 -0.425479 
460 0.387481 
461 -0.367678 
462 -0.449996 
463 -0.044838 
464 0.461917 
465 -0.469290 
466 -0.301528 
467 -0.347735 
468 -0.382145 
469 -0.197230 
470 -0.197230 
471 -0.237049 
472 0.281190 
473 0.039762 
474 0.159111 
475 -0.323357 
476 -0.392912 
477 -0.196405 
478 -0.049759 
479 0.241390 
480 -0.113704 
481 0.387481 
482 -0.295553 
483 -0.423234 
484 0.437132 
485 0.429162 
486 0.096232 
487 -0.255409 
488 -0.398710 
489 -0.202651 
490 -0.443339 
491 -0.235418 
492 0.281190 
493 0.082268 
494 -0.388884 
495 -0.350642 
496 -0.255409 
497 -0.381964 
498 -0.294799 
499 -0.350642 
500 -0.196405 
501 -0.294799 
502 0.083851 
503 -0.010220 
504 -0.159680 
505 0.219788 
506 0.497675 
507 -0.115369 
508 -0.480268 
509 -0.283084 
510 -0.010220 
511 -0.443339 
512 -0.382145 
513 0.029821 
514 -0.095498 
515 0.294142 
516 -0.382145 
517 -0.405775 
518 0.083851 
519 -0.301528 
520 0.247453 
521 0.082268 
522 0.091336 
523 -0.443339 
524 0.489906 
525 -0.074211 
526 -0.372185 
527 0.218180 
528 -0.074211 
529 -0.237049 
530 0.123698 
531 0.071580 
532 -0.359190 
533 0.137245 
534 -0.115369 
535 -0.049759 
536 0.247453 
537 0.063483 
538 0.461917 
539 0.420744 
540 -0.074211 
541 -0.282550 
542 -0.350642 
543 0.321473 
544 -0.469290 
545 -0.037762 
546 -0.449996 
547 -0.294799 
548 -0.038180 
549 -0.037762 
550 -0.044177 
551 -0.428865 
552 -0.091471 
553 -0.497396 
554 0.218180 
555 0.226240 
556 -0.092231 
557 -0.307991 
558 0.489906 
559 0.231031 
560 0.489906 
561 0.460192 
562 0.137245 
563 0.073082 
564 -0.319404 
565 0.489906 
566 0.395138 
567 -0.088465 
568 -0.449996 
569 0.219788 
570 -0.224508 
571 -0.134279 
572 -0.423234 
573 -0.449996 
574 0.270280 
575 -0.439544 
576 -0.367828 
577 -0.018322 
578 -0.054974 
579 -0.050173 
580 -0.237049 
581 0.333780 
582 0.091336 
583 0.281190 
584 -0.134279 
585 -0.237049 
586 0.270280 
587 -0.423234 
588 0.213020 
589 -0.453607 
590 -0.283084 
591 0.258234 
592 -0.439544 
593 -0.283084 
594 -0.481169 
595 -0.393955 
596 0.231031 
597 -0.301528 
598 0.497675 
599 -0.350642 
600 -0.101684 
601 -0.018261 
602 0.281190 
603 -0.134279 
604 -0.171658 
605 0.212742 
606 0.039762 
607 0.277669 
608 0.033713 
609 0.330668 
610 -0.372185 
611 0.137245 
612 0.464754 
613 0.213020 
614 -0.369345 
615 0.017286 
616 -0.261343 
617 0.489906 
618 -0.381964 
619 -0.372185 
620 0.376351 
621 -0.439544 
622 -0.074211 
623 0.464754 
624 0.231031 
625 -0.156405 
626 -0.350642 
627 0.312076 
628 0.232886 
629 -0.122408 
630 -0.196405 
631 -0.283084 
632 -0.351967 
633 -0.439544 
634 -0.074211 
635 -0.449996 
636 -0.023596 
637 -0.294007 
638 0.091070 
639 -0.482927 
640 -0.301528 
641 0.039762 
642 -0.439544 
643 -0.309733 
644 0.002268 
645 -0.088465 
646 -0.043940 
647 0.464754 
648 -0.049759 
649 -0.144697 
650 0.484875 
651 -0.351967 
652 0.213020 
653 -0.033508 
654 0.039762 
655 0.061337 
656 0.114728 
657 -0.197230 
658 -0.476676 
659 0.497675 
660 -0.043940 
661 -0.393955 
662 -0.274691 
663 -0.307991 
664 0.497675 
665 -0.114423 
666 -0.115369 
667 -0.167235 
668 0.312076 
669 0.213020 
670 0.281190 
671 -0.010220 
672 -0.111874 
673 0.126449 
674 -0.028753 
675 0.163835 
676 -0.104822 
677 -0.095498 
678 0.395138 
679 -0.439544 
680 -0.092231 
681 0.232886 
682 -0.074211 
683 -0.111874 
684 -0.028753 
685 0.071580 
686 -0.237049 
687 -0.439544 
688 0.471170 
689 -0.481169 
690 0.484875 
691 0.171390 
692 -0.388884 
693 -0.196405 
694 -0.369345 
695 0.277669 
696 -0.196405 
697 -0.111874 
698 0.484875 
699 -0.237049 
700 0.253276 
701 0.439317 
702 0.026187 
703 -0.235418 
704 0.026187 
705 -0.469290 
706 0.281190 
707 -0.282550 
708 0.244894 
709 0.440299 
710 0.073082 
711 0.346453 
712 -0.449996 
713 0.385298 
714 -0.153952 
715 -0.109721 
716 -0.369345 
717 0.253276 
718 -0.266711 
719 -0.294007 
720 -0.122408 
721 0.461917 
722 0.218180 
723 -0.364863 
724 -0.469290 
725 -0.295553 
726 -0.247994 
727 -0.212070 
728 0.071580 
729 0.327704 
730 0.071580 
731 -0.091471 
732 0.370088 
733 -0.237049 
734 -0.351967 
735 -0.295553 
736 -0.196405 
737 -0.104822 
738 0.175790 
739 0.439317 
740 -0.301528 
741 0.448161 
742 0.484875 
743 -0.028753 
744 -0.054974 
745 -0.054974 
746 -0.030586 
747 0.459089 
748 0.258963 
749 0.439317 
750 0.044790 
751 -0.109721 
752 -0.091471 
753 -0.054974 
754 -0.481169 
755 -0.033508 
756 0.002268 
757 -0.439544 
758 -0.023596 
759 -0.050173 
760 0.293407 
761 0.294142 
762 0.293407 
763 0.281190 
764 0.071580 
765 0.132058 
766 -0.301528 
767 -0.497396 
768 0.123698 
769 0.277669 
770 0.136294 
771 -0.439544 
772 0.171390 
773 0.311547 
774 -0.350642 
775 -0.068187 
776 -0.110745 
777 -0.197230 
778 0.277669 
779 0.113131 
780 0.061337 
781 -0.266711 
782 -0.224508 
783 0.484875 
784 -0.476676 
785 0.423136 
786 -0.443339 
787 0.022993 
788 -0.382145 
789 -0.476676 
790 -0.156405 
791 -0.469290 
792 0.461917 
793 -0.388884 
794 -0.261343 
795 -0.109721 
796 -0.388884 
797 -0.050173 
798 -0.387789 
799 0.232886 
800 0.294142 
801 0.044790 
802 -0.171658 
803 -0.110745 
804 -0.295553 
805 0.011551 
806 -0.481169 
807 -0.282550 
808 -0.033508 
809 0.346453 
810 -0.311446 
811 -0.107689 
812 0.218180 
813 0.126449 
814 -0.115369 
815 -0.295553 
816 0.244894 
817 0.218180 
818 0.113131 
819 0.113131 
820 -0.453607 
821 0.044790 
822 0.218180 
823 0.061337 
824 -0.371076 
825 0.002268 
826 -0.095498 
827 -0.212070 
828 -0.109721 
829 0.385298 
830 0.258234 
831 -0.453607 
832 0.113131 
833 0.311547 
834 0.484875 
835 0.091070 
836 0.218180 
837 0.421868 
838 -0.023596 
839 -0.294007 
840 0.218180 
841 0.130431 
842 -0.023596 
843 -0.023596 
844 -0.481169 
845 -0.309733 
846 0.114728 
847 -0.266711 
848 0.484875 
849 0.218180 
850 -0.193905 
851 0.002268 
852 -0.023596 
853 0.175790 
854 -0.054974 
855 -0.053521 
856 0.270280 
857 0.113131 
858 -0.197230 
859 0.231031 
860 0.330668 
861 -0.465544 
862 -0.202651 
863 0.175790 
864 0.232886 
865 0.471170 
866 0.429162 
867 -0.122408 
868 -0.453607 
869 0.213020 
870 -0.481169 
871 -0.212070 
872 -0.049759 
873 -0.481169 
874 -0.419363 
875 -0.398710 
876 -0.113704 
877 -0.023596 
878 0.425370 
879 -0.367678 
880 -0.192135 
881 -0.497396 
882 -0.247994 
883 -0.156405 
884 -0.197230 
885 -0.382145 
886 -0.294007 
887 0.464754 
888 -0.088465 
889 0.141630 
890 0.113131 
891 -0.197230 
892 0.330668 
893 -0.115369 
894 -0.388884 
895 -0.050173 
896 -0.398710 
897 -0.023596 
898 -0.398710 
899 0.311547 
900 -0.294007 
901 -0.023596 
902 0.123698 
903 0.312076 
904 0.327704 
905 0.083851 
906 0.311547 
907 -0.122408 
908 -0.023596 
909 -0.349164 
910 -0.224508 
911 0.294142 
912 -0.028753 
913 -0.282550 
914 0.327704 
915 -0.469290 
916 -0.197230 
917 0.484875 
918 0.232886 
919 -0.074211 
920 -0.074211 
921 -0.202651 
922 -0.333262 
923 -0.349164 
924 0.254054 
925 -0.423234 
926 -0.109721 
927 0.022993 
928 0.171390 
929 0.232886 
930 -0.398710 
931 0.330668 
932 0.171390 
933 0.330668 
934 -0.398710 
935 -0.251954 
936 0.044790 
937 0.484875 
938 -0.465544 
939 0.437132 
940 -0.043940 
941 -0.372185 
942 0.091336 
943 0.277669 
944 0.258234 
945 0.311547 
946 0.347263 
947 -0.212070 
948 -0.113704 
949 0.253276 
950 -0.349164 
951 0.073082 
952 -0.167235 
953 -0.469290 
954 -0.109721 
955 -0.032524 
956 -0.475603 
957 -0.109721 
958 -0.023596 
959 0.489906 
960 0.144126 
961 0.218180 
962 0.429162 
963 -0.010220 
964 -0.497396 
965 -0.251954 
966 -0.367678 
967 -0.309733 
968 0.497675 
969 0.253276 
970 -0.122408 
971 -0.122408 
972 0.460192 
973 0.151839 
974 0.333780 
975 -0.295553 
976 -0.043940 
977 0.218180 
978 0.247453 
979 0.141630 
980 -0.153952 
981 -0.282550 
982 0.420744 
983 0.141630 
984 0.370088 
985 0.130431 
986 0.082569 
987 0.422096 
988 -0.109721 
989 0.226240 
990 0.151839 
991 0.061337 
992 -0.109721 
993 -0.196405 
994 -0.156405 
995 0.370088 
996 -0.261184 
997 0.420744 
998 -0.475603 
999 -0.109721 
1000 -0.367678 
1001 -0.167235 
1002 -0.282550 
1003 -0.192135 
1004 -0.349164 
1005 -0.167235 
1006 0.464754 
1007 0.420744 
1008 0.232886 
1009 0.114728 
1010 0.318294 
1011 -0.171658 
1012 -0.339902 
1013 0.440299 
1014 -0.197230 
1015 0.471170 
1016 -0.091471 
1017 -0.044177 
1018 -0.387789 
1019 -0.088465 
1020 0.330668 
1021 -0.393955 
1022 -0.095498 
1023 -0.294799 
1024 -0.023596 
1025 -0.301528 
1026 -0.294799 
1027 -0.453607 
1028 0.218180 
1029 -0.197230 
1030 0.461917 
1031 0.232886 
1032 -0.247994 
1033 0.091070 
1034 0.464754 
1035 0.004372 
1036 0.098928 
1037 -0.295553 
1038 -0.192135 
1039 -0.092231 
1040 0.464754 
1041 -0.049759 
1042 0.171390 
1043 0.425370 
1044 0.083851 
1045 -0.372185 
1046 -0.167235 
1047 0.281190 
1048 -0.476676 
1049 0.370088 
1050 -0.275532 
1051 -0.393955 
1052 0.232886 
1053 0.116723 
1054 -0.251954 
1055 0.439317 
1056 -0.202651 
1057 -0.030586 
1058 0.232886 
1059 0.002268 
1060 0.421868 
1061 -0.023596 
1062 -0.074211 
1063 0.395138 
1064 -0.088465 
1065 0.011551 
1066 0.391399 
1067 0.059439 
1068 0.061337 
1069 0.039762 
1070 0.448161 
1071 0.347263 
1072 0.489906 
1073 0.163752 
1074 0.387481 
1075 -0.427509 
1076 -0.159501 
1077 0.312076 
1078 0.277669 
1079 0.114728 
1080 0.232886 
1081 0.082569 
1082 0.082569 
1083 -0.294007 
1084 -0.307991 
1085 0.011551 
1086 -0.333262 
1087 0.253276 
1088 0.082569 
1089 0.471170 
1090 0.113131 
1091 0.130431 
1092 -0.475603 
1093 0.175790 
1094 -0.367828 
1095 -0.299723 
1096 0.082569 
1097 0.071580 
1098 0.253276 
1099 -0.156405 
1100 -0.018261 
1101 0.126449 
1102 0.002268 
1103 0.082569 
1104 -0.266711 
1105 -0.018261 
1106 0.448161 
1107 -0.109721 
1108 -0.476676 
1109 -0.247994 
1110 0.011551 
1111 -0.481169 
1112 0.270280 
1113 0.226240 
1114 -0.319404 
1115 -0.387789 
1116 0.132058 
1117 0.071580 
1118 -0.443339 
1119 0.249887 
1120 0.379022 
1121 0.141630 
1122 -0.349164 
1123 0.370088 
1124 0.123698 
1125 -0.274691 
1126 -0.295553 
1127 -0.393955 
1128 -0.018261 
1129 0.422096 
1130 -0.423234 
1131 0.253276 
1132 0.130431 
1133 0.321473 
1134 -0.482347 
1135 0.029821 
1136 -0.476676 
1137 0.163835 
1138 -0.115369 
1139 -0.283084 
1140 -0.182548 
1141 0.061337 
1142 -0.282550 
1143 0.471170 
1144 -0.449996 
1145 0.091070 
1146 0.061337 
1147 -0.197230 
1148 0.091336 
1149 0.420744 
1150 0.082569 
1151 -0.460606 
1152 0.002268 
1153 -0.294007 
1154 0.247453 
1155 0.002268 
1156 -0.113704 
1157 -0.054974 
1158 0.370088 
1159 0.098928 
1160 0.318294 
1161 0.461917 
1162 0.226240 
1163 -0.388884 
1164 -0.251954 
1165 0.116723 
1166 0.114728 
1167 0.098928 
1168 -0.092231 
1169 0.126449 
1170 -0.423236 
1171 -0.432540 
1172 0.277669 
1173 0.212742 
1174 -0.286239 
1175 0.098928 
1176 0.091070 
1177 -0.251954 
1178 0.464754 
1179 -0.251954 
1180 0.270280 
1181 -0.043940 
1182 0.141630 
1183 0.499544 
1184 -0.443932 
1185 -0.197230 
1186 0.061337 
1187 -0.182548 
1188 -0.113704 
1189 -0.351967 
1190 -0.092231 
1191 -0.460606 
1192 -0.023596 
1193 0.464754 
1194 0.098928 
1195 -0.153952 
1196 0.391399 
1197 -0.388884 
1198 -0.367678 
1199 -0.018261 
1200 -0.153952 
1201 0.464754 
1202 0.321473 
1203 -0.476676 
1204 -0.197230 
1205 -0.372185 
1206 -0.283084 
1207 0.293407 
1208 -0.153952 
1209 -0.460606 
1210 -0.286239 
1211 0.073082 
1212 -0.388884 
1213 0.068208 
1214 0.061337 
1215 -0.476676 
1216 -0.092231 
1217 -0.460606 
1218 0.114728 
1219 0.421868 
1220 -0.393955 
1221 0.039762 
1222 0.091070 
1223 0.175790 
1224 0.068208 
1225 0.294142 
1226 0.327856 
1227 0.171390 
1228 0.073082 
1229 0.082569 
1230 -0.251954 
1231 0.071580 
1232 0.226240 
1233 0.068208 
1234 0.082569 
1235 0.175790 
1236 0.083851 
1237 0.254054 
1238 -0.347735 
1239 -0.319404 
1240 0.011551 
1241 0.264263 
1242 -0.423236 
1243 -0.197230 
1244 0.094304 
1245 -0.367678 
1246 0.277669 
1247 0.327704 
1248 -0.134279 
1249 -0.372185 
1250 -0.367678 
1251 0.004372 
1252 0.218180 
1253 -0.388884 
1254 0.063863 
1255 0.082268 
1256 0.126449 
1257 -0.044838 
1258 -0.109721 
1259 -0.023596 
1260 0.226240 
1261 0.329943 
1262 -0.122408 
1263 -0.134279 
1264 -0.396231 
1265 0.212742 
1266 0.004372 
1267 -0.364863 
1268 0.061337 
1269 -0.043430 
1270 0.136294 
1271 0.002268 
1272 0.068208 
1273 -0.372185 
1274 0.414790 
1275 0.420744 
1276 0.277669 
1277 0.082268 
1278 0.082569 
1279 -0.347735 
1280 -0.282550 
1281 -0.309733 
1282 0.042729 
1283 -0.197230 
1284 0.004372 
1285 0.039762 
1286 0.258234 
1287 0.141630 
1288 0.387481 
1289 -0.460606 
1290 -0.382145 
1291 -0.453607 
1292 0.414790 
1293 0.171390 
1294 0.116723 
1295 0.497675 
1296 -0.398710 
1297 0.429162 
1298 0.318294 
1299 0.171390 
1300 0.253276 
1301 -0.282550 
1302 -0.023596 
1303 0.421868 
1304 -0.109721 
1305 0.175790 
1306 0.082569 
1307 0.254054 
1308 0.321473 
1309 -0.018261 
1310 0.011551 
1311 0.421868 
1312 -0.092231 
1313 0.061337 
1314 0.070753 
1315 0.130431 
1316 0.023680 
1317 0.212742 
1318 0.094304 
1319 -0.104822 
1320 0.429162 
1321 -0.113704 
1322 0.212742 
1323 0.440299 
1324 0.464754 
1325 0.253276 
1326 -0.167235 
1327 0.004372 
1328 0.270280 
1329 -0.088465 
1330 0.477738 
1331 0.420744 
1332 -0.113704 
1333 0.082569 
1334 -0.251954 
1335 0.210952 
1336 0.099233 
1337 0.293407 
1338 0.063483 
1339 -0.030586 
1340 -0.028753 
1341 -0.197230 
1342 0.253276 
1343 -0.088465 
1344 0.116723 
1345 0.091336 
1346 0.293407 
1347 0.251899 
1348 -0.419363 
1349 0.244894 
1350 0.218180 
1351 0.241390 
1352 0.244894 
1353 0.063863 
1354 0.254054 
1355 -0.224508 
1356 -0.398710 
1357 0.042729 
1358 -0.251954 
1359 0.011551 
1360 0.391399 
1361 0.429162 
1362 -0.475603 
1363 -0.393955 
1364 -0.311446 
1365 -0.398710 
1366 0.163835 
1367 0.218180 
1368 0.277669 
1369 0.421868 
1370 0.042729 
1371 0.033713 
1372 -0.247994 
1373 0.141630 
1374 -0.295553 
1375 -0.144978 
1376 0.082268 
1377 -0.349164 
1378 0.083851 
1379 -0.111874 
1380 -0.182548 
1381 0.277669 
1382 0.126449 
1383 -0.182548 
1384 0.484875 
1385 -0.074211 
1386 0.327704 
1387 -0.392912 
1388 0.126449 
1389 -0.134279 
1390 0.422096 
1391 0.226240 
1392 0.098928 
1393 -0.028753 
1394 0.241390 
1395 0.082268 
1396 0.061337 
1397 -0.143803 
1398 0.327704 
1399 0.141630 
1400 0.232506 
1401 -0.439544 
1402 -0.311446 
1403 0.440299 
1404 -0.369345 
1405 0.277669 
1406 -0.294007 
1407 0.440299 
1408 0.004372 
1409 -0.134279 
1410 -0.182548 
1411 0.226240 
1412 -0.425479 
1413 0.197545 
1414 0.277669 
1415 0.327856 
1416 0.029821 
1417 -0.153952 
1418 0.464754 
1419 0.258234 
1420 -0.349164 
1421 -0.251954 
1422 0.082268 
1423 -0.159680 
1424 -0.465544 
1425 -0.261184 
1426 -0.153952 
1427 0.391399 
1428 -0.167235 
1429 -0.369345 
1430 0.484875 
1431 -0.431633 
1432 -0.387789 
1433 0.082268 
1434 -0.367678 
1435 -0.345316 
1436 0.318294 
1437 0.423711 
1438 -0.028753 
1439 -0.171576 
1440 0.391399 
1441 0.082268 
1442 0.002268 
1443 -0.235418 
1444 0.395138 
1445 -0.092231 
