958 1
0 0.066550 
1 -0.148310 
2 0.091341 
3 0.396421 
4 0.266050 
5 -0.413626 
6 -0.455657 
7 -0.297656 
8 0.285616 
9 0.425669 
10 0.047534 
11 0.306584 
12 0.033080 
13 0.454196 
14 -0.181387 
15 -0.484171 
16 -0.330258 
17 -0.095623 
18 -0.451038 
19 0.419843 
20 0.067427 
21 0.344270 
22 -0.380326 
23 -0.155429 
24 -0.136107 
25 0.369819 
26 -0.014928 
27 0.441175 
28 0.463783 
29 -0.442163 
30 0.420581 
31 -0.027400 
32 -0.294373 
33 -0.037123 
34 -0.429716 
35 0.234745 
36 -0.085919 
37 -0.366889 
38 -0.155429 
39 -0.395079 
40 0.369819 
41 0.069445 
42 -0.161431 
43 -0.106387 
44 0.441175 
45 0.193497 
46 -0.146620 
47 -0.219735 
48 0.463783 
49 -0.199676 
50 0.387143 
51 -0.085192 
52 0.490520 
53 -0.442163 
54 0.104940 
55 0.469682 
56 -0.429716 
57 -0.106387 
58 -0.486398 
59 0.233817 
60 0.414971 
61 0.306584 
62 -0.335635 
63 -0.159408 
64 0.491847 
65 -0.393916 
66 0.320947 
67 -0.181387 
68 0.290614 
69 -0.394100 
70 -0.146620 
71 0.156171 
72 -0.005730 
73 0.244182 
74 -0.165733 
75 -0.370880 
76 0.466035 
77 0.331642 
78 -0.423413 
79 -0.344623 
80 -0.167723 
81 0.310765 
82 0.083591 
83 -0.460755 
84 -0.314150 
85 0.045877 
86 -0.219735 
87 0.449970 
88 0.184936 
89 0.004532 
90 -0.480911 
91 0.156310 
92 -0.199676 
93 -0.141278 
94 0.414971 
95 0.306584 
96 -0.404299 
97 -0.072024 
98 -0.181387 
99 -0.161141 
100 0.416846 
101 0.254057 
102 -0.359531 
103 0.206672 
104 -0.130683 
105 -0.472107 
106 -0.087591 
107 -0.280121 
108 0.086197 
109 0.229450 
110 0.312558 
111 0.317273 
112 0.043418 
113 -0.398422 
114 0.245253 
115 0.408518 
116 0.123351 
117 -0.064723 
118 0.144907 
119 -0.379585 
120 0.103369 
121 0.442106 
122 0.387425 
123 -0.222833 
124 0.254057 
125 -0.311913 
126 -0.237775 
127 0.229450 
128 0.369800 
129 0.408518 
130 -0.206937 
131 -0.290641 
132 0.144025 
133 -0.065261 
134 -0.256214 
135 0.276717 
136 -0.107168 
137 -0.106562 
138 -0.206937 
139 -0.162857 
140 0.276717 
141 -0.281972 
142 0.384519 
143 0.010378 
144 0.438648 
145 -0.021247 
146 -0.061395 
147 0.476272 
148 0.345173 
149 -0.138129 
150 -0.391030 
151 0.422971 
152 0.218236 
153 -0.446079 
154 -0.451748 
155 0.185912 
156 -0.391030 
157 0.452038 
158 -0.188690 
159 0.218236 
160 0.353039 
161 -0.391066 
162 -0.413626 
163 -0.161141 
164 -0.346573 
165 0.140402 
166 -0.157167 
167 0.047534 
168 0.069445 
169 -0.161141 
170 0.416846 
171 0.338732 
172 0.491847 
173 0.320947 
174 -0.423413 
175 0.182338 
176 0.416846 
177 0.417781 
178 0.206672 
179 0.310765 
180 -0.480911 
181 -0.015381 
182 0.119078 
183 -0.280121 
184 -0.394226 
185 0.253922 
186 -0.380750 
187 -0.064723 
188 0.185865 
189 -0.379585 
190 0.387425 
191 0.369800 
192 0.248798 
193 0.206672 
194 0.249732 
195 -0.280121 
196 -0.064723 
197 0.263567 
198 -0.379585 
199 -0.290641 
200 -0.163902 
201 -0.189801 
202 -0.065261 
203 -0.106562 
204 0.438648 
205 0.285616 
206 -0.095623 
207 0.345173 
208 -0.380326 
209 -0.138129 
210 0.422971 
211 0.387425 
212 0.044296 
213 0.369800 
214 0.185912 
215 -0.014928 
216 -0.019808 
217 -0.290641 
218 0.353039 
219 -0.065261 
220 0.420581 
221 0.156171 
222 0.004532 
223 0.411221 
224 -0.294373 
225 0.403866 
226 -0.155429 
227 -0.359531 
228 0.156171 
229 -0.490422 
230 0.004532 
231 -0.106562 
232 0.369819 
233 0.438648 
234 -0.130683 
235 0.441175 
236 0.086197 
237 0.463783 
238 0.312558 
239 -0.311913 
240 -0.256214 
241 -0.442163 
242 0.481364 
243 -0.359531 
244 -0.429716 
245 -0.281972 
246 -0.106387 
247 0.010378 
248 0.140402 
249 -0.146620 
250 -0.130683 
251 0.372155 
252 0.345173 
253 -0.157167 
254 0.338732 
255 0.285616 
256 0.086197 
257 -0.095623 
258 -0.380326 
259 0.312558 
260 -0.311913 
261 -0.002096 
262 -0.010010 
263 0.363021 
264 -0.219735 
265 -0.138129 
266 -0.256214 
267 -0.014928 
268 -0.281972 
269 0.444270 
270 0.420581 
271 -0.214947 
272 0.010378 
273 -0.199676 
274 0.140402 
275 0.422971 
276 0.185912 
277 -0.157167 
278 -0.294373 
279 -0.415529 
280 0.414971 
281 0.353039 
282 -0.461527 
283 -0.015733 
284 -0.054211 
285 0.121152 
286 -0.321079 
287 -0.101049 
288 0.338732 
289 -0.274488 
290 0.090243 
291 -0.013033 
292 -0.314150 
293 -0.314150 
294 -0.087591 
295 -0.280121 
296 0.045877 
297 0.449970 
298 0.045877 
299 -0.130683 
300 -0.087591 
301 -0.280121 
302 0.086197 
303 -0.219735 
304 0.449970 
305 -0.199676 
306 0.086197 
307 -0.472107 
308 0.004532 
309 0.156310 
310 0.184936 
311 0.312558 
312 0.004532 
313 0.312558 
314 0.414971 
315 0.414971 
316 0.156310 
317 0.317273 
318 0.043418 
319 -0.398422 
320 -0.103137 
321 -0.199676 
322 -0.141278 
323 -0.472107 
324 0.245253 
325 0.408518 
326 -0.141278 
327 -0.398422 
328 0.317273 
329 0.306584 
330 -0.413626 
331 0.123351 
332 -0.064723 
333 0.306584 
334 -0.064723 
335 0.144907 
336 -0.379585 
337 -0.404299 
338 -0.404299 
339 -0.072024 
340 0.103369 
341 0.442106 
342 -0.181387 
343 -0.181387 
344 0.416846 
345 0.047534 
346 -0.130683 
347 -0.359531 
348 -0.161141 
349 0.416846 
350 0.206672 
351 0.387425 
352 -0.222833 
353 0.254057 
354 -0.359531 
355 0.254057 
356 -0.221017 
357 0.485672 
358 -0.173587 
359 -0.311913 
360 -0.237775 
361 0.229450 
362 0.387425 
363 0.014156 
364 -0.237775 
365 -0.392738 
366 0.369800 
367 0.117140 
368 0.245253 
369 0.408518 
370 0.369800 
371 0.137957 
372 -0.311913 
373 0.098390 
374 0.408518 
375 0.470989 
376 0.109191 
377 -0.326220 
378 0.336707 
379 -0.206937 
380 -0.290641 
381 0.229450 
382 0.043418 
383 0.206885 
384 0.188589 
385 0.123351 
386 0.144907 
387 0.082454 
388 0.277732 
389 0.483437 
390 -0.414614 
391 0.144025 
392 0.206473 
393 0.144025 
394 -0.065261 
395 -0.107168 
396 -0.070761 
397 0.254761 
398 -0.065261 
399 -0.256214 
400 0.276717 
401 0.036771 
402 0.065771 
403 -0.290641 
404 -0.106562 
405 -0.403740 
406 -0.447734 
407 0.317626 
408 -0.107168 
409 -0.206937 
410 0.080193 
411 0.066162 
412 0.217584 
413 -0.206937 
414 -0.379585 
415 0.103369 
416 0.401684 
417 0.278762 
418 -0.434682 
419 0.276717 
420 -0.094505 
421 0.442106 
422 0.276717 
423 0.168306 
424 -0.222833 
425 -0.290979 
426 0.229450 
427 -0.281972 
428 -0.397534 
429 0.058888 
430 -0.033990 
431 -0.281972 
432 0.384519 
433 0.384519 
434 -0.192607 
435 -0.320057 
436 0.365286 
437 0.010378 
438 0.476272 
439 0.408518 
440 0.010378 
441 0.476272 
442 -0.138129 
443 0.345173 
444 0.204777 
445 0.438648 
446 -0.021247 
447 -0.061395 
448 -0.206937 
449 0.484923 
450 0.422971 
451 -0.329082 
452 0.345173 
453 -0.391030 
454 -0.158829 
455 0.422971 
456 0.218236 
457 -0.106562 
458 0.237140 
459 -0.256214 
460 -0.277239 
461 -0.361422 
462 -0.446079 
463 -0.161942 
464 0.276717 
465 -0.446079 
466 0.185912 
467 0.476046 
468 -0.160296 
469 0.452038 
470 -0.391030 
471 0.081644 
472 0.185912 
473 0.206942 
474 0.041885 
475 -0.451748 
476 0.177920 
477 0.218236 
478 0.218236 
479 -0.451748 
480 0.114014 
481 -0.065552 
482 0.330989 
483 -0.241777 
484 -0.391030 
485 -0.142419 
486 -0.335883 
487 -0.021247 
488 -0.061395 
489 -0.391066 
490 0.143145 
491 0.373633 
492 0.141341 
493 -0.391066 
494 0.353039 
495 -0.147955 
496 0.229274 
497 -0.289963 
498 0.353039 
499 0.438648 
500 0.140402 
501 -0.346573 
502 -0.413626 
503 -0.161141 
504 -0.230713 
505 -0.384005 
506 -0.413626 
507 0.140402 
508 -0.346573 
509 -0.157167 
510 0.100153 
511 -0.074614 
512 -0.155682 
513 0.082454 
514 -0.157167 
515 0.047534 
516 -0.138129 
517 0.255113 
518 0.233116 
519 -0.407822 
520 0.069445 
521 -0.161141 
522 -0.391030 
523 -0.161141 
524 -0.391588 
525 0.187132 
526 -0.383457 
527 0.416846 
528 0.491847 
529 -0.428311 
530 0.416846 
531 0.338732 
532 0.252168 
533 0.491847 
534 -0.464304 
535 0.239690 
536 0.320947 
537 0.218236 
538 0.059260 
539 0.320947 
540 -0.471170 
541 0.157991 
542 0.452038 
543 0.322358 
544 0.207706 
545 0.090157 
546 -0.080067 
547 0.186077 
548 -0.439854 
549 0.268638 
550 -0.480911 
551 0.069445 
552 0.047534 
553 0.206672 
554 0.310765 
555 -0.293966 
556 -0.015381 
557 -0.161141 
558 -0.052024 
559 -0.015381 
560 0.119078 
561 -0.365415 
562 -0.267555 
563 -0.124137 
564 -0.442333 
565 0.119078 
566 -0.280121 
567 -0.394226 
568 0.253922 
569 -0.064723 
570 -0.380750 
571 -0.388093 
572 -0.380750 
573 0.253922 
574 -0.002218 
575 -0.068379 
576 -0.218548 
577 -0.064723 
578 -0.004809 
579 0.185865 
580 0.206672 
581 0.195913 
582 0.310765 
583 -0.480911 
584 0.387425 
585 -0.040763 
586 0.387425 
587 0.020816 
588 -0.066273 
589 0.338732 
590 -0.423413 
591 0.401821 
592 -0.322523 
593 0.248798 
594 0.416846 
595 0.206672 
596 -0.423413 
597 0.004458 
598 0.092110 
599 0.182338 
600 0.416846 
601 0.182338 
602 0.417781 
603 -0.375814 
604 0.417781 
605 0.248798 
606 0.206672 
607 0.249732 
608 -0.001406 
609 0.249732 
610 -0.235239 
611 0.185865 
612 -0.290641 
613 -0.163902 
614 -0.379585 
615 0.369800 
616 -0.046736 
617 -0.379585 
618 -0.192875 
619 0.369800 
620 0.462017 
621 -0.065261 
622 0.311111 
623 0.285616 
624 -0.280121 
625 0.102948 
626 0.486071 
627 0.327135 
628 -0.065261 
629 -0.106562 
630 0.438648 
631 -0.394226 
632 -0.095623 
633 -0.304740 
634 0.092916 
635 0.477880 
636 0.285616 
637 -0.380326 
638 0.454115 
639 0.066631 
640 -0.225936 
641 -0.106562 
642 0.438648 
643 0.345173 
644 0.277732 
645 0.483437 
646 -0.414614 
647 0.206473 
648 -0.070761 
649 -0.138129 
650 -0.095623 
651 0.254761 
652 0.036771 
653 0.065771 
654 -0.403740 
655 -0.138129 
656 0.422971 
657 -0.290641 
658 -0.163902 
659 -0.447734 
660 0.317626 
661 0.387425 
662 0.263567 
663 0.080193 
664 0.066162 
665 0.217584 
666 0.263567 
667 -0.280121 
668 0.401684 
669 -0.280121 
670 0.278762 
671 -0.064723 
672 -0.379585 
673 -0.015733 
674 -0.064723 
675 -0.098756 
676 -0.363955 
677 -0.055353 
678 -0.379585 
679 0.354982 
680 0.374760 
681 0.387425 
682 -0.472205 
683 -0.329082 
684 0.422971 
685 0.044296 
686 0.369800 
687 0.004532 
688 0.369800 
689 -0.158829 
690 0.237140 
691 0.185912 
692 -0.014928 
693 -0.277239 
694 -0.361422 
695 -0.161942 
696 0.185912 
697 -0.014928 
698 -0.019808 
699 0.345173 
700 -0.019808 
701 -0.290641 
702 0.476046 
703 -0.160296 
704 0.081644 
705 -0.380326 
706 0.069445 
707 0.491847 
708 0.320947 
709 -0.423413 
710 -0.290641 
711 0.353039 
712 -0.065261 
713 0.420581 
714 0.310765 
715 -0.065261 
716 -0.490422 
717 -0.480911 
718 0.420581 
719 0.254057 
720 0.156171 
721 0.044296 
722 0.229450 
723 0.408518 
724 -0.206937 
725 0.156171 
726 0.004532 
727 0.276717 
728 -0.391030 
729 -0.130683 
730 0.441175 
731 -0.294373 
732 0.411221 
733 -0.155429 
734 0.218236 
735 0.411221 
736 -0.294373 
737 0.403866 
738 0.488015 
739 0.403866 
740 -0.155429 
741 0.353039 
742 0.229568 
743 -0.490422 
744 0.409325 
745 -0.395324 
746 0.463783 
747 -0.359531 
748 0.480349 
749 0.323007 
750 0.104703 
751 0.096283 
752 -0.254151 
753 -0.026798 
754 -0.024233 
755 0.004532 
756 -0.106562 
757 0.004532 
758 -0.106562 
759 -0.130683 
760 -0.359531 
761 0.441175 
762 0.385385 
763 -0.217124 
764 0.276090 
765 0.086197 
766 0.463783 
767 -0.281972 
768 -0.149831 
769 0.086197 
770 0.165371 
771 0.434275 
772 0.312558 
773 -0.359531 
774 0.156171 
775 -0.021439 
776 0.133982 
777 0.312558 
778 -0.311913 
779 0.369819 
780 0.156171 
781 -0.250152 
782 -0.311913 
783 -0.256214 
784 -0.427220 
785 0.369819 
786 -0.288944 
787 0.089460 
788 -0.345096 
789 0.438648 
790 -0.224719 
791 -0.256214 
792 -0.442163 
793 0.438648 
794 -0.116965 
795 -0.442163 
796 0.481364 
797 -0.407527 
798 0.345173 
799 -0.359531 
800 -0.429716 
801 -0.157167 
802 0.206942 
803 0.041885 
804 -0.429716 
805 -0.281972 
806 0.177920 
807 0.114014 
808 -0.106387 
809 0.285616 
810 -0.065552 
811 -0.106387 
812 -0.434682 
813 -0.094505 
814 0.010378 
815 0.140402 
816 0.168306 
817 0.010378 
818 0.140402 
819 -0.290979 
820 0.058685 
821 -0.146620 
822 0.481364 
823 0.303350 
824 -0.146620 
825 -0.130683 
826 0.372155 
827 -0.130683 
828 0.372155 
829 0.345173 
830 -0.157167 
831 -0.453066 
832 0.285616 
833 -0.329519 
834 -0.054211 
835 -0.219735 
836 0.338732 
837 0.121152 
838 0.338732 
839 -0.321079 
840 -0.101049 
841 -0.274488 
842 -0.095623 
843 -0.380326 
844 0.396421 
845 0.266050 
846 -0.380326 
847 0.312558 
848 0.312558 
849 -0.455657 
850 0.425669 
851 0.033080 
852 -0.311913 
853 -0.002096 
854 -0.484171 
855 -0.002096 
856 -0.330258 
857 0.419843 
858 0.363021 
859 -0.219735 
860 -0.136107 
861 -0.366889 
862 0.363021 
863 -0.161431 
864 0.193497 
865 0.387143 
866 0.086197 
867 -0.095623 
868 0.086197 
869 0.330989 
870 -0.241777 
871 -0.142419 
872 -0.138129 
873 -0.256214 
874 -0.335883 
875 -0.256214 
876 -0.014928 
877 0.143145 
878 -0.014928 
879 -0.281972 
880 0.420581 
881 -0.281972 
882 -0.311913 
883 0.373633 
884 0.141341 
885 0.444270 
886 0.140402 
887 -0.147955 
888 -0.138129 
889 0.229274 
890 -0.289963 
891 -0.230713 
892 -0.214947 
893 -0.384005 
894 0.100153 
895 -0.214947 
896 -0.074614 
897 -0.155682 
898 0.420581 
899 0.010378 
900 0.444270 
901 0.469682 
902 0.233817 
903 0.140402 
904 -0.335635 
905 0.010378 
906 -0.199676 
907 -0.394100 
908 0.414971 
909 -0.294373 
910 -0.199676 
911 0.185912 
912 0.422971 
913 -0.005730 
914 0.414971 
915 -0.294373 
916 -0.157167 
917 0.185912 
918 0.422971 
919 0.244182 
920 -0.165733 
921 -0.157167 
922 -0.370880 
923 0.466035 
924 0.083591 
925 0.184936 
926 -0.415529 
927 -0.141278 
928 -0.415529 
929 -0.404299 
930 0.353039 
931 -0.015733 
932 -0.461527 
933 0.353039 
934 -0.015733 
935 -0.461527 
936 -0.054211 
937 -0.441337 
938 -0.054211 
939 0.121152 
940 0.326695 
941 0.121152 
942 -0.321079 
943 -0.321079 
944 -0.101049 
945 0.338732 
946 -0.101049 
947 0.338732 
948 -0.274488 
949 -0.013033 
950 -0.274488 
951 0.273344 
952 -0.013033 
953 0.071184 
954 0.296720 
955 -0.128651 
956 -0.488136 
957 -0.109099 
