958 1
0 -0.171089 
1 -0.160614 
2 0.426410 
3 0.434956 
4 0.198873 
5 -0.158116 
6 -0.238792 
7 -0.484183 
8 0.066025 
9 0.264929 
10 -0.144336 
11 0.226520 
12 -0.031415 
13 -0.162060 
14 -0.057073 
15 0.369332 
16 0.323263 
17 0.096265 
18 -0.019518 
19 -0.323676 
20 -0.370667 
21 -0.364676 
22 0.451680 
23 0.394388 
24 0.363538 
25 0.214141 
26 0.042008 
27 0.061830 
28 0.154510 
29 0.105273 
30 0.329517 
31 -0.048291 
32 -0.076919 
33 -0.359077 
34 -0.142835 
35 -0.388953 
36 -0.066656 
37 -0.080655 
38 0.199027 
39 0.058382 
40 -0.402485 
41 -0.342321 
42 0.064556 
43 -0.266295 
44 -0.334983 
45 0.048473 
46 0.255001 
47 0.193298 
48 0.067638 
49 -0.271580 
50 0.354163 
51 -0.098062 
52 0.007390 
53 -0.219875 
54 -0.258110 
55 -0.112866 
56 0.151192 
57 0.458919 
58 -0.092830 
59 0.114254 
60 0.241163 
61 0.337028 
62 -0.118744 
63 -0.158116 
64 -0.185265 
65 0.411795 
66 0.403291 
67 -0.043593 
68 -0.144336 
69 0.493679 
70 -0.364666 
71 -0.117009 
72 0.061816 
73 -0.478389 
74 -0.416507 
75 0.433377 
76 -0.473247 
77 -0.350894 
78 0.368688 
79 0.242036 
80 -0.264705 
81 -0.300818 
82 -0.466424 
83 -0.342321 
84 -0.185265 
85 0.403291 
86 0.248994 
87 0.368688 
88 0.432146 
89 0.283449 
90 0.381349 
91 -0.300818 
92 0.256947 
93 0.192860 
94 0.158762 
95 -0.184697 
96 0.329684 
97 -0.282117 
98 -0.246680 
99 0.354779 
100 -0.176601 
101 0.054773 
102 0.410114 
103 -0.193506 
104 -0.492273 
105 -0.183114 
106 -0.277555 
107 0.120615 
108 -0.243595 
109 -0.156536 
110 0.213057 
111 -0.229328 
112 0.417765 
113 -0.033670 
114 0.393551 
115 -0.455213 
116 0.059103 
117 0.356609 
118 -0.160614 
119 -0.490723 
120 0.426410 
121 0.092793 
122 -0.038739 
123 -0.484183 
124 -0.162060 
125 0.424112 
126 0.381349 
127 -0.364676 
128 0.449775 
129 -0.048291 
130 0.271309 
131 -0.466187 
132 0.054773 
133 0.079235 
134 -0.076253 
135 0.169402 
136 -0.156536 
137 -0.417219 
138 -0.388953 
139 -0.183114 
140 -0.066656 
141 -0.418465 
142 -0.455213 
143 -0.464198 
144 -0.212459 
145 0.203060 
146 -0.497086 
147 0.271309 
148 0.249417 
149 0.221686 
150 0.058382 
151 0.323999 
152 0.007390 
153 0.069043 
154 0.426250 
155 0.446267 
156 0.395479 
157 0.494539 
158 -0.229328 
159 0.158945 
160 -0.099879 
161 0.292233 
162 0.281697 
163 0.379784 
164 0.222348 
165 -0.105223 
166 0.454588 
167 -0.370667 
168 -0.098062 
169 -0.264705 
170 0.046634 
171 -0.327265 
172 0.411795 
173 -0.277555 
174 -0.497086 
175 0.361366 
176 -0.282117 
177 -0.288229 
178 0.092793 
179 0.069043 
180 0.353211 
181 0.134922 
182 0.491031 
183 0.426250 
184 0.353211 
185 0.169402 
186 -0.420332 
187 0.494539 
188 0.134922 
189 0.361366 
190 -0.288229 
191 -0.051040 
192 0.395479 
193 -0.092077 
194 -0.051040 
195 0.008650 
196 -0.397761 
197 0.203060 
198 -0.316852 
199 0.401459 
200 -0.420332 
201 0.417765 
202 0.117202 
203 -0.067509 
204 0.148330 
205 0.317201 
206 -0.134456 
207 0.252461 
208 0.480192 
209 0.039520 
210 0.032143 
211 0.226896 
212 -0.033670 
213 0.164785 
214 0.421246 
215 -0.467429 
216 0.292233 
217 -0.192405 
218 -0.467857 
219 0.137182 
220 -0.209616 
221 -0.397803 
222 -0.225332 
223 0.491031 
224 0.444431 
225 0.222348 
226 -0.258258 
227 -0.373750 
228 0.158945 
229 0.281697 
230 0.379784 
231 0.240465 
232 0.330873 
233 -0.462410 
234 0.438923 
235 -0.327956 
236 0.382895 
237 -0.201088 
238 -0.108275 
239 -0.309288 
240 0.233245 
241 0.067259 
242 0.061816 
243 0.046634 
244 0.204793 
245 0.111495 
246 0.476625 
247 -0.203082 
248 -0.191065 
249 -0.400649 
250 -0.092077 
251 -0.478389 
252 0.066025 
253 -0.337090 
254 0.454830 
255 -0.380466 
256 0.008650 
257 -0.457430 
258 -0.406913 
259 -0.397761 
260 -0.316852 
261 -0.416507 
262 0.393551 
263 0.433377 
264 0.217245 
265 0.096265 
266 0.226896 
267 0.061042 
268 0.164785 
269 -0.473247 
270 0.104771 
271 -0.466424 
272 -0.192405 
273 0.106018 
274 0.137182 
275 0.451680 
276 0.042008 
277 0.240465 
278 0.467749 
279 0.432146 
280 -0.086939 
281 0.329517 
282 0.192860 
283 0.428507 
284 -0.490029 
285 0.465110 
286 -0.453322 
287 -0.325564 
288 -0.462410 
289 0.309938 
290 0.059103 
291 0.329684 
292 -0.185265 
293 -0.492273 
294 -0.277555 
295 -0.185265 
296 0.403291 
297 0.368688 
298 0.403291 
299 -0.492273 
300 -0.277555 
301 0.120615 
302 -0.243595 
303 0.248994 
304 0.368688 
305 0.256947 
306 -0.243595 
307 -0.183114 
308 0.283449 
309 -0.300818 
310 0.432146 
311 0.213057 
312 0.283449 
313 0.213057 
314 0.158762 
315 0.158762 
316 -0.300818 
317 -0.229328 
318 0.417765 
319 -0.033670 
320 -0.492218 
321 0.256947 
322 0.192860 
323 -0.183114 
324 0.393551 
325 0.411558 
326 0.417765 
327 -0.033670 
328 -0.229328 
329 -0.184697 
330 0.459931 
331 0.059103 
332 0.356609 
333 -0.184697 
334 0.356609 
335 -0.160614 
336 -0.490723 
337 0.329684 
338 0.426410 
339 0.329684 
340 0.426410 
341 -0.319630 
342 -0.246680 
343 -0.246680 
344 -0.176601 
345 -0.196782 
346 0.354779 
347 0.410114 
348 0.354779 
349 -0.176601 
350 -0.193506 
351 -0.038739 
352 -0.484183 
353 -0.162060 
354 0.410114 
355 -0.162060 
356 -0.019518 
357 -0.359077 
358 -0.258110 
359 0.424112 
360 0.381349 
361 -0.364676 
362 -0.038739 
363 0.120615 
364 0.381349 
365 -0.158116 
366 0.449775 
367 -0.144336 
368 0.393551 
369 -0.342321 
370 0.449775 
371 -0.185265 
372 0.424112 
373 0.403291 
374 -0.048291 
375 0.368688 
376 -0.300818 
377 0.381349 
378 0.054773 
379 -0.156536 
380 -0.466187 
381 -0.455213 
382 0.271309 
383 0.169402 
384 0.395479 
385 0.059103 
386 -0.160614 
387 0.329882 
388 -0.207826 
389 0.022576 
390 0.419049 
391 0.054773 
392 0.006206 
393 0.054773 
394 0.079235 
395 -0.156536 
396 -0.072304 
397 -0.075161 
398 0.079235 
399 -0.076253 
400 -0.321312 
401 0.208563 
402 -0.362568 
403 -0.466187 
404 -0.417219 
405 0.222707 
406 0.278315 
407 -0.437797 
408 -0.156536 
409 -0.388953 
410 -0.274003 
411 0.252915 
412 -0.363929 
413 -0.388953 
414 -0.490723 
415 0.064965 
416 -0.219650 
417 -0.000374 
418 0.120355 
419 -0.066656 
420 0.114784 
421 0.092793 
422 -0.066656 
423 0.092793 
424 -0.484183 
425 0.223511 
426 -0.364676 
427 -0.418465 
428 -0.322980 
429 0.122793 
430 -0.173727 
431 -0.418465 
432 -0.455213 
433 -0.455213 
434 0.161484 
435 -0.283480 
436 -0.311761 
437 -0.464198 
438 0.271309 
439 -0.048291 
440 -0.464198 
441 0.271309 
442 0.221686 
443 0.249417 
444 -0.183727 
445 -0.212459 
446 0.203060 
447 -0.497086 
448 -0.231391 
449 0.252075 
450 0.323999 
451 0.344310 
452 0.249417 
453 0.058382 
454 -0.280369 
455 0.323999 
456 0.007390 
457 -0.417219 
458 0.267442 
459 -0.076253 
460 -0.474420 
461 -0.296732 
462 0.069043 
463 -0.255195 
464 0.257886 
465 0.069043 
466 0.446267 
467 -0.171089 
468 -0.092830 
469 0.494539 
470 -0.350894 
471 0.242036 
472 0.446267 
473 -0.387136 
474 0.010369 
475 0.121020 
476 -0.283480 
477 0.007390 
478 -0.311761 
479 -0.183727 
480 -0.231391 
481 0.252075 
482 0.426250 
483 -0.387136 
484 0.010369 
485 0.121020 
486 0.128380 
487 0.203060 
488 -0.497086 
489 0.292233 
490 -0.034313 
491 -0.347652 
492 -0.149656 
493 0.292233 
494 -0.099879 
495 0.397479 
496 0.193444 
497 -0.305911 
498 -0.099879 
499 -0.212459 
500 -0.105223 
501 0.222348 
502 0.281697 
503 0.111624 
504 0.080063 
505 0.049938 
506 0.281697 
507 -0.105223 
508 0.222348 
509 0.454588 
510 0.486303 
511 0.498459 
512 0.376357 
513 -0.343600 
514 0.454588 
515 -0.370667 
516 0.221686 
517 0.014194 
518 0.039802 
519 -0.298075 
520 -0.098062 
521 -0.264705 
522 0.058382 
523 -0.264705 
524 0.249661 
525 0.001697 
526 0.493180 
527 0.188503 
528 0.411795 
529 -0.309741 
530 0.060944 
531 -0.327265 
532 0.114375 
533 0.411795 
534 0.295654 
535 -0.229500 
536 -0.277555 
537 -0.014670 
538 0.344310 
539 -0.277555 
540 -0.280369 
541 0.267442 
542 -0.474420 
543 -0.296732 
544 -0.255195 
545 0.257886 
546 0.494539 
547 -0.022726 
548 0.209418 
549 -0.476056 
550 0.353211 
551 -0.098062 
552 -0.370667 
553 0.092793 
554 0.069043 
555 0.063112 
556 0.134922 
557 -0.424518 
558 0.473601 
559 0.134922 
560 0.491031 
561 0.167227 
562 0.195816 
563 -0.080802 
564 0.335058 
565 0.491031 
566 0.426250 
567 0.353211 
568 0.169402 
569 0.494539 
570 -0.420332 
571 0.125514 
572 -0.420332 
573 0.169402 
574 0.409536 
575 -0.203660 
576 0.084150 
577 0.494539 
578 0.444096 
579 0.134922 
580 0.092793 
581 0.416866 
582 0.069043 
583 0.353211 
584 -0.288229 
585 0.354319 
586 -0.288229 
587 -0.106351 
588 0.384348 
589 -0.327265 
590 -0.497086 
591 0.263172 
592 0.370231 
593 0.395479 
594 -0.282117 
595 -0.438602 
596 -0.497086 
597 0.104518 
598 0.306972 
599 0.361366 
600 -0.282117 
601 0.361366 
602 -0.288229 
603 -0.102306 
604 -0.288229 
605 0.395479 
606 0.393942 
607 -0.051040 
608 -0.301021 
609 -0.270838 
610 -0.076919 
611 0.134922 
612 0.401459 
613 -0.420332 
614 0.361366 
615 -0.051040 
616 0.199027 
617 0.361366 
618 -0.402485 
619 -0.051040 
620 -0.334983 
621 0.117202 
622 0.067638 
623 0.317201 
624 0.426250 
625 -0.219875 
626 0.151192 
627 0.458919 
628 0.117202 
629 -0.067509 
630 0.148330 
631 0.353211 
632 -0.134456 
633 -0.364666 
634 0.248994 
635 0.256947 
636 0.317201 
637 0.480192 
638 0.158762 
639 -0.184697 
640 -0.246680 
641 -0.067509 
642 0.148330 
643 0.252461 
644 -0.102306 
645 0.393942 
646 -0.301021 
647 -0.270838 
648 0.354779 
649 0.039520 
650 -0.134456 
651 -0.176601 
652 -0.193506 
653 0.120615 
654 0.356609 
655 0.039520 
656 0.032143 
657 0.401459 
658 -0.420332 
659 -0.490723 
660 -0.038739 
661 0.449775 
662 0.203060 
663 -0.466187 
664 0.079235 
665 -0.417219 
666 0.203060 
667 -0.212459 
668 0.249417 
669 0.221686 
670 0.323999 
671 0.446267 
672 -0.099879 
673 -0.047525 
674 -0.397761 
675 -0.051040 
676 -0.397761 
677 -0.308771 
678 -0.316852 
679 -0.316852 
680 0.278916 
681 0.226896 
682 -0.122915 
683 -0.403845 
684 0.032143 
685 -0.033670 
686 0.164785 
687 -0.225332 
688 0.032350 
689 -0.415932 
690 -0.454849 
691 0.421246 
692 -0.467429 
693 -0.184912 
694 0.370499 
695 0.288254 
696 0.421246 
697 -0.467429 
698 0.292233 
699 0.252461 
700 0.292233 
701 -0.083707 
702 0.124966 
703 -0.353309 
704 -0.380899 
705 0.480192 
706 -0.076919 
707 0.199027 
708 -0.402485 
709 -0.334983 
710 0.067638 
711 -0.467857 
712 0.137182 
713 -0.209616 
714 -0.219875 
715 0.151192 
716 0.281697 
717 0.458919 
718 -0.209616 
719 -0.364666 
720 -0.397803 
721 -0.033670 
722 0.248994 
723 0.256947 
724 0.158762 
725 -0.397803 
726 -0.225332 
727 -0.184697 
728 -0.246680 
729 0.438923 
730 -0.327956 
731 0.444431 
732 0.491031 
733 -0.258258 
734 0.158945 
735 0.491031 
736 0.444431 
737 0.222348 
738 0.379784 
739 0.222348 
740 -0.258258 
741 -0.467857 
742 0.046634 
743 0.281697 
744 -0.092077 
745 0.008650 
746 -0.201088 
747 -0.373750 
748 -0.397761 
749 -0.316852 
750 0.226896 
751 0.164785 
752 -0.192405 
753 0.137182 
754 0.240465 
755 0.379784 
756 -0.462410 
757 0.379784 
758 0.066025 
759 0.438923 
760 0.046634 
761 -0.327956 
762 0.096265 
763 0.451680 
764 0.042008 
765 0.382895 
766 -0.201088 
767 0.111495 
768 0.329517 
769 0.382895 
770 -0.261322 
771 -0.047525 
772 -0.108275 
773 -0.373750 
774 0.158945 
775 0.444096 
776 0.416866 
777 -0.108275 
778 -0.309288 
779 0.330873 
780 0.158945 
781 0.354319 
782 -0.309288 
783 0.233245 
784 -0.106351 
785 0.330873 
786 0.240465 
787 0.384348 
788 0.240465 
789 -0.462410 
790 0.263172 
791 0.233245 
792 0.067259 
793 -0.462410 
794 0.370231 
795 0.067259 
796 -0.438602 
797 0.104518 
798 0.306972 
799 0.046634 
800 0.204793 
801 -0.337090 
802 0.229888 
803 -0.310749 
804 0.204793 
805 0.111495 
806 -0.454388 
807 0.131643 
808 0.476625 
809 -0.380466 
810 -0.163453 
811 0.476625 
812 -0.026259 
813 0.303224 
814 -0.203082 
815 -0.191065 
816 -0.449724 
817 -0.203082 
818 -0.191065 
819 0.009815 
820 -0.074299 
821 -0.400649 
822 -0.108646 
823 0.394639 
824 -0.400649 
825 -0.092077 
826 0.085333 
827 -0.092077 
828 -0.330535 
829 0.254851 
830 -0.337090 
831 0.345124 
832 -0.380466 
833 0.014560 
834 -0.292887 
835 0.217245 
836 0.454830 
837 0.314328 
838 0.454830 
839 -0.191442 
840 -0.247538 
841 -0.283480 
842 -0.457430 
843 -0.406913 
844 -0.311761 
845 -0.183727 
846 -0.406913 
847 -0.397761 
848 -0.397761 
849 -0.231391 
850 0.252075 
851 0.014194 
852 -0.316852 
853 0.039802 
854 -0.298075 
855 0.249661 
856 0.001697 
857 0.493180 
858 0.188503 
859 0.217245 
860 -0.309741 
861 0.060944 
862 0.114375 
863 0.295654 
864 -0.229500 
865 -0.014670 
866 0.008650 
867 -0.457430 
868 0.008650 
869 0.281697 
870 -0.370667 
871 -0.098062 
872 0.096265 
873 0.226896 
874 0.411795 
875 0.226896 
876 0.061042 
877 -0.277555 
878 0.061042 
879 0.164785 
880 0.104771 
881 0.164785 
882 -0.316852 
883 -0.497086 
884 0.069043 
885 -0.473247 
886 0.137182 
887 0.353211 
888 0.134922 
889 0.203060 
890 -0.420332 
891 -0.033670 
892 0.292233 
893 0.491031 
894 0.222348 
895 -0.019518 
896 -0.359077 
897 -0.258110 
898 0.104771 
899 -0.192405 
900 -0.473247 
901 -0.171089 
902 -0.092830 
903 0.137182 
904 -0.350894 
905 -0.192405 
906 0.106018 
907 -0.466424 
908 -0.086939 
909 0.467749 
910 0.106018 
911 0.042008 
912 0.451680 
913 0.242036 
914 -0.086939 
915 0.467749 
916 0.240465 
917 0.042008 
918 0.451680 
919 -0.387136 
920 0.010369 
921 0.240465 
922 0.121020 
923 -0.217751 
924 0.493760 
925 -0.020934 
926 0.432146 
927 -0.007873 
928 0.457328 
929 -0.495355 
930 0.329517 
931 0.014194 
932 0.192860 
933 0.329517 
934 0.039802 
935 0.192860 
936 -0.298075 
937 0.249661 
938 0.001697 
939 0.493180 
940 0.188503 
941 -0.309741 
942 0.060944 
943 0.114375 
944 0.295654 
945 -0.462410 
946 -0.229500 
947 -0.462410 
948 -0.014670 
949 0.329684 
950 0.344310 
951 -0.280369 
952 0.329684 
953 0.267442 
954 -0.474420 
955 -0.296732 
956 -0.255195 
957 0.257886 
