3031 1
0 -2.515357 
1 -1.210963 
2 -1.535411 
3 -1.163758 
4 -1.685734 
5 -1.678286 
6 -1.213120 
7 -1.502106 
8 -1.752300 
9 -1.473886 
10 -1.543701 
11 -1.068288 
12 -1.576678 
13 -1.413418 
14 -0.434269 
15 -2.381273 
16 -0.248121 
17 -2.168561 
18 1.461276 
19 1.551599 
20 1.174484 
21 1.523441 
22 1.665378 
23 1.687902 
24 1.503951 
25 1.717352 
26 1.631608 
27 1.556345 
28 1.496944 
29 1.469009 
30 1.631112 
31 -1.335784 
32 -1.896553 
33 -1.383567 
34 1.078720 
35 1.001461 
36 0.874069 
37 1.299836 
38 1.787934 
39 1.966874 
40 1.701662 
41 2.005590 
42 0.284581 
43 1.846406 
44 1.642116 
45 1.506320 
46 1.690086 
47 1.453192 
48 1.431695 
49 1.659047 
50 1.538354 
51 1.721862 
52 1.523100 
53 1.918990 
54 1.763074 
55 1.267617 
56 1.707518 
57 -1.131928 
58 -1.539555 
59 -1.426532 
60 -1.587051 
61 -1.348350 
62 -1.443539 
63 -1.523320 
64 -1.668384 
65 -1.349050 
66 -1.591888 
67 -1.213930 
68 -1.774973 
69 -1.680090 
70 -1.013947 
71 -0.810623 
72 -1.942563 
73 -1.346409 
74 -1.544873 
75 -0.681278 
76 -2.512353 
77 -0.124292 
78 -1.719625 
79 0.520771 
80 -0.294820 
81 -2.283845 
82 -1.957773 
83 0.285622 
84 -1.497189 
85 0.206186 
86 -2.497035 
87 -0.616191 
88 -1.244741 
89 -0.221026 
90 -0.230674 
91 -2.729192 
92 -1.384176 
93 -1.375909 
94 -1.578145 
95 -1.717972 
96 -1.201728 
97 -1.552843 
98 -1.791349 
99 -1.416456 
100 -0.663482 
101 -2.809950 
102 -0.863131 
103 -0.351626 
104 -1.698510 
105 -1.724680 
106 -1.682307 
107 -0.544973 
108 -2.601437 
109 -1.116969 
110 -0.489516 
111 -0.802544 
112 -0.619866 
113 -0.087766 
114 -2.753016 
115 -0.913867 
116 -0.558770 
117 -0.333762 
118 -2.831150 
119 -0.846720 
120 -3.022761 
121 -0.510115 
122 0.011886 
123 -0.051685 
124 -0.587248 
125 -2.913402 
126 -0.090356 
127 -0.287926 
128 0.003657 
129 -0.203709 
130 -3.066244 
131 0.017476 
132 -2.359409 
133 -0.812200 
134 -1.523179 
135 -0.432176 
136 -2.647178 
137 -0.857407 
138 0.267002 
139 -1.061211 
140 -0.866157 
141 -2.518298 
142 -1.069161 
143 -0.688518 
144 -1.954371 
145 -1.143556 
146 -1.259694 
147 -1.372524 
148 -0.957817 
149 1.991749 
150 -1.408329 
151 -1.576186 
152 -1.614663 
153 -1.366132 
154 -1.474867 
155 -1.368466 
156 -1.848861 
157 -0.275902 
158 -0.747512 
159 -2.207513 
160 -2.677550 
161 -0.772427 
162 -0.919376 
163 -0.372430 
164 -1.026888 
165 -0.870425 
166 -1.766111 
167 1.893374 
168 -1.580800 
169 1.578058 
170 1.696981 
171 1.116505 
172 -0.764126 
173 -0.474042 
174 2.180229 
175 -1.591039 
176 -1.234576 
177 -1.574224 
178 1.680753 
179 -1.106557 
180 -1.310430 
181 -1.440073 
182 1.565396 
183 1.623651 
184 1.655127 
185 -0.929682 
186 1.657934 
187 1.661960 
188 -1.044125 
189 1.757325 
190 -1.566420 
191 -1.325102 
192 2.004878 
193 -1.565264 
194 -0.985211 
195 1.008167 
196 -1.258766 
197 -1.257306 
198 1.856492 
199 -1.341173 
200 1.376569 
201 -1.264855 
202 1.782125 
203 1.638021 
204 1.549910 
205 1.832624 
206 -1.112069 
207 1.363988 
208 1.775413 
209 1.669050 
210 0.179207 
211 -1.760047 
212 -1.515017 
213 -0.260974 
214 -2.675608 
215 -0.309655 
216 -2.529388 
217 -0.560630 
218 -1.368796 
219 -0.359532 
220 -0.700246 
221 -1.978529 
222 -1.381896 
223 -1.524762 
224 -1.142689 
225 -2.483953 
226 -0.425371 
227 -1.138951 
228 -0.276773 
229 0.018936 
230 -0.190394 
231 -3.044799 
232 -0.422232 
233 -0.382635 
234 -3.152272 
235 0.187409 
236 -0.600105 
237 -0.882630 
238 -2.835982 
239 -0.361947 
240 -0.808657 
241 -0.646574 
242 -2.390910 
243 -1.622502 
244 -1.283385 
245 -0.196928 
246 1.524750 
247 2.198644 
248 2.045866 
249 1.733557 
250 0.971602 
251 1.226892 
252 0.771469 
253 1.580059 
254 1.891708 
255 1.631453 
256 -0.205676 
257 1.357410 
258 2.382835 
259 1.257917 
260 1.483013 
261 1.549008 
262 1.583168 
263 1.549351 
264 1.475106 
265 1.689983 
266 1.326651 
267 1.645919 
268 1.837727 
269 -0.141440 
270 -2.344690 
271 -0.156357 
272 -1.261319 
273 -1.972565 
274 -1.675705 
275 -0.064991 
276 1.292895 
277 1.997372 
278 1.563942 
279 1.317274 
280 1.070504 
281 2.253073 
282 1.298671 
283 1.143618 
284 -2.352608 
285 -0.884765 
286 -1.098197 
287 -1.141878 
288 -0.254847 
289 -1.847847 
290 -1.798042 
291 -1.530472 
292 -1.357974 
293 -0.208248 
294 -1.969177 
295 -1.924623 
296 -1.246507 
297 -1.089947 
298 -1.929606 
299 -0.630641 
300 -1.436351 
301 -1.427338 
302 -1.222952 
303 -1.368805 
304 -1.542759 
305 -1.262685 
306 -2.020600 
307 -0.475340 
308 -1.212013 
309 -2.654368 
310 -0.015536 
311 -0.640533 
312 -1.146704 
313 -1.923523 
314 -1.330759 
315 1.494584 
316 2.075623 
317 -0.179531 
318 -1.294636 
319 -1.934845 
320 -0.316461 
321 -1.541994 
322 -0.105647 
323 -2.394846 
324 -0.729782 
325 -1.873555 
326 -1.152215 
327 -1.514045 
328 -0.780512 
329 -0.816607 
330 -2.274899 
331 -1.324813 
332 -1.283893 
333 -1.138296 
334 -1.520374 
335 -1.505871 
336 -1.157659 
337 -1.263383 
338 -1.860178 
339 -1.214300 
340 -1.159620 
341 -2.535900 
342 -0.914657 
343 -1.119701 
344 -0.842717 
345 -1.136563 
346 -1.892016 
347 -1.745078 
348 -1.138939 
349 -2.277992 
350 -1.273683 
351 -0.763604 
352 -1.096905 
353 -0.698858 
354 -0.354603 
355 -2.626396 
356 -1.320576 
357 -0.845161 
358 -0.878741 
359 -2.321743 
360 -1.022087 
361 -2.620196 
362 -0.654385 
363 -0.517798 
364 -0.552776 
365 -0.857312 
366 -2.762984 
367 -0.634714 
368 -0.585582 
369 -0.616810 
370 -0.919878 
371 -2.647305 
372 -0.554602 
373 -2.145429 
374 -1.143340 
375 -1.523079 
376 -0.755546 
377 -2.748811 
378 -0.932932 
379 -0.209910 
380 -1.353234 
381 -0.867304 
382 -2.093242 
383 -1.172173 
384 -1.569768 
385 -1.608969 
386 -1.111301 
387 -0.994211 
388 -1.671891 
389 -1.432870 
390 -1.018826 
391 1.963428 
392 1.693475 
393 1.802700 
394 1.305585 
395 1.531319 
396 1.314089 
397 1.360669 
398 1.454042 
399 1.908913 
400 -1.676848 
401 -1.167310 
402 -1.489219 
403 -1.322882 
404 -1.751189 
405 -1.403403 
406 -1.197898 
407 -1.475010 
408 -1.450697 
409 -1.425413 
410 -1.199308 
411 -2.071045 
412 -1.062551 
413 -0.991583 
414 -1.748282 
415 -2.067962 
416 -1.311291 
417 -1.218794 
418 -2.120088 
419 -1.025280 
420 -1.481066 
421 -0.926777 
422 -1.901011 
423 -1.239561 
424 -1.688642 
425 -1.196275 
426 -1.291209 
427 -1.658587 
428 -1.446557 
429 -1.259886 
430 -1.547724 
431 -1.672045 
432 -1.386325 
433 -1.810900 
434 -1.287103 
435 -1.336811 
436 -1.278343 
437 -1.957371 
438 -1.196836 
439 -1.473192 
440 -1.138832 
441 -1.659683 
442 -1.570167 
443 -1.524330 
444 -1.513070 
445 -1.328504 
446 -1.379242 
447 -1.700382 
448 -1.484970 
449 -1.840422 
450 -1.480277 
451 -0.834508 
452 -0.957486 
453 -1.953333 
454 -1.764964 
455 -0.919136 
456 -1.480382 
457 -2.089505 
458 -1.376550 
459 -0.719228 
460 -1.127041 
461 -1.494327 
462 -1.622727 
463 -1.510537 
464 -1.289141 
465 -1.402398 
466 -1.580174 
467 -1.532594 
468 -1.763451 
469 -1.204548 
470 -1.247636 
471 -1.531263 
472 -1.960061 
473 -1.746313 
474 -0.905967 
475 -0.893978 
476 -1.012971 
477 -0.915413 
478 -1.444078 
479 -2.061608 
480 -1.677137 
481 -1.215141 
482 -1.488286 
483 -1.294146 
484 -1.819017 
485 -1.488245 
486 -1.276859 
487 -1.173857 
488 -1.654087 
489 -1.464841 
490 -1.249829 
491 -1.442613 
492 -1.364456 
493 -1.271634 
494 -1.391160 
495 -1.646789 
496 -0.903633 
497 -1.305082 
498 -1.743147 
499 -1.771564 
500 -2.059985 
501 -1.184978 
502 -0.899115 
503 -1.503573 
504 -1.644660 
505 -1.335725 
506 -1.814618 
507 -0.897437 
508 -0.308410 
509 -2.771909 
510 -1.099478 
511 -1.072975 
512 -1.371642 
513 -1.735531 
514 -1.060894 
515 1.449392 
516 1.796477 
517 1.268012 
518 1.519562 
519 1.643879 
520 1.552137 
521 1.423380 
522 1.235054 
523 1.934295 
524 1.893483 
525 1.343819 
526 1.541174 
527 1.291723 
528 1.336085 
529 1.508142 
530 1.787540 
531 1.716975 
532 1.597131 
533 1.550041 
534 1.315675 
535 1.775190 
536 1.128047 
537 1.242731 
538 1.975804 
539 1.806286 
540 1.704688 
541 1.738184 
542 1.271719 
543 1.432123 
544 1.480612 
545 1.543732 
546 1.686978 
547 1.576099 
548 0.492099 
549 1.860930 
550 -1.519491 
551 -1.727308 
552 -1.924834 
553 -1.399893 
554 -1.220364 
555 -1.276424 
556 -1.416494 
557 -1.261930 
558 -1.473754 
559 -1.786717 
560 -1.156040 
561 -1.295107 
562 -1.662710 
563 -1.574466 
564 -1.344331 
565 -1.661640 
566 -1.472497 
567 -1.338370 
568 -1.425712 
569 -1.373025 
570 -1.022462 
571 -1.845989 
572 -1.517061 
573 -1.454351 
574 -1.107637 
575 -1.777147 
576 -1.292642 
577 -1.343804 
578 -1.404754 
579 -1.677656 
580 -1.340542 
581 -1.462085 
582 -1.407865 
583 -1.741208 
584 -1.757572 
585 -1.262958 
586 -0.876810 
587 -1.770500 
588 -1.967524 
589 -1.134475 
590 -1.095568 
591 -1.506054 
592 -1.622659 
593 -1.388622 
594 -1.181499 
595 -1.585619 
596 -1.884134 
597 -1.836367 
598 -0.955857 
599 -1.030869 
600 -0.483939 
601 -2.623060 
602 1.503526 
603 1.381913 
604 1.698386 
605 1.163967 
606 1.340938 
607 1.908009 
608 2.178502 
609 1.385435 
610 1.323493 
611 1.114711 
612 1.522724 
613 1.404981 
614 1.760830 
615 1.505710 
616 1.413667 
617 1.659283 
618 1.563862 
619 1.836451 
620 1.809697 
621 1.494544 
622 1.345449 
623 1.440179 
624 1.236820 
625 1.544387 
626 1.540568 
627 1.886962 
628 1.439685 
629 1.418091 
630 1.837176 
631 1.218835 
632 1.504744 
633 1.101018 
634 2.281759 
635 1.371601 
636 1.547032 
637 1.298493 
638 1.743648 
639 1.734232 
640 1.040795 
641 1.687801 
642 1.523343 
643 1.876548 
644 1.930271 
645 1.574646 
646 1.578810 
647 1.172508 
648 1.898103 
649 1.512107 
650 1.302414 
651 1.560286 
652 1.620995 
653 1.455902 
654 1.249311 
655 1.807240 
656 1.525746 
657 1.374862 
658 1.592120 
659 1.956207 
660 1.494614 
661 1.497401 
662 1.660856 
663 1.539074 
664 1.577948 
665 1.862193 
666 1.494166 
667 1.319484 
668 1.425343 
669 1.428160 
670 1.383341 
671 1.895894 
672 1.887007 
673 1.521597 
674 1.406124 
675 1.424033 
676 1.405416 
677 1.332964 
678 1.808227 
679 1.705231 
680 1.689945 
681 1.353184 
682 1.617109 
683 1.574990 
684 1.140175 
685 2.326320 
686 -1.547247 
687 1.073758 
688 1.433110 
689 1.843756 
690 1.343514 
691 1.423272 
692 1.470508 
693 2.001866 
694 1.657245 
695 1.133792 
696 1.248766 
697 1.345232 
698 1.564403 
699 2.045367 
700 1.504208 
701 1.753364 
702 1.240574 
703 1.420649 
704 1.625195 
705 1.612412 
706 1.374352 
707 1.607855 
708 1.441462 
709 1.342633 
710 0.665940 
711 2.604097 
712 -2.645347 
713 -1.103391 
714 -0.371322 
715 -0.560913 
716 -2.098896 
717 -1.217992 
718 -1.368381 
719 -0.827506 
720 -1.678256 
721 -1.300117 
722 -1.499083 
723 -1.369094 
724 -1.376514 
725 -1.656623 
726 -1.558514 
727 -1.325011 
728 -1.281668 
729 -1.112981 
730 -1.547168 
731 -1.822086 
732 -1.971449 
733 -1.641546 
734 -1.106340 
735 -1.046966 
736 -1.217770 
737 -1.262726 
738 -1.684924 
739 -1.709825 
740 -2.209842 
741 -1.788809 
742 -0.755826 
743 -0.615359 
744 -2.386562 
745 -0.898819 
746 -1.160204 
747 -1.369967 
748 -1.947805 
749 -1.707542 
750 -1.716783 
751 -0.734305 
752 -0.582451 
753 -0.374667 
754 -1.283764 
755 -2.680809 
756 1.285790 
757 2.017663 
758 1.416135 
759 1.452348 
760 1.298043 
761 1.528481 
762 1.582160 
763 1.688153 
764 1.807301 
765 1.763324 
766 1.328292 
767 1.186487 
768 1.547297 
769 1.717813 
770 1.648157 
771 1.520213 
772 1.271646 
773 2.124713 
774 1.267044 
775 1.621576 
776 1.373721 
777 1.466548 
778 1.378287 
779 1.873702 
780 1.924474 
781 1.316142 
782 1.357029 
783 1.479205 
784 1.160013 
785 1.783133 
786 1.695390 
787 1.602006 
788 1.432509 
789 1.120935 
790 0.981049 
791 2.198994 
792 1.835132 
793 1.557366 
794 1.410349 
795 1.453488 
796 1.212068 
797 1.339227 
798 1.812273 
799 1.723232 
800 1.446347 
801 1.634239 
802 1.715634 
803 1.359244 
804 1.601227 
805 1.664450 
806 1.273576 
807 1.554244 
808 1.688123 
809 0.684317 
810 0.473975 
811 2.646524 
812 -1.954209 
813 -1.484654 
814 -1.323188 
815 -1.028387 
816 -1.208058 
817 -1.208337 
818 -1.543423 
819 -1.908950 
820 -1.394351 
821 -1.437575 
822 -1.454190 
823 -1.498850 
824 -1.475137 
825 -1.674333 
826 -1.301960 
827 -1.357091 
828 -1.012741 
829 -1.593572 
830 -1.528686 
831 -1.494015 
832 -1.500751 
833 -1.516912 
834 -1.593140 
835 -1.258373 
836 -1.242154 
837 -1.288882 
838 -1.744946 
839 -1.323697 
840 -1.368059 
841 -1.616954 
842 -1.503424 
843 -1.239895 
844 -1.365615 
845 -1.686260 
846 -1.217361 
847 -1.452333 
848 -1.704007 
849 -1.612794 
850 -1.444592 
851 -0.873709 
852 -1.249266 
853 -1.323202 
854 -1.299953 
855 -1.832079 
856 -1.956694 
857 -1.661415 
858 -1.039828 
859 -1.009239 
860 -0.876457 
861 -0.561304 
862 -2.546240 
863 -1.341026 
864 -1.009732 
865 -1.409600 
866 -1.593893 
867 -1.513848 
868 -1.239339 
869 -1.098571 
870 -2.052327 
871 -0.926027 
872 -1.984605 
873 -1.465261 
874 -1.048758 
875 -1.181921 
876 -2.107150 
877 -1.212760 
878 -1.142097 
879 -1.206184 
880 -1.679325 
881 -1.111103 
882 -1.243501 
883 -1.839220 
884 -1.521560 
885 -1.164687 
886 -1.557840 
887 -1.457383 
888 -1.366111 
889 -1.531103 
890 -1.403760 
891 -1.560685 
892 -2.365717 
893 -1.470614 
894 -0.748305 
895 -0.895261 
896 -1.040142 
897 -1.562852 
898 -1.694821 
899 -1.656273 
900 -1.502087 
901 -1.145033 
902 -1.210110 
903 -1.993900 
904 -1.613956 
905 -1.577873 
906 -1.425088 
907 -1.288634 
908 -1.217079 
909 -1.524041 
910 -1.521953 
911 -1.537500 
912 -1.145071 
913 -1.202410 
914 -1.223063 
915 -2.138832 
916 -1.389499 
917 -1.356745 
918 -1.494593 
919 -1.658284 
920 -1.757686 
921 -1.046223 
922 -0.990844 
923 -1.855884 
924 -2.127910 
925 -1.274890 
926 -1.167353 
927 -1.123595 
928 -0.895011 
929 -0.835852 
930 -2.461240 
931 -1.479574 
932 -2.194675 
933 -1.713816 
934 -0.982350 
935 -0.647722 
936 -0.979669 
937 -1.638884 
938 -1.704866 
939 -1.605431 
940 -1.341254 
941 -1.110005 
942 -1.312957 
943 -2.066288 
944 -0.917504 
945 -1.142254 
946 -1.289031 
947 -2.191451 
948 -1.635748 
949 -1.447049 
950 -1.333629 
951 -1.268792 
952 -1.267881 
953 -1.177388 
954 -0.837143 
955 -2.212372 
956 -1.872463 
957 -1.115897 
958 -1.531120 
959 -1.273988 
960 -1.455218 
961 -1.166346 
962 -1.617517 
963 -1.641985 
964 -1.619409 
965 -1.031726 
966 -1.444587 
967 -1.771208 
968 -1.674905 
969 -1.668700 
970 -0.958058 
971 -1.566814 
972 -0.770338 
973 -0.893412 
974 -1.811858 
975 -1.880269 
976 -1.806324 
977 -1.531623 
978 -1.021590 
979 -1.331983 
980 -1.330670 
981 -1.166253 
982 -2.071760 
983 -0.948038 
984 -2.820243 
985 1.105217 
986 1.156552 
987 0.963219 
988 1.371013 
989 1.632960 
990 1.853741 
991 1.327832 
992 2.033019 
993 1.516906 
994 1.029907 
995 1.502384 
996 1.851167 
997 1.433242 
998 1.653930 
999 1.594912 
1000 1.474962 
1001 1.709397 
1002 1.270890 
1003 1.767062 
1004 1.607136 
1005 1.944476 
1006 1.192255 
1007 1.482216 
1008 1.241426 
1009 1.453962 
1010 1.918373 
1011 1.501564 
1012 1.534910 
1013 1.654134 
1014 1.577527 
1015 1.343836 
1016 1.591327 
1017 1.479945 
1018 1.350514 
1019 1.721543 
1020 2.170990 
1021 1.275784 
1022 1.166860 
1023 1.569863 
1024 1.776405 
1025 1.517128 
1026 1.320709 
1027 1.615977 
1028 0.980518 
1029 1.598284 
1030 1.646686 
1031 1.804652 
1032 1.643159 
1033 1.752464 
1034 1.480735 
1035 1.327605 
1036 0.836490 
1037 2.552903 
1038 -1.807107 
1039 -1.032314 
1040 -1.205907 
1041 -1.204153 
1042 -1.566011 
1043 -1.670278 
1044 -1.441225 
1045 -1.361938 
1046 -1.502464 
1047 -1.452422 
1048 -1.586537 
1049 -1.441256 
1050 -1.118690 
1051 -1.653824 
1052 -1.736627 
1053 -1.459825 
1054 -1.274813 
1055 -1.403999 
1056 -1.405406 
1057 -1.575490 
1058 -1.345995 
1059 -1.331608 
1060 -1.138299 
1061 -1.632468 
1062 -1.403406 
1063 -1.621988 
1064 -1.382879 
1065 -1.422448 
1066 -1.380952 
1067 -1.589433 
1068 -1.713295 
1069 -1.338414 
1070 -1.226753 
1071 -1.575554 
1072 -1.861844 
1073 -1.230251 
1074 -1.239333 
1075 -1.445849 
1076 -1.234148 
1077 -1.388316 
1078 -1.724624 
1079 -1.400722 
1080 -1.382371 
1081 -1.373893 
1082 -1.553669 
1083 -1.527847 
1084 -1.619162 
1085 -1.565038 
1086 -1.443009 
1087 -1.286290 
1088 -2.500116 
1089 -0.758499 
1090 -0.760966 
1091 -1.563305 
1092 -1.850444 
1093 -1.215885 
1094 -1.178613 
1095 -1.707214 
1096 -1.398592 
1097 -1.477014 
1098 -1.440942 
1099 -1.463279 
1100 -2.006874 
1101 -1.904588 
1102 -0.941086 
1103 -0.736112 
1104 -1.002085 
1105 -1.127271 
1106 -1.765410 
1107 -1.836193 
1108 -1.123413 
1109 -1.549834 
1110 -1.820897 
1111 -1.290436 
1112 -1.600474 
1113 -1.506657 
1114 -0.949305 
1115 -1.740951 
1116 -1.510215 
1117 -1.585554 
1118 -1.491804 
1119 -1.618065 
1120 -1.109976 
1121 -1.362154 
1122 -1.521033 
1123 -1.874607 
1124 -1.943877 
1125 -1.170455 
1126 -1.182901 
1127 -1.214256 
1128 -1.529243 
1129 -1.368340 
1130 -1.531267 
1131 -1.446225 
1132 -1.336201 
1133 -1.852846 
1134 -1.289438 
1135 -1.218524 
1136 -2.548046 
1137 -1.604369 
1138 -0.786825 
1139 -0.809089 
1140 -0.812639 
1141 -1.623710 
1142 -1.487274 
1143 -1.719163 
1144 -1.629992 
1145 -1.205533 
1146 -1.578269 
1147 -1.528403 
1148 -1.354448 
1149 -1.382285 
1150 -1.656634 
1151 -1.442702 
1152 -1.563244 
1153 -1.609257 
1154 -1.616810 
1155 -0.933072 
1156 -0.990209 
1157 -1.362095 
1158 -1.637321 
1159 -1.778926 
1160 -1.782674 
1161 -1.664826 
1162 -0.915231 
1163 -1.295580 
1164 -1.333446 
1165 -1.276995 
1166 -1.272738 
1167 -2.022728 
1168 -1.236338 
1169 -1.363972 
1170 -1.060280 
1171 -1.949204 
1172 -1.605017 
1173 -0.951747 
1174 -1.385763 
1175 -1.863192 
1176 -1.032231 
1177 -1.709816 
1178 -1.693494 
1179 -1.377552 
1180 -1.146874 
1181 -1.508353 
1182 -1.880206 
1183 -1.190442 
1184 -1.384831 
1185 -0.629061 
1186 -0.696033 
1187 -2.776050 
1188 1.447021 
1189 1.553655 
1190 1.695283 
1191 1.645604 
1192 1.949639 
1193 1.394393 
1194 1.187741 
1195 1.534707 
1196 1.499426 
1197 1.432721 
1198 1.547257 
1199 1.497643 
1200 1.391141 
1201 1.380748 
1202 1.369432 
1203 1.889845 
1204 1.542190 
1205 1.288161 
1206 1.555827 
1207 1.778214 
1208 1.761104 
1209 1.532689 
1210 1.433711 
1211 1.540155 
1212 0.987325 
1213 1.139149 
1214 1.756762 
1215 1.947583 
1216 1.916789 
1217 1.301278 
1218 1.486123 
1219 1.385045 
1220 1.554845 
1221 1.755255 
1222 1.265212 
1223 1.545712 
1224 1.312081 
1225 1.231892 
1226 1.712430 
1227 1.754495 
1228 1.866168 
1229 1.265576 
1230 1.433719 
1231 1.474108 
1232 1.334454 
1233 2.087518 
1234 1.279566 
1235 1.431705 
1236 0.930471 
1237 1.393208 
1238 0.991051 
1239 2.718012 
1240 -1.854183 
1241 -1.534598 
1242 -1.482320 
1243 -1.091962 
1244 -1.106646 
1245 -1.602661 
1246 -1.399464 
1247 -1.542502 
1248 -1.134500 
1249 -1.580390 
1250 -1.563705 
1251 -1.392467 
1252 -1.611676 
1253 -1.318453 
1254 -1.258798 
1255 -1.649328 
1256 -1.257044 
1257 -1.339021 
1258 -1.661343 
1259 -1.504027 
1260 -1.623781 
1261 -1.851737 
1262 -1.060324 
1263 -1.119623 
1264 -1.293194 
1265 -1.454416 
1266 -1.627833 
1267 -1.261288 
1268 -1.452143 
1269 -1.722574 
1270 -1.278127 
1271 -1.300795 
1272 -1.479293 
1273 -1.485298 
1274 -1.558784 
1275 -1.154683 
1276 -0.797406 
1277 -1.371165 
1278 -1.499159 
1279 -1.794046 
1280 -1.726006 
1281 -1.289659 
1282 -1.045665 
1283 -1.675606 
1284 -1.165557 
1285 -1.667348 
1286 -1.501522 
1287 -1.313460 
1288 -1.164287 
1289 -1.049357 
1290 -0.948521 
1291 -2.603135 
1292 1.828577 
1293 1.677248 
1294 1.175835 
1295 1.367146 
1296 1.667671 
1297 1.304553 
1298 1.373688 
1299 1.753454 
1300 1.163555 
1301 1.414625 
1302 1.872184 
1303 1.615891 
1304 1.453134 
1305 1.447358 
1306 1.422689 
1307 1.585907 
1308 1.594626 
1309 1.524113 
1310 1.317625 
1311 1.722781 
1312 1.572043 
1313 1.504399 
1314 1.245846 
1315 1.764654 
1316 1.389295 
1317 1.599246 
1318 1.407912 
1319 1.572977 
1320 1.578800 
1321 1.671136 
1322 1.509557 
1323 1.311446 
1324 1.623838 
1325 1.538703 
1326 1.576731 
1327 1.339635 
1328 1.376500 
1329 1.672402 
1330 1.376546 
1331 1.517027 
1332 1.349326 
1333 1.575029 
1334 1.361999 
1335 1.597262 
1336 1.746101 
1337 1.254379 
1338 1.295424 
1339 1.648133 
1340 1.420519 
1341 1.534032 
1342 1.681296 
1343 1.397545 
1344 1.329238 
1345 1.632428 
1346 2.155457 
1347 0.874868 
1348 1.216719 
1349 1.206513 
1350 1.807551 
1351 1.770023 
1352 1.739082 
1353 1.720826 
1354 1.168101 
1355 1.381062 
1356 1.543512 
1357 1.653576 
1358 1.171484 
1359 1.976331 
1360 1.185750 
1361 1.877617 
1362 1.482433 
1363 1.598944 
1364 1.372507 
1365 1.662241 
1366 1.390232 
1367 1.762283 
1368 1.989503 
1369 1.347308 
1370 1.640502 
1371 1.339969 
1372 1.215451 
1373 1.277689 
1374 2.139148 
1375 1.675650 
1376 1.629444 
1377 1.216826 
1378 1.560341 
1379 1.855576 
1380 1.314172 
1381 1.976849 
1382 1.556675 
1383 1.352783 
1384 1.304192 
1385 1.419802 
1386 1.448133 
1387 1.817344 
1388 1.982752 
1389 1.467075 
1390 1.196925 
1391 1.450878 
1392 1.990702 
1393 1.282275 
1394 1.542799 
1395 1.288265 
1396 0.543599 
1397 2.571869 
1398 -1.198032 
1399 -1.344055 
1400 -1.656223 
1401 -1.126346 
1402 -1.357238 
1403 -1.675663 
1404 -2.302316 
1405 -1.107567 
1406 -0.902974 
1407 -1.241279 
1408 -1.403697 
1409 -1.436786 
1410 -1.663905 
1411 -1.482364 
1412 -1.308198 
1413 -1.220573 
1414 -1.308234 
1415 -1.844423 
1416 -1.813879 
1417 -1.343129 
1418 -1.543142 
1419 -1.215723 
1420 -1.352290 
1421 -1.698610 
1422 -1.408206 
1423 -1.396423 
1424 -1.600620 
1425 -1.559353 
1426 -1.056441 
1427 -1.577689 
1428 -1.427760 
1429 -1.799507 
1430 -1.423459 
1431 -1.274640 
1432 -1.705728 
1433 -1.460942 
1434 -1.208052 
1435 -1.301788 
1436 -1.828689 
1437 -1.291744 
1438 -1.524419 
1439 -1.283847 
1440 -0.744392 
1441 -1.672220 
1442 -1.406314 
1443 -1.797969 
1444 -1.848385 
1445 -1.318733 
1446 -1.293684 
1447 -1.446421 
1448 -0.720868 
1449 -0.822648 
1450 -0.884983 
1451 -2.856308 
1452 1.207272 
1453 1.403599 
1454 1.927174 
1455 1.649137 
1456 1.899865 
1457 1.473592 
1458 1.176960 
1459 1.922721 
1460 1.496037 
1461 1.442092 
1462 1.977590 
1463 1.395704 
1464 1.527473 
1465 1.429136 
1466 1.646118 
1467 1.652709 
1468 1.807396 
1469 1.699798 
1470 1.347134 
1471 1.513195 
1472 1.825166 
1473 1.314252 
1474 1.104287 
1475 1.987243 
1476 1.612586 
1477 1.613360 
1478 1.565456 
1479 1.628996 
1480 1.941605 
1481 1.321097 
1482 1.775923 
1483 1.530435 
1484 1.413378 
1485 1.807634 
1486 1.573574 
1487 1.423013 
1488 1.508756 
1489 1.794311 
1490 1.711678 
1491 1.294015 
1492 1.638837 
1493 1.407125 
1494 1.659237 
1495 1.442610 
1496 1.737385 
1497 1.602241 
1498 1.337246 
1499 1.659563 
1500 1.569304 
1501 1.534207 
1502 0.878169 
1503 2.073204 
1504 0.930999 
1505 1.962316 
1506 1.427503 
1507 1.616106 
1508 1.330828 
1509 1.638045 
1510 1.283298 
1511 1.691411 
1512 1.634369 
1513 1.552667 
1514 1.348698 
1515 1.557727 
1516 1.518234 
1517 1.466397 
1518 1.643492 
1519 1.497736 
1520 1.736573 
1521 1.548385 
1522 1.565433 
1523 1.297000 
1524 1.338294 
1525 1.181507 
1526 1.628625 
1527 1.956892 
1528 1.573581 
1529 1.365996 
1530 1.540109 
1531 1.564940 
1532 1.665563 
1533 1.474227 
1534 1.492604 
1535 1.522355 
1536 1.699950 
1537 1.528860 
1538 1.320180 
1539 1.440578 
1540 1.431161 
1541 1.158716 
1542 1.618634 
1543 1.810656 
1544 1.550783 
1545 1.240596 
1546 1.454831 
1547 1.698541 
1548 1.573689 
1549 1.338879 
1550 1.589872 
1551 1.620256 
1552 1.380810 
1553 1.305988 
1554 1.632704 
1555 1.776979 
1556 1.505115 
1557 1.534286 
1558 1.558319 
1559 1.473430 
1560 1.295525 
1561 1.644038 
1562 1.488331 
1563 1.552886 
1564 1.306207 
1565 1.870576 
1566 1.352132 
1567 1.398425 
1568 1.910087 
1569 1.438903 
1570 1.507708 
1571 1.087434 
1572 0.765611 
1573 0.824718 
1574 2.607264 
1575 -1.622968 
1576 -1.781542 
1577 -1.784559 
1578 -0.845458 
1579 -1.109317 
1580 -1.200200 
1581 -1.213009 
1582 -1.599899 
1583 -1.733737 
1584 -1.611342 
1585 -1.542015 
1586 -1.232590 
1587 -1.475719 
1588 -1.168271 
1589 -1.625043 
1590 -1.333651 
1591 -1.644622 
1592 -1.498387 
1593 -1.362980 
1594 -1.258926 
1595 -1.693365 
1596 -1.509894 
1597 -1.588133 
1598 -0.951163 
1599 -1.700779 
1600 -1.584441 
1601 -1.650951 
1602 -1.244574 
1603 -1.302576 
1604 -1.282387 
1605 -1.248945 
1606 -1.654760 
1607 -1.612300 
1608 -1.867217 
1609 -1.407464 
1610 -1.376107 
1611 -1.097985 
1612 -1.492692 
1613 -1.594494 
1614 -1.475613 
1615 -1.201198 
1616 -1.019005 
1617 -1.231920 
1618 -1.453476 
1619 -1.934370 
1620 -1.459634 
1621 -1.274282 
1622 -1.726884 
1623 -1.263680 
1624 -1.458703 
1625 -1.113571 
1626 -1.683764 
1627 -1.482678 
1628 -1.249033 
1629 -1.323956 
1630 -2.425227 
1631 0.962454 
1632 1.462366 
1633 2.015175 
1634 1.338069 
1635 1.417433 
1636 1.691364 
1637 1.429540 
1638 1.733924 
1639 1.449597 
1640 1.491187 
1641 1.522388 
1642 1.906116 
1643 1.425989 
1644 1.114426 
1645 1.708283 
1646 1.365404 
1647 1.844396 
1648 1.547128 
1649 1.387574 
1650 1.237664 
1651 2.222430 
1652 1.850646 
1653 1.593208 
1654 1.068959 
1655 1.667122 
1656 1.363452 
1657 1.598021 
1658 1.391966 
1659 1.794834 
1660 1.659847 
1661 1.249066 
1662 1.561356 
1663 1.669967 
1664 1.509616 
1665 1.681623 
1666 1.187304 
1667 1.786996 
1668 1.688623 
1669 1.566341 
1670 1.544827 
1671 1.301208 
1672 1.962341 
1673 1.465202 
1674 1.101344 
1675 1.778427 
1676 2.553885 
1677 1.293616 
1678 1.186387 
1679 1.118603 
1680 0.451150 
1681 2.187762 
1682 -1.880113 
1683 -1.158491 
1684 -1.643452 
1685 -1.276653 
1686 -1.662567 
1687 -1.392541 
1688 -0.730166 
1689 -1.116231 
1690 -1.799618 
1691 -1.819955 
1692 -1.076292 
1693 -0.838615 
1694 -1.135258 
1695 -2.417327 
1696 -2.310602 
1697 -1.223394 
1698 -0.987168 
1699 -0.882340 
1700 -0.976026 
1701 -1.099542 
1702 -1.417778 
1703 -2.273398 
1704 -1.581319 
1705 -1.535299 
1706 -1.316302 
1707 -1.394921 
1708 -1.535979 
1709 -1.534687 
1710 -1.345518 
1711 -1.427310 
1712 -1.303078 
1713 -1.320429 
1714 -1.589275 
1715 -1.574351 
1716 -1.509943 
1717 -1.272836 
1718 -1.376641 
1719 -1.561801 
1720 -2.099815 
1721 -1.044533 
1722 -1.123469 
1723 -1.518627 
1724 -1.541955 
1725 -1.414260 
1726 -1.353910 
1727 -1.654958 
1728 -1.487165 
1729 -1.408228 
1730 -1.450556 
1731 -1.561158 
1732 -2.606327 
1733 -0.889226 
1734 -1.261941 
1735 -1.044989 
1736 -0.972160 
1737 -1.299655 
1738 -1.328235 
1739 -2.051394 
1740 -1.869828 
1741 -1.451230 
1742 -1.236305 
1743 -1.239578 
1744 -1.153890 
1745 -1.626045 
1746 -1.022653 
1747 -1.995359 
1748 -1.580247 
1749 -1.574951 
1750 -1.498948 
1751 -1.251144 
1752 -1.552082 
1753 -1.210554 
1754 -1.285596 
1755 -1.852497 
1756 -1.809846 
1757 -1.429575 
1758 -0.719179 
1759 -1.723889 
1760 -1.485035 
1761 -1.319191 
1762 -1.475347 
1763 -1.321845 
1764 -1.756821 
1765 -1.543741 
1766 -1.201757 
1767 -1.425110 
1768 -1.510404 
1769 -1.120612 
1770 -1.583583 
1771 -1.785844 
1772 -1.181451 
1773 -1.710322 
1774 -1.207480 
1775 -1.656564 
1776 -1.272418 
1777 -1.734966 
1778 -1.346714 
1779 -1.494445 
1780 -1.571301 
1781 -1.815315 
1782 -1.222844 
1783 -1.030206 
1784 -2.571876 
1785 1.172388 
1786 1.140603 
1787 1.387137 
1788 1.860722 
1789 1.470623 
1790 1.283807 
1791 1.520117 
1792 1.274730 
1793 1.604136 
1794 1.614791 
1795 1.656742 
1796 1.567088 
1797 1.681841 
1798 1.457329 
1799 1.544035 
1800 1.461575 
1801 1.648480 
1802 1.605553 
1803 1.441168 
1804 1.674753 
1805 1.315340 
1806 1.399340 
1807 1.679541 
1808 1.349066 
1809 1.207544 
1810 1.447272 
1811 2.057693 
1812 1.892327 
1813 1.205728 
1814 1.649120 
1815 1.293115 
1816 1.169897 
1817 1.205251 
1818 1.576606 
1819 1.999243 
1820 1.301873 
1821 1.856920 
1822 1.673135 
1823 1.193790 
1824 1.593462 
1825 1.082719 
1826 1.786448 
1827 1.663730 
1828 1.662810 
1829 1.285580 
1830 1.828001 
1831 1.348121 
1832 1.287523 
1833 1.922454 
1834 1.512077 
1835 1.425965 
1836 1.802169 
1837 1.363116 
1838 1.634397 
1839 1.459216 
1840 1.416830 
1841 2.021918 
1842 1.306348 
1843 1.253587 
1844 1.713749 
1845 1.406294 
1846 1.562469 
1847 1.521408 
1848 2.736472 
1849 -1.259025 
1850 -0.967164 
1851 -1.031179 
1852 -1.282061 
1853 -1.420083 
1854 -1.616726 
1855 -1.501379 
1856 -1.640071 
1857 -1.426541 
1858 -1.234523 
1859 -1.349612 
1860 -1.356716 
1861 -1.362288 
1862 -1.677325 
1863 -1.451880 
1864 -1.402179 
1865 -1.703296 
1866 -1.022399 
1867 -1.584985 
1868 -1.269988 
1869 -1.299099 
1870 -1.498705 
1871 -1.708648 
1872 -1.303635 
1873 -1.136587 
1874 -1.620913 
1875 -1.646792 
1876 -1.530827 
1877 -1.610275 
1878 -1.640579 
1879 -1.158854 
1880 -1.252480 
1881 -1.612429 
1882 -1.556039 
1883 -1.430233 
1884 -1.491691 
1885 -1.730220 
1886 -1.381451 
1887 -1.412439 
1888 -1.338868 
1889 -1.491350 
1890 -1.302837 
1891 -1.650540 
1892 -1.786227 
1893 -1.621881 
1894 -1.271076 
1895 -1.255278 
1896 -0.934511 
1897 -1.500393 
1898 -1.604455 
1899 -1.740664 
1900 -1.597627 
1901 -1.030969 
1902 -1.826012 
1903 -1.327797 
1904 -1.137749 
1905 -2.594091 
1906 -1.202927 
1907 -0.704665 
1908 -1.273071 
1909 -1.113269 
1910 -1.534368 
1911 -1.803735 
1912 -1.710872 
1913 -1.104270 
1914 -1.645298 
1915 -1.411847 
1916 -1.665838 
1917 -1.487484 
1918 -1.282651 
1919 -1.575205 
1920 -1.379872 
1921 -1.559666 
1922 -1.822968 
1923 -1.263243 
1924 -1.400599 
1925 -1.726110 
1926 -1.182582 
1927 -1.609774 
1928 -1.655232 
1929 -1.363253 
1930 -1.334275 
1931 -1.683084 
1932 -2.362503 
1933 -1.221514 
1934 -0.863493 
1935 -1.320619 
1936 -1.564601 
1937 -1.119250 
1938 -1.553121 
1939 -1.552452 
1940 -1.495909 
1941 -1.493071 
1942 -1.472810 
1943 -1.612003 
1944 -1.378839 
1945 -1.429511 
1946 -1.652154 
1947 -1.410857 
1948 -1.844564 
1949 -1.065236 
1950 -0.996157 
1951 -1.817592 
1952 -2.311637 
1953 -1.382732 
1954 -1.069353 
1955 -1.017069 
1956 -2.038927 
1957 1.389254 
1958 1.325399 
1959 1.458481 
1960 1.482030 
1961 1.536717 
1962 1.444286 
1963 1.735361 
1964 1.487003 
1965 1.455649 
1966 1.231975 
1967 1.881334 
1968 1.469571 
1969 1.429919 
1970 1.653075 
1971 1.427565 
1972 1.593397 
1973 0.877755 
1974 1.646273 
1975 1.768465 
1976 1.937495 
1977 1.428296 
1978 1.245249 
1979 1.456342 
1980 1.685907 
1981 1.779589 
1982 1.739925 
1983 0.969633 
1984 1.444139 
1985 1.201211 
1986 1.659949 
1987 1.748531 
1988 1.304404 
1989 1.541998 
1990 1.692133 
1991 1.523619 
1992 1.469592 
1993 1.520658 
1994 1.742781 
1995 1.517290 
1996 1.444882 
1997 1.056116 
1998 1.576060 
1999 1.850548 
2000 1.577738 
2001 1.587862 
2002 1.826437 
2003 1.305994 
2004 1.412458 
2005 1.057707 
2006 1.037234 
2007 2.694740 
2008 -2.129004 
2009 -1.238661 
2010 -1.320601 
2011 -1.167148 
2012 -1.346099 
2013 -1.541056 
2014 -1.483254 
2015 -1.569330 
2016 -1.584868 
2017 -1.744178 
2018 -1.354789 
2019 -1.342319 
2020 -0.877960 
2021 -0.999584 
2022 -1.500617 
2023 -2.212170 
2024 -1.290232 
2025 -0.919900 
2026 -1.455157 
2027 -1.973819 
2028 -1.546197 
2029 -1.308766 
2030 -1.422098 
2031 -1.569222 
2032 -1.872317 
2033 -1.525002 
2034 -1.126288 
2035 -1.321175 
2036 -0.860089 
2037 -1.326069 
2038 -1.535381 
2039 -2.017135 
2040 -2.214927 
2041 -1.044518 
2042 -1.129853 
2043 -1.245507 
2044 -1.794106 
2045 -1.674619 
2046 -1.361387 
2047 -1.112709 
2048 -0.987530 
2049 -1.159904 
2050 -1.869407 
2051 -1.668982 
2052 -1.257866 
2053 -1.782559 
2054 -1.488050 
2055 -1.183955 
2056 -0.529146 
2057 -0.593239 
2058 -2.265355 
2059 -2.064502 
2060 -2.132042 
2061 -1.458655 
2062 -0.997292 
2063 -1.054790 
2064 -1.381071 
2065 -1.778315 
2066 -1.254969 
2067 -1.253579 
2068 -1.250963 
2069 -1.556164 
2070 -1.371922 
2071 -1.521756 
2072 -1.878225 
2073 -1.530217 
2074 -1.253280 
2075 -0.969184 
2076 -1.700905 
2077 -1.527553 
2078 -1.430758 
2079 -1.185603 
2080 -1.311441 
2081 -1.748889 
2082 -1.563033 
2083 -1.209578 
2084 -1.328326 
2085 -1.314153 
2086 -1.466592 
2087 -1.535844 
2088 -1.517475 
2089 -1.049329 
2090 -1.200197 
2091 -1.751408 
2092 -1.787884 
2093 -1.590660 
2094 -0.998388 
2095 -1.365127 
2096 -1.288913 
2097 -1.132854 
2098 -1.411619 
2099 -1.772329 
2100 -1.787049 
2101 -1.866360 
2102 -1.034748 
2103 -0.857793 
2104 -1.405148 
2105 -1.538346 
2106 -1.455984 
2107 -1.484892 
2108 -1.166878 
2109 -0.973830 
2110 -2.509506 
2111 1.245055 
2112 1.360922 
2113 1.535617 
2114 1.276501 
2115 2.055336 
2116 1.359974 
2117 1.703586 
2118 1.291890 
2119 2.033236 
2120 1.924146 
2121 1.495582 
2122 1.328824 
2123 1.519785 
2124 1.431083 
2125 1.466947 
2126 1.482248 
2127 1.690864 
2128 1.582976 
2129 1.792216 
2130 1.276430 
2131 1.594370 
2132 1.834639 
2133 1.180291 
2134 1.434328 
2135 1.681032 
2136 2.350584 
2137 1.303322 
2138 1.254517 
2139 1.178002 
2140 1.546057 
2141 1.533806 
2142 1.335461 
2143 1.830836 
2144 1.677229 
2145 1.351326 
2146 1.652541 
2147 1.754971 
2148 1.878179 
2149 1.656157 
2150 1.446236 
2151 1.082675 
2152 1.764864 
2153 1.594441 
2154 1.529195 
2155 1.477755 
2156 1.201884 
2157 1.108655 
2158 1.627753 
2159 2.058451 
2160 0.970548 
2161 2.241731 
2162 -1.301009 
2163 -1.610348 
2164 -1.748557 
2165 -1.158476 
2166 -1.129503 
2167 -1.553944 
2168 -1.474195 
2169 -1.666124 
2170 -1.708576 
2171 -0.774479 
2172 -1.857614 
2173 -1.230837 
2174 -1.112877 
2175 -1.608964 
2176 -1.259271 
2177 -1.128286 
2178 -1.647188 
2179 -1.564918 
2180 -1.758395 
2181 -1.103925 
2182 -1.529150 
2183 -1.423192 
2184 -1.526454 
2185 -1.000051 
2186 -1.625340 
2187 -1.570427 
2188 -1.507472 
2189 -1.497521 
2190 -1.548369 
2191 -1.103374 
2192 -1.088399 
2193 -1.426825 
2194 -1.423722 
2195 -1.749435 
2196 -1.617800 
2197 -1.073895 
2198 -1.483659 
2199 -1.566007 
2200 -1.606351 
2201 -1.617861 
2202 -1.282617 
2203 -1.302409 
2204 -1.776107 
2205 -1.255356 
2206 -1.461715 
2207 -1.352540 
2208 -1.640044 
2209 -1.753326 
2210 -1.183409 
2211 -1.182146 
2212 -2.431271 
2213 1.499272 
2214 1.399716 
2215 0.855762 
2216 1.334733 
2217 1.323924 
2218 1.392167 
2219 1.858476 
2220 1.791397 
2221 1.524355 
2222 1.259592 
2223 1.426646 
2224 1.913135 
2225 1.464929 
2226 1.455324 
2227 1.157439 
2228 0.947665 
2229 1.661278 
2230 1.498247 
2231 1.752223 
2232 1.805429 
2233 1.258044 
2234 1.403657 
2235 1.580142 
2236 1.086931 
2237 1.506305 
2238 1.805199 
2239 1.522654 
2240 1.568521 
2241 1.290330 
2242 1.448182 
2243 1.568859 
2244 1.458448 
2245 1.322485 
2246 1.220858 
2247 1.879581 
2248 1.862736 
2249 1.342348 
2250 1.439737 
2251 1.467140 
2252 1.785615 
2253 1.246459 
2254 1.116607 
2255 1.770994 
2256 1.469304 
2257 1.715830 
2258 1.612686 
2259 1.273813 
2260 1.402269 
2261 0.850675 
2262 1.364475 
2263 2.697527 
2264 -1.632558 
2265 -1.081895 
2266 -1.457529 
2267 -1.524113 
2268 -1.284476 
2269 -1.306858 
2270 -1.351332 
2271 -1.738968 
2272 -1.069227 
2273 -1.568706 
2274 -1.606898 
2275 -1.502684 
2276 -1.461579 
2277 -1.412363 
2278 -1.420152 
2279 -1.600520 
2280 -1.453685 
2281 -1.258636 
2282 -1.027158 
2283 -1.821371 
2284 -1.984944 
2285 -1.039585 
2286 -1.263076 
2287 -1.395708 
2288 -1.313204 
2289 -1.196867 
2290 -1.282166 
2291 -1.946409 
2292 -1.902280 
2293 -1.003344 
2294 -1.415320 
2295 -1.691155 
2296 -0.949478 
2297 -1.306603 
2298 -1.550696 
2299 -1.722529 
2300 -1.935557 
2301 -1.464763 
2302 -0.820330 
2303 -1.456962 
2304 -1.641511 
2305 -1.802373 
2306 -1.252715 
2307 -1.208934 
2308 -1.556204 
2309 -2.087118 
2310 -1.270302 
2311 -0.823456 
2312 -0.247618 
2313 0.384021 
2314 -2.384196 
2315 2.160960 
2316 2.185648 
2317 1.317692 
2318 1.082483 
2319 1.302524 
2320 1.305959 
2321 1.258672 
2322 1.686035 
2323 1.681028 
2324 1.728276 
2325 1.461314 
2326 0.978309 
2327 1.775728 
2328 1.364344 
2329 1.512788 
2330 1.436381 
2331 1.610842 
2332 1.712285 
2333 1.314413 
2334 1.527383 
2335 1.292238 
2336 1.404609 
2337 1.181356 
2338 1.549330 
2339 1.811529 
2340 1.386213 
2341 1.278015 
2342 1.682042 
2343 1.530097 
2344 1.632006 
2345 1.434754 
2346 1.492938 
2347 1.428805 
2348 1.455644 
2349 1.287881 
2350 1.559411 
2351 1.491683 
2352 1.511979 
2353 0.999843 
2354 1.799184 
2355 1.578114 
2356 1.688063 
2357 1.521659 
2358 1.470545 
2359 1.166415 
2360 1.418725 
2361 1.484269 
2362 1.601194 
2363 1.435653 
2364 1.630898 
2365 1.278997 
2366 1.396975 
2367 1.586882 
2368 1.376140 
2369 1.291436 
2370 1.066180 
2371 2.385514 
2372 1.668565 
2373 1.801880 
2374 1.303430 
2375 1.330147 
2376 1.196413 
2377 1.500139 
2378 1.620420 
2379 1.712582 
2380 1.447289 
2381 1.604267 
2382 1.725365 
2383 1.178108 
2384 1.231218 
2385 1.390962 
2386 1.603777 
2387 1.864719 
2388 1.747498 
2389 1.236227 
2390 1.419599 
2391 1.568299 
2392 1.365997 
2393 1.818399 
2394 1.479073 
2395 1.409531 
2396 1.272163 
2397 1.543727 
2398 1.701608 
2399 1.405455 
2400 1.199421 
2401 1.700279 
2402 1.527996 
2403 1.518752 
2404 1.541702 
2405 1.358827 
2406 1.606323 
2407 1.453268 
2408 1.527957 
2409 1.284906 
2410 1.299921 
2411 1.840144 
2412 1.740366 
2413 1.406088 
2414 1.128798 
2415 1.658897 
2416 1.736408 
2417 1.385787 
2418 1.581080 
2419 1.267200 
2420 0.959472 
2421 1.028263 
2422 2.149929 
2423 1.858337 
2424 2.090584 
2425 1.637965 
2426 1.204681 
2427 1.064962 
2428 1.129323 
2429 1.252167 
2430 1.648150 
2431 1.894037 
2432 1.528821 
2433 1.586488 
2434 1.469334 
2435 1.448118 
2436 1.345906 
2437 1.604535 
2438 1.676707 
2439 1.430915 
2440 1.444076 
2441 1.620987 
2442 1.619007 
2443 1.336462 
2444 1.805342 
2445 1.213537 
2446 1.444774 
2447 1.554414 
2448 1.190540 
2449 1.342977 
2450 1.723383 
2451 1.684379 
2452 1.203992 
2453 1.476136 
2454 1.450939 
2455 1.722052 
2456 1.496109 
2457 1.454749 
2458 1.406728 
2459 1.457439 
2460 1.559774 
2461 1.424547 
2462 1.517027 
2463 1.499302 
2464 1.360986 
2465 1.559567 
2466 1.511927 
2467 1.398132 
2468 1.202120 
2469 1.572212 
2470 1.627511 
2471 1.525680 
2472 1.053466 
2473 1.122113 
2474 2.644743 
2475 1.592945 
2476 1.944078 
2477 1.317515 
2478 1.575400 
2479 1.626080 
2480 1.692277 
2481 1.780617 
2482 1.351592 
2483 1.304387 
2484 1.182493 
2485 1.384765 
2486 1.610944 
2487 1.825598 
2488 1.557727 
2489 1.621928 
2490 1.398973 
2491 1.590632 
2492 1.905220 
2493 1.343043 
2494 1.184259 
2495 1.746701 
2496 1.461920 
2497 1.383076 
2498 1.784281 
2499 1.553065 
2500 1.820866 
2501 1.384516 
2502 1.632197 
2503 1.206844 
2504 0.908887 
2505 1.821020 
2506 1.501319 
2507 1.720592 
2508 1.545375 
2509 1.535784 
2510 1.411501 
2511 1.540793 
2512 1.424611 
2513 1.574179 
2514 1.550785 
2515 1.477098 
2516 1.946848 
2517 1.387298 
2518 1.262971 
2519 1.449457 
2520 1.408281 
2521 1.482119 
2522 0.874266 
2523 2.002007 
2524 2.674299 
2525 -1.216982 
2526 -1.189042 
2527 -1.007558 
2528 -1.655848 
2529 -1.575191 
2530 -1.471760 
2531 -1.208030 
2532 -1.492206 
2533 -1.543421 
2534 -1.350579 
2535 -1.389679 
2536 -1.421421 
2537 -1.816005 
2538 -1.427197 
2539 -0.849854 
2540 -1.425124 
2541 -1.092489 
2542 -1.292698 
2543 -1.850965 
2544 -1.922145 
2545 -1.191514 
2546 -1.211749 
2547 -1.472320 
2548 -1.795477 
2549 -1.461906 
2550 -1.358472 
2551 -1.302019 
2552 -1.484162 
2553 -1.396566 
2554 -1.526547 
2555 -1.480063 
2556 -1.746557 
2557 -1.449760 
2558 -1.319707 
2559 -1.283597 
2560 -1.645314 
2561 -1.059848 
2562 -1.442504 
2563 -1.633939 
2564 -1.828906 
2565 -1.560569 
2566 -1.209047 
2567 -1.002813 
2568 -1.051206 
2569 -1.878698 
2570 -1.338626 
2571 -1.327610 
2572 -1.330493 
2573 -1.048826 
2574 -0.871979 
2575 -2.407731 
2576 1.684776 
2577 1.863879 
2578 1.500562 
2579 1.178478 
2580 1.463670 
2581 1.437683 
2582 1.463277 
2583 1.612504 
2584 1.676989 
2585 1.621391 
2586 1.317943 
2587 1.317125 
2588 1.530232 
2589 1.596537 
2590 1.452067 
2591 1.414163 
2592 1.233568 
2593 1.599935 
2594 1.564969 
2595 1.519319 
2596 1.655884 
2597 1.267024 
2598 1.371512 
2599 1.555291 
2600 1.883097 
2601 1.289033 
2602 1.277822 
2603 1.486913 
2604 1.292095 
2605 1.389655 
2606 1.706101 
2607 1.455162 
2608 1.806870 
2609 1.591990 
2610 1.247865 
2611 1.344473 
2612 1.733469 
2613 1.418130 
2614 1.112085 
2615 1.580332 
2616 1.857502 
2617 1.372791 
2618 1.443416 
2619 1.309154 
2620 1.483549 
2621 1.127575 
2622 1.832036 
2623 1.601512 
2624 1.381647 
2625 1.087387 
2626 2.381666 
2627 1.259631 
2628 1.344811 
2629 1.374277 
2630 1.916354 
2631 1.358352 
2632 1.610139 
2633 1.175449 
2634 1.918991 
2635 1.379681 
2636 1.599369 
2637 1.482203 
2638 1.389006 
2639 1.636636 
2640 1.868233 
2641 1.239580 
2642 1.453599 
2643 1.542470 
2644 1.554928 
2645 1.360848 
2646 1.480817 
2647 1.667633 
2648 1.550083 
2649 1.479406 
2650 1.725464 
2651 1.496401 
2652 1.371232 
2653 1.244489 
2654 1.864245 
2655 1.706250 
2656 1.536454 
2657 1.433894 
2658 1.862046 
2659 1.332874 
2660 1.542749 
2661 1.178610 
2662 1.573263 
2663 1.820015 
2664 1.905669 
2665 1.293965 
2666 1.352703 
2667 1.581594 
2668 1.577676 
2669 1.595039 
2670 1.359160 
2671 1.759603 
2672 1.393173 
2673 1.692523 
2674 1.623967 
2675 1.339224 
2676 0.720754 
2677 2.507268 
2678 1.294026 
2679 1.509823 
2680 1.507935 
2681 1.799362 
2682 1.557646 
2683 1.352386 
2684 1.586184 
2685 1.365801 
2686 1.462263 
2687 1.912743 
2688 1.314522 
2689 1.490876 
2690 1.910957 
2691 1.476946 
2692 1.500827 
2693 1.945911 
2694 1.400607 
2695 1.349952 
2696 1.312882 
2697 1.395537 
2698 1.470164 
2699 1.928823 
2700 1.825444 
2701 1.606863 
2702 1.219397 
2703 1.431024 
2704 1.330206 
2705 1.319460 
2706 1.418873 
2707 1.829375 
2708 1.710841 
2709 1.171541 
2710 1.371576 
2711 1.866821 
2712 1.622480 
2713 1.746691 
2714 1.591232 
2715 1.273075 
2716 1.531875 
2717 1.341208 
2718 1.636475 
2719 1.613797 
2720 1.772633 
2721 1.435367 
2722 1.648135 
2723 1.381876 
2724 1.587136 
2725 1.469807 
2726 1.380928 
2727 1.817634 
2728 0.883171 
2729 0.982349 
2730 2.727795 
2731 -1.088539 
2732 -0.465192 
2733 0.170288 
2734 -2.070224 
2735 -2.117249 
2736 -1.228327 
2737 -1.707021 
2738 -1.022358 
2739 -1.544694 
2740 -1.738194 
2741 -1.536434 
2742 -1.240998 
2743 -1.178123 
2744 -1.433262 
2745 -1.450544 
2746 -1.164282 
2747 -1.674729 
2748 -1.852745 
2749 -1.447995 
2750 -1.262811 
2751 -1.204357 
2752 -2.488961 
2753 -1.313374 
2754 -0.793446 
2755 -0.398446 
2756 -1.992334 
2757 -1.345303 
2758 -1.374516 
2759 -0.644950 
2760 -0.193218 
2761 -1.195913 
2762 -1.283987 
2763 -2.475082 
2764 -1.108670 
2765 -0.504149 
2766 -1.900587 
2767 -1.792696 
2768 -1.162915 
2769 -2.299669 
2770 -0.930237 
2771 -0.662267 
2772 -0.688719 
2773 -0.101531 
2774 -1.987556 
2775 -2.122779 
2776 -1.725252 
2777 -1.400945 
2778 -1.571180 
2779 -1.002405 
2780 -1.011696 
2781 -1.012480 
2782 -0.632571 
2783 -2.484035 
2784 -2.403922 
2785 -0.473742 
2786 -0.230080 
2787 -1.592359 
2788 -1.567433 
2789 -2.409283 
2790 -0.707559 
2791 -0.514552 
2792 -1.066804 
2793 -0.298989 
2794 0.056858 
2795 -2.726660 
2796 -0.943003 
2797 -2.537974 
2798 -0.974187 
2799 -0.276919 
2800 -2.523312 
2801 -0.571132 
2802 -0.357104 
2803 -1.591686 
2804 -1.188583 
2805 -0.508671 
2806 -0.468580 
2807 -2.535055 
2808 -0.940111 
2809 -1.153968 
2810 -2.086638 
2811 -0.495656 
2812 -1.328080 
2813 -0.616136 
2814 -1.285067 
2815 -1.971891 
2816 -1.947248 
2817 -1.718708 
2818 -0.796724 
2819 -1.088314 
2820 -1.496026 
2821 -1.466028 
2822 -1.124785 
2823 -1.678871 
2824 -1.309140 
2825 -1.192749 
2826 -1.679381 
2827 -1.629514 
2828 -0.501665 
2829 -1.173002 
2830 -2.242784 
2831 -0.928369 
2832 -1.035596 
2833 -2.030768 
2834 -1.294412 
2835 -1.115201 
2836 -2.469434 
2837 -0.462979 
2838 0.000116 
2839 -1.512381 
2840 -2.325262 
2841 -0.555191 
2842 -0.316124 
2843 -1.715477 
2844 -1.446397 
2845 -1.089469 
2846 -0.897081 
2847 2.475270 
2848 1.953819 
2849 1.779255 
2850 1.333828 
2851 1.396195 
2852 1.401959 
2853 1.598282 
2854 1.814560 
2855 1.576583 
2856 1.885308 
2857 -0.736833 
2858 1.241426 
2859 2.229070 
2860 1.716035 
2861 1.633875 
2862 1.495306 
2863 1.513987 
2864 1.737566 
2865 1.319613 
2866 1.776556 
2867 1.628647 
2868 1.439860 
2869 1.325091 
2870 1.666305 
2871 1.689517 
2872 1.398504 
2873 1.771097 
2874 1.525428 
2875 1.582655 
2876 1.492384 
2877 1.607964 
2878 1.573363 
2879 1.564968 
2880 1.533351 
2881 1.504813 
2882 1.547446 
2883 1.626130 
2884 -0.743452 
2885 -2.331599 
2886 -1.036676 
2887 -1.705747 
2888 -2.221236 
2889 -2.048125 
2890 -0.518410 
2891 -0.675877 
2892 1.301470 
2893 1.830651 
2894 1.682373 
2895 1.537752 
2896 1.460688 
2897 1.995785 
2898 1.605161 
2899 1.409641 
2900 -2.204264 
2901 -1.190836 
2902 -1.165140 
2903 -1.373833 
2904 -0.657341 
2905 -0.572165 
2906 -2.272695 
2907 -2.002514 
2908 -0.937306 
2909 -1.445585 
2910 1.219749 
2911 2.305357 
2912 2.514255 
2913 0.311678 
2914 0.256119 
2915 1.896612 
2916 0.165758 
2917 2.192725 
2918 0.558034 
2919 2.141194 
2920 1.488468 
2921 2.066347 
2922 1.760654 
2923 0.670321 
2924 1.765429 
2925 -0.858569 
2926 -0.597354 
2927 -2.089908 
2928 -2.313358 
2929 -0.071139 
2930 -1.685919 
2931 -0.906752 
2932 -1.048444 
2933 -1.587132 
2934 -1.847117 
2935 -0.846885 
2936 -2.129247 
2937 -0.532448 
2938 -0.934859 
2939 -1.510435 
2940 -1.916147 
2941 -1.740486 
2942 -0.878133 
2943 -1.333994 
2944 -1.665929 
2945 -0.987906 
2946 -1.017681 
2947 -1.679854 
2948 -0.448134 
2949 -2.357981 
2950 -1.233822 
2951 -0.902224 
2952 -2.248763 
2953 -1.404517 
2954 -0.816945 
2955 -0.394762 
2956 -1.819888 
2957 -1.377149 
2958 -1.155273 
2959 -0.942636 
2960 -0.435832 
2961 -1.668658 
2962 -1.065124 
2963 -2.228641 
2964 -2.115432 
2965 -1.959362 
2966 -0.799687 
2967 -0.882008 
2968 -1.288429 
2969 -1.790098 
2970 -1.408948 
2971 -0.994195 
2972 -2.072670 
2973 -1.201820 
2974 -0.691432 
2975 -1.240010 
2976 -1.205473 
2977 -1.014675 
2978 -1.272879 
2979 -1.990933 
2980 -1.081276 
2981 -1.762789 
2982 -1.426533 
2983 -1.227494 
2984 -0.888057 
2985 -1.858185 
2986 -1.295702 
2987 -1.371321 
2988 -1.305360 
2989 -1.387603 
2990 -1.832087 
2991 -1.235613 
2992 -1.384574 
2993 -1.413209 
2994 -1.502080 
2995 -1.551015 
2996 -0.665365 
2997 -0.922545 
2998 -2.365473 
2999 -0.963631 
3000 -0.385812 
3001 -0.633032 
3002 -3.021975 
3003 -0.246789 
3004 -0.323337 
3005 0.094841 
3006 -2.981781 
3007 -0.744833 
3008 -2.655908 
3009 -0.782944 
3010 -1.264542 
3011 -0.284764 
3012 -1.132356 
3013 -2.633527 
3014 -0.951230 
3015 -0.847643 
3016 -1.596840 
3017 -1.825811 
3018 -1.127944 
3019 -1.128236 
3020 -1.659358 
3021 -1.675617 
3022 -1.340209 
3023 -0.669330 
3024 -1.252798 
3025 -1.997542 
3026 -0.937587 
3027 -1.498910 
3028 -0.279887 
3029 -3.365335 
3030 -0.701973 
