39 1
0 -0.018692 
1 -0.234640 
2 -0.401626 
3 -0.022445 
4 0.114271 
5 -0.475486 
6 0.475128 
7 -0.299233 
8 -0.388286 
9 -0.219424 
10 0.012723 
11 -0.445223 
12 0.261771 
13 0.171418 
14 -0.382160 
15 0.472964 
16 0.123456 
17 0.417024 
18 0.196208 
19 -0.310891 
20 0.171419 
21 0.251341 
22 -0.054515 
23 0.082727 
24 0.236949 
25 0.004598 
26 -0.466824 
27 0.382102 
28 -0.170683 
29 0.237274 
30 0.005575 
31 -0.213601 
32 -0.018692 
33 -0.234640 
34 -0.401626 
35 -0.022445 
36 0.114271 
37 -0.475486 
38 0.475128 
