958 1
0 1.630986 
1 1.670692 
2 1.486550 
3 1.951067 
4 0.832263 
5 1.744224 
6 2.827726 
7 0.725536 
8 1.921215 
9 1.364031 
10 1.879847 
11 -1.531994 
12 -0.191702 
13 -2.573751 
14 0.283021 
15 1.733406 
16 2.129837 
17 1.572856 
18 1.480416 
19 1.971933 
20 1.511330 
21 0.293011 
22 -0.223043 
23 -2.591115 
24 1.365428 
25 2.862492 
26 -0.255788 
27 -1.366726 
28 -1.473273 
29 -0.617255 
30 0.886807 
31 3.079475 
32 -1.850487 
33 0.482960 
34 -2.801680 
35 -0.401803 
36 -2.494838 
37 -2.254891 
38 0.431482 
39 -0.402921 
40 -1.946481 
41 -2.533253 
42 -1.434429 
43 -0.204557 
44 -0.663949 
45 -0.860554 
46 3.172570 
47 -0.366373 
48 -0.789614 
49 0.989712 
50 1.303507 
51 2.740042 
52 2.065092 
53 1.780664 
54 1.218023 
55 1.241144 
56 2.463570 
57 1.844139 
58 0.536331 
59 1.425689 
60 0.094345 
61 0.986061 
62 -0.682336 
63 3.342383 
64 2.256843 
65 -0.603573 
66 -0.094454 
67 2.599192 
68 0.156614 
69 0.808766 
70 3.548962 
71 0.165029 
72 -1.751201 
73 1.567905 
74 2.339842 
75 0.138143 
76 -1.769609 
77 -1.496603 
78 -1.594275 
79 -1.875511 
80 -1.276292 
81 -3.206720 
82 -0.037636 
83 -0.843835 
84 -2.262611 
85 -2.123652 
86 -1.116243 
87 -1.489534 
88 1.374353 
89 2.491477 
90 -0.436739 
91 1.649076 
92 1.903571 
93 1.612595 
94 1.148455 
95 -3.099387 
96 -1.733602 
97 -0.990018 
98 -2.318205 
99 -1.922141 
100 -1.091993 
101 -2.368862 
102 -2.497444 
103 -1.910590 
104 -2.429334 
105 -0.892129 
106 -2.055230 
107 -2.181659 
108 -2.074744 
109 2.174717 
110 0.790214 
111 2.506386 
112 -0.273243 
113 -2.222690 
114 2.631856 
115 1.532924 
116 -2.288055 
117 -2.034536 
118 -1.864859 
119 -1.479922 
120 1.055701 
121 3.090149 
122 1.686308 
123 1.770767 
124 1.780815 
125 -2.265282 
126 -2.574111 
127 -1.132502 
128 -2.338408 
129 -1.836854 
130 -1.457745 
131 0.134169 
132 0.329223 
133 -2.093847 
134 -2.315939 
135 -1.963882 
136 -2.458061 
137 1.591261 
138 0.656783 
139 2.332649 
140 1.924222 
141 -1.812531 
142 -1.387095 
143 -2.951427 
144 1.049635 
145 -1.086484 
146 -2.061525 
147 -2.511029 
148 -2.247191 
149 -2.756985 
150 -1.452300 
151 0.226440 
152 2.510411 
153 -1.080475 
154 -1.940247 
155 -1.683725 
156 -0.509814 
157 -3.561476 
158 0.539847 
159 1.446338 
160 -2.418149 
161 -0.588305 
162 1.729574 
163 1.702104 
164 2.129840 
165 1.892620 
166 1.617161 
167 1.526350 
168 -1.874252 
169 -1.938311 
170 -2.341550 
171 -2.285191 
172 1.626848 
173 2.224790 
174 1.884193 
175 1.981866 
176 -0.100577 
177 2.132334 
178 2.703181 
179 2.053021 
180 0.871005 
181 1.933431 
182 2.168897 
183 2.002489 
184 2.000449 
185 1.445905 
186 2.291638 
187 0.892480 
188 2.434962 
189 2.242682 
190 -0.968724 
191 1.637696 
192 1.438177 
193 -1.208765 
194 -0.415154 
195 3.472977 
196 -0.231756 
197 2.287112 
198 1.818844 
199 2.061937 
200 1.873780 
201 2.206965 
202 1.362768 
203 1.328279 
204 1.833855 
205 0.831832 
206 1.676304 
207 1.705727 
208 1.895641 
209 1.603875 
210 1.440581 
211 1.622684 
212 1.925212 
213 2.965173 
214 -1.623153 
215 -0.891525 
216 1.830431 
217 2.453247 
218 1.629397 
219 1.566405 
220 2.131919 
221 1.822426 
222 1.588868 
223 -1.550508 
224 -3.105259 
225 -0.966730 
226 0.974019 
227 1.771181 
228 2.387291 
229 2.018981 
230 0.903393 
231 0.925674 
232 1.427635 
233 1.482576 
234 -1.983846 
235 -1.898474 
236 -2.250232 
237 -1.484894 
238 0.240857 
239 2.476942 
240 1.229657 
241 1.514300 
242 2.142677 
243 -1.147148 
244 -1.280029 
245 -2.475739 
246 -1.573500 
247 2.101825 
248 1.631629 
249 1.649910 
250 1.801774 
251 1.412716 
252 -2.242661 
253 -1.245853 
254 -1.467155 
255 -2.128932 
256 -1.791997 
257 -1.939235 
258 -1.216638 
259 2.047267 
260 1.579046 
261 2.477324 
262 2.558192 
263 -1.105020 
264 -1.927626 
265 -1.402408 
266 -2.089808 
267 -2.240738 
268 -0.470707 
269 -1.962516 
270 -2.053917 
271 -1.915768 
272 -1.820427 
273 -2.086734 
274 -1.602418 
275 -1.691298 
276 -1.464447 
277 -1.725893 
278 -1.997504 
279 -1.427830 
280 -1.751739 
281 -1.992444 
282 -1.851698 
283 -1.584565 
284 -1.676750 
285 -1.714254 
286 -1.723889 
287 -1.783957 
288 -1.166352 
289 -2.372642 
290 -2.024923 
291 -2.020734 
292 -0.994252 
293 -1.011078 
294 -1.141595 
295 -1.270629 
296 -1.106212 
297 -1.358025 
298 -1.271445 
299 -1.613993 
300 -1.317411 
301 -1.748927 
302 -0.970320 
303 -0.905608 
304 -1.993847 
305 0.138057 
306 -2.180091 
307 -1.481563 
308 1.500089 
309 1.432344 
310 1.539942 
311 1.090849 
312 1.176911 
313 1.978318 
314 2.551818 
315 0.350989 
316 1.845768 
317 2.607587 
318 0.207472 
319 -0.093967 
320 1.435770 
321 1.702973 
322 1.446226 
323 0.408806 
324 2.562421 
325 1.640209 
326 0.241953 
327 -0.172756 
328 2.941610 
329 -0.629577 
330 1.533277 
331 -0.676339 
332 -0.377836 
333 -1.355092 
334 -1.097015 
335 -1.806174 
336 -1.463797 
337 -2.251064 
338 -0.191198 
339 -1.654206 
340 0.097662 
341 0.578485 
342 -2.098053 
343 -1.942938 
344 -0.834711 
345 -1.480814 
346 -1.147708 
347 -1.171824 
348 -2.078995 
349 -1.380161 
350 -1.736782 
351 0.197147 
352 0.404575 
353 0.196001 
354 -3.348793 
355 -0.225025 
356 -1.445103 
357 -1.122709 
358 -0.223031 
359 -1.490394 
360 -2.015656 
361 -0.697643 
362 0.066045 
363 -1.450226 
364 -1.418774 
365 -0.948485 
366 -1.626113 
367 -0.570011 
368 0.708776 
369 0.335255 
370 -2.328044 
371 -1.718215 
372 -1.288954 
373 -1.072155 
374 -1.336058 
375 -0.991285 
376 -1.430889 
377 0.079536 
378 -1.229361 
379 -1.846213 
380 -1.551814 
381 3.179035 
382 1.017694 
383 -0.065650 
384 -3.389841 
385 -0.760186 
386 -0.748115 
387 -0.531843 
388 0.295644 
389 0.824174 
390 2.722247 
391 1.255438 
392 -1.207413 
393 0.252620 
394 -1.495561 
395 -2.551526 
396 -1.486486 
397 -0.290508 
398 -1.487197 
399 -1.221245 
400 -1.656126 
401 1.111519 
402 1.938983 
403 0.637090 
404 1.497899 
405 0.948841 
406 -1.578241 
407 -1.193323 
408 -1.630138 
409 -0.230153 
410 -1.306163 
411 -1.431538 
412 -2.671174 
413 -0.312803 
414 -1.638026 
415 -0.109353 
416 -2.011955 
417 -0.183581 
418 1.869385 
419 1.801729 
420 1.110297 
421 1.083312 
422 1.176397 
423 1.412279 
424 2.341141 
425 2.407434 
426 0.309400 
427 0.041984 
428 -0.204078 
429 4.020195 
430 0.498682 
431 -0.061531 
432 -0.041009 
433 0.041933 
434 -0.089763 
435 -3.274566 
436 -0.864679 
437 -1.071625 
438 -1.116429 
439 -1.420543 
440 -1.261702 
441 -0.865449 
442 -1.028624 
443 -1.096102 
444 -1.792044 
445 0.489412 
446 -1.665829 
447 -2.541310 
448 -1.806536 
449 -1.846259 
450 -0.368768 
451 -1.413473 
452 -2.711802 
453 -1.410692 
454 -0.748021 
455 -0.354756 
456 2.377094 
457 1.985946 
458 0.389689 
459 -1.689215 
460 -0.484041 
461 1.297930 
462 -0.313329 
463 -3.088610 
464 -1.348296 
465 -0.890250 
466 -1.118162 
467 -1.671304 
468 -0.929773 
469 -1.725971 
470 -0.607456 
471 -1.492000 
472 -1.244211 
473 -0.266482 
474 -1.394809 
475 -1.997729 
476 0.255186 
477 2.567811 
478 2.078767 
479 -0.658937 
480 1.541813 
481 3.163652 
482 -0.094726 
483 0.149490 
484 0.319619 
485 -2.123580 
486 -1.504502 
487 -1.271071 
488 -1.768434 
489 -0.621156 
490 -1.885460 
491 -1.130489 
492 -1.103818 
493 -0.601536 
494 -1.397121 
495 -1.670907 
496 -1.304515 
497 -1.029832 
498 -1.939354 
499 0.396461 
500 1.197861 
501 1.751468 
502 1.501828 
503 1.738424 
504 -2.410496 
505 -2.466920 
506 0.678506 
507 0.687102 
508 0.949600 
509 0.682470 
510 -1.775276 
511 -2.928185 
512 -3.455525 
513 -0.018345 
514 -0.057086 
515 -0.121746 
516 -1.688227 
517 -0.881079 
518 -1.285113 
519 -0.424955 
520 -1.170741 
521 -1.242800 
522 -0.888133 
523 -1.480274 
524 -1.043309 
525 -1.006166 
526 -1.287824 
527 -1.431532 
528 0.409324 
529 -0.563845 
530 -2.819161 
531 -1.964613 
532 1.181466 
533 1.155796 
534 0.305439 
535 3.033107 
536 2.470052 
537 1.340043 
538 -0.933919 
539 0.506399 
540 0.122878 
541 -0.298669 
542 -2.079338 
543 -2.671841 
544 -1.790654 
545 -2.154749 
546 -1.048102 
547 1.601937 
548 2.536809 
549 -1.723990 
550 0.429257 
551 -1.725033 
552 0.768222 
553 0.901282 
554 0.744880 
555 3.649678 
556 1.386214 
557 1.560898 
558 1.071703 
559 1.273316 
560 1.430895 
561 1.375999 
562 1.133680 
563 1.064255 
564 1.510212 
565 1.187217 
566 1.119051 
567 1.004012 
568 1.065873 
569 1.145696 
570 1.790507 
571 1.119221 
572 2.070882 
573 1.329326 
574 1.143830 
575 0.823257 
576 1.514992 
577 1.031556 
578 1.438864 
579 1.663459 
580 2.123684 
581 -2.486694 
582 0.061540 
583 -0.178755 
584 -0.939173 
585 -0.189737 
586 -0.985634 
587 -2.922146 
588 -1.632607 
589 -2.799524 
590 0.024432 
591 -0.039156 
592 -1.866354 
593 -0.202564 
594 -0.837717 
595 -2.908942 
596 1.249614 
597 1.258037 
598 1.438665 
599 1.141382 
600 0.683561 
601 2.371702 
602 1.788372 
603 0.631027 
604 3.522465 
605 0.671094 
606 -1.078183 
607 -0.675872 
608 0.423435 
609 0.216283 
610 1.994056 
611 1.772742 
612 1.267778 
613 1.077562 
614 1.436858 
615 0.945089 
616 1.373691 
617 2.639351 
618 -0.057873 
619 1.208807 
620 1.618622 
621 1.212864 
622 1.460410 
623 1.148593 
624 1.377084 
625 1.496144 
626 0.770963 
627 1.241119 
628 1.098939 
629 1.015882 
630 1.535114 
631 1.400862 
632 1.414331 
633 1.454859 
634 0.706363 
635 1.432541 
636 1.168173 
637 1.762910 
638 0.663079 
639 1.804876 
640 0.932173 
641 1.284480 
642 1.623999 
643 1.565583 
644 0.851337 
645 0.505949 
646 1.404228 
647 2.293293 
648 1.130817 
649 1.658007 
650 1.458606 
651 1.188962 
652 0.911819 
653 1.212916 
654 1.273826 
655 1.692210 
656 1.323512 
657 1.508770 
658 1.151220 
659 0.911396 
660 1.987872 
661 1.457841 
662 1.244797 
663 0.259194 
664 -0.221087 
665 0.929969 
666 1.871425 
667 2.087608 
668 -0.200974 
669 2.431982 
670 2.298412 
671 -0.056063 
672 2.847628 
673 -2.239730 
674 -1.362706 
675 -1.020196 
676 0.517976 
677 1.535182 
678 1.933742 
679 0.369226 
680 1.329881 
681 1.539434 
682 1.227192 
683 0.892488 
684 1.203586 
685 0.967754 
686 1.082575 
687 1.837975 
688 1.969126 
689 1.485207 
690 1.384236 
691 -0.051039 
692 0.069709 
693 1.559773 
694 2.052163 
695 1.974907 
696 -0.127910 
697 0.140806 
698 2.101693 
699 2.721015 
700 1.727825 
701 1.564643 
702 1.235484 
703 1.248499 
704 1.148451 
705 1.227443 
706 2.059621 
707 1.211894 
708 1.492268 
709 1.540372 
710 1.659552 
711 0.843031 
712 0.964082 
713 2.200729 
714 1.229448 
715 0.961107 
716 1.586498 
717 0.634741 
718 1.779851 
719 1.314076 
720 1.783134 
721 1.164031 
722 1.227834 
723 1.115776 
724 1.197728 
725 1.405791 
726 1.388549 
727 1.020245 
728 -0.710761 
729 -1.730659 
730 -1.594427 
731 -1.447525 
732 -3.212181 
733 0.051038 
734 0.349496 
735 -2.423788 
736 -1.291060 
737 -1.230033 
738 2.776398 
739 0.007873 
740 1.135361 
741 1.286132 
742 1.573760 
743 2.082730 
744 2.219965 
745 1.584754 
746 -0.245472 
747 2.390309 
748 1.080954 
749 1.041997 
750 1.706640 
751 1.230691 
752 1.595125 
753 1.328066 
754 1.483029 
755 1.081161 
756 1.320711 
757 1.113981 
758 1.315080 
759 -2.439480 
760 -1.188544 
761 -1.344581 
762 -1.617476 
763 -1.356196 
764 -0.716484 
765 -1.475282 
766 -1.051603 
767 -1.110178 
768 0.962297 
769 -2.645329 
770 -2.579882 
771 -0.267385 
772 0.081634 
773 1.041842 
774 2.264775 
775 1.778062 
776 0.096871 
777 0.602325 
778 2.079612 
779 2.148274 
780 1.174075 
781 1.257748 
782 1.439861 
783 1.296168 
784 1.588099 
785 2.327015 
786 1.216373 
787 1.393231 
788 1.335322 
789 1.406253 
790 1.895253 
791 1.586914 
792 1.789640 
793 1.465988 
794 1.293148 
795 1.593269 
796 1.907352 
797 -0.990835 
798 -1.340111 
799 -1.125731 
800 -1.286631 
801 -1.434455 
802 -1.530048 
803 -1.348031 
804 -0.990670 
805 -1.391307 
806 -1.095163 
807 -1.355504 
808 -1.179062 
809 -2.163261 
810 -0.610629 
811 -1.148325 
812 1.856082 
813 -1.936992 
814 2.068511 
815 2.035816 
816 1.407210 
817 1.342945 
818 1.255551 
819 1.413540 
820 0.996937 
821 1.348542 
822 2.338088 
823 1.137341 
824 1.169135 
825 1.326888 
826 1.359509 
827 1.635519 
828 1.766542 
829 -1.588912 
830 -1.348196 
831 -1.333427 
832 -1.773287 
833 -1.454026 
834 -1.051818 
835 -1.211673 
836 -1.072393 
837 -0.924446 
838 -1.206514 
839 -1.839849 
840 0.142236 
841 -1.915411 
842 -2.218994 
843 -1.199788 
844 1.719562 
845 1.338888 
846 0.050509 
847 1.886650 
848 1.549935 
849 0.941873 
850 1.361537 
851 1.373336 
852 1.026545 
853 1.507473 
854 1.182793 
855 1.379596 
856 1.529725 
857 1.532223 
858 -1.026699 
859 -1.130179 
860 -1.799979 
861 -1.413162 
862 -1.455421 
863 -1.368958 
864 -2.030725 
865 -1.119936 
866 -0.966032 
867 -1.324651 
868 -0.921107 
869 -1.215935 
870 -1.528299 
871 -1.373369 
872 -0.954708 
873 -1.743653 
874 -0.858632 
875 -1.627883 
876 -2.682518 
877 0.172456 
878 -1.807537 
879 -0.398706 
880 -1.563496 
881 0.492725 
882 1.825723 
883 1.723027 
884 0.492994 
885 -0.105456 
886 0.040704 
887 3.358475 
888 -1.599951 
889 -1.598657 
890 -1.546674 
891 -1.149423 
892 -1.416405 
893 -0.959136 
894 -1.365075 
895 -1.445313 
896 -0.258570 
897 -1.909365 
898 -1.398943 
899 -1.321710 
900 -1.117683 
901 -0.872626 
902 -2.326215 
903 -1.442331 
904 -0.805481 
905 -1.238701 
906 -1.668272 
907 -1.428451 
908 -1.139683 
909 -1.762734 
910 -1.467261 
911 -0.889240 
912 -1.046744 
913 -0.911672 
914 -1.028040 
915 -1.975891 
916 -1.861672 
917 -1.155497 
918 -1.391541 
919 -1.219436 
920 -1.532031 
921 -1.647441 
922 -1.204625 
923 -1.134295 
924 -1.388242 
925 -1.555426 
926 -0.957151 
927 -1.423758 
928 -1.219426 
929 -1.375567 
930 -1.378118 
931 -1.773262 
932 -1.283064 
933 -1.294164 
934 -1.268286 
935 -1.373717 
936 -1.410921 
937 -1.327254 
938 -1.494009 
939 -1.318238 
940 -1.438921 
941 -1.413149 
942 -1.369675 
943 -1.452497 
944 -1.684617 
945 -1.200718 
946 -1.722554 
947 -1.140258 
948 -1.559891 
949 -1.123703 
950 -1.601422 
951 -0.989583 
952 -1.319632 
953 -1.334183 
954 -1.268307 
955 -1.579072 
956 -2.394421 
957 -2.004956 
