958 1
0 -0.019942 
1 0.311880 
2 0.162884 
3 -0.230446 
4 0.334267 
5 0.158780 
6 -0.083093 
7 -0.306076 
8 0.402160 
9 0.294665 
10 0.215618 
11 -0.352532 
12 0.294779 
13 0.093628 
14 -0.113328 
15 -0.450023 
16 0.141360 
17 0.194544 
18 -0.224617 
19 0.359537 
20 -0.359289 
21 -0.077759 
22 0.408189 
23 -0.272170 
24 -0.281395 
25 -0.234182 
26 -0.237608 
27 -0.179800 
28 -0.028339 
29 -0.121081 
30 0.043327 
31 0.081102 
32 -0.146231 
33 -0.465815 
34 -0.333918 
35 0.158780 
36 0.215618 
37 0.290987 
38 0.107025 
39 -0.254538 
40 -0.410489 
41 -0.254538 
42 -0.048579 
43 -0.166619 
44 -0.430890 
45 0.237055 
46 -0.054093 
47 -0.029708 
48 -0.234698 
49 -0.042107 
50 0.314422 
51 -0.272170 
52 0.181475 
53 -0.113996 
54 -0.044138 
55 0.434314 
56 0.052266 
57 0.258624 
58 -0.466208 
59 0.447854 
60 0.442716 
61 -0.082963 
62 0.185408 
63 -0.440874 
64 0.181475 
65 -0.234182 
66 -0.456680 
67 0.372896 
68 -0.260913 
69 0.356449 
70 0.244329 
71 0.171457 
72 -0.398636 
73 -0.103674 
74 0.245844 
75 -0.258747 
76 0.278242 
77 -0.435809 
78 -0.266871 
79 -0.465331 
80 -0.456680 
81 -0.348350 
82 0.139914 
83 -0.156079 
84 -0.204943 
85 0.154764 
86 0.210447 
87 -0.067517 
88 -0.070505 
89 -0.488963 
90 0.147435 
91 -0.055524 
92 0.062051 
93 -0.489657 
94 -0.188730 
95 0.144410 
96 0.201753 
97 -0.266871 
98 0.459387 
99 -0.224617 
100 -0.465815 
101 0.136783 
102 -0.084504 
103 -0.044138 
104 0.432352 
105 -0.224617 
106 -0.179800 
107 -0.440874 
108 -0.260942 
109 -0.466886 
110 -0.130217 
111 -0.465815 
112 -0.044138 
113 -0.042107 
114 -0.440874 
115 -0.272072 
116 -0.260913 
117 -0.260913 
118 -0.156079 
119 -0.156079 
120 -0.204943 
121 -0.348350 
122 -0.204943 
123 0.154764 
124 -0.067517 
125 0.216030 
126 -0.072474 
127 -0.055524 
128 0.154764 
129 -0.072474 
130 -0.446294 
131 -0.067517 
132 0.496692 
133 -0.055524 
134 -0.368255 
135 -0.094294 
136 0.275462 
137 -0.072474 
138 0.496692 
139 0.167374 
140 0.275462 
141 0.351234 
142 0.421330 
143 0.130058 
144 0.496692 
145 -0.054093 
146 -0.028339 
147 0.484625 
148 0.275462 
149 0.421330 
150 0.421330 
151 0.484625 
152 0.484625 
153 -0.121081 
154 0.147435 
155 0.079334 
156 -0.254423 
157 0.136783 
158 -0.149233 
159 0.316439 
160 0.274823 
161 0.442716 
162 0.065526 
163 -0.013552 
164 0.372896 
165 -0.312196 
166 -0.091918 
167 -0.359289 
168 -0.272170 
169 0.079334 
170 -0.396137 
171 -0.334380 
172 -0.234182 
173 -0.179800 
174 -0.028339 
175 -0.466886 
176 0.274823 
177 -0.272072 
178 0.065526 
179 -0.121081 
180 -0.333918 
181 -0.166619 
182 -0.082963 
183 -0.359289 
184 -0.333918 
185 0.079334 
186 -0.029708 
187 -0.272170 
188 -0.166619 
189 -0.234182 
190 -0.179800 
191 -0.028339 
192 0.274823 
193 0.069649 
194 -0.446294 
195 -0.343432 
196 -0.397610 
197 -0.054093 
198 -0.325606 
199 -0.121081 
200 -0.029708 
201 -0.230359 
202 -0.333918 
203 -0.166619 
204 -0.054093 
205 -0.189799 
206 0.202797 
207 -0.029708 
208 0.430259 
209 -0.042107 
210 0.442716 
211 0.167374 
212 -0.042107 
213 -0.149233 
214 -0.082963 
215 -0.028726 
216 0.442716 
217 -0.230359 
218 0.372896 
219 0.315424 
220 -0.251178 
221 -0.224617 
222 -0.465815 
223 -0.082963 
224 -0.039884 
225 0.372896 
226 0.187390 
227 -0.044138 
228 0.351042 
229 0.065526 
230 0.478868 
231 0.380793 
232 0.212035 
233 0.311880 
234 -0.440874 
235 -0.145345 
236 -0.260913 
237 -0.335492 
238 -0.156079 
239 -0.204943 
240 0.154764 
241 -0.452293 
242 -0.094294 
243 -0.387919 
244 0.445110 
245 -0.067517 
246 0.181749 
247 -0.055524 
248 -0.072474 
249 0.440717 
250 0.141305 
251 -0.254423 
252 0.162884 
253 0.496692 
254 0.275462 
255 0.421330 
256 0.210976 
257 0.484625 
258 0.079334 
259 0.247495 
260 -0.313248 
261 0.316439 
262 0.315424 
263 -0.013552 
264 -0.376998 
265 -0.306076 
266 0.188361 
267 0.274823 
268 -0.051104 
269 -0.396137 
270 0.065526 
271 0.069649 
272 -0.175788 
273 -0.496396 
274 -0.233684 
275 0.093628 
276 -0.077759 
277 0.231100 
278 -0.359289 
279 -0.343432 
280 0.123407 
281 0.081102 
282 -0.397610 
283 -0.466208 
284 -0.435809 
285 -0.465331 
286 0.388107 
287 -0.106555 
288 0.056013 
289 0.401868 
290 0.380793 
291 -0.325606 
292 -0.204943 
293 -0.204943 
294 -0.179800 
295 -0.440874 
296 0.154764 
297 -0.067517 
298 0.154764 
299 0.432352 
300 -0.179800 
301 -0.440874 
302 -0.260942 
303 -0.224617 
304 -0.067517 
305 0.062051 
306 -0.260942 
307 -0.224617 
308 -0.488963 
309 -0.055524 
310 -0.070505 
311 -0.130217 
312 -0.488963 
313 -0.130217 
314 -0.188730 
315 -0.188730 
316 -0.055524 
317 -0.465815 
318 -0.044138 
319 -0.042107 
320 0.408025 
321 -0.465815 
322 0.062051 
323 0.294124 
324 -0.440874 
325 0.305527 
326 -0.044138 
327 -0.042107 
328 -0.489657 
329 0.144410 
330 0.054559 
331 -0.260913 
332 -0.260913 
333 0.144410 
334 -0.260913 
335 -0.156079 
336 -0.156079 
337 0.201753 
338 -0.204943 
339 0.201753 
340 -0.204943 
341 -0.348350 
342 0.459387 
343 0.459387 
344 -0.465815 
345 -0.467392 
346 0.432352 
347 -0.084504 
348 -0.224617 
349 -0.465815 
350 -0.044138 
351 -0.204943 
352 0.154764 
353 -0.067517 
354 -0.084504 
355 -0.067517 
356 0.269230 
357 -0.186543 
358 -0.330650 
359 0.216030 
360 -0.072474 
361 -0.055524 
362 -0.204943 
363 -0.490384 
364 -0.072474 
365 -0.052418 
366 0.154764 
367 0.142781 
368 -0.440874 
369 0.254453 
370 0.154764 
371 -0.409979 
372 0.216030 
373 0.256678 
374 -0.072474 
375 -0.417285 
376 0.406966 
377 -0.315255 
378 0.372679 
379 0.416790 
380 -0.067517 
381 -0.102657 
382 -0.497013 
383 0.407343 
384 -0.047028 
385 -0.260913 
386 -0.156079 
387 -0.456680 
388 -0.266871 
389 -0.348350 
390 -0.272072 
391 0.496692 
392 0.147435 
393 0.496692 
394 -0.055524 
395 0.275462 
396 0.136783 
397 -0.466886 
398 -0.055524 
399 -0.368255 
400 -0.094294 
401 -0.272072 
402 -0.446294 
403 -0.067517 
404 -0.072474 
405 -0.094294 
406 -0.254423 
407 0.316439 
408 0.275462 
409 0.496692 
410 -0.013552 
411 -0.396137 
412 0.069649 
413 0.496692 
414 -0.156079 
415 -0.343432 
416 -0.397610 
417 -0.325606 
418 0.171457 
419 0.275462 
420 0.167374 
421 -0.348350 
422 0.275462 
423 0.167374 
424 0.154764 
425 -0.488963 
426 -0.055524 
427 0.351234 
428 -0.084504 
429 0.432352 
430 -0.260942 
431 0.351234 
432 0.421330 
433 0.421330 
434 -0.130217 
435 0.216030 
436 -0.368255 
437 0.130058 
438 0.484625 
439 -0.072474 
440 0.130058 
441 0.484625 
442 0.421330 
443 0.275462 
444 0.351234 
445 0.496692 
446 -0.054093 
447 -0.028339 
448 0.130058 
449 -0.312196 
450 0.484625 
451 0.388107 
452 0.275462 
453 0.421330 
454 -0.106555 
455 0.484625 
456 0.484625 
457 -0.072474 
458 0.401868 
459 -0.368255 
460 -0.230446 
461 0.334267 
462 -0.121081 
463 -0.083093 
464 0.294665 
465 -0.121081 
466 0.079334 
467 0.294779 
468 -0.450023 
469 0.136783 
470 0.141360 
471 0.359537 
472 0.079334 
473 -0.281395 
474 0.290987 
475 0.147435 
476 -0.048579 
477 0.484625 
478 0.237055 
479 0.147435 
480 0.314422 
481 0.434314 
482 -0.325606 
483 0.167374 
484 -0.254423 
485 -0.149233 
486 -0.230359 
487 -0.054093 
488 -0.028339 
489 0.442716 
490 0.315424 
491 0.380793 
492 0.311880 
493 0.442716 
494 0.274823 
495 0.162884 
496 -0.306076 
497 0.093628 
498 0.274823 
499 0.496692 
500 -0.312196 
501 0.372896 
502 0.065526 
503 -0.013552 
504 -0.077759 
505 0.081102 
506 0.065526 
507 -0.312196 
508 0.372896 
509 -0.091918 
510 0.158780 
511 0.215618 
512 -0.254538 
513 0.181475 
514 -0.091918 
515 -0.359289 
516 0.421330 
517 0.158780 
518 0.215618 
519 -0.254538 
520 -0.272170 
521 0.079334 
522 0.421330 
523 0.079334 
524 0.181475 
525 -0.456680 
526 -0.266871 
527 -0.396137 
528 -0.234182 
529 -0.348350 
530 -0.396137 
531 -0.334380 
532 0.147435 
533 -0.234182 
534 0.136783 
535 -0.466886 
536 -0.179800 
537 -0.272072 
538 -0.446294 
539 -0.179800 
540 -0.094294 
541 -0.254423 
542 0.136783 
543 0.316439 
544 -0.013552 
545 -0.396137 
546 -0.149233 
547 -0.149233 
548 0.316439 
549 0.447854 
550 -0.333918 
551 -0.272170 
552 -0.359289 
553 0.065526 
554 -0.121081 
555 0.185408 
556 -0.166619 
557 0.356449 
558 -0.398636 
559 -0.166619 
560 -0.082963 
561 -0.103674 
562 0.447709 
563 -0.234578 
564 -0.289769 
565 -0.082963 
566 -0.359289 
567 -0.333918 
568 0.079334 
569 -0.272170 
570 -0.029708 
571 0.069392 
572 -0.029708 
573 0.079334 
574 -0.321783 
575 -0.096448 
576 -0.019942 
577 -0.272170 
578 -0.410489 
579 -0.166619 
580 0.065526 
581 -0.430890 
582 -0.121081 
583 -0.333918 
584 -0.179800 
585 -0.234698 
586 -0.179800 
587 -0.113996 
588 0.052266 
589 -0.334380 
590 -0.028339 
591 0.258624 
592 0.244329 
593 0.274823 
594 0.274823 
595 0.069649 
596 -0.028339 
597 0.210447 
598 0.062051 
599 -0.466886 
600 0.274823 
601 -0.466886 
602 -0.272072 
603 -0.188730 
604 -0.272072 
605 0.274823 
606 0.144410 
607 -0.446294 
608 0.459387 
609 -0.446294 
610 -0.258747 
611 -0.166619 
612 -0.121081 
613 -0.029708 
614 -0.234182 
615 -0.028339 
616 0.278242 
617 -0.234182 
618 0.139914 
619 -0.028339 
620 -0.230359 
621 -0.333918 
622 -0.070505 
623 -0.189799 
624 -0.359289 
625 -0.489657 
626 0.201753 
627 -0.230359 
628 -0.333918 
629 -0.166619 
630 -0.054093 
631 -0.333918 
632 0.202797 
633 0.294124 
634 0.305527 
635 0.054559 
636 -0.189799 
637 0.430259 
638 -0.467392 
639 -0.068035 
640 -0.207166 
641 -0.166619 
642 -0.054093 
643 -0.029708 
644 0.069649 
645 -0.343432 
646 -0.397610 
647 -0.325606 
648 0.167374 
649 -0.042107 
650 0.202797 
651 -0.149233 
652 -0.230359 
653 0.315424 
654 0.380793 
655 -0.042107 
656 0.442716 
657 -0.121081 
658 -0.029708 
659 0.311880 
660 0.162884 
661 0.167374 
662 -0.054093 
663 -0.306076 
664 0.093628 
665 -0.077759 
666 -0.054093 
667 0.081102 
668 0.158780 
669 0.215618 
670 -0.254538 
671 0.181475 
672 -0.325606 
673 -0.456680 
674 -0.397610 
675 -0.397610 
676 -0.343432 
677 -0.343432 
678 -0.325606 
679 0.121218 
680 0.081137 
681 0.167374 
682 0.109711 
683 0.088212 
684 0.442716 
685 -0.042107 
686 -0.149233 
687 -0.465815 
688 -0.149233 
689 -0.379031 
690 0.337814 
691 -0.082963 
692 -0.028726 
693 0.011134 
694 -0.158429 
695 -0.313672 
696 -0.082963 
697 -0.028726 
698 0.442716 
699 -0.029708 
700 0.442716 
701 -0.230359 
702 0.324759 
703 0.399227 
704 0.026800 
705 0.430259 
706 -0.234996 
707 0.095351 
708 -0.231607 
709 -0.027856 
710 -0.230359 
711 0.372896 
712 0.315424 
713 -0.251178 
714 0.270631 
715 0.315424 
716 0.065526 
717 0.402873 
718 -0.251178 
719 -0.080095 
720 -0.224617 
721 -0.042107 
722 -0.070787 
723 0.125683 
724 0.309344 
725 -0.224617 
726 -0.465815 
727 0.272404 
728 0.277536 
729 -0.440874 
730 -0.145345 
731 -0.039884 
732 -0.082963 
733 0.187390 
734 0.143832 
735 -0.082963 
736 -0.039884 
737 0.372896 
738 0.351042 
739 0.372896 
740 0.187390 
741 0.372896 
742 0.478868 
743 0.065526 
744 -0.387919 
745 0.141305 
746 -0.335492 
747 -0.044138 
748 0.210976 
749 0.247495 
750 -0.313248 
751 0.167374 
752 -0.149233 
753 -0.230359 
754 0.315424 
755 0.380793 
756 0.380793 
757 0.311880 
758 0.380793 
759 -0.440874 
760 0.162884 
761 -0.145345 
762 -0.306076 
763 0.093628 
764 -0.077759 
765 -0.260913 
766 -0.335492 
767 -0.067517 
768 0.081102 
769 -0.260913 
770 -0.445931 
771 0.219500 
772 -0.156079 
773 -0.044138 
774 -0.086378 
775 -0.152038 
776 0.028983 
777 -0.156079 
778 -0.204943 
779 0.212035 
780 0.333277 
781 -0.280901 
782 -0.204943 
783 0.154764 
784 0.147620 
785 0.212035 
786 -0.183490 
787 0.100517 
788 -0.331074 
789 0.311880 
790 0.437357 
791 0.154764 
792 -0.452293 
793 0.311880 
794 0.374073 
795 -0.452293 
796 -0.094294 
797 0.134019 
798 0.162884 
799 -0.036089 
800 0.445110 
801 0.496692 
802 -0.091918 
803 -0.334380 
804 0.445110 
805 -0.067517 
806 -0.189799 
807 0.202797 
808 0.181749 
809 0.421330 
810 0.430259 
811 0.181749 
812 -0.028726 
813 -0.251178 
814 -0.055524 
815 -0.072474 
816 -0.039884 
817 -0.055524 
818 -0.072474 
819 0.187390 
820 0.212035 
821 0.440717 
822 -0.094294 
823 -0.038443 
824 0.440717 
825 -0.424632 
826 -0.254423 
827 -0.425607 
828 -0.254423 
829 0.162884 
830 0.496692 
831 -0.282342 
832 0.421330 
833 0.023816 
834 0.361876 
835 -0.376998 
836 0.275462 
837 0.457050 
838 0.275462 
839 0.056937 
840 -0.259654 
841 -0.250658 
842 0.484625 
843 0.079334 
844 0.188361 
845 -0.051104 
846 0.079334 
847 0.247495 
848 0.247495 
849 -0.175788 
850 -0.233684 
851 0.231100 
852 -0.313248 
853 0.316439 
854 0.056013 
855 0.316439 
856 0.402160 
857 0.194544 
858 -0.013552 
859 -0.376998 
860 0.408189 
861 -0.237608 
862 -0.013552 
863 0.043327 
864 -0.146231 
865 0.107025 
866 -0.068035 
867 0.484625 
868 -0.207166 
869 0.408025 
870 -0.234996 
871 0.095351 
872 -0.306076 
873 0.188361 
874 -0.231607 
875 -0.027856 
876 0.274823 
877 0.270631 
878 0.274823 
879 0.402873 
880 0.065526 
881 -0.080095 
882 -0.070787 
883 0.125683 
884 0.309344 
885 -0.396137 
886 0.272404 
887 0.277536 
888 -0.306076 
889 0.143832 
890 0.361876 
891 0.457050 
892 0.069649 
893 0.056937 
894 -0.259654 
895 0.069649 
896 -0.250658 
897 0.245844 
898 0.065526 
899 -0.175788 
900 -0.396137 
901 -0.266871 
902 -0.348350 
903 -0.233684 
904 -0.233684 
905 0.147435 
906 -0.496396 
907 0.136783 
908 0.123407 
909 -0.359289 
910 -0.496396 
911 -0.077759 
912 0.093628 
913 -0.466886 
914 0.123407 
915 -0.359289 
916 -0.272072 
917 -0.077759 
918 0.093628 
919 -0.446294 
920 -0.094294 
921 -0.254423 
922 0.316439 
923 -0.013552 
924 -0.396137 
925 0.069649 
926 -0.343432 
927 -0.343432 
928 -0.343432 
929 -0.397610 
930 0.081102 
931 -0.481784 
932 -0.397610 
933 0.081102 
934 0.155706 
935 -0.397610 
936 0.327634 
937 0.046725 
938 -0.074693 
939 0.018064 
940 -0.045001 
941 0.153919 
942 -0.488241 
943 0.064564 
944 -0.338019 
945 0.056013 
946 0.112366 
947 0.056013 
948 0.121714 
949 -0.325606 
950 -0.445606 
951 0.447709 
952 -0.325606 
953 -0.234578 
954 -0.289769 
955 0.069392 
956 -0.321783 
957 -0.096448 
