1446 1
0 0.301563 
1 -0.377363 
2 -0.486155 
3 0.371482 
4 0.320622 
5 0.135537 
6 0.479495 
7 0.294495 
8 0.448076 
9 -0.371502 
10 -0.276861 
11 -0.265169 
12 0.452371 
13 0.135537 
14 -0.377363 
15 0.488426 
16 -0.095682 
17 -0.049378 
18 -0.190622 
19 -0.371502 
20 -0.382027 
21 0.203723 
22 -0.371502 
23 -0.479811 
24 -0.265169 
25 -0.309691 
26 0.478349 
27 0.138330 
28 0.141934 
29 -0.141596 
30 0.334804 
31 -0.278487 
32 0.141934 
33 -0.475372 
34 0.011099 
35 0.283708 
36 -0.377363 
37 0.195710 
38 0.447471 
39 -0.100321 
40 0.321064 
41 -0.377363 
42 -0.377363 
43 0.230499 
44 0.497257 
45 0.083984 
46 -0.167976 
47 0.116456 
48 0.447471 
49 -0.085908 
50 0.237016 
51 0.447471 
52 -0.193527 
53 0.068542 
54 -0.382027 
55 -0.189538 
56 0.135537 
57 0.497257 
58 0.237016 
59 0.475889 
60 -0.025716 
61 -0.013222 
62 -0.401111 
63 0.141934 
64 -0.095682 
65 0.334804 
66 0.141934 
67 -0.132718 
68 0.237016 
69 -0.095682 
70 -0.293668 
71 0.325106 
72 0.487526 
73 -0.102940 
74 0.447471 
75 -0.189538 
76 0.172269 
77 -0.265169 
78 -0.452012 
79 0.325106 
80 0.475889 
81 0.206293 
82 -0.444827 
83 0.447471 
84 -0.294624 
85 -0.189538 
86 0.447471 
87 0.463967 
88 0.171688 
89 -0.382027 
90 0.301563 
91 0.447471 
92 0.408439 
93 0.497257 
94 0.487526 
95 0.408439 
96 -0.382027 
97 0.346563 
98 -0.281866 
99 0.468437 
100 -0.352183 
101 0.276291 
102 -0.467357 
103 -0.140085 
104 -0.061729 
105 -0.196875 
106 0.399472 
107 -0.435437 
108 -0.047928 
109 0.475889 
110 -0.012036 
111 0.408439 
112 0.040720 
113 -0.102940 
114 0.009857 
115 0.233659 
116 -0.435437 
117 0.141934 
118 0.453549 
119 -0.371502 
120 0.316173 
121 0.408439 
122 0.487526 
123 -0.341324 
124 -0.167976 
125 -0.044752 
126 0.236503 
127 0.171688 
128 -0.013222 
129 0.236503 
130 -0.402551 
131 -0.156938 
132 -0.337947 
133 -0.435437 
134 -0.435437 
135 -0.477036 
136 0.008805 
137 -0.389941 
138 0.248547 
139 0.141934 
140 -0.324277 
141 -0.102940 
142 -0.010044 
143 -0.025017 
144 0.334804 
145 -0.401111 
146 -0.132718 
147 0.407754 
148 -0.253562 
149 -0.245271 
150 0.008805 
151 -0.044752 
152 -0.293157 
153 -0.277326 
154 -0.162093 
155 0.107329 
156 -0.345208 
157 0.408439 
158 0.094956 
159 -0.256303 
160 -0.396989 
161 -0.477036 
162 0.028491 
163 0.171688 
164 -0.246395 
165 -0.190622 
166 -0.246780 
167 -0.269085 
168 0.333354 
169 -0.096441 
170 -0.358259 
171 0.098284 
172 0.325106 
173 0.408439 
174 0.233659 
175 0.443181 
176 0.008792 
177 0.251244 
178 0.117342 
179 -0.293668 
180 -0.482564 
181 -0.401111 
182 0.479495 
183 0.008792 
184 -0.352183 
185 -0.418488 
186 -0.293668 
187 -0.044752 
188 -0.396989 
189 0.301563 
190 0.221616 
191 -0.382027 
192 -0.340252 
193 -0.352183 
194 0.463967 
195 -0.189755 
196 0.317446 
197 -0.190622 
198 -0.119552 
199 -0.367990 
200 0.008805 
201 0.083984 
202 -0.203138 
203 0.233659 
204 0.228481 
205 -0.358259 
206 -0.095682 
207 0.237016 
208 0.125601 
209 -0.109432 
210 -0.150414 
211 0.203723 
212 -0.157727 
213 -0.293668 
214 0.008792 
215 -0.037824 
216 -0.465342 
217 -0.396989 
218 -0.193527 
219 -0.269085 
220 0.203147 
221 -0.057323 
222 -0.095682 
223 0.028890 
224 -0.240828 
225 0.143332 
226 -0.410759 
227 -0.371502 
228 0.160213 
229 -0.340252 
230 0.018886 
231 -0.358259 
232 0.028491 
233 0.135537 
234 0.211016 
235 0.083984 
236 -0.156938 
237 0.300182 
238 0.432332 
239 0.135537 
240 -0.420087 
241 -0.141596 
242 -0.394748 
243 0.094956 
244 -0.013222 
245 0.479495 
246 0.228481 
247 -0.353465 
248 -0.352183 
249 -0.132718 
250 -0.386351 
251 0.487526 
252 0.135537 
253 -0.371502 
254 0.044408 
255 0.350960 
256 0.135537 
257 -0.386351 
258 0.230499 
259 0.352260 
260 -0.167976 
261 -0.095682 
262 -0.410759 
263 -0.340252 
264 0.189908 
265 -0.401111 
266 -0.325302 
267 -0.352688 
268 0.008805 
269 0.008805 
270 0.052402 
271 0.028491 
272 0.083984 
273 0.203986 
274 -0.482767 
275 -0.352183 
276 -0.246395 
277 -0.025511 
278 -0.061729 
279 -0.260384 
280 0.105831 
281 -0.312982 
282 0.036396 
283 0.040643 
284 0.094956 
285 -0.401111 
286 -0.377363 
287 -0.240828 
288 -0.269085 
289 0.237016 
290 -0.245271 
291 0.179232 
292 -0.488984 
293 -0.384382 
294 0.083984 
295 -0.401111 
296 -0.000312 
297 -0.046759 
298 -0.193527 
299 0.153532 
300 0.168843 
301 0.143332 
302 -0.156938 
303 0.027614 
304 0.316173 
305 0.487526 
306 0.107248 
307 -0.025511 
308 0.221616 
309 0.471081 
310 -0.025716 
311 0.125601 
312 -0.425096 
313 -0.371502 
314 -0.156938 
315 -0.353465 
316 -0.202989 
317 0.237016 
318 0.358666 
319 -0.261177 
320 -0.119552 
321 0.237016 
322 0.040643 
323 -0.119552 
324 0.448076 
325 -0.189755 
326 -0.492178 
327 0.221616 
328 0.008792 
329 0.008792 
330 -0.193527 
331 -0.085311 
332 0.168843 
333 -0.189538 
334 -0.279432 
335 0.301563 
336 -0.420815 
337 -0.136017 
338 -0.013222 
339 0.287596 
340 -0.251211 
341 0.122053 
342 0.284212 
343 0.443181 
344 0.479495 
345 -0.382027 
346 -0.141596 
347 0.478349 
348 0.184618 
349 0.040643 
350 -0.246395 
351 -0.189538 
352 0.253132 
353 -0.382027 
354 -0.482564 
355 0.271780 
356 -0.059228 
357 -0.196730 
358 0.068110 
359 -0.141596 
360 0.434135 
361 -0.401111 
362 0.168843 
363 -0.382027 
364 -0.019252 
365 0.106497 
366 -0.461593 
367 0.044408 
368 -0.377363 
369 0.083984 
370 0.447471 
371 -0.301563 
372 0.048935 
373 -0.261177 
374 -0.037824 
375 0.056304 
376 -0.410759 
377 0.371482 
378 0.478349 
379 -0.420815 
380 -0.261177 
381 -0.281866 
382 0.159783 
383 -0.132718 
384 0.325106 
385 -0.251211 
386 0.048935 
387 0.487526 
388 -0.410759 
389 0.184618 
390 0.171688 
391 0.468437 
392 -0.261177 
393 0.082008 
394 -0.025511 
395 -0.167976 
396 0.478349 
397 0.338628 
398 0.083984 
399 -0.158248 
400 0.147868 
401 0.040643 
402 0.316173 
403 -0.246780 
404 -0.420815 
405 0.230499 
406 -0.279432 
407 -0.477036 
408 0.036396 
409 -0.465342 
410 -0.351994 
411 -0.345208 
412 0.162529 
413 0.344329 
414 -0.120781 
415 -0.340252 
416 -0.420815 
417 -0.100321 
418 0.344329 
419 -0.465433 
420 0.384233 
421 -0.324277 
422 -0.488984 
423 -0.101730 
424 0.081880 
425 -0.477036 
426 0.284478 
427 -0.196730 
428 0.325106 
429 0.230499 
430 -0.388294 
431 -0.001004 
432 0.443181 
433 0.159783 
434 0.081880 
435 0.344329 
436 -0.097232 
437 0.162529 
438 -0.312982 
439 -0.386628 
440 -0.057323 
441 -0.410528 
442 -0.057323 
443 0.040643 
444 0.248547 
445 -0.021083 
446 -0.287582 
447 0.230499 
448 0.233659 
449 0.040643 
450 0.253171 
451 -0.269085 
452 0.335699 
453 -0.057323 
454 0.408998 
455 -0.324277 
456 -0.052381 
457 -0.235064 
458 0.283708 
459 0.063623 
460 0.279993 
461 -0.447879 
462 -0.119552 
463 0.285627 
464 0.048935 
465 0.478697 
466 0.358666 
467 0.171688 
468 0.162529 
469 -0.137663 
470 -0.287582 
471 -0.120781 
472 0.105831 
473 0.174692 
474 0.253132 
475 -0.022467 
476 0.453005 
477 -0.196730 
478 0.171688 
479 0.006739 
480 0.011521 
481 0.312252 
482 0.300182 
483 0.096046 
484 -0.245271 
485 0.073154 
486 0.271067 
487 -0.252543 
488 -0.095858 
489 0.434135 
490 -0.095682 
491 -0.402697 
492 -0.120781 
493 -0.196730 
494 -0.411668 
495 0.371482 
496 0.292210 
497 0.203986 
498 0.188460 
499 -0.279432 
500 -0.120781 
501 -0.351994 
502 -0.387079 
503 -0.465342 
504 -0.157727 
505 0.495060 
506 0.325106 
507 0.171688 
508 0.471081 
509 0.334804 
510 -0.052381 
511 -0.240828 
512 0.358666 
513 0.472744 
514 0.230499 
515 0.371482 
516 0.408439 
517 0.452371 
518 -0.235064 
519 0.283708 
520 -0.465342 
521 -0.388294 
522 0.287596 
523 0.408439 
524 0.371482 
525 0.283708 
526 -0.352688 
527 -0.120781 
528 0.028890 
529 -0.482767 
530 -0.085311 
531 -0.140085 
532 0.037757 
533 -0.420815 
534 -0.189538 
535 -0.120781 
536 0.028890 
537 -0.377475 
538 -0.435437 
539 -0.136017 
540 -0.189538 
541 -0.196714 
542 0.479495 
543 -0.257563 
544 0.043703 
545 -0.401111 
546 0.360118 
547 -0.182893 
548 0.319173 
549 -0.352688 
550 -0.156938 
551 -0.028219 
552 -0.120781 
553 0.174692 
554 0.248547 
555 -0.323126 
556 -0.487759 
557 0.132654 
558 0.283708 
559 -0.001004 
560 -0.025716 
561 -0.045367 
562 0.105831 
563 0.248044 
564 0.283708 
565 0.221616 
566 0.211016 
567 0.010358 
568 0.443181 
569 0.330216 
570 0.022385 
571 -0.241190 
572 -0.081087 
573 -0.294624 
574 0.449090 
575 0.475889 
576 -0.019061 
577 -0.105634 
578 0.408998 
579 0.254457 
580 0.189908 
581 -0.377475 
582 0.118395 
583 0.443181 
584 0.494668 
585 0.371482 
586 0.408998 
587 0.296527 
588 -0.025716 
589 -0.352688 
590 -0.279432 
591 0.352260 
592 0.174692 
593 -0.488984 
594 0.283708 
595 0.384233 
596 0.408998 
597 -0.171507 
598 -0.000219 
599 -0.010044 
600 0.326601 
601 0.128243 
602 0.159783 
603 -0.241190 
604 0.162529 
605 0.160213 
606 -0.488984 
607 0.350960 
608 0.068542 
609 -0.049378 
610 -0.465342 
611 0.135537 
612 0.287596 
613 -0.352688 
614 -0.100321 
615 0.250704 
616 0.248044 
617 -0.028219 
618 0.237016 
619 -0.025716 
620 -0.340252 
621 -0.403259 
622 0.159783 
623 -0.239322 
624 -0.085311 
625 0.434135 
626 -0.001004 
627 0.360118 
628 -0.025017 
629 0.478697 
630 -0.435437 
631 -0.300611 
632 -0.046759 
633 0.211016 
634 0.094956 
635 -0.352688 
636 -0.350505 
637 0.081880 
638 0.005556 
639 0.452371 
640 0.172269 
641 -0.387079 
642 0.174692 
643 -0.049378 
644 0.162444 
645 -0.354806 
646 -0.410528 
647 -0.329342 
648 0.027614 
649 0.205047 
650 -0.028219 
651 -0.265169 
652 -0.350505 
653 -0.239322 
654 -0.028219 
655 0.203723 
656 -0.352212 
657 0.009857 
658 0.159783 
659 -0.190622 
660 -0.410528 
661 -0.090357 
662 -0.374540 
663 0.096023 
664 0.285627 
665 0.099043 
666 0.184618 
667 0.389004 
668 0.174692 
669 0.159783 
670 -0.025716 
671 0.497257 
672 -0.057323 
673 0.048935 
674 -0.350505 
675 -0.082117 
676 0.026712 
677 0.230499 
678 0.487526 
679 0.174692 
680 0.189908 
681 -0.387079 
682 0.371482 
683 0.408998 
684 -0.483161 
685 0.174692 
686 -0.435437 
687 0.446061 
688 0.453549 
689 0.081880 
690 -0.420815 
691 -0.050714 
692 0.408998 
693 0.132654 
694 -0.062900 
695 0.460326 
696 0.159783 
697 -0.079570 
698 -0.171507 
699 -0.420815 
700 -0.120781 
701 0.195710 
702 -0.195549 
703 -0.278487 
704 0.284212 
705 0.443181 
706 -0.287582 
707 0.492132 
708 -0.182893 
709 0.338620 
710 0.349764 
711 -0.464486 
712 0.081880 
713 0.154638 
714 0.406640 
715 0.184618 
716 0.323721 
717 0.195710 
718 -0.147545 
719 -0.000219 
720 -0.317094 
721 -0.010044 
722 -0.300611 
723 -0.019061 
724 -0.351994 
725 -0.052381 
726 -0.470071 
727 -0.483161 
728 -0.483161 
729 -0.304186 
730 0.408998 
731 0.446061 
732 0.090882 
733 -0.420775 
734 -0.171507 
735 0.043703 
736 0.408998 
737 0.335699 
738 0.443181 
739 -0.420775 
740 -0.465342 
741 -0.102940 
742 0.178891 
743 -0.483161 
744 0.446061 
745 0.452371 
746 -0.388294 
747 -0.301563 
748 -0.240828 
749 0.172269 
750 0.492132 
751 0.022385 
752 0.195710 
753 -0.358259 
754 0.153365 
755 0.109391 
756 0.203723 
757 -0.025716 
758 0.278883 
759 -0.000219 
760 0.495982 
761 0.371482 
762 -0.452012 
763 -0.269085 
764 0.452371 
765 -0.384382 
766 0.358666 
767 0.141934 
768 -0.396989 
769 0.044408 
770 0.096046 
771 -0.049378 
772 0.189908 
773 -0.012036 
774 0.022385 
775 -0.100321 
776 -0.473719 
777 -0.403259 
778 0.460326 
779 0.009857 
780 -0.387079 
781 -0.405388 
782 -0.057323 
783 0.492132 
784 -0.465342 
785 -0.171652 
786 -0.240828 
787 -0.109432 
788 -0.324277 
789 0.048935 
790 -0.057323 
791 -0.171652 
792 0.211016 
793 0.195710 
794 0.261647 
795 0.081880 
796 0.195710 
797 -0.367990 
798 -0.240828 
799 0.360118 
800 -0.420775 
801 -0.431192 
802 0.135554 
803 -0.193527 
804 0.292210 
805 -0.239604 
806 0.203986 
807 0.492132 
808 0.453549 
809 0.116661 
810 -0.046759 
811 -0.461593 
812 -0.236518 
813 -0.068023 
814 -0.435437 
815 -0.052381 
816 0.497257 
817 0.184618 
818 0.278883 
819 -0.300611 
820 0.195710 
821 0.172269 
822 0.005041 
823 0.495060 
824 -0.411922 
825 0.036396 
826 -0.137663 
827 0.184618 
828 0.360118 
829 0.105403 
830 -0.341268 
831 -0.174991 
832 -0.324277 
833 -0.010196 
834 0.005041 
835 0.005556 
836 -0.367990 
837 0.282905 
838 0.278883 
839 0.073350 
840 0.253171 
841 0.248044 
842 0.081880 
843 0.278883 
844 0.346563 
845 -0.049378 
846 0.364968 
847 -0.147545 
848 0.005041 
849 0.189908 
850 0.183601 
851 0.346563 
852 0.153365 
853 -0.260384 
854 0.449090 
855 0.390221 
856 -0.079453 
857 -0.102940 
858 0.022385 
859 -0.371502 
860 0.005041 
861 0.054686 
862 0.434135 
863 -0.260384 
864 -0.351994 
865 0.032571 
866 0.478697 
867 -0.317094 
868 0.316173 
869 -0.325302 
870 -0.324277 
871 0.048935 
872 -0.044752 
873 -0.013222 
874 0.098284 
875 -0.046759 
876 -0.275396 
877 -0.418488 
878 -0.281866 
879 -0.447879 
880 0.408324 
881 0.141934 
882 -0.410528 
883 0.434135 
884 0.392786 
885 0.189908 
886 -0.411668 
887 -0.455042 
888 -0.013222 
889 0.048935 
890 -0.411668 
891 -0.137663 
892 -0.324277 
893 -0.479811 
894 -0.411668 
895 -0.049378 
896 0.189908 
897 0.162529 
898 -0.352688 
899 -0.436711 
900 -0.046759 
901 -0.350505 
902 -0.396989 
903 0.325106 
904 0.206924 
905 -0.147545 
906 0.203147 
907 0.043703 
908 0.153365 
909 0.026712 
910 0.009857 
911 -0.411668 
912 0.206293 
913 -0.049378 
914 0.206924 
915 0.043703 
916 -0.403259 
917 -0.119552 
918 0.040720 
919 -0.464486 
920 -0.410759 
921 0.434135 
922 0.154638 
923 -0.418488 
924 0.026712 
925 -0.013222 
926 0.184618 
927 -0.081087 
928 -0.240828 
929 -0.025017 
930 -0.418488 
931 0.162529 
932 0.432332 
933 0.040720 
934 0.178891 
935 0.038067 
936 -0.119552 
937 -0.411668 
938 0.107329 
939 -0.196714 
940 -0.410528 
941 0.174692 
942 0.404115 
943 0.178891 
944 0.352260 
945 0.233659 
946 -0.256303 
947 -0.025017 
948 -0.435437 
949 0.195710 
950 -0.310731 
951 0.248044 
952 0.338620 
953 -0.352183 
954 -0.171652 
955 -0.473321 
956 0.460326 
957 0.040720 
958 -0.394748 
959 0.221616 
960 0.054686 
961 0.081880 
962 0.105831 
963 0.497257 
964 0.162529 
965 0.203986 
966 -0.447879 
967 -0.196730 
968 0.495060 
969 -0.046759 
970 0.451621 
971 0.153365 
972 -0.380199 
973 0.188185 
974 -0.236518 
975 -0.418488 
976 -0.410528 
977 -0.196714 
978 0.164326 
979 -0.137663 
980 0.133638 
981 -0.399080 
982 -0.137663 
983 0.184618 
984 0.214223 
985 -0.394748 
986 -0.421317 
987 -0.377475 
988 -0.025017 
989 0.453547 
990 -0.079132 
991 -0.486155 
992 0.250613 
993 0.301563 
994 0.434135 
995 -0.196730 
996 -0.473719 
997 -0.137663 
998 0.443472 
999 -0.174991 
1000 0.203147 
1001 -0.310731 
1002 -0.196714 
1003 -0.120781 
1004 0.203723 
1005 0.389004 
1006 -0.239322 
1007 0.073350 
1008 0.128243 
1009 0.036396 
1010 -0.324277 
1011 0.203147 
1012 -0.277326 
1013 -0.340252 
1014 0.392786 
1015 0.482372 
1016 0.346563 
1017 0.326601 
1018 -0.102940 
1019 -0.013222 
1020 0.253171 
1021 0.254079 
1022 0.172878 
1023 -0.050714 
1024 0.081880 
1025 0.040643 
1026 -0.411668 
1027 -0.050714 
1028 0.248547 
1029 -0.240828 
1030 0.408324 
1031 -0.140085 
1032 -0.196714 
1033 -0.245046 
1034 0.287596 
1035 0.177118 
1036 -0.239322 
1037 -0.239322 
1038 -0.142681 
1039 -0.403259 
1040 -0.486155 
1041 -0.044752 
1042 -0.332354 
1043 0.284212 
1044 -0.276861 
1045 -0.352688 
1046 -0.421317 
1047 -0.341324 
1048 0.159783 
1049 0.214223 
1050 -0.057323 
1051 -0.171652 
1052 -0.025017 
1053 -0.090601 
1054 0.038067 
1055 0.233659 
1056 0.125601 
1057 0.284478 
1058 0.037757 
1059 0.206293 
1060 0.282905 
1061 0.189908 
1062 -0.464486 
1063 0.203986 
1064 0.434135 
1065 -0.158646 
1066 0.084740 
1067 -0.454026 
1068 -0.486155 
1069 -0.102940 
1070 0.105403 
1071 -0.312982 
1072 0.279993 
1073 0.478697 
1074 0.052402 
1075 0.179232 
1076 0.162529 
1077 0.325106 
1078 -0.351994 
1079 -0.394748 
1080 -0.095858 
1081 0.446061 
1082 -0.387079 
1083 0.352260 
1084 0.133638 
1085 -0.158646 
1086 -0.095858 
1087 -0.310731 
1088 0.203723 
1089 -0.049378 
1090 -0.300611 
1091 -0.340252 
1092 0.044408 
1093 0.066994 
1094 0.154638 
1095 0.240977 
1096 -0.236518 
1097 0.326601 
1098 0.285627 
1099 -0.090601 
1100 0.105831 
1101 -0.402551 
1102 0.135554 
1103 -0.095858 
1104 0.392786 
1105 0.448947 
1106 -0.465342 
1107 -0.455042 
1108 -0.090601 
1109 -0.410528 
1110 -0.310731 
1111 -0.001004 
1112 0.125601 
1113 0.453547 
1114 0.230499 
1115 -0.254302 
1116 -0.384382 
1117 -0.196730 
1118 -0.095682 
1119 0.396300 
1120 0.292210 
1121 -0.025511 
1122 0.326601 
1123 0.043703 
1124 0.106497 
1125 -0.465433 
1126 0.236503 
1127 0.254079 
1128 0.346563 
1129 -0.464486 
1130 0.460326 
1131 0.287596 
1132 0.248044 
1133 -0.420775 
1134 -0.119552 
1135 0.164326 
1136 -0.025511 
1137 -0.456879 
1138 0.171688 
1139 0.153532 
1140 -0.444827 
1141 0.233659 
1142 0.287596 
1143 -0.137663 
1144 -0.246395 
1145 -0.140085 
1146 -0.387079 
1147 -0.085908 
1148 -0.465433 
1149 0.042035 
1150 0.026712 
1151 0.026712 
1152 0.044408 
1153 0.036396 
1154 -0.141596 
1155 -0.013222 
1156 -0.265169 
1157 -0.358259 
1158 0.044408 
1159 -0.095858 
1160 0.084740 
1161 -0.293668 
1162 -0.196730 
1163 0.206293 
1164 0.253171 
1165 -0.090601 
1166 -0.352212 
1167 0.497257 
1168 -0.239322 
1169 -0.156938 
1170 0.352260 
1171 -0.340252 
1172 -0.196714 
1173 0.259123 
1174 -0.088200 
1175 0.451621 
1176 0.037757 
1177 -0.174991 
1178 -0.329342 
1179 -0.420775 
1180 0.228481 
1181 -0.436711 
1182 -0.025511 
1183 0.331731 
1184 0.475802 
1185 0.177118 
1186 -0.387079 
1187 -0.194881 
1188 -0.275396 
1189 -0.265169 
1190 0.188460 
1191 0.254079 
1192 0.254457 
1193 -0.420775 
1194 0.451621 
1195 0.320622 
1196 -0.064038 
1197 -0.411668 
1198 0.392786 
1199 -0.387079 
1200 -0.403076 
1201 -0.236518 
1202 -0.256303 
1203 -0.479811 
1204 0.392786 
1205 -0.239322 
1206 0.334804 
1207 -0.312982 
1208 0.346563 
1209 0.026712 
1210 0.054686 
1211 0.203723 
1212 0.135554 
1213 -0.046759 
1214 0.203723 
1215 0.083984 
1216 -0.487759 
1217 -0.095858 
1218 -0.420775 
1219 -0.174991 
1220 -0.090357 
1221 -0.411922 
1222 -0.100321 
1223 0.475802 
1224 -0.236518 
1225 -0.171507 
1226 -0.203138 
1227 -0.410759 
1228 -0.095858 
1229 -0.420775 
1230 0.036396 
1231 -0.156938 
1232 0.452371 
1233 -0.046759 
1234 -0.236518 
1235 0.066994 
1236 0.006864 
1237 0.026712 
1238 0.475802 
1239 -0.000219 
1240 0.364968 
1241 -0.420815 
1242 0.333358 
1243 0.392786 
1244 -0.377363 
1245 0.392786 
1246 -0.351994 
1247 0.068542 
1248 0.248044 
1249 0.300182 
1250 0.105831 
1251 -0.128564 
1252 0.443181 
1253 -0.351994 
1254 0.443472 
1255 0.236503 
1256 -0.402551 
1257 0.285627 
1258 -0.420775 
1259 -0.239322 
1260 0.233659 
1261 0.250613 
1262 -0.410759 
1263 -0.329342 
1264 -0.189755 
1265 0.364968 
1266 0.206293 
1267 0.238329 
1268 0.203723 
1269 -0.367990 
1270 -0.365745 
1271 -0.479811 
1272 -0.455042 
1273 0.440991 
1274 -0.164807 
1275 0.203986 
1276 0.350960 
1277 -0.388294 
1278 -0.100321 
1279 -0.189538 
1280 -0.239322 
1281 -0.049378 
1282 0.371482 
1283 -0.387079 
1284 0.087320 
1285 -0.102940 
1286 0.107329 
1287 0.277522 
1288 0.052402 
1289 -0.346622 
1290 -0.257563 
1291 0.105831 
1292 0.084740 
1293 0.326601 
1294 -0.352212 
1295 0.475802 
1296 -0.095858 
1297 0.042035 
1298 0.084740 
1299 -0.352212 
1300 -0.190622 
1301 0.248044 
1302 0.460326 
1303 0.068542 
1304 0.184618 
1305 -0.489813 
1306 -0.421317 
1307 0.026712 
1308 -0.475372 
1309 -0.064038 
1310 0.087320 
1311 0.392786 
1312 0.044408 
1313 -0.399080 
1314 -0.318130 
1315 0.178891 
1316 -0.047928 
1317 -0.467357 
1318 -0.119552 
1319 -0.388126 
1320 0.457365 
1321 -0.447879 
1322 -0.189755 
1323 0.250613 
1324 -0.351994 
1325 0.443472 
1326 0.362730 
1327 -0.128564 
1328 -0.402551 
1329 0.010358 
1330 -0.287582 
1331 0.440991 
1332 -0.182893 
1333 0.037757 
1334 0.497257 
1335 0.033673 
1336 -0.157727 
1337 -0.444827 
1338 0.206293 
1339 0.096046 
1340 -0.137663 
1341 -0.236518 
1342 -0.351994 
1343 0.133638 
1344 0.055710 
1345 -0.203138 
1346 0.042035 
1347 0.118395 
1348 0.434135 
1349 0.443472 
1350 -0.010044 
1351 0.452371 
1352 0.440991 
1353 -0.025716 
1354 -0.025017 
1355 -0.046759 
1356 -0.403076 
1357 0.135554 
1358 -0.050714 
1359 -0.384382 
1360 -0.246395 
1361 0.026712 
1362 0.478697 
1363 -0.455042 
1364 0.204696 
1365 0.364968 
1366 0.478697 
1367 0.408998 
1368 -0.025017 
1369 0.346563 
1370 0.283708 
1371 -0.421317 
1372 -0.410528 
1373 0.292210 
1374 0.105831 
1375 0.138330 
1376 -0.388294 
1377 0.189908 
1378 -0.157727 
1379 -0.465342 
1380 0.320622 
1381 0.087320 
1382 -0.196730 
1383 0.036396 
1384 0.344329 
1385 0.083984 
1386 0.177118 
1387 0.068542 
1388 0.038067 
1389 0.206293 
1390 -0.158248 
1391 -0.447879 
1392 0.451621 
1393 0.248044 
1394 0.278695 
1395 -0.499810 
1396 0.028491 
1397 0.112817 
1398 -0.386628 
1399 0.277522 
1400 0.028890 
1401 -0.085311 
1402 -0.022467 
1403 0.338620 
1404 -0.386628 
1405 0.248044 
1406 0.278695 
1407 0.042035 
1408 0.332299 
1409 0.443181 
1410 -0.019061 
1411 0.453547 
1412 0.044408 
1413 0.453005 
1414 0.460326 
1415 0.250613 
1416 0.230499 
1417 -0.386351 
1418 -0.329342 
1419 0.475802 
1420 -0.090357 
1421 -0.342241 
1422 -0.499810 
1423 0.040643 
1424 0.292210 
1425 0.174692 
1426 -0.275396 
1427 -0.156799 
1428 -0.182893 
1429 -0.062900 
1430 0.048935 
1431 -0.136017 
1432 -0.156938 
1433 0.300182 
1434 -0.447879 
1435 -0.109432 
1436 -0.079132 
1437 0.254079 
1438 -0.344099 
1439 0.032571 
1440 0.320622 
1441 -0.499810 
1442 -0.260384 
1443 -0.182893 
1444 0.487526 
1445 0.048935 
