3031 1
0 -0.096720 
1 0.368893 
2 -0.100580 
3 -0.470397 
4 0.063629 
5 -0.105572 
6 0.175080 
7 0.330123 
8 0.234019 
9 -0.163092 
10 -0.443609 
11 0.202370 
12 0.353463 
13 0.202370 
14 0.202370 
15 0.202370 
16 -0.248761 
17 -0.094040 
18 0.247818 
19 -0.299213 
20 0.157720 
21 0.118019 
22 0.246124 
23 -0.385581 
24 -0.279812 
25 -0.149340 
26 -0.189332 
27 -0.178036 
28 -0.265623 
29 -0.073128 
30 0.302685 
31 0.202370 
32 0.202370 
33 0.202370 
34 -0.223450 
35 0.418950 
36 0.385936 
37 0.098042 
38 0.369045 
39 -0.133634 
40 0.175917 
41 0.298089 
42 -0.069188 
43 -0.095507 
44 -0.028896 
45 0.070813 
46 0.177589 
47 -0.104064 
48 -0.019860 
49 -0.282072 
50 0.358512 
51 -0.123306 
52 0.498461 
53 0.224307 
54 0.380836 
55 -0.032436 
56 -0.010049 
57 0.063265 
58 0.036308 
59 -0.404437 
60 0.066795 
61 -0.022760 
62 0.411519 
63 -0.188429 
64 -0.442663 
65 -0.493859 
66 -0.126489 
67 0.202370 
68 0.446819 
69 0.063265 
70 -0.005513 
71 -0.248761 
72 0.134591 
73 -0.132452 
74 -0.249444 
75 0.476168 
76 -0.177691 
77 0.108898 
78 -0.178262 
79 0.166820 
80 -0.071374 
81 -0.313665 
82 0.199859 
83 -0.013852 
84 -0.244410 
85 -0.248761 
86 -0.492030 
87 -0.094040 
88 -0.094040 
89 -0.094040 
90 -0.094040 
91 -0.094040 
92 -0.094040 
93 -0.094040 
94 -0.094040 
95 -0.094040 
96 -0.094040 
97 -0.094040 
98 -0.094040 
99 -0.094040 
100 -0.094040 
101 -0.094040 
102 -0.094040 
103 -0.094040 
104 -0.094040 
105 0.381102 
106 0.256463 
107 -0.094040 
108 -0.094040 
109 -0.094040 
110 -0.094040 
111 -0.094040 
112 -0.094040 
113 -0.094040 
114 -0.094040 
115 -0.094040 
116 -0.094040 
117 -0.094040 
118 -0.000185 
119 -0.001836 
120 -0.494344 
121 -0.404437 
122 0.356642 
123 -0.248761 
124 0.476168 
125 -0.491104 
126 0.055788 
127 -0.007425 
128 0.497508 
129 -0.061934 
130 0.402324 
131 -0.461640 
132 -0.245069 
133 -0.165298 
134 0.368893 
135 0.134591 
136 -0.470397 
137 0.063629 
138 -0.105572 
139 0.175080 
140 0.330123 
141 0.234019 
142 -0.233933 
143 -0.067584 
144 0.134088 
145 0.283604 
146 -0.168141 
147 0.202370 
148 0.353463 
149 0.422361 
150 0.330123 
151 0.234019 
152 0.063265 
153 -0.102654 
154 -0.076184 
155 0.131360 
156 0.219064 
157 -0.367954 
158 0.134591 
159 -0.099303 
160 0.300972 
161 -0.147374 
162 -0.493117 
163 0.042888 
164 -0.330041 
165 0.440441 
166 -0.477303 
167 -0.437831 
168 -0.455760 
169 -0.102654 
170 0.418950 
171 -0.494344 
172 -0.001836 
173 0.131360 
174 -0.203564 
175 0.023656 
176 -0.292675 
177 -0.461260 
178 -0.399082 
179 0.385936 
180 -0.043917 
181 0.098042 
182 -0.272576 
183 -0.319402 
184 -0.210344 
185 -0.069188 
186 0.196302 
187 0.418933 
188 -0.466692 
189 0.022623 
190 0.154315 
191 0.434571 
192 0.134829 
193 0.033298 
194 -0.069800 
195 0.153102 
196 0.346920 
197 -0.178424 
198 -0.096720 
199 -0.477303 
200 -0.399082 
201 0.033298 
202 -0.043917 
203 0.461084 
204 -0.292675 
205 -0.223450 
206 -0.284014 
207 -0.123306 
208 0.187375 
209 0.461084 
210 -0.166466 
211 -0.166466 
212 -0.490738 
213 0.031406 
214 -0.041402 
215 -0.496012 
216 -0.225098 
217 -0.089311 
218 0.282511 
219 -0.449194 
220 0.340626 
221 -0.108878 
222 0.041054 
223 0.101716 
224 -0.341954 
225 0.110499 
226 -0.481773 
227 -0.187266 
228 0.094423 
229 0.042888 
230 0.042888 
231 0.042888 
232 0.042888 
233 0.042888 
234 0.131360 
235 -0.027274 
236 -0.038666 
237 0.353463 
238 -0.398079 
239 0.139375 
240 -0.182930 
241 0.220528 
242 0.493259 
243 -0.100580 
244 -0.414697 
245 0.126443 
246 -0.166947 
247 -0.343070 
248 0.480037 
249 0.237249 
250 -0.236024 
251 -0.006611 
252 0.439419 
253 0.048812 
254 0.077946 
255 0.444412 
256 -0.165298 
257 -0.106072 
258 -0.379931 
259 -0.455760 
260 0.023656 
261 -0.210344 
262 0.434571 
263 -0.178424 
264 -0.304128 
265 0.392106 
266 -0.208664 
267 -0.428671 
268 -0.351494 
269 0.381495 
270 0.436624 
271 0.134591 
272 0.368893 
273 0.353463 
274 -0.470397 
275 0.134591 
276 -0.325299 
277 -0.033554 
278 -0.344890 
279 -0.415788 
280 0.341112 
281 0.177196 
282 -0.200119 
283 0.442669 
284 0.436624 
285 0.381495 
286 0.063629 
287 -0.105572 
288 0.175080 
289 0.446819 
290 0.063265 
291 0.063265 
292 -0.005513 
293 -0.248761 
294 0.134591 
295 0.134591 
296 0.134591 
297 0.134591 
298 0.134591 
299 0.134591 
300 0.134591 
301 0.134591 
302 0.219064 
303 0.219064 
304 0.476168 
305 -0.120773 
306 0.219064 
307 -0.248761 
308 -0.178262 
309 -0.451549 
310 -0.248761 
311 -0.248761 
312 -0.339955 
313 -0.313665 
314 -0.094040 
315 0.272996 
316 0.450259 
317 -0.248761 
318 0.042888 
319 0.164082 
320 -0.248761 
321 -0.094040 
322 -0.248761 
323 -0.094040 
324 -0.094040 
325 -0.094040 
326 -0.094040 
327 -0.094040 
328 -0.094040 
329 -0.094040 
330 -0.094040 
331 -0.094040 
332 -0.094040 
333 -0.094040 
334 -0.094040 
335 -0.094040 
336 -0.094040 
337 -0.094040 
338 -0.094040 
339 -0.094040 
340 -0.094040 
341 -0.094040 
342 -0.094040 
343 -0.094040 
344 -0.094040 
345 -0.094040 
346 0.381102 
347 0.256463 
348 -0.094040 
349 -0.094040 
350 -0.094040 
351 -0.094040 
352 -0.094040 
353 -0.094040 
354 -0.094040 
355 -0.094040 
356 -0.094040 
357 -0.094040 
358 -0.094040 
359 0.202370 
360 -0.001836 
361 -0.494344 
362 -0.404437 
363 0.356642 
364 -0.248761 
365 0.476168 
366 -0.491104 
367 0.055788 
368 -0.007425 
369 0.497508 
370 -0.061934 
371 0.402324 
372 -0.461640 
373 -0.245069 
374 -0.165298 
375 0.368893 
376 0.134591 
377 -0.470397 
378 0.063629 
379 -0.105572 
380 0.175080 
381 0.330123 
382 0.234019 
383 -0.233933 
384 -0.067584 
385 0.134088 
386 0.283604 
387 -0.168141 
388 -0.168141 
389 0.202370 
390 0.353463 
391 -0.302055 
392 -0.471712 
393 0.244663 
394 0.422361 
395 0.086518 
396 0.235362 
397 -0.371954 
398 -0.413766 
399 -0.125686 
400 -0.313665 
401 0.219064 
402 0.219064 
403 0.219064 
404 0.131360 
405 0.131360 
406 0.131360 
407 0.131360 
408 0.131360 
409 0.131360 
410 0.131360 
411 0.219064 
412 -0.367954 
413 0.134591 
414 -0.099303 
415 -0.099303 
416 -0.099303 
417 -0.099303 
418 0.300972 
419 0.202370 
420 -0.493117 
421 0.042888 
422 0.131360 
423 0.131360 
424 -0.330041 
425 -0.330041 
426 -0.330041 
427 -0.330041 
428 -0.330041 
429 -0.330041 
430 -0.330041 
431 -0.330041 
432 -0.330041 
433 -0.330041 
434 -0.330041 
435 -0.330041 
436 -0.330041 
437 -0.330041 
438 0.131360 
439 0.440441 
440 0.440441 
441 0.440441 
442 0.440441 
443 0.440441 
444 0.440441 
445 0.440441 
446 0.440441 
447 0.440441 
448 0.440441 
449 0.440441 
450 0.440441 
451 0.440441 
452 0.440441 
453 0.440441 
454 0.131360 
455 0.131360 
456 0.131360 
457 -0.477303 
458 -0.477303 
459 -0.477303 
460 -0.477303 
461 -0.477303 
462 -0.477303 
463 -0.198774 
464 -0.198774 
465 0.304942 
466 0.304942 
467 0.304942 
468 0.304942 
469 -0.231942 
470 -0.231942 
471 -0.231942 
472 -0.231942 
473 -0.231942 
474 -0.044984 
475 -0.044984 
476 -0.044984 
477 -0.317472 
478 -0.317472 
479 -0.317472 
480 -0.317472 
481 -0.096131 
482 -0.096131 
483 -0.096131 
484 -0.096131 
485 -0.321673 
486 -0.321673 
487 -0.321673 
488 -0.321673 
489 -0.156764 
490 -0.156764 
491 -0.156764 
492 -0.156764 
493 -0.154623 
494 -0.154623 
495 -0.154623 
496 -0.154623 
497 0.271282 
498 0.271282 
499 0.271282 
500 0.271282 
501 0.482247 
502 0.482247 
503 -0.186669 
504 -0.186669 
505 -0.186669 
506 -0.186669 
507 -0.186669 
508 -0.186669 
509 -0.477303 
510 0.131360 
511 0.131360 
512 0.131360 
513 0.131360 
514 0.131360 
515 -0.437831 
516 -0.437831 
517 -0.437831 
518 -0.437831 
519 -0.437831 
520 -0.437831 
521 -0.365768 
522 -0.365768 
523 -0.365768 
524 -0.365768 
525 -0.365768 
526 -0.365768 
527 0.135572 
528 0.135572 
529 0.135572 
530 0.135572 
531 0.452716 
532 0.452716 
533 0.452716 
534 0.452716 
535 0.245326 
536 0.245326 
537 0.245326 
538 0.245326 
539 -0.437831 
540 -0.437831 
541 -0.331126 
542 -0.331126 
543 -0.331126 
544 -0.331126 
545 -0.331126 
546 -0.331126 
547 0.208606 
548 0.208606 
549 -0.437831 
550 0.131360 
551 -0.455760 
552 -0.455760 
553 -0.455760 
554 -0.455760 
555 -0.455760 
556 -0.455760 
557 -0.455760 
558 -0.455760 
559 -0.455760 
560 -0.455760 
561 -0.455760 
562 -0.455760 
563 -0.455760 
564 -0.455760 
565 -0.455760 
566 -0.455760 
567 -0.455760 
568 -0.455760 
569 -0.455760 
570 -0.455760 
571 -0.455760 
572 -0.455760 
573 -0.455760 
574 -0.455760 
575 -0.455760 
576 -0.455760 
577 -0.455760 
578 -0.455760 
579 -0.455760 
580 -0.455760 
581 -0.455760 
582 -0.455760 
583 -0.455760 
584 -0.455760 
585 -0.455760 
586 -0.455760 
587 -0.455760 
588 -0.455760 
589 -0.455760 
590 -0.455760 
591 -0.455760 
592 -0.455760 
593 -0.455760 
594 -0.455760 
595 -0.455760 
596 -0.455760 
597 -0.455760 
598 -0.455760 
599 -0.455760 
600 -0.455760 
601 -0.455760 
602 -0.102654 
603 -0.102654 
604 -0.102654 
605 -0.102654 
606 -0.102654 
607 -0.102654 
608 -0.102654 
609 -0.102654 
610 -0.102654 
611 -0.102654 
612 -0.102654 
613 -0.102654 
614 -0.102654 
615 -0.102654 
616 -0.102654 
617 -0.102654 
618 -0.102654 
619 -0.102654 
620 -0.102654 
621 -0.102654 
622 -0.102654 
623 -0.102654 
624 -0.102654 
625 -0.102654 
626 -0.102654 
627 -0.102654 
628 -0.102654 
629 -0.102654 
630 -0.102654 
631 -0.102654 
632 -0.102654 
633 -0.102654 
634 -0.102654 
635 0.418950 
636 0.418950 
637 0.418950 
638 0.418950 
639 0.418950 
640 0.418950 
641 0.192155 
642 0.192155 
643 -0.494344 
644 -0.494344 
645 -0.494344 
646 -0.494344 
647 -0.404437 
648 -0.404437 
649 -0.404437 
650 -0.404437 
651 -0.404437 
652 -0.483281 
653 -0.483281 
654 -0.483281 
655 0.012579 
656 0.012579 
657 0.300972 
658 0.300972 
659 0.300972 
660 0.300972 
661 0.300972 
662 0.300972 
663 -0.182930 
664 -0.182930 
665 -0.182930 
666 -0.182930 
667 0.220528 
668 0.220528 
669 0.220528 
670 0.220528 
671 0.493259 
672 0.493259 
673 0.493259 
674 0.493259 
675 -0.100580 
676 -0.100580 
677 -0.100580 
678 -0.100580 
679 -0.001836 
680 -0.001836 
681 -0.063979 
682 -0.063979 
683 -0.063979 
684 -0.063979 
685 0.418950 
686 0.131360 
687 -0.494344 
688 -0.494344 
689 -0.494344 
690 -0.494344 
691 -0.494344 
692 -0.494344 
693 -0.233933 
694 -0.233933 
695 -0.233933 
696 -0.233933 
697 -0.233933 
698 -0.067584 
699 -0.067584 
700 -0.067584 
701 -0.067584 
702 0.134088 
703 0.134088 
704 0.134088 
705 0.134088 
706 0.283604 
707 0.283604 
708 0.283604 
709 0.283604 
710 0.283604 
711 -0.494344 
712 0.131360 
713 0.131360 
714 -0.168141 
715 0.131360 
716 0.131360 
717 0.131360 
718 -0.001836 
719 -0.001836 
720 -0.001836 
721 -0.001836 
722 -0.001836 
723 -0.001836 
724 0.126443 
725 0.126443 
726 0.126443 
727 0.126443 
728 0.126443 
729 0.126443 
730 0.126443 
731 0.454036 
732 0.454036 
733 0.454036 
734 0.454036 
735 0.454036 
736 0.454036 
737 -0.006025 
738 -0.006025 
739 -0.006025 
740 -0.006025 
741 -0.212909 
742 -0.212909 
743 -0.212909 
744 -0.001836 
745 0.131360 
746 0.131360 
747 0.131360 
748 0.131360 
749 0.131360 
750 0.131360 
751 -0.094511 
752 -0.094511 
753 -0.094511 
754 0.131360 
755 0.131360 
756 -0.203564 
757 -0.203564 
758 -0.203564 
759 -0.203564 
760 -0.203564 
761 -0.203564 
762 0.123821 
763 0.123821 
764 0.123821 
765 0.123821 
766 0.123821 
767 0.123821 
768 -0.460206 
769 -0.460206 
770 -0.460206 
771 -0.027144 
772 -0.027144 
773 -0.027144 
774 -0.027144 
775 0.128036 
776 0.128036 
777 0.128036 
778 0.128036 
779 0.063165 
780 0.063165 
781 0.063165 
782 0.063165 
783 -0.142943 
784 -0.142943 
785 -0.142943 
786 -0.142943 
787 0.039538 
788 0.039538 
789 0.039538 
790 0.039538 
791 0.100685 
792 0.100685 
793 0.100685 
794 0.100685 
795 0.451189 
796 0.451189 
797 0.451189 
798 0.451189 
799 0.451189 
800 0.399666 
801 0.399666 
802 0.402324 
803 0.402324 
804 0.402324 
805 0.402324 
806 0.402324 
807 0.402324 
808 -0.389087 
809 -0.389087 
810 -0.389087 
811 -0.203564 
812 0.023656 
813 0.023656 
814 0.023656 
815 0.023656 
816 0.023656 
817 0.023656 
818 0.023656 
819 0.023656 
820 -0.461640 
821 -0.461640 
822 0.023656 
823 0.023656 
824 0.023656 
825 0.023656 
826 0.023656 
827 0.023656 
828 0.023656 
829 0.023656 
830 0.023656 
831 0.023656 
832 0.023656 
833 0.023656 
834 0.023656 
835 0.023656 
836 0.023656 
837 0.023656 
838 0.023656 
839 0.023656 
840 0.023656 
841 0.023656 
842 0.023656 
843 0.283134 
844 0.283134 
845 0.283134 
846 0.283134 
847 0.283134 
848 0.283134 
849 -0.045220 
850 -0.045220 
851 -0.045220 
852 -0.045220 
853 -0.415158 
854 -0.415158 
855 -0.415158 
856 -0.415158 
857 -0.070083 
858 -0.070083 
859 -0.070083 
860 -0.070083 
861 -0.070083 
862 0.023656 
863 0.131360 
864 0.131360 
865 0.131360 
866 0.131360 
867 0.131360 
868 0.210192 
869 -0.477093 
870 -0.489492 
871 0.131360 
872 -0.292675 
873 -0.292675 
874 -0.292675 
875 -0.292675 
876 -0.292675 
877 -0.292675 
878 0.454440 
879 0.454440 
880 0.454440 
881 0.454440 
882 -0.292675 
883 -0.292675 
884 -0.292675 
885 -0.292675 
886 0.498461 
887 0.498461 
888 0.498461 
889 0.498461 
890 0.498461 
891 0.498461 
892 0.224307 
893 0.224307 
894 0.224307 
895 0.224307 
896 0.380836 
897 0.380836 
898 0.380836 
899 0.380836 
900 0.042888 
901 0.042888 
902 0.042888 
903 0.042888 
904 0.134591 
905 0.134591 
906 0.134591 
907 0.134591 
908 0.245176 
909 0.245176 
910 0.245176 
911 0.245176 
912 0.245176 
913 0.245176 
914 0.245176 
915 0.016919 
916 0.016919 
917 0.016919 
918 0.016919 
919 0.244775 
920 0.244775 
921 0.244775 
922 0.244775 
923 -0.170401 
924 -0.170401 
925 -0.170401 
926 -0.170401 
927 -0.071922 
928 -0.071922 
929 -0.071922 
930 -0.292675 
931 0.131360 
932 0.131360 
933 -0.461260 
934 -0.461260 
935 -0.461260 
936 -0.461260 
937 -0.461260 
938 -0.461260 
939 -0.286104 
940 -0.286104 
941 -0.417365 
942 -0.417365 
943 -0.417365 
944 -0.417365 
945 0.099019 
946 0.099019 
947 0.099019 
948 0.099019 
949 0.099019 
950 0.099019 
951 0.082171 
952 0.082171 
953 0.082171 
954 0.082171 
955 -0.456584 
956 -0.456584 
957 -0.456584 
958 -0.456584 
959 -0.045034 
960 -0.045034 
961 -0.045034 
962 -0.045034 
963 -0.479294 
964 -0.479294 
965 -0.479294 
966 -0.479294 
967 -0.185909 
968 -0.185909 
969 -0.185909 
970 -0.185909 
971 -0.436105 
972 -0.436105 
973 -0.436105 
974 -0.436105 
975 -0.148117 
976 -0.148117 
977 -0.181969 
978 -0.181969 
979 -0.181969 
980 -0.181969 
981 -0.181969 
982 -0.181969 
983 -0.181969 
984 -0.461260 
985 -0.399082 
986 -0.399082 
987 -0.399082 
988 -0.399082 
989 -0.399082 
990 -0.399082 
991 0.276198 
992 0.276198 
993 0.276198 
994 0.276198 
995 0.276198 
996 0.233915 
997 0.233915 
998 0.233915 
999 0.233915 
1000 0.231164 
1001 0.231164 
1002 0.231164 
1003 0.231164 
1004 0.444717 
1005 0.444717 
1006 0.444717 
1007 0.444717 
1008 0.079532 
1009 0.079532 
1010 0.079532 
1011 0.079532 
1012 -0.184401 
1013 -0.184401 
1014 -0.184401 
1015 -0.184401 
1016 -0.095994 
1017 -0.095994 
1018 -0.095994 
1019 -0.095994 
1020 0.453543 
1021 0.453543 
1022 0.453543 
1023 0.453543 
1024 0.400479 
1025 0.400479 
1026 0.400479 
1027 0.400479 
1028 0.162293 
1029 0.162293 
1030 0.162293 
1031 0.162293 
1032 0.140867 
1033 0.140867 
1034 0.140867 
1035 0.140867 
1036 0.140867 
1037 -0.399082 
1038 0.385936 
1039 0.385936 
1040 0.385936 
1041 0.385936 
1042 0.385936 
1043 0.385936 
1044 -0.141276 
1045 -0.141276 
1046 -0.141276 
1047 -0.339955 
1048 -0.339955 
1049 -0.339955 
1050 -0.339955 
1051 -0.339955 
1052 -0.339955 
1053 -0.161801 
1054 -0.161801 
1055 -0.161801 
1056 -0.161801 
1057 -0.440365 
1058 -0.440365 
1059 0.450259 
1060 0.450259 
1061 0.450259 
1062 0.450259 
1063 0.450259 
1064 0.450259 
1065 -0.437831 
1066 -0.437831 
1067 -0.437831 
1068 -0.437831 
1069 0.247818 
1070 0.247818 
1071 0.247818 
1072 0.247818 
1073 -0.299213 
1074 -0.299213 
1075 -0.299213 
1076 -0.299213 
1077 0.118019 
1078 0.118019 
1079 0.118019 
1080 0.118019 
1081 0.118019 
1082 -0.337638 
1083 -0.337638 
1084 -0.337638 
1085 0.065521 
1086 0.065521 
1087 0.065521 
1088 0.385936 
1089 0.131360 
1090 0.131360 
1091 -0.043917 
1092 -0.043917 
1093 -0.043917 
1094 -0.043917 
1095 -0.043917 
1096 -0.043917 
1097 -0.359843 
1098 -0.359843 
1099 -0.359843 
1100 -0.359843 
1101 -0.359843 
1102 0.117405 
1103 0.117405 
1104 0.117405 
1105 0.117405 
1106 -0.389087 
1107 -0.389087 
1108 -0.389087 
1109 -0.389087 
1110 0.430056 
1111 0.430056 
1112 0.430056 
1113 0.430056 
1114 -0.487674 
1115 -0.487674 
1116 0.353463 
1117 0.353463 
1118 0.353463 
1119 0.353463 
1120 0.353463 
1121 0.353463 
1122 0.353463 
1123 -0.168141 
1124 -0.168141 
1125 -0.168141 
1126 -0.168141 
1127 0.157720 
1128 0.157720 
1129 0.157720 
1130 0.157720 
1131 -0.337638 
1132 -0.337638 
1133 -0.337638 
1134 -0.337638 
1135 -0.337638 
1136 -0.043917 
1137 0.098042 
1138 0.098042 
1139 0.098042 
1140 0.098042 
1141 0.098042 
1142 0.098042 
1143 -0.359843 
1144 -0.359843 
1145 -0.359843 
1146 -0.359843 
1147 -0.032436 
1148 -0.032436 
1149 -0.032436 
1150 -0.032436 
1151 -0.010049 
1152 -0.010049 
1153 -0.010049 
1154 -0.010049 
1155 -0.268140 
1156 -0.268140 
1157 -0.268140 
1158 -0.268140 
1159 -0.325688 
1160 -0.325688 
1161 -0.325688 
1162 -0.325688 
1163 0.160338 
1164 0.160338 
1165 0.160338 
1166 0.160338 
1167 0.123717 
1168 0.123717 
1169 0.123717 
1170 0.123717 
1171 -0.422800 
1172 -0.422800 
1173 -0.422800 
1174 -0.422800 
1175 -0.043369 
1176 -0.043369 
1177 -0.043369 
1178 -0.043369 
1179 -0.043369 
1180 -0.043369 
1181 -0.398079 
1182 -0.398079 
1183 -0.398079 
1184 -0.398079 
1185 -0.398079 
1186 0.114092 
1187 0.098042 
1188 -0.272576 
1189 -0.272576 
1190 -0.272576 
1191 -0.272576 
1192 -0.272576 
1193 -0.272576 
1194 0.022623 
1195 0.022623 
1196 0.022623 
1197 0.022623 
1198 0.022623 
1199 0.022623 
1200 0.154315 
1201 0.154315 
1202 0.154315 
1203 0.154315 
1204 -0.069800 
1205 -0.069800 
1206 -0.069800 
1207 -0.069800 
1208 0.346920 
1209 0.346920 
1210 0.346920 
1211 0.346920 
1212 0.187375 
1213 0.187375 
1214 0.187375 
1215 0.187375 
1216 -0.461260 
1217 -0.461260 
1218 0.061093 
1219 0.061093 
1220 0.061093 
1221 0.061093 
1222 0.061093 
1223 0.061093 
1224 0.356882 
1225 0.356882 
1226 0.356882 
1227 0.356882 
1228 0.226160 
1229 0.226160 
1230 0.226160 
1231 0.226160 
1232 0.465879 
1233 0.465879 
1234 0.465879 
1235 0.465879 
1236 -0.186480 
1237 -0.186480 
1238 -0.186480 
1239 -0.272576 
1240 -0.203564 
1241 -0.203564 
1242 -0.203564 
1243 -0.203564 
1244 -0.203564 
1245 -0.203564 
1246 -0.203564 
1247 0.228788 
1248 0.228788 
1249 0.228788 
1250 0.228788 
1251 0.228788 
1252 0.228788 
1253 0.332451 
1254 0.332451 
1255 0.332451 
1256 0.332451 
1257 0.332451 
1258 0.332451 
1259 0.097193 
1260 0.097193 
1261 0.097193 
1262 0.097193 
1263 -0.145606 
1264 -0.145606 
1265 -0.145606 
1266 -0.145606 
1267 0.285411 
1268 0.285411 
1269 0.285411 
1270 0.285411 
1271 -0.208120 
1272 -0.208120 
1273 -0.208120 
1274 -0.208120 
1275 -0.024944 
1276 -0.024944 
1277 -0.024944 
1278 -0.024944 
1279 -0.024944 
1280 -0.024944 
1281 -0.424665 
1282 -0.424665 
1283 -0.424665 
1284 -0.424665 
1285 -0.258935 
1286 -0.258935 
1287 -0.258935 
1288 -0.258935 
1289 -0.258935 
1290 -0.258935 
1291 -0.203564 
1292 -0.319402 
1293 -0.319402 
1294 -0.319402 
1295 -0.319402 
1296 -0.319402 
1297 -0.319402 
1298 0.394694 
1299 0.394694 
1300 0.394694 
1301 0.394694 
1302 -0.443872 
1303 -0.443872 
1304 -0.443872 
1305 -0.443872 
1306 0.436595 
1307 0.436595 
1308 0.436595 
1309 0.436595 
1310 0.152315 
1311 0.152315 
1312 0.152315 
1313 0.152315 
1314 -0.263952 
1315 -0.263952 
1316 -0.263952 
1317 -0.263952 
1318 0.388228 
1319 0.388228 
1320 0.356642 
1321 0.356642 
1322 0.356642 
1323 0.356642 
1324 0.356642 
1325 0.356642 
1326 0.476168 
1327 0.476168 
1328 0.476168 
1329 0.476168 
1330 -0.245069 
1331 -0.245069 
1332 -0.245069 
1333 -0.245069 
1334 -0.455579 
1335 -0.455579 
1336 -0.455579 
1337 -0.455579 
1338 -0.455579 
1339 -0.374731 
1340 -0.374731 
1341 -0.374731 
1342 -0.374731 
1343 -0.019460 
1344 -0.019460 
1345 -0.019460 
1346 -0.319402 
1347 -0.210344 
1348 -0.210344 
1349 -0.210344 
1350 -0.210344 
1351 -0.210344 
1352 -0.210344 
1353 -0.217804 
1354 -0.217804 
1355 -0.102578 
1356 -0.102578 
1357 -0.102578 
1358 -0.102578 
1359 -0.102578 
1360 -0.102578 
1361 0.073842 
1362 0.073842 
1363 0.073842 
1364 0.073842 
1365 0.243528 
1366 0.243528 
1367 0.243528 
1368 0.243528 
1369 0.411093 
1370 0.411093 
1371 0.411093 
1372 0.411093 
1373 -0.317282 
1374 -0.317282 
1375 -0.210344 
1376 -0.210344 
1377 -0.210344 
1378 -0.210344 
1379 -0.210344 
1380 -0.210344 
1381 -0.210344 
1382 -0.210344 
1383 -0.210344 
1384 -0.210344 
1385 -0.210344 
1386 -0.210344 
1387 -0.210344 
1388 -0.210344 
1389 -0.473079 
1390 -0.473079 
1391 -0.473079 
1392 -0.473079 
1393 -0.473079 
1394 -0.473079 
1395 -0.473079 
1396 -0.473079 
1397 -0.210344 
1398 -0.069188 
1399 -0.069188 
1400 -0.069188 
1401 -0.069188 
1402 -0.069188 
1403 -0.069188 
1404 -0.299517 
1405 -0.299517 
1406 -0.414801 
1407 -0.414801 
1408 -0.414801 
1409 -0.414801 
1410 0.490800 
1411 0.490800 
1412 0.490800 
1413 0.490800 
1414 0.122391 
1415 0.122391 
1416 0.122391 
1417 0.122391 
1418 0.297815 
1419 0.297815 
1420 0.297815 
1421 0.297815 
1422 0.285688 
1423 0.285688 
1424 -0.090469 
1425 -0.090469 
1426 -0.090469 
1427 -0.090469 
1428 -0.090469 
1429 -0.090469 
1430 -0.118237 
1431 -0.118237 
1432 -0.118237 
1433 -0.118237 
1434 0.205063 
1435 0.205063 
1436 0.205063 
1437 0.205063 
1438 -0.453287 
1439 -0.453287 
1440 -0.453287 
1441 -0.453287 
1442 0.040602 
1443 0.040602 
1444 0.040602 
1445 0.040602 
1446 -0.481470 
1447 -0.481470 
1448 -0.481470 
1449 -0.481470 
1450 -0.481470 
1451 -0.069188 
1452 0.196302 
1453 0.196302 
1454 0.196302 
1455 0.196302 
1456 0.196302 
1457 0.196302 
1458 -0.367080 
1459 -0.367080 
1460 -0.367080 
1461 -0.367080 
1462 0.380875 
1463 0.380875 
1464 0.380875 
1465 -0.132452 
1466 -0.132452 
1467 -0.132452 
1468 -0.132452 
1469 -0.249444 
1470 -0.249444 
1471 -0.249444 
1472 -0.249444 
1473 -0.177691 
1474 -0.177691 
1475 -0.177691 
1476 -0.177691 
1477 -0.189838 
1478 -0.189838 
1479 -0.189838 
1480 -0.189838 
1481 -0.144426 
1482 -0.144426 
1483 -0.144426 
1484 -0.144426 
1485 -0.434241 
1486 -0.434241 
1487 -0.434241 
1488 -0.434241 
1489 0.323361 
1490 0.323361 
1491 0.323361 
1492 0.323361 
1493 0.323361 
1494 0.323361 
1495 0.323361 
1496 -0.383953 
1497 -0.383953 
1498 0.442229 
1499 0.442229 
1500 0.442229 
1501 0.442229 
1502 0.442229 
1503 0.196302 
1504 0.418933 
1505 0.418933 
1506 0.418933 
1507 0.418933 
1508 0.418933 
1509 0.418933 
1510 0.147470 
1511 0.147470 
1512 0.147470 
1513 0.147470 
1514 0.413556 
1515 0.413556 
1516 0.413556 
1517 0.413556 
1518 -0.410405 
1519 -0.410405 
1520 -0.410405 
1521 -0.410405 
1522 -0.493746 
1523 -0.493746 
1524 -0.493746 
1525 -0.493746 
1526 -0.178036 
1527 -0.178036 
1528 -0.178036 
1529 -0.178036 
1530 -0.178036 
1531 -0.178036 
1532 -0.265623 
1533 -0.265623 
1534 -0.265623 
1535 -0.265623 
1536 -0.073128 
1537 -0.073128 
1538 -0.073128 
1539 -0.073128 
1540 0.302685 
1541 0.302685 
1542 0.302685 
1543 0.302685 
1544 0.272996 
1545 0.272996 
1546 0.164138 
1547 0.164138 
1548 0.164138 
1549 0.164138 
1550 0.164138 
1551 0.164138 
1552 -0.287757 
1553 -0.287757 
1554 -0.287757 
1555 -0.287757 
1556 -0.340395 
1557 -0.340395 
1558 0.471006 
1559 0.471006 
1560 0.471006 
1561 0.471006 
1562 0.471006 
1563 0.471006 
1564 0.471006 
1565 -0.103464 
1566 -0.103464 
1567 -0.103464 
1568 -0.103464 
1569 0.327910 
1570 0.327910 
1571 0.327910 
1572 0.327910 
1573 0.327910 
1574 0.418933 
1575 -0.466692 
1576 -0.466692 
1577 -0.466692 
1578 -0.466692 
1579 -0.466692 
1580 -0.466692 
1581 0.122562 
1582 0.122562 
1583 0.122562 
1584 0.122562 
1585 0.122562 
1586 0.122562 
1587 -0.368647 
1588 -0.368647 
1589 -0.368647 
1590 -0.368647 
1591 0.216146 
1592 0.216146 
1593 0.216146 
1594 0.216146 
1595 0.216146 
1596 -0.285102 
1597 -0.285102 
1598 -0.285102 
1599 -0.428465 
1600 -0.428465 
1601 -0.428465 
1602 -0.428465 
1603 0.497523 
1604 0.497523 
1605 0.497523 
1606 0.497523 
1607 0.251005 
1608 0.251005 
1609 0.251005 
1610 0.251005 
1611 -0.395209 
1612 -0.395209 
1613 -0.395209 
1614 -0.395209 
1615 -0.006009 
1616 -0.006009 
1617 -0.006009 
1618 -0.006009 
1619 0.033547 
1620 0.033547 
1621 0.033547 
1622 0.033547 
1623 0.495991 
1624 0.495991 
1625 0.495991 
1626 0.495991 
1627 0.495991 
1628 0.495991 
1629 0.495991 
1630 -0.466692 
1631 0.022623 
1632 0.022623 
1633 0.022623 
1634 0.022623 
1635 0.022623 
1636 0.022623 
1637 -0.272576 
1638 -0.272576 
1639 -0.272576 
1640 -0.272576 
1641 -0.272576 
1642 0.196302 
1643 0.196302 
1644 0.196302 
1645 0.196302 
1646 -0.319402 
1647 -0.319402 
1648 -0.319402 
1649 -0.319402 
1650 0.153102 
1651 0.153102 
1652 0.153102 
1653 0.153102 
1654 -0.284014 
1655 -0.284014 
1656 -0.451406 
1657 -0.451406 
1658 -0.451406 
1659 -0.451406 
1660 -0.451406 
1661 -0.451406 
1662 -0.451406 
1663 0.063265 
1664 0.063265 
1665 0.063265 
1666 0.063265 
1667 0.063265 
1668 -0.102654 
1669 -0.102654 
1670 -0.102654 
1671 -0.102654 
1672 -0.076184 
1673 -0.076184 
1674 -0.076184 
1675 -0.076184 
1676 -0.147374 
1677 -0.147374 
1678 -0.147374 
1679 -0.147374 
1680 -0.147374 
1681 0.022623 
1682 0.154315 
1683 0.154315 
1684 0.154315 
1685 0.154315 
1686 0.154315 
1687 0.154315 
1688 -0.094511 
1689 -0.094511 
1690 -0.094511 
1691 -0.094511 
1692 -0.094511 
1693 -0.299517 
1694 -0.299517 
1695 -0.299517 
1696 -0.299517 
1697 -0.299517 
1698 0.174901 
1699 0.174901 
1700 0.174901 
1701 -0.129428 
1702 -0.129428 
1703 -0.129428 
1704 -0.129428 
1705 0.236191 
1706 0.236191 
1707 0.236191 
1708 0.236191 
1709 -0.346702 
1710 -0.346702 
1711 -0.346702 
1712 -0.346702 
1713 -0.352650 
1714 -0.352650 
1715 -0.352650 
1716 -0.352650 
1717 -0.042893 
1718 -0.042893 
1719 -0.042893 
1720 -0.042893 
1721 -0.405986 
1722 -0.405986 
1723 -0.405986 
1724 -0.405986 
1725 -0.405986 
1726 -0.405986 
1727 0.168284 
1728 0.168284 
1729 0.168284 
1730 0.168284 
1731 0.168284 
1732 0.154315 
1733 0.434571 
1734 0.434571 
1735 0.434571 
1736 0.434571 
1737 0.434571 
1738 0.434571 
1739 -0.328311 
1740 -0.328311 
1741 -0.328311 
1742 -0.328311 
1743 -0.328311 
1744 -0.495481 
1745 -0.495481 
1746 -0.495481 
1747 -0.495481 
1748 -0.082928 
1749 -0.082928 
1750 -0.082928 
1751 -0.082928 
1752 0.381742 
1753 0.381742 
1754 0.381742 
1755 0.381742 
1756 0.460218 
1757 0.460218 
1758 0.460218 
1759 0.460218 
1760 0.063116 
1761 0.063116 
1762 0.063116 
1763 0.063116 
1764 0.063116 
1765 0.403296 
1766 0.403296 
1767 0.403296 
1768 0.403296 
1769 0.055829 
1770 0.055829 
1771 0.055829 
1772 0.055829 
1773 -0.492030 
1774 -0.492030 
1775 -0.492030 
1776 -0.492030 
1777 -0.276555 
1778 -0.276555 
1779 0.202118 
1780 0.202118 
1781 0.202118 
1782 0.202118 
1783 0.202118 
1784 0.434571 
1785 0.134829 
1786 0.134829 
1787 0.134829 
1788 0.134829 
1789 0.134829 
1790 0.134829 
1791 -0.217039 
1792 -0.217039 
1793 -0.120773 
1794 -0.120773 
1795 -0.120773 
1796 -0.120773 
1797 -0.451549 
1798 -0.451549 
1799 -0.451549 
1800 0.166524 
1801 0.166524 
1802 0.166524 
1803 0.006694 
1804 0.006694 
1805 0.006694 
1806 0.006694 
1807 0.399792 
1808 0.399792 
1809 0.399792 
1810 0.399792 
1811 0.351930 
1812 0.351930 
1813 0.351930 
1814 0.351930 
1815 -0.078769 
1816 -0.078769 
1817 -0.078769 
1818 -0.078769 
1819 -0.389124 
1820 -0.389124 
1821 -0.389124 
1822 -0.389124 
1823 -0.389124 
1824 -0.389124 
1825 0.285451 
1826 0.285451 
1827 0.285451 
1828 0.285451 
1829 0.193245 
1830 0.193245 
1831 0.193245 
1832 0.414885 
1833 0.414885 
1834 0.414885 
1835 0.218000 
1836 0.218000 
1837 0.218000 
1838 0.218000 
1839 0.325224 
1840 0.325224 
1841 0.325224 
1842 0.325224 
1843 -0.352954 
1844 -0.352954 
1845 -0.352954 
1846 -0.352954 
1847 -0.352954 
1848 0.134829 
1849 0.033298 
1850 0.033298 
1851 0.033298 
1852 0.033298 
1853 0.033298 
1854 0.033298 
1855 0.430056 
1856 0.067167 
1857 0.067167 
1858 0.067167 
1859 0.067167 
1860 -0.385280 
1861 -0.385280 
1862 -0.385280 
1863 -0.385280 
1864 0.033298 
1865 0.033298 
1866 0.033298 
1867 -0.313195 
1868 0.033298 
1869 0.033298 
1870 0.033298 
1871 0.033298 
1872 0.170201 
1873 0.170201 
1874 0.170201 
1875 0.170201 
1876 0.170201 
1877 0.170201 
1878 0.172292 
1879 0.172292 
1880 0.172292 
1881 0.172292 
1882 -0.267034 
1883 -0.267034 
1884 -0.267034 
1885 -0.267034 
1886 -0.175779 
1887 -0.175779 
1888 -0.175779 
1889 -0.175779 
1890 0.369865 
1891 0.369865 
1892 0.369865 
1893 0.369865 
1894 -0.403335 
1895 -0.403335 
1896 -0.296511 
1897 -0.296511 
1898 -0.296511 
1899 -0.296511 
1900 -0.296511 
1901 -0.296511 
1902 -0.250800 
1903 -0.250800 
1904 -0.250800 
1905 0.033298 
1906 -0.069800 
1907 -0.069800 
1908 -0.069800 
1909 -0.069800 
1910 -0.069800 
1911 -0.069800 
1912 0.297603 
1913 0.297603 
1914 0.297603 
1915 0.297603 
1916 0.297603 
1917 0.424695 
1918 0.424695 
1919 0.424695 
1920 0.424695 
1921 0.471456 
1922 0.471456 
1923 0.471456 
1924 0.471456 
1925 -0.245302 
1926 -0.245302 
1927 -0.245302 
1928 -0.245302 
1929 -0.333351 
1930 -0.333351 
1931 -0.333351 
1932 -0.333351 
1933 -0.333351 
1934 0.192155 
1935 0.192155 
1936 0.192155 
1937 -0.455579 
1938 -0.455579 
1939 -0.455579 
1940 -0.455579 
1941 -0.374731 
1942 -0.374731 
1943 -0.374731 
1944 -0.374731 
1945 -0.019460 
1946 -0.019460 
1947 -0.019460 
1948 -0.019460 
1949 -0.217804 
1950 -0.217804 
1951 -0.217804 
1952 -0.217804 
1953 0.228453 
1954 0.228453 
1955 0.228453 
1956 -0.069800 
1957 0.153102 
1958 0.153102 
1959 0.153102 
1960 0.153102 
1961 0.153102 
1962 0.153102 
1963 -0.089353 
1964 -0.071922 
1965 -0.071922 
1966 -0.361043 
1967 -0.361043 
1968 -0.361043 
1969 -0.361043 
1970 -0.361043 
1971 -0.361043 
1972 -0.395601 
1973 -0.395601 
1974 -0.395601 
1975 -0.395601 
1976 0.168822 
1977 0.168822 
1978 0.168822 
1979 0.168822 
1980 0.207400 
1981 0.207400 
1982 0.207400 
1983 0.207400 
1984 0.378150 
1985 0.378150 
1986 0.378150 
1987 0.378150 
1988 0.058098 
1989 0.058098 
1990 0.058098 
1991 0.058098 
1992 -0.046693 
1993 -0.046693 
1994 -0.046693 
1995 -0.046693 
1996 0.076312 
1997 0.076312 
1998 -0.287136 
1999 -0.287136 
2000 -0.287136 
2001 -0.287136 
2002 -0.287136 
2003 -0.287136 
2004 0.117405 
2005 0.117405 
2006 0.117405 
2007 0.153102 
2008 0.346920 
2009 0.346920 
2010 0.346920 
2011 0.346920 
2012 0.346920 
2013 0.346920 
2014 0.451388 
2015 0.451388 
2016 0.451388 
2017 0.451388 
2018 0.451388 
2019 -0.124711 
2020 -0.124711 
2021 -0.124711 
2022 -0.124711 
2023 0.322733 
2024 0.322733 
2025 0.322733 
2026 0.322733 
2027 -0.135646 
2028 -0.135646 
2029 -0.135646 
2030 -0.135646 
2031 -0.434655 
2032 -0.434655 
2033 -0.434655 
2034 -0.434655 
2035 -0.434655 
2036 0.070653 
2037 0.070653 
2038 0.070653 
2039 -0.244409 
2040 -0.244409 
2041 -0.244409 
2042 -0.244409 
2043 0.114950 
2044 0.114950 
2045 0.114950 
2046 0.114950 
2047 -0.417433 
2048 -0.417433 
2049 -0.417433 
2050 -0.417433 
2051 0.373693 
2052 0.373693 
2053 -0.487674 
2054 -0.487674 
2055 -0.487674 
2056 -0.487674 
2057 -0.487674 
2058 0.346920 
2059 -0.178424 
2060 -0.178424 
2061 -0.178424 
2062 -0.178424 
2063 -0.178424 
2064 -0.178424 
2065 -0.178424 
2066 -0.178424 
2067 -0.178424 
2068 -0.028756 
2069 -0.028756 
2070 -0.028756 
2071 -0.028756 
2072 -0.028756 
2073 -0.028756 
2074 0.459396 
2075 0.459396 
2076 0.459396 
2077 0.459396 
2078 -0.461705 
2079 -0.461705 
2080 -0.461705 
2081 -0.461705 
2082 0.361978 
2083 0.361978 
2084 0.361978 
2085 0.361978 
2086 0.288419 
2087 0.288419 
2088 0.288419 
2089 0.288419 
2090 0.184186 
2091 0.184186 
2092 0.184186 
2093 0.184186 
2094 0.262822 
2095 0.262822 
2096 0.262822 
2097 0.262822 
2098 0.376021 
2099 0.376021 
2100 0.376021 
2101 0.376021 
2102 0.376021 
2103 -0.178424 
2104 -0.178424 
2105 -0.178424 
2106 -0.178424 
2107 0.150070 
2108 0.150070 
2109 0.150070 
2110 -0.178424 
2111 -0.096720 
2112 -0.096720 
2113 -0.096720 
2114 -0.096720 
2115 -0.096720 
2116 -0.096720 
2117 -0.408871 
2118 -0.408871 
2119 -0.367954 
2120 -0.367954 
2121 -0.096720 
2122 -0.096720 
2123 -0.096720 
2124 -0.096720 
2125 -0.096720 
2126 -0.096720 
2127 -0.096720 
2128 -0.096720 
2129 -0.096720 
2130 -0.096720 
2131 0.097193 
2132 0.097193 
2133 0.097193 
2134 0.097193 
2135 0.097193 
2136 0.097193 
2137 0.097193 
2138 0.082233 
2139 0.082233 
2140 0.082233 
2141 0.082233 
2142 0.211086 
2143 0.211086 
2144 0.211086 
2145 0.211086 
2146 -0.297074 
2147 -0.297074 
2148 -0.297074 
2149 -0.297074 
2150 -0.033519 
2151 -0.033519 
2152 -0.033519 
2153 -0.033519 
2154 0.359173 
2155 0.359173 
2156 0.359173 
2157 0.359173 
2158 -0.096720 
2159 -0.096720 
2160 -0.096720 
2161 -0.096720 
2162 -0.477303 
2163 -0.477303 
2164 -0.477303 
2165 -0.477303 
2166 -0.477303 
2167 -0.477303 
2168 0.080760 
2169 0.080760 
2170 0.080760 
2171 0.080760 
2172 0.080760 
2173 0.080760 
2174 -0.477303 
2175 -0.477303 
2176 -0.477303 
2177 -0.477303 
2178 -0.477303 
2179 -0.477303 
2180 -0.477303 
2181 -0.477303 
2182 -0.477303 
2183 -0.477303 
2184 0.055273 
2185 0.055273 
2186 0.055273 
2187 0.055273 
2188 0.055273 
2189 0.055273 
2190 0.424738 
2191 0.424738 
2192 0.424738 
2193 0.424738 
2194 0.055019 
2195 0.055019 
2196 0.055019 
2197 0.055019 
2198 0.461453 
2199 0.461453 
2200 0.461453 
2201 0.461453 
2202 0.306859 
2203 0.306859 
2204 0.306859 
2205 0.306859 
2206 0.306859 
2207 -0.043369 
2208 -0.043369 
2209 0.163813 
2210 0.163813 
2211 0.163813 
2212 -0.477303 
2213 -0.399082 
2214 -0.399082 
2215 -0.399082 
2216 -0.399082 
2217 -0.399082 
2218 -0.399082 
2219 -0.256519 
2220 -0.256519 
2221 -0.256519 
2222 -0.256519 
2223 -0.256519 
2224 -0.256519 
2225 0.059939 
2226 0.059939 
2227 0.059939 
2228 0.059939 
2229 0.149498 
2230 0.149498 
2231 0.149498 
2232 0.149498 
2233 0.143498 
2234 0.143498 
2235 0.143498 
2236 0.143498 
2237 -0.145606 
2238 -0.145606 
2239 -0.145606 
2240 -0.145606 
2241 -0.145606 
2242 -0.145606 
2243 -0.145606 
2244 0.285411 
2245 0.285411 
2246 0.285411 
2247 0.285411 
2248 0.369045 
2249 0.369045 
2250 0.369045 
2251 0.369045 
2252 -0.133634 
2253 -0.133634 
2254 -0.133634 
2255 -0.133634 
2256 0.175917 
2257 0.175917 
2258 0.175917 
2259 0.175917 
2260 0.400682 
2261 0.400682 
2262 0.400682 
2263 -0.399082 
2264 0.033298 
2265 0.033298 
2266 0.033298 
2267 0.033298 
2268 0.033298 
2269 0.033298 
2270 0.298089 
2271 0.298089 
2272 0.298089 
2273 0.298089 
2274 0.298089 
2275 0.298089 
2276 -0.162912 
2277 -0.162912 
2278 -0.162912 
2279 -0.162912 
2280 0.457099 
2281 0.457099 
2282 0.457099 
2283 0.457099 
2284 -0.249258 
2285 -0.249258 
2286 -0.249258 
2287 -0.249258 
2288 0.124006 
2289 0.124006 
2290 0.124006 
2291 0.124006 
2292 -0.181740 
2293 -0.181740 
2294 -0.181740 
2295 -0.181740 
2296 -0.285932 
2297 -0.285932 
2298 -0.285932 
2299 -0.285932 
2300 0.027503 
2301 0.027503 
2302 0.027503 
2303 0.027503 
2304 0.269067 
2305 0.269067 
2306 0.269067 
2307 0.269067 
2308 0.269067 
2309 -0.324988 
2310 -0.324988 
2311 0.033298 
2312 0.033298 
2313 0.033298 
2314 0.033298 
2315 -0.043917 
2316 -0.043917 
2317 -0.043917 
2318 -0.043917 
2319 -0.043917 
2320 -0.043917 
2321 0.208606 
2322 0.208606 
2323 0.208606 
2324 0.208606 
2325 0.208606 
2326 0.208606 
2327 -0.063979 
2328 -0.063979 
2329 -0.063979 
2330 -0.063979 
2331 0.442229 
2332 0.442229 
2333 0.442229 
2334 0.442229 
2335 0.147470 
2336 0.147470 
2337 0.147470 
2338 0.147470 
2339 0.454440 
2340 0.454440 
2341 0.454440 
2342 0.454440 
2343 0.454440 
2344 -0.095507 
2345 -0.095507 
2346 -0.095507 
2347 -0.095507 
2348 -0.028896 
2349 -0.028896 
2350 -0.028896 
2351 -0.028896 
2352 0.070813 
2353 0.070813 
2354 0.070813 
2355 0.070813 
2356 0.177589 
2357 0.177589 
2358 0.177589 
2359 0.177589 
2360 -0.104064 
2361 -0.104064 
2362 -0.104064 
2363 -0.104064 
2364 -0.019860 
2365 -0.019860 
2366 -0.019860 
2367 -0.019860 
2368 0.422031 
2369 0.422031 
2370 0.422031 
2371 -0.043917 
2372 0.461084 
2373 0.461084 
2374 0.461084 
2375 0.461084 
2376 0.461084 
2377 0.461084 
2378 -0.298841 
2379 -0.298841 
2380 -0.298841 
2381 -0.298841 
2382 -0.298841 
2383 -0.298841 
2384 -0.122625 
2385 -0.122625 
2386 -0.122625 
2387 -0.122625 
2388 0.234985 
2389 0.234985 
2390 0.234985 
2391 0.234985 
2392 -0.208120 
2393 -0.208120 
2394 -0.208120 
2395 -0.208120 
2396 -0.208120 
2397 -0.208120 
2398 -0.256519 
2399 -0.256519 
2400 -0.256519 
2401 -0.256519 
2402 0.059939 
2403 0.059939 
2404 0.059939 
2405 0.059939 
2406 0.149498 
2407 0.149498 
2408 0.149498 
2409 0.149498 
2410 0.149498 
2411 -0.282072 
2412 -0.282072 
2413 -0.282072 
2414 -0.282072 
2415 0.358512 
2416 0.358512 
2417 0.358512 
2418 0.358512 
2419 -0.429126 
2420 -0.429126 
2421 -0.429126 
2422 0.461084 
2423 -0.292675 
2424 -0.292675 
2425 -0.292675 
2426 -0.292675 
2427 -0.292675 
2428 -0.292675 
2429 0.003162 
2430 0.003162 
2431 0.172673 
2432 0.172673 
2433 0.172673 
2434 0.172673 
2435 0.172673 
2436 0.172673 
2437 -0.493117 
2438 -0.493117 
2439 -0.493117 
2440 -0.493117 
2441 -0.166466 
2442 -0.166466 
2443 -0.166466 
2444 -0.166466 
2445 0.143498 
2446 0.143498 
2447 0.143498 
2448 0.143498 
2449 -0.181969 
2450 -0.181969 
2451 -0.181969 
2452 -0.181969 
2453 0.276198 
2454 0.276198 
2455 0.276198 
2456 0.276198 
2457 0.233915 
2458 0.233915 
2459 0.233915 
2460 0.233915 
2461 0.231164 
2462 0.231164 
2463 0.231164 
2464 0.231164 
2465 0.444717 
2466 0.444717 
2467 0.444717 
2468 0.444717 
2469 0.079532 
2470 0.079532 
2471 0.079532 
2472 0.079532 
2473 0.079532 
2474 -0.292675 
2475 -0.223450 
2476 -0.223450 
2477 -0.223450 
2478 -0.223450 
2479 -0.223450 
2480 -0.223450 
2481 0.114092 
2482 0.114092 
2483 0.114092 
2484 0.114092 
2485 0.114092 
2486 0.202118 
2487 0.202118 
2488 0.202118 
2489 0.202118 
2490 -0.217039 
2491 -0.217039 
2492 -0.217039 
2493 -0.217039 
2494 -0.250800 
2495 -0.250800 
2496 -0.250800 
2497 -0.250800 
2498 0.163813 
2499 0.163813 
2500 0.163813 
2501 0.163813 
2502 0.381102 
2503 0.381102 
2504 0.381102 
2505 0.381102 
2506 0.256463 
2507 0.256463 
2508 0.256463 
2509 0.256463 
2510 0.256463 
2511 -0.184401 
2512 -0.184401 
2513 -0.184401 
2514 -0.186669 
2515 -0.186669 
2516 -0.186669 
2517 -0.186669 
2518 -0.365768 
2519 -0.365768 
2520 -0.365768 
2521 -0.365768 
2522 -0.365768 
2523 -0.345070 
2524 -0.223450 
2525 -0.284014 
2526 -0.284014 
2527 -0.284014 
2528 -0.284014 
2529 -0.284014 
2530 -0.284014 
2531 0.332451 
2532 0.135572 
2533 0.135572 
2534 0.135572 
2535 0.135572 
2536 0.452716 
2537 0.452716 
2538 0.452716 
2539 0.452716 
2540 0.245326 
2541 0.245326 
2542 0.363511 
2543 0.363511 
2544 0.363511 
2545 0.363511 
2546 0.363511 
2547 0.363511 
2548 -0.000185 
2549 -0.000185 
2550 -0.000185 
2551 -0.000185 
2552 -0.491104 
2553 -0.491104 
2554 -0.491104 
2555 -0.491104 
2556 0.055788 
2557 0.055788 
2558 0.055788 
2559 0.055788 
2560 -0.007425 
2561 -0.007425 
2562 -0.007425 
2563 -0.007425 
2564 0.497508 
2565 0.497508 
2566 0.497508 
2567 0.497508 
2568 -0.061934 
2569 -0.061934 
2570 -0.061934 
2571 -0.061934 
2572 -0.402826 
2573 -0.402826 
2574 -0.402826 
2575 -0.284014 
2576 -0.123306 
2577 -0.123306 
2578 -0.123306 
2579 -0.123306 
2580 -0.123306 
2581 -0.123306 
2582 0.335742 
2583 0.335742 
2584 0.335742 
2585 0.335742 
2586 0.335742 
2587 0.067291 
2588 0.067291 
2589 0.067291 
2590 0.067291 
2591 0.261931 
2592 0.261931 
2593 0.261931 
2594 0.261931 
2595 -0.487427 
2596 -0.487427 
2597 -0.487427 
2598 -0.487427 
2599 0.498048 
2600 0.498048 
2601 0.498048 
2602 0.498048 
2603 0.462766 
2604 0.462766 
2605 0.462766 
2606 0.462766 
2607 -0.256310 
2608 -0.256310 
2609 -0.256310 
2610 -0.256310 
2611 -0.451406 
2612 -0.451406 
2613 -0.451406 
2614 -0.451406 
2615 -0.451406 
2616 -0.451406 
2617 -0.296511 
2618 -0.296511 
2619 -0.296511 
2620 -0.296511 
2621 0.297603 
2622 0.297603 
2623 0.297603 
2624 0.297603 
2625 0.297603 
2626 -0.123306 
2627 0.187375 
2628 0.187375 
2629 0.187375 
2630 0.187375 
2631 0.187375 
2632 0.187375 
2633 0.424695 
2634 0.424695 
2635 0.424695 
2636 0.424695 
2637 0.424695 
2638 0.471456 
2639 0.471456 
2640 0.471456 
2641 0.471456 
2642 -0.245302 
2643 -0.245302 
2644 -0.245302 
2645 -0.245302 
2646 -0.333351 
2647 -0.333351 
2648 -0.333351 
2649 -0.333351 
2650 -0.277238 
2651 -0.277238 
2652 -0.277238 
2653 -0.277238 
2654 0.455904 
2655 0.455904 
2656 0.455904 
2657 0.455904 
2658 0.138445 
2659 0.138445 
2660 0.138445 
2661 0.138445 
2662 -0.064517 
2663 -0.064517 
2664 -0.064517 
2665 -0.064517 
2666 0.238495 
2667 0.238495 
2668 0.238495 
2669 0.238495 
2670 -0.369667 
2671 -0.369667 
2672 -0.225038 
2673 -0.225038 
2674 -0.225038 
2675 -0.225038 
2676 -0.225038 
2677 0.187375 
2678 0.461084 
2679 0.461084 
2680 0.461084 
2681 0.461084 
2682 0.461084 
2683 0.461084 
2684 -0.028756 
2685 -0.028756 
2686 -0.028756 
2687 -0.028756 
2688 -0.028756 
2689 0.459396 
2690 0.459396 
2691 0.459396 
2692 0.459396 
2693 -0.461705 
2694 -0.461705 
2695 -0.461705 
2696 -0.461705 
2697 0.361978 
2698 0.361978 
2699 0.361978 
2700 0.361978 
2701 0.288419 
2702 0.288419 
2703 0.288419 
2704 0.288419 
2705 0.184186 
2706 0.184186 
2707 0.184186 
2708 0.184186 
2709 0.262822 
2710 0.262822 
2711 0.262822 
2712 0.262822 
2713 0.376021 
2714 0.376021 
2715 0.376021 
2716 0.376021 
2717 0.382120 
2718 0.382120 
2719 0.254619 
2720 0.254619 
2721 0.254619 
2722 0.254619 
2723 0.254619 
2724 0.254619 
2725 0.407844 
2726 0.407844 
2727 -0.442298 
2728 -0.442298 
2729 -0.442298 
2730 0.461084 
2731 -0.166466 
2732 -0.166466 
2733 -0.166466 
2734 -0.166466 
2735 -0.166466 
2736 -0.166466 
2737 -0.166466 
2738 -0.166466 
2739 -0.225098 
2740 -0.225098 
2741 -0.225098 
2742 -0.225098 
2743 -0.225098 
2744 -0.225098 
2745 -0.487937 
2746 -0.487937 
2747 0.172673 
2748 0.172673 
2749 0.172673 
2750 0.172673 
2751 0.172673 
2752 -0.490738 
2753 -0.490738 
2754 0.031406 
2755 0.031406 
2756 -0.041402 
2757 -0.041402 
2758 -0.161801 
2759 -0.496012 
2760 -0.496012 
2761 -0.440365 
2762 0.293317 
2763 -0.225098 
2764 -0.089311 
2765 -0.089311 
2766 0.282511 
2767 0.282511 
2768 -0.214737 
2769 0.472007 
2770 -0.449194 
2771 -0.449194 
2772 0.340626 
2773 0.340626 
2774 -0.108878 
2775 -0.108878 
2776 0.041054 
2777 0.041054 
2778 0.101716 
2779 0.101716 
2780 -0.237954 
2781 -0.341954 
2782 -0.341954 
2783 0.110499 
2784 0.110499 
2785 -0.481773 
2786 -0.481773 
2787 -0.187266 
2788 -0.187266 
2789 -0.425118 
2790 0.094423 
2791 0.094423 
2792 0.042888 
2793 0.042888 
2794 0.042888 
2795 0.042888 
2796 0.042888 
2797 0.042888 
2798 0.042888 
2799 0.042888 
2800 0.042888 
2801 0.042888 
2802 0.042888 
2803 0.042888 
2804 0.042888 
2805 0.042888 
2806 0.042888 
2807 0.042888 
2808 0.042888 
2809 0.042888 
2810 0.042888 
2811 0.042888 
2812 0.042888 
2813 0.042888 
2814 0.042888 
2815 0.042888 
2816 0.131360 
2817 0.131360 
2818 -0.027274 
2819 -0.038666 
2820 0.353463 
2821 0.353463 
2822 0.353463 
2823 0.353463 
2824 0.353463 
2825 0.353463 
2826 0.353463 
2827 0.353463 
2828 -0.414697 
2829 -0.398079 
2830 -0.398079 
2831 -0.398079 
2832 -0.398079 
2833 -0.398079 
2834 -0.398079 
2835 -0.398079 
2836 0.380875 
2837 0.139375 
2838 0.139375 
2839 -0.398079 
2840 0.471006 
2841 -0.414697 
2842 -0.414697 
2843 -0.414697 
2844 -0.414697 
2845 -0.414697 
2846 -0.414697 
2847 -0.166947 
2848 -0.343070 
2849 0.480037 
2850 0.237249 
2851 -0.236024 
2852 -0.006611 
2853 0.439419 
2854 0.048812 
2855 0.077946 
2856 0.444412 
2857 -0.165298 
2858 -0.106072 
2859 -0.379931 
2860 -0.455760 
2861 0.023656 
2862 -0.210344 
2863 0.434571 
2864 -0.178424 
2865 -0.304128 
2866 0.392106 
2867 -0.208664 
2868 -0.428671 
2869 -0.076184 
2870 -0.147374 
2871 -0.094511 
2872 -0.299517 
2873 -0.351494 
2874 0.192155 
2875 -0.455579 
2876 -0.374731 
2877 -0.019460 
2878 -0.217804 
2879 -0.071922 
2880 -0.367954 
2881 0.300972 
2882 -0.182930 
2883 0.220528 
2884 0.381495 
2885 0.436624 
2886 0.134591 
2887 0.368893 
2888 0.353463 
2889 -0.470397 
2890 0.134591 
2891 0.134591 
2892 -0.325299 
2893 -0.033554 
2894 -0.344890 
2895 -0.415788 
2896 0.341112 
2897 0.177196 
2898 -0.200119 
2899 0.442669 
2900 0.436624 
2901 0.381495 
2902 0.063629 
2903 -0.105572 
2904 -0.248761 
2905 0.175080 
2906 -0.413703 
2907 -0.165298 
2908 -0.096720 
2909 -0.103464 
2910 0.356642 
2911 -0.280586 
2912 -0.149208 
2913 -0.149208 
2914 -0.352073 
2915 0.037665 
2916 -0.352073 
2917 0.247033 
2918 0.247033 
2919 0.371057 
2920 -0.352073 
2921 -0.074495 
2922 0.459717 
2923 -0.352073 
2924 0.383261 
2925 -0.245069 
2926 -0.096720 
2927 -0.096720 
2928 -0.096720 
2929 -0.276555 
2930 -0.096720 
2931 -0.165298 
2932 -0.096720 
2933 -0.165298 
2934 -0.165298 
2935 0.493259 
2936 -0.096720 
2937 0.327910 
2938 -0.474963 
2939 -0.474963 
2940 -0.474963 
2941 -0.474963 
2942 -0.474963 
2943 -0.474963 
2944 0.122562 
2945 -0.245069 
2946 -0.165298 
2947 0.493259 
2948 0.493259 
2949 -0.368647 
2950 0.493259 
2951 -0.096720 
2952 -0.096720 
2953 0.216146 
2954 0.493259 
2955 0.493259 
2956 0.403296 
2957 0.055829 
2958 -0.286009 
2959 0.493259 
2960 -0.165298 
2961 -0.286009 
2962 -0.245069 
2963 0.023969 
2964 -0.466692 
2965 -0.466692 
2966 -0.466692 
2967 -0.466692 
2968 -0.466692 
2969 -0.466692 
2970 -0.466692 
2971 -0.466692 
2972 0.122415 
2973 0.209454 
2974 -0.235216 
2975 0.446979 
2976 -0.053851 
2977 -0.080841 
2978 0.310908 
2979 0.185824 
2980 -0.361662 
2981 -0.151663 
2982 -0.165237 
2983 0.398462 
2984 0.142197 
2985 0.238062 
2986 -0.235755 
2987 -0.189838 
2988 -0.144426 
2989 -0.434241 
2990 0.023969 
2991 0.023969 
2992 0.023969 
2993 0.023969 
2994 0.023969 
2995 0.023969 
2996 0.113662 
2997 -0.096720 
2998 -0.096720 
2999 -0.096720 
3000 -0.155845 
3001 0.113662 
3002 -0.096720 
3003 -0.096720 
3004 -0.096720 
3005 0.254619 
3006 -0.096720 
3007 -0.245069 
3008 0.447485 
3009 0.447485 
3010 0.447485 
3011 -0.276555 
3012 0.113662 
3013 -0.096720 
3014 0.195648 
3015 -0.155845 
3016 0.493259 
3017 0.407844 
3018 -0.413703 
3019 -0.096720 
3020 -0.413703 
3021 -0.413703 
3022 -0.096720 
3023 -0.155845 
3024 -0.245069 
3025 0.447485 
3026 0.447485 
3027 -0.413703 
3028 0.195648 
3029 -0.413703 
3030 0.244926 
