3031 1
0 -0.284907 
1 -0.120674 
2 0.382905 
3 -0.193057 
4 -0.413231 
5 0.221388 
6 0.130696 
7 -0.175605 
8 0.418972 
9 0.036158 
10 -0.141091 
11 -0.004630 
12 -0.347078 
13 -0.004630 
14 -0.004630 
15 -0.004630 
16 0.187872 
17 0.479566 
18 0.342369 
19 -0.382737 
20 -0.086835 
21 0.103061 
22 -0.174946 
23 0.423478 
24 -0.333230 
25 0.347773 
26 0.025999 
27 -0.487448 
28 0.185672 
29 -0.425953 
30 -0.117768 
31 -0.004630 
32 -0.004630 
33 -0.004630 
34 -0.002267 
35 -0.052905 
36 0.337039 
37 0.258585 
38 0.335123 
39 0.356401 
40 0.153382 
41 -0.196816 
42 -0.422330 
43 0.068382 
44 -0.478760 
45 -0.022799 
46 0.324096 
47 0.435669 
48 -0.486198 
49 -0.445340 
50 -0.384114 
51 0.075160 
52 -0.092906 
53 -0.096305 
54 -0.020226 
55 0.008996 
56 0.154128 
57 -0.042196 
58 0.304530 
59 0.358043 
60 0.144643 
61 0.151484 
62 -0.261661 
63 0.050993 
64 -0.097316 
65 0.110996 
66 -0.014703 
67 -0.004630 
68 0.006327 
69 -0.042196 
70 0.390805 
71 0.187872 
72 0.431614 
73 0.212158 
74 0.402234 
75 0.206116 
76 -0.274838 
77 -0.092462 
78 -0.169542 
79 0.346968 
80 0.348579 
81 0.446622 
82 0.382905 
83 -0.112258 
84 -0.017013 
85 0.250844 
86 0.154994 
87 0.144059 
88 0.115478 
89 -0.226676 
90 0.305238 
91 0.312187 
92 0.132322 
93 0.449595 
94 -0.322911 
95 -0.145920 
96 0.335431 
97 -0.097623 
98 0.479566 
99 0.011082 
100 0.345546 
101 0.479566 
102 0.253857 
103 0.420897 
104 -0.058487 
105 0.124638 
106 0.030602 
107 -0.434354 
108 0.149129 
109 0.135381 
110 -0.165143 
111 0.210586 
112 -0.373577 
113 0.297075 
114 -0.419647 
115 -0.407395 
116 -0.470931 
117 -0.031111 
118 -0.139168 
119 0.148998 
120 0.216875 
121 0.068519 
122 -0.120674 
123 0.268779 
124 -0.193057 
125 -0.492039 
126 -0.302511 
127 -0.350875 
128 -0.242511 
129 -0.372814 
130 0.233074 
131 0.479566 
132 -0.022814 
133 -0.271280 
134 0.479566 
135 -0.356141 
136 0.479566 
137 -0.333230 
138 0.347773 
139 0.025999 
140 -0.487448 
141 0.185672 
142 0.365557 
143 0.356341 
144 -0.146104 
145 0.406108 
146 0.067463 
147 -0.317089 
148 -0.347078 
149 -0.422508 
150 0.206116 
151 -0.111478 
152 -0.120674 
153 -0.285332 
154 0.156355 
155 -0.184839 
156 0.012367 
157 -0.265307 
158 0.435669 
159 -0.175605 
160 -0.354585 
161 0.052118 
162 0.001479 
163 -0.004630 
164 -0.184839 
165 0.324096 
166 -0.180733 
167 -0.171129 
168 0.078970 
169 0.112521 
170 0.232950 
171 -0.181866 
172 -0.421160 
173 -0.184839 
174 -0.450732 
175 0.356622 
176 0.230484 
177 -0.333628 
178 0.268779 
179 0.198133 
180 -0.223356 
181 -0.459453 
182 0.246506 
183 0.042109 
184 0.156382 
185 -0.016406 
186 0.376582 
187 -0.397644 
188 0.405285 
189 0.479045 
190 0.268614 
191 -0.188613 
192 0.116541 
193 0.434929 
194 0.198561 
195 -0.393139 
196 -0.277251 
197 -0.360770 
198 0.039905 
199 -0.204677 
200 -0.144508 
201 0.142121 
202 0.112521 
203 0.270368 
204 -0.416063 
205 0.471125 
206 -0.110616 
207 -0.138867 
208 0.241027 
209 -0.356141 
210 0.008324 
211 0.008324 
212 -0.076963 
213 0.421104 
214 -0.255259 
215 0.084655 
216 -0.352828 
217 -0.230587 
218 -0.464051 
219 0.466360 
220 0.003850 
221 0.028059 
222 -0.443092 
223 0.259501 
224 -0.244740 
225 -0.382014 
226 -0.359774 
227 -0.233732 
228 0.035479 
229 -0.004630 
230 -0.004630 
231 -0.004630 
232 -0.004630 
233 -0.004630 
234 -0.184839 
235 0.249310 
236 0.094260 
237 -0.347078 
238 0.233555 
239 0.165124 
240 -0.088905 
241 -0.052067 
242 0.370159 
243 0.181892 
244 -0.030318 
245 0.395435 
246 0.258708 
247 -0.159012 
248 -0.498172 
249 -0.344481 
250 -0.325103 
251 0.007065 
252 0.369021 
253 -0.404157 
254 0.060172 
255 -0.484379 
256 0.358043 
257 0.025418 
258 -0.085464 
259 0.483468 
260 0.249310 
261 -0.356481 
262 -0.010121 
263 -0.317010 
264 -0.099647 
265 -0.057405 
266 0.212158 
267 0.402234 
268 -0.060365 
269 -0.317010 
270 -0.010121 
271 -0.356481 
272 -0.096305 
273 -0.347078 
274 -0.020226 
275 -0.017781 
276 -0.274838 
277 -0.092462 
278 0.346968 
279 -0.439550 
280 0.482424 
281 0.303941 
282 -0.282797 
283 -0.450000 
284 -0.010121 
285 -0.317010 
286 -0.302572 
287 -0.181866 
288 -0.421160 
289 0.006327 
290 -0.042196 
291 -0.042196 
292 0.390805 
293 0.187872 
294 0.431614 
295 0.431614 
296 0.431614 
297 0.431614 
298 0.431614 
299 0.431614 
300 0.431614 
301 0.354325 
302 0.012367 
303 0.012367 
304 0.206116 
305 0.156810 
306 0.012367 
307 0.187872 
308 -0.169542 
309 -0.371325 
310 0.187872 
311 0.187872 
312 0.242238 
313 0.446622 
314 0.479566 
315 0.423074 
316 0.331103 
317 0.187872 
318 -0.004630 
319 0.265490 
320 0.187872 
321 0.479566 
322 0.250844 
323 0.479566 
324 0.479566 
325 0.479566 
326 0.144059 
327 0.115478 
328 -0.226676 
329 0.305238 
330 0.312187 
331 0.312187 
332 0.132322 
333 0.449595 
334 -0.322911 
335 -0.145920 
336 0.335431 
337 -0.097623 
338 0.479566 
339 0.011082 
340 0.345546 
341 0.479566 
342 0.253857 
343 0.420897 
344 -0.058487 
345 -0.058487 
346 0.124638 
347 0.030602 
348 -0.434354 
349 0.149129 
350 0.135381 
351 -0.165143 
352 0.210586 
353 -0.373577 
354 0.297075 
355 -0.419647 
356 -0.407395 
357 -0.470931 
358 0.206116 
359 -0.317089 
360 0.148998 
361 -0.111478 
362 0.068519 
363 -0.120674 
364 0.268779 
365 -0.193057 
366 -0.492039 
367 -0.302511 
368 -0.350875 
369 -0.242511 
370 -0.372814 
371 0.233074 
372 0.479566 
373 -0.022814 
374 -0.271280 
375 0.479566 
376 -0.356141 
377 0.479566 
378 -0.333230 
379 0.347773 
380 0.025999 
381 -0.487448 
382 0.185672 
383 0.365557 
384 0.356341 
385 -0.146104 
386 0.406108 
387 0.067463 
388 0.067463 
389 -0.317089 
390 -0.347078 
391 0.365557 
392 0.356341 
393 -0.146104 
394 -0.422508 
395 0.406108 
396 -0.465269 
397 0.147289 
398 0.256425 
399 0.467351 
400 0.446622 
401 0.012367 
402 0.012367 
403 0.012367 
404 -0.184839 
405 -0.184839 
406 -0.184839 
407 -0.184839 
408 -0.184839 
409 -0.184839 
410 -0.184839 
411 0.012367 
412 -0.265307 
413 0.435669 
414 -0.175605 
415 -0.175605 
416 -0.175605 
417 -0.175605 
418 -0.354585 
419 -0.317089 
420 0.001479 
421 -0.004630 
422 -0.184839 
423 -0.184839 
424 -0.184839 
425 -0.184839 
426 -0.184839 
427 -0.184839 
428 -0.184839 
429 -0.184839 
430 0.212533 
431 0.212533 
432 0.212533 
433 0.212533 
434 0.212533 
435 0.212533 
436 0.212533 
437 -0.184839 
438 -0.184839 
439 0.324096 
440 0.324096 
441 0.324096 
442 0.324096 
443 0.324096 
444 0.324096 
445 0.324096 
446 0.324096 
447 0.324096 
448 0.324096 
449 0.324096 
450 0.324096 
451 0.324096 
452 0.324096 
453 0.324096 
454 -0.184839 
455 -0.184839 
456 -0.184839 
457 -0.180733 
458 -0.180733 
459 -0.180733 
460 -0.180733 
461 -0.180733 
462 -0.180733 
463 -0.445340 
464 -0.445340 
465 -0.445340 
466 -0.445340 
467 -0.450706 
468 -0.450706 
469 -0.450706 
470 -0.450706 
471 -0.146884 
472 -0.146884 
473 -0.146884 
474 -0.146884 
475 -0.146884 
476 -0.146884 
477 -0.022814 
478 -0.022814 
479 -0.022814 
480 -0.022814 
481 -0.271280 
482 -0.271280 
483 -0.271280 
484 -0.271280 
485 -0.329506 
486 -0.329506 
487 -0.329506 
488 -0.329506 
489 0.182783 
490 0.182783 
491 0.182783 
492 0.182783 
493 0.242646 
494 0.242646 
495 0.242646 
496 0.242646 
497 -0.085808 
498 -0.085808 
499 -0.085808 
500 -0.085808 
501 -0.113032 
502 -0.113032 
503 -0.180733 
504 -0.180733 
505 -0.180733 
506 0.033462 
507 0.033462 
508 0.033462 
509 -0.180733 
510 -0.184839 
511 -0.184839 
512 -0.184839 
513 -0.184839 
514 -0.184839 
515 -0.171129 
516 -0.171129 
517 -0.171129 
518 -0.171129 
519 -0.171129 
520 -0.171129 
521 -0.171129 
522 -0.171129 
523 -0.092462 
524 -0.092462 
525 -0.092462 
526 -0.092462 
527 -0.171129 
528 -0.171129 
529 -0.171129 
530 -0.171129 
531 -0.171129 
532 -0.171129 
533 -0.171129 
534 -0.171129 
535 -0.171129 
536 -0.171129 
537 -0.171129 
538 -0.171129 
539 -0.171129 
540 -0.171129 
541 -0.171129 
542 -0.171129 
543 0.305238 
544 0.305238 
545 0.305238 
546 0.305238 
547 0.305238 
548 0.305238 
549 -0.171129 
550 -0.184839 
551 0.078970 
552 0.078970 
553 0.078970 
554 0.078970 
555 0.078970 
556 0.078970 
557 0.078970 
558 0.078970 
559 0.078970 
560 0.078970 
561 0.078970 
562 0.078970 
563 0.078970 
564 0.078970 
565 0.078970 
566 0.078970 
567 0.078970 
568 0.078970 
569 0.078970 
570 0.078970 
571 0.078970 
572 0.078970 
573 0.078970 
574 0.078970 
575 0.078970 
576 0.078970 
577 0.078970 
578 0.078970 
579 0.078970 
580 0.078970 
581 0.078970 
582 0.078970 
583 0.078970 
584 0.078970 
585 0.078970 
586 0.078970 
587 0.078970 
588 0.078970 
589 0.078970 
590 0.078970 
591 0.078970 
592 0.078970 
593 0.078970 
594 0.078970 
595 0.078970 
596 0.078970 
597 0.078970 
598 0.078970 
599 0.078970 
600 0.078970 
601 0.078970 
602 0.112521 
603 0.112521 
604 0.112521 
605 0.112521 
606 0.112521 
607 0.112521 
608 0.112521 
609 0.112521 
610 0.112521 
611 0.112521 
612 0.112521 
613 0.112521 
614 0.112521 
615 0.112521 
616 0.112521 
617 0.112521 
618 0.112521 
619 0.112521 
620 0.112521 
621 0.112521 
622 0.112521 
623 0.112521 
624 0.112521 
625 0.112521 
626 0.112521 
627 0.112521 
628 0.112521 
629 0.112521 
630 0.112521 
631 0.112521 
632 0.112521 
633 0.112521 
634 0.112521 
635 0.232950 
636 0.232950 
637 0.232950 
638 0.232950 
639 0.232950 
640 0.232950 
641 -0.429503 
642 -0.429503 
643 -0.429503 
644 -0.429503 
645 -0.429503 
646 -0.429503 
647 0.325467 
648 0.325467 
649 -0.379279 
650 -0.379279 
651 -0.379279 
652 -0.379279 
653 -0.379279 
654 -0.379279 
655 0.494387 
656 0.494387 
657 0.494387 
658 0.494387 
659 -0.136176 
660 -0.136176 
661 -0.136176 
662 -0.136176 
663 -0.311037 
664 -0.311037 
665 -0.311037 
666 -0.311037 
667 -0.418450 
668 -0.418450 
669 -0.418450 
670 -0.418450 
671 -0.487827 
672 -0.487827 
673 -0.487827 
674 -0.487827 
675 0.000748 
676 0.000748 
677 0.000748 
678 0.000748 
679 -0.485965 
680 -0.485965 
681 -0.204677 
682 -0.204677 
683 -0.204677 
684 -0.204677 
685 0.232950 
686 -0.184839 
687 -0.181866 
688 -0.181866 
689 -0.181866 
690 -0.181866 
691 -0.181866 
692 -0.181866 
693 -0.397644 
694 -0.397644 
695 -0.397644 
696 -0.397644 
697 -0.397644 
698 0.116541 
699 0.116541 
700 0.116541 
701 0.116541 
702 -0.099647 
703 -0.099647 
704 -0.099647 
705 -0.099647 
706 -0.057405 
707 -0.057405 
708 -0.057405 
709 -0.057405 
710 -0.057405 
711 -0.181866 
712 -0.184839 
713 -0.184839 
714 0.067463 
715 -0.184839 
716 -0.184839 
717 -0.142458 
718 -0.421160 
719 -0.421160 
720 -0.421160 
721 -0.421160 
722 -0.421160 
723 -0.421160 
724 0.212158 
725 0.212158 
726 0.212158 
727 0.212158 
728 0.212158 
729 0.212158 
730 0.212158 
731 0.362803 
732 0.362803 
733 0.362803 
734 0.362803 
735 0.461611 
736 0.461611 
737 0.461611 
738 0.461611 
739 0.311513 
740 0.311513 
741 0.311513 
742 0.311513 
743 0.311513 
744 -0.421160 
745 -0.184839 
746 -0.184839 
747 -0.184839 
748 -0.184839 
749 -0.184839 
750 -0.184839 
751 -0.425953 
752 -0.425953 
753 -0.425953 
754 -0.184839 
755 -0.184839 
756 -0.450732 
757 -0.450732 
758 -0.450732 
759 -0.450732 
760 -0.450732 
761 -0.450732 
762 -0.450732 
763 -0.450732 
764 -0.450732 
765 -0.261661 
766 -0.261661 
767 -0.261661 
768 -0.261661 
769 -0.261661 
770 -0.261661 
771 0.050993 
772 0.050993 
773 0.050993 
774 0.050993 
775 -0.097316 
776 -0.097316 
777 -0.097316 
778 -0.097316 
779 0.110996 
780 0.110996 
781 0.110996 
782 0.110996 
783 -0.014703 
784 -0.014703 
785 -0.014703 
786 -0.014703 
787 -0.450732 
788 -0.450732 
789 -0.450732 
790 -0.450732 
791 -0.322911 
792 -0.322911 
793 -0.322911 
794 -0.322911 
795 -0.322911 
796 -0.322911 
797 -0.145920 
798 -0.145920 
799 -0.145920 
800 -0.145920 
801 -0.145920 
802 -0.142458 
803 -0.142458 
804 -0.142458 
805 -0.142458 
806 0.434929 
807 0.434929 
808 0.434929 
809 0.434929 
810 0.434929 
811 -0.450732 
812 0.356622 
813 0.356622 
814 0.356622 
815 0.356622 
816 0.356622 
817 0.356622 
818 0.356622 
819 0.356622 
820 0.356622 
821 0.356622 
822 0.356622 
823 0.356622 
824 0.356622 
825 0.356622 
826 -0.191703 
827 -0.191703 
828 -0.191703 
829 -0.191703 
830 0.356622 
831 0.356622 
832 0.356622 
833 0.356622 
834 0.356622 
835 -0.496552 
836 -0.496552 
837 0.356622 
838 0.356622 
839 0.356622 
840 0.356622 
841 0.356622 
842 0.356622 
843 0.356622 
844 0.356622 
845 0.356622 
846 0.356622 
847 0.356622 
848 0.356622 
849 0.356622 
850 0.356622 
851 0.356622 
852 0.356622 
853 0.356622 
854 0.356622 
855 0.356622 
856 0.356622 
857 0.356622 
858 0.356622 
859 0.356622 
860 0.356622 
861 0.356622 
862 0.356622 
863 0.479566 
864 -0.184839 
865 -0.184839 
866 -0.184839 
867 -0.184839 
868 -0.184839 
869 0.187872 
870 -0.030318 
871 0.012367 
872 0.230484 
873 0.230484 
874 0.230484 
875 0.230484 
876 0.230484 
877 0.230484 
878 0.104503 
879 0.104503 
880 0.104503 
881 0.104503 
882 0.068382 
883 0.068382 
884 0.068382 
885 0.068382 
886 0.068382 
887 0.068382 
888 -0.478760 
889 -0.478760 
890 -0.478760 
891 -0.478760 
892 -0.022799 
893 -0.022799 
894 -0.022799 
895 -0.022799 
896 0.324096 
897 0.324096 
898 0.324096 
899 0.324096 
900 0.435669 
901 0.435669 
902 0.435669 
903 0.435669 
904 -0.347078 
905 -0.347078 
906 -0.347078 
907 -0.347078 
908 0.067463 
909 0.067463 
910 0.067463 
911 0.067463 
912 0.067463 
913 0.230484 
914 0.230484 
915 0.230484 
916 0.230484 
917 0.230484 
918 0.230484 
919 0.230484 
920 0.230484 
921 0.230484 
922 0.230484 
923 0.230484 
924 0.230484 
925 0.230484 
926 0.230484 
927 0.230484 
928 0.230484 
929 0.230484 
930 0.230484 
931 -0.397644 
932 0.116541 
933 -0.333628 
934 -0.333628 
935 -0.333628 
936 -0.333628 
937 -0.333628 
938 -0.333628 
939 -0.196816 
940 -0.196816 
941 -0.088905 
942 -0.088905 
943 -0.088905 
944 -0.088905 
945 -0.088905 
946 -0.088905 
947 -0.088905 
948 0.172800 
949 -0.117768 
950 -0.117768 
951 -0.117768 
952 -0.117768 
953 -0.117768 
954 -0.117768 
955 0.423074 
956 0.423074 
957 0.423074 
958 0.423074 
959 0.331103 
960 0.331103 
961 0.331103 
962 0.331103 
963 0.006327 
964 0.006327 
965 0.006327 
966 0.006327 
967 0.390805 
968 0.390805 
969 0.390805 
970 0.390805 
971 -0.169542 
972 -0.169542 
973 -0.169542 
974 -0.169542 
975 0.094260 
976 0.094260 
977 0.094260 
978 0.094260 
979 0.094260 
980 0.258585 
981 0.258585 
982 0.258585 
983 0.258585 
984 -0.333628 
985 0.268779 
986 0.268779 
987 0.268779 
988 0.268779 
989 0.268779 
990 0.268779 
991 -0.052905 
992 -0.290660 
993 -0.290660 
994 -0.290660 
995 -0.290660 
996 -0.290660 
997 -0.290660 
998 -0.462940 
999 -0.462940 
1000 -0.462940 
1001 -0.462940 
1002 -0.103493 
1003 -0.103493 
1004 -0.103493 
1005 -0.103493 
1006 -0.166792 
1007 -0.166792 
1008 -0.166792 
1009 -0.166792 
1010 -0.238409 
1011 -0.238409 
1012 -0.238409 
1013 -0.238409 
1014 -0.238409 
1015 0.016263 
1016 0.016263 
1017 0.016263 
1018 -0.439550 
1019 -0.439550 
1020 -0.439550 
1021 -0.439550 
1022 0.268779 
1023 0.268779 
1024 0.449595 
1025 0.449595 
1026 0.449595 
1027 0.449595 
1028 0.449595 
1029 0.449595 
1030 -0.322911 
1031 -0.322911 
1032 -0.322911 
1033 -0.322911 
1034 0.337039 
1035 0.337039 
1036 0.337039 
1037 0.268779 
1038 0.198133 
1039 0.198133 
1040 0.198133 
1041 0.198133 
1042 0.198133 
1043 0.198133 
1044 -0.145920 
1045 -0.145920 
1046 -0.145920 
1047 -0.145920 
1048 -0.145920 
1049 -0.145920 
1050 -0.374119 
1051 0.036158 
1052 0.036158 
1053 0.036158 
1054 0.036158 
1055 0.036158 
1056 0.036158 
1057 -0.141091 
1058 -0.141091 
1059 -0.141091 
1060 -0.141091 
1061 -0.422508 
1062 -0.422508 
1063 -0.422508 
1064 -0.422508 
1065 0.304530 
1066 0.304530 
1067 0.304530 
1068 0.304530 
1069 0.144643 
1070 0.144643 
1071 0.144643 
1072 0.144643 
1073 0.151484 
1074 0.151484 
1075 0.151484 
1076 0.151484 
1077 -0.261661 
1078 -0.261661 
1079 -0.193057 
1080 -0.193057 
1081 -0.193057 
1082 -0.193057 
1083 -0.193057 
1084 -0.193057 
1085 0.356401 
1086 0.356401 
1087 0.356401 
1088 0.198133 
1089 -0.099647 
1090 -0.184839 
1091 -0.223356 
1092 -0.223356 
1093 -0.223356 
1094 -0.223356 
1095 -0.223356 
1096 -0.223356 
1097 -0.413231 
1098 -0.413231 
1099 -0.413231 
1100 -0.413231 
1101 -0.413231 
1102 0.221388 
1103 0.221388 
1104 0.221388 
1105 0.221388 
1106 0.130696 
1107 0.130696 
1108 0.130696 
1109 0.130696 
1110 -0.175605 
1111 -0.175605 
1112 -0.175605 
1113 -0.175605 
1114 0.418972 
1115 0.418972 
1116 0.335431 
1117 0.335431 
1118 0.335431 
1119 0.335431 
1120 0.335431 
1121 0.335431 
1122 0.335431 
1123 -0.097623 
1124 -0.097623 
1125 -0.097623 
1126 -0.097623 
1127 0.011082 
1128 0.011082 
1129 0.011082 
1130 0.011082 
1131 0.345546 
1132 0.345546 
1133 0.345546 
1134 0.345546 
1135 0.345546 
1136 -0.223356 
1137 -0.459453 
1138 -0.459453 
1139 -0.459453 
1140 -0.459453 
1141 -0.459453 
1142 -0.459453 
1143 0.253857 
1144 0.253857 
1145 0.253857 
1146 0.253857 
1147 0.253857 
1148 0.253857 
1149 0.420897 
1150 0.420897 
1151 -0.347078 
1152 -0.347078 
1153 -0.347078 
1154 -0.347078 
1155 -0.347078 
1156 -0.347078 
1157 0.067463 
1158 0.067463 
1159 0.067463 
1160 0.067463 
1161 -0.086835 
1162 -0.086835 
1163 -0.086835 
1164 -0.086835 
1165 0.008996 
1166 0.008996 
1167 0.008996 
1168 0.008996 
1169 0.154128 
1170 0.154128 
1171 0.154128 
1172 0.154128 
1173 -0.171129 
1174 -0.171129 
1175 -0.171129 
1176 -0.171129 
1177 0.342369 
1178 0.342369 
1179 0.342369 
1180 0.342369 
1181 -0.382737 
1182 -0.382737 
1183 -0.382737 
1184 -0.382737 
1185 -0.382737 
1186 0.335123 
1187 -0.459453 
1188 0.246506 
1189 0.246506 
1190 0.246506 
1191 0.246506 
1192 0.246506 
1193 0.246506 
1194 0.148148 
1195 0.148148 
1196 0.148148 
1197 0.148148 
1198 0.097396 
1199 0.097396 
1200 0.097396 
1201 0.097396 
1202 0.454722 
1203 0.454722 
1204 0.358043 
1205 0.358043 
1206 0.358043 
1207 0.358043 
1208 0.358043 
1209 0.358043 
1210 -0.302572 
1211 -0.302572 
1212 -0.302572 
1213 -0.302572 
1214 -0.181866 
1215 -0.181866 
1216 -0.181866 
1217 -0.181866 
1218 -0.421160 
1219 -0.421160 
1220 -0.421160 
1221 -0.421160 
1222 -0.113145 
1223 -0.113145 
1224 -0.113145 
1225 -0.113145 
1226 -0.163257 
1227 -0.163257 
1228 -0.163257 
1229 -0.163257 
1230 -0.140989 
1231 -0.140989 
1232 -0.140989 
1233 -0.140989 
1234 -0.413231 
1235 -0.413231 
1236 -0.413231 
1237 -0.413231 
1238 -0.413231 
1239 0.246506 
1240 0.033462 
1241 0.033462 
1242 0.033462 
1243 0.033462 
1244 0.033462 
1245 0.033462 
1246 0.033462 
1247 -0.333230 
1248 -0.333230 
1249 -0.333230 
1250 -0.333230 
1251 -0.333230 
1252 -0.333230 
1253 0.347773 
1254 0.347773 
1255 0.347773 
1256 0.347773 
1257 0.225945 
1258 0.225945 
1259 0.225945 
1260 0.225945 
1261 -0.305532 
1262 -0.305532 
1263 -0.305532 
1264 -0.305532 
1265 -0.479365 
1266 -0.479365 
1267 -0.479365 
1268 -0.479365 
1269 0.486553 
1270 0.486553 
1271 0.486553 
1272 0.486553 
1273 0.441299 
1274 0.441299 
1275 0.482424 
1276 0.482424 
1277 0.482424 
1278 0.482424 
1279 0.482424 
1280 0.482424 
1281 0.303941 
1282 0.303941 
1283 0.303941 
1284 0.303941 
1285 -0.282797 
1286 -0.282797 
1287 -0.282797 
1288 -0.282797 
1289 -0.282797 
1290 -0.282797 
1291 0.033462 
1292 0.042109 
1293 0.042109 
1294 0.042109 
1295 0.042109 
1296 0.042109 
1297 0.042109 
1298 -0.112258 
1299 -0.112258 
1300 -0.112258 
1301 -0.112258 
1302 -0.052067 
1303 -0.052067 
1304 -0.052067 
1305 -0.052067 
1306 0.370159 
1307 0.370159 
1308 0.370159 
1309 0.370159 
1310 0.181892 
1311 0.181892 
1312 0.181892 
1313 0.181892 
1314 0.088636 
1315 0.088636 
1316 0.088636 
1317 0.088636 
1318 -0.058487 
1319 -0.058487 
1320 -0.434041 
1321 -0.434041 
1322 -0.434041 
1323 -0.434041 
1324 -0.434041 
1325 -0.434041 
1326 0.133603 
1327 0.133603 
1328 0.133603 
1329 0.133603 
1330 -0.485530 
1331 -0.485530 
1332 -0.485530 
1333 -0.485530 
1334 0.069817 
1335 0.069817 
1336 0.069817 
1337 0.069817 
1338 0.069817 
1339 -0.417854 
1340 -0.417854 
1341 -0.417854 
1342 -0.417854 
1343 -0.417854 
1344 -0.417854 
1345 -0.417854 
1346 0.042109 
1347 0.156382 
1348 0.156382 
1349 0.156382 
1350 0.156382 
1351 0.156382 
1352 0.156382 
1353 0.016263 
1354 0.016263 
1355 0.016263 
1356 0.016263 
1357 0.016263 
1358 0.016263 
1359 0.016263 
1360 0.132322 
1361 0.132322 
1362 0.132322 
1363 0.449595 
1364 0.449595 
1365 0.156382 
1366 0.156382 
1367 0.156382 
1368 0.156382 
1369 0.156382 
1370 0.156382 
1371 0.156382 
1372 0.156382 
1373 0.156382 
1374 0.156382 
1375 0.156382 
1376 0.156382 
1377 0.156382 
1378 0.156382 
1379 0.156382 
1380 0.156382 
1381 0.156382 
1382 0.156382 
1383 0.060172 
1384 0.060172 
1385 0.060172 
1386 0.060172 
1387 0.060172 
1388 0.060172 
1389 -0.484379 
1390 -0.484379 
1391 -0.484379 
1392 0.036158 
1393 0.036158 
1394 0.036158 
1395 0.036158 
1396 0.036158 
1397 0.156382 
1398 -0.016406 
1399 -0.016406 
1400 -0.016406 
1401 -0.016406 
1402 -0.016406 
1403 -0.016406 
1404 -0.141091 
1405 -0.141091 
1406 -0.141091 
1407 -0.141091 
1408 -0.141091 
1409 -0.141091 
1410 -0.422508 
1411 -0.422508 
1412 -0.422508 
1413 -0.422508 
1414 0.304530 
1415 0.304530 
1416 0.304530 
1417 0.304530 
1418 0.144643 
1419 0.144643 
1420 0.144643 
1421 0.144643 
1422 0.151484 
1423 0.151484 
1424 0.050993 
1425 0.050993 
1426 0.050993 
1427 0.050993 
1428 0.050993 
1429 0.050993 
1430 -0.097316 
1431 -0.097316 
1432 -0.097316 
1433 -0.097316 
1434 0.110996 
1435 0.110996 
1436 0.110996 
1437 0.110996 
1438 0.097396 
1439 0.097396 
1440 0.097396 
1441 0.097396 
1442 0.097396 
1443 0.097396 
1444 0.454722 
1445 0.454722 
1446 0.454722 
1447 0.454722 
1448 -0.016406 
1449 -0.016406 
1450 -0.016406 
1451 -0.016406 
1452 0.376582 
1453 0.376582 
1454 0.376582 
1455 0.376582 
1456 0.376582 
1457 0.376582 
1458 0.148148 
1459 0.148148 
1460 0.148148 
1461 0.148148 
1462 0.148148 
1463 0.225945 
1464 0.225945 
1465 0.225945 
1466 0.225945 
1467 0.225945 
1468 0.225945 
1469 -0.305532 
1470 -0.305532 
1471 -0.305532 
1472 -0.305532 
1473 -0.479365 
1474 -0.479365 
1475 -0.479365 
1476 -0.479365 
1477 0.486553 
1478 0.486553 
1479 0.486553 
1480 0.486553 
1481 0.441299 
1482 0.441299 
1483 0.441299 
1484 0.441299 
1485 0.125722 
1486 0.125722 
1487 0.125722 
1488 0.125722 
1489 0.135702 
1490 0.135702 
1491 -0.110195 
1492 -0.110195 
1493 -0.110195 
1494 -0.110195 
1495 -0.110195 
1496 -0.110195 
1497 -0.110195 
1498 0.212533 
1499 0.212533 
1500 0.212533 
1501 0.212533 
1502 0.212533 
1503 0.376582 
1504 -0.397644 
1505 -0.397644 
1506 -0.397644 
1507 -0.397644 
1508 -0.397644 
1509 -0.397644 
1510 -0.450706 
1511 -0.450706 
1512 -0.450706 
1513 -0.450706 
1514 -0.450706 
1515 -0.450706 
1516 0.225945 
1517 0.225945 
1518 0.225945 
1519 0.225945 
1520 -0.305532 
1521 -0.305532 
1522 -0.305532 
1523 -0.305532 
1524 -0.479365 
1525 -0.479365 
1526 -0.123030 
1527 -0.123030 
1528 -0.123030 
1529 -0.123030 
1530 -0.123030 
1531 -0.123030 
1532 0.354325 
1533 0.354325 
1534 0.354325 
1535 0.354325 
1536 0.156810 
1537 0.156810 
1538 0.156810 
1539 0.156810 
1540 -0.371325 
1541 -0.371325 
1542 -0.371325 
1543 -0.371325 
1544 0.242238 
1545 0.242238 
1546 0.242238 
1547 0.242238 
1548 0.312187 
1549 0.312187 
1550 0.312187 
1551 0.312187 
1552 0.302772 
1553 0.302772 
1554 0.302772 
1555 0.302772 
1556 -0.329506 
1557 -0.329506 
1558 -0.329506 
1559 -0.329506 
1560 -0.329506 
1561 -0.329506 
1562 -0.329506 
1563 0.025999 
1564 0.025999 
1565 0.025999 
1566 0.025999 
1567 -0.487448 
1568 -0.487448 
1569 -0.487448 
1570 -0.487448 
1571 0.221388 
1572 0.221388 
1573 0.221388 
1574 -0.397644 
1575 0.405285 
1576 0.405285 
1577 0.405285 
1578 0.405285 
1579 0.405285 
1580 0.405285 
1581 0.185672 
1582 0.185672 
1583 0.185672 
1584 0.185672 
1585 0.185672 
1586 0.185672 
1587 -0.425953 
1588 -0.425953 
1589 -0.425953 
1590 -0.425953 
1591 -0.117768 
1592 -0.117768 
1593 0.406108 
1594 0.406108 
1595 0.406108 
1596 0.406108 
1597 0.406108 
1598 0.406108 
1599 -0.465269 
1600 -0.465269 
1601 -0.465269 
1602 -0.465269 
1603 0.147289 
1604 0.147289 
1605 0.147289 
1606 0.147289 
1607 0.256425 
1608 0.256425 
1609 0.256425 
1610 0.256425 
1611 0.467351 
1612 0.467351 
1613 0.187872 
1614 0.187872 
1615 0.187872 
1616 0.187872 
1617 0.187872 
1618 0.187872 
1619 -0.030318 
1620 -0.030318 
1621 -0.030318 
1622 -0.030318 
1623 0.012367 
1624 0.012367 
1625 0.012367 
1626 0.012367 
1627 0.012367 
1628 -0.005990 
1629 -0.005990 
1630 0.405285 
1631 0.479045 
1632 0.479045 
1633 0.479045 
1634 0.479045 
1635 0.479045 
1636 0.479045 
1637 0.396871 
1638 0.396871 
1639 0.396871 
1640 0.402234 
1641 0.402234 
1642 0.402234 
1643 0.402234 
1644 -0.274838 
1645 -0.274838 
1646 -0.274838 
1647 -0.274838 
1648 -0.092462 
1649 -0.092462 
1650 -0.092462 
1651 -0.092462 
1652 0.346968 
1653 0.346968 
1654 0.346968 
1655 0.346968 
1656 -0.393139 
1657 -0.393139 
1658 -0.393139 
1659 -0.393139 
1660 -0.142458 
1661 -0.142458 
1662 -0.142458 
1663 -0.142458 
1664 -0.142458 
1665 -0.142458 
1666 -0.184839 
1667 -0.184839 
1668 -0.184839 
1669 -0.184839 
1670 0.479566 
1671 0.479566 
1672 0.479566 
1673 0.479566 
1674 0.187872 
1675 0.187872 
1676 0.187872 
1677 0.187872 
1678 0.153382 
1679 0.153382 
1680 0.153382 
1681 0.479045 
1682 0.268614 
1683 0.268614 
1684 0.268614 
1685 0.268614 
1686 0.268614 
1687 0.268614 
1688 -0.030318 
1689 -0.030318 
1690 -0.030318 
1691 -0.030318 
1692 -0.030318 
1693 0.012367 
1694 0.012367 
1695 -0.060365 
1696 -0.060365 
1697 -0.060365 
1698 -0.060365 
1699 -0.060365 
1700 -0.060365 
1701 0.446622 
1702 0.446622 
1703 0.446622 
1704 0.446622 
1705 -0.042196 
1706 -0.042196 
1707 -0.042196 
1708 -0.042196 
1709 0.068382 
1710 0.068382 
1711 0.068382 
1712 0.068382 
1713 0.265490 
1714 0.265490 
1715 0.265490 
1716 0.265490 
1717 0.208586 
1718 0.208586 
1719 0.208586 
1720 0.208586 
1721 -0.189835 
1722 -0.189835 
1723 -0.189835 
1724 -0.189835 
1725 0.075513 
1726 0.075513 
1727 -0.486198 
1728 -0.486198 
1729 -0.486198 
1730 -0.486198 
1731 -0.486198 
1732 0.268614 
1733 -0.188613 
1734 -0.188613 
1735 -0.188613 
1736 -0.188613 
1737 -0.188613 
1738 -0.188613 
1739 0.148998 
1740 0.148998 
1741 0.148998 
1742 0.148998 
1743 0.148998 
1744 0.216875 
1745 0.216875 
1746 0.216875 
1747 0.216875 
1748 0.068519 
1749 0.068519 
1750 0.068519 
1751 0.068519 
1752 0.365557 
1753 0.365557 
1754 0.365557 
1755 0.365557 
1756 0.356341 
1757 0.356341 
1758 0.356341 
1759 0.356341 
1760 -0.146104 
1761 -0.146104 
1762 0.335431 
1763 0.335431 
1764 0.335431 
1765 0.335431 
1766 0.335431 
1767 0.335431 
1768 0.335431 
1769 -0.097623 
1770 -0.097623 
1771 -0.097623 
1772 -0.097623 
1773 0.011082 
1774 0.011082 
1775 0.011082 
1776 0.011082 
1777 0.345546 
1778 0.345546 
1779 0.345546 
1780 0.345546 
1781 0.097396 
1782 0.097396 
1783 0.097396 
1784 -0.188613 
1785 0.116541 
1786 0.116541 
1787 0.116541 
1788 0.116541 
1789 0.116541 
1790 0.116541 
1791 0.253857 
1792 0.253857 
1793 0.253857 
1794 0.253857 
1795 0.253857 
1796 0.253857 
1797 0.420897 
1798 0.420897 
1799 0.420897 
1800 0.420897 
1801 0.346968 
1802 0.346968 
1803 0.346968 
1804 0.346968 
1805 0.348579 
1806 0.348579 
1807 0.348579 
1808 0.348579 
1809 0.382905 
1810 0.382905 
1811 0.382905 
1812 0.382905 
1813 -0.112258 
1814 -0.112258 
1815 -0.112258 
1816 -0.112258 
1817 -0.017013 
1818 -0.017013 
1819 0.088636 
1820 0.088636 
1821 0.088636 
1822 0.088636 
1823 0.088636 
1824 0.088636 
1825 -0.058487 
1826 -0.058487 
1827 -0.058487 
1828 -0.058487 
1829 -0.364402 
1830 -0.364402 
1831 -0.364402 
1832 -0.364402 
1833 -0.364402 
1834 -0.364402 
1835 -0.364402 
1836 -0.364402 
1837 -0.429503 
1838 -0.429503 
1839 -0.429503 
1840 -0.429503 
1841 0.325467 
1842 0.325467 
1843 -0.017013 
1844 -0.017013 
1845 -0.017013 
1846 -0.017013 
1847 -0.017013 
1848 0.116541 
1849 0.434929 
1850 0.434929 
1851 0.434929 
1852 0.434929 
1853 0.434929 
1854 0.434929 
1855 0.434929 
1856 0.434929 
1857 0.434929 
1858 0.434929 
1859 0.434929 
1860 0.434929 
1861 0.434929 
1862 0.434929 
1863 0.434929 
1864 0.434929 
1865 0.434929 
1866 0.434929 
1867 0.434929 
1868 0.434929 
1869 0.434929 
1870 0.434929 
1871 0.434929 
1872 0.434929 
1873 0.434929 
1874 0.434929 
1875 0.434929 
1876 0.434929 
1877 0.434929 
1878 0.434929 
1879 0.434929 
1880 0.434929 
1881 0.434929 
1882 0.434929 
1883 0.434929 
1884 0.434929 
1885 0.434929 
1886 0.434929 
1887 0.434929 
1888 0.434929 
1889 0.434929 
1890 0.434929 
1891 0.434929 
1892 0.434929 
1893 0.434929 
1894 0.434929 
1895 0.434929 
1896 -0.450000 
1897 -0.450000 
1898 -0.450000 
1899 -0.450000 
1900 -0.450000 
1901 -0.450000 
1902 -0.384114 
1903 -0.384114 
1904 -0.384114 
1905 0.434929 
1906 0.198561 
1907 0.198561 
1908 0.198561 
1909 0.198561 
1910 0.198561 
1911 0.198561 
1912 0.025418 
1913 0.025418 
1914 0.025418 
1915 0.025418 
1916 0.025418 
1917 -0.352828 
1918 -0.352828 
1919 -0.352828 
1920 -0.352828 
1921 0.258708 
1922 0.258708 
1923 0.258708 
1924 0.258708 
1925 -0.159012 
1926 -0.159012 
1927 -0.159012 
1928 -0.159012 
1929 -0.498172 
1930 -0.498172 
1931 -0.498172 
1932 -0.498172 
1933 -0.498172 
1934 0.423074 
1935 0.423074 
1936 0.423074 
1937 0.331103 
1938 0.331103 
1939 0.331103 
1940 0.331103 
1941 0.006327 
1942 0.006327 
1943 0.006327 
1944 0.006327 
1945 0.390805 
1946 0.390805 
1947 0.390805 
1948 0.390805 
1949 -0.169542 
1950 -0.169542 
1951 -0.169542 
1952 -0.169542 
1953 0.130696 
1954 0.130696 
1955 0.130696 
1956 0.198561 
1957 -0.393139 
1958 -0.393139 
1959 -0.393139 
1960 -0.393139 
1961 -0.393139 
1962 -0.393139 
1963 0.094260 
1964 0.094260 
1965 0.094260 
1966 0.172800 
1967 0.172800 
1968 0.172800 
1969 0.172800 
1970 0.172800 
1971 0.172800 
1972 -0.328660 
1973 -0.328660 
1974 -0.328660 
1975 -0.328660 
1976 0.202205 
1977 0.202205 
1978 0.202205 
1979 0.202205 
1980 -0.434041 
1981 -0.434041 
1982 -0.434041 
1983 -0.434041 
1984 0.133603 
1985 0.133603 
1986 0.133603 
1987 0.133603 
1988 -0.485530 
1989 -0.485530 
1990 -0.485530 
1991 -0.485530 
1992 0.069817 
1993 0.069817 
1994 0.069817 
1995 0.069817 
1996 -0.417854 
1997 -0.417854 
1998 0.486553 
1999 0.486553 
2000 0.486553 
2001 0.486553 
2002 0.230484 
2003 0.230484 
2004 0.230484 
2005 0.230484 
2006 0.230484 
2007 -0.393139 
2008 -0.277251 
2009 -0.277251 
2010 -0.277251 
2011 -0.277251 
2012 -0.277251 
2013 -0.277251 
2014 -0.450732 
2015 0.441299 
2016 0.441299 
2017 0.441299 
2018 0.441299 
2019 0.125722 
2020 0.125722 
2021 0.125722 
2022 0.125722 
2023 0.135702 
2024 0.135702 
2025 0.135702 
2026 0.135702 
2027 0.233555 
2028 0.233555 
2029 0.233555 
2030 0.233555 
2031 -0.354554 
2032 -0.354554 
2033 0.182783 
2034 0.182783 
2035 0.182783 
2036 0.182783 
2037 0.182783 
2038 0.182783 
2039 0.242646 
2040 0.242646 
2041 0.242646 
2042 0.242646 
2043 -0.085808 
2044 -0.085808 
2045 -0.085808 
2046 -0.085808 
2047 -0.113032 
2048 -0.113032 
2049 -0.113032 
2050 -0.113032 
2051 -0.191703 
2052 -0.191703 
2053 -0.191703 
2054 -0.191703 
2055 0.405285 
2056 0.405285 
2057 0.405285 
2058 -0.277251 
2059 -0.360770 
2060 -0.360770 
2061 -0.360770 
2062 -0.360770 
2063 -0.360770 
2064 -0.360770 
2065 -0.110195 
2066 -0.110195 
2067 -0.110195 
2068 -0.086835 
2069 -0.086835 
2070 -0.086835 
2071 -0.086835 
2072 -0.086835 
2073 -0.086835 
2074 0.008996 
2075 0.008996 
2076 0.008996 
2077 0.008996 
2078 0.154128 
2079 0.154128 
2080 0.154128 
2081 0.154128 
2082 -0.171129 
2083 -0.171129 
2084 -0.171129 
2085 -0.171129 
2086 0.342369 
2087 0.342369 
2088 0.342369 
2089 0.342369 
2090 -0.382737 
2091 -0.382737 
2092 -0.382737 
2093 -0.382737 
2094 0.103061 
2095 0.103061 
2096 0.103061 
2097 0.103061 
2098 -0.174946 
2099 -0.174946 
2100 0.124638 
2101 0.124638 
2102 0.124638 
2103 0.124638 
2104 0.124638 
2105 0.124638 
2106 0.124638 
2107 -0.360770 
2108 -0.360770 
2109 -0.360770 
2110 -0.360770 
2111 0.039905 
2112 0.039905 
2113 0.039905 
2114 0.039905 
2115 0.039905 
2116 0.039905 
2117 0.030602 
2118 0.030602 
2119 0.030602 
2120 0.030602 
2121 0.030602 
2122 0.030602 
2123 -0.346041 
2124 -0.346041 
2125 -0.346041 
2126 -0.346041 
2127 -0.359774 
2128 -0.359774 
2129 -0.359774 
2130 -0.359774 
2131 -0.233732 
2132 -0.233732 
2133 -0.233732 
2134 -0.233732 
2135 0.206116 
2136 0.206116 
2137 0.206116 
2138 0.206116 
2139 0.206116 
2140 0.206116 
2141 0.206116 
2142 -0.111478 
2143 -0.111478 
2144 -0.111478 
2145 -0.111478 
2146 -0.120674 
2147 -0.120674 
2148 -0.120674 
2149 -0.120674 
2150 -0.193057 
2151 -0.193057 
2152 -0.193057 
2153 -0.193057 
2154 -0.413231 
2155 -0.413231 
2156 -0.413231 
2157 -0.413231 
2158 -0.496552 
2159 -0.496552 
2160 -0.496552 
2161 0.039905 
2162 -0.204677 
2163 -0.204677 
2164 -0.204677 
2165 -0.204677 
2166 -0.204677 
2167 -0.204677 
2168 0.221388 
2169 0.221388 
2170 0.221388 
2171 0.221388 
2172 0.221388 
2173 0.233555 
2174 0.233555 
2175 0.233555 
2176 -0.354554 
2177 -0.354554 
2178 -0.354554 
2179 -0.354554 
2180 -0.337027 
2181 -0.337027 
2182 -0.337027 
2183 -0.337027 
2184 -0.385729 
2185 -0.385729 
2186 -0.385729 
2187 -0.385729 
2188 -0.088905 
2189 -0.088905 
2190 -0.088905 
2191 -0.088905 
2192 -0.052067 
2193 -0.052067 
2194 -0.052067 
2195 -0.052067 
2196 0.370159 
2197 0.370159 
2198 0.370159 
2199 0.370159 
2200 0.181892 
2201 0.181892 
2202 0.181892 
2203 0.181892 
2204 0.181892 
2205 0.103061 
2206 0.103061 
2207 -0.144508 
2208 -0.144508 
2209 -0.144508 
2210 -0.144508 
2211 -0.144508 
2212 -0.204677 
2213 -0.144508 
2214 -0.144508 
2215 -0.144508 
2216 -0.144508 
2217 -0.144508 
2218 -0.144508 
2219 0.270368 
2220 0.270368 
2221 0.270368 
2222 0.270368 
2223 -0.174946 
2224 -0.174946 
2225 -0.174946 
2226 -0.174946 
2227 0.423478 
2228 0.423478 
2229 -0.328660 
2230 -0.328660 
2231 -0.328660 
2232 -0.328660 
2233 -0.328660 
2234 -0.328660 
2235 0.202205 
2236 0.202205 
2237 0.202205 
2238 0.202205 
2239 0.202205 
2240 0.453259 
2241 0.453259 
2242 0.453259 
2243 0.453259 
2244 -0.108047 
2245 -0.108047 
2246 -0.108047 
2247 -0.108047 
2248 0.073972 
2249 0.073972 
2250 0.073972 
2251 0.073972 
2252 0.247935 
2253 0.247935 
2254 0.247935 
2255 0.247935 
2256 -0.392661 
2257 -0.392661 
2258 -0.392661 
2259 -0.392661 
2260 -0.422330 
2261 -0.422330 
2262 -0.422330 
2263 -0.144508 
2264 0.142121 
2265 0.142121 
2266 0.142121 
2267 0.142121 
2268 0.142121 
2269 0.142121 
2270 0.478797 
2271 0.478797 
2272 0.478797 
2273 0.478797 
2274 0.478797 
2275 0.478797 
2276 -0.397644 
2277 -0.397644 
2278 -0.397644 
2279 -0.397644 
2280 0.116541 
2281 0.116541 
2282 0.142121 
2283 0.142121 
2284 0.142121 
2285 0.142121 
2286 0.142121 
2287 0.142121 
2288 0.156810 
2289 0.156810 
2290 0.156810 
2291 0.156810 
2292 0.156810 
2293 0.156810 
2294 -0.371325 
2295 -0.371325 
2296 -0.371325 
2297 -0.371325 
2298 0.242238 
2299 0.242238 
2300 0.242238 
2301 0.242238 
2302 0.312187 
2303 0.312187 
2304 0.312187 
2305 0.312187 
2306 0.312187 
2307 -0.146884 
2308 -0.146884 
2309 0.358043 
2310 0.358043 
2311 0.358043 
2312 0.358043 
2313 0.358043 
2314 0.142121 
2315 0.112521 
2316 0.112521 
2317 0.112521 
2318 0.112521 
2319 0.112521 
2320 0.112521 
2321 -0.302572 
2322 -0.302572 
2323 -0.302572 
2324 -0.302572 
2325 0.348579 
2326 0.348579 
2327 0.348579 
2328 0.348579 
2329 0.382905 
2330 0.382905 
2331 0.078970 
2332 0.078970 
2333 0.078970 
2334 0.078970 
2335 0.078970 
2336 0.078970 
2337 0.356622 
2338 0.356622 
2339 0.356622 
2340 0.356622 
2341 0.356622 
2342 0.124638 
2343 0.124638 
2344 0.124638 
2345 0.124638 
2346 0.030602 
2347 0.030602 
2348 0.030602 
2349 0.030602 
2350 -0.346041 
2351 -0.346041 
2352 -0.346041 
2353 -0.346041 
2354 -0.359774 
2355 -0.359774 
2356 -0.359774 
2357 -0.359774 
2358 -0.233732 
2359 -0.233732 
2360 -0.233732 
2361 -0.233732 
2362 0.035479 
2363 0.035479 
2364 0.035479 
2365 0.035479 
2366 0.454722 
2367 0.454722 
2368 0.454722 
2369 0.454722 
2370 0.454722 
2371 0.112521 
2372 0.270368 
2373 0.270368 
2374 0.270368 
2375 0.270368 
2376 0.270368 
2377 0.270368 
2378 0.208795 
2379 0.208795 
2380 0.208795 
2381 0.208795 
2382 -0.110616 
2383 -0.110616 
2384 -0.110616 
2385 -0.110616 
2386 -0.138867 
2387 -0.138867 
2388 -0.138867 
2389 -0.138867 
2390 -0.465269 
2391 -0.465269 
2392 -0.465269 
2393 -0.465269 
2394 -0.465269 
2395 -0.465269 
2396 0.147289 
2397 0.147289 
2398 0.147289 
2399 0.147289 
2400 0.256425 
2401 0.256425 
2402 0.256425 
2403 0.256425 
2404 0.467351 
2405 0.467351 
2406 0.467351 
2407 0.467351 
2408 0.467351 
2409 -0.085464 
2410 -0.085464 
2411 -0.085464 
2412 -0.085464 
2413 -0.290660 
2414 -0.290660 
2415 -0.290660 
2416 -0.290660 
2417 -0.462940 
2418 -0.462940 
2419 -0.462940 
2420 -0.462940 
2421 -0.462940 
2422 0.270368 
2423 -0.416063 
2424 -0.416063 
2425 -0.416063 
2426 -0.416063 
2427 -0.416063 
2428 -0.416063 
2429 -0.103493 
2430 -0.103493 
2431 -0.103493 
2432 -0.103493 
2433 -0.103493 
2434 -0.103493 
2435 -0.166792 
2436 -0.166792 
2437 -0.166792 
2438 -0.166792 
2439 -0.238409 
2440 -0.238409 
2441 -0.344481 
2442 -0.344481 
2443 -0.344481 
2444 -0.344481 
2445 -0.344481 
2446 -0.344481 
2447 -0.325103 
2448 -0.325103 
2449 -0.325103 
2450 -0.325103 
2451 0.007065 
2452 0.007065 
2453 0.007065 
2454 0.007065 
2455 0.369021 
2456 0.369021 
2457 0.369021 
2458 0.369021 
2459 -0.404157 
2460 -0.404157 
2461 -0.416063 
2462 -0.416063 
2463 -0.416063 
2464 -0.416063 
2465 -0.416063 
2466 -0.416063 
2467 -0.416063 
2468 -0.416063 
2469 0.075160 
2470 0.075160 
2471 0.075160 
2472 0.075160 
2473 0.075160 
2474 -0.416063 
2475 0.471125 
2476 0.471125 
2477 0.471125 
2478 0.471125 
2479 0.471125 
2480 0.471125 
2481 -0.060365 
2482 -0.060365 
2483 -0.060365 
2484 -0.060365 
2485 -0.060365 
2486 0.446622 
2487 0.446622 
2488 0.446622 
2489 0.446622 
2490 -0.042196 
2491 -0.042196 
2492 -0.360770 
2493 -0.360770 
2494 -0.360770 
2495 -0.360770 
2496 -0.360770 
2497 -0.360770 
2498 0.039905 
2499 0.039905 
2500 0.039905 
2501 0.039905 
2502 0.142121 
2503 0.142121 
2504 0.142121 
2505 0.142121 
2506 -0.416063 
2507 -0.416063 
2508 -0.416063 
2509 -0.416063 
2510 -0.416063 
2511 -0.337027 
2512 -0.337027 
2513 -0.337027 
2514 -0.385729 
2515 -0.385729 
2516 -0.385729 
2517 -0.385729 
2518 -0.284907 
2519 -0.284907 
2520 -0.284907 
2521 -0.284907 
2522 -0.284907 
2523 -0.057405 
2524 0.471125 
2525 -0.110616 
2526 -0.110616 
2527 -0.110616 
2528 -0.110616 
2529 -0.110616 
2530 -0.110616 
2531 0.250844 
2532 0.250844 
2533 0.250844 
2534 0.250844 
2535 0.250844 
2536 0.144059 
2537 0.144059 
2538 0.144059 
2539 0.144059 
2540 0.115478 
2541 0.115478 
2542 0.115478 
2543 0.115478 
2544 -0.226676 
2545 -0.226676 
2546 -0.226676 
2547 -0.226676 
2548 0.035479 
2549 0.035479 
2550 0.035479 
2551 0.035479 
2552 -0.099647 
2553 -0.099647 
2554 -0.099647 
2555 -0.099647 
2556 -0.099647 
2557 -0.099647 
2558 -0.057405 
2559 -0.057405 
2560 -0.057405 
2561 -0.057405 
2562 0.212158 
2563 0.212158 
2564 0.212158 
2565 0.212158 
2566 0.402234 
2567 0.402234 
2568 0.402234 
2569 0.402234 
2570 -0.274838 
2571 -0.274838 
2572 -0.274838 
2573 -0.274838 
2574 -0.274838 
2575 -0.110616 
2576 -0.138867 
2577 -0.138867 
2578 -0.138867 
2579 -0.138867 
2580 -0.138867 
2581 -0.138867 
2582 0.302772 
2583 0.302772 
2584 0.302772 
2585 0.302772 
2586 0.302772 
2587 0.250844 
2588 0.250844 
2589 0.250844 
2590 0.250844 
2591 0.144059 
2592 0.144059 
2593 0.144059 
2594 0.144059 
2595 0.115478 
2596 0.115478 
2597 0.115478 
2598 0.115478 
2599 -0.226676 
2600 -0.226676 
2601 -0.226676 
2602 -0.226676 
2603 0.305238 
2604 0.305238 
2605 0.305238 
2606 0.305238 
2607 0.132322 
2608 0.132322 
2609 0.132322 
2610 0.132322 
2611 0.156382 
2612 0.156382 
2613 0.156382 
2614 0.156382 
2615 0.156382 
2616 0.156382 
2617 -0.188613 
2618 -0.188613 
2619 -0.188613 
2620 -0.188613 
2621 -0.181866 
2622 -0.181866 
2623 -0.181866 
2624 -0.181866 
2625 -0.181866 
2626 -0.138867 
2627 0.241027 
2628 0.241027 
2629 0.241027 
2630 0.241027 
2631 0.241027 
2632 0.241027 
2633 -0.421160 
2634 -0.421160 
2635 -0.421160 
2636 -0.427124 
2637 -0.427124 
2638 -0.427124 
2639 -0.427124 
2640 0.496460 
2641 0.496460 
2642 0.496460 
2643 0.496460 
2644 -0.112366 
2645 -0.112366 
2646 0.423478 
2647 0.423478 
2648 0.423478 
2649 0.423478 
2650 0.423478 
2651 0.423478 
2652 0.447730 
2653 0.447730 
2654 0.447730 
2655 0.447730 
2656 0.447730 
2657 0.447730 
2658 0.484481 
2659 0.484481 
2660 0.484481 
2661 0.484481 
2662 0.446464 
2663 0.446464 
2664 0.446464 
2665 0.446464 
2666 -0.031111 
2667 -0.031111 
2668 -0.031111 
2669 -0.031111 
2670 -0.139168 
2671 -0.139168 
2672 -0.139168 
2673 -0.139168 
2674 -0.317089 
2675 -0.317089 
2676 -0.317089 
2677 0.241027 
2678 -0.356141 
2679 -0.356141 
2680 -0.356141 
2681 -0.356141 
2682 -0.356141 
2683 -0.356141 
2684 -0.092906 
2685 -0.419297 
2686 -0.419297 
2687 -0.419297 
2688 -0.419297 
2689 -0.419297 
2690 -0.419297 
2691 0.013830 
2692 0.013830 
2693 0.013830 
2694 0.013830 
2695 0.176196 
2696 0.176196 
2697 0.176196 
2698 0.176196 
2699 -0.082289 
2700 -0.082289 
2701 -0.082289 
2702 -0.082289 
2703 -0.379090 
2704 -0.379090 
2705 -0.379090 
2706 -0.379090 
2707 0.168509 
2708 0.168509 
2709 0.168509 
2710 0.168509 
2711 0.109175 
2712 0.109175 
2713 0.109175 
2714 0.109175 
2715 0.109175 
2716 0.130696 
2717 0.130696 
2718 0.130696 
2719 -0.175605 
2720 -0.175605 
2721 -0.175605 
2722 -0.175605 
2723 0.418972 
2724 0.418972 
2725 0.418972 
2726 0.418972 
2727 -0.123030 
2728 -0.123030 
2729 -0.123030 
2730 -0.356141 
2731 0.008324 
2732 0.008324 
2733 0.008324 
2734 0.008324 
2735 0.008324 
2736 0.008324 
2737 0.008324 
2738 0.008324 
2739 -0.352828 
2740 -0.352828 
2741 -0.352828 
2742 -0.352828 
2743 -0.352828 
2744 -0.352828 
2745 0.354325 
2746 0.354325 
2747 0.483468 
2748 0.483468 
2749 0.483468 
2750 0.483468 
2751 0.483468 
2752 -0.076963 
2753 -0.076963 
2754 0.421104 
2755 0.421104 
2756 -0.255259 
2757 -0.255259 
2758 0.418972 
2759 0.084655 
2760 0.084655 
2761 -0.142458 
2762 -0.184839 
2763 -0.352828 
2764 -0.230587 
2765 -0.230587 
2766 -0.464051 
2767 -0.464051 
2768 0.479566 
2769 0.148148 
2770 0.466360 
2771 0.466360 
2772 0.003850 
2773 0.003850 
2774 0.028059 
2775 0.028059 
2776 -0.443092 
2777 -0.443092 
2778 0.259501 
2779 0.259501 
2780 -0.496552 
2781 -0.244740 
2782 -0.244740 
2783 -0.382014 
2784 -0.382014 
2785 -0.359774 
2786 -0.359774 
2787 -0.233732 
2788 -0.233732 
2789 -0.123030 
2790 0.035479 
2791 0.035479 
2792 -0.004630 
2793 -0.004630 
2794 -0.004630 
2795 -0.004630 
2796 -0.004630 
2797 -0.004630 
2798 -0.004630 
2799 -0.004630 
2800 -0.004630 
2801 -0.004630 
2802 -0.004630 
2803 -0.004630 
2804 -0.004630 
2805 -0.004630 
2806 -0.004630 
2807 -0.004630 
2808 -0.004630 
2809 -0.004630 
2810 -0.004630 
2811 -0.004630 
2812 -0.004630 
2813 -0.004630 
2814 -0.004630 
2815 -0.004630 
2816 0.125722 
2817 -0.184839 
2818 0.249310 
2819 0.094260 
2820 -0.347078 
2821 -0.347078 
2822 -0.347078 
2823 -0.347078 
2824 -0.347078 
2825 -0.347078 
2826 0.135702 
2827 -0.347078 
2828 -0.030318 
2829 0.233555 
2830 0.233555 
2831 0.233555 
2832 0.233555 
2833 0.233555 
2834 0.233555 
2835 0.233555 
2836 0.233555 
2837 0.165124 
2838 0.165124 
2839 -0.354554 
2840 -0.337027 
2841 -0.030318 
2842 -0.030318 
2843 -0.030318 
2844 -0.030318 
2845 -0.030318 
2846 -0.030318 
2847 0.258708 
2848 -0.159012 
2849 -0.498172 
2850 -0.344481 
2851 -0.325103 
2852 0.007065 
2853 0.369021 
2854 -0.404157 
2855 0.060172 
2856 -0.484379 
2857 0.358043 
2858 0.025418 
2859 -0.085464 
2860 0.483468 
2861 0.249310 
2862 -0.356481 
2863 -0.010121 
2864 -0.317010 
2865 -0.099647 
2866 -0.057405 
2867 0.212158 
2868 0.402234 
2869 0.471125 
2870 0.232950 
2871 0.198133 
2872 -0.459453 
2873 -0.060365 
2874 0.479045 
2875 0.268614 
2876 0.198561 
2877 -0.277251 
2878 0.241027 
2879 -0.333628 
2880 0.246506 
2881 0.376582 
2882 0.042109 
2883 0.348579 
2884 -0.317010 
2885 -0.010121 
2886 -0.356481 
2887 -0.096305 
2888 -0.347078 
2889 -0.020226 
2890 -0.017781 
2891 -0.017781 
2892 -0.274838 
2893 -0.092462 
2894 0.346968 
2895 -0.439550 
2896 0.482424 
2897 0.303941 
2898 -0.282797 
2899 -0.450000 
2900 -0.010121 
2901 -0.317010 
2902 -0.302572 
2903 -0.181866 
2904 0.431614 
2905 -0.421160 
2906 0.068519 
2907 -0.017013 
2908 -0.017013 
2909 -0.385729 
2910 -0.302572 
2911 0.208586 
2912 0.446464 
2913 0.446464 
2914 -0.139168 
2915 -0.189835 
2916 -0.139168 
2917 -0.031111 
2918 -0.031111 
2919 0.075513 
2920 -0.139168 
2921 -0.374119 
2922 0.447730 
2923 -0.139168 
2924 0.484481 
2925 -0.111478 
2926 0.088636 
2927 -0.284907 
2928 -0.017013 
2929 -0.180733 
2930 -0.284907 
2931 -0.017013 
2932 -0.284907 
2933 -0.017013 
2934 -0.017013 
2935 -0.112258 
2936 -0.284907 
2937 -0.271455 
2938 -0.002267 
2939 -0.002267 
2940 -0.002267 
2941 -0.002267 
2942 -0.002267 
2943 -0.002267 
2944 -0.284907 
2945 -0.111478 
2946 -0.017013 
2947 -0.112258 
2948 -0.017013 
2949 -0.284907 
2950 0.068519 
2951 -0.284907 
2952 -0.284907 
2953 -0.284907 
2954 -0.112258 
2955 -0.271455 
2956 -0.284907 
2957 -0.284907 
2958 -0.346041 
2959 -0.112258 
2960 -0.346041 
2961 -0.346041 
2962 -0.111478 
2963 -0.223356 
2964 0.165124 
2965 0.165124 
2966 0.165124 
2967 0.165124 
2968 0.165124 
2969 0.165124 
2970 0.165124 
2971 0.165124 
2972 -0.364402 
2973 -0.429503 
2974 0.325467 
2975 -0.146884 
2976 -0.022814 
2977 -0.271280 
2978 -0.329506 
2979 0.182783 
2980 0.242646 
2981 -0.085808 
2982 -0.113032 
2983 -0.191703 
2984 -0.110195 
2985 0.212533 
2986 -0.450706 
2987 0.165124 
2988 -0.014703 
2989 0.265490 
2990 -0.223356 
2991 -0.223356 
2992 -0.223356 
2993 -0.223356 
2994 -0.223356 
2995 -0.223356 
2996 -0.022799 
2997 0.208586 
2998 -0.189835 
2999 0.075513 
3000 0.148998 
3001 -0.022799 
3002 -0.374119 
3003 0.447730 
3004 0.447730 
3005 0.447730 
3006 0.484481 
3007 -0.111478 
3008 0.216875 
3009 0.216875 
3010 0.216875 
3011 -0.180733 
3012 -0.022799 
3013 -0.284907 
3014 -0.478760 
3015 0.148998 
3016 -0.112258 
3017 -0.112258 
3018 0.068519 
3019 0.088636 
3020 0.068519 
3021 0.068519 
3022 0.446464 
3023 0.148998 
3024 -0.111478 
3025 0.216875 
3026 0.216875 
3027 0.068519 
3028 -0.478760 
3029 0.068519 
3030 0.302772 
