958 1
0 1.729376 
1 1.933205 
2 0.505386 
3 1.278396 
4 1.886712 
5 2.198711 
6 0.530864 
7 0.353099 
8 0.939123 
9 1.240210 
10 1.886675 
11 1.965986 
12 1.238873 
13 1.656014 
14 1.752944 
15 1.253266 
16 1.823425 
17 -0.726762 
18 -0.989333 
19 -1.751615 
20 -1.384618 
21 1.717546 
22 1.429462 
23 1.690935 
24 0.001690 
25 2.310081 
26 1.621541 
27 0.799934 
28 0.864482 
29 0.976598 
30 1.869719 
31 1.434307 
32 1.851500 
33 1.893033 
34 0.954578 
35 0.381600 
36 0.943862 
37 1.523967 
38 1.356533 
39 1.243054 
40 1.251549 
41 2.132010 
42 1.484546 
43 0.798230 
44 1.084122 
45 2.461480 
46 0.228346 
47 1.258630 
48 2.268343 
49 1.604314 
50 0.845750 
51 0.028512 
52 -0.298717 
53 1.285762 
54 2.341785 
55 0.736435 
56 -1.415883 
57 -1.206040 
58 -0.862287 
59 -2.203405 
60 -0.119037 
61 -1.171084 
62 0.069174 
63 -2.945713 
64 -3.456576 
65 0.082676 
66 0.080507 
67 -0.871987 
68 -0.709329 
69 -0.971519 
70 -2.040822 
71 -2.067145 
72 -1.627706 
73 -1.358882 
74 -1.370700 
75 -1.624032 
76 -1.413470 
77 -0.966697 
78 0.392008 
79 2.427399 
80 0.268162 
81 2.802280 
82 0.034079 
83 0.875671 
84 1.401266 
85 2.486631 
86 0.239991 
87 0.004627 
88 0.326536 
89 -2.207565 
90 -1.810718 
91 1.243470 
92 1.634248 
93 1.794520 
94 1.195686 
95 1.346960 
96 1.819228 
97 1.352134 
98 1.372293 
99 1.521916 
100 1.657673 
101 1.591459 
102 1.419063 
103 1.453744 
104 1.480042 
105 1.676989 
106 1.492484 
107 1.693908 
108 1.992476 
109 1.629843 
110 1.217754 
111 1.679829 
112 1.431550 
113 1.637550 
114 1.499530 
115 1.339558 
116 1.632159 
117 1.578580 
118 1.509927 
119 1.250396 
120 1.391288 
121 1.701549 
122 1.282780 
123 1.546094 
124 1.638489 
125 1.564426 
126 1.610945 
127 1.304228 
128 1.676859 
129 1.667181 
130 1.233945 
131 1.540926 
132 1.446597 
133 1.693532 
134 1.528698 
135 1.698007 
136 1.561035 
137 1.597449 
138 1.887217 
139 1.295686 
140 1.659972 
141 2.007036 
142 1.305660 
143 1.550971 
144 -1.204145 
145 1.393369 
146 1.825920 
147 1.966512 
148 1.507723 
149 1.710076 
150 1.735595 
151 0.993870 
152 1.884058 
153 1.897303 
154 1.490850 
155 0.939941 
156 0.181213 
157 1.872457 
158 1.470317 
159 1.801910 
160 2.416897 
161 1.372734 
162 -1.194225 
163 -0.748353 
164 -1.777414 
165 -1.807310 
166 -1.646121 
167 1.339388 
168 1.589547 
169 1.565840 
170 1.359534 
171 1.747257 
172 1.588178 
173 1.620540 
174 1.450676 
175 1.148515 
176 1.966505 
177 1.860714 
178 -0.374683 
179 1.573622 
180 1.807839 
181 -1.537368 
182 -1.813966 
183 -1.347355 
184 -1.405139 
185 -1.616002 
186 -2.204193 
187 -1.277629 
188 -1.506573 
189 -1.569277 
190 1.793446 
191 1.852287 
192 1.072840 
193 0.703185 
194 1.905994 
195 1.736747 
196 2.070505 
197 0.547871 
198 0.768822 
199 -1.641050 
200 -1.779561 
201 -1.081627 
202 -1.797475 
203 -1.857317 
204 -1.455572 
205 -1.562629 
206 -1.675379 
207 -1.563508 
208 -1.599278 
209 -1.730723 
210 -1.510546 
211 -1.537484 
212 -1.613456 
213 -1.578205 
214 -1.907657 
215 -1.078538 
216 -2.055441 
217 -1.718663 
218 -1.748925 
219 -1.080610 
220 -2.158242 
221 -1.750952 
222 -1.318828 
223 -0.966425 
224 -1.456221 
225 -1.519054 
226 -1.801154 
227 -1.478037 
228 -2.057287 
229 -1.310723 
230 -1.223345 
231 -0.968730 
232 -1.660915 
233 -1.658965 
234 -1.435701 
235 -1.508134 
236 -1.239408 
237 -1.710728 
238 -1.389143 
239 -1.994845 
240 -1.535155 
241 -1.539622 
242 -1.493495 
243 -1.783648 
244 -0.812429 
245 -1.917143 
246 -1.846825 
247 -1.589903 
248 -1.597296 
249 -1.993050 
250 -1.652569 
251 -0.953286 
252 -1.608856 
253 -1.354753 
254 -0.940286 
255 -2.283474 
256 -1.955124 
257 -0.921416 
258 -1.167615 
259 -1.635480 
260 -1.124384 
261 -1.651844 
262 -1.374398 
263 -1.476465 
264 -1.719018 
265 -1.462505 
266 -1.369856 
267 -1.528749 
268 -1.513689 
269 -1.310518 
270 -1.506121 
271 -1.965928 
272 -1.472351 
273 1.598255 
274 0.383829 
275 1.949581 
276 1.830405 
277 1.542531 
278 0.877802 
279 1.157331 
280 1.010750 
281 1.856735 
282 1.576210 
283 1.164572 
284 1.236212 
285 1.507976 
286 1.416754 
287 1.512224 
288 0.867115 
289 1.269071 
290 1.697420 
291 1.508911 
292 1.203728 
293 1.170157 
294 1.269942 
295 1.399087 
296 1.479065 
297 0.891249 
298 0.745715 
299 1.387632 
300 1.099371 
301 1.531118 
302 1.225382 
303 0.483069 
304 0.316080 
305 1.656070 
306 1.273819 
307 1.309471 
308 -1.024221 
309 1.594822 
310 1.452991 
311 1.209554 
312 -3.174654 
313 -0.299905 
314 -0.312472 
315 -0.181549 
316 1.400268 
317 1.081310 
318 1.299290 
319 1.243670 
320 1.220423 
321 1.177040 
322 1.453887 
323 1.043302 
324 1.408643 
325 1.036534 
326 1.255798 
327 1.308202 
328 1.622425 
329 1.011770 
330 1.175276 
331 1.377937 
332 1.281355 
333 1.403003 
334 1.312407 
335 1.300506 
336 1.093194 
337 1.430904 
338 1.471067 
339 1.191654 
340 1.145299 
341 1.621057 
342 1.232935 
343 1.207140 
344 1.162329 
345 1.324764 
346 1.365711 
347 1.232508 
348 1.118484 
349 1.387728 
350 1.200956 
351 1.316861 
352 1.242088 
353 1.236823 
354 1.127795 
355 1.318605 
356 1.182706 
357 1.395047 
358 1.345905 
359 1.168871 
360 1.196863 
361 1.102157 
362 1.388114 
363 1.576783 
364 1.187379 
365 1.086227 
366 1.302139 
367 1.322271 
368 1.066521 
369 1.001184 
370 1.556087 
371 1.270943 
372 1.358040 
373 1.056761 
374 1.136540 
375 1.444460 
376 1.234205 
377 1.282022 
378 1.181478 
379 1.012683 
380 1.244287 
381 0.898757 
382 1.282873 
383 1.402238 
384 1.430738 
385 0.988659 
386 1.167676 
387 1.524720 
388 1.200903 
389 1.359779 
390 1.175607 
391 1.113883 
392 1.428593 
393 1.147078 
394 1.223368 
395 1.078083 
396 1.290896 
397 1.210373 
398 1.223739 
399 1.136854 
400 1.287181 
401 1.295069 
402 1.310452 
403 1.214041 
404 1.359677 
405 1.202129 
406 1.132022 
407 1.318123 
408 1.190799 
409 1.248543 
410 1.112292 
411 1.302759 
412 1.137398 
413 1.602796 
414 1.075147 
415 1.029465 
416 0.934499 
417 1.449386 
418 1.345492 
419 1.187097 
420 0.897186 
421 1.400766 
422 1.225106 
423 1.489707 
424 1.194900 
425 1.318654 
426 1.071605 
427 1.429087 
428 1.207315 
429 1.184913 
430 0.931668 
431 1.382610 
432 1.147395 
433 1.013116 
434 1.385402 
435 1.132964 
436 0.890607 
437 1.228200 
438 1.487038 
439 1.198534 
440 1.050638 
441 1.305329 
442 1.151741 
443 1.310836 
444 1.680623 
445 -0.198262 
446 1.426080 
447 1.461820 
448 1.023600 
449 1.731568 
450 0.993310 
451 1.416129 
452 1.554498 
453 1.509876 
454 1.179778 
455 1.064595 
456 1.467658 
457 1.212203 
458 1.048398 
459 1.240007 
460 1.083109 
461 1.249957 
462 1.299675 
463 1.334180 
464 1.324956 
465 1.514367 
466 0.772400 
467 1.220289 
468 1.348453 
469 1.524234 
470 0.819969 
471 1.386814 
472 1.097039 
473 1.456599 
474 0.948288 
475 1.489196 
476 1.207705 
477 1.232325 
478 1.060587 
479 1.263362 
480 1.513047 
481 1.143762 
482 1.427699 
483 0.900540 
484 0.809561 
485 1.574653 
486 1.071876 
487 1.353281 
488 1.500055 
489 1.118620 
490 1.030882 
491 1.098336 
492 1.134354 
493 0.992331 
494 1.357180 
495 1.236667 
496 1.427373 
497 1.174648 
498 1.829668 
499 -0.180470 
500 -1.535334 
501 -1.671441 
502 -1.121455 
503 -1.298790 
504 1.599256 
505 2.181381 
506 -0.006027 
507 -0.138941 
508 -0.208036 
509 -0.296259 
510 1.528384 
511 2.528621 
512 2.526487 
513 -0.092805 
514 -0.019901 
515 1.181139 
516 1.120148 
517 1.040627 
518 1.387783 
519 1.047848 
520 1.336617 
521 1.095888 
522 1.361485 
523 1.277540 
524 1.311595 
525 1.249660 
526 1.213171 
527 1.164788 
528 1.227337 
529 1.103340 
530 1.155328 
531 1.523982 
532 1.088058 
533 0.854098 
534 1.429736 
535 1.679484 
536 1.342846 
537 1.500105 
538 0.597199 
539 1.355586 
540 1.496040 
541 1.296360 
542 1.195415 
543 0.724703 
544 0.657624 
545 0.880739 
546 1.772749 
547 1.881040 
548 1.390282 
549 1.312819 
550 1.021959 
551 1.219591 
552 1.541631 
553 0.349943 
554 1.708144 
555 -1.721037 
556 -1.662296 
557 -1.437284 
558 -1.948478 
559 -1.297931 
560 -1.038972 
561 -0.998256 
562 -1.553569 
563 -1.668785 
564 -1.263646 
565 -1.389505 
566 -1.183660 
567 -1.265434 
568 -0.992299 
569 -1.199568 
570 -1.552606 
571 -1.112795 
572 -1.790510 
573 -1.376492 
574 -0.161876 
575 -1.498998 
576 -2.785850 
577 -1.219791 
578 -0.014397 
579 -0.084625 
580 0.267296 
581 1.319037 
582 1.654921 
583 1.702538 
584 1.309316 
585 1.235748 
586 1.348615 
587 1.131142 
588 1.204980 
589 1.321505 
590 1.213606 
591 1.306090 
592 1.392571 
593 0.981426 
594 1.777933 
595 0.722166 
596 1.277689 
597 1.402834 
598 1.349036 
599 1.219972 
600 1.402721 
601 1.099721 
602 1.612965 
603 1.122082 
604 1.039243 
605 1.289869 
606 1.005144 
607 1.672279 
608 1.797827 
609 1.939708 
610 0.357990 
611 -0.685153 
612 -1.152296 
613 -1.026120 
614 -0.987451 
615 2.623491 
616 1.508826 
617 -0.017189 
618 1.628471 
619 1.260576 
620 -1.128048 
621 -1.423255 
622 -1.415645 
623 -1.515648 
624 -1.286775 
625 -1.429438 
626 -1.376798 
627 -1.090760 
628 -1.204236 
629 -1.497728 
630 -1.205732 
631 -1.052848 
632 -1.262099 
633 -1.406227 
634 -1.525041 
635 -1.374004 
636 -1.351944 
637 -1.444469 
638 -1.292801 
639 -1.442069 
640 -1.514952 
641 -1.390091 
642 -1.412631 
643 -1.332043 
644 -1.166492 
645 -1.275481 
646 -1.358526 
647 -1.317053 
648 -1.223219 
649 -1.402271 
650 -1.337305 
651 -1.034719 
652 -1.318534 
653 -1.551135 
654 -1.517057 
655 -1.169689 
656 -1.726739 
657 -1.653652 
658 -1.554388 
659 0.052871 
660 -1.623973 
661 -1.577240 
662 -0.522651 
663 1.688936 
664 1.431272 
665 1.259775 
666 0.791452 
667 1.711313 
668 1.055385 
669 1.894116 
670 0.844017 
671 1.756369 
672 0.886663 
673 0.961112 
674 1.114344 
675 2.155303 
676 2.367744 
677 0.673518 
678 1.081081 
679 0.796949 
680 0.721576 
681 -0.689431 
682 -0.391104 
683 -3.245784 
684 -1.376718 
685 -1.389692 
686 -1.365163 
687 -1.288751 
688 -1.343663 
689 -1.272513 
690 -1.017714 
691 -1.519635 
692 -1.036172 
693 -1.408892 
694 -1.258116 
695 -1.320019 
696 -1.496438 
697 -1.056150 
698 -1.513607 
699 -0.934245 
700 -1.339349 
701 -1.383338 
702 -1.234550 
703 -1.206062 
704 -1.399390 
705 -1.265586 
706 -1.303092 
707 -1.390636 
708 -1.372117 
709 -1.232273 
710 -1.383881 
711 -1.494901 
712 -1.179204 
713 -1.719627 
714 -1.446631 
715 -1.013323 
716 -1.134435 
717 -1.154254 
718 -1.392451 
719 -1.454630 
720 -1.263837 
721 -1.312649 
722 -1.326148 
723 -1.384511 
724 -1.527473 
725 -1.375681 
726 -1.313279 
727 -1.280602 
728 -1.071411 
729 -1.363968 
730 -1.588507 
731 -1.390044 
732 -1.624529 
733 -1.624437 
734 -1.608842 
735 -1.211547 
736 -1.058368 
737 -1.128406 
738 -1.625587 
739 -1.596036 
740 -1.432456 
741 -1.376404 
742 -1.216081 
743 -1.030849 
744 -1.180539 
745 -1.355089 
746 -1.483496 
747 -1.359636 
748 -1.130397 
749 -0.988603 
750 -1.347826 
751 -1.748506 
752 -1.525726 
753 -1.421499 
754 -1.288232 
755 -1.262542 
756 -1.573717 
757 -1.771282 
758 -1.469157 
759 -1.788208 
760 -1.606716 
761 -1.505018 
762 -1.489459 
763 -1.528221 
764 -1.391414 
765 -1.415460 
766 -1.480379 
767 -1.541062 
768 -1.315740 
769 -1.168976 
770 -1.348881 
771 -1.147161 
772 -1.465103 
773 -1.431472 
774 -1.380928 
775 -1.216943 
776 -1.266288 
777 -1.259154 
778 -1.234307 
779 -1.389967 
780 -1.114556 
781 -1.124941 
782 -1.400348 
783 -1.157713 
784 -1.443526 
785 -1.624003 
786 -1.073517 
787 -1.666140 
788 -1.174641 
789 -1.063190 
790 -1.620174 
791 -1.567153 
792 -1.214480 
793 -1.330282 
794 -1.389494 
795 -1.281749 
796 -1.490725 
797 -1.208096 
798 -1.207537 
799 -1.453297 
800 -1.266427 
801 -1.427521 
802 -1.572242 
803 -1.694575 
804 -0.852651 
805 -1.928132 
806 -1.360037 
807 -1.253442 
808 -1.180027 
809 -1.273512 
810 -1.249685 
811 -1.386330 
812 -1.454411 
813 -1.322234 
814 -1.228303 
815 -1.266919 
816 -1.324083 
817 -1.297646 
818 -1.372389 
819 -1.075926 
820 -1.297609 
821 -1.485061 
822 -1.171760 
823 -1.328402 
824 -1.586005 
825 -1.512020 
826 -0.969631 
827 -1.257173 
828 -1.270727 
829 -1.602036 
830 -1.528454 
831 -1.307410 
832 -2.098008 
833 -1.105530 
834 -0.820389 
835 -1.044155 
836 -0.679933 
837 -1.541610 
838 -1.072340 
839 -1.774901 
840 -1.212943 
841 -1.623195 
842 -1.063416 
843 -1.309405 
844 -1.338377 
845 -1.459107 
846 -1.304792 
847 -1.315932 
848 -1.197165 
849 -1.471747 
850 -1.142913 
851 -1.273140 
852 -1.392274 
853 -1.581419 
854 -1.119318 
855 -1.391395 
856 -1.402769 
857 -1.194859 
858 -1.525982 
859 -1.537199 
860 -1.563848 
861 -1.197867 
862 -1.455899 
863 -1.634652 
864 -1.767004 
865 -1.677787 
866 -1.691207 
867 -1.229619 
868 -1.781430 
869 -0.965205 
870 -1.035266 
871 -1.258739 
872 -1.680898 
873 -1.877317 
874 -1.069590 
875 -1.146568 
876 -1.286458 
877 -1.685840 
878 -1.625942 
879 -1.600709 
880 -1.298262 
881 -1.718963 
882 -1.445383 
883 -1.395037 
884 -1.800952 
885 -1.572134 
886 -0.421127 
887 -2.076031 
888 -1.163734 
889 -1.696219 
890 -1.299164 
891 -1.352334 
892 -1.519614 
893 -1.239402 
894 -1.295283 
895 -1.452123 
896 -1.320710 
897 -1.456996 
898 -1.245694 
899 -1.242999 
900 -1.707816 
901 -1.990961 
902 -1.531027 
903 -0.457458 
904 -0.565076 
905 -1.875450 
906 -0.051775 
907 -2.577627 
908 -0.185573 
909 -0.284034 
910 -0.109532 
911 3.807478 
912 2.296639 
913 0.731678 
914 1.285991 
915 1.055663 
916 1.628583 
917 0.773007 
918 0.729050 
919 1.983143 
920 1.050948 
921 1.667879 
922 0.941150 
923 1.472298 
924 1.385871 
925 1.467577 
926 1.970861 
927 1.107353 
928 1.290076 
929 1.224363 
930 2.046862 
931 1.191349 
932 1.142796 
933 1.149594 
934 1.342940 
935 1.752616 
936 1.398083 
937 1.373448 
938 1.524593 
939 1.222321 
940 1.321236 
941 1.608205 
942 1.461756 
943 1.361027 
944 1.439460 
945 1.205767 
946 1.635753 
947 1.274204 
948 1.543105 
949 1.517903 
950 1.581032 
951 1.035572 
952 1.305874 
953 1.385304 
954 1.273602 
955 1.825694 
956 2.199441 
957 2.368719 
