958 1
0 1.405610 
1 1.625528 
2 0.973858 
3 1.369029 
4 1.505280 
5 2.269083 
6 0.126920 
7 0.030405 
8 1.204285 
9 1.827730 
10 1.865186 
11 -0.308704 
12 -0.002599 
13 0.061363 
14 1.114758 
15 2.348554 
16 2.328809 
17 0.034957 
18 0.273996 
19 1.131490 
20 0.795610 
21 1.585549 
22 1.859149 
23 -1.072106 
24 0.687698 
25 0.906093 
26 2.226008 
27 1.083646 
28 -0.925117 
29 1.160177 
30 1.949086 
31 1.294963 
32 2.212493 
33 0.766553 
34 -1.405932 
35 0.546922 
36 -1.665955 
37 0.456219 
38 1.325870 
39 1.753034 
40 -0.007345 
41 0.634040 
42 0.708512 
43 2.254364 
44 1.863117 
45 -0.491008 
46 1.805769 
47 -1.048097 
48 -1.943855 
49 -1.006894 
50 1.856092 
51 -0.304693 
52 1.259623 
53 1.000137 
54 1.998435 
55 -1.465546 
56 0.130433 
57 -0.307899 
58 -2.057362 
59 0.142153 
60 -0.134852 
61 -1.515442 
62 -1.513533 
63 -1.172864 
64 1.832733 
65 0.673166 
66 0.699893 
67 1.857841 
68 0.176226 
69 0.242689 
70 1.710155 
71 2.143390 
72 -1.042682 
73 1.859630 
74 0.965136 
75 1.479260 
76 -1.838496 
77 0.908553 
78 1.393682 
79 1.642504 
80 2.286532 
81 0.172347 
82 0.921245 
83 -1.528053 
84 -2.445421 
85 0.699577 
86 -0.652149 
87 1.314213 
88 1.295951 
89 0.025875 
90 2.077653 
91 -0.359548 
92 0.800455 
93 1.383414 
94 -2.165655 
95 1.016962 
96 2.369438 
97 -0.015244 
98 1.529299 
99 -0.141072 
100 2.146919 
101 -0.596151 
102 1.121558 
103 1.098788 
104 0.054394 
105 -1.733446 
106 0.630420 
107 1.766749 
108 1.838972 
109 1.282179 
110 0.813638 
111 1.725395 
112 1.004574 
113 -0.901922 
114 1.895132 
115 1.771378 
116 -0.534718 
117 -1.001711 
118 2.016006 
119 1.883224 
120 1.387867 
121 -0.931691 
122 -1.182711 
123 -1.328529 
124 1.275851 
125 -0.438395 
126 -2.624092 
127 0.257211 
128 -0.938032 
129 -2.706004 
130 -0.855291 
131 0.326805 
132 2.013557 
133 1.633027 
134 0.410053 
135 -1.349550 
136 1.897910 
137 -1.303541 
138 -0.442477 
139 -1.873740 
140 1.635810 
141 -1.675962 
142 1.519063 
143 -1.243780 
144 -1.209434 
145 -0.907529 
146 0.421560 
147 -2.655987 
148 -2.022741 
149 -1.406868 
150 -1.815291 
151 1.092995 
152 0.655326 
153 1.989521 
154 1.871140 
155 -0.260343 
156 -1.942780 
157 1.395106 
158 1.502365 
159 0.528217 
160 -2.573204 
161 -0.850667 
162 -0.997321 
163 1.079016 
164 -2.093189 
165 1.688876 
166 0.791319 
167 -0.094159 
168 -1.881622 
169 -0.309809 
170 0.498928 
171 -2.194559 
172 -1.342282 
173 -1.373242 
174 -2.269476 
175 -1.553907 
176 -1.740348 
177 -1.786988 
178 -1.009782 
179 1.915161 
180 2.405901 
181 -0.729298 
182 0.493734 
183 -0.093731 
184 -2.071494 
185 -0.273731 
186 2.037818 
187 -0.706744 
188 0.996905 
189 0.489939 
190 -2.459309 
191 0.079578 
192 1.610185 
193 0.270163 
194 0.078529 
195 2.217974 
196 0.255410 
197 1.964594 
198 1.813636 
199 0.884799 
200 -2.257616 
201 -1.419966 
202 1.215257 
203 -0.711534 
204 1.364569 
205 1.594853 
206 -0.038686 
207 -2.014316 
208 -1.709796 
209 2.026436 
210 -1.424429 
211 0.045719 
212 1.113287 
213 1.934971 
214 0.919474 
215 -1.579847 
216 -2.413440 
217 0.497977 
218 1.463460 
219 -0.298862 
220 -2.558222 
221 -0.584285 
222 -1.676669 
223 0.031161 
224 -0.269772 
225 0.802991 
226 -0.959094 
227 2.475741 
228 1.896267 
229 1.044498 
230 1.132600 
231 1.126194 
232 2.156662 
233 1.528328 
234 -0.028126 
235 -1.475967 
236 -0.222284 
237 1.568324 
238 1.764935 
239 1.589856 
240 0.952967 
241 1.582934 
242 1.559733 
243 1.364638 
244 0.966101 
245 -0.492980 
246 1.794316 
247 1.970490 
248 1.514057 
249 1.600395 
250 -0.179413 
251 1.738912 
252 1.745902 
253 1.554163 
254 1.277943 
255 0.856451 
256 0.515643 
257 1.641669 
258 -1.489097 
259 1.707503 
260 2.054596 
261 0.118374 
262 -1.731434 
263 0.857018 
264 2.790763 
265 -0.540109 
266 -0.122468 
267 0.259555 
268 -2.563287 
269 0.435348 
270 -1.527401 
271 -0.804428 
272 1.940042 
273 1.423995 
274 -0.528979 
275 1.561212 
276 0.831834 
277 1.353328 
278 1.755603 
279 1.596126 
280 1.906042 
281 1.237228 
282 1.614075 
283 0.708063 
284 1.559236 
285 -2.274736 
286 0.873781 
287 -0.905065 
288 -2.717890 
289 0.209944 
290 -0.808060 
291 -1.076922 
292 -2.035034 
293 -2.103377 
294 -0.200404 
295 0.739833 
296 -0.098576 
297 1.637457 
298 0.149670 
299 1.084978 
300 0.256184 
301 0.947067 
302 2.209173 
303 -1.264859 
304 0.537528 
305 -0.013594 
306 2.543275 
307 -0.931090 
308 -0.214076 
309 -1.052187 
310 1.932147 
311 1.507363 
312 -0.152938 
313 1.072240 
314 -1.926079 
315 -1.607615 
316 -0.879062 
317 2.282062 
318 0.532675 
319 -1.413274 
320 1.340066 
321 1.919643 
322 -0.008575 
323 -1.540096 
324 1.658076 
325 1.733711 
326 0.762081 
327 -1.160288 
328 2.238620 
329 0.825574 
330 -1.068153 
331 -1.100597 
332 -1.467319 
333 1.110252 
334 -1.002907 
335 1.974391 
336 1.462297 
337 1.609942 
338 0.440324 
339 1.242021 
340 0.904591 
341 -0.554934 
342 1.721309 
343 1.650749 
344 2.184363 
345 -0.722035 
346 0.489545 
347 1.419637 
348 0.048824 
349 2.180082 
350 1.215103 
351 -0.351747 
352 -0.695487 
353 1.511599 
354 1.367968 
355 1.079158 
356 1.482686 
357 0.673252 
358 2.135348 
359 -0.427631 
360 -2.225183 
361 1.024659 
362 -0.364825 
363 -1.594330 
364 -2.243742 
365 1.397518 
366 -0.866672 
367 -0.889406 
368 0.809206 
369 1.031360 
370 -0.806656 
371 2.242431 
372 -0.322792 
373 0.122888 
374 -2.076318 
375 1.757763 
376 1.053888 
377 2.503896 
378 0.095251 
379 -0.319404 
380 0.475881 
381 1.264694 
382 -0.482775 
383 2.287342 
384 -1.445177 
385 -0.518268 
386 2.363871 
387 0.542030 
388 0.730961 
389 1.850989 
390 0.072756 
391 1.809087 
392 -0.052976 
393 1.824319 
394 1.810754 
395 0.789096 
396 -1.704363 
397 1.262216 
398 1.814379 
399 0.204554 
400 -1.397553 
401 1.076372 
402 2.139206 
403 0.382338 
404 -1.379665 
405 0.138566 
406 2.117937 
407 -1.502552 
408 1.785870 
409 -1.076770 
410 0.973372 
411 0.968087 
412 1.277110 
413 -0.355486 
414 1.806486 
415 1.352374 
416 0.317502 
417 -0.051371 
418 0.926441 
419 2.482302 
420 -1.651593 
421 -0.295479 
422 1.687915 
423 -1.901705 
424 -0.971326 
425 -1.606113 
426 1.338992 
427 -1.615360 
428 0.669858 
429 1.803702 
430 -1.108537 
431 -1.710157 
432 1.087780 
433 1.646091 
434 1.704742 
435 -0.840182 
436 1.390402 
437 -1.005721 
438 -1.763628 
439 -1.942177 
440 -1.123500 
441 -2.237417 
442 -1.196195 
443 -1.174061 
444 -1.863802 
445 -1.932862 
446 -0.377086 
447 0.527312 
448 -1.427886 
449 -0.111581 
450 0.538900 
451 -2.230520 
452 -1.715873 
453 -2.157113 
454 0.597892 
455 0.775544 
456 0.749173 
457 -1.517902 
458 2.073314 
459 0.852076 
460 0.855165 
461 -0.124829 
462 2.157616 
463 1.315396 
464 -1.016922 
465 2.554594 
466 -0.298436 
467 -1.114317 
468 2.235659 
469 1.196776 
470 -1.391905 
471 -0.600915 
472 -0.587215 
473 1.019569 
474 1.296492 
475 2.148731 
476 1.246104 
477 0.380929 
478 0.263534 
479 2.273942 
480 0.383467 
481 1.129222 
482 2.233872 
483 0.587532 
484 -2.520035 
485 0.273421 
486 -0.707928 
487 -0.624447 
488 -0.013346 
489 -1.024211 
490 1.865321 
491 1.578294 
492 2.202839 
493 -0.493535 
494 -1.719290 
495 -0.833650 
496 0.116913 
497 0.907320 
498 -2.572206 
499 -1.257056 
500 1.608024 
501 -2.099469 
502 -1.240810 
503 0.842239 
504 -1.767901 
505 0.016100 
506 -1.445568 
507 2.009236 
508 -2.368246 
509 0.637526 
510 -1.816921 
511 0.612273 
512 -0.855713 
513 2.408163 
514 1.065298 
515 -0.103799 
516 -1.261126 
517 -1.959165 
518 -1.676158 
519 -1.559814 
520 -2.227138 
521 -0.627401 
522 -1.746269 
523 -0.593073 
524 -2.319561 
525 -0.062202 
526 1.382095 
527 0.703582 
528 -1.714798 
529 -0.109617 
530 0.720310 
531 -2.206329 
532 2.313391 
533 -1.023217 
534 1.205839 
535 -0.818478 
536 -1.773893 
537 1.459103 
538 -0.145652 
539 -1.309006 
540 1.672123 
541 1.074174 
542 1.293082 
543 1.137577 
544 -1.408623 
545 0.084612 
546 1.956551 
547 1.407846 
548 -1.446784 
549 -0.989734 
550 1.612838 
551 -1.911354 
552 -0.185448 
553 -1.185057 
554 2.376212 
555 0.821321 
556 -0.972249 
557 2.046357 
558 1.033684 
559 -0.342020 
560 0.720577 
561 2.154192 
562 -1.215209 
563 -0.646128 
564 0.756368 
565 -0.216169 
566 -0.511231 
567 -2.716374 
568 -1.048316 
569 -1.353034 
570 1.968437 
571 0.966168 
572 1.895721 
573 -0.295573 
574 1.560228 
575 1.307147 
576 2.512303 
577 -0.727205 
578 0.961458 
579 0.311443 
580 -1.471910 
581 -0.092884 
582 1.860100 
583 1.269384 
584 -1.875744 
585 1.561498 
586 -1.496303 
587 1.029505 
588 -0.998440 
589 -1.240230 
590 -2.310354 
591 -1.430672 
592 -1.850747 
593 0.984723 
594 -2.135969 
595 -0.122394 
596 -2.254470 
597 -0.295805 
598 -1.763855 
599 -1.264712 
600 -1.922729 
601 -1.690712 
602 -1.797006 
603 0.441069 
604 -2.493608 
605 1.361686 
606 -0.011791 
607 -0.252013 
608 -2.453238 
609 -0.245126 
610 0.496955 
611 1.061162 
612 1.667892 
613 -2.177922 
614 0.260999 
615 0.163107 
616 2.794112 
617 0.625729 
618 -0.457243 
619 0.047162 
620 -1.232180 
621 1.084813 
622 -0.724713 
623 2.299727 
624 0.033257 
625 0.561298 
626 2.435324 
627 -1.312459 
628 1.176903 
629 -0.874596 
630 1.676852 
631 -1.924788 
632 0.449047 
633 -0.894834 
634 2.183820 
635 -1.608531 
636 2.265489 
637 -1.504255 
638 0.239453 
639 0.802926 
640 -1.216473 
641 -1.074715 
642 1.591649 
643 -2.093436 
644 0.287308 
645 -0.881561 
646 1.864775 
647 2.003061 
648 0.626599 
649 2.358183 
650 0.468426 
651 1.145960 
652 -1.389469 
653 -0.237414 
654 1.684108 
655 2.072450 
656 -1.209013 
657 1.990180 
658 -1.539408 
659 1.255731 
660 -1.136651 
661 0.226953 
662 2.510656 
663 -1.275377 
664 0.511943 
665 1.051026 
666 2.019852 
667 1.323156 
668 1.245976 
669 1.602942 
670 1.779235 
671 0.008373 
672 2.637537 
673 0.329282 
674 0.039645 
675 0.981350 
676 0.967416 
677 1.561002 
678 1.533980 
679 1.031836 
680 0.893873 
681 0.908552 
682 2.285271 
683 0.105238 
684 -0.999078 
685 1.585110 
686 2.077734 
687 -0.829499 
688 1.250195 
689 -2.206412 
690 0.268471 
691 1.307547 
692 -1.002921 
693 0.917484 
694 -0.095052 
695 2.430566 
696 1.106004 
697 -1.257004 
698 -2.236812 
699 -1.359597 
700 -1.346287 
701 0.773184 
702 1.073438 
703 2.219040 
704 -2.039765 
705 -1.096747 
706 -1.512499 
707 1.673405 
708 -1.247979 
709 -2.513507 
710 0.271404 
711 0.987767 
712 -0.254755 
713 -2.774876 
714 0.238995 
715 -0.105173 
716 0.937279 
717 1.409817 
718 -1.413568 
719 -2.045692 
720 -0.964089 
721 1.517823 
722 -0.606370 
723 2.065117 
724 -0.729651 
725 -0.408402 
726 -2.381055 
727 -0.169876 
728 0.223792 
729 0.306232 
730 -2.421435 
731 0.459938 
732 0.885251 
733 -1.606478 
734 -2.244147 
735 0.141896 
736 -0.756042 
737 0.913139 
738 -2.260579 
739 0.750341 
740 -1.619732 
741 1.489248 
742 0.941424 
743 1.641699 
744 0.736942 
745 -0.780742 
746 1.751075 
747 1.941969 
748 -0.906904 
749 -1.225166 
750 -2.075104 
751 -1.553380 
752 -2.303967 
753 -1.333987 
754 1.230289 
755 0.852036 
756 1.906307 
757 -0.287685 
758 0.991381 
759 -0.516010 
760 -0.171771 
761 -2.727210 
762 -0.231839 
763 -0.575257 
764 -1.239047 
765 0.106124 
766 2.542758 
767 -0.793183 
768 -0.367311 
769 0.212134 
770 2.817086 
771 -0.245808 
772 1.384547 
773 1.291717 
774 1.678644 
775 0.674467 
776 1.522772 
777 1.272249 
778 1.114517 
779 1.268922 
780 -0.474416 
781 -0.466621 
782 2.488630 
783 1.316724 
784 -0.591767 
785 1.901118 
786 0.567445 
787 1.847954 
788 1.279533 
789 1.045370 
790 1.973724 
791 0.656960 
792 1.521209 
793 1.360820 
794 0.468790 
795 1.625627 
796 1.912062 
797 -0.749693 
798 1.879646 
799 0.370066 
800 0.721188 
801 2.244990 
802 -1.626513 
803 0.313409 
804 0.912262 
805 -1.339859 
806 0.658531 
807 -2.217649 
808 1.123981 
809 0.716220 
810 1.857044 
811 1.412035 
812 0.708703 
813 0.995695 
814 1.693694 
815 1.621675 
816 1.388705 
817 1.551833 
818 1.392577 
819 0.944341 
820 1.012506 
821 1.548102 
822 1.750057 
823 0.810604 
824 1.663791 
825 0.291728 
826 2.140752 
827 0.178170 
828 1.557605 
829 1.472454 
830 1.459317 
831 0.650226 
832 0.608672 
833 -0.347995 
834 1.349041 
835 2.340009 
836 1.769202 
837 1.382180 
838 1.441101 
839 0.634874 
840 1.477615 
841 0.572528 
842 2.145372 
843 -0.778247 
844 2.036973 
845 0.589117 
846 -0.621346 
847 1.687094 
848 0.405734 
849 1.906699 
850 0.976743 
851 1.627022 
852 1.569495 
853 0.263480 
854 2.182943 
855 -0.150097 
856 -1.067672 
857 -0.157719 
858 0.673092 
859 2.582741 
860 1.893567 
861 0.801473 
862 0.453328 
863 1.574856 
864 -0.153523 
865 2.048610 
866 1.041468 
867 1.547939 
868 1.008107 
869 1.178670 
870 0.860181 
871 1.999585 
872 -1.248324 
873 -1.481254 
874 -1.781870 
875 -1.095662 
876 0.415001 
877 0.289081 
878 -0.000900 
879 -2.808895 
880 -1.441891 
881 -0.118982 
882 1.429365 
883 2.068954 
884 -1.626358 
885 1.627413 
886 1.191905 
887 -0.846200 
888 -0.410431 
889 1.847914 
890 1.484188 
891 1.355183 
892 -1.459038 
893 0.873761 
894 2.105871 
895 -1.106516 
896 -2.329551 
897 0.382220 
898 -1.167683 
899 1.494920 
900 0.024768 
901 -2.820847 
902 -0.595692 
903 -0.808413 
904 -1.356935 
905 1.819971 
906 0.934852 
907 1.205759 
908 1.693733 
909 1.710406 
910 0.915573 
911 0.645810 
912 0.986747 
913 0.558470 
914 1.746736 
915 1.773291 
916 1.946583 
917 0.708280 
918 1.052414 
919 1.341412 
920 1.163437 
921 1.903036 
922 1.550865 
923 -0.038381 
924 0.390384 
925 1.788472 
926 1.700366 
927 0.995297 
928 1.987758 
929 1.103663 
930 1.133281 
931 0.889368 
932 1.789224 
933 1.212788 
934 0.054633 
935 1.664244 
936 1.193131 
937 1.997489 
938 0.735851 
939 -1.436226 
940 1.614176 
941 -0.725617 
942 2.111428 
943 -1.212008 
944 -1.864890 
945 -2.305873 
946 0.035945 
947 -0.876821 
948 0.685708 
949 -0.880256 
950 -1.383523 
951 -2.515178 
952 -1.598281 
953 -0.723800 
954 -0.353755 
955 -2.173121 
956 1.258355 
957 -2.649001 
