1446 1
0 -0.254028 
1 -0.204459 
2 0.391246 
3 -0.279931 
4 -0.496077 
5 0.077092 
6 0.474186 
7 0.000987 
8 0.465484 
9 0.371445 
10 0.334047 
11 -0.017236 
12 -0.236150 
13 0.077092 
14 -0.204459 
15 0.123685 
16 -0.062581 
17 0.027911 
18 -0.236150 
19 0.371445 
20 0.272523 
21 -0.453748 
22 0.371445 
23 0.252858 
24 -0.017236 
25 -0.336459 
26 -0.144526 
27 0.119343 
28 0.286824 
29 -0.227672 
30 0.365364 
31 0.436162 
32 0.286824 
33 0.205691 
34 0.284334 
35 0.072020 
36 0.181431 
37 -0.224028 
38 0.389537 
39 -0.464563 
40 -0.164660 
41 -0.204459 
42 -0.204459 
43 -0.211015 
44 -0.191799 
45 0.038954 
46 -0.123144 
47 0.381820 
48 0.389537 
49 -0.076148 
50 -0.393653 
51 0.389537 
52 0.105269 
53 -0.147805 
54 0.078539 
55 0.201330 
56 0.077092 
57 -0.191799 
58 -0.393653 
59 -0.248831 
60 -0.186454 
61 -0.376083 
62 0.272465 
63 0.286824 
64 -0.062581 
65 0.365364 
66 0.146569 
67 0.391246 
68 -0.393653 
69 -0.062581 
70 0.297134 
71 -0.213227 
72 0.110873 
73 0.244901 
74 0.280030 
75 0.201330 
76 0.411398 
77 -0.017236 
78 0.415200 
79 -0.213227 
80 -0.248831 
81 -0.047666 
82 -0.477554 
83 0.280030 
84 -0.144526 
85 0.201330 
86 0.280030 
87 0.111020 
88 -0.078379 
89 0.272523 
90 -0.254028 
91 0.389537 
92 0.357959 
93 -0.191799 
94 0.110873 
95 0.357959 
96 0.272523 
97 -0.150888 
98 0.077343 
99 0.145708 
100 0.413223 
101 0.167069 
102 0.174738 
103 0.068323 
104 0.041420 
105 0.131985 
106 0.442243 
107 -0.427644 
108 -0.092421 
109 -0.248831 
110 -0.188516 
111 0.391246 
112 0.461391 
113 0.244901 
114 0.189512 
115 0.131593 
116 0.461134 
117 0.146569 
118 -0.427644 
119 0.128492 
120 -0.468204 
121 0.357959 
122 0.110873 
123 0.227420 
124 -0.123144 
125 -0.076687 
126 -0.270563 
127 -0.078379 
128 -0.376083 
129 0.310623 
130 0.294888 
131 0.090435 
132 0.461391 
133 -0.329217 
134 -0.148613 
135 0.461134 
136 -0.114710 
137 0.342123 
138 -0.487307 
139 0.146569 
140 -0.061013 
141 0.244901 
142 0.056894 
143 0.414813 
144 0.365364 
145 0.272465 
146 0.088823 
147 0.175407 
148 0.152548 
149 0.111020 
150 0.285201 
151 -0.076687 
152 0.192589 
153 0.085097 
154 0.246948 
155 0.107155 
156 -0.142892 
157 0.357959 
158 -0.468204 
159 -0.440146 
160 -0.048145 
161 0.483120 
162 -0.460456 
163 -0.078379 
164 -0.329217 
165 -0.376083 
166 0.025603 
167 0.110754 
168 -0.004372 
169 -0.068501 
170 0.128492 
171 0.247573 
172 -0.213227 
173 0.391246 
174 0.131593 
175 0.056894 
176 -0.108336 
177 0.164212 
178 -0.285818 
179 0.297134 
180 -0.091535 
181 0.272465 
182 0.181431 
183 -0.108336 
184 0.413223 
185 0.216124 
186 0.297134 
187 -0.076687 
188 -0.048145 
189 -0.254028 
190 0.218685 
191 0.272523 
192 0.461134 
193 0.413223 
194 -0.385736 
195 0.199558 
196 0.014341 
197 0.316035 
198 0.189512 
199 0.316035 
200 -0.114710 
201 0.453575 
202 -0.294100 
203 0.131593 
204 -0.041697 
205 0.338657 
206 -0.214429 
207 0.338657 
208 -0.482904 
209 -0.402078 
210 0.442243 
211 -0.134060 
212 -0.364431 
213 0.307101 
214 -0.214429 
215 -0.050887 
216 0.330536 
217 -0.048145 
218 0.105269 
219 0.110754 
220 0.077343 
221 0.391246 
222 -0.214429 
223 0.352879 
224 0.461391 
225 0.010984 
226 -0.262444 
227 0.128492 
228 -0.073380 
229 0.189512 
230 0.192589 
231 0.128492 
232 0.316035 
233 0.483120 
234 0.376492 
235 -0.440474 
236 0.485720 
237 0.061688 
238 -0.387913 
239 0.483120 
240 -0.402009 
241 -0.227672 
242 -0.294100 
243 -0.293047 
244 -0.376083 
245 0.474186 
246 0.032969 
247 0.101163 
248 -0.309767 
249 -0.433632 
250 -0.448171 
251 -0.144526 
252 0.483120 
253 -0.329217 
254 0.186055 
255 0.189512 
256 0.077092 
257 -0.478203 
258 0.386158 
259 -0.189579 
260 -0.153835 
261 0.474186 
262 -0.153835 
263 -0.478203 
264 -0.496077 
265 -0.385904 
266 0.285201 
267 -0.278857 
268 -0.114710 
269 -0.114710 
270 -0.073380 
271 -0.376083 
272 0.285201 
273 -0.460456 
274 0.284334 
275 0.413223 
276 -0.278857 
277 -0.478203 
278 0.485720 
279 -0.041697 
280 -0.108336 
281 0.281085 
282 -0.109213 
283 -0.148613 
284 -0.004372 
285 -0.385904 
286 0.181431 
287 -0.271802 
288 0.110754 
289 0.338657 
290 0.085097 
291 -0.041697 
292 0.438840 
293 -0.186309 
294 -0.148613 
295 0.272465 
296 -0.110987 
297 0.453575 
298 0.105269 
299 -0.025743 
300 -0.209621 
301 0.348411 
302 -0.148613 
303 0.137473 
304 0.461391 
305 -0.144526 
306 -0.427197 
307 0.236597 
308 0.218685 
309 0.075997 
310 0.090435 
311 -0.071523 
312 -0.262444 
313 0.078539 
314 -0.440474 
315 0.032969 
316 -0.385904 
317 0.338657 
318 -0.061013 
319 0.391246 
320 -0.110987 
321 0.281085 
322 -0.281495 
323 0.461391 
324 -0.208158 
325 -0.106512 
326 0.146569 
327 0.218685 
328 0.284334 
329 -0.108336 
330 -0.110987 
331 0.352879 
332 -0.428776 
333 -0.004372 
334 -0.453748 
335 -0.254028 
336 -0.281495 
337 -0.248718 
338 0.316035 
339 0.453575 
340 -0.429606 
341 0.045815 
342 0.336837 
343 0.056894 
344 0.474186 
345 0.078539 
346 -0.227672 
347 -0.262444 
348 -0.479232 
349 -0.440474 
350 -0.281495 
351 0.201330 
352 -0.440146 
353 0.078539 
354 0.321803 
355 -0.312230 
356 0.131985 
357 -0.061477 
358 -0.191912 
359 -0.227672 
360 0.232666 
361 -0.385904 
362 -0.279931 
363 -0.041697 
364 0.246948 
365 -0.483294 
366 0.080356 
367 -0.448171 
368 -0.262444 
369 -0.431367 
370 0.280030 
371 -0.147805 
372 0.376492 
373 -0.431367 
374 -0.170206 
375 0.078539 
376 -0.328173 
377 0.038954 
378 0.307101 
379 0.376492 
380 -0.431367 
381 -0.462080 
382 -0.376083 
383 -0.433632 
384 0.119343 
385 -0.478302 
386 0.307101 
387 -0.144526 
388 0.137473 
389 -0.487307 
390 0.453575 
391 0.056894 
392 0.119343 
393 0.182462 
394 0.316035 
395 -0.061013 
396 -0.278857 
397 -0.169533 
398 0.438840 
399 -0.186309 
400 -0.033822 
401 0.352879 
402 -0.335214 
403 -0.211374 
404 0.154244 
405 -0.153835 
406 0.085756 
407 -0.433632 
408 -0.460456 
409 0.072020 
410 -0.208158 
411 0.083060 
412 -0.309767 
413 0.285201 
414 -0.148613 
415 -0.061477 
416 0.154244 
417 0.453575 
418 -0.376083 
419 -0.071523 
420 0.310623 
421 0.338657 
422 -0.110987 
423 -0.177733 
424 -0.061477 
425 -0.328173 
426 -0.089369 
427 -0.153835 
428 -0.089369 
429 0.281085 
430 -0.478302 
431 0.438840 
432 -0.110987 
433 0.127840 
434 0.150397 
435 0.334924 
436 0.036283 
437 -0.329217 
438 -0.029055 
439 0.381820 
440 -0.335214 
441 -0.459041 
442 -0.335214 
443 -0.278857 
444 -0.144526 
445 -0.440474 
446 0.376492 
447 0.032969 
448 0.189512 
449 -0.091535 
450 -0.061477 
451 0.110754 
452 0.099528 
453 -0.335214 
454 -0.089369 
455 0.338657 
456 -0.177733 
457 -0.459041 
458 -0.459041 
459 -0.395737 
460 0.127840 
461 -0.464766 
462 -0.278857 
463 -0.057863 
464 0.154244 
465 -0.091535 
466 -0.186454 
467 -0.004372 
468 -0.309767 
469 0.027911 
470 -0.005549 
471 0.284334 
472 -0.177733 
473 0.438840 
474 -0.106512 
475 0.248168 
476 -0.142892 
477 0.154244 
478 0.137473 
479 0.281085 
480 -0.281495 
481 0.181431 
482 -0.462016 
483 0.128492 
484 -0.279931 
485 -0.100131 
486 -0.402078 
487 0.458245 
488 -0.328173 
489 -0.400477 
490 -0.062581 
491 -0.337667 
492 -0.177733 
493 -0.478203 
494 -0.005549 
495 0.465484 
496 -0.339559 
497 0.072020 
498 -0.430667 
499 0.307101 
500 0.164172 
501 -0.142892 
502 -0.091535 
503 -0.147805 
504 0.231148 
505 0.436162 
506 -0.089369 
507 -0.262444 
508 -0.285889 
509 0.365364 
510 -0.147805 
511 -0.271802 
512 -0.309767 
513 0.137473 
514 -0.468204 
515 -0.236150 
516 0.137473 
517 0.411398 
518 0.105303 
519 -0.091535 
520 0.038954 
521 0.352879 
522 0.435775 
523 -0.271802 
524 0.127840 
525 -0.278857 
526 0.085756 
527 -0.186454 
528 0.316035 
529 0.344587 
530 -0.186454 
531 0.334924 
532 -0.047666 
533 -0.236150 
534 0.164172 
535 -0.453748 
536 0.038954 
537 0.081233 
538 0.105748 
539 -0.453748 
540 -0.148613 
541 0.310623 
542 0.465484 
543 0.080356 
544 0.334924 
545 -0.385904 
546 0.088823 
547 0.435744 
548 -0.477554 
549 0.453575 
550 0.485720 
551 0.400264 
552 0.027911 
553 -0.278857 
554 -0.478203 
555 0.145708 
556 -0.328173 
557 0.164172 
558 0.386158 
559 0.090435 
560 -0.487307 
561 0.247573 
562 -0.236150 
563 0.056894 
564 0.386158 
565 0.218685 
566 0.072020 
567 -0.098881 
568 -0.224028 
569 0.123685 
570 0.231148 
571 -0.294616 
572 -0.088060 
573 -0.144526 
574 0.334047 
575 -0.248831 
576 -0.387625 
577 -0.462080 
578 0.200513 
579 -0.063352 
580 0.164172 
581 -0.248718 
582 0.442243 
583 -0.177733 
584 -0.113196 
585 0.284334 
586 0.200513 
587 0.127840 
588 0.285201 
589 -0.170206 
590 0.284334 
591 -0.189579 
592 -0.478203 
593 -0.209621 
594 0.386158 
595 -0.034566 
596 -0.118278 
597 -0.142892 
598 -0.186454 
599 -0.328173 
600 -0.211374 
601 0.307101 
602 0.186055 
603 -0.172768 
604 -0.248831 
605 -0.395737 
606 0.435744 
607 -0.092421 
608 -0.063352 
609 -0.462016 
610 0.282864 
611 0.483120 
612 0.088823 
613 -0.093448 
614 -0.142892 
615 -0.294100 
616 0.185757 
617 0.127840 
618 -0.393653 
619 0.085756 
620 0.381459 
621 -0.147805 
622 -0.294616 
623 0.334924 
624 -0.328173 
625 0.085097 
626 0.465484 
627 -0.041697 
628 0.090435 
629 0.235339 
630 -0.224028 
631 0.232666 
632 -0.459041 
633 -0.329217 
634 -0.293047 
635 -0.093448 
636 0.235339 
637 -0.159466 
638 0.112746 
639 0.085097 
640 0.175056 
641 0.090435 
642 -0.209621 
643 -0.092421 
644 0.061688 
645 -0.057863 
646 -0.041697 
647 0.376492 
648 -0.453748 
649 -0.483294 
650 -0.487307 
651 -0.061477 
652 0.032969 
653 -0.093448 
654 0.090435 
655 0.090435 
656 0.167069 
657 0.438840 
658 0.232666 
659 -0.376083 
660 -0.041697 
661 0.152548 
662 0.280030 
663 0.128492 
664 -0.071523 
665 -0.322974 
666 -0.087598 
667 -0.499626 
668 -0.224028 
669 -0.478203 
670 0.186055 
671 -0.191799 
672 -0.118278 
673 -0.462016 
674 -0.123144 
675 -0.110987 
676 -0.400477 
677 -0.211015 
678 0.110873 
679 -0.224028 
680 -0.222738 
681 0.435744 
682 -0.440146 
683 -0.092421 
684 0.235339 
685 0.154244 
686 0.344587 
687 -0.440146 
688 0.232666 
689 0.025603 
690 0.119343 
691 0.316035 
692 -0.166251 
693 0.150397 
694 0.098850 
695 -0.087598 
696 0.085097 
697 -0.288047 
698 -0.118278 
699 -0.478302 
700 -0.465327 
701 0.465484 
702 -0.337667 
703 -0.086609 
704 -0.385736 
705 -0.427644 
706 -0.209621 
707 0.334924 
708 0.036283 
709 -0.433632 
710 -0.033822 
711 0.101163 
712 0.088823 
713 -0.104973 
714 -0.078378 
715 -0.061013 
716 -0.431840 
717 -0.160753 
718 0.025603 
719 0.232666 
720 0.296307 
721 0.105748 
722 0.131353 
723 -0.429606 
724 0.107155 
725 -0.460456 
726 -0.169533 
727 0.036283 
728 -0.462016 
729 -0.133540 
730 -0.462016 
731 0.027911 
732 0.463714 
733 0.344587 
734 0.085097 
735 -0.459041 
736 0.150397 
737 -0.118278 
738 -0.123144 
739 -0.073380 
740 0.310623 
741 0.463714 
742 -0.376083 
743 0.085756 
744 0.186055 
745 -0.294616 
746 -0.093448 
747 -0.078378 
748 0.131353 
749 -0.073380 
750 -0.271802 
751 0.310623 
752 0.027911 
753 0.281085 
754 0.032969 
755 -0.214429 
756 0.435775 
757 0.435744 
758 -0.004372 
759 -0.440146 
760 -0.091174 
761 0.111020 
762 -0.165044 
763 -0.177733 
764 0.200513 
765 0.041420 
766 0.175056 
767 0.286824 
768 -0.281495 
769 0.310623 
770 0.099528 
771 0.386158 
772 -0.222738 
773 -0.387625 
774 -0.496077 
775 -0.364431 
776 -0.468204 
777 -0.150888 
778 -0.087598 
779 0.438840 
780 0.282864 
781 0.338657 
782 -0.328173 
783 0.344587 
784 0.316035 
785 0.216124 
786 -0.271802 
787 -0.208158 
788 0.185757 
789 0.400264 
790 0.330536 
791 -0.073380 
792 0.105748 
793 -0.427644 
794 -0.184799 
795 0.111020 
796 0.400264 
797 0.027911 
798 0.131353 
799 -0.020706 
800 -0.236150 
801 0.077343 
802 -0.118028 
803 0.105269 
804 -0.166251 
805 0.358996 
806 -0.271802 
807 -0.309767 
808 0.164212 
809 -0.175832 
810 0.342742 
811 0.358996 
812 -0.294616 
813 -0.044782 
814 -0.087598 
815 -0.177733 
816 -0.279931 
817 -0.208158 
818 0.435775 
819 -0.088060 
820 0.435775 
821 -0.279931 
822 0.282864 
823 0.072020 
824 -0.044782 
825 0.175056 
826 -0.329217 
827 -0.061013 
828 0.411398 
829 0.054282 
830 -0.191912 
831 0.150397 
832 -0.496077 
833 -0.223687 
834 -0.335214 
835 -0.496077 
836 0.386158 
837 0.442747 
838 -0.496077 
839 0.386158 
840 0.235339 
841 0.352879 
842 -0.186454 
843 0.316035 
844 0.154244 
845 0.330536 
846 -0.448171 
847 0.354713 
848 -0.086609 
849 -0.208158 
850 0.105303 
851 0.088823 
852 0.282864 
853 0.175056 
854 0.200513 
855 -0.175832 
856 0.465484 
857 0.414813 
858 -0.208158 
859 0.371445 
860 -0.251854 
861 -0.213891 
862 -0.400477 
863 0.175056 
864 -0.148613 
865 0.192589 
866 -0.478302 
867 -0.086609 
868 0.282864 
869 -0.093448 
870 -0.293047 
871 0.025603 
872 0.137473 
873 0.442809 
874 -0.203359 
875 -0.271802 
876 0.426972 
877 0.461134 
878 -0.093448 
879 0.090435 
880 0.205691 
881 0.146569 
882 0.342742 
883 -0.139142 
884 -0.328173 
885 -0.087598 
886 -0.224028 
887 -0.464563 
888 0.442809 
889 0.400264 
890 0.354713 
891 0.027911 
892 -0.061013 
893 -0.087598 
894 0.342742 
895 0.027911 
896 -0.170206 
897 -0.186454 
898 -0.329217 
899 0.088823 
900 0.376492 
901 0.381459 
902 -0.048145 
903 0.461391 
904 -0.074018 
905 -0.459041 
906 0.085756 
907 -0.164660 
908 0.310623 
909 0.025603 
910 0.025603 
911 -0.236150 
912 -0.061013 
913 -0.170206 
914 0.111020 
915 -0.139142 
916 -0.150888 
917 -0.335214 
918 -0.400477 
919 0.372028 
920 0.316035 
921 -0.224028 
922 -0.430667 
923 -0.186454 
924 0.282864 
925 0.186055 
926 0.461391 
927 0.336837 
928 -0.236150 
929 0.088823 
930 -0.211015 
931 0.154244 
932 -0.092421 
933 -0.086609 
934 -0.376083 
935 -0.251747 
936 0.150397 
937 0.334924 
938 -0.206244 
939 -0.482904 
940 -0.041697 
941 0.018977 
942 0.164172 
943 -0.477554 
944 -0.189579 
945 0.381459 
946 -0.431840 
947 0.111020 
948 -0.089369 
949 0.334924 
950 0.200513 
951 0.266127 
952 0.461134 
953 -0.123144 
954 -0.061013 
955 -0.448171 
956 0.278308 
957 0.036283 
958 0.391246 
959 0.127840 
960 0.175407 
961 0.354713 
962 0.018977 
963 0.376492 
964 -0.329217 
965 0.334924 
966 0.376492 
967 0.391246 
968 -0.098881 
969 0.185757 
970 0.485720 
971 0.376492 
972 0.231148 
973 -0.063352 
974 -0.020706 
975 0.018977 
976 -0.041697 
977 0.461134 
978 0.038954 
979 -0.211015 
980 -0.147805 
981 0.229293 
982 -0.088060 
983 -0.005549 
984 0.032969 
985 0.483120 
986 0.236597 
987 0.344587 
988 -0.478302 
989 0.461134 
990 0.000987 
991 0.391246 
992 -0.086609 
993 0.164172 
994 -0.139142 
995 -0.478203 
996 0.174738 
997 -0.088060 
998 -0.464766 
999 -0.224028 
1000 0.381459 
1001 0.381459 
1002 0.128492 
1003 0.105748 
1004 0.072020 
1005 0.056894 
1006 -0.464766 
1007 -0.061477 
1008 -0.020706 
1009 -0.385904 
1010 0.442809 
1011 0.175056 
1012 0.426972 
1013 -0.376083 
1014 -0.328173 
1015 0.281085 
1016 0.027911 
1017 -0.134060 
1018 -0.109213 
1019 0.442809 
1020 -0.224028 
1021 0.282864 
1022 -0.248718 
1023 -0.071523 
1024 -0.186454 
1025 -0.148613 
1026 -0.005549 
1027 -0.293047 
1028 -0.262444 
1029 -0.109213 
1030 0.105748 
1031 -0.020706 
1032 -0.047666 
1033 0.354626 
1034 -0.440146 
1035 -0.113196 
1036 0.354713 
1037 -0.177733 
1038 0.285201 
1039 0.072020 
1040 0.185757 
1041 -0.076687 
1042 0.294888 
1043 0.098850 
1044 0.246948 
1045 0.085756 
1046 -0.144526 
1047 0.186055 
1048 0.400264 
1049 -0.295781 
1050 -0.123144 
1051 -0.100131 
1052 0.483120 
1053 -0.385904 
1054 -0.005549 
1055 0.131593 
1056 0.330536 
1057 -0.251747 
1058 0.438840 
1059 -0.047666 
1060 -0.462016 
1061 0.461134 
1062 0.372028 
1063 0.072020 
1064 -0.047666 
1065 -0.239326 
1066 -0.336459 
1067 0.081233 
1068 -0.144526 
1069 0.244901 
1070 0.119343 
1071 -0.335214 
1072 -0.487307 
1073 0.248168 
1074 -0.092421 
1075 -0.184286 
1076 -0.248831 
1077 -0.213227 
1078 0.310623 
1079 0.072020 
1080 0.438840 
1081 0.189512 
1082 0.310623 
1083 -0.159466 
1084 -0.142892 
1085 -0.478302 
1086 -0.251854 
1087 -0.160753 
1088 -0.279931 
1089 0.266127 
1090 0.414813 
1091 -0.376083 
1092 0.229293 
1093 -0.233963 
1094 -0.453748 
1095 0.227420 
1096 0.334924 
1097 -0.242136 
1098 -0.465327 
1099 0.175407 
1100 -0.428776 
1101 0.010984 
1102 -0.113196 
1103 0.189512 
1104 0.344587 
1105 0.054282 
1106 -0.428776 
1107 -0.279931 
1108 0.018977 
1109 -0.160753 
1110 -0.123144 
1111 0.442809 
1112 -0.479232 
1113 -0.440146 
1114 0.461134 
1115 -0.430667 
1116 0.330536 
1117 0.154244 
1118 -0.214429 
1119 0.231254 
1120 -0.166251 
1121 -0.211015 
1122 0.280030 
1123 -0.335214 
1124 0.232666 
1125 -0.170206 
1126 0.342742 
1127 -0.385904 
1128 -0.428776 
1129 -0.165044 
1130 -0.118278 
1131 -0.224028 
1132 0.391246 
1133 -0.294616 
1134 -0.293047 
1135 -0.203359 
1136 -0.427644 
1137 -0.206244 
1138 -0.078379 
1139 -0.209621 
1140 -0.076148 
1141 0.072020 
1142 -0.309767 
1143 0.119343 
1144 -0.278857 
1145 0.018977 
1146 0.453575 
1147 0.235339 
1148 -0.209621 
1149 -0.184286 
1150 0.078539 
1151 0.483120 
1152 -0.153835 
1153 0.386158 
1154 -0.433632 
1155 -0.189579 
1156 0.027911 
1157 -0.431367 
1158 -0.166251 
1159 0.078539 
1160 -0.285818 
1161 0.297134 
1162 0.164212 
1163 -0.166251 
1164 -0.293047 
1165 -0.211015 
1166 -0.150888 
1167 0.078539 
1168 -0.071523 
1169 0.485720 
1170 -0.050887 
1171 0.461134 
1172 0.330536 
1173 -0.433632 
1174 0.182462 
1175 0.454893 
1176 0.189512 
1177 0.438840 
1178 0.485720 
1179 -0.160753 
1180 -0.312230 
1181 -0.285818 
1182 0.330536 
1183 -0.104973 
1184 -0.270563 
1185 -0.113196 
1186 0.072020 
1187 -0.262444 
1188 0.483120 
1189 -0.017236 
1190 -0.222738 
1191 0.189512 
1192 0.461134 
1193 -0.160753 
1194 -0.133540 
1195 -0.088060 
1196 0.014341 
1197 -0.148613 
1198 -0.464766 
1199 -0.329217 
1200 0.154244 
1201 -0.464563 
1202 0.185757 
1203 0.342742 
1204 -0.189579 
1205 -0.236150 
1206 -0.440474 
1207 -0.160753 
1208 -0.160753 
1209 -0.428776 
1210 -0.487307 
1211 0.414813 
1212 -0.166251 
1213 -0.236150 
1214 -0.189579 
1215 0.354713 
1216 -0.206565 
1217 0.453575 
1218 0.075997 
1219 0.400264 
1220 0.235339 
1221 0.435744 
1222 -0.061477 
1223 0.085756 
1224 0.461134 
1225 -0.400477 
1226 -0.322974 
1227 -0.224028 
1228 0.085756 
1229 0.330536 
1230 -0.109213 
1231 0.235339 
1232 -0.153835 
1233 -0.222738 
1234 -0.329217 
1235 -0.118278 
1236 0.307101 
1237 -0.087598 
1238 0.352879 
1239 0.342742 
1240 0.018977 
1241 0.235339 
1242 0.045815 
1243 -0.170206 
1244 0.181431 
1245 0.411398 
1246 -0.285889 
1247 -0.465327 
1248 0.075997 
1249 -0.159466 
1250 0.072020 
1251 -0.215576 
1252 -0.271802 
1253 -0.271802 
1254 -0.464766 
1255 -0.270563 
1256 0.435744 
1257 -0.034566 
1258 -0.236150 
1259 0.131353 
1260 0.438840 
1261 -0.139142 
1262 0.414813 
1263 0.376492 
1264 0.442809 
1265 -0.428776 
1266 -0.004372 
1267 0.231254 
1268 0.090435 
1269 -0.109213 
1270 -0.184799 
1271 0.280030 
1272 -0.222738 
1273 -0.309767 
1274 0.458245 
1275 0.175056 
1276 -0.211015 
1277 -0.236150 
1278 -0.478203 
1279 -0.004372 
1280 0.483120 
1281 -0.189579 
1282 -0.222738 
1283 0.027911 
1284 0.025603 
1285 0.438840 
1286 -0.091535 
1287 -0.001597 
1288 -0.150888 
1289 0.247573 
1290 0.185757 
1291 -0.224028 
1292 0.348411 
1293 0.199558 
1294 -0.309767 
1295 -0.428776 
1296 -0.189579 
1297 -0.222738 
1298 -0.091174 
1299 0.348411 
1300 -0.465327 
1301 0.266127 
1302 0.131353 
1303 0.411398 
1304 -0.061013 
1305 0.278308 
1306 -0.279931 
1307 -0.087598 
1308 -0.169533 
1309 -0.294616 
1310 -0.251854 
1311 -0.278857 
1312 0.068323 
1313 -0.034566 
1314 -0.213891 
1315 -0.477554 
1316 -0.029055 
1317 -0.033822 
1318 0.316035 
1319 0.342123 
1320 0.018977 
1321 -0.214429 
1322 0.266127 
1323 -0.189579 
1324 -0.206565 
1325 0.181431 
1326 0.199558 
1327 0.435775 
1328 -0.086609 
1329 0.181439 
1330 -0.005549 
1331 0.400264 
1332 0.354626 
1333 0.216124 
1334 -0.278857 
1335 -0.068501 
1336 -0.073380 
1337 0.150397 
1338 -0.335214 
1339 0.000987 
1340 -0.278857 
1341 -0.061477 
1342 -0.189579 
1343 -0.223687 
1344 -0.118028 
1345 0.200513 
1346 0.354713 
1347 0.372028 
1348 -0.465327 
1349 0.280030 
1350 0.131353 
1351 -0.400477 
1352 -0.061477 
1353 0.175056 
1354 0.354626 
1355 0.453575 
1356 0.154244 
1357 0.068323 
1358 0.316035 
1359 -0.148613 
1360 -0.139142 
1361 -0.087598 
1362 -0.068501 
1363 -0.329217 
1364 -0.402009 
1365 -0.428776 
1366 -0.088060 
1367 0.386158 
1368 -0.153835 
1369 -0.293047 
1370 0.282864 
1371 0.027911 
1372 0.036283 
1373 -0.440146 
1374 -0.293047 
1375 -0.178958 
1376 -0.248831 
1377 -0.222738 
1378 0.105748 
1379 0.330536 
1380 -0.427197 
1381 0.252858 
1382 0.025603 
1383 -0.262444 
1384 -0.385904 
1385 -0.278857 
1386 -0.113196 
1387 -0.468204 
1388 -0.462016 
1389 0.216124 
1390 -0.427644 
1391 0.483120 
1392 -0.089369 
1393 0.348411 
1394 -0.288047 
1395 0.461391 
1396 -0.460456 
1397 -0.025743 
1398 -0.123144 
1399 -0.153835 
1400 -0.160753 
1401 0.078539 
1402 0.435775 
1403 0.216124 
1404 0.036283 
1405 -0.427644 
1406 -0.159466 
1407 -0.281495 
1408 -0.364431 
1409 -0.189579 
1410 0.128492 
1411 -0.440474 
1412 0.438840 
1413 -0.339559 
1414 -0.089369 
1415 0.338657 
1416 0.352879 
1417 0.400264 
1418 0.075997 
1419 -0.159466 
1420 -0.211015 
1421 -0.427644 
1422 0.461391 
1423 0.088823 
1424 -0.440146 
1425 -0.468204 
1426 0.146569 
1427 -0.088060 
1428 0.354713 
1429 0.454812 
1430 -0.335214 
1431 0.231148 
1432 0.485720 
1433 0.075997 
1434 0.068323 
1435 -0.288047 
1436 0.085097 
1437 -0.206565 
1438 -0.281495 
1439 -0.242136 
1440 -0.088060 
1441 -0.309767 
1442 -0.281495 
1443 0.038954 
1444 -0.144526 
1445 0.330536 
