958 1
0 0.344812 
1 0.091150 
2 -0.404021 
3 0.020465 
4 -0.180003 
5 -0.321995 
6 -0.275168 
7 0.473512 
8 -0.469712 
9 0.263186 
10 0.155877 
11 0.313280 
12 0.441293 
13 -0.121892 
14 -0.073527 
15 -0.100852 
16 0.361571 
17 0.030623 
18 0.444473 
19 0.245605 
20 0.225359 
21 0.109552 
22 0.487674 
23 0.265021 
24 0.363151 
25 -0.487923 
26 0.025285 
27 -0.170618 
28 -0.366142 
29 -0.045427 
30 -0.101907 
31 -0.065324 
32 -0.042472 
33 -0.451802 
34 0.057447 
35 -0.218685 
36 -0.367925 
37 0.270526 
38 0.148856 
39 0.173210 
40 -0.160334 
41 -0.059921 
42 -0.137310 
43 -0.095446 
44 -0.121594 
45 -0.112416 
46 -0.189235 
47 0.202616 
48 -0.166957 
49 0.466249 
50 -0.393958 
51 -0.331251 
52 0.362409 
53 0.100769 
54 -0.087460 
55 -0.096555 
56 -0.453530 
57 -0.436512 
58 0.074867 
59 0.270350 
60 0.191082 
61 -0.418033 
62 0.453629 
63 -0.077636 
64 0.407265 
65 -0.487503 
66 -0.309389 
67 -0.423224 
68 0.464574 
69 0.148821 
70 0.287119 
71 0.444473 
72 0.289630 
73 0.137020 
74 0.480788 
75 0.219822 
76 -0.163208 
77 -0.472273 
78 -0.219868 
79 -0.197112 
80 0.155877 
81 0.178651 
82 0.079066 
83 -0.433658 
84 0.382129 
85 -0.099002 
86 0.042402 
87 0.067136 
88 0.094857 
89 -0.451802 
90 -0.000603 
91 -0.439931 
92 -0.003481 
93 0.221271 
94 0.145244 
95 0.199109 
96 0.383795 
97 -0.059921 
98 0.146880 
99 0.488484 
100 -0.119830 
101 0.458143 
102 -0.087460 
103 -0.309093 
104 -0.077636 
105 0.270350 
106 0.141095 
107 0.354714 
108 0.464574 
109 0.251992 
110 -0.433658 
111 0.453629 
112 0.148821 
113 -0.317318 
114 0.289630 
115 0.390117 
116 0.137020 
117 0.209741 
118 0.480788 
119 -0.099952 
120 0.219822 
121 0.407265 
122 0.019659 
123 -0.163208 
124 0.079066 
125 0.382129 
126 0.255671 
127 0.094857 
128 0.360494 
129 0.221271 
130 -0.209154 
131 0.267949 
132 0.134710 
133 -0.201476 
134 -0.099002 
135 -0.323011 
136 0.146060 
137 -0.380767 
138 0.383795 
139 -0.034971 
140 -0.180176 
141 0.067136 
142 0.122511 
143 -0.439931 
144 -0.168889 
145 0.425088 
146 0.473620 
147 -0.001187 
148 0.344812 
149 0.074867 
150 -0.078946 
151 -0.472273 
152 -0.395327 
153 -0.283540 
154 -0.309389 
155 -0.197112 
156 0.308058 
157 -0.219868 
158 -0.244788 
159 0.348698 
160 -0.439060 
161 0.342510 
162 -0.189890 
163 0.180835 
164 -0.073527 
165 0.255671 
166 0.134710 
167 0.002139 
168 0.196780 
169 -0.305451 
170 -0.455387 
171 0.146060 
172 -0.073562 
173 0.333226 
174 -0.088869 
175 0.178651 
176 0.416331 
177 -0.000603 
178 -0.361676 
179 -0.276438 
180 0.497786 
181 0.088857 
182 0.313280 
183 0.020465 
184 0.025953 
185 0.193014 
186 -0.303341 
187 -0.180003 
188 0.426421 
189 -0.275168 
190 0.263186 
191 0.441293 
192 0.281587 
193 -0.489871 
194 0.458143 
195 -0.019103 
196 0.485455 
197 -0.197584 
198 -0.132150 
199 -0.100852 
200 0.160774 
201 0.349149 
202 0.361571 
203 0.245605 
204 0.363151 
205 0.122511 
206 -0.001187 
207 0.270526 
208 0.193014 
209 -0.137310 
210 -0.112416 
211 0.158113 
212 -0.129626 
213 0.442183 
214 -0.393958 
215 0.281587 
216 0.465502 
217 -0.278697 
218 -0.096555 
219 -0.053021 
220 0.105139 
221 0.281959 
222 -0.161999 
223 0.454498 
224 0.225359 
225 -0.192816 
226 -0.331251 
227 -0.158081 
228 0.237411 
229 0.105139 
230 -0.247235 
231 -0.282710 
232 -0.487503 
233 0.370295 
234 0.218480 
235 0.141095 
236 0.440067 
237 0.473620 
238 0.018006 
239 -0.126908 
240 0.285462 
241 -0.283540 
242 0.251992 
243 -0.494395 
244 0.025953 
245 -0.042031 
246 0.426421 
247 -0.279285 
248 0.432641 
249 0.425088 
250 -0.457298 
251 0.390117 
252 -0.113672 
253 -0.445698 
254 -0.089596 
255 -0.088233 
256 0.239498 
257 -0.031066 
258 -0.365263 
259 0.431425 
260 0.357600 
261 -0.209154 
262 -0.203196 
263 -0.323011 
264 -0.303341 
265 0.251108 
266 -0.274198 
267 0.235886 
268 -0.247291 
269 0.308058 
270 0.094717 
271 0.348698 
272 0.270824 
273 -0.317318 
274 -0.232609 
275 -0.401482 
276 0.054637 
277 0.405261 
278 -0.090523 
279 0.180835 
280 0.342510 
281 -0.081192 
282 -0.455387 
283 -0.180176 
284 -0.078946 
285 -0.395327 
286 -0.305451 
287 0.416331 
288 -0.197191 
289 -0.361676 
290 0.449989 
291 -0.489871 
292 0.382129 
293 0.382129 
294 0.141095 
295 0.354714 
296 -0.099002 
297 0.067136 
298 -0.099002 
299 -0.077636 
300 0.141095 
301 0.354714 
302 0.464574 
303 0.042402 
304 0.067136 
305 -0.003481 
306 0.464574 
307 0.270350 
308 -0.451802 
309 -0.439931 
310 0.094857 
311 -0.433658 
312 -0.451802 
313 -0.433658 
314 0.145244 
315 0.145244 
316 -0.439931 
317 0.453629 
318 0.148821 
319 -0.317318 
320 0.251992 
321 -0.003481 
322 0.221271 
323 0.270350 
324 0.289630 
325 0.390117 
326 0.221271 
327 -0.317318 
328 0.453629 
329 0.199109 
330 -0.423224 
331 0.137020 
332 0.209741 
333 0.199109 
334 0.209741 
335 0.480788 
336 -0.099952 
337 0.383795 
338 0.383795 
339 -0.059921 
340 -0.059921 
341 0.407265 
342 0.146880 
343 0.146880 
344 -0.119830 
345 0.458143 
346 -0.077636 
347 -0.087460 
348 0.488484 
349 -0.119830 
350 -0.309093 
351 0.019659 
352 -0.163208 
353 0.079066 
354 -0.087460 
355 0.079066 
356 -0.203196 
357 0.449989 
358 0.091150 
359 0.382129 
360 0.255671 
361 0.094857 
362 0.019659 
363 -0.404021 
364 0.255671 
365 0.473512 
366 0.360494 
367 -0.121892 
368 0.289630 
369 0.390117 
370 0.360494 
371 0.109552 
372 0.382129 
373 -0.065324 
374 0.221271 
375 -0.218685 
376 -0.367925 
377 0.173210 
378 0.362409 
379 -0.209154 
380 0.267949 
381 0.251992 
382 -0.142698 
383 -0.170397 
384 0.428031 
385 0.137020 
386 0.480788 
387 0.237411 
388 -0.247235 
389 0.148821 
390 -0.494395 
391 0.134710 
392 -0.457298 
393 0.134710 
394 -0.201476 
395 0.146060 
396 0.239498 
397 0.431425 
398 -0.201476 
399 -0.099002 
400 -0.323011 
401 0.357600 
402 -0.274198 
403 0.267949 
404 -0.380767 
405 -0.247291 
406 0.270824 
407 -0.232609 
408 0.146060 
409 0.383795 
410 0.405261 
411 -0.197191 
412 -0.469712 
413 0.383795 
414 -0.099952 
415 0.219822 
416 0.030623 
417 0.487674 
418 0.219822 
419 -0.180176 
420 -0.034971 
421 0.407265 
422 -0.180176 
423 -0.034971 
424 -0.163208 
425 0.281959 
426 0.094857 
427 0.067136 
428 -0.161999 
429 -0.158081 
430 0.218480 
431 0.067136 
432 0.122511 
433 0.122511 
434 0.440067 
435 0.018006 
436 -0.126908 
437 -0.439931 
438 -0.001187 
439 0.221271 
440 -0.439931 
441 -0.001187 
442 0.074867 
443 0.344812 
444 0.285462 
445 -0.168889 
446 0.425088 
447 0.473620 
448 -0.209154 
449 -0.042031 
450 -0.472273 
451 -0.019103 
452 0.344812 
453 -0.078946 
454 0.485455 
455 -0.472273 
456 -0.395327 
457 -0.380767 
458 -0.132150 
459 -0.099002 
460 0.158113 
461 0.442183 
462 -0.283540 
463 -0.278697 
464 -0.323011 
465 -0.283540 
466 -0.197112 
467 -0.053021 
468 -0.282710 
469 -0.219868 
470 0.308058 
471 0.370295 
472 -0.197112 
473 -0.113672 
474 0.251108 
475 -0.309389 
476 -0.401482 
477 -0.395327 
478 0.348698 
479 -0.309389 
480 0.054637 
481 -0.081192 
482 0.025285 
483 -0.101907 
484 0.308058 
485 -0.042472 
486 0.148856 
487 0.425088 
488 0.473620 
489 0.342510 
490 -0.160334 
491 -0.121594 
492 -0.166957 
493 0.342510 
494 -0.439060 
495 0.100769 
496 -0.453530 
497 -0.436512 
498 -0.439060 
499 -0.168889 
500 0.255671 
501 -0.073527 
502 -0.189890 
503 0.180835 
504 0.287119 
505 0.042402 
506 -0.189890 
507 0.255671 
508 -0.073527 
509 0.134710 
510 -0.003481 
511 0.145244 
512 0.199109 
513 0.146880 
514 0.134710 
515 0.002139 
516 0.074867 
517 -0.439060 
518 -0.189890 
519 0.002139 
520 0.196780 
521 -0.305451 
522 -0.078946 
523 -0.305451 
524 0.196780 
525 -0.073562 
526 0.333226 
527 -0.455387 
528 -0.073562 
529 -0.088869 
530 -0.455387 
531 0.146060 
532 -0.276438 
533 -0.073562 
534 0.497786 
535 0.088857 
536 0.333226 
537 0.348698 
538 -0.197584 
539 0.333226 
540 0.160774 
541 -0.129626 
542 -0.219868 
543 0.465502 
544 0.454498 
545 -0.192816 
546 -0.244788 
547 0.148856 
548 -0.160334 
549 -0.121594 
550 0.497786 
551 0.196780 
552 0.002139 
553 -0.361676 
554 -0.276438 
555 -0.166957 
556 0.088857 
557 0.180835 
558 0.100769 
559 0.088857 
560 0.313280 
561 -0.453530 
562 -0.436512 
563 0.287119 
564 0.042402 
565 0.313280 
566 0.020465 
567 0.025953 
568 0.193014 
569 -0.180003 
570 -0.303341 
571 -0.003481 
572 -0.303341 
573 0.193014 
574 0.145244 
575 0.199109 
576 0.146880 
577 -0.180003 
578 0.270350 
579 0.426421 
580 -0.361676 
581 0.453629 
582 -0.276438 
583 0.497786 
584 0.263186 
585 0.148821 
586 0.263186 
587 0.289630 
588 0.137020 
589 0.146060 
590 -0.088869 
591 0.480788 
592 0.219822 
593 0.281587 
594 0.416331 
595 -0.489871 
596 -0.088869 
597 -0.163208 
598 0.079066 
599 0.178651 
600 0.416331 
601 0.178651 
602 -0.000603 
603 0.094857 
604 -0.000603 
605 0.281587 
606 -0.489871 
607 0.458143 
608 0.221271 
609 0.458143 
610 -0.321995 
611 0.426421 
612 -0.100852 
613 0.160774 
614 -0.275168 
615 0.441293 
616 -0.457298 
617 -0.275168 
618 0.239498 
619 0.441293 
620 0.431425 
621 0.361571 
622 0.357600 
623 0.122511 
624 0.020465 
625 -0.274198 
626 -0.247291 
627 0.270824 
628 0.361571 
629 0.245605 
630 0.363151 
631 0.025953 
632 -0.001187 
633 -0.232609 
634 0.405261 
635 -0.197191 
636 0.122511 
637 0.193014 
638 -0.469712 
639 0.030623 
640 0.487674 
641 0.245605 
642 0.363151 
643 0.270526 
644 0.025285 
645 -0.101907 
646 -0.042472 
647 0.148856 
648 -0.160334 
649 -0.137310 
650 -0.001187 
651 -0.121594 
652 -0.166957 
653 0.100769 
654 -0.453530 
655 -0.137310 
656 -0.112416 
657 -0.100852 
658 0.160774 
659 -0.436512 
660 0.287119 
661 0.158113 
662 -0.197584 
663 0.042402 
664 -0.003481 
665 0.145244 
666 -0.197584 
667 -0.019103 
668 0.199109 
669 -0.019103 
670 0.146880 
671 0.485455 
672 -0.132150 
673 0.237411 
674 0.485455 
675 -0.137310 
676 -0.112416 
677 -0.393958 
678 -0.132150 
679 -0.096555 
680 0.270350 
681 0.158113 
682 0.453629 
683 0.148821 
684 -0.112416 
685 -0.129626 
686 0.442183 
687 0.289630 
688 0.442183 
689 0.137020 
690 0.480788 
691 -0.393958 
692 0.281587 
693 0.219822 
694 -0.163208 
695 0.079066 
696 -0.393958 
697 0.281587 
698 0.465502 
699 0.270526 
700 0.465502 
701 -0.278697 
702 0.094857 
703 0.221271 
704 0.383795 
705 0.193014 
706 -0.279285 
707 0.432641 
708 -0.445698 
709 -0.089596 
710 -0.278697 
711 -0.096555 
712 -0.053021 
713 0.105139 
714 0.219822 
715 -0.053021 
716 0.105139 
717 -0.163208 
718 0.105139 
719 0.079066 
720 0.094857 
721 -0.129626 
722 0.221271 
723 0.383795 
724 -0.180176 
725 -0.078946 
726 -0.395327 
727 -0.305451 
728 0.416331 
729 -0.361676 
730 0.141095 
731 0.225359 
732 0.454498 
733 -0.331251 
734 0.020465 
735 0.454498 
736 0.225359 
737 -0.192816 
738 -0.180176 
739 -0.192816 
740 -0.331251 
741 -0.096555 
742 -0.078946 
743 0.105139 
744 -0.395327 
745 -0.305451 
746 0.473620 
747 -0.158081 
748 0.416331 
749 -0.361676 
750 0.020465 
751 -0.180003 
752 -0.275168 
753 0.263186 
754 0.441293 
755 -0.247235 
756 -0.282710 
757 -0.100852 
758 -0.282710 
759 0.218480 
760 -0.494395 
761 0.141095 
762 0.361571 
763 0.245605 
764 0.363151 
765 0.270526 
766 0.473620 
767 -0.042031 
768 -0.137310 
769 -0.112416 
770 -0.165000 
771 0.248779 
772 0.018006 
773 -0.158081 
774 0.237411 
775 -0.479708 
776 -0.144124 
777 0.018006 
778 -0.126908 
779 -0.487503 
780 0.033640 
781 0.375849 
782 -0.126908 
783 0.285462 
784 0.486862 
785 -0.487503 
786 0.383217 
787 0.148287 
788 0.024162 
789 0.370295 
790 0.205715 
791 0.285462 
792 -0.283540 
793 0.370295 
794 0.279778 
795 -0.283540 
796 0.251992 
797 -0.202591 
798 -0.113672 
799 0.495534 
800 0.025953 
801 -0.445698 
802 -0.247235 
803 -0.494395 
804 0.025953 
805 -0.042031 
806 -0.457298 
807 0.239498 
808 0.426421 
809 -0.088233 
810 0.431425 
811 0.426421 
812 0.357600 
813 -0.274198 
814 -0.279285 
815 0.432641 
816 -0.247291 
817 -0.279285 
818 0.432641 
819 0.270824 
820 -0.232609 
821 0.425088 
822 0.405261 
823 -0.197191 
824 0.425088 
825 -0.469712 
826 0.030623 
827 0.487674 
828 0.025285 
829 -0.113672 
830 -0.445698 
831 -0.101907 
832 -0.088233 
833 -0.042472 
834 0.237411 
835 -0.303341 
836 -0.089596 
837 -0.247235 
838 -0.089596 
839 -0.494395 
840 -0.088233 
841 -0.031066 
842 -0.031066 
843 -0.365263 
844 -0.365263 
845 0.235886 
846 -0.365263 
847 0.094717 
848 -0.090523 
849 0.265021 
850 -0.487923 
851 -0.170618 
852 -0.366142 
853 -0.209154 
854 0.390117 
855 -0.209154 
856 -0.045427 
857 0.057447 
858 -0.323011 
859 -0.303341 
860 -0.095446 
861 -0.189235 
862 0.202616 
863 0.466249 
864 0.191082 
865 -0.418033 
866 0.239498 
867 -0.031066 
868 0.239498 
869 0.383795 
870 -0.180176 
871 -0.078946 
872 0.251108 
873 -0.274198 
874 -0.395327 
875 -0.274198 
876 0.235886 
877 -0.305451 
878 0.235886 
879 -0.247291 
880 0.094717 
881 0.416331 
882 -0.361676 
883 0.020465 
884 -0.180003 
885 0.308058 
886 -0.232609 
887 -0.275168 
888 0.251108 
889 0.263186 
890 0.441293 
891 -0.100852 
892 0.348698 
893 0.361571 
894 0.245605 
895 0.348698 
896 0.363151 
897 0.270526 
898 0.094717 
899 0.270824 
900 0.308058 
901 -0.247291 
902 -0.180003 
903 -0.232609 
904 -0.275168 
905 0.270824 
906 -0.317318 
907 0.263186 
908 0.342510 
909 -0.090523 
910 -0.317318 
911 0.054637 
912 -0.401482 
913 0.441293 
914 0.342510 
915 -0.090523 
916 0.405261 
917 0.054637 
918 -0.401482 
919 -0.100852 
920 0.361571 
921 0.245605 
922 0.363151 
923 0.270526 
924 -0.137310 
925 -0.112416 
926 0.180835 
927 -0.393958 
928 0.180835 
929 -0.096555 
930 -0.081192 
931 -0.393958 
932 -0.455387 
933 -0.081192 
934 -0.096555 
935 -0.455387 
936 0.270350 
937 0.453629 
938 0.148821 
939 0.289630 
940 0.137020 
941 0.480788 
942 0.488484 
943 -0.119830 
944 -0.309093 
945 -0.197191 
946 0.354714 
947 -0.197191 
948 0.209741 
949 -0.489871 
950 -0.099952 
951 0.019659 
952 -0.489871 
953 0.360494 
954 0.267949 
955 -0.201476 
956 -0.380767 
957 -0.168889 
