1446 1
0 -0.049530 
1 0.169630 
2 -0.400181 
3 0.205848 
4 -0.233582 
5 -0.306130 
6 0.465501 
7 0.118439 
8 -0.185247 
9 -0.407076 
10 0.150980 
11 -0.287935 
12 -0.458803 
13 -0.306130 
14 0.169630 
15 -0.430920 
16 -0.389514 
17 0.090863 
18 -0.410180 
19 -0.407076 
20 -0.184296 
21 -0.369695 
22 -0.407076 
23 0.210817 
24 -0.287935 
25 -0.139328 
26 -0.350165 
27 0.279631 
28 -0.169661 
29 -0.189945 
30 0.494443 
31 -0.372328 
32 -0.169661 
33 0.025588 
34 0.061166 
35 -0.036300 
36 0.169630 
37 -0.151445 
38 -0.398117 
39 0.450707 
40 -0.461171 
41 0.169630 
42 0.169630 
43 -0.109023 
44 -0.498324 
45 0.328800 
46 0.324001 
47 0.264826 
48 -0.398117 
49 -0.025419 
50 -0.228460 
51 -0.398117 
52 0.017393 
53 -0.297127 
54 -0.184296 
55 -0.273426 
56 -0.306130 
57 -0.498324 
58 -0.228460 
59 0.487999 
60 0.225808 
61 -0.051425 
62 0.394270 
63 -0.169661 
64 -0.389514 
65 0.494443 
66 -0.169661 
67 -0.220919 
68 -0.228460 
69 -0.389514 
70 0.462887 
71 -0.425143 
72 0.031774 
73 -0.499279 
74 -0.398117 
75 -0.273426 
76 0.156754 
77 -0.287935 
78 -0.369134 
79 -0.425143 
80 0.487999 
81 -0.018293 
82 0.139265 
83 -0.398117 
84 -0.170616 
85 -0.273426 
86 -0.398117 
87 -0.389629 
88 0.372582 
89 -0.184296 
90 -0.049530 
91 -0.398117 
92 -0.430800 
93 -0.498324 
94 0.031774 
95 -0.430800 
96 -0.184296 
97 -0.146063 
98 -0.169436 
99 -0.192981 
100 0.218328 
101 0.483873 
102 -0.305261 
103 0.056477 
104 -0.402768 
105 -0.230882 
106 0.076966 
107 -0.273722 
108 -0.159579 
109 0.487999 
110 -0.277209 
111 -0.430800 
112 0.418352 
113 -0.499279 
114 -0.495184 
115 -0.495184 
116 -0.273722 
117 -0.169661 
118 0.399669 
119 -0.407076 
120 0.429745 
121 -0.430800 
122 0.031774 
123 0.498266 
124 0.324001 
125 -0.034923 
126 -0.428006 
127 0.372582 
128 -0.051425 
129 -0.428006 
130 0.445842 
131 -0.136266 
132 -0.149729 
133 -0.273722 
134 0.360999 
135 0.152736 
136 -0.314991 
137 -0.273722 
138 -0.070010 
139 -0.169661 
140 -0.220919 
141 -0.499279 
142 -0.237254 
143 -0.436317 
144 0.494443 
145 0.394270 
146 -0.220919 
147 0.002439 
148 0.448056 
149 -0.192474 
150 -0.314991 
151 -0.034923 
152 -0.390700 
153 -0.081032 
154 0.143610 
155 -0.397005 
156 0.221178 
157 -0.430800 
158 -0.462065 
159 0.376509 
160 -0.052948 
161 0.478680 
162 0.431952 
163 0.372582 
164 0.384259 
165 -0.410180 
166 0.001705 
167 -0.083558 
168 0.061816 
169 -0.461392 
170 0.002533 
171 -0.254008 
172 -0.425143 
173 -0.430800 
174 -0.495184 
175 0.355108 
176 -0.238652 
177 -0.182294 
178 0.312738 
179 0.462887 
180 -0.306013 
181 0.394270 
182 0.465501 
183 -0.238652 
184 0.218328 
185 -0.319224 
186 0.462887 
187 -0.034923 
188 -0.052948 
189 -0.049530 
190 -0.214377 
191 -0.184296 
192 -0.273722 
193 0.218328 
194 0.480176 
195 -0.397005 
196 -0.139328 
197 -0.410180 
198 -0.479353 
199 -0.465564 
200 -0.314991 
201 0.152736 
202 0.197221 
203 -0.495184 
204 0.264826 
205 0.002533 
206 -0.389514 
207 -0.228460 
208 0.056477 
209 -0.079834 
210 0.061816 
211 0.176250 
212 -0.179110 
213 0.462887 
214 -0.238652 
215 0.225808 
216 0.268233 
217 -0.052948 
218 0.017393 
219 -0.083558 
220 -0.395453 
221 -0.430800 
222 -0.389514 
223 0.156754 
224 -0.425143 
225 -0.242827 
226 0.372582 
227 -0.407076 
228 -0.462449 
229 -0.495184 
230 -0.464476 
231 0.002533 
232 0.431952 
233 -0.306130 
234 -0.477602 
235 0.152736 
236 0.129771 
237 -0.388192 
238 -0.482789 
239 -0.306130 
240 -0.369167 
241 -0.189945 
242 0.050751 
243 -0.462065 
244 -0.051425 
245 0.465501 
246 0.495024 
247 0.001705 
248 0.218328 
249 -0.220919 
250 -0.050529 
251 0.031774 
252 -0.306130 
253 -0.407076 
254 -0.447993 
255 -0.301653 
256 -0.306130 
257 -0.207045 
258 -0.462065 
259 -0.050444 
260 0.324001 
261 -0.389514 
262 -0.193134 
263 -0.101214 
264 -0.217515 
265 0.394270 
266 0.464893 
267 0.061342 
268 -0.314991 
269 -0.314991 
270 0.066843 
271 0.431952 
272 -0.406097 
273 -0.297182 
274 0.176230 
275 0.218328 
276 0.384259 
277 0.393123 
278 0.457097 
279 0.446083 
280 0.372582 
281 -0.410180 
282 -0.193336 
283 0.144427 
284 -0.273426 
285 0.394270 
286 0.169630 
287 -0.430800 
288 -0.083558 
289 -0.228460 
290 0.445842 
291 -0.263789 
292 -0.081811 
293 0.399669 
294 0.144427 
295 0.394270 
296 0.224451 
297 0.250013 
298 0.017393 
299 -0.286856 
300 -0.088445 
301 0.380207 
302 -0.136266 
303 -0.091401 
304 -0.081811 
305 0.031774 
306 -0.025419 
307 0.328800 
308 -0.214377 
309 -0.153516 
310 0.066843 
311 0.403925 
312 -0.464476 
313 -0.407076 
314 -0.136266 
315 0.154350 
316 0.363762 
317 -0.228460 
318 0.144427 
319 0.402862 
320 -0.479353 
321 -0.228460 
322 0.324001 
323 -0.310167 
324 -0.288945 
325 0.376509 
326 -0.325375 
327 -0.214377 
328 -0.238652 
329 -0.238652 
330 0.017393 
331 0.356439 
332 -0.088445 
333 -0.273426 
334 0.430414 
335 -0.049530 
336 -0.288224 
337 -0.110251 
338 -0.051425 
339 -0.162230 
340 -0.009425 
341 -0.447586 
342 0.354578 
343 0.171257 
344 0.465501 
345 -0.184296 
346 -0.189945 
347 0.372582 
348 0.050751 
349 0.367821 
350 0.384259 
351 -0.273426 
352 -0.009425 
353 -0.184296 
354 -0.320260 
355 -0.430920 
356 0.301740 
357 0.301740 
358 -0.476854 
359 -0.189945 
360 -0.023377 
361 0.394270 
362 -0.088445 
363 -0.184296 
364 0.363762 
365 0.365852 
366 -0.104308 
367 -0.447993 
368 0.169630 
369 -0.406097 
370 -0.398117 
371 0.441801 
372 -0.242827 
373 0.402862 
374 -0.372328 
375 0.408801 
376 -0.369167 
377 0.205848 
378 -0.479353 
379 -0.288224 
380 0.402862 
381 -0.275202 
382 -0.235985 
383 -0.220919 
384 -0.425143 
385 0.440060 
386 -0.242827 
387 0.031774 
388 -0.369167 
389 -0.226888 
390 -0.220919 
391 0.498192 
392 0.402862 
393 -0.162230 
394 -0.369167 
395 0.268233 
396 -0.350165 
397 0.437512 
398 0.430414 
399 -0.036300 
400 0.086025 
401 -0.387562 
402 -0.081811 
403 0.144427 
404 -0.288224 
405 0.402862 
406 0.429745 
407 0.478680 
408 -0.288409 
409 -0.477602 
410 -0.476854 
411 -0.253188 
412 -0.151445 
413 0.233344 
414 0.360999 
415 -0.224498 
416 -0.288224 
417 0.400321 
418 -0.373056 
419 -0.476854 
420 0.377732 
421 -0.220919 
422 -0.081811 
423 0.412117 
424 0.262744 
425 0.478680 
426 0.056477 
427 0.301740 
428 -0.425143 
429 0.402862 
430 -0.345692 
431 -0.499279 
432 -0.036300 
433 -0.406097 
434 -0.192981 
435 0.233344 
436 -0.142473 
437 -0.151445 
438 -0.144866 
439 -0.146976 
440 0.139364 
441 -0.021478 
442 -0.242827 
443 0.429745 
444 -0.350165 
445 -0.109279 
446 -0.498324 
447 0.402862 
448 -0.495184 
449 0.429745 
450 0.201948 
451 -0.083558 
452 -0.159579 
453 0.360999 
454 0.272471 
455 0.498192 
456 -0.249353 
457 -0.306013 
458 -0.220477 
459 -0.468274 
460 -0.182905 
461 -0.387562 
462 -0.288224 
463 -0.233582 
464 0.478680 
465 -0.287935 
466 -0.477602 
467 -0.273426 
468 -0.151445 
469 0.363481 
470 -0.373056 
471 0.360999 
472 -0.310167 
473 -0.058037 
474 -0.310167 
475 -0.245911 
476 -0.245911 
477 0.301740 
478 -0.109023 
479 0.465055 
480 0.290617 
481 0.309992 
482 0.070146 
483 0.360999 
484 -0.192981 
485 -0.230882 
486 -0.401455 
487 0.363481 
488 -0.142137 
489 0.414280 
490 -0.389514 
491 -0.499971 
492 -0.235985 
493 0.486247 
494 -0.190502 
495 -0.237254 
496 0.036137 
497 0.139364 
498 -0.025249 
499 -0.350165 
500 -0.036300 
501 -0.025249 
502 -0.275202 
503 -0.477602 
504 -0.312077 
505 -0.004237 
506 0.248783 
507 0.372582 
508 -0.273722 
509 0.494443 
510 0.403925 
511 0.430414 
512 -0.237254 
513 -0.080121 
514 -0.109023 
515 -0.081811 
516 -0.373056 
517 0.178128 
518 0.028367 
519 -0.224498 
520 0.268233 
521 0.483873 
522 0.481951 
523 0.286563 
524 -0.499279 
525 -0.224498 
526 -0.220477 
527 0.225808 
528 -0.499279 
529 -0.190574 
530 -0.032632 
531 -0.401455 
532 -0.091842 
533 0.090863 
534 0.156754 
535 -0.183012 
536 -0.142137 
537 0.115585 
538 -0.387562 
539 -0.142137 
540 -0.479353 
541 -0.465564 
542 0.465501 
543 0.340500 
544 0.400321 
545 0.394270 
546 0.204228 
547 0.484193 
548 0.129771 
549 -0.220477 
550 0.129771 
551 -0.220919 
552 0.090863 
553 -0.058037 
554 -0.070010 
555 0.401224 
556 -0.262346 
557 -0.274343 
558 0.156754 
559 -0.495184 
560 -0.142137 
561 0.343883 
562 -0.310167 
563 0.360999 
564 -0.362747 
565 -0.214377 
566 -0.477602 
567 -0.288945 
568 -0.402768 
569 0.341213 
570 -0.398428 
571 -0.127299 
572 0.285408 
573 -0.170616 
574 -0.441064 
575 0.487999 
576 0.069230 
577 -0.389629 
578 0.152736 
579 0.272471 
580 0.139364 
581 0.262314 
582 -0.460778 
583 -0.402768 
584 0.437512 
585 0.205848 
586 -0.388192 
587 -0.134252 
588 0.225808 
589 -0.387562 
590 0.090863 
591 -0.050444 
592 -0.058037 
593 -0.402768 
594 -0.036300 
595 -0.377139 
596 -0.032632 
597 -0.183012 
598 0.225808 
599 0.218328 
600 -0.025527 
601 0.029170 
602 -0.032632 
603 0.401007 
604 -0.190107 
605 -0.223419 
606 -0.111156 
607 -0.175410 
608 -0.331238 
609 -0.498324 
610 0.367821 
611 -0.306130 
612 -0.162230 
613 0.061342 
614 0.403290 
615 0.204228 
616 0.367821 
617 -0.220919 
618 -0.228460 
619 0.066843 
620 0.252098 
621 -0.142137 
622 -0.235985 
623 0.484193 
624 -0.111156 
625 -0.443776 
626 0.429745 
627 0.367821 
628 0.429745 
629 0.429745 
630 -0.498324 
631 0.218328 
632 0.066843 
633 -0.477602 
634 -0.462065 
635 0.061342 
636 0.373821 
637 -0.398428 
638 0.137442 
639 0.286563 
640 -0.142137 
641 0.429745 
642 -0.111156 
643 0.401699 
644 -0.398671 
645 -0.160871 
646 0.254337 
647 0.160348 
648 0.441575 
649 0.303697 
650 -0.220919 
651 -0.287935 
652 -0.362747 
653 0.340099 
654 -0.220919 
655 0.254337 
656 -0.395453 
657 -0.245166 
658 -0.032632 
659 -0.410180 
660 0.254337 
661 -0.110251 
662 -0.142473 
663 -0.249353 
664 -0.254416 
665 0.401224 
666 0.152736 
667 -0.023377 
668 0.061342 
669 -0.235985 
670 0.475489 
671 -0.498324 
672 0.373821 
673 0.020125 
674 0.297287 
675 -0.325375 
676 -0.099656 
677 -0.109023 
678 0.031774 
679 -0.058037 
680 -0.190502 
681 0.429745 
682 -0.081811 
683 0.367821 
684 0.341213 
685 0.356439 
686 -0.032632 
687 0.356439 
688 0.268932 
689 -0.398428 
690 0.301740 
691 -0.369134 
692 0.272471 
693 0.221178 
694 -0.210434 
695 0.448056 
696 0.205848 
697 -0.461785 
698 -0.183012 
699 0.301740 
700 -0.183012 
701 -0.151445 
702 0.475489 
703 -0.401455 
704 -0.192474 
705 0.355108 
706 -0.051425 
707 0.250013 
708 0.091807 
709 0.309992 
710 -0.170616 
711 0.495024 
712 -0.398428 
713 -0.217515 
714 -0.169845 
715 0.286563 
716 -0.057441 
717 0.355108 
718 -0.025527 
719 -0.406097 
720 -0.198877 
721 0.262744 
722 0.341213 
723 -0.345692 
724 -0.025249 
725 -0.249353 
726 0.408801 
727 -0.183012 
728 -0.183012 
729 -0.499971 
730 0.272471 
731 0.139364 
732 -0.236443 
733 0.475489 
734 -0.111156 
735 0.297287 
736 0.250013 
737 -0.434735 
738 0.272471 
739 0.475489 
740 -0.142137 
741 0.328800 
742 0.233344 
743 -0.183012 
744 0.429745 
745 0.355108 
746 -0.189945 
747 0.096116 
748 -0.007353 
749 0.363481 
750 0.250013 
751 -0.389629 
752 0.355108 
753 0.002533 
754 -0.479353 
755 0.465055 
756 0.446083 
757 0.050751 
758 -0.118039 
759 -0.406097 
760 -0.423811 
761 -0.081811 
762 -0.190574 
763 -0.083558 
764 0.248783 
765 -0.397005 
766 -0.142137 
767 -0.169661 
768 -0.052948 
769 -0.297127 
770 -0.360643 
771 -0.220477 
772 -0.190502 
773 0.441575 
774 0.248783 
775 -0.179110 
776 -0.019127 
777 -0.091842 
778 0.448056 
779 -0.189945 
780 0.341213 
781 0.029170 
782 -0.443776 
783 -0.288409 
784 -0.081811 
785 0.393123 
786 -0.288409 
787 -0.198877 
788 -0.254416 
789 -0.220477 
790 0.367821 
791 0.254337 
792 -0.288224 
793 -0.151445 
794 0.367329 
795 -0.398428 
796 -0.406097 
797 -0.151445 
798 -0.007353 
799 -0.091842 
800 0.226243 
801 0.281891 
802 -0.388192 
803 0.017393 
804 0.448056 
805 0.364041 
806 0.008409 
807 0.250013 
808 0.268932 
809 0.403925 
810 0.427803 
811 -0.104308 
812 -0.288409 
813 -0.448265 
814 0.262744 
815 -0.249353 
816 0.403925 
817 0.461547 
818 0.218328 
819 -0.058037 
820 0.355108 
821 0.301740 
822 0.139364 
823 -0.458803 
824 0.459226 
825 0.446083 
826 0.363481 
827 -0.477602 
828 -0.052948 
829 0.340099 
830 0.154350 
831 0.201948 
832 -0.254416 
833 0.069230 
834 0.201948 
835 -0.462449 
836 -0.465564 
837 -0.021478 
838 -0.220477 
839 -0.288409 
840 0.201948 
841 0.286563 
842 0.373821 
843 0.461547 
844 0.461547 
845 0.401699 
846 -0.036300 
847 -0.410180 
848 -0.111156 
849 0.403925 
850 -0.419195 
851 0.297287 
852 -0.479353 
853 0.297287 
854 0.386512 
855 -0.236443 
856 -0.362747 
857 -0.465564 
858 -0.249353 
859 -0.407076 
860 0.393123 
861 0.171257 
862 0.414280 
863 -0.018293 
864 -0.297127 
865 -0.172885 
866 0.355108 
867 0.386512 
868 0.429745 
869 -0.210434 
870 -0.032632 
871 -0.477602 
872 -0.034923 
873 0.461547 
874 0.442829 
875 0.254337 
876 0.358054 
877 -0.362747 
878 0.187794 
879 -0.337797 
880 0.229762 
881 -0.169661 
882 0.256176 
883 0.367821 
884 -0.443776 
885 0.226243 
886 0.139364 
887 0.248783 
888 0.461547 
889 0.382430 
890 0.139364 
891 0.363481 
892 -0.220919 
893 0.377732 
894 -0.190502 
895 0.090863 
896 0.403925 
897 -0.190107 
898 -0.032632 
899 -0.052948 
900 -0.347600 
901 -0.224498 
902 -0.052948 
903 -0.425143 
904 0.187794 
905 -0.436317 
906 0.281891 
907 0.400321 
908 -0.479353 
909 -0.111156 
910 -0.033596 
911 -0.190502 
912 -0.458803 
913 0.090863 
914 -0.494872 
915 0.251070 
916 -0.373056 
917 -0.288224 
918 0.429745 
919 0.046051 
920 -0.369167 
921 -0.388192 
922 0.268514 
923 0.297287 
924 0.403290 
925 -0.179110 
926 -0.037248 
927 -0.028518 
928 -0.287935 
929 0.250013 
930 -0.058037 
931 -0.190107 
932 0.433584 
933 -0.070010 
934 -0.297127 
935 -0.233582 
936 -0.051425 
937 0.152736 
938 -0.280297 
939 -0.179110 
940 0.254337 
941 -0.111156 
942 -0.138324 
943 0.176250 
944 -0.050444 
945 -0.018293 
946 0.340099 
947 0.403925 
948 0.476413 
949 -0.287935 
950 -0.288409 
951 -0.037719 
952 -0.183012 
953 0.400321 
954 0.393123 
955 -0.398671 
956 -0.447993 
957 -0.245911 
958 0.461547 
959 -0.214377 
960 0.300405 
961 0.226243 
962 -0.372328 
963 -0.498324 
964 -0.151445 
965 -0.465564 
966 -0.461785 
967 0.401699 
968 -0.160871 
969 -0.037248 
970 0.445842 
971 -0.037248 
972 0.008409 
973 0.403290 
974 0.382430 
975 0.297287 
976 0.254337 
977 0.461547 
978 -0.275543 
979 0.461547 
980 0.367821 
981 0.498192 
982 -0.058037 
983 0.152736 
984 -0.019127 
985 -0.369167 
986 0.070146 
987 0.280070 
988 -0.465564 
989 0.403290 
990 -0.461171 
991 -0.400181 
992 -0.051425 
993 -0.049530 
994 0.251070 
995 -0.052948 
996 -0.140453 
997 0.445842 
998 -0.387562 
999 0.050751 
1000 0.297287 
1001 -0.288409 
1002 -0.465564 
1003 -0.216071 
1004 -0.190502 
1005 0.441801 
1006 -0.387562 
1007 -0.178389 
1008 -0.091842 
1009 -0.428006 
1010 -0.254416 
1011 0.281891 
1012 -0.249758 
1013 -0.254416 
1014 -0.443776 
1015 -0.408045 
1016 -0.262346 
1017 -0.036300 
1018 -0.193336 
1019 0.403290 
1020 0.393123 
1021 -0.389629 
1022 0.226243 
1023 -0.369134 
1024 0.262744 
1025 0.144427 
1026 0.056477 
1027 0.475489 
1028 -0.070010 
1029 -0.193336 
1030 -0.494872 
1031 0.056477 
1032 -0.033596 
1033 0.086025 
1034 -0.162230 
1035 -0.159579 
1036 0.484193 
1037 0.484193 
1038 0.446083 
1039 -0.193336 
1040 -0.193336 
1041 -0.034923 
1042 -0.221103 
1043 -0.057441 
1044 -0.358007 
1045 -0.220477 
1046 -0.245911 
1047 -0.163070 
1048 -0.032632 
1049 0.280070 
1050 0.373821 
1051 0.393123 
1052 -0.051425 
1053 0.226243 
1054 0.008409 
1055 -0.495184 
1056 -0.398428 
1057 -0.216071 
1058 -0.142137 
1059 -0.018293 
1060 -0.400569 
1061 0.403925 
1062 0.046051 
1063 -0.337797 
1064 0.341213 
1065 -0.190002 
1066 0.020125 
1067 0.154350 
1068 -0.400181 
1069 -0.499279 
1070 -0.025419 
1071 0.483873 
1072 0.433584 
1073 0.481951 
1074 -0.144866 
1075 -0.389899 
1076 -0.190107 
1077 -0.425143 
1078 -0.297127 
1079 -0.118039 
1080 0.268932 
1081 0.090863 
1082 0.250013 
1083 0.360999 
1084 0.036137 
1085 -0.275543 
1086 0.268932 
1087 -0.277209 
1088 -0.369167 
1089 -0.050529 
1090 -0.465564 
1091 0.252098 
1092 -0.447993 
1093 0.441542 
1094 -0.190002 
1095 0.464236 
1096 0.461547 
1097 -0.036300 
1098 0.250197 
1099 -0.215117 
1100 -0.091842 
1101 -0.387562 
1102 -0.159579 
1103 0.268932 
1104 -0.280297 
1105 0.440060 
1106 -0.377139 
1107 0.484193 
1108 0.475489 
1109 -0.401455 
1110 -0.277209 
1111 0.461547 
1112 0.056477 
1113 0.281891 
1114 0.402862 
1115 0.203909 
1116 -0.369134 
1117 0.301740 
1118 -0.389514 
1119 0.364041 
1120 0.448056 
1121 0.328800 
1122 0.050751 
1123 -0.245911 
1124 0.279631 
1125 0.302960 
1126 0.430414 
1127 0.309992 
1128 0.204228 
1129 -0.423811 
1130 -0.360643 
1131 0.382430 
1132 0.286563 
1133 0.115585 
1134 -0.369167 
1135 -0.454822 
1136 0.250197 
1137 -0.434735 
1138 0.372582 
1139 -0.494226 
1140 0.476413 
1141 -0.310167 
1142 -0.033596 
1143 -0.079834 
1144 0.384259 
1145 0.358054 
1146 -0.319224 
1147 -0.369167 
1148 0.382430 
1149 -0.101214 
1150 -0.465564 
1151 -0.401644 
1152 -0.091842 
1153 -0.288409 
1154 -0.189945 
1155 0.341213 
1156 0.090863 
1157 0.002533 
1158 -0.485029 
1159 -0.142137 
1160 -0.323793 
1161 0.462887 
1162 0.268932 
1163 -0.018293 
1164 -0.443776 
1165 -0.009425 
1166 -0.254416 
1167 0.129771 
1168 -0.215117 
1169 0.203909 
1170 0.302960 
1171 0.297287 
1172 -0.179110 
1173 0.242739 
1174 -0.221103 
1175 -0.099656 
1176 -0.091842 
1177 -0.482789 
1178 -0.189945 
1179 0.475489 
1180 -0.216071 
1181 -0.030897 
1182 0.328800 
1183 0.440060 
1184 -0.190755 
1185 -0.159579 
1186 0.341213 
1187 0.393123 
1188 -0.398428 
1189 -0.287935 
1190 -0.190502 
1191 -0.277209 
1192 -0.389629 
1193 -0.193336 
1194 -0.447993 
1195 -0.310167 
1196 -0.369695 
1197 0.139364 
1198 -0.030897 
1199 0.204228 
1200 -0.245911 
1201 0.393123 
1202 -0.254416 
1203 0.430414 
1204 0.309992 
1205 0.430414 
1206 0.494443 
1207 -0.410180 
1208 0.231369 
1209 -0.401644 
1210 0.441542 
1211 -0.142137 
1212 -0.461785 
1213 -0.347600 
1214 -0.033596 
1215 -0.406097 
1216 -0.050444 
1217 0.268932 
1218 -0.193336 
1219 -0.482789 
1220 0.118439 
1221 -0.400569 
1222 0.461547 
1223 0.231369 
1224 -0.401455 
1225 -0.111156 
1226 -0.193134 
1227 -0.398428 
1228 0.250197 
1229 -0.254416 
1230 -0.193336 
1231 -0.136266 
1232 -0.179110 
1233 -0.347600 
1234 -0.401455 
1235 -0.163070 
1236 -0.191080 
1237 0.201948 
1238 -0.207045 
1239 -0.406097 
1240 -0.401644 
1241 0.301740 
1242 0.445842 
1243 -0.169845 
1244 0.169630 
1245 -0.030897 
1246 -0.347481 
1247 -0.162230 
1248 -0.465564 
1249 0.363481 
1250 -0.310167 
1251 -0.332366 
1252 -0.402768 
1253 -0.046178 
1254 -0.387562 
1255 -0.428006 
1256 -0.387562 
1257 -0.233582 
1258 0.475489 
1259 0.393123 
1260 -0.468274 
1261 0.498192 
1262 -0.179110 
1263 -0.337797 
1264 0.056477 
1265 -0.401644 
1266 -0.118039 
1267 -0.402768 
1268 0.254337 
1269 -0.465564 
1270 -0.242827 
1271 0.475489 
1272 -0.347600 
1273 0.050751 
1274 -0.463370 
1275 0.360999 
1276 0.328800 
1277 0.403925 
1278 -0.254416 
1279 -0.273426 
1280 0.008409 
1281 0.401699 
1282 0.251070 
1283 -0.319224 
1284 -0.253188 
1285 -0.499279 
1286 0.401224 
1287 0.427803 
1288 -0.280297 
1289 -0.149729 
1290 -0.127299 
1291 -0.310167 
1292 0.262744 
1293 -0.233582 
1294 0.409195 
1295 -0.149729 
1296 0.176250 
1297 -0.101214 
1298 -0.369695 
1299 0.409195 
1300 -0.277209 
1301 0.066843 
1302 0.384259 
1303 0.252098 
1304 0.286563 
1305 0.367329 
1306 0.231369 
1307 0.201948 
1308 -0.125671 
1309 -0.398671 
1310 0.017393 
1311 -0.482789 
1312 -0.215117 
1313 0.309992 
1314 -0.434735 
1315 0.176250 
1316 0.384259 
1317 -0.346143 
1318 -0.479353 
1319 -0.176360 
1320 0.225808 
1321 0.358054 
1322 -0.036300 
1323 0.341213 
1324 0.143738 
1325 0.143738 
1326 0.343883 
1327 -0.494226 
1328 -0.004237 
1329 -0.088445 
1330 0.461547 
1331 -0.482789 
1332 0.358054 
1333 -0.319224 
1334 0.066843 
1335 -0.447586 
1336 0.486247 
1337 -0.332366 
1338 0.070146 
1339 -0.493613 
1340 0.176250 
1341 -0.101214 
1342 -0.465564 
1343 -0.226888 
1344 -0.463370 
1345 0.128062 
1346 -0.410180 
1347 -0.151054 
1348 0.050751 
1349 0.002439 
1350 -0.237254 
1351 0.478351 
1352 -0.461392 
1353 0.066843 
1354 -0.389629 
1355 0.250013 
1356 -0.288224 
1357 -0.461785 
1358 -0.369134 
1359 0.264826 
1360 -0.461785 
1361 -0.458803 
1362 0.429580 
1363 0.056477 
1364 -0.182294 
1365 0.176250 
1366 -0.058037 
1367 0.430414 
1368 -0.436317 
1369 -0.367694 
1370 0.367821 
1371 -0.215117 
1372 0.204228 
1373 0.144427 
1374 0.418352 
1375 0.128062 
1376 0.483873 
1377 -0.190502 
1378 -0.320260 
1379 0.268233 
1380 -0.226888 
1381 -0.037248 
1382 -0.253188 
1383 -0.436317 
1384 0.233344 
1385 0.152736 
1386 -0.159579 
1387 0.401007 
1388 0.480176 
1389 -0.319224 
1390 0.480176 
1391 0.008409 
1392 -0.081032 
1393 0.262744 
1394 -0.146976 
1395 0.418352 
1396 0.431952 
1397 0.339893 
1398 0.001705 
1399 -0.263789 
1400 -0.142137 
1401 0.356439 
1402 -0.139328 
1403 -0.319224 
1404 -0.149729 
1405 0.066843 
1406 0.312738 
1407 -0.091842 
1408 -0.176360 
1409 0.355108 
1410 -0.091842 
1411 -0.362747 
1412 -0.091842 
1413 -0.410180 
1414 0.448056 
1415 0.498192 
1416 0.286563 
1417 -0.397005 
1418 -0.083558 
1419 0.478351 
1420 -0.009425 
1421 0.250197 
1422 0.418352 
1423 -0.387562 
1424 0.281891 
1425 -0.447993 
1426 -0.436317 
1427 -0.018293 
1428 -0.397005 
1429 -0.367694 
1430 -0.242827 
1431 -0.083558 
1432 0.129771 
1433 0.430414 
1434 -0.397005 
1435 0.261432 
1436 -0.443776 
1437 0.070146 
1438 -0.400181 
1439 -0.191604 
1440 -0.018293 
1441 0.224218 
1442 0.446083 
1443 0.137442 
1444 0.031774 
1445 -0.220477 
