39 1
0 0.121828 
1 0.458849 
2 0.396192 
3 -0.131950 
4 0.236993 
5 0.168109 
6 -0.494723 
7 0.318196 
8 0.350195 
9 -0.002112 
10 -0.242026 
11 0.451713 
12 -0.037987 
13 0.364130 
14 -0.312968 
15 -0.357371 
16 0.398698 
17 -0.465416 
18 -0.477329 
19 -0.425443 
20 -0.323193 
21 -0.468592 
22 0.066822 
23 0.353031 
24 0.476476 
25 -0.004014 
26 -0.065059 
27 0.229510 
28 0.034049 
29 0.110341 
30 0.483218 
31 -0.352895 
32 0.121828 
33 0.458849 
34 0.396192 
35 -0.131950 
36 0.236993 
37 0.168109 
38 -0.494723 
