1446 1
0 2.407404 
1 0.615328 
2 0.062633 
3 1.077972 
4 1.194598 
5 -1.705161 
6 1.255142 
7 1.402109 
8 1.280911 
9 -1.611063 
10 -0.506434 
11 2.206932 
12 1.977951 
13 -2.090364 
14 0.871003 
15 -0.143996 
16 0.170439 
17 2.096044 
18 1.492560 
19 -0.273165 
20 0.772209 
21 1.240407 
22 -1.881228 
23 -2.069854 
24 1.679155 
25 1.248683 
26 -0.108224 
27 1.457184 
28 1.048865 
29 1.500287 
30 -1.417181 
31 1.861836 
32 2.046381 
33 1.121284 
34 -0.313236 
35 0.857728 
36 1.386693 
37 1.895779 
38 0.138944 
39 1.229919 
40 -0.018763 
41 1.776061 
42 1.488682 
43 1.043057 
44 1.483186 
45 -0.623223 
46 -2.619172 
47 0.647922 
48 1.315917 
49 0.804249 
50 1.573926 
51 1.184875 
52 1.830702 
53 -1.735721 
54 0.762881 
55 0.834131 
56 -1.615364 
57 0.369250 
58 1.306002 
59 1.830636 
60 1.677843 
61 1.763011 
62 -0.241138 
63 0.992178 
64 -0.000456 
65 -0.015639 
66 1.112187 
67 -2.609146 
68 1.435976 
69 -2.308024 
70 1.126552 
71 -0.166280 
72 1.305228 
73 1.388657 
74 -1.186649 
75 1.497457 
76 0.674463 
77 2.106344 
78 1.588190 
79 -0.298224 
80 1.501845 
81 -1.844884 
82 1.349897 
83 0.412513 
84 1.879440 
85 1.095003 
86 -1.528024 
87 0.990685 
88 0.452091 
89 -1.349367 
90 1.903716 
91 1.595414 
92 1.676793 
93 0.884443 
94 1.307956 
95 1.001665 
96 -1.977646 
97 0.870231 
98 0.455743 
99 1.730513 
100 1.147990 
101 1.508134 
102 -0.068848 
103 1.837989 
104 1.490221 
105 1.402563 
106 -1.935723 
107 -1.467831 
108 0.953553 
109 1.455811 
110 -1.638763 
111 1.595135 
112 -0.198596 
113 1.897925 
114 -1.908376 
115 1.311241 
116 -1.834770 
117 -1.982818 
118 0.657247 
119 1.396049 
120 2.226891 
121 1.419265 
122 0.589333 
123 0.238344 
124 -1.220521 
125 1.984336 
126 1.186117 
127 0.321877 
128 1.679222 
129 0.729738 
130 1.273303 
131 -1.373157 
132 -2.274910 
133 -0.835526 
134 -1.002582 
135 -1.658119 
136 1.975377 
137 -2.337763 
138 -0.140764 
139 -0.196082 
140 -2.077021 
141 1.683703 
142 -1.485981 
143 0.467399 
144 -1.942412 
145 2.241523 
146 -0.031296 
147 0.314456 
148 1.244836 
149 1.116109 
150 1.354611 
151 1.386633 
152 1.354928 
153 0.741932 
154 1.661752 
155 1.160429 
156 1.209679 
157 0.940678 
158 1.971383 
159 0.471202 
160 0.950057 
161 -0.457545 
162 2.085167 
163 1.347177 
164 -1.732533 
165 1.684908 
166 -0.129161 
167 1.419126 
168 1.777087 
169 1.446640 
170 1.354378 
171 -0.412798 
172 0.723504 
173 0.316115 
174 2.115585 
175 -1.657241 
176 -1.978440 
177 0.348102 
178 1.371254 
179 1.543644 
180 -0.582194 
181 1.042030 
182 2.421675 
183 -1.289024 
184 1.273143 
185 0.202710 
186 0.468117 
187 2.025766 
188 1.258330 
189 1.399238 
190 0.127953 
191 -2.451562 
192 -1.414268 
193 0.711247 
194 1.130175 
195 1.869935 
196 0.565468 
197 1.481835 
198 0.660813 
199 1.913714 
200 1.501023 
201 -1.872539 
202 0.369213 
203 1.687205 
204 1.043703 
205 1.371529 
206 0.428464 
207 1.944398 
208 0.887865 
209 2.535767 
210 0.419163 
211 0.406134 
212 1.524297 
213 1.032124 
214 1.413109 
215 1.330387 
216 -1.676135 
217 1.697085 
218 1.650957 
219 -0.113790 
220 -1.381210 
221 1.310730 
222 0.483711 
223 2.147928 
224 1.473862 
225 0.424547 
226 1.590722 
227 1.418336 
228 0.597895 
229 -2.932554 
230 0.788495 
231 -0.170843 
232 1.732892 
233 -1.479698 
234 -0.506429 
235 -2.016246 
236 1.786087 
237 1.808078 
238 0.765863 
239 -0.450144 
240 -1.278855 
241 -0.243716 
242 1.079049 
243 2.389076 
244 1.294230 
245 1.459195 
246 1.097850 
247 1.313403 
248 0.551005 
249 -1.785586 
250 1.901842 
251 -1.841159 
252 -1.970922 
253 -1.148231 
254 1.809147 
255 0.755183 
256 -2.358197 
257 0.816969 
258 0.553883 
259 1.516807 
260 -1.652966 
261 0.960996 
262 1.263241 
263 1.413427 
264 1.322832 
265 1.210303 
266 1.570111 
267 0.751537 
268 1.684614 
269 1.803085 
270 0.254122 
271 1.061988 
272 1.804975 
273 1.245519 
274 0.765805 
275 0.977656 
276 -1.757174 
277 1.666536 
278 0.435952 
279 1.227309 
280 1.255350 
281 1.476653 
282 0.923099 
283 -1.503595 
284 1.737891 
285 -1.316341 
286 1.407533 
287 1.048468 
288 0.858096 
289 1.521576 
290 0.247136 
291 1.795830 
292 1.001312 
293 1.723057 
294 -1.735912 
295 1.122537 
296 0.415870 
297 1.487151 
298 1.657176 
299 0.360877 
300 1.492375 
301 0.954035 
302 -2.110572 
303 0.230884 
304 1.865694 
305 1.419025 
306 -2.052301 
307 0.005902 
308 -1.518552 
309 1.559797 
310 -1.089546 
311 1.574526 
312 1.613978 
313 1.396966 
314 -1.160515 
315 -0.202685 
316 1.447758 
317 1.850321 
318 -1.449105 
319 0.526244 
320 0.564072 
321 1.573627 
322 -1.894349 
323 1.154176 
324 1.762357 
325 0.712989 
326 -0.495067 
327 -2.409706 
328 1.167246 
329 0.360710 
330 1.623160 
331 1.631012 
332 1.475475 
333 0.530365 
334 1.720990 
335 1.114235 
336 -0.081400 
337 1.646445 
338 2.286166 
339 -0.037126 
340 0.357941 
341 0.424988 
342 2.741549 
343 0.064624 
344 1.267856 
345 2.098839 
346 0.423804 
347 0.369486 
348 1.161947 
349 -2.119810 
350 -0.216066 
351 1.800348 
352 1.056914 
353 1.518528 
354 -0.196381 
355 1.974769 
356 1.743038 
357 -1.528982 
358 1.174907 
359 1.126515 
360 0.753447 
361 -1.556464 
362 1.702580 
363 0.906536 
364 0.946736 
365 0.020766 
366 1.460023 
367 2.046709 
368 1.400825 
369 1.513865 
370 -0.423043 
371 1.724237 
372 0.792125 
373 0.492875 
374 0.003191 
375 2.437348 
376 1.536192 
377 1.568612 
378 1.025463 
379 0.964078 
380 0.030252 
381 0.141248 
382 1.548015 
383 -2.647237 
384 2.079228 
385 0.573853 
386 0.398243 
387 -1.550859 
388 1.526003 
389 1.526481 
390 -1.899299 
391 -0.256255 
392 0.201274 
393 1.945433 
394 1.176374 
395 -1.763387 
396 -1.377490 
397 0.972287 
398 1.408853 
399 1.834914 
400 -0.860937 
401 -2.344782 
402 1.759368 
403 0.293701 
404 0.421364 
405 -2.163202 
406 0.971108 
407 1.392051 
408 1.844198 
409 1.421250 
410 -0.018442 
411 1.144786 
412 -1.502830 
413 1.778630 
414 -0.016717 
415 -1.750194 
416 0.853144 
417 -0.125405 
418 1.475605 
419 1.749165 
420 0.375748 
421 -1.832576 
422 2.190998 
423 -0.385300 
424 -1.745313 
425 -1.180231 
426 0.766451 
427 -2.292120 
428 1.745919 
429 -2.087229 
430 0.987095 
431 -0.757935 
432 1.805090 
433 1.804088 
434 -1.068351 
435 0.603964 
436 0.155115 
437 0.589453 
438 1.806736 
439 -2.133748 
440 1.688987 
441 1.800177 
442 0.189016 
443 -1.327680 
444 -1.069978 
445 1.551134 
446 1.527046 
447 -1.700607 
448 0.058573 
449 -2.081993 
450 0.963668 
451 1.797929 
452 -0.893553 
453 0.545093 
454 -2.799912 
455 -1.607850 
456 1.146638 
457 -0.288175 
458 -2.571035 
459 0.866507 
460 0.391288 
461 1.455889 
462 -0.256095 
463 2.009101 
464 0.375615 
465 -1.837375 
466 -2.467520 
467 0.099039 
468 -0.211968 
469 0.877351 
470 2.210949 
471 1.036875 
472 0.993468 
473 1.256436 
474 1.841760 
475 0.911561 
476 0.740638 
477 1.633377 
478 1.047405 
479 1.445318 
480 1.404117 
481 1.938690 
482 -0.113572 
483 -1.169814 
484 -1.420731 
485 1.880049 
486 0.282550 
487 -2.080744 
488 1.488967 
489 1.906597 
490 0.658675 
491 -0.291423 
492 0.480400 
493 -0.024721 
494 2.169371 
495 1.557860 
496 0.532205 
497 1.767243 
498 1.728564 
499 0.147879 
500 0.024227 
501 1.892907 
502 0.392887 
503 1.855802 
504 0.225121 
505 0.047769 
506 2.178930 
507 1.376410 
508 1.523207 
509 0.050589 
510 1.343539 
511 1.652482 
512 -0.172534 
513 1.412829 
514 1.219368 
515 1.650371 
516 1.128263 
517 0.716044 
518 1.602694 
519 -1.931685 
520 -2.440262 
521 0.255970 
522 -0.864763 
523 1.970117 
524 1.261351 
525 -1.639894 
526 -1.730938 
527 1.240467 
528 1.187617 
529 1.166105 
530 1.603756 
531 0.901657 
532 0.291909 
533 1.193264 
534 -0.308130 
535 2.538594 
536 1.393383 
537 -0.218195 
538 -2.017471 
539 1.532073 
540 -1.668987 
541 1.275346 
542 1.012581 
543 1.930221 
544 -2.144238 
545 -0.085632 
546 -1.502148 
547 1.702834 
548 0.902759 
549 -1.513992 
550 2.129653 
551 0.436110 
552 1.484793 
553 0.351192 
554 -1.149618 
555 2.176947 
556 1.438561 
557 2.368333 
558 0.228194 
559 -0.185008 
560 -1.883842 
561 -0.313013 
562 2.057358 
563 -1.205572 
564 -2.368901 
565 -0.239803 
566 0.573639 
567 0.842870 
568 0.191997 
569 2.099420 
570 1.426946 
571 0.906123 
572 1.200546 
573 1.509061 
574 -0.188514 
575 1.880396 
576 0.052422 
577 -2.072367 
578 2.152341 
579 0.645369 
580 0.817596 
581 1.061366 
582 0.988801 
583 1.866246 
584 -0.302208 
585 2.844769 
586 -0.119717 
587 1.044282 
588 1.009971 
589 -1.530368 
590 0.891592 
591 1.796752 
592 1.416891 
593 2.331063 
594 0.499079 
595 0.524575 
596 -1.474307 
597 -1.186192 
598 2.473976 
599 0.336163 
600 0.084185 
601 -0.380458 
602 2.800159 
603 0.872967 
604 -0.606972 
605 -2.251282 
606 1.531815 
607 1.404657 
608 -0.223886 
609 0.885508 
610 -2.988428 
611 -0.321250 
612 -0.356611 
613 1.035820 
614 -2.004958 
615 1.225843 
616 -2.433353 
617 0.055941 
618 1.538968 
619 -1.325059 
620 0.805878 
621 1.671372 
622 0.837712 
623 1.709570 
624 1.365721 
625 -2.539198 
626 0.165022 
627 -1.639114 
628 0.115200 
629 -2.069142 
630 1.536591 
631 1.649336 
632 -2.149855 
633 -1.579241 
634 1.791505 
635 0.392777 
636 -1.496027 
637 1.782418 
638 0.743574 
639 1.597283 
640 0.248945 
641 -1.175859 
642 2.864438 
643 0.499483 
644 1.845331 
645 -1.529987 
646 1.516189 
647 0.916489 
648 2.243265 
649 1.624189 
650 0.354329 
651 0.016317 
652 -1.764651 
653 1.687478 
654 0.131016 
655 -2.185121 
656 1.550181 
657 0.194873 
658 1.431920 
659 1.510718 
660 2.718085 
661 1.162623 
662 -0.289179 
663 -0.192761 
664 1.979941 
665 0.730405 
666 0.873364 
667 -1.703660 
668 1.393566 
669 1.491340 
670 1.035995 
671 1.234629 
672 -1.725159 
673 1.674042 
674 -1.803634 
675 0.817538 
676 0.882013 
677 1.927585 
678 0.851794 
679 1.260863 
680 1.880484 
681 -1.254476 
682 1.497945 
683 -1.346777 
684 -1.872208 
685 1.378736 
686 0.213356 
687 1.743876 
688 1.026202 
689 1.227814 
690 0.249629 
691 2.141630 
692 -2.148723 
693 1.323575 
694 -2.088452 
695 0.300549 
696 1.348162 
697 1.376397 
698 -0.134014 
699 1.815310 
700 1.697437 
701 1.056381 
702 1.738109 
703 -0.090657 
704 0.676838 
705 -1.717786 
706 0.756083 
707 2.256526 
708 1.661453 
709 -0.420638 
710 -2.017667 
711 1.618188 
712 1.191428 
713 -0.244712 
714 -1.904657 
715 2.148847 
716 -1.458906 
717 0.480700 
718 -1.542120 
719 2.246950 
720 -1.963855 
721 -0.237943 
722 1.604701 
723 1.630877 
724 1.124487 
725 2.501716 
726 -0.224482 
727 -1.431457 
728 -1.924517 
729 -1.788993 
730 -1.506089 
731 1.279527 
732 0.630257 
733 2.073968 
734 -0.201145 
735 -2.206055 
736 1.258455 
737 -0.199679 
738 -2.308589 
739 1.617117 
740 0.588079 
741 1.929516 
742 -1.341952 
743 -1.884136 
744 2.081517 
745 2.000573 
746 -1.033737 
747 0.113668 
748 0.864842 
749 1.084872 
750 2.285786 
751 0.576667 
752 -1.356095 
753 1.874925 
754 -2.528599 
755 -0.926962 
756 0.131543 
757 1.014646 
758 1.242619 
759 2.272916 
760 0.276400 
761 2.324443 
762 1.214904 
763 0.960730 
764 0.723462 
765 2.968985 
766 -0.236891 
767 0.460165 
768 -0.235723 
769 1.748064 
770 1.140353 
771 1.691447 
772 1.504549 
773 1.171341 
774 1.346105 
775 1.177082 
776 1.783521 
777 1.259271 
778 1.055158 
779 0.984369 
780 -1.551690 
781 0.164042 
782 -2.229505 
783 1.559047 
784 1.178731 
785 0.819088 
786 1.075034 
787 1.713124 
788 1.508221 
789 1.618780 
790 -1.784339 
791 0.470164 
792 0.048454 
793 2.118301 
794 1.510277 
795 0.998149 
796 1.578365 
797 1.211479 
798 1.669836 
799 -0.479866 
800 1.019880 
801 1.057814 
802 -2.323022 
803 0.957186 
804 -1.952701 
805 0.581575 
806 1.448110 
807 1.355476 
808 1.717107 
809 0.853387 
810 0.398356 
811 1.554283 
812 1.592272 
813 -0.522798 
814 0.917007 
815 2.134587 
816 1.279231 
817 1.381205 
818 1.521957 
819 -1.191915 
820 2.206703 
821 1.439653 
822 -1.119744 
823 0.194573 
824 0.113285 
825 -2.262440 
826 0.738873 
827 1.678989 
828 -2.069489 
829 0.569597 
830 1.734440 
831 0.978130 
832 2.010769 
833 -2.161934 
834 0.811891 
835 0.624082 
836 1.792572 
837 -0.155311 
838 1.727381 
839 1.105057 
840 0.536072 
841 0.872892 
842 -2.192381 
843 1.866402 
844 0.675560 
845 -0.680743 
846 1.553201 
847 1.996969 
848 0.385255 
849 -0.037122 
850 0.787139 
851 -3.195222 
852 -1.918915 
853 -2.152588 
854 1.574898 
855 0.519118 
856 0.912968 
857 1.678214 
858 1.616423 
859 0.528195 
860 0.120531 
861 0.597280 
862 2.111624 
863 -2.073923 
864 -1.704793 
865 1.983354 
866 -2.140034 
867 -0.060253 
868 1.009184 
869 0.677064 
870 0.481321 
871 2.465474 
872 1.120932 
873 -1.599746 
874 1.832379 
875 -1.383797 
876 0.659330 
877 -1.500646 
878 2.348640 
879 0.613751 
880 1.320879 
881 0.349137 
882 0.184918 
883 -2.884604 
884 -0.400756 
885 1.117006 
886 2.258919 
887 1.318402 
888 -1.748459 
889 1.653003 
890 1.869637 
891 0.130252 
892 -1.808070 
893 0.830091 
894 1.656743 
895 1.131261 
896 -1.109139 
897 -2.123951 
898 0.770277 
899 -2.674084 
900 2.107808 
901 -1.821950 
902 0.404071 
903 1.223324 
904 0.308064 
905 2.163013 
906 -1.363573 
907 -2.349608 
908 -1.481346 
909 -0.212338 
910 1.583282 
911 2.160128 
912 -0.100988 
913 1.484134 
914 -2.632046 
915 -1.880754 
916 1.384063 
917 -0.317909 
918 -1.019878 
919 2.366551 
920 0.762696 
921 2.130404 
922 0.696679 
923 -1.723653 
924 -2.241128 
925 -0.030312 
926 0.813874 
927 2.062245 
928 1.702519 
929 -2.090509 
930 -1.905840 
931 0.089178 
932 1.282184 
933 0.203246 
934 1.272723 
935 2.071374 
936 0.747514 
937 2.540273 
938 0.878529 
939 0.523510 
940 1.988649 
941 1.163248 
942 1.120261 
943 0.354837 
944 2.315892 
945 -1.754494 
946 -0.688875 
947 0.810729 
948 1.370442 
949 0.345783 
950 0.286756 
951 2.419625 
952 -1.950132 
953 -1.769056 
954 1.579331 
955 1.064590 
956 1.953298 
957 -1.181702 
958 0.874052 
959 1.308968 
960 -0.054471 
961 1.988491 
962 -1.743353 
963 1.796788 
964 0.054547 
965 0.211644 
966 -3.558380 
967 0.619359 
968 0.557100 
969 0.670463 
970 2.579834 
971 -1.449535 
972 0.267678 
973 0.766809 
974 1.429573 
975 -3.054508 
976 3.311006 
977 0.347379 
978 0.037332 
979 0.128372 
980 1.473417 
981 0.632715 
982 -1.437739 
983 2.005477 
984 -1.283447 
985 -0.142172 
986 -0.244411 
987 2.752728 
988 -0.598445 
989 -2.654749 
990 -2.349746 
991 -1.403442 
992 1.391454 
993 -0.106730 
994 -2.574588 
995 -2.289999 
996 0.108424 
997 -1.233648 
998 2.807402 
999 0.746931 
1000 -2.206982 
1001 -2.292040 
1002 -0.308829 
1003 1.764430 
1004 0.870314 
1005 0.586301 
1006 2.822380 
1007 -0.229116 
1008 -2.085149 
1009 0.599113 
1010 1.728766 
1011 -1.926573 
1012 2.026313 
1013 1.120770 
1014 -2.096926 
1015 -0.054260 
1016 0.124490 
1017 1.914225 
1018 1.611126 
1019 -1.112169 
1020 0.336679 
1021 -1.576914 
1022 -0.155503 
1023 3.013448 
1024 -0.343793 
1025 -1.991846 
1026 1.631971 
1027 1.381953 
1028 -0.367943 
1029 2.651322 
1030 0.098803 
1031 0.922661 
1032 -1.515223 
1033 -0.236225 
1034 -2.355251 
1035 -2.097408 
1036 1.664293 
1037 1.305757 
1038 0.922748 
1039 0.932156 
1040 1.407809 
1041 1.184107 
1042 1.766651 
1043 0.629608 
1044 1.170116 
1045 -1.959049 
1046 -1.556085 
1047 1.405906 
1048 1.404713 
1049 -1.955585 
1050 -1.758050 
1051 0.901379 
1052 0.823121 
1053 0.999623 
1054 2.153734 
1055 0.866129 
1056 1.809740 
1057 1.564451 
1058 0.489453 
1059 -1.284194 
1060 1.195666 
1061 0.286427 
1062 2.258986 
1063 0.652276 
1064 -2.613652 
1065 0.538668 
1066 -0.286136 
1067 1.446729 
1068 -1.684606 
1069 2.102892 
1070 0.165557 
1071 -1.844496 
1072 0.414828 
1073 2.424691 
1074 0.031970 
1075 0.762310 
1076 -0.339143 
1077 0.569659 
1078 0.183437 
1079 2.835679 
1080 1.550276 
1081 1.099792 
1082 -1.647405 
1083 1.400889 
1084 0.276840 
1085 2.060457 
1086 1.615887 
1087 0.005505 
1088 0.354475 
1089 2.302922 
1090 0.339292 
1091 1.300882 
1092 1.819261 
1093 -1.688165 
1094 0.650050 
1095 1.239716 
1096 0.410974 
1097 1.805574 
1098 1.474619 
1099 0.826223 
1100 -1.520296 
1101 1.422568 
1102 -1.376054 
1103 1.673592 
1104 0.849333 
1105 0.960593 
1106 1.930277 
1107 1.216462 
1108 2.075830 
1109 1.392594 
1110 -1.507989 
1111 -0.270517 
1112 0.718161 
1113 -1.930392 
1114 -0.624955 
1115 2.327036 
1116 2.195856 
1117 0.483794 
1118 1.366787 
1119 0.708261 
1120 -1.642356 
1121 -1.382988 
1122 1.506399 
1123 -1.831147 
1124 1.384691 
1125 -1.927298 
1126 1.731470 
1127 0.074419 
1128 -1.453062 
1129 1.932019 
1130 -0.117671 
1131 1.926423 
1132 3.161925 
1133 -0.192491 
1134 -0.120173 
1135 0.411399 
1136 2.425035 
1137 -0.285216 
1138 1.038071 
1139 1.085459 
1140 0.163631 
1141 -2.135268 
1142 2.297303 
1143 -0.424153 
1144 0.233470 
1145 1.722645 
1146 -2.272110 
1147 1.050520 
1148 0.288933 
1149 0.495549 
1150 1.932403 
1151 1.588665 
1152 -2.825716 
1153 0.237634 
1154 0.290416 
1155 -2.070491 
1156 1.125312 
1157 1.029727 
1158 -1.938085 
1159 1.434225 
1160 -0.264060 
1161 0.105885 
1162 2.222243 
1163 -2.065254 
1164 -0.244232 
1165 1.495125 
1166 1.058448 
1167 1.866788 
1168 0.932932 
1169 2.045632 
1170 0.059840 
1171 -2.059206 
1172 2.132463 
1173 0.027203 
1174 0.196931 
1175 1.822918 
1176 1.514842 
1177 0.432651 
1178 0.990094 
1179 1.844983 
1180 2.591785 
1181 0.626034 
1182 -1.392823 
1183 -0.134148 
1184 1.760004 
1185 -2.440459 
1186 -0.272717 
1187 0.863683 
1188 1.754595 
1189 1.531651 
1190 1.383838 
1191 0.056648 
1192 -0.038735 
1193 1.240028 
1194 2.006387 
1195 -1.723588 
1196 -0.629860 
1197 1.642739 
1198 1.062661 
1199 -2.434144 
1200 -1.856291 
1201 0.871109 
1202 0.969076 
1203 1.690843 
1204 -1.470496 
1205 1.870634 
1206 0.010235 
1207 1.580911 
1208 -1.675152 
1209 1.335140 
1210 1.745509 
1211 0.987615 
1212 -1.844079 
1213 1.055720 
1214 0.778167 
1215 1.769927 
1216 0.983129 
1217 0.973252 
1218 2.569575 
1219 0.034830 
1220 2.758236 
1221 0.398140 
1222 0.190158 
1223 -0.926033 
1224 0.396651 
1225 -0.115313 
1226 0.084974 
1227 3.268427 
1228 0.287665 
1229 1.593310 
1230 1.781881 
1231 -1.457756 
1232 1.905260 
1233 0.765856 
1234 0.606471 
1235 -2.182826 
1236 1.067326 
1237 -0.491298 
1238 0.841118 
1239 2.598341 
1240 1.872123 
1241 1.090244 
1242 1.252201 
1243 -1.482541 
1244 0.537554 
1245 1.432999 
1246 1.231242 
1247 -2.198110 
1248 1.590822 
1249 2.184547 
1250 -1.416567 
1251 -0.105484 
1252 0.882119 
1253 -1.240844 
1254 2.190829 
1255 0.931162 
1256 0.991016 
1257 2.058200 
1258 1.626190 
1259 -0.196606 
1260 -1.646789 
1261 -0.251709 
1262 2.504264 
1263 1.019532 
1264 0.345134 
1265 1.614428 
1266 1.484783 
1267 1.313571 
1268 -0.166203 
1269 2.035622 
1270 0.366683 
1271 2.016415 
1272 1.382128 
1273 2.080828 
1274 1.052983 
1275 0.334599 
1276 -1.017771 
1277 2.510517 
1278 1.296316 
1279 0.131492 
1280 1.730471 
1281 0.154224 
1282 1.599194 
1283 -1.906281 
1284 0.420353 
1285 1.209758 
1286 -2.262981 
1287 1.529896 
1288 1.916722 
1289 0.438757 
1290 1.205782 
1291 1.314002 
1292 0.880095 
1293 1.851776 
1294 1.466464 
1295 -0.809772 
1296 0.068108 
1297 1.170589 
1298 0.789322 
1299 2.394851 
1300 1.877631 
1301 1.867228 
1302 0.138088 
1303 0.666927 
1304 1.771642 
1305 0.848290 
1306 -1.702606 
1307 -1.938672 
1308 2.713819 
1309 0.976612 
1310 -0.193444 
1311 0.379634 
1312 -1.085510 
1313 0.366108 
1314 2.382648 
1315 1.478096 
1316 1.451111 
1317 1.960047 
1318 1.103611 
1319 0.240194 
1320 -0.917598 
1321 0.594590 
1322 2.622016 
1323 -1.378846 
1324 1.251165 
1325 1.382038 
1326 1.654739 
1327 0.472712 
1328 2.049692 
1329 -0.543499 
1330 1.690126 
1331 0.887588 
1332 2.263771 
1333 0.190209 
1334 0.604639 
1335 1.241219 
1336 1.407247 
1337 2.306355 
1338 -1.523641 
1339 -0.440182 
1340 0.050729 
1341 0.442091 
1342 1.307065 
1343 -2.691628 
1344 -0.112228 
1345 -2.241094 
1346 2.949765 
1347 -0.349831 
1348 1.610409 
1349 2.102198 
1350 -0.073100 
1351 0.801741 
1352 1.999454 
1353 -2.643131 
1354 0.214699 
1355 -0.116564 
1356 -0.348895 
1357 -1.607356 
1358 1.820639 
1359 1.690684 
1360 -2.131908 
1361 -1.229708 
1362 1.283186 
1363 1.287220 
1364 -0.146296 
1365 2.177161 
1366 -0.622050 
1367 2.017718 
1368 0.935125 
1369 1.564780 
1370 -2.134313 
1371 1.090367 
1372 -2.066192 
1373 -2.741006 
1374 -1.434700 
1375 0.482996 
1376 -1.622294 
1377 1.648544 
1378 0.921008 
1379 -1.704748 
1380 -0.537271 
1381 0.524463 
1382 3.239086 
1383 -0.010961 
1384 0.859172 
1385 -2.356046 
1386 -1.620090 
1387 1.232836 
1388 2.823131 
1389 -0.449777 
1390 -0.176898 
1391 1.391089 
1392 1.211430 
1393 1.175773 
1394 1.864113 
1395 -1.473481 
1396 1.672172 
1397 0.017044 
1398 -2.658846 
1399 0.418062 
1400 1.447766 
1401 2.252037 
1402 0.925647 
1403 -0.255111 
1404 -2.283726 
1405 1.197802 
1406 1.630890 
1407 -0.075377 
1408 1.753045 
1409 -2.381851 
1410 0.540909 
1411 -0.168387 
1412 -2.065677 
1413 1.987440 
1414 -0.008285 
1415 -1.506970 
1416 0.931704 
1417 -0.173039 
1418 2.348428 
1419 1.066307 
1420 1.185486 
1421 1.492051 
1422 -1.555388 
1423 -1.873366 
1424 -1.837161 
1425 1.485587 
1426 1.100351 
1427 -1.649576 
1428 2.356530 
1429 0.463394 
1430 -0.054032 
1431 1.409529 
1432 2.118067 
1433 1.875686 
1434 -0.451982 
1435 0.134537 
1436 -1.802354 
1437 -0.438328 
1438 0.020127 
1439 2.518662 
1440 -1.572442 
1441 -0.432809 
1442 -0.551960 
1443 2.517622 
1444 0.271085 
1445 2.717425 
