39 1
0 -0.341330 
1 -0.349036 
2 0.365813 
3 0.313646 
4 0.340357 
5 0.024781 
6 -0.427450 
7 -0.061775 
8 0.399824 
9 -0.436419 
10 0.211474 
11 -0.137191 
12 0.411121 
13 -0.002864 
14 0.297469 
15 -0.402799 
16 -0.141571 
17 0.105050 
18 -0.393485 
19 -0.433013 
20 0.035234 
21 0.126239 
22 -0.273466 
23 -0.068648 
24 -0.278442 
25 -0.338720 
26 0.477670 
27 -0.241376 
28 -0.090358 
29 -0.091340 
30 -0.286101 
31 -0.068262 
32 -0.341330 
33 -0.349036 
34 0.365813 
35 0.313646 
36 0.340357 
37 0.024781 
38 -0.427450 
