3031 1
0 0.257772 
1 -0.132356 
2 0.177821 
3 0.449439 
4 -0.011249 
5 -0.228576 
6 0.054743 
7 0.120639 
8 0.417147 
9 -0.494411 
10 0.241920 
11 -0.111903 
12 0.095112 
13 -0.111903 
14 -0.111903 
15 -0.111903 
16 0.426350 
17 0.422753 
18 0.110374 
19 -0.360729 
20 0.410486 
21 0.429029 
22 0.211492 
23 -0.448352 
24 0.243845 
25 -0.078142 
26 -0.327485 
27 -0.328984 
28 -0.113862 
29 0.302744 
30 -0.271403 
31 -0.111903 
32 -0.111903 
33 -0.111903 
34 -0.171670 
35 0.058867 
36 -0.426349 
37 0.149405 
38 0.154820 
39 0.228327 
40 -0.100149 
41 0.020112 
42 -0.446738 
43 0.259206 
44 -0.427544 
45 -0.282607 
46 0.196323 
47 -0.483392 
48 -0.097715 
49 -0.177301 
50 -0.246679 
51 0.241920 
52 0.334102 
53 -0.142605 
54 -0.160239 
55 0.173726 
56 -0.114463 
57 -0.103993 
58 -0.160239 
59 -0.053823 
60 -0.498420 
61 0.101554 
62 0.095112 
63 -0.294969 
64 0.410486 
65 0.173726 
66 -0.114463 
67 -0.111903 
68 -0.131631 
69 -0.103993 
70 0.293211 
71 0.426350 
72 0.101554 
73 0.410486 
74 0.173726 
75 0.237109 
76 -0.114463 
77 0.426350 
78 -0.489170 
79 0.426350 
80 0.426350 
81 -0.329550 
82 0.110374 
83 0.426350 
84 -0.360729 
85 0.426350 
86 0.429029 
87 0.422753 
88 0.422753 
89 0.422753 
90 0.422753 
91 0.422753 
92 0.422753 
93 0.422753 
94 0.422753 
95 0.422753 
96 0.422753 
97 0.422753 
98 0.422753 
99 0.422753 
100 0.422753 
101 0.422753 
102 0.422753 
103 0.422753 
104 0.422753 
105 0.422753 
106 0.422753 
107 0.422753 
108 0.422753 
109 0.228327 
110 -0.100149 
111 0.020112 
112 0.259206 
113 -0.427544 
114 -0.282607 
115 0.196323 
116 -0.483392 
117 0.422753 
118 -0.334914 
119 0.422753 
120 0.422753 
121 0.422753 
122 0.422753 
123 0.422753 
124 -0.097715 
125 0.422753 
126 -0.177301 
127 -0.246679 
128 -0.103344 
129 0.120096 
130 -0.403020 
131 -0.237269 
132 0.120133 
133 0.056420 
134 0.061527 
135 0.101554 
136 0.492106 
137 -0.088535 
138 -0.084933 
139 0.118656 
140 -0.070127 
141 -0.446738 
142 -0.172497 
143 -0.250612 
144 -0.061613 
145 0.240800 
146 -0.294969 
147 -0.172497 
148 -0.103998 
149 0.334102 
150 -0.413952 
151 0.323753 
152 0.117973 
153 -0.121587 
154 0.424415 
155 -0.413147 
156 0.296980 
157 -0.295081 
158 0.422666 
159 -0.143109 
160 -0.213273 
161 -0.145866 
162 -0.271403 
163 -0.498420 
164 -0.413147 
165 -0.001828 
166 0.361536 
167 0.274541 
168 0.441022 
169 0.311153 
170 0.306652 
171 -0.172521 
172 0.422666 
173 -0.413147 
174 0.450915 
175 0.447042 
176 -0.344946 
177 0.358158 
178 0.155432 
179 -0.478572 
180 -0.321040 
181 -0.085045 
182 -0.395150 
183 0.120096 
184 -0.132320 
185 -0.395779 
186 -0.103344 
187 -0.004983 
188 -0.219801 
189 -0.435645 
190 -0.105737 
191 -0.084933 
192 -0.031503 
193 0.273022 
194 0.185298 
195 -0.237269 
196 -0.356804 
197 0.118656 
198 0.317023 
199 0.120133 
200 0.056420 
201 0.278542 
202 0.087704 
203 0.061527 
204 -0.070127 
205 0.054474 
206 0.492106 
207 -0.088535 
208 -0.164084 
209 0.114650 
210 0.059206 
211 0.059206 
212 0.241920 
213 0.334102 
214 -0.142605 
215 -0.160239 
216 -0.019040 
217 -0.498420 
218 0.101554 
219 0.095112 
220 -0.019040 
221 -0.019040 
222 -0.019040 
223 -0.019040 
224 -0.019040 
225 -0.019040 
226 -0.019040 
227 -0.019040 
228 -0.019040 
229 -0.498420 
230 -0.498420 
231 -0.498420 
232 -0.498420 
233 -0.498420 
234 -0.413147 
235 0.426350 
236 -0.074023 
237 0.095112 
238 -0.053823 
239 -0.053823 
240 0.369704 
241 -0.374721 
242 -0.139449 
243 0.052960 
244 0.018360 
245 0.166650 
246 0.430217 
247 -0.365232 
248 0.109657 
249 -0.476515 
250 -0.431868 
251 0.335318 
252 0.244534 
253 0.391427 
254 -0.376585 
255 0.060707 
256 -0.205520 
257 -0.034509 
258 -0.313605 
259 -0.240160 
260 0.159626 
261 0.442698 
262 0.113144 
263 -0.238296 
264 0.446260 
265 0.231610 
266 -0.471559 
267 0.321269 
268 0.311485 
269 0.415313 
270 0.099931 
271 0.101554 
272 0.012931 
273 0.095112 
274 0.277082 
275 0.446410 
276 -0.005158 
277 -0.473324 
278 0.322561 
279 -0.484054 
280 0.330965 
281 -0.282791 
282 0.095555 
283 -0.233115 
284 0.099931 
285 0.415313 
286 -0.157222 
287 0.134388 
288 -0.092080 
289 -0.131631 
290 -0.103993 
291 -0.103993 
292 0.293211 
293 0.426350 
294 0.101554 
295 0.101554 
296 0.101554 
297 0.101554 
298 0.101554 
299 0.101554 
300 0.101554 
301 0.101554 
302 0.296980 
303 0.296980 
304 0.237109 
305 0.186862 
306 0.296980 
307 0.426350 
308 -0.489170 
309 0.376186 
310 0.426350 
311 0.426350 
312 0.104213 
313 -0.329550 
314 0.422753 
315 0.059206 
316 0.446410 
317 0.426350 
318 -0.498420 
319 0.110374 
320 0.426350 
321 0.422753 
322 0.426350 
323 0.422753 
324 0.422753 
325 0.422753 
326 0.422753 
327 0.422753 
328 0.422753 
329 0.422753 
330 0.422753 
331 0.422753 
332 0.422753 
333 0.422753 
334 0.422753 
335 0.422753 
336 0.422753 
337 0.422753 
338 0.422753 
339 0.422753 
340 0.422753 
341 0.422753 
342 0.422753 
343 0.422753 
344 0.422753 
345 0.422753 
346 0.422753 
347 0.422753 
348 0.422753 
349 0.422753 
350 0.228327 
351 -0.100149 
352 0.020112 
353 0.259206 
354 -0.427544 
355 -0.282607 
356 0.196323 
357 -0.483392 
358 0.422753 
359 -0.172497 
360 0.422753 
361 0.422753 
362 0.422753 
363 0.422753 
364 0.422753 
365 -0.097715 
366 0.422753 
367 -0.177301 
368 -0.246679 
369 -0.103344 
370 0.120096 
371 -0.403020 
372 -0.237269 
373 0.120133 
374 0.056420 
375 0.061527 
376 0.101554 
377 0.492106 
378 -0.088535 
379 -0.084933 
380 0.118656 
381 -0.070127 
382 -0.446738 
383 -0.172497 
384 -0.250612 
385 -0.061613 
386 0.240800 
387 -0.294969 
388 -0.294969 
389 -0.172497 
390 -0.103998 
391 0.446410 
392 0.274541 
393 -0.131631 
394 0.334102 
395 0.293211 
396 -0.489170 
397 -0.074023 
398 0.311485 
399 -0.329550 
400 -0.329550 
401 0.296980 
402 0.296980 
403 0.296980 
404 -0.413147 
405 -0.413147 
406 -0.413147 
407 -0.413147 
408 -0.413147 
409 -0.413147 
410 -0.413147 
411 0.296980 
412 -0.295081 
413 0.422666 
414 -0.143109 
415 -0.143109 
416 -0.143109 
417 -0.143109 
418 -0.213273 
419 -0.172497 
420 -0.271403 
421 -0.498420 
422 -0.413147 
423 -0.413147 
424 -0.413147 
425 -0.413147 
426 -0.413147 
427 -0.413147 
428 -0.413147 
429 -0.413147 
430 0.237109 
431 0.237109 
432 0.237109 
433 0.237109 
434 0.237109 
435 0.237109 
436 0.237109 
437 -0.413147 
438 -0.413147 
439 -0.001828 
440 -0.001828 
441 -0.001828 
442 -0.001828 
443 -0.001828 
444 -0.001828 
445 -0.001828 
446 -0.001828 
447 -0.001828 
448 -0.001828 
449 -0.001828 
450 -0.001828 
451 -0.001828 
452 -0.001828 
453 -0.001828 
454 -0.413147 
455 -0.413147 
456 -0.413147 
457 0.361536 
458 0.361536 
459 0.361536 
460 0.361536 
461 0.361536 
462 0.361536 
463 -0.360261 
464 -0.360261 
465 -0.360261 
466 -0.360261 
467 -0.360261 
468 -0.172521 
469 -0.172521 
470 -0.172521 
471 -0.172521 
472 -0.132356 
473 -0.132356 
474 -0.132356 
475 -0.132356 
476 0.449439 
477 0.449439 
478 0.449439 
479 0.449439 
480 -0.011249 
481 -0.011249 
482 -0.011249 
483 -0.011249 
484 -0.228576 
485 -0.228576 
486 -0.228576 
487 -0.228576 
488 0.054743 
489 0.054743 
490 0.054743 
491 0.054743 
492 0.120639 
493 0.120639 
494 0.120639 
495 0.120639 
496 0.417147 
497 0.417147 
498 0.417147 
499 0.417147 
500 -0.494411 
501 -0.494411 
502 -0.282791 
503 -0.282791 
504 -0.282791 
505 -0.282791 
506 -0.282791 
507 -0.282791 
508 -0.282791 
509 0.361536 
510 -0.413147 
511 -0.413147 
512 -0.413147 
513 -0.413147 
514 -0.413147 
515 0.274541 
516 0.274541 
517 0.274541 
518 0.274541 
519 0.274541 
520 0.274541 
521 0.095555 
522 0.095555 
523 0.095555 
524 0.095555 
525 0.095555 
526 -0.233115 
527 -0.233115 
528 -0.233115 
529 -0.233115 
530 -0.034509 
531 -0.034509 
532 -0.034509 
533 -0.034509 
534 -0.019040 
535 -0.019040 
536 -0.019040 
537 -0.019040 
538 0.257772 
539 0.257772 
540 0.257772 
541 0.257772 
542 -0.344946 
543 -0.344946 
544 -0.385405 
545 -0.385405 
546 -0.385405 
547 -0.385405 
548 -0.385405 
549 0.274541 
550 -0.413147 
551 0.441022 
552 0.441022 
553 0.441022 
554 0.441022 
555 0.441022 
556 0.441022 
557 0.304784 
558 0.304784 
559 0.304784 
560 0.273022 
561 0.273022 
562 0.273022 
563 0.273022 
564 0.450915 
565 0.450915 
566 0.450915 
567 0.450915 
568 0.087704 
569 0.087704 
570 0.087704 
571 0.087704 
572 0.361536 
573 0.361536 
574 0.361536 
575 0.361536 
576 0.155432 
577 0.155432 
578 0.155432 
579 0.155432 
580 0.114650 
581 0.114650 
582 0.114650 
583 0.114650 
584 -0.395779 
585 -0.395779 
586 -0.395779 
587 -0.395779 
588 -0.219801 
589 -0.219801 
590 -0.219801 
591 -0.219801 
592 -0.111903 
593 -0.111903 
594 -0.327485 
595 -0.327485 
596 -0.327485 
597 -0.327485 
598 -0.327485 
599 -0.327485 
600 -0.327485 
601 0.441022 
602 0.311153 
603 0.311153 
604 0.311153 
605 0.311153 
606 0.311153 
607 0.311153 
608 -0.328984 
609 -0.328984 
610 -0.328984 
611 -0.328984 
612 -0.328984 
613 -0.113862 
614 -0.113862 
615 -0.113862 
616 -0.113862 
617 0.302744 
618 0.302744 
619 0.302744 
620 0.302744 
621 0.311153 
622 0.311153 
623 0.311153 
624 0.311153 
625 0.311153 
626 0.311153 
627 0.311153 
628 0.311153 
629 0.311153 
630 0.311153 
631 0.311153 
632 0.311153 
633 0.311153 
634 0.311153 
635 0.306652 
636 0.306652 
637 0.306652 
638 0.306652 
639 0.306652 
640 0.306652 
641 -0.271403 
642 -0.271403 
643 -0.271403 
644 -0.271403 
645 -0.271403 
646 0.059206 
647 0.059206 
648 0.059206 
649 0.059206 
650 0.446410 
651 0.446410 
652 0.446410 
653 0.446410 
654 0.274541 
655 0.274541 
656 0.274541 
657 0.274541 
658 -0.131631 
659 -0.131631 
660 -0.131631 
661 -0.131631 
662 0.293211 
663 0.293211 
664 0.293211 
665 0.293211 
666 -0.489170 
667 -0.489170 
668 -0.489170 
669 -0.489170 
670 -0.074023 
671 -0.074023 
672 -0.074023 
673 -0.074023 
674 0.311485 
675 0.311485 
676 0.311485 
677 0.311485 
678 -0.329550 
679 -0.329550 
680 0.047935 
681 0.047935 
682 0.047935 
683 0.047935 
684 0.047935 
685 0.306652 
686 -0.413147 
687 -0.172521 
688 -0.172521 
689 -0.172521 
690 -0.172521 
691 -0.172521 
692 -0.172521 
693 0.047069 
694 0.047069 
695 0.047069 
696 0.047069 
697 0.047069 
698 -0.292786 
699 -0.292786 
700 -0.292786 
701 -0.292786 
702 -0.075216 
703 -0.075216 
704 -0.075216 
705 -0.075216 
706 -0.312565 
707 -0.312565 
708 -0.312565 
709 -0.312565 
710 -0.312565 
711 -0.172521 
712 -0.413147 
713 -0.413147 
714 -0.294969 
715 -0.413147 
716 -0.413147 
717 -0.413147 
718 0.422666 
719 0.422666 
720 0.422666 
721 0.422666 
722 0.422666 
723 0.422666 
724 -0.205465 
725 -0.205465 
726 -0.205465 
727 -0.205465 
728 -0.205465 
729 0.415847 
730 0.415847 
731 0.415847 
732 0.415847 
733 0.217151 
734 0.217151 
735 0.217151 
736 0.217151 
737 -0.175009 
738 -0.175009 
739 -0.435514 
740 -0.435514 
741 -0.435514 
742 -0.435514 
743 -0.435514 
744 0.422666 
745 -0.413147 
746 -0.413147 
747 -0.413147 
748 -0.413147 
749 -0.413147 
750 -0.413147 
751 -0.378048 
752 -0.378048 
753 -0.378048 
754 -0.413147 
755 -0.413147 
756 0.450915 
757 0.450915 
758 0.450915 
759 0.450915 
760 0.450915 
761 0.450915 
762 0.462418 
763 0.462418 
764 0.462418 
765 0.462418 
766 0.163085 
767 0.163085 
768 0.163085 
769 0.163085 
770 -0.155040 
771 -0.155040 
772 -0.155040 
773 -0.155040 
774 0.495280 
775 0.495280 
776 0.495280 
777 0.495280 
778 0.213193 
779 0.213193 
780 0.213193 
781 0.213193 
782 0.031595 
783 0.031595 
784 0.031595 
785 0.031595 
786 -0.032166 
787 -0.032166 
788 -0.032166 
789 -0.032166 
790 0.376502 
791 0.376502 
792 0.376502 
793 0.376502 
794 0.250933 
795 0.250933 
796 0.492106 
797 0.492106 
798 0.492106 
799 0.492106 
800 0.492106 
801 0.492106 
802 -0.088535 
803 -0.088535 
804 -0.088535 
805 -0.088535 
806 -0.084933 
807 -0.084933 
808 -0.084933 
809 -0.084933 
810 -0.084933 
811 0.450915 
812 0.447042 
813 0.447042 
814 0.447042 
815 0.447042 
816 0.447042 
817 0.447042 
818 0.118656 
819 0.118656 
820 0.118656 
821 0.118656 
822 0.118656 
823 -0.070127 
824 -0.070127 
825 -0.070127 
826 -0.070127 
827 -0.446738 
828 -0.446738 
829 -0.446738 
830 -0.446738 
831 -0.172497 
832 -0.172497 
833 -0.172497 
834 -0.172497 
835 -0.250612 
836 -0.250612 
837 -0.250612 
838 -0.250612 
839 -0.321040 
840 -0.321040 
841 -0.321040 
842 -0.321040 
843 -0.171670 
844 -0.171670 
845 -0.171670 
846 -0.171670 
847 0.058867 
848 0.058867 
849 0.058867 
850 0.058867 
851 -0.426349 
852 -0.426349 
853 -0.426349 
854 -0.426349 
855 0.149405 
856 0.149405 
857 0.149405 
858 0.149405 
859 -0.061613 
860 -0.061613 
861 -0.061613 
862 0.447042 
863 -0.413147 
864 -0.413147 
865 -0.413147 
866 -0.413147 
867 -0.413147 
868 -0.413147 
869 -0.413147 
870 -0.413147 
871 -0.413147 
872 -0.344946 
873 -0.344946 
874 -0.344946 
875 -0.344946 
876 -0.344946 
877 -0.344946 
878 0.154820 
879 0.154820 
880 0.154820 
881 0.154820 
882 0.154820 
883 0.228327 
884 0.228327 
885 0.228327 
886 0.228327 
887 -0.100149 
888 -0.100149 
889 -0.100149 
890 -0.100149 
891 0.061527 
892 0.061527 
893 0.061527 
894 0.061527 
895 0.061527 
896 0.061527 
897 0.492106 
898 0.492106 
899 0.492106 
900 0.492106 
901 -0.088535 
902 -0.088535 
903 -0.088535 
904 -0.088535 
905 -0.084933 
906 -0.084933 
907 -0.084933 
908 -0.084933 
909 0.118656 
910 0.118656 
911 0.118656 
912 0.118656 
913 -0.070127 
914 -0.070127 
915 -0.070127 
916 -0.070127 
917 -0.446738 
918 -0.446738 
919 -0.446738 
920 -0.446738 
921 -0.172497 
922 -0.172497 
923 -0.172497 
924 -0.172497 
925 -0.250612 
926 -0.250612 
927 -0.250612 
928 -0.250612 
929 -0.250612 
930 -0.344946 
931 -0.413147 
932 0.110374 
933 0.358158 
934 0.358158 
935 0.358158 
936 0.358158 
937 0.358158 
938 0.358158 
939 -0.321040 
940 -0.321040 
941 -0.321040 
942 -0.321040 
943 -0.321040 
944 -0.321040 
945 -0.171670 
946 -0.171670 
947 -0.171670 
948 -0.171670 
949 0.058867 
950 0.058867 
951 0.058867 
952 0.058867 
953 -0.426349 
954 -0.426349 
955 -0.426349 
956 -0.426349 
957 0.149405 
958 0.149405 
959 0.149405 
960 0.149405 
961 0.154820 
962 0.154820 
963 0.154820 
964 0.154820 
965 0.228327 
966 0.228327 
967 0.228327 
968 0.228327 
969 -0.321040 
970 -0.321040 
971 -0.321040 
972 -0.321040 
973 -0.321040 
974 -0.321040 
975 -0.171670 
976 -0.171670 
977 -0.171670 
978 -0.171670 
979 0.058867 
980 0.058867 
981 0.058867 
982 0.058867 
983 0.058867 
984 0.358158 
985 0.155432 
986 0.155432 
987 0.155432 
988 0.155432 
989 0.155432 
990 0.155432 
991 -0.426349 
992 -0.426349 
993 -0.426349 
994 -0.426349 
995 -0.426349 
996 0.149405 
997 0.149405 
998 0.149405 
999 0.149405 
1000 0.154820 
1001 0.154820 
1002 0.154820 
1003 0.154820 
1004 0.228327 
1005 0.228327 
1006 0.228327 
1007 0.228327 
1008 -0.100149 
1009 -0.100149 
1010 -0.100149 
1011 -0.100149 
1012 0.020112 
1013 0.020112 
1014 0.020112 
1015 0.020112 
1016 0.259206 
1017 0.259206 
1018 0.259206 
1019 0.259206 
1020 -0.427544 
1021 -0.427544 
1022 -0.427544 
1023 -0.427544 
1024 -0.282607 
1025 -0.282607 
1026 -0.282607 
1027 -0.282607 
1028 0.196323 
1029 0.196323 
1030 0.196323 
1031 0.196323 
1032 -0.483392 
1033 -0.483392 
1034 -0.483392 
1035 -0.483392 
1036 -0.483392 
1037 0.155432 
1038 -0.478572 
1039 -0.478572 
1040 -0.478572 
1041 -0.478572 
1042 -0.478572 
1043 -0.478572 
1044 -0.097715 
1045 -0.097715 
1046 -0.097715 
1047 -0.097715 
1048 -0.097715 
1049 -0.177301 
1050 -0.177301 
1051 -0.177301 
1052 -0.177301 
1053 -0.246679 
1054 -0.246679 
1055 -0.100149 
1056 -0.100149 
1057 -0.100149 
1058 -0.100149 
1059 -0.100149 
1060 -0.100149 
1061 0.020112 
1062 0.020112 
1063 0.020112 
1064 0.020112 
1065 0.259206 
1066 0.259206 
1067 0.259206 
1068 0.259206 
1069 -0.427544 
1070 -0.427544 
1071 -0.427544 
1072 -0.427544 
1073 -0.282607 
1074 -0.282607 
1075 -0.282607 
1076 -0.282607 
1077 0.196323 
1078 0.196323 
1079 0.196323 
1080 0.196323 
1081 -0.483392 
1082 -0.483392 
1083 -0.483392 
1084 -0.483392 
1085 0.240800 
1086 0.240800 
1087 0.240800 
1088 -0.478572 
1089 -0.360729 
1090 0.429029 
1091 -0.321040 
1092 -0.321040 
1093 -0.321040 
1094 -0.321040 
1095 -0.321040 
1096 -0.321040 
1097 -0.097715 
1098 -0.097715 
1099 -0.097715 
1100 -0.097715 
1101 -0.097715 
1102 -0.097715 
1103 -0.177301 
1104 -0.177301 
1105 -0.177301 
1106 -0.177301 
1107 -0.246679 
1108 -0.246679 
1109 -0.246679 
1110 -0.246679 
1111 -0.103344 
1112 -0.103344 
1113 -0.103344 
1114 -0.103344 
1115 0.120096 
1116 0.120096 
1117 0.120096 
1118 0.120096 
1119 -0.403020 
1120 -0.403020 
1121 -0.403020 
1122 -0.403020 
1123 -0.237269 
1124 -0.237269 
1125 -0.237269 
1126 -0.237269 
1127 0.120133 
1128 0.120133 
1129 0.120133 
1130 0.120133 
1131 0.056420 
1132 0.056420 
1133 0.056420 
1134 0.056420 
1135 0.056420 
1136 -0.321040 
1137 -0.085045 
1138 -0.085045 
1139 -0.085045 
1140 -0.085045 
1141 -0.085045 
1142 -0.085045 
1143 -0.295081 
1144 0.177821 
1145 0.177821 
1146 0.177821 
1147 0.177821 
1148 0.177821 
1149 0.177821 
1150 -0.001828 
1151 -0.001828 
1152 -0.001828 
1153 -0.001828 
1154 0.422666 
1155 0.422666 
1156 0.422666 
1157 0.422666 
1158 -0.053823 
1159 -0.053823 
1160 -0.053823 
1161 -0.053823 
1162 -0.103998 
1163 -0.103998 
1164 -0.103998 
1165 -0.103998 
1166 0.237109 
1167 0.237109 
1168 0.237109 
1169 0.237109 
1170 -0.360261 
1171 -0.360261 
1172 -0.360261 
1173 -0.360261 
1174 -0.172521 
1175 -0.172521 
1176 -0.172521 
1177 -0.172521 
1178 -0.132356 
1179 -0.132356 
1180 -0.132356 
1181 -0.132356 
1182 0.449439 
1183 0.449439 
1184 0.449439 
1185 0.449439 
1186 0.449439 
1187 -0.085045 
1188 -0.395150 
1189 -0.395150 
1190 -0.395150 
1191 -0.395150 
1192 -0.395150 
1193 -0.395150 
1194 -0.011249 
1195 -0.011249 
1196 -0.011249 
1197 -0.011249 
1198 -0.011249 
1199 -0.011249 
1200 -0.228576 
1201 -0.228576 
1202 -0.228576 
1203 -0.228576 
1204 0.054743 
1205 0.054743 
1206 0.054743 
1207 0.054743 
1208 0.120639 
1209 0.120639 
1210 0.120639 
1211 0.120639 
1212 0.417147 
1213 0.417147 
1214 0.417147 
1215 0.417147 
1216 -0.494411 
1217 -0.494411 
1218 -0.494411 
1219 -0.494411 
1220 -0.103993 
1221 -0.103993 
1222 -0.103993 
1223 -0.103993 
1224 -0.103993 
1225 -0.103993 
1226 0.311153 
1227 0.311153 
1228 0.311153 
1229 0.311153 
1230 -0.065207 
1231 -0.065207 
1232 -0.065207 
1233 -0.065207 
1234 0.169254 
1235 0.169254 
1236 0.169254 
1237 0.169254 
1238 0.169254 
1239 -0.395150 
1240 -0.403020 
1241 -0.403020 
1242 -0.403020 
1243 -0.403020 
1244 -0.403020 
1245 -0.403020 
1246 -0.403020 
1247 0.417042 
1248 0.417042 
1249 0.417042 
1250 0.417042 
1251 0.417042 
1252 0.416551 
1253 0.416551 
1254 0.416551 
1255 0.416551 
1256 0.303405 
1257 0.303405 
1258 0.303405 
1259 0.303405 
1260 -0.027029 
1261 -0.027029 
1262 -0.027029 
1263 -0.027029 
1264 -0.238394 
1265 -0.238394 
1266 -0.238394 
1267 -0.238394 
1268 -0.403020 
1269 -0.403020 
1270 -0.403020 
1271 -0.403020 
1272 -0.403020 
1273 -0.403020 
1274 -0.403020 
1275 -0.403020 
1276 -0.403020 
1277 -0.403020 
1278 -0.403020 
1279 -0.403020 
1280 -0.403020 
1281 -0.403020 
1282 -0.403020 
1283 -0.403020 
1284 -0.403020 
1285 -0.403020 
1286 -0.131631 
1287 -0.131631 
1288 -0.131631 
1289 -0.131631 
1290 -0.131631 
1291 -0.403020 
1292 0.120096 
1293 0.120096 
1294 0.120096 
1295 0.120096 
1296 0.120096 
1297 0.120096 
1298 0.293211 
1299 0.293211 
1300 0.293211 
1301 0.293211 
1302 0.120096 
1303 0.120096 
1304 0.120096 
1305 0.120096 
1306 0.120096 
1307 0.120096 
1308 -0.269164 
1309 -0.269164 
1310 -0.269164 
1311 -0.269164 
1312 -0.269164 
1313 -0.269164 
1314 -0.039779 
1315 -0.039779 
1316 -0.039779 
1317 -0.039779 
1318 0.191685 
1319 0.191685 
1320 0.191685 
1321 0.191685 
1322 -0.328606 
1323 -0.328606 
1324 -0.328606 
1325 -0.328606 
1326 0.100447 
1327 0.100447 
1328 0.100447 
1329 0.100447 
1330 -0.448224 
1331 -0.448224 
1332 -0.448224 
1333 -0.448224 
1334 -0.247838 
1335 -0.247838 
1336 -0.489170 
1337 -0.489170 
1338 -0.489170 
1339 -0.074023 
1340 -0.074023 
1341 -0.018478 
1342 -0.018478 
1343 -0.018478 
1344 -0.018478 
1345 -0.018478 
1346 0.120096 
1347 -0.132320 
1348 -0.132320 
1349 -0.132320 
1350 -0.132320 
1351 -0.132320 
1352 -0.132320 
1353 0.311485 
1354 0.433853 
1355 0.433853 
1356 0.433853 
1357 0.433853 
1358 -0.116991 
1359 -0.116991 
1360 -0.116991 
1361 -0.116991 
1362 -0.149848 
1363 -0.149848 
1364 -0.149848 
1365 -0.149848 
1366 0.470740 
1367 0.470740 
1368 0.470740 
1369 0.470740 
1370 0.374104 
1371 0.374104 
1372 0.374104 
1373 0.374104 
1374 -0.255329 
1375 -0.255329 
1376 -0.255329 
1377 -0.255329 
1378 -0.030404 
1379 -0.030404 
1380 -0.030404 
1381 -0.030404 
1382 0.457842 
1383 0.457842 
1384 0.457842 
1385 0.457842 
1386 -0.098526 
1387 -0.098526 
1388 -0.240402 
1389 -0.240402 
1390 -0.240402 
1391 -0.240402 
1392 -0.240402 
1393 -0.240402 
1394 -0.329550 
1395 -0.329550 
1396 -0.329550 
1397 -0.132320 
1398 -0.395779 
1399 -0.395779 
1400 -0.395779 
1401 -0.395779 
1402 -0.395779 
1403 -0.395779 
1404 0.272631 
1405 0.272631 
1406 0.272631 
1407 0.272631 
1408 0.272631 
1409 0.272631 
1410 0.067824 
1411 0.067824 
1412 0.067824 
1413 0.067824 
1414 0.324678 
1415 0.324678 
1416 0.324678 
1417 0.324678 
1418 0.210957 
1419 0.210957 
1420 0.210957 
1421 0.210957 
1422 0.159145 
1423 0.159145 
1424 0.159145 
1425 0.159145 
1426 0.067554 
1427 0.067554 
1428 0.067554 
1429 0.067554 
1430 0.054689 
1431 0.054689 
1432 0.054689 
1433 0.054689 
1434 -0.447693 
1435 -0.447693 
1436 -0.447693 
1437 -0.447693 
1438 -0.449028 
1439 -0.449028 
1440 -0.449028 
1441 -0.449028 
1442 0.157123 
1443 0.157123 
1444 0.157123 
1445 0.157123 
1446 0.241920 
1447 0.241920 
1448 0.241920 
1449 0.241920 
1450 0.241920 
1451 -0.395779 
1452 -0.103344 
1453 -0.103344 
1454 -0.103344 
1455 -0.103344 
1456 -0.103344 
1457 -0.103344 
1458 -0.103344 
1459 -0.103344 
1460 -0.103344 
1461 -0.103344 
1462 -0.103344 
1463 -0.103344 
1464 -0.103344 
1465 -0.103344 
1466 -0.103344 
1467 -0.103344 
1468 -0.103344 
1469 -0.103344 
1470 -0.103344 
1471 -0.103344 
1472 -0.103344 
1473 -0.103344 
1474 -0.103344 
1475 -0.103344 
1476 -0.103344 
1477 -0.103344 
1478 0.034372 
1479 0.034372 
1480 0.034372 
1481 0.034372 
1482 -0.103344 
1483 -0.103344 
1484 -0.103344 
1485 -0.103344 
1486 -0.103344 
1487 -0.103344 
1488 -0.103344 
1489 -0.103344 
1490 -0.103344 
1491 -0.103344 
1492 -0.103344 
1493 -0.103344 
1494 -0.103344 
1495 -0.103344 
1496 -0.103344 
1497 -0.103344 
1498 -0.103344 
1499 -0.103344 
1500 -0.103344 
1501 -0.103344 
1502 -0.103344 
1503 -0.103344 
1504 -0.004983 
1505 -0.004983 
1506 -0.004983 
1507 -0.004983 
1508 -0.004983 
1509 -0.004983 
1510 -0.135245 
1511 -0.135245 
1512 -0.135245 
1513 -0.135245 
1514 -0.135245 
1515 -0.314993 
1516 -0.314993 
1517 -0.314993 
1518 -0.314993 
1519 -0.358455 
1520 -0.358455 
1521 -0.358455 
1522 -0.358455 
1523 -0.344707 
1524 -0.344707 
1525 -0.344707 
1526 -0.344707 
1527 -0.016384 
1528 -0.016384 
1529 -0.016384 
1530 -0.016384 
1531 0.362046 
1532 0.362046 
1533 0.362046 
1534 0.362046 
1535 -0.377144 
1536 -0.377144 
1537 -0.377144 
1538 -0.377144 
1539 0.301049 
1540 0.301049 
1541 0.301049 
1542 0.301049 
1543 0.457090 
1544 0.457090 
1545 0.457090 
1546 0.457090 
1547 -0.261775 
1548 -0.261775 
1549 -0.261775 
1550 -0.261775 
1551 0.217202 
1552 0.217202 
1553 0.217202 
1554 0.217202 
1555 0.217202 
1556 0.217202 
1557 -0.311822 
1558 -0.311822 
1559 -0.311822 
1560 -0.311822 
1561 -0.018349 
1562 -0.018349 
1563 -0.018349 
1564 -0.018349 
1565 0.450525 
1566 0.450525 
1567 0.450525 
1568 0.450525 
1569 -0.172797 
1570 -0.172797 
1571 -0.172797 
1572 -0.172797 
1573 -0.172797 
1574 -0.004983 
1575 -0.219801 
1576 -0.219801 
1577 -0.219801 
1578 -0.219801 
1579 -0.219801 
1580 -0.219801 
1581 -0.175199 
1582 -0.175199 
1583 -0.175199 
1584 -0.175199 
1585 -0.175199 
1586 -0.175199 
1587 0.128648 
1588 0.128648 
1589 0.128648 
1590 0.128648 
1591 0.169836 
1592 0.169836 
1593 0.169836 
1594 0.169836 
1595 0.293562 
1596 0.293562 
1597 0.293562 
1598 0.293562 
1599 -0.477113 
1600 -0.477113 
1601 -0.477113 
1602 -0.477113 
1603 -0.012456 
1604 -0.012456 
1605 -0.012456 
1606 -0.012456 
1607 -0.385405 
1608 -0.385405 
1609 -0.385405 
1610 -0.385405 
1611 0.304784 
1612 0.304784 
1613 0.304784 
1614 0.304784 
1615 0.047935 
1616 0.047935 
1617 0.047935 
1618 0.047935 
1619 -0.435514 
1620 -0.435514 
1621 -0.435514 
1622 -0.435514 
1623 0.462418 
1624 0.462418 
1625 0.462418 
1626 0.462418 
1627 0.334102 
1628 0.334102 
1629 0.334102 
1630 -0.219801 
1631 -0.435645 
1632 -0.435645 
1633 -0.435645 
1634 -0.435645 
1635 -0.435645 
1636 -0.435645 
1637 -0.142605 
1638 -0.103993 
1639 -0.103993 
1640 -0.103993 
1641 -0.103993 
1642 -0.103993 
1643 -0.103993 
1644 0.311153 
1645 0.311153 
1646 0.311153 
1647 0.311153 
1648 -0.065207 
1649 -0.065207 
1650 -0.065207 
1651 -0.065207 
1652 0.169254 
1653 0.169254 
1654 0.169254 
1655 0.169254 
1656 0.417042 
1657 0.417042 
1658 0.417042 
1659 0.417042 
1660 0.416551 
1661 0.416551 
1662 0.416551 
1663 0.416551 
1664 0.303405 
1665 0.303405 
1666 0.303405 
1667 0.303405 
1668 -0.027029 
1669 -0.027029 
1670 -0.027029 
1671 -0.027029 
1672 -0.238394 
1673 -0.238394 
1674 -0.238394 
1675 -0.238394 
1676 0.217202 
1677 0.217202 
1678 0.217202 
1679 0.217202 
1680 0.217202 
1681 -0.435645 
1682 -0.105737 
1683 -0.105737 
1684 -0.105737 
1685 -0.105737 
1686 -0.105737 
1687 -0.105737 
1688 -0.448273 
1689 -0.448273 
1690 -0.448273 
1691 -0.448273 
1692 -0.448273 
1693 -0.234230 
1694 -0.234230 
1695 -0.234230 
1696 -0.234230 
1697 0.428647 
1698 0.428647 
1699 0.428647 
1700 0.428647 
1701 0.409266 
1702 0.409266 
1703 0.409266 
1704 0.409266 
1705 -0.272382 
1706 -0.272382 
1707 -0.272382 
1708 -0.272382 
1709 -0.109290 
1710 -0.109290 
1711 -0.109290 
1712 -0.109290 
1713 -0.178493 
1714 -0.178493 
1715 -0.178493 
1716 -0.178493 
1717 -0.178493 
1718 -0.178493 
1719 0.071832 
1720 0.071832 
1721 0.071832 
1722 0.071832 
1723 0.047284 
1724 0.047284 
1725 0.047284 
1726 0.047284 
1727 0.015903 
1728 0.015903 
1729 0.015903 
1730 0.015903 
1731 0.015903 
1732 -0.105737 
1733 -0.084933 
1734 -0.084933 
1735 -0.084933 
1736 -0.084933 
1737 -0.084933 
1738 -0.084933 
1739 -0.159798 
1740 -0.159798 
1741 -0.159798 
1742 -0.159798 
1743 -0.159798 
1744 -0.159798 
1745 0.222334 
1746 0.222334 
1747 0.222334 
1748 0.222334 
1749 0.163272 
1750 0.163272 
1751 0.163272 
1752 0.163272 
1753 -0.019882 
1754 -0.019882 
1755 -0.019882 
1756 -0.019882 
1757 -0.290038 
1758 -0.290038 
1759 -0.290038 
1760 -0.290038 
1761 0.166697 
1762 0.166697 
1763 0.166697 
1764 0.166697 
1765 0.432265 
1766 0.432265 
1767 0.432265 
1768 0.432265 
1769 -0.395327 
1770 -0.395327 
1771 -0.395327 
1772 -0.395327 
1773 0.275338 
1774 0.275338 
1775 0.275338 
1776 0.275338 
1777 -0.206373 
1778 -0.206373 
1779 -0.206373 
1780 -0.206373 
1781 -0.448273 
1782 -0.448273 
1783 -0.448273 
1784 -0.084933 
1785 -0.031503 
1786 -0.031503 
1787 -0.031503 
1788 -0.031503 
1789 -0.031503 
1790 -0.031503 
1791 -0.052992 
1792 -0.052992 
1793 -0.052992 
1794 -0.052992 
1795 -0.052992 
1796 -0.052992 
1797 0.382596 
1798 0.382596 
1799 0.382596 
1800 0.382596 
1801 -0.080326 
1802 -0.080326 
1803 -0.080326 
1804 -0.080326 
1805 -0.080326 
1806 -0.080326 
1807 0.126688 
1808 0.126688 
1809 0.126688 
1810 0.126688 
1811 0.278600 
1812 0.278600 
1813 0.278600 
1814 0.278600 
1815 -0.250218 
1816 -0.250218 
1817 -0.250218 
1818 -0.250218 
1819 -0.040050 
1820 -0.040050 
1821 -0.040050 
1822 -0.040050 
1823 0.452944 
1824 0.452944 
1825 0.452944 
1826 0.452944 
1827 -0.235962 
1828 -0.235962 
1829 -0.235962 
1830 -0.235962 
1831 -0.097027 
1832 -0.097027 
1833 -0.097027 
1834 -0.097027 
1835 0.381695 
1836 0.381695 
1837 0.381695 
1838 0.381695 
1839 0.422672 
1840 0.422672 
1841 0.422672 
1842 0.422672 
1843 0.023031 
1844 0.023031 
1845 0.023031 
1846 0.023031 
1847 0.023031 
1848 -0.031503 
1849 0.273022 
1850 0.273022 
1851 0.273022 
1852 0.273022 
1853 0.273022 
1854 0.273022 
1855 -0.416965 
1856 -0.416965 
1857 -0.416965 
1858 -0.416965 
1859 -0.416965 
1860 -0.332819 
1861 -0.332819 
1862 -0.332819 
1863 -0.332819 
1864 -0.093455 
1865 -0.093455 
1866 -0.093455 
1867 -0.093455 
1868 0.238367 
1869 0.238367 
1870 0.238367 
1871 0.238367 
1872 0.297395 
1873 0.297395 
1874 0.297395 
1875 0.297395 
1876 0.324123 
1877 0.324123 
1878 0.324123 
1879 0.324123 
1880 0.324123 
1881 0.324123 
1882 -0.411188 
1883 -0.411188 
1884 -0.411188 
1885 -0.411188 
1886 -0.345677 
1887 -0.345677 
1888 -0.345677 
1889 -0.345677 
1890 0.372581 
1891 0.372581 
1892 0.372581 
1893 0.372581 
1894 0.105132 
1895 0.105132 
1896 0.105132 
1897 0.105132 
1898 0.014279 
1899 0.014279 
1900 0.014279 
1901 0.014279 
1902 -0.234230 
1903 -0.234230 
1904 -0.234230 
1905 0.273022 
1906 0.185298 
1907 0.185298 
1908 0.185298 
1909 0.185298 
1910 0.185298 
1911 0.185298 
1912 0.023423 
1913 0.023423 
1914 0.023423 
1915 0.023423 
1916 0.023423 
1917 -0.086917 
1918 -0.086917 
1919 -0.086917 
1920 -0.086917 
1921 0.283588 
1922 0.283588 
1923 0.283588 
1924 0.283588 
1925 0.325998 
1926 0.325998 
1927 0.325998 
1928 0.325998 
1929 -0.140501 
1930 -0.140501 
1931 -0.140501 
1932 -0.140501 
1933 -0.293909 
1934 -0.293909 
1935 -0.293909 
1936 -0.293909 
1937 -0.201204 
1938 -0.201204 
1939 -0.201204 
1940 -0.201204 
1941 -0.416377 
1942 -0.416377 
1943 -0.416377 
1944 -0.416377 
1945 0.305210 
1946 0.305210 
1947 0.305210 
1948 0.305210 
1949 -0.340356 
1950 -0.340356 
1951 -0.340356 
1952 -0.340356 
1953 0.428647 
1954 0.428647 
1955 0.428647 
1956 0.185298 
1957 -0.237269 
1958 -0.237269 
1959 -0.237269 
1960 -0.237269 
1961 -0.237269 
1962 -0.237269 
1963 0.370751 
1964 0.370751 
1965 0.370751 
1966 0.370751 
1967 0.370751 
1968 -0.378048 
1969 -0.378048 
1970 -0.378048 
1971 -0.378048 
1972 -0.143109 
1973 -0.143109 
1974 -0.143109 
1975 -0.143109 
1976 -0.298754 
1977 -0.298754 
1978 -0.298754 
1979 -0.298754 
1980 -0.134353 
1981 -0.134353 
1982 -0.134353 
1983 -0.134353 
1984 0.211595 
1985 0.211595 
1986 0.211595 
1987 0.211595 
1988 -0.311822 
1989 -0.311822 
1990 -0.311822 
1991 -0.311822 
1992 -0.018349 
1993 -0.018349 
1994 -0.018349 
1995 -0.018349 
1996 0.450525 
1997 0.450525 
1998 0.450525 
1999 0.450525 
2000 -0.172797 
2001 -0.172797 
2002 -0.172797 
2003 -0.172797 
2004 -0.237269 
2005 -0.237269 
2006 -0.237269 
2007 -0.237269 
2008 -0.356804 
2009 -0.356804 
2010 -0.356804 
2011 -0.356804 
2012 -0.356804 
2013 -0.356804 
2014 -0.175199 
2015 -0.175199 
2016 -0.175199 
2017 -0.175199 
2018 -0.175199 
2019 0.128648 
2020 0.128648 
2021 0.128648 
2022 0.128648 
2023 0.169836 
2024 0.169836 
2025 0.169836 
2026 0.169836 
2027 0.293562 
2028 0.293562 
2029 0.293562 
2030 0.293562 
2031 -0.477113 
2032 -0.477113 
2033 -0.477113 
2034 -0.477113 
2035 -0.012456 
2036 -0.012456 
2037 -0.103344 
2038 -0.103344 
2039 -0.103344 
2040 -0.103344 
2041 -0.103344 
2042 -0.103344 
2043 0.120096 
2044 0.120096 
2045 0.120096 
2046 0.120096 
2047 -0.403020 
2048 -0.403020 
2049 -0.403020 
2050 -0.403020 
2051 -0.237269 
2052 -0.237269 
2053 -0.237269 
2054 -0.237269 
2055 0.409266 
2056 0.409266 
2057 0.409266 
2058 -0.356804 
2059 0.118656 
2060 0.118656 
2061 0.118656 
2062 0.118656 
2063 0.118656 
2064 0.118656 
2065 0.120133 
2066 0.120133 
2067 0.120133 
2068 0.120133 
2069 0.120133 
2070 0.120133 
2071 0.056420 
2072 0.056420 
2073 0.056420 
2074 0.056420 
2075 0.061527 
2076 0.061527 
2077 0.061527 
2078 0.061527 
2079 -0.160239 
2080 -0.160239 
2081 -0.160239 
2082 -0.160239 
2083 -0.498420 
2084 -0.498420 
2085 -0.498420 
2086 -0.498420 
2087 0.101554 
2088 0.101554 
2089 0.101554 
2090 0.101554 
2091 0.095112 
2092 0.095112 
2093 0.095112 
2094 0.095112 
2095 -0.294969 
2096 -0.294969 
2097 -0.294969 
2098 -0.294969 
2099 0.410486 
2100 0.410486 
2101 0.410486 
2102 0.410486 
2103 0.173726 
2104 0.173726 
2105 0.047935 
2106 0.047935 
2107 0.047935 
2108 0.047935 
2109 0.047935 
2110 0.118656 
2111 0.317023 
2112 0.317023 
2113 0.317023 
2114 0.317023 
2115 0.317023 
2116 0.317023 
2117 -0.435514 
2118 -0.435514 
2119 -0.435514 
2120 -0.114463 
2121 -0.114463 
2122 -0.114463 
2123 -0.114463 
2124 0.020112 
2125 0.020112 
2126 0.020112 
2127 0.020112 
2128 0.020112 
2129 0.020112 
2130 0.259206 
2131 0.259206 
2132 0.259206 
2133 0.259206 
2134 -0.427544 
2135 -0.427544 
2136 -0.427544 
2137 -0.427544 
2138 -0.282607 
2139 -0.282607 
2140 -0.282607 
2141 -0.282607 
2142 0.196323 
2143 0.196323 
2144 0.196323 
2145 0.196323 
2146 -0.483392 
2147 -0.483392 
2148 -0.483392 
2149 -0.483392 
2150 -0.097715 
2151 -0.097715 
2152 -0.097715 
2153 -0.097715 
2154 -0.177301 
2155 -0.177301 
2156 0.462418 
2157 0.462418 
2158 0.462418 
2159 0.462418 
2160 0.462418 
2161 0.317023 
2162 0.120133 
2163 0.120133 
2164 0.120133 
2165 0.120133 
2166 0.120133 
2167 0.120133 
2168 -0.061613 
2169 -0.061613 
2170 -0.061613 
2171 -0.246679 
2172 -0.246679 
2173 -0.246679 
2174 -0.246679 
2175 -0.103344 
2176 -0.103344 
2177 -0.103344 
2178 -0.103344 
2179 0.120096 
2180 0.120096 
2181 0.120096 
2182 0.120096 
2183 -0.403020 
2184 -0.403020 
2185 -0.403020 
2186 -0.403020 
2187 -0.237269 
2188 -0.237269 
2189 -0.237269 
2190 -0.237269 
2191 0.120133 
2192 0.120133 
2193 0.120133 
2194 0.120133 
2195 0.056420 
2196 0.056420 
2197 0.056420 
2198 0.056420 
2199 0.061527 
2200 0.061527 
2201 0.061527 
2202 0.061527 
2203 0.061527 
2204 0.061527 
2205 0.492106 
2206 0.492106 
2207 0.492106 
2208 0.492106 
2209 0.240800 
2210 0.240800 
2211 0.240800 
2212 0.120133 
2213 0.056420 
2214 0.056420 
2215 0.056420 
2216 0.056420 
2217 0.056420 
2218 0.056420 
2219 -0.088535 
2220 -0.088535 
2221 -0.088535 
2222 -0.088535 
2223 -0.088535 
2224 -0.084933 
2225 -0.084933 
2226 -0.084933 
2227 -0.084933 
2228 0.118656 
2229 0.118656 
2230 0.118656 
2231 0.118656 
2232 -0.070127 
2233 -0.070127 
2234 -0.070127 
2235 -0.070127 
2236 -0.446738 
2237 -0.446738 
2238 -0.446738 
2239 -0.446738 
2240 -0.172497 
2241 -0.172497 
2242 -0.172497 
2243 -0.172497 
2244 -0.250612 
2245 -0.250612 
2246 -0.250612 
2247 -0.250612 
2248 -0.321040 
2249 -0.321040 
2250 -0.321040 
2251 -0.321040 
2252 -0.171670 
2253 -0.171670 
2254 -0.171670 
2255 -0.171670 
2256 0.058867 
2257 0.058867 
2258 -0.295081 
2259 -0.295081 
2260 -0.295081 
2261 -0.295081 
2262 -0.295081 
2263 0.056420 
2264 0.278542 
2265 0.278542 
2266 0.278542 
2267 0.278542 
2268 0.278542 
2269 0.278542 
2270 -0.213273 
2271 -0.213273 
2272 -0.213273 
2273 -0.426349 
2274 -0.426349 
2275 -0.426349 
2276 -0.426349 
2277 0.149405 
2278 0.149405 
2279 0.149405 
2280 0.149405 
2281 0.154820 
2282 0.154820 
2283 0.154820 
2284 0.154820 
2285 0.177821 
2286 0.177821 
2287 0.177821 
2288 0.177821 
2289 0.177821 
2290 0.177821 
2291 -0.001828 
2292 -0.001828 
2293 -0.001828 
2294 -0.001828 
2295 0.422666 
2296 0.422666 
2297 0.422666 
2298 0.422666 
2299 -0.053823 
2300 -0.053823 
2301 -0.053823 
2302 -0.053823 
2303 -0.103998 
2304 -0.103998 
2305 -0.103998 
2306 -0.103998 
2307 0.237109 
2308 0.237109 
2309 0.237109 
2310 0.237109 
2311 -0.205520 
2312 -0.205520 
2313 -0.205520 
2314 0.278542 
2315 0.087704 
2316 0.087704 
2317 0.087704 
2318 0.087704 
2319 0.087704 
2320 0.087704 
2321 -0.360261 
2322 -0.360261 
2323 -0.360261 
2324 -0.360261 
2325 -0.360261 
2326 -0.172521 
2327 -0.172521 
2328 -0.172521 
2329 -0.172521 
2330 -0.132356 
2331 -0.132356 
2332 -0.132356 
2333 -0.132356 
2334 0.449439 
2335 0.449439 
2336 0.449439 
2337 0.449439 
2338 -0.011249 
2339 -0.011249 
2340 -0.011249 
2341 -0.011249 
2342 -0.228576 
2343 -0.228576 
2344 -0.228576 
2345 -0.228576 
2346 0.054743 
2347 0.054743 
2348 0.054743 
2349 0.054743 
2350 0.120639 
2351 0.120639 
2352 0.120639 
2353 0.120639 
2354 0.417147 
2355 0.417147 
2356 0.417147 
2357 0.417147 
2358 -0.494411 
2359 -0.494411 
2360 0.439687 
2361 0.439687 
2362 0.439687 
2363 0.439687 
2364 0.439687 
2365 0.439687 
2366 0.173011 
2367 0.173011 
2368 0.173011 
2369 0.173011 
2370 0.173011 
2371 0.087704 
2372 0.061527 
2373 0.061527 
2374 0.061527 
2375 0.061527 
2376 0.061527 
2377 0.061527 
2378 0.418991 
2379 0.418991 
2380 0.418991 
2381 0.418991 
2382 0.418991 
2383 -0.435784 
2384 -0.435784 
2385 -0.435784 
2386 -0.435784 
2387 -0.014480 
2388 -0.014480 
2389 -0.014480 
2390 -0.014480 
2391 0.058399 
2392 0.058399 
2393 0.058399 
2394 0.058399 
2395 0.016480 
2396 0.016480 
2397 0.016480 
2398 0.016480 
2399 -0.274590 
2400 -0.274590 
2401 -0.274590 
2402 -0.274590 
2403 -0.406195 
2404 -0.406195 
2405 -0.406195 
2406 -0.406195 
2407 -0.460710 
2408 -0.460710 
2409 -0.460710 
2410 -0.460710 
2411 -0.457318 
2412 -0.457318 
2413 -0.457318 
2414 -0.457318 
2415 -0.007154 
2416 -0.007154 
2417 -0.007154 
2418 -0.007154 
2419 0.012931 
2420 0.012931 
2421 0.012931 
2422 0.061527 
2423 -0.070127 
2424 -0.070127 
2425 -0.070127 
2426 -0.070127 
2427 -0.070127 
2428 -0.070127 
2429 0.016360 
2430 0.016360 
2431 0.016360 
2432 0.016360 
2433 0.016360 
2434 0.016360 
2435 -0.020428 
2436 -0.020428 
2437 -0.020428 
2438 -0.020428 
2439 0.107743 
2440 0.107743 
2441 0.107743 
2442 0.107743 
2443 0.436007 
2444 0.436007 
2445 0.436007 
2446 0.436007 
2447 -0.298754 
2448 -0.298754 
2449 -0.298754 
2450 -0.298754 
2451 -0.298754 
2452 -0.298754 
2453 -0.134353 
2454 -0.134353 
2455 -0.134353 
2456 -0.134353 
2457 0.211595 
2458 0.211595 
2459 0.211595 
2460 0.211595 
2461 -0.311822 
2462 -0.311822 
2463 -0.311822 
2464 -0.311822 
2465 -0.018349 
2466 -0.018349 
2467 -0.018349 
2468 -0.018349 
2469 0.450525 
2470 0.450525 
2471 0.450525 
2472 0.450525 
2473 0.450525 
2474 -0.070127 
2475 0.054474 
2476 0.054474 
2477 0.054474 
2478 0.054474 
2479 0.054474 
2480 0.054474 
2481 -0.172797 
2482 -0.172797 
2483 -0.172797 
2484 -0.172797 
2485 -0.172797 
2486 -0.175199 
2487 -0.175199 
2488 -0.175199 
2489 -0.175199 
2490 0.128648 
2491 0.128648 
2492 0.128648 
2493 0.128648 
2494 0.169836 
2495 0.169836 
2496 0.169836 
2497 0.169836 
2498 0.293562 
2499 0.293562 
2500 0.293562 
2501 0.293562 
2502 -0.477113 
2503 -0.477113 
2504 -0.477113 
2505 -0.477113 
2506 -0.012456 
2507 -0.012456 
2508 -0.012456 
2509 -0.012456 
2510 -0.385405 
2511 -0.385405 
2512 -0.385405 
2513 -0.385405 
2514 0.304784 
2515 0.304784 
2516 0.304784 
2517 0.304784 
2518 0.277082 
2519 0.277082 
2520 0.277082 
2521 0.277082 
2522 0.277082 
2523 0.211492 
2524 0.054474 
2525 0.492106 
2526 0.492106 
2527 0.492106 
2528 0.492106 
2529 0.492106 
2530 0.492106 
2531 -0.157222 
2532 -0.157222 
2533 -0.157222 
2534 -0.103993 
2535 -0.103993 
2536 -0.103993 
2537 -0.103993 
2538 -0.103993 
2539 -0.103993 
2540 0.311153 
2541 0.311153 
2542 0.311153 
2543 0.311153 
2544 -0.065207 
2545 -0.065207 
2546 -0.065207 
2547 -0.065207 
2548 0.169254 
2549 0.169254 
2550 0.169254 
2551 0.169254 
2552 0.417042 
2553 0.417042 
2554 0.417042 
2555 0.417042 
2556 0.416551 
2557 0.416551 
2558 0.416551 
2559 0.416551 
2560 0.303405 
2561 0.303405 
2562 0.303405 
2563 0.303405 
2564 -0.027029 
2565 -0.027029 
2566 -0.027029 
2567 -0.027029 
2568 -0.238394 
2569 -0.238394 
2570 -0.238394 
2571 -0.238394 
2572 0.134388 
2573 0.134388 
2574 0.134388 
2575 0.492106 
2576 -0.088535 
2577 -0.088535 
2578 -0.088535 
2579 -0.088535 
2580 -0.088535 
2581 -0.088535 
2582 0.217202 
2583 0.217202 
2584 0.217202 
2585 0.217202 
2586 0.217202 
2587 -0.448273 
2588 -0.448273 
2589 -0.448273 
2590 -0.448273 
2591 -0.234230 
2592 -0.234230 
2593 -0.234230 
2594 -0.234230 
2595 0.428647 
2596 0.428647 
2597 0.428647 
2598 0.428647 
2599 0.409266 
2600 0.409266 
2601 0.409266 
2602 0.409266 
2603 -0.272382 
2604 -0.272382 
2605 -0.272382 
2606 -0.272382 
2607 -0.109290 
2608 -0.109290 
2609 0.054474 
2610 0.054474 
2611 0.054474 
2612 0.054474 
2613 0.054474 
2614 0.054474 
2615 0.441022 
2616 0.441022 
2617 0.441022 
2618 0.441022 
2619 0.306652 
2620 0.306652 
2621 0.306652 
2622 0.306652 
2623 -0.092080 
2624 -0.092080 
2625 -0.092080 
2626 -0.088535 
2627 -0.164084 
2628 -0.164084 
2629 -0.164084 
2630 -0.164084 
2631 -0.164084 
2632 -0.164084 
2633 0.447042 
2634 0.447042 
2635 0.447042 
2636 0.447042 
2637 0.447042 
2638 -0.478572 
2639 -0.478572 
2640 -0.478572 
2641 -0.478572 
2642 -0.085045 
2643 -0.085045 
2644 -0.085045 
2645 -0.085045 
2646 -0.132320 
2647 -0.132320 
2648 -0.132320 
2649 -0.132320 
2650 -0.435645 
2651 -0.435645 
2652 -0.435645 
2653 -0.435645 
2654 -0.105737 
2655 -0.105737 
2656 -0.105737 
2657 -0.105737 
2658 0.185298 
2659 0.185298 
2660 0.185298 
2661 0.185298 
2662 -0.356804 
2663 -0.356804 
2664 -0.356804 
2665 -0.356804 
2666 0.317023 
2667 0.317023 
2668 0.317023 
2669 0.317023 
2670 0.278542 
2671 0.278542 
2672 0.278542 
2673 0.278542 
2674 -0.223589 
2675 -0.223589 
2676 -0.223589 
2677 -0.164084 
2678 0.114650 
2679 0.114650 
2680 0.114650 
2681 0.114650 
2682 0.114650 
2683 0.114650 
2684 -0.454401 
2685 -0.454401 
2686 -0.454401 
2687 -0.454401 
2688 -0.454401 
2689 0.095560 
2690 0.095560 
2691 0.095560 
2692 0.095560 
2693 0.288116 
2694 0.288116 
2695 0.211492 
2696 0.211492 
2697 0.211492 
2698 0.211492 
2699 0.211492 
2700 0.211492 
2701 -0.448352 
2702 -0.448352 
2703 -0.448352 
2704 -0.448352 
2705 0.243845 
2706 0.243845 
2707 0.243845 
2708 0.243845 
2709 -0.078142 
2710 -0.078142 
2711 -0.078142 
2712 -0.078142 
2713 -0.327485 
2714 -0.327485 
2715 -0.327485 
2716 -0.327485 
2717 -0.328984 
2718 -0.328984 
2719 -0.328984 
2720 -0.328984 
2721 -0.113862 
2722 -0.113862 
2723 -0.113862 
2724 -0.113862 
2725 0.302744 
2726 0.302744 
2727 0.302744 
2728 0.302744 
2729 0.302744 
2730 0.114650 
2731 0.059206 
2732 0.059206 
2733 0.059206 
2734 0.059206 
2735 0.059206 
2736 0.059206 
2737 0.059206 
2738 0.059206 
2739 -0.019040 
2740 -0.019040 
2741 -0.019040 
2742 -0.019040 
2743 -0.019040 
2744 -0.019040 
2745 -0.019040 
2746 -0.019040 
2747 -0.019040 
2748 -0.019040 
2749 -0.019040 
2750 -0.019040 
2751 -0.019040 
2752 0.241920 
2753 0.241920 
2754 0.334102 
2755 0.334102 
2756 -0.142605 
2757 -0.142605 
2758 -0.019040 
2759 -0.160239 
2760 -0.160239 
2761 -0.019040 
2762 -0.019040 
2763 -0.019040 
2764 -0.498420 
2765 -0.498420 
2766 0.101554 
2767 0.101554 
2768 -0.019040 
2769 -0.019040 
2770 0.095112 
2771 0.095112 
2772 -0.019040 
2773 -0.019040 
2774 -0.019040 
2775 -0.019040 
2776 -0.019040 
2777 -0.019040 
2778 -0.019040 
2779 -0.019040 
2780 -0.448352 
2781 -0.019040 
2782 -0.019040 
2783 -0.019040 
2784 -0.019040 
2785 -0.019040 
2786 -0.019040 
2787 -0.019040 
2788 -0.019040 
2789 0.243845 
2790 -0.019040 
2791 -0.019040 
2792 -0.498420 
2793 -0.498420 
2794 -0.498420 
2795 -0.498420 
2796 -0.498420 
2797 -0.498420 
2798 -0.498420 
2799 -0.498420 
2800 -0.498420 
2801 -0.498420 
2802 -0.078142 
2803 -0.498420 
2804 -0.498420 
2805 -0.498420 
2806 -0.498420 
2807 -0.498420 
2808 -0.498420 
2809 -0.498420 
2810 -0.498420 
2811 -0.498420 
2812 -0.213273 
2813 -0.498420 
2814 -0.205520 
2815 0.012931 
2816 0.277082 
2817 -0.413147 
2818 0.426350 
2819 -0.074023 
2820 0.095112 
2821 0.095112 
2822 0.095112 
2823 0.095112 
2824 0.095112 
2825 0.095112 
2826 -0.157222 
2827 0.134388 
2828 0.018360 
2829 -0.053823 
2830 -0.053823 
2831 -0.053823 
2832 -0.053823 
2833 -0.053823 
2834 -0.053823 
2835 -0.053823 
2836 -0.053823 
2837 -0.053823 
2838 -0.053823 
2839 -0.053823 
2840 -0.053823 
2841 0.018360 
2842 0.018360 
2843 0.018360 
2844 0.018360 
2845 0.018360 
2846 0.018360 
2847 0.430217 
2848 -0.365232 
2849 0.109657 
2850 -0.476515 
2851 -0.431868 
2852 0.335318 
2853 0.244534 
2854 0.391427 
2855 -0.376585 
2856 0.060707 
2857 -0.205520 
2858 -0.034509 
2859 -0.313605 
2860 -0.240160 
2861 0.159626 
2862 0.442698 
2863 0.113144 
2864 -0.238296 
2865 0.446260 
2866 0.231610 
2867 -0.471559 
2868 0.321269 
2869 -0.065207 
2870 0.169254 
2871 0.417042 
2872 0.416551 
2873 0.311485 
2874 0.303405 
2875 -0.027029 
2876 -0.238394 
2877 0.217202 
2878 -0.448273 
2879 -0.234230 
2880 0.428647 
2881 0.409266 
2882 -0.272382 
2883 -0.109290 
2884 0.415313 
2885 0.099931 
2886 0.101554 
2887 0.012931 
2888 0.095112 
2889 0.277082 
2890 0.446410 
2891 0.446410 
2892 -0.005158 
2893 -0.473324 
2894 0.322561 
2895 -0.484054 
2896 0.330965 
2897 -0.282791 
2898 0.095555 
2899 -0.233115 
2900 0.099931 
2901 0.415313 
2902 -0.157222 
2903 0.134388 
2904 0.426350 
2905 -0.092080 
2906 0.059206 
2907 -0.142605 
2908 0.257772 
2909 -0.092080 
2910 -0.103998 
2911 -0.360729 
2912 -0.327485 
2913 -0.327485 
2914 -0.113862 
2915 0.429029 
2916 -0.113862 
2917 -0.328984 
2918 -0.328984 
2919 0.211492 
2920 -0.113862 
2921 -0.448352 
2922 0.243845 
2923 -0.113862 
2924 -0.078142 
2925 -0.360261 
2926 0.370751 
2927 0.257772 
2928 0.257772 
2929 -0.142605 
2930 0.257772 
2931 -0.142605 
2932 0.257772 
2933 -0.142605 
2934 -0.142605 
2935 -0.001828 
2936 0.257772 
2937 -0.223589 
2938 0.274541 
2939 0.274541 
2940 0.274541 
2941 0.274541 
2942 0.274541 
2943 0.274541 
2944 0.257772 
2945 -0.360261 
2946 -0.142605 
2947 -0.001828 
2948 -0.001828 
2949 0.257772 
2950 -0.001828 
2951 0.257772 
2952 0.257772 
2953 0.257772 
2954 -0.001828 
2955 -0.001828 
2956 0.257772 
2957 0.257772 
2958 -0.272382 
2959 -0.001828 
2960 -0.142605 
2961 -0.272382 
2962 -0.360261 
2963 -0.294969 
2964 -0.250612 
2965 -0.250612 
2966 -0.250612 
2967 -0.250612 
2968 -0.250612 
2969 -0.250612 
2970 -0.250612 
2971 -0.250612 
2972 0.370751 
2973 -0.378048 
2974 -0.143109 
2975 -0.298754 
2976 -0.134353 
2977 0.211595 
2978 -0.208054 
2979 0.355194 
2980 -0.178161 
2981 0.412885 
2982 -0.386239 
2983 0.048402 
2984 -0.446947 
2985 -0.363553 
2986 0.417091 
2987 -0.345434 
2988 0.436845 
2989 0.482048 
2990 -0.294969 
2991 -0.294969 
2992 -0.294969 
2993 -0.294969 
2994 -0.294969 
2995 -0.294969 
2996 0.177821 
2997 -0.182584 
2998 0.352266 
2999 0.000593 
3000 0.302744 
3001 0.177821 
3002 0.257772 
3003 -0.223589 
3004 -0.223589 
3005 -0.223589 
3006 -0.164084 
3007 -0.360261 
3008 -0.271403 
3009 -0.271403 
3010 -0.271403 
3011 -0.142605 
3012 0.177821 
3013 0.257772 
3014 -0.109290 
3015 0.302744 
3016 -0.001828 
3017 0.358158 
3018 0.059206 
3019 0.370751 
3020 0.059206 
3021 0.059206 
3022 -0.395150 
3023 0.302744 
3024 -0.360261 
3025 -0.271403 
3026 -0.271403 
3027 0.059206 
3028 -0.109290 
3029 0.059206 
3030 0.257772 
