958 1
0 1.487448 
1 0.891813 
2 1.865781 
3 1.482453 
4 0.369253 
5 1.018290 
6 1.759959 
7 1.636808 
8 1.483535 
9 1.249742 
10 1.362952 
11 -1.156621 
12 -1.177954 
13 -1.688938 
14 1.561308 
15 0.561234 
16 1.268930 
17 1.478701 
18 1.057746 
19 1.805487 
20 2.333951 
21 0.535067 
22 -1.194441 
23 -1.415688 
24 1.778906 
25 1.675603 
26 -0.865577 
27 -1.444874 
28 -0.228095 
29 0.814459 
30 0.281604 
31 2.566767 
32 -1.703093 
33 -2.240891 
34 -0.947037 
35 -0.218806 
36 -1.422268 
37 -1.906190 
38 0.400456 
39 -2.065169 
40 -2.043716 
41 -1.273546 
42 -2.007203 
43 0.239539 
44 1.254666 
45 -0.993230 
46 2.258558 
47 0.829003 
48 0.614179 
49 0.008527 
50 2.234872 
51 1.512056 
52 2.261310 
53 1.566952 
54 -0.145564 
55 0.326593 
56 1.876044 
57 1.399929 
58 -0.391727 
59 1.536937 
60 -1.672162 
61 -0.065909 
62 2.148596 
63 0.725704 
64 1.352284 
65 1.891447 
66 -0.556084 
67 1.721794 
68 2.318137 
69 1.101763 
70 1.144064 
71 0.455613 
72 1.376345 
73 1.319780 
74 1.612455 
75 1.480042 
76 2.322872 
77 1.138513 
78 0.044991 
79 -1.066641 
80 -1.662166 
81 -1.023771 
82 -2.307052 
83 -1.163052 
84 -1.653245 
85 -1.568002 
86 -1.793999 
87 -1.766817 
88 1.099218 
89 1.748993 
90 1.622107 
91 1.367001 
92 1.645301 
93 2.224994 
94 -0.325570 
95 0.052606 
96 -1.871958 
97 -1.466095 
98 -1.820175 
99 -1.417219 
100 -1.703596 
101 -1.470117 
102 -1.676520 
103 -1.638051 
104 -1.982456 
105 1.384970 
106 -1.717026 
107 0.554161 
108 1.635874 
109 1.469252 
110 -1.172688 
111 1.481914 
112 1.149784 
113 -2.180504 
114 0.879395 
115 1.765440 
116 -2.420397 
117 -1.269589 
118 -1.986174 
119 -0.176665 
120 -1.478694 
121 -1.797684 
122 -1.668071 
123 -1.678869 
124 -1.556304 
125 -1.910932 
126 -1.748431 
127 -1.450245 
128 -1.660531 
129 -2.071349 
130 -1.599271 
131 -0.063615 
132 0.192168 
133 -1.494757 
134 -2.127722 
135 -1.867356 
136 -2.814834 
137 0.831109 
138 0.077822 
139 -0.960464 
140 -0.313942 
141 -1.852746 
142 -1.753393 
143 -1.956557 
144 1.500137 
145 -1.703748 
146 -0.932961 
147 -1.685374 
148 -1.434445 
149 0.187501 
150 -1.925462 
151 -2.006532 
152 1.759077 
153 1.192538 
154 -1.694552 
155 -1.740237 
156 -1.243404 
157 -1.078713 
158 1.157304 
159 2.110663 
160 -1.560167 
161 1.289306 
162 1.495949 
163 1.502841 
164 1.691733 
165 0.936619 
166 1.611798 
167 1.170263 
168 1.442436 
169 1.725258 
170 1.403402 
171 0.942810 
172 -1.016713 
173 1.727331 
174 0.840850 
175 1.838874 
176 1.365159 
177 -0.303569 
178 1.551579 
179 1.873279 
180 1.125746 
181 1.366661 
182 1.712302 
183 1.385181 
184 1.251905 
185 1.852240 
186 1.380206 
187 1.139209 
188 1.265603 
189 1.375199 
190 1.609573 
191 1.140884 
192 2.010669 
193 1.766730 
194 0.102712 
195 0.959492 
196 1.889527 
197 1.152160 
198 0.525840 
199 1.537773 
200 1.645509 
201 0.995574 
202 1.682127 
203 1.046378 
204 1.404883 
205 1.732238 
206 1.675755 
207 0.420929 
208 1.397215 
209 1.840579 
210 0.815207 
211 1.395527 
212 -0.911359 
213 1.509305 
214 1.595642 
215 1.685450 
216 -0.957084 
217 -1.650137 
218 -2.472500 
219 -0.272535 
220 1.534380 
221 -1.390809 
222 0.976521 
223 1.649051 
224 1.777523 
225 0.180872 
226 -1.950252 
227 -1.714186 
228 1.637264 
229 1.205448 
230 1.487487 
231 1.059196 
232 1.126796 
233 1.979592 
234 1.303148 
235 0.975088 
236 1.226644 
237 -1.576580 
238 -2.280078 
239 0.399722 
240 1.576488 
241 1.553559 
242 1.611063 
243 0.423943 
244 2.033741 
245 1.837048 
246 0.428572 
247 -0.496516 
248 -0.462063 
249 1.165872 
250 1.946965 
251 1.651280 
252 -0.891326 
253 -0.336899 
254 1.346795 
255 2.452250 
256 1.478835 
257 1.012408 
258 1.503671 
259 1.549001 
260 1.033251 
261 1.617553 
262 1.555930 
263 1.170547 
264 1.274085 
265 1.627774 
266 1.079024 
267 1.452195 
268 1.690595 
269 1.177120 
270 1.478343 
271 1.205347 
272 1.112387 
273 -1.587589 
274 -0.217416 
275 -2.365361 
276 -1.701733 
277 -0.983455 
278 -1.995253 
279 -1.684328 
280 -1.374026 
281 -1.845050 
282 -1.767019 
283 -1.273661 
284 -1.454178 
285 -1.534344 
286 -1.535633 
287 -1.541747 
288 -1.990305 
289 -0.647474 
290 -1.492422 
291 -1.869229 
292 -1.983228 
293 -1.793345 
294 -1.298730 
295 -0.281221 
296 -0.831239 
297 -1.886823 
298 -2.014591 
299 -1.206661 
300 -2.163340 
301 -0.000235 
302 1.307626 
303 -1.464175 
304 -2.874533 
305 -0.413677 
306 0.337485 
307 0.280470 
308 2.277824 
309 1.284780 
310 0.537626 
311 -0.451691 
312 2.601568 
313 -0.060561 
314 0.413156 
315 0.391347 
316 1.693704 
317 1.232662 
318 1.512520 
319 -0.608955 
320 0.123963 
321 0.291545 
322 1.928202 
323 1.818494 
324 0.548679 
325 1.950023 
326 1.702881 
327 -0.302076 
328 1.637884 
329 0.202631 
330 -1.103225 
331 -2.124043 
332 -1.289433 
333 -0.794662 
334 -0.204508 
335 -2.578282 
336 0.513655 
337 -1.113400 
338 -1.877633 
339 -2.012757 
340 -1.449617 
341 -1.769228 
342 -1.430209 
343 -1.597238 
344 -1.924697 
345 -1.732642 
346 -1.082257 
347 -1.294487 
348 -0.936560 
349 -1.775132 
350 -1.885348 
351 -1.375428 
352 -1.885104 
353 -1.316924 
354 -1.288797 
355 -1.620956 
356 -0.530142 
357 -0.743645 
358 -1.627308 
359 -2.298939 
360 -1.801778 
361 -1.753862 
362 -1.620421 
363 -0.413941 
364 -2.129042 
365 -0.703428 
366 -0.956891 
367 1.479619 
368 0.542310 
369 1.948120 
370 -1.749569 
371 0.816049 
372 -1.624335 
373 -1.518939 
374 -1.457196 
375 1.463439 
376 -0.798803 
377 2.093993 
378 -0.258689 
379 -1.698593 
380 0.744915 
381 0.110487 
382 2.479611 
383 -1.029196 
384 -1.442237 
385 -2.021511 
386 -1.725888 
387 -0.020954 
388 -1.307577 
389 1.375971 
390 1.689573 
391 1.121443 
392 -0.388285 
393 0.487488 
394 -1.051948 
395 -2.649203 
396 -2.017731 
397 -0.924991 
398 -1.358224 
399 -1.638968 
400 -2.389097 
401 1.366581 
402 0.702631 
403 0.152878 
404 0.705695 
405 0.666469 
406 -2.419237 
407 -1.092323 
408 -2.096720 
409 -0.656838 
410 -1.657156 
411 -1.211234 
412 -2.672078 
413 -0.699570 
414 -0.646886 
415 -0.335181 
416 -2.185012 
417 1.524458 
418 -1.128920 
419 -0.285041 
420 -1.216500 
421 -2.229032 
422 -0.941180 
423 -1.493539 
424 -1.637582 
425 -1.568952 
426 -1.609114 
427 -1.190970 
428 -1.435400 
429 -1.691011 
430 -1.498380 
431 -1.214903 
432 -0.830040 
433 -1.471758 
434 -1.704582 
435 -1.823034 
436 -1.639171 
437 -1.507151 
438 -1.265004 
439 -1.386789 
440 -2.188226 
441 -1.498608 
442 -0.410244 
443 -1.264824 
444 -1.424468 
445 0.334763 
446 -2.120499 
447 -1.612531 
448 -1.542063 
449 -1.290673 
450 -1.872301 
451 -1.403221 
452 -1.284962 
453 -1.901269 
454 -0.778543 
455 -1.806044 
456 1.408881 
457 0.964396 
458 -1.854978 
459 -1.537279 
460 -0.814549 
461 0.458982 
462 1.243406 
463 -2.454763 
464 -1.502621 
465 0.122748 
466 -1.814069 
467 -1.872510 
468 -0.584629 
469 -2.034996 
470 -1.756967 
471 -1.340185 
472 -1.252326 
473 -0.948938 
474 -1.989361 
475 -1.554511 
476 1.212743 
477 1.634307 
478 1.564374 
479 -0.902210 
480 2.228419 
481 -0.509692 
482 -1.694487 
483 -0.029156 
484 -0.914264 
485 -2.224836 
486 -0.661741 
487 -1.652185 
488 -1.218860 
489 0.066382 
490 -1.864435 
491 -1.930253 
492 -1.766771 
493 0.203572 
494 -1.247566 
495 -1.937378 
496 -2.439374 
497 -0.820592 
498 -1.470221 
499 0.300808 
500 1.093513 
501 1.090311 
502 1.387999 
503 1.476560 
504 -2.032267 
505 -2.133400 
506 0.263908 
507 -0.181960 
508 0.929854 
509 0.715093 
510 -0.206471 
511 2.197840 
512 -1.882160 
513 0.839642 
514 1.606578 
515 1.029289 
516 -0.115411 
517 -1.850043 
518 -1.899394 
519 1.083923 
520 0.680111 
521 0.780806 
522 -2.391593 
523 1.099052 
524 -0.031119 
525 -1.162094 
526 2.087266 
527 1.472106 
528 -1.778237 
529 -2.282965 
530 0.130043 
531 -0.363390 
532 -0.121818 
533 -1.483628 
534 2.470433 
535 0.232590 
536 1.311473 
537 2.209438 
538 0.053649 
539 0.933034 
540 2.188687 
541 1.306808 
542 -0.203596 
543 -1.133725 
544 -1.312064 
545 -1.326885 
546 0.148862 
547 2.453890 
548 1.963448 
549 0.141110 
550 1.004414 
551 1.391214 
552 1.199128 
553 1.301624 
554 1.707763 
555 0.837066 
556 1.112351 
557 1.481840 
558 1.165477 
559 1.359248 
560 1.161185 
561 1.437624 
562 1.854787 
563 0.533062 
564 0.912528 
565 1.007318 
566 1.470046 
567 1.626705 
568 1.914792 
569 0.891409 
570 1.071020 
571 1.116932 
572 1.091972 
573 1.465158 
574 1.169670 
575 1.517064 
576 1.384136 
577 1.203131 
578 1.483448 
579 1.286820 
580 1.125433 
581 1.627794 
582 1.541989 
583 0.891193 
584 1.372244 
585 0.856597 
586 1.794399 
587 1.003163 
588 2.379452 
589 1.441436 
590 0.389510 
591 -0.061834 
592 1.539297 
593 1.644031 
594 1.022899 
595 1.049815 
596 -0.166729 
597 0.357349 
598 0.896181 
599 2.568517 
600 0.929927 
601 1.444117 
602 -0.249226 
603 2.210555 
604 0.628415 
605 2.117177 
606 1.637074 
607 0.287507 
608 -0.099913 
609 -0.610862 
610 2.007806 
611 1.984625 
612 0.888036 
613 1.498636 
614 1.458744 
615 1.287790 
616 1.127012 
617 1.776277 
618 1.127608 
619 1.134841 
620 1.401885 
621 1.353166 
622 0.879057 
623 1.557355 
624 1.375493 
625 0.646237 
626 1.773023 
627 1.234040 
628 1.593904 
629 0.862021 
630 1.200794 
631 1.399158 
632 1.238397 
633 0.962060 
634 1.750650 
635 1.301538 
636 1.149277 
637 1.549340 
638 1.075811 
639 1.521177 
640 2.059094 
641 0.811497 
642 1.570674 
643 0.589360 
644 1.654191 
645 1.028639 
646 1.708949 
647 0.704149 
648 0.590837 
649 1.906801 
650 1.508128 
651 0.952373 
652 0.962596 
653 1.063966 
654 1.103880 
655 1.987863 
656 1.152060 
657 1.221595 
658 1.695763 
659 1.090785 
660 1.498212 
661 1.573843 
662 0.560313 
663 1.424892 
664 1.650205 
665 1.964690 
666 0.550774 
667 0.647862 
668 2.016860 
669 0.841677 
670 0.660319 
671 1.396499 
672 0.804300 
673 0.419092 
674 2.549247 
675 0.571635 
676 2.536708 
677 0.681448 
678 0.371460 
679 0.609120 
680 -0.055682 
681 1.684390 
682 0.408408 
683 2.233709 
684 1.702313 
685 -0.105704 
686 1.874794 
687 1.128644 
688 1.271601 
689 1.749009 
690 1.277689 
691 0.791154 
692 1.133664 
693 1.361892 
694 1.795348 
695 0.999900 
696 1.002168 
697 1.756559 
698 -0.006398 
699 1.853340 
700 0.026261 
701 -0.150145 
702 1.239881 
703 2.512077 
704 0.613426 
705 1.321339 
706 1.505318 
707 1.581289 
708 1.953491 
709 1.755352 
710 -0.993835 
711 -0.961627 
712 -0.216448 
713 1.452245 
714 2.436983 
715 0.330931 
716 1.073394 
717 1.283023 
718 1.643447 
719 1.590359 
720 -0.476739 
721 -0.328975 
722 2.820735 
723 -0.174609 
724 -0.490800 
725 -2.291547 
726 0.222104 
727 1.731189 
728 1.739711 
729 1.574902 
730 0.944896 
731 0.954253 
732 1.623134 
733 -0.475610 
734 0.450723 
735 2.135020 
736 2.611906 
737 0.714544 
738 -1.121843 
739 -0.229948 
740 -1.148565 
741 -2.162294 
742 -1.702161 
743 -0.261308 
744 -1.528630 
745 -1.502753 
746 -1.571420 
747 -1.611105 
748 0.612266 
749 0.600912 
750 2.616988 
751 -0.469298 
752 2.240020 
753 -1.502726 
754 -1.291491 
755 0.448797 
756 -0.338754 
757 1.335924 
758 0.976024 
759 2.273539 
760 0.697537 
761 0.792736 
762 2.480158 
763 0.572647 
764 0.776664 
765 1.031608 
766 0.145667 
767 2.405172 
768 -0.869987 
769 1.688569 
770 -0.800714 
771 -2.026025 
772 -2.477939 
773 -1.586150 
774 0.235865 
775 -0.270615 
776 -1.328987 
777 -1.993290 
778 -0.431661 
779 1.515303 
780 1.078255 
781 1.158948 
782 0.979549 
783 1.923793 
784 1.944457 
785 1.650382 
786 0.413734 
787 0.898826 
788 0.821083 
789 1.958180 
790 0.620686 
791 1.590715 
792 0.796727 
793 1.101976 
794 1.711880 
795 1.497797 
796 2.580322 
797 0.861615 
798 -0.189382 
799 0.755205 
800 2.649127 
801 0.157025 
802 0.467175 
803 0.573089 
804 1.685473 
805 1.586924 
806 -0.295001 
807 1.350901 
808 0.246797 
809 1.761280 
810 -2.150569 
811 -0.354007 
812 -1.001456 
813 -1.010752 
814 -1.891735 
815 -2.013789 
816 1.133834 
817 -0.230602 
818 0.039481 
819 2.578292 
820 0.388160 
821 1.114841 
822 2.397771 
823 0.479768 
824 1.050044 
825 1.555251 
826 1.361269 
827 1.158143 
828 2.254961 
829 -0.312114 
830 -0.512451 
831 1.662789 
832 0.757589 
833 2.151555 
834 0.209886 
835 1.418347 
836 0.859851 
837 0.691813 
838 0.848982 
839 2.271451 
840 -0.042701 
841 2.049744 
842 0.381468 
843 1.765312 
844 -0.275592 
845 -0.846128 
846 1.856913 
847 1.986087 
848 0.738617 
849 -0.008241 
850 1.222457 
851 2.379781 
852 0.493929 
853 1.207564 
854 1.194395 
855 2.003789 
856 2.371126 
857 1.475485 
858 0.218497 
859 0.091120 
860 -2.218454 
861 0.128301 
862 1.453713 
863 1.187027 
864 0.806656 
865 1.251512 
866 2.199910 
867 0.850218 
868 1.208559 
869 1.233363 
870 0.906194 
871 1.821195 
872 1.804644 
873 1.728058 
874 0.592222 
875 1.030958 
876 0.781987 
877 1.646793 
878 1.100647 
879 1.687437 
880 1.041880 
881 1.824597 
882 1.144874 
883 1.115225 
884 0.865347 
885 1.528232 
886 0.186003 
887 2.140771 
888 1.959162 
889 0.869845 
890 0.857210 
891 1.450056 
892 1.731305 
893 1.206288 
894 1.452120 
895 0.921835 
896 1.580972 
897 1.255952 
898 1.560332 
899 0.901352 
900 1.303894 
901 1.636483 
902 1.635373 
903 0.656041 
904 0.895170 
905 1.660200 
906 -0.043877 
907 2.142335 
908 -0.010270 
909 -1.243215 
910 0.607515 
911 -2.729710 
912 -1.611294 
913 -0.337508 
914 -0.460163 
915 -2.525397 
916 -0.577061 
917 -1.083147 
918 -1.341565 
919 -2.507835 
920 -1.858079 
921 -1.244560 
922 -1.918289 
923 -0.784851 
924 -1.714515 
925 -0.436024 
926 -1.732542 
927 -1.744023 
928 -2.237369 
929 -1.014256 
930 -1.424650 
931 -0.762093 
932 -1.230596 
933 -1.645908 
934 -1.155677 
935 -1.775778 
936 -1.633408 
937 -0.959912 
938 -1.629925 
939 -1.648453 
940 -0.791478 
941 -1.714291 
942 -1.902962 
943 -1.518944 
944 -1.387109 
945 -1.565631 
946 -1.623028 
947 -1.416125 
948 -0.734716 
949 -2.201708 
950 -0.606281 
951 -1.830878 
952 -1.863519 
953 -1.783269 
954 -1.005580 
955 -1.310608 
956 -1.013050 
957 -2.845469 
