5962 1
0 2.077290 
1 1.070804 
2 1.283330 
3 1.379906 
4 1.484059 
5 1.629767 
6 1.439407 
7 1.520880 
8 1.490187 
9 1.562985 
10 1.558429 
11 1.526843 
12 1.564591 
13 1.483019 
14 1.557250 
15 1.517494 
16 1.525017 
17 1.526221 
18 1.558409 
19 1.564795 
20 1.591967 
21 1.546352 
22 1.539362 
23 1.463943 
24 1.552380 
25 1.532556 
26 1.560563 
27 1.473024 
28 1.813704 
29 1.425086 
30 1.267434 
31 1.664739 
32 1.501096 
33 1.436717 
34 1.700748 
35 1.518332 
36 1.573636 
37 1.426930 
38 1.574769 
39 1.630931 
40 1.567979 
41 1.483153 
42 1.558224 
43 1.597858 
44 1.449904 
45 1.602152 
46 1.603337 
47 1.545389 
48 1.482167 
49 1.573150 
50 1.537622 
51 1.562928 
52 1.571831 
53 1.383731 
54 1.464244 
55 1.746311 
56 1.452679 
57 1.525493 
58 1.597968 
59 1.599682 
60 1.623994 
61 1.504907 
62 1.598432 
63 1.453180 
64 1.391015 
65 1.667398 
66 1.598157 
67 1.524057 
68 1.529371 
69 1.529347 
70 1.421995 
71 1.704832 
72 1.579949 
73 1.524701 
74 1.597433 
75 1.401093 
76 1.666739 
77 1.549343 
78 1.486832 
79 1.482500 
80 1.615711 
81 1.450082 
82 1.538389 
83 1.564675 
84 1.418532 
85 1.544692 
86 1.537550 
87 1.640726 
88 1.474493 
89 1.675029 
90 1.523553 
91 1.485407 
92 1.633597 
93 1.455668 
94 1.423576 
95 1.675078 
96 1.625371 
97 1.517744 
98 1.444306 
99 1.532793 
100 1.379792 
101 1.417319 
102 1.766650 
103 1.591608 
104 1.427138 
105 1.659530 
106 1.536473 
107 1.482531 
108 1.456248 
109 1.586135 
110 1.610420 
111 1.477543 
112 1.629038 
113 1.433864 
114 1.658087 
115 1.448047 
116 1.477200 
117 1.558473 
118 1.610356 
119 1.487156 
120 1.593234 
121 1.468035 
122 1.478669 
123 1.609757 
124 1.461896 
125 1.535010 
126 1.551064 
127 1.540724 
128 1.514632 
129 1.618428 
130 1.453324 
131 1.561932 
132 1.645170 
133 1.471685 
134 1.454303 
135 1.558995 
136 2.479888 
137 0.973831 
138 0.882273 
139 1.517117 
140 1.223117 
141 1.439625 
142 1.950984 
143 1.577763 
144 1.457188 
145 1.761057 
146 1.551282 
147 1.466568 
148 1.601169 
149 1.457864 
150 1.502847 
151 1.618681 
152 1.542742 
153 1.432191 
154 1.697184 
155 1.503048 
156 1.569958 
157 1.499100 
158 1.534731 
159 1.596938 
160 1.514358 
161 1.567304 
162 1.417486 
163 1.653272 
164 1.579460 
165 1.486588 
166 1.597857 
167 1.541974 
168 1.322661 
169 1.708472 
170 1.466555 
171 1.636358 
172 2.241567 
173 2.251353 
174 -0.476401 
175 -0.399597 
176 0.826497 
177 1.086731 
178 0.812967 
179 2.697052 
180 1.224228 
181 1.092691 
182 2.090177 
183 1.683289 
184 1.216747 
185 1.795687 
186 1.475447 
187 1.579762 
188 1.706699 
189 1.494545 
190 1.383927 
191 1.590002 
192 1.543320 
193 1.544655 
194 1.551389 
195 1.551946 
196 1.488233 
197 1.554956 
198 1.644541 
199 1.524902 
200 1.452771 
201 1.521218 
202 1.510326 
203 1.691352 
204 1.663212 
205 1.444063 
206 1.538539 
207 1.602331 
208 1.865274 
209 1.604210 
210 1.600752 
211 -1.074825 
212 -2.275763 
213 -1.113935 
214 -1.706169 
215 -1.785321 
216 0.383363 
217 -0.827957 
218 -0.627794 
219 2.910522 
220 0.285836 
221 0.417603 
222 2.475006 
223 1.959644 
224 0.800748 
225 1.500166 
226 1.839823 
227 1.825722 
228 1.466561 
229 1.587330 
230 1.596860 
231 1.475754 
232 1.575921 
233 1.616804 
234 1.527348 
235 1.393767 
236 1.555753 
237 1.529375 
238 1.508295 
239 1.551181 
240 1.644790 
241 1.567740 
242 1.518330 
243 1.423369 
244 1.616477 
245 1.656909 
246 1.404818 
247 1.447808 
248 -1.811832 
249 -1.809798 
250 -1.467237 
251 -1.433053 
252 -2.070031 
253 -1.581701 
254 -1.562862 
255 -1.683531 
256 -2.005437 
257 -1.757729 
258 -2.039118 
259 0.436847 
260 0.142031 
261 0.420163 
262 1.785808 
263 2.590044 
264 1.091343 
265 1.756568 
266 1.717577 
267 1.558392 
268 1.655101 
269 1.628532 
270 1.536546 
271 1.338830 
272 1.555183 
273 1.577326 
274 1.570155 
275 1.488807 
276 1.511083 
277 1.466578 
278 1.541556 
279 1.621997 
280 1.538349 
281 1.590539 
282 1.603157 
283 1.381986 
284 1.298802 
285 -1.738949 
286 -1.751633 
287 -1.536217 
288 -1.755690 
289 -1.728220 
290 -1.636316 
291 -1.376001 
292 -1.695315 
293 -1.963591 
294 -1.432156 
295 -1.535302 
296 -2.488271 
297 -1.522504 
298 -1.589223 
299 0.669529 
300 0.032354 
301 0.175473 
302 2.318447 
303 2.119414 
304 1.243039 
305 1.505582 
306 1.604071 
307 1.745927 
308 1.415359 
309 1.611261 
310 1.624310 
311 1.528119 
312 1.494614 
313 1.497521 
314 1.621205 
315 1.485343 
316 1.509393 
317 1.578061 
318 1.568837 
319 1.502475 
320 1.509575 
321 1.456644 
322 -1.663099 
323 -1.658911 
324 -1.605465 
325 -1.527457 
326 -1.539515 
327 -1.827722 
328 -1.566518 
329 -1.526459 
330 -1.816629 
331 -1.596730 
332 -1.403973 
333 -1.696161 
334 -1.779341 
335 -1.673667 
336 -1.851594 
337 -2.074850 
338 -2.093425 
339 0.363480 
340 0.035061 
341 0.078111 
342 2.274722 
343 2.213258 
344 1.061678 
345 1.878192 
346 1.532234 
347 1.617173 
348 1.637658 
349 1.447643 
350 1.403762 
351 1.653596 
352 1.509101 
353 1.553927 
354 1.587081 
355 1.543458 
356 1.428067 
357 1.383672 
358 1.403917 
359 -1.895565 
360 -1.667516 
361 -1.634875 
362 -1.506016 
363 -1.701303 
364 -1.668922 
365 -1.636715 
366 -1.512838 
367 -1.668644 
368 -1.395281 
369 -1.462224 
370 -1.574222 
371 -1.952276 
372 -1.855568 
373 -1.712885 
374 -1.571681 
375 -1.529045 
376 -2.728800 
377 -1.297336 
378 -1.229994 
379 0.378986 
380 0.620015 
381 0.607281 
382 1.919758 
383 2.388653 
384 1.204194 
385 1.617739 
386 1.650071 
387 1.611229 
388 1.599879 
389 1.548840 
390 1.622674 
391 1.406388 
392 1.630411 
393 1.584171 
394 1.445272 
395 1.437691 
396 -1.684870 
397 -1.545847 
398 -1.607690 
399 -1.604300 
400 -1.678511 
401 -1.646268 
402 -1.563172 
403 -1.541775 
404 -1.706460 
405 -1.463390 
406 -1.429571 
407 -1.843839 
408 -1.469172 
409 -1.429409 
410 -1.753916 
411 -1.813377 
412 -1.898280 
413 -1.627627 
414 -1.575348 
415 -1.586018 
416 -2.340250 
417 -0.941018 
418 -1.165900 
419 1.836226 
420 0.843114 
421 0.761434 
422 2.298931 
423 1.856253 
424 1.219079 
425 1.645057 
426 1.667080 
427 1.601493 
428 1.748843 
429 1.545900 
430 1.481173 
431 1.305368 
432 1.251311 
433 -1.724140 
434 -1.740413 
435 -1.596763 
436 -1.656571 
437 -1.489551 
438 -1.618194 
439 -1.602278 
440 -1.642205 
441 -1.556248 
442 -1.550122 
443 -1.618428 
444 -1.740312 
445 -1.715050 
446 -1.590665 
447 -1.389634 
448 -2.517724 
449 -0.236439 
450 -0.190106 
451 2.036211 
452 1.169857 
453 1.676066 
454 1.531578 
455 1.753070 
456 1.565312 
457 1.543313 
458 1.563231 
459 1.387354 
460 1.720894 
461 1.861881 
462 1.219557 
463 1.189513 
464 1.555727 
465 1.526120 
466 1.429637 
467 1.548923 
468 1.544634 
469 1.467694 
470 1.286807 
471 1.752289 
472 1.325544 
473 1.349459 
474 1.733046 
475 1.680280 
476 1.555208 
477 1.586441 
478 1.507924 
479 1.423181 
480 1.413159 
481 1.565897 
482 1.526167 
483 1.547474 
484 1.914982 
485 1.310708 
486 1.293037 
487 1.513823 
488 1.478129 
489 1.484415 
490 1.561614 
491 1.518055 
492 1.331813 
493 1.490220 
494 1.520041 
495 1.682806 
496 1.948541 
497 1.911568 
498 0.922744 
499 1.008114 
500 1.279247 
501 1.585388 
502 1.563681 
503 1.582244 
504 1.480550 
505 1.181673 
506 1.679505 
507 1.694284 
508 1.734539 
509 1.665754 
510 1.874538 
511 0.391960 
512 0.744653 
513 1.048087 
514 2.327992 
515 1.698855 
516 1.567279 
517 1.549062 
518 1.520398 
519 1.493733 
520 1.360631 
521 1.472411 
522 1.532835 
523 1.718117 
524 -0.531313 
525 0.687200 
526 1.729267 
527 2.618626 
528 1.099603 
529 1.444542 
530 1.747254 
531 1.728502 
532 1.540702 
533 1.400482 
534 1.562579 
535 1.636760 
536 3.057430 
537 -1.222726 
538 -0.853089 
539 -0.323208 
540 0.160286 
541 0.622698 
542 2.123492 
543 2.245374 
544 1.323466 
545 1.681014 
546 1.525449 
547 1.610208 
548 2.182449 
549 1.553845 
550 -1.240126 
551 -1.183528 
552 -1.375649 
553 -0.812452 
554 0.485226 
555 2.832412 
556 1.367818 
557 1.451104 
558 1.509401 
559 1.806716 
560 1.560677 
561 1.997284 
562 1.167349 
563 -1.394879 
564 -2.569000 
565 -1.569714 
566 -1.267651 
567 -0.891444 
568 -0.031316 
569 1.088073 
570 2.074545 
571 2.185656 
572 1.471412 
573 1.393261 
574 1.612166 
575 1.625494 
576 -1.501101 
577 -1.649626 
578 -1.550340 
579 -1.723083 
580 -2.947521 
581 -1.400269 
582 -0.032576 
583 0.982696 
584 1.001735 
585 1.063385 
586 1.994136 
587 1.860116 
588 1.913153 
589 -1.420310 
590 -1.461836 
591 -1.542408 
592 -1.558365 
593 -2.331868 
594 -1.660414 
595 -0.685265 
596 -0.068797 
597 1.160029 
598 2.041775 
599 2.207541 
600 1.781938 
601 1.460673 
602 -1.489435 
603 -1.514420 
604 -1.270111 
605 -1.335881 
606 -1.457360 
607 -2.258088 
608 -2.791421 
609 -0.666527 
610 0.457646 
611 1.613233 
612 1.285697 
613 1.335148 
614 1.706295 
615 -1.829899 
616 -1.596796 
617 -1.487498 
618 -1.565831 
619 -1.780703 
620 -2.120158 
621 -2.312585 
622 -1.096341 
623 -0.180904 
624 0.700997 
625 1.347346 
626 1.801404 
627 2.020592 
628 1.114193 
629 1.265815 
630 1.936464 
631 1.767899 
632 1.496581 
633 1.454418 
634 1.721234 
635 1.496204 
636 1.736499 
637 1.277234 
638 1.467759 
639 1.647321 
640 2.344346 
641 0.902653 
642 1.106257 
643 1.487207 
644 1.603819 
645 1.450209 
646 1.439339 
647 1.631892 
648 1.585449 
649 1.613983 
650 1.475119 
651 1.455584 
652 2.177131 
653 1.987241 
654 0.656670 
655 0.812578 
656 0.980898 
657 1.707971 
658 1.852040 
659 1.523163 
660 1.564000 
661 1.444816 
662 1.782033 
663 1.345356 
664 1.664162 
665 1.922710 
666 1.731346 
667 0.109199 
668 0.380053 
669 0.521223 
670 2.176409 
671 2.167423 
672 1.370776 
673 1.489922 
674 1.446538 
675 1.806454 
676 1.334540 
677 1.329240 
678 1.445787 
679 1.881031 
680 -0.176287 
681 0.291407 
682 0.574225 
683 3.154911 
684 1.417577 
685 1.354883 
686 1.846599 
687 1.476983 
688 1.409819 
689 1.321553 
690 1.450633 
691 1.906787 
692 3.163822 
693 -0.927719 
694 -0.595220 
695 -0.424380 
696 -0.016844 
697 0.102987 
698 2.171793 
699 2.388613 
700 1.231006 
701 1.761631 
702 1.530196 
703 1.586038 
704 2.010918 
705 2.153627 
706 -0.718785 
707 -0.817067 
708 -2.617555 
709 -1.385346 
710 -1.825703 
711 -0.074696 
712 0.157544 
713 0.825674 
714 2.295456 
715 2.019125 
716 1.496826 
717 1.633339 
718 1.782390 
719 -1.243235 
720 -1.902358 
721 -1.875618 
722 -1.601176 
723 -1.240899 
724 -0.647052 
725 -0.221936 
726 1.613152 
727 2.816212 
728 1.645264 
729 1.565156 
730 1.691445 
731 1.201845 
732 -1.746965 
733 -1.859819 
734 -1.396106 
735 -1.382601 
736 -2.534611 
737 -2.092395 
738 -0.792637 
739 0.322613 
740 1.199492 
741 1.185655 
742 1.866207 
743 1.791878 
744 1.227228 
745 -1.568942 
746 -1.707956 
747 -1.753041 
748 -1.890888 
749 -1.876642 
750 -1.551898 
751 -1.154873 
752 -0.748764 
753 0.555987 
754 1.399299 
755 2.789132 
756 1.606437 
757 1.548187 
758 -1.528327 
759 -1.600472 
760 -1.579251 
761 -1.577103 
762 -1.657066 
763 -1.588343 
764 -2.455878 
765 -1.800515 
766 -0.838629 
767 1.299548 
768 1.471051 
769 1.685184 
770 1.177789 
771 -1.848059 
772 -1.608944 
773 -1.611656 
774 -1.572082 
775 -1.686135 
776 -2.057158 
777 -2.112486 
778 -1.179520 
779 -0.914975 
780 0.115504 
781 0.709978 
782 2.282163 
783 2.040476 
784 -1.575033 
785 -1.996383 
786 -1.375695 
787 -1.391053 
788 -1.666970 
789 -1.772688 
790 -1.697682 
791 -1.145449 
792 -1.220264 
793 0.293174 
794 1.020903 
795 2.850920 
796 1.689244 
797 1.389428 
798 1.399382 
799 1.619169 
800 1.487851 
801 1.651947 
802 1.480157 
803 1.490611 
804 1.496157 
805 1.623036 
806 1.462307 
807 1.554283 
808 1.578973 
809 1.821795 
810 1.160941 
811 1.524126 
812 1.660231 
813 1.436509 
814 1.557304 
815 1.397191 
816 1.496780 
817 1.469378 
818 1.601314 
819 1.573190 
820 1.809355 
821 1.614747 
822 1.682935 
823 1.002049 
824 1.536157 
825 1.528314 
826 1.600239 
827 1.499725 
828 1.525207 
829 1.515895 
830 1.525170 
831 1.585045 
832 1.400877 
833 1.699690 
834 1.637853 
835 1.382138 
836 0.684678 
837 1.699530 
838 1.335367 
839 2.182812 
840 1.454729 
841 1.516003 
842 1.612202 
843 1.572048 
844 1.345176 
845 1.426546 
846 1.802516 
847 1.516878 
848 3.225200 
849 -0.916246 
850 0.263964 
851 0.518173 
852 1.188614 
853 1.392277 
854 1.854310 
855 1.735036 
856 1.334216 
857 1.447799 
858 1.746469 
859 1.643123 
860 1.980449 
861 2.080711 
862 -1.179395 
863 -0.841379 
864 -1.399851 
865 -0.643944 
866 0.598674 
867 2.888630 
868 1.133484 
869 1.362346 
870 1.702541 
871 1.867853 
872 1.429335 
873 1.651844 
874 1.670063 
875 -1.453316 
876 -1.986468 
877 -1.982245 
878 -1.505590 
879 -1.183464 
880 -0.270876 
881 0.453092 
882 1.657155 
883 2.747452 
884 1.501560 
885 1.404227 
886 1.819990 
887 1.394802 
888 -1.590930 
889 -1.507552 
890 -1.711795 
891 -1.642040 
892 -2.638874 
893 -1.959896 
894 -0.812118 
895 0.696612 
896 1.106623 
897 1.816582 
898 1.806699 
899 1.356390 
900 1.318558 
901 -1.792206 
902 -1.592888 
903 -1.645077 
904 -1.720289 
905 -1.725665 
906 -1.754558 
907 -1.349745 
908 -0.654419 
909 0.641961 
910 1.873607 
911 2.536941 
912 1.353248 
913 1.167095 
914 -1.794300 
915 -1.954435 
916 -1.680928 
917 -1.580328 
918 -1.565780 
919 -1.645383 
920 -2.690207 
921 -1.730189 
922 -0.558047 
923 1.041583 
924 1.460338 
925 1.619951 
926 1.240434 
927 -1.874520 
928 -1.600699 
929 -1.572300 
930 -1.668207 
931 -1.652152 
932 -1.846009 
933 -1.719911 
934 -1.933330 
935 -1.082270 
936 -0.099731 
937 1.302549 
938 2.175046 
939 1.942044 
940 -1.603720 
941 -1.633666 
942 -1.596713 
943 -1.646392 
944 -1.573282 
945 -1.675955 
946 -1.564559 
947 -1.653391 
948 -1.894444 
949 -0.758695 
950 0.247679 
951 2.630877 
952 1.092149 
953 -1.880157 
954 -1.947368 
955 -1.373263 
956 -1.565058 
957 -1.625249 
958 -1.618695 
959 -1.715714 
960 -2.432285 
961 -2.143424 
962 -0.857850 
963 -0.397405 
964 0.596824 
965 1.759326 
966 1.726445 
967 1.915535 
968 1.426068 
969 1.446020 
970 1.646755 
971 1.642257 
972 1.669189 
973 1.484455 
974 1.405791 
975 1.593451 
976 1.512532 
977 1.582944 
978 1.493252 
979 1.543722 
980 1.547214 
981 1.558419 
982 1.465967 
983 1.554618 
984 1.543373 
985 1.434245 
986 1.520545 
987 1.643454 
988 1.890147 
989 1.702151 
990 1.311437 
991 1.180801 
992 1.951575 
993 1.242422 
994 1.227070 
995 1.719159 
996 1.576164 
997 1.537566 
998 1.370911 
999 1.696622 
1000 1.471538 
1001 1.434232 
1002 1.779461 
1003 1.505031 
1004 1.644855 
1005 1.520887 
1006 1.522193 
1007 1.478268 
1008 1.633417 
1009 1.563929 
1010 1.491129 
1011 1.475969 
1012 1.534654 
1013 1.647593 
1014 1.576259 
1015 1.491922 
1016 1.481189 
1017 1.476868 
1018 1.534392 
1019 1.677787 
1020 1.651065 
1021 1.581652 
1022 1.390801 
1023 1.597069 
1024 1.571964 
1025 1.717394 
1026 1.772475 
1027 0.948881 
1028 1.104098 
1029 1.787908 
1030 1.706533 
1031 1.643779 
1032 1.605620 
1033 1.580138 
1034 1.357214 
1035 1.658326 
1036 1.480574 
1037 1.512778 
1038 1.713391 
1039 1.544493 
1040 1.543259 
1041 1.558313 
1042 1.501995 
1043 1.576150 
1044 1.565413 
1045 1.551409 
1046 1.632230 
1047 1.457411 
1048 1.487259 
1049 1.414123 
1050 1.708030 
1051 1.599583 
1052 1.381956 
1053 1.534597 
1054 1.673573 
1055 1.545491 
1056 1.598091 
1057 1.618654 
1058 1.398484 
1059 1.523225 
1060 1.368220 
1061 1.588606 
1062 1.507517 
1063 1.697357 
1064 0.996617 
1065 1.094386 
1066 2.136344 
1067 1.895177 
1068 1.135088 
1069 1.823174 
1070 1.709783 
1071 1.629814 
1072 1.674410 
1073 1.257502 
1074 1.451730 
1075 1.795624 
1076 1.627363 
1077 1.557537 
1078 1.566667 
1079 1.428308 
1080 1.529256 
1081 1.632153 
1082 1.495219 
1083 1.507693 
1084 1.674850 
1085 1.399942 
1086 1.442297 
1087 1.626859 
1088 1.508868 
1089 1.457645 
1090 1.786013 
1091 1.436389 
1092 1.410111 
1093 1.684845 
1094 1.608627 
1095 1.455352 
1096 1.371974 
1097 1.537641 
1098 1.653657 
1099 1.591576 
1100 3.397519 
1101 -0.852323 
1102 -0.752356 
1103 -0.091880 
1104 -0.143073 
1105 0.394454 
1106 1.567281 
1107 2.698022 
1108 0.773573 
1109 1.963364 
1110 1.792869 
1111 1.656503 
1112 1.385911 
1113 1.423034 
1114 1.704504 
1115 1.691953 
1116 1.443524 
1117 1.468593 
1118 1.778409 
1119 1.530424 
1120 1.439350 
1121 1.740793 
1122 1.450511 
1123 1.599625 
1124 1.597319 
1125 1.363320 
1126 1.584324 
1127 1.635649 
1128 1.441591 
1129 1.543344 
1130 1.580424 
1131 1.606095 
1132 1.581382 
1133 1.589215 
1134 1.484855 
1135 1.565400 
1136 2.060722 
1137 1.691607 
1138 -1.124239 
1139 -1.318351 
1140 -1.798704 
1141 -1.730517 
1142 -2.107512 
1143 -1.386582 
1144 -2.424483 
1145 1.892126 
1146 -0.128131 
1147 -0.919384 
1148 0.389963 
1149 1.689077 
1150 1.937884 
1151 1.604720 
1152 1.497628 
1153 1.471421 
1154 1.741042 
1155 1.593518 
1156 1.325720 
1157 1.504650 
1158 1.668236 
1159 1.700719 
1160 1.570883 
1161 1.451353 
1162 1.525363 
1163 1.609280 
1164 1.664181 
1165 1.603319 
1166 1.427538 
1167 1.458141 
1168 1.716154 
1169 1.576146 
1170 1.494564 
1171 1.446226 
1172 1.650891 
1173 1.645984 
1174 1.283132 
1175 -1.649154 
1176 -1.930485 
1177 -1.463822 
1178 -1.587497 
1179 -1.533743 
1180 -1.759471 
1181 -1.614100 
1182 -1.803365 
1183 -1.505817 
1184 -1.874474 
1185 -1.857953 
1186 -1.530917 
1187 -1.765972 
1188 -3.135736 
1189 -0.565343 
1190 -0.691752 
1191 0.139499 
1192 1.497183 
1193 0.647429 
1194 0.891739 
1195 2.610196 
1196 1.425040 
1197 1.515495 
1198 1.703793 
1199 1.590527 
1200 1.478936 
1201 1.641693 
1202 1.480500 
1203 1.538150 
1204 1.534328 
1205 1.670859 
1206 1.373632 
1207 1.551785 
1208 1.564522 
1209 1.523853 
1210 1.719941 
1211 1.344963 
1212 -1.619563 
1213 -1.572403 
1214 -1.694197 
1215 -1.549814 
1216 -1.630695 
1217 -1.639194 
1218 -1.533004 
1219 -1.692642 
1220 -1.589684 
1221 -1.601378 
1222 -1.827308 
1223 -1.557034 
1224 -1.821189 
1225 -2.117982 
1226 -1.402757 
1227 -1.371002 
1228 -3.148589 
1229 -0.933941 
1230 -0.783849 
1231 -0.828663 
1232 0.820336 
1233 0.833252 
1234 1.768953 
1235 2.338743 
1236 1.280600 
1237 1.316378 
1238 1.727226 
1239 1.837506 
1240 1.749341 
1241 1.479034 
1242 1.458853 
1243 1.459477 
1244 1.550333 
1245 1.258762 
1246 1.466424 
1247 1.859041 
1248 1.221233 
1249 -1.828136 
1250 -1.569747 
1251 -1.716519 
1252 -1.649704 
1253 -1.657041 
1254 -1.575488 
1255 -1.545453 
1256 -1.635115 
1257 -1.594791 
1258 -1.671293 
1259 -1.561765 
1260 -1.569940 
1261 -1.617833 
1262 -1.723852 
1263 -1.665457 
1264 -1.655380 
1265 -2.129883 
1266 -1.313758 
1267 -1.510371 
1268 -3.176747 
1269 -0.922816 
1270 -0.608297 
1271 -0.745487 
1272 0.978549 
1273 1.163478 
1274 1.115853 
1275 2.618814 
1276 1.545275 
1277 1.638308 
1278 1.497150 
1279 1.555752 
1280 1.809384 
1281 1.457699 
1282 1.462718 
1283 1.430512 
1284 1.274319 
1285 1.098793 
1286 -1.902739 
1287 -1.903280 
1288 -1.712506 
1289 -1.616573 
1290 -1.612236 
1291 -1.473858 
1292 -1.657289 
1293 -1.646861 
1294 -1.702085 
1295 -1.479257 
1296 -1.739273 
1297 -1.459794 
1298 -1.641130 
1299 -1.576157 
1300 -1.572534 
1301 -1.622616 
1302 -1.717272 
1303 -1.576670 
1304 -1.936521 
1305 -1.798861 
1306 -1.403930 
1307 -1.587071 
1308 -3.316618 
1309 -0.238825 
1310 -0.419778 
1311 -0.529698 
1312 1.085265 
1313 1.169973 
1314 1.161544 
1315 2.534034 
1316 1.536091 
1317 1.779803 
1318 1.398583 
1319 1.532174 
1320 1.466895 
1321 1.345759 
1322 1.194654 
1323 -2.099372 
1324 -1.686195 
1325 -1.561328 
1326 -1.582722 
1327 -1.607332 
1328 -1.654511 
1329 -1.625539 
1330 -1.551913 
1331 -1.588385 
1332 -1.585783 
1333 -1.631236 
1334 -1.578502 
1335 -1.641546 
1336 -1.777815 
1337 -1.536835 
1338 -1.526075 
1339 -1.626325 
1340 -1.578757 
1341 -1.540974 
1342 -1.494278 
1343 -1.899799 
1344 -1.757458 
1345 -2.385370 
1346 -1.233963 
1347 -1.279366 
1348 -3.233648 
1349 0.169386 
1350 0.503119 
1351 0.069878 
1352 1.697488 
1353 1.382427 
1354 1.483838 
1355 1.797770 
1356 1.281954 
1357 1.374545 
1358 1.719670 
1359 1.747392 
1360 -1.612149 
1361 -1.675065 
1362 -1.556457 
1363 -1.575487 
1364 -1.785440 
1365 -1.497646 
1366 -1.572078 
1367 -1.590433 
1368 -1.664288 
1369 -1.540695 
1370 -1.579810 
1371 -1.698287 
1372 -1.594628 
1373 -1.653735 
1374 -1.652748 
1375 -1.585437 
1376 -1.626434 
1377 -1.511879 
1378 -1.661161 
1379 -1.706403 
1380 -1.655009 
1381 -1.705657 
1382 -1.656097 
1383 -1.575353 
1384 -2.398020 
1385 -2.180059 
1386 -0.972042 
1387 -0.890750 
1388 -1.862199 
1389 1.584914 
1390 1.580356 
1391 1.492907 
1392 1.281963 
1393 1.667568 
1394 1.130742 
1395 2.012002 
1396 1.106290 
1397 -1.797149 
1398 -1.610918 
1399 -1.672503 
1400 -1.632422 
1401 -1.805031 
1402 -1.470105 
1403 -1.516317 
1404 -1.590498 
1405 -1.618339 
1406 -1.597920 
1407 -1.650961 
1408 -1.488523 
1409 -1.548518 
1410 -1.712667 
1411 -1.714274 
1412 -2.057962 
1413 -2.194930 
1414 -1.127656 
1415 -0.980240 
1416 -0.859868 
1417 -0.756577 
1418 2.549779 
1419 1.956907 
1420 1.122706 
1421 1.510680 
1422 1.876330 
1423 1.594077 
1424 1.578106 
1425 1.473038 
1426 1.354601 
1427 1.713217 
1428 1.557970 
1429 1.678176 
1430 1.544244 
1431 1.419615 
1432 1.596067 
1433 1.521046 
1434 1.492299 
1435 1.616332 
1436 1.529628 
1437 1.482098 
1438 1.522802 
1439 1.652172 
1440 1.556329 
1441 1.489793 
1442 1.729572 
1443 1.326969 
1444 2.044159 
1445 1.069270 
1446 1.287173 
1447 1.664321 
1448 1.388036 
1449 1.436599 
1450 1.695940 
1451 1.711220 
1452 1.569731 
1453 1.543412 
1454 1.565620 
1455 1.546729 
1456 1.614417 
1457 1.475643 
1458 1.713953 
1459 1.382493 
1460 1.586582 
1461 1.470144 
1462 1.588620 
1463 1.538394 
1464 1.535465 
1465 1.616140 
1466 1.478225 
1467 1.553316 
1468 1.555640 
1469 1.574745 
1470 1.476992 
1471 1.557985 
1472 1.504108 
1473 1.572739 
1474 1.542885 
1475 1.581031 
1476 1.529408 
1477 1.607732 
1478 1.632859 
1479 1.341049 
1480 2.264431 
1481 2.031426 
1482 0.700220 
1483 0.614835 
1484 1.400014 
1485 1.390645 
1486 1.484673 
1487 1.963597 
1488 1.386805 
1489 1.504187 
1490 1.787928 
1491 1.520726 
1492 1.598745 
1493 1.570593 
1494 1.601871 
1495 1.467399 
1496 1.551738 
1497 1.394322 
1498 1.634349 
1499 1.609857 
1500 1.432391 
1501 1.574055 
1502 1.545220 
1503 1.595465 
1504 1.473836 
1505 1.481914 
1506 1.806875 
1507 1.431181 
1508 1.491087 
1509 1.764028 
1510 1.473128 
1511 1.409475 
1512 1.658153 
1513 1.586292 
1514 1.480525 
1515 1.443287 
1516 1.757090 
1517 2.100053 
1518 1.548466 
1519 0.123884 
1520 0.708754 
1521 2.095110 
1522 1.609731 
1523 1.683779 
1524 1.317954 
1525 1.553666 
1526 1.086345 
1527 2.246637 
1528 1.303236 
1529 1.092362 
1530 1.883303 
1531 1.858710 
1532 1.253934 
1533 1.949626 
1534 1.434659 
1535 1.520697 
1536 1.650844 
1537 1.512674 
1538 1.502217 
1539 1.494050 
1540 1.527507 
1541 1.503036 
1542 1.469069 
1543 1.588454 
1544 1.611382 
1545 1.474917 
1546 1.512581 
1547 1.562948 
1548 1.429447 
1549 1.496712 
1550 1.753597 
1551 1.499507 
1552 1.363411 
1553 1.735770 
1554 1.569048 
1555 1.457010 
1556 -2.049624 
1557 -2.638580 
1558 -0.296946 
1559 0.161557 
1560 -2.123410 
1561 1.297933 
1562 1.926824 
1563 -0.126493 
1564 1.933060 
1565 1.510116 
1566 0.583507 
1567 1.884391 
1568 1.523865 
1569 0.981826 
1570 1.753981 
1571 1.875825 
1572 1.277285 
1573 1.746891 
1574 1.731078 
1575 1.296509 
1576 1.499441 
1577 1.737653 
1578 1.479659 
1579 1.431972 
1580 1.724940 
1581 1.364947 
1582 1.422727 
1583 1.618987 
1584 1.451812 
1585 1.348976 
1586 1.918805 
1587 1.470233 
1588 1.377628 
1589 1.412956 
1590 1.645557 
1591 1.706034 
1592 1.851721 
1593 -1.907781 
1594 -1.549243 
1595 -1.212080 
1596 -1.797511 
1597 -2.385926 
1598 -1.113119 
1599 -1.349808 
1600 -2.847925 
1601 0.196057 
1602 0.021439 
1603 -1.762901 
1604 1.654294 
1605 1.762334 
1606 -0.404644 
1607 1.842554 
1608 1.236454 
1609 0.558856 
1610 2.065676 
1611 1.961911 
1612 1.097777 
1613 1.752202 
1614 1.658595 
1615 1.627538 
1616 1.467452 
1617 1.407239 
1618 1.739726 
1619 1.466881 
1620 1.328651 
1621 1.971521 
1622 1.458086 
1623 1.324300 
1624 1.677385 
1625 1.483817 
1626 1.423156 
1627 1.614656 
1628 1.391492 
1629 1.445662 
1630 -1.825827 
1631 -1.664936 
1632 -1.930057 
1633 -1.697340 
1634 -1.500810 
1635 -1.423261 
1636 -2.123488 
1637 -1.755538 
1638 -1.393473 
1639 -1.465688 
1640 -2.300288 
1641 -1.486692 
1642 -1.364581 
1643 -1.750932 
1644 -0.334050 
1645 -0.810106 
1646 -1.560060 
1647 2.739414 
1648 0.635287 
1649 0.091578 
1650 2.372022 
1651 2.023013 
1652 0.896671 
1653 1.686648 
1654 1.579201 
1655 1.841595 
1656 1.779917 
1657 1.505343 
1658 1.457592 
1659 1.433286 
1660 1.573957 
1661 1.779232 
1662 1.365975 
1663 1.397838 
1664 1.702331 
1665 1.406422 
1666 1.264859 
1667 -1.870173 
1668 -1.545203 
1669 -1.717882 
1670 -1.669815 
1671 -1.544889 
1672 -1.627572 
1673 -1.595716 
1674 -1.633918 
1675 -1.685590 
1676 -2.053254 
1677 -1.513766 
1678 -1.452815 
1679 -1.445285 
1680 -2.057105 
1681 -1.636190 
1682 -1.371357 
1683 -1.690032 
1684 -1.421154 
1685 -1.468188 
1686 -2.340336 
1687 1.525187 
1688 0.451290 
1689 0.120089 
1690 1.981994 
1691 2.510790 
1692 1.189984 
1693 1.741809 
1694 1.683185 
1695 1.573887 
1696 1.633123 
1697 1.488131 
1698 1.783892 
1699 1.212239 
1700 1.246975 
1701 1.676326 
1702 1.610138 
1703 1.663462 
1704 -1.612455 
1705 -1.624695 
1706 -1.675460 
1707 -1.596201 
1708 -1.590580 
1709 -1.557541 
1710 -1.653239 
1711 -1.632820 
1712 -1.688108 
1713 -1.643250 
1714 -1.575291 
1715 -1.619403 
1716 -1.667397 
1717 -1.617939 
1718 -1.677176 
1719 -1.616529 
1720 -1.751019 
1721 -1.448473 
1722 -1.979547 
1723 -1.580813 
1724 -1.383363 
1725 -1.333979 
1726 -1.894929 
1727 2.195171 
1728 0.485719 
1729 0.407457 
1730 2.092370 
1731 2.371341 
1732 1.193063 
1733 1.469772 
1734 1.860227 
1735 1.592852 
1736 1.368140 
1737 1.519190 
1738 1.736813 
1739 1.663355 
1740 1.132436 
1741 -1.648059 
1742 -1.783376 
1743 -1.723186 
1744 -1.652134 
1745 -1.637286 
1746 -1.652530 
1747 -1.552522 
1748 -1.642555 
1749 -1.700148 
1750 -1.563049 
1751 -1.548438 
1752 -1.565483 
1753 -1.887798 
1754 -1.531579 
1755 -1.536551 
1756 -1.447367 
1757 -1.506455 
1758 -1.725416 
1759 -1.751559 
1760 -2.090720 
1761 -1.631716 
1762 -1.502163 
1763 -1.557783 
1764 -0.883263 
1765 -0.925849 
1766 -1.155002 
1767 2.902841 
1768 0.739484 
1769 0.631490 
1770 2.448992 
1771 1.841892 
1772 1.645965 
1773 1.458362 
1774 1.426749 
1775 1.706912 
1776 1.224495 
1777 0.996469 
1778 -2.128869 
1779 -1.835595 
1780 -1.622444 
1781 -1.647132 
1782 -1.413727 
1783 -1.828992 
1784 -1.639073 
1785 -1.660620 
1786 -1.602889 
1787 -1.585499 
1788 -1.699715 
1789 -1.604940 
1790 -1.587521 
1791 -1.604360 
1792 -1.526675 
1793 -1.530567 
1794 -1.616305 
1795 -1.783085 
1796 -1.553299 
1797 -1.583931 
1798 -1.540515 
1799 -1.850726 
1800 -2.456742 
1801 -1.214373 
1802 -1.391338 
1803 -1.556801 
1804 0.122241 
1805 0.151042 
1806 0.042431 
1807 3.235113 
1808 1.215112 
1809 1.454779 
1810 1.777879 
1811 1.879800 
1812 1.373518 
1813 1.148897 
1814 0.957501 
1815 -2.488926 
1816 -1.433950 
1817 -1.749437 
1818 -1.639868 
1819 -1.590980 
1820 -1.679840 
1821 -1.684619 
1822 -1.575752 
1823 -1.482934 
1824 -1.794315 
1825 -1.515581 
1826 -1.593650 
1827 -1.550480 
1828 -1.514516 
1829 -1.710016 
1830 -1.640127 
1831 -1.576239 
1832 -1.560920 
1833 -1.598289 
1834 -1.510452 
1835 -1.794189 
1836 -1.641705 
1837 -1.779194 
1838 -1.514997 
1839 -1.652918 
1840 -2.969004 
1841 -0.983538 
1842 -1.196703 
1843 -1.034638 
1844 0.584901 
1845 1.072920 
1846 1.151538 
1847 2.762169 
1848 1.509915 
1849 1.298751 
1850 1.698320 
1851 1.733381 
1852 -1.573173 
1853 -1.781576 
1854 -1.489434 
1855 -1.543389 
1856 -1.460778 
1857 -1.841306 
1858 -1.419598 
1859 -1.705629 
1860 -1.578984 
1861 -1.682126 
1862 -1.508958 
1863 -1.702322 
1864 -1.542457 
1865 -1.635357 
1866 -1.711993 
1867 -1.549715 
1868 -2.615939 
1869 -1.587695 
1870 -1.503906 
1871 -0.246856 
1872 -0.616401 
1873 1.208793 
1874 0.457494 
1875 2.948626 
1876 1.423737 
1877 1.563977 
1878 1.588821 
1879 1.550520 
1880 1.429318 
1881 1.630062 
1882 1.492298 
1883 1.619417 
1884 1.468478 
1885 1.695206 
1886 1.531315 
1887 1.486060 
1888 1.457010 
1889 1.546935 
1890 1.633408 
1891 1.544891 
1892 1.394184 
1893 1.635796 
1894 1.565161 
1895 1.611331 
1896 1.361469 
1897 1.794531 
1898 1.316010 
1899 1.611705 
1900 1.348747 
1901 1.324479 
1902 1.786143 
1903 1.816879 
1904 1.309543 
1905 1.767466 
1906 1.447374 
1907 1.616771 
1908 1.588208 
1909 1.471897 
1910 1.538700 
1911 1.559505 
1912 1.702089 
1913 1.587893 
1914 1.385691 
1915 1.455906 
1916 1.849872 
1917 1.310448 
1918 1.448412 
1919 1.570980 
1920 1.653665 
1921 1.525472 
1922 1.506330 
1923 1.483433 
1924 1.470402 
1925 1.727234 
1926 1.393028 
1927 1.566520 
1928 1.558789 
1929 1.474594 
1930 1.688081 
1931 1.411525 
1932 1.450208 
1933 1.388537 
1934 1.631476 
1935 1.731974 
1936 3.064964 
1937 0.331594 
1938 0.628501 
1939 0.991625 
1940 0.982296 
1941 1.320922 
1942 2.009331 
1943 1.767436 
1944 1.267550 
1945 1.646858 
1946 1.618491 
1947 1.655314 
1948 1.532726 
1949 1.260670 
1950 1.876966 
1951 1.466269 
1952 1.321583 
1953 1.589157 
1954 1.654845 
1955 1.529745 
1956 1.543630 
1957 1.637631 
1958 1.490616 
1959 1.496322 
1960 1.496476 
1961 1.474836 
1962 1.623538 
1963 1.557450 
1964 1.353448 
1965 1.388119 
1966 2.007048 
1967 1.363699 
1968 1.421192 
1969 1.414300 
1970 1.323073 
1971 1.959953 
1972 2.336741 
1973 2.200237 
1974 -0.478121 
1975 -0.416660 
1976 1.081995 
1977 -0.322794 
1978 0.162567 
1979 2.881710 
1980 0.476840 
1981 0.684485 
1982 2.153276 
1983 2.108257 
1984 0.933590 
1985 1.367391 
1986 2.091254 
1987 1.671431 
1988 1.789127 
1989 1.381404 
1990 1.568385 
1991 1.409690 
1992 1.406130 
1993 1.626265 
1994 1.535242 
1995 1.597452 
1996 1.690270 
1997 1.382951 
1998 1.433665 
1999 1.679531 
2000 1.434855 
2001 1.444581 
2002 1.523798 
2003 1.799013 
2004 1.628452 
2005 1.529733 
2006 1.559317 
2007 1.451060 
2008 1.685215 
2009 2.171557 
2010 1.246226 
2011 -1.035682 
2012 -2.232598 
2013 -1.745024 
2014 -1.605405 
2015 -1.503826 
2016 -2.446012 
2017 -2.006242 
2018 -1.102566 
2019 -0.799423 
2020 -0.470169 
2021 0.012001 
2022 2.472872 
2023 1.834190 
2024 0.718169 
2025 1.757814 
2026 1.621906 
2027 1.955783 
2028 1.615339 
2029 1.192398 
2030 1.443460 
2031 1.861552 
2032 1.367487 
2033 1.610103 
2034 1.605716 
2035 1.621790 
2036 1.486276 
2037 1.608788 
2038 1.356633 
2039 1.717802 
2040 1.509845 
2041 1.603451 
2042 1.675890 
2043 1.403483 
2044 1.591540 
2045 1.715896 
2046 1.637605 
2047 1.185991 
2048 -1.474008 
2049 -1.967483 
2050 -1.606122 
2051 -1.527901 
2052 -1.724870 
2053 -1.733160 
2054 -1.798573 
2055 -1.519830 
2056 -1.663315 
2057 -2.475526 
2058 -1.062823 
2059 -1.449517 
2060 -2.960963 
2061 -0.838663 
2062 0.765700 
2063 -0.143521 
2064 0.772513 
2065 1.394547 
2066 1.747325 
2067 2.104420 
2068 1.699955 
2069 1.280256 
2070 1.591312 
2071 1.607811 
2072 1.537275 
2073 1.727434 
2074 1.500405 
2075 1.371066 
2076 1.638470 
2077 1.510541 
2078 1.473790 
2079 1.488585 
2080 1.382821 
2081 1.643690 
2082 1.544003 
2083 1.584175 
2084 1.289388 
2085 -1.602505 
2086 -1.814071 
2087 -1.678560 
2088 -1.493303 
2089 -1.574529 
2090 -1.684500 
2091 -1.770644 
2092 -1.590504 
2093 -1.841944 
2094 -1.749582 
2095 -1.300477 
2096 -1.848549 
2097 -2.018629 
2098 -1.393989 
2099 -1.609353 
2100 -2.784744 
2101 -1.815473 
2102 -0.458098 
2103 -0.425709 
2104 0.298569 
2105 2.074605 
2106 1.202877 
2107 2.061808 
2108 1.322983 
2109 1.403547 
2110 1.853664 
2111 1.574656 
2112 1.562456 
2113 1.626454 
2114 1.470907 
2115 1.497979 
2116 1.660635 
2117 1.375732 
2118 1.478402 
2119 1.646198 
2120 1.286575 
2121 1.178211 
2122 -1.859396 
2123 -1.885293 
2124 -1.682056 
2125 -1.683964 
2126 -1.488429 
2127 -1.630963 
2128 -1.621643 
2129 -1.569739 
2130 -1.592748 
2131 -1.630881 
2132 -1.594130 
2133 -1.637283 
2134 -1.555341 
2135 -1.673028 
2136 -1.903384 
2137 -1.943892 
2138 -1.510769 
2139 -1.344005 
2140 -2.713389 
2141 -1.916346 
2142 -0.069130 
2143 -0.496486 
2144 0.186495 
2145 1.670318 
2146 1.721982 
2147 1.977350 
2148 1.483555 
2149 1.380300 
2150 1.753420 
2151 1.483313 
2152 1.451315 
2153 1.758698 
2154 1.481982 
2155 1.470469 
2156 1.540549 
2157 1.370772 
2158 1.302485 
2159 -1.976293 
2160 -1.585717 
2161 -1.638704 
2162 -1.652905 
2163 -1.620712 
2164 -1.600482 
2165 -1.544289 
2166 -1.616037 
2167 -1.687503 
2168 -1.707661 
2169 -1.618599 
2170 -1.625116 
2171 -1.508304 
2172 -1.579401 
2173 -1.573778 
2174 -1.652336 
2175 -1.670089 
2176 -1.721922 
2177 -2.066262 
2178 -1.529198 
2179 -1.343054 
2180 -2.599334 
2181 -2.062507 
2182 0.015162 
2183 -0.438842 
2184 0.513443 
2185 1.590147 
2186 1.690348 
2187 2.099825 
2188 1.640687 
2189 1.532940 
2190 1.544912 
2191 1.447450 
2192 1.525439 
2193 1.602644 
2194 1.538530 
2195 1.523704 
2196 -1.617213 
2197 -1.596068 
2198 -1.541189 
2199 -1.628388 
2200 -1.756966 
2201 -1.516195 
2202 -1.523014 
2203 -1.627800 
2204 -1.481738 
2205 -1.651319 
2206 -1.791847 
2207 -1.539810 
2208 -1.499785 
2209 -1.650812 
2210 -1.609835 
2211 -1.637561 
2212 -1.647985 
2213 -1.593071 
2214 -1.585963 
2215 -1.619770 
2216 -1.789378 
2217 -2.143648 
2218 -1.529963 
2219 -1.062814 
2220 -2.419262 
2221 -1.586010 
2222 1.060200 
2223 1.322512 
2224 0.778301 
2225 1.608610 
2226 1.632545 
2227 2.017190 
2228 1.445524 
2229 1.459617 
2230 1.740943 
2231 1.555487 
2232 1.002304 
2233 -1.742371 
2234 -1.794865 
2235 -1.736642 
2236 -1.659321 
2237 -1.691121 
2238 -1.545462 
2239 -1.474638 
2240 -1.503246 
2241 -1.659924 
2242 -1.561366 
2243 -1.717167 
2244 -1.687585 
2245 -1.724756 
2246 -1.520639 
2247 -1.509097 
2248 -1.568477 
2249 -1.555096 
2250 -1.701350 
2251 -1.612920 
2252 -1.728087 
2253 -1.556327 
2254 -1.731628 
2255 -1.462115 
2256 -1.969764 
2257 -1.988403 
2258 -1.872694 
2259 -0.491339 
2260 -0.638552 
2261 -0.518947 
2262 2.200487 
2263 2.185016 
2264 1.050266 
2265 1.594028 
2266 1.680246 
2267 1.881320 
2268 0.962620 
2269 1.078092 
2270 -1.886159 
2271 -2.147190 
2272 -1.564465 
2273 -1.570323 
2274 -1.800145 
2275 -1.504257 
2276 -1.532958 
2277 -1.590378 
2278 -1.640217 
2279 -1.633994 
2280 -1.531453 
2281 -1.665408 
2282 -1.599052 
2283 -1.612423 
2284 -1.778048 
2285 -1.522540 
2286 -1.639214 
2287 -1.497492 
2288 -1.653276 
2289 -1.551375 
2290 -1.516382 
2291 -1.719984 
2292 -1.506749 
2293 -1.763015 
2294 -1.756262 
2295 -1.577590 
2296 -2.259427 
2297 -1.793416 
2298 -1.871052 
2299 -0.144789 
2300 -0.008965 
2301 0.567376 
2302 2.230994 
2303 2.179600 
2304 0.833438 
2305 1.087394 
2306 1.162921 
2307 -2.624293 
2308 -1.577335 
2309 -1.770054 
2310 -1.506447 
2311 -1.586448 
2312 -1.419793 
2313 -1.831703 
2314 -1.357049 
2315 -1.724231 
2316 -1.540969 
2317 -1.737492 
2318 -1.589122 
2319 -1.524524 
2320 -1.588340 
2321 -1.535916 
2322 -1.783609 
2323 -1.456273 
2324 -2.547678 
2325 -2.039800 
2326 -0.842669 
2327 -0.699573 
2328 0.601221 
2329 0.068573 
2330 1.674656 
2331 2.656619 
2332 1.743751 
2333 1.347981 
2334 1.472986 
2335 1.507028 
2336 1.470955 
2337 1.604244 
2338 1.564764 
2339 1.477560 
2340 1.411826 
2341 1.606151 
2342 1.415306 
2343 1.649347 
2344 1.417112 
2345 1.643511 
2346 1.383842 
2347 1.660434 
2348 1.475845 
2349 1.460197 
2350 1.599493 
2351 1.607569 
2352 1.764938 
2353 1.832082 
2354 1.420258 
2355 0.954086 
2356 0.575485 
2357 2.088215 
2358 1.690276 
2359 1.571633 
2360 1.252266 
2361 1.635215 
2362 1.423461 
2363 1.808224 
2364 1.518801 
2365 1.540014 
2366 1.528674 
2367 1.621123 
2368 1.665558 
2369 1.415027 
2370 1.515702 
2371 1.542414 
2372 1.596624 
2373 1.418498 
2374 1.612481 
2375 1.528884 
2376 1.560591 
2377 1.514386 
2378 1.622266 
2379 1.442946 
2380 1.555389 
2381 1.495876 
2382 1.544293 
2383 1.605762 
2384 1.569296 
2385 1.575965 
2386 1.501164 
2387 1.537782 
2388 1.407334 
2389 1.621050 
2390 1.397513 
2391 1.647049 
2392 1.093287 
2393 -1.048809 
2394 2.351615 
2395 1.619273 
2396 0.795327 
2397 1.510428 
2398 2.193910 
2399 1.503688 
2400 1.510250 
2401 1.489623 
2402 1.475111 
2403 1.810098 
2404 1.401382 
2405 1.553009 
2406 1.569553 
2407 1.608910 
2408 1.691144 
2409 1.420608 
2410 1.437309 
2411 1.539608 
2412 1.503754 
2413 1.593261 
2414 1.526889 
2415 1.501404 
2416 1.544808 
2417 1.486960 
2418 1.716834 
2419 1.418346 
2420 1.446118 
2421 1.688525 
2422 1.534172 
2423 1.484764 
2424 1.550749 
2425 1.442687 
2426 1.448215 
2427 1.662403 
2428 2.764549 
2429 -1.088369 
2430 -1.406063 
2431 -0.627354 
2432 -2.481592 
2433 -1.959521 
2434 -0.088924 
2435 -0.187359 
2436 -1.278871 
2437 1.652009 
2438 1.563040 
2439 1.806136 
2440 1.553552 
2441 1.441289 
2442 1.116219 
2443 2.039782 
2444 1.505431 
2445 1.427017 
2446 1.701184 
2447 1.570242 
2448 1.462922 
2449 1.527529 
2450 1.523295 
2451 1.579355 
2452 1.578700 
2453 1.539894 
2454 1.460500 
2455 1.544681 
2456 1.492098 
2457 1.534667 
2458 1.575082 
2459 1.578351 
2460 1.579778 
2461 1.428525 
2462 1.461705 
2463 1.711747 
2464 1.545239 
2465 1.877074 
2466 -1.505011 
2467 -1.357418 
2468 -1.794974 
2469 -1.805783 
2470 -1.829030 
2471 -1.542057 
2472 -1.902492 
2473 -2.244420 
2474 -1.259930 
2475 -1.540965 
2476 -2.996387 
2477 0.958778 
2478 0.056760 
2479 -0.809562 
2480 1.046423 
2481 1.482054 
2482 1.345956 
2483 2.215662 
2484 1.425532 
2485 1.331796 
2486 1.696664 
2487 1.685242 
2488 1.477589 
2489 1.571877 
2490 1.629170 
2491 1.457019 
2492 1.507911 
2493 1.503801 
2494 1.677153 
2495 1.466338 
2496 1.646812 
2497 1.786666 
2498 1.384656 
2499 1.358350 
2500 1.603940 
2501 1.317474 
2502 1.699695 
2503 -1.546486 
2504 -1.455184 
2505 -1.584038 
2506 -2.008910 
2507 -1.415513 
2508 -1.712112 
2509 -1.601531 
2510 -1.673496 
2511 -1.689920 
2512 -2.090793 
2513 -2.003841 
2514 -1.266309 
2515 -1.391414 
2516 -3.155137 
2517 -0.418414 
2518 -0.251373 
2519 -0.728829 
2520 1.275810 
2521 1.078242 
2522 0.903252 
2523 2.571943 
2524 1.378158 
2525 1.333112 
2526 1.674832 
2527 1.751501 
2528 1.611414 
2529 1.425523 
2530 1.559929 
2531 1.482701 
2532 1.593912 
2533 1.690788 
2534 1.460438 
2535 1.390888 
2536 1.370707 
2537 1.635763 
2538 1.554385 
2539 1.629810 
2540 -1.689307 
2541 -1.520848 
2542 -1.567777 
2543 -1.674152 
2544 -1.567917 
2545 -1.638424 
2546 -1.533282 
2547 -1.662379 
2548 -1.724071 
2549 -1.663796 
2550 -1.643371 
2551 -1.512864 
2552 -1.757065 
2553 -2.099114 
2554 -1.435415 
2555 -1.426741 
2556 -3.032932 
2557 -0.621182 
2558 -0.947324 
2559 -1.168988 
2560 1.086216 
2561 1.087802 
2562 0.728348 
2563 2.763686 
2564 1.694927 
2565 1.536029 
2566 1.569885 
2567 1.453756 
2568 1.608007 
2569 1.474868 
2570 1.516742 
2571 1.524345 
2572 1.416254 
2573 1.539758 
2574 1.760594 
2575 1.519868 
2576 1.167417 
2577 -1.856073 
2578 -1.581222 
2579 -1.722210 
2580 -1.600426 
2581 -1.659032 
2582 -1.658352 
2583 -1.561182 
2584 -1.605036 
2585 -1.573739 
2586 -1.715415 
2587 -1.550984 
2588 -1.491660 
2589 -1.761771 
2590 -1.710683 
2591 -1.510214 
2592 -1.839653 
2593 -2.053396 
2594 -1.365446 
2595 -1.329882 
2596 -3.306382 
2597 -0.531173 
2598 -0.574533 
2599 -0.547263 
2600 1.474658 
2601 1.359673 
2602 1.027112 
2603 2.301825 
2604 1.533486 
2605 1.444932 
2606 1.697225 
2607 1.493200 
2608 1.824748 
2609 1.428062 
2610 1.392959 
2611 1.528356 
2612 1.176391 
2613 1.131411 
2614 -1.957430 
2615 -1.902964 
2616 -1.671613 
2617 -1.614509 
2618 -1.588374 
2619 -1.598706 
2620 -1.593868 
2621 -1.789376 
2622 -1.505017 
2623 -1.544205 
2624 -1.735106 
2625 -1.543406 
2626 -1.614017 
2627 -1.587067 
2628 -1.575398 
2629 -1.601759 
2630 -1.629918 
2631 -1.717905 
2632 -1.792357 
2633 -2.183329 
2634 -1.413931 
2635 -1.203712 
2636 -3.387915 
2637 0.123186 
2638 -0.110229 
2639 -0.360782 
2640 1.186484 
2641 1.762884 
2642 1.048194 
2643 2.140245 
2644 1.837627 
2645 1.709812 
2646 1.314177 
2647 1.350108 
2648 1.477182 
2649 1.272423 
2650 1.384330 
2651 -2.074255 
2652 -1.516448 
2653 -1.672941 
2654 -1.695946 
2655 -1.548256 
2656 -1.576400 
2657 -1.655073 
2658 -1.706979 
2659 -1.493308 
2660 -1.646219 
2661 -1.693195 
2662 -1.516164 
2663 -1.689224 
2664 -1.636225 
2665 -1.470022 
2666 -1.703070 
2667 -1.645858 
2668 -1.652420 
2669 -1.595227 
2670 -1.793516 
2671 -1.442240 
2672 -2.137321 
2673 -2.199548 
2674 -1.236684 
2675 -1.058089 
2676 -2.904430 
2677 1.098013 
2678 1.210718 
2679 0.001824 
2680 1.354752 
2681 1.232813 
2682 1.146443 
2683 2.290781 
2684 1.464488 
2685 1.619840 
2686 1.538240 
2687 1.625964 
2688 -1.734262 
2689 -1.580374 
2690 -1.628271 
2691 -1.523142 
2692 -1.667673 
2693 -1.599649 
2694 -1.505111 
2695 -1.689226 
2696 -1.568011 
2697 -1.562152 
2698 -1.803147 
2699 -1.559991 
2700 -1.655671 
2701 -1.554030 
2702 -1.653141 
2703 -1.612063 
2704 -1.558778 
2705 -1.781339 
2706 -1.548895 
2707 -1.559180 
2708 -1.641804 
2709 -1.701913 
2710 -1.638938 
2711 -1.560015 
2712 -2.224702 
2713 -2.344814 
2714 -0.804815 
2715 -0.899069 
2716 -2.061274 
2717 2.125648 
2718 1.010239 
2719 1.190745 
2720 1.563591 
2721 1.535350 
2722 1.666476 
2723 1.528423 
2724 0.986158 
2725 -1.719964 
2726 -1.871874 
2727 -1.689509 
2728 -1.604443 
2729 -1.839326 
2730 -1.571863 
2731 -1.452210 
2732 -1.561257 
2733 -1.613729 
2734 -1.595720 
2735 -1.734282 
2736 -1.710863 
2737 -1.569123 
2738 -1.618852 
2739 -1.579725 
2740 -1.787068 
2741 -1.570697 
2742 -1.577292 
2743 -1.556733 
2744 -1.560928 
2745 -1.646859 
2746 -1.591269 
2747 -1.684978 
2748 -1.584878 
2749 -1.993324 
2750 -1.742266 
2751 -1.392127 
2752 -1.973799 
2753 -2.783274 
2754 -0.517910 
2755 -0.371408 
2756 -0.319889 
2757 2.523362 
2758 1.807416 
2759 0.875871 
2760 0.884038 
2761 0.887615 
2762 -2.142791 
2763 -2.113581 
2764 -1.787488 
2765 -1.541600 
2766 -1.588820 
2767 -1.539149 
2768 -1.539910 
2769 -1.592552 
2770 -1.568243 
2771 -1.740889 
2772 -1.602142 
2773 -1.716937 
2774 -1.594798 
2775 -1.575938 
2776 -1.905628 
2777 -1.424434 
2778 -1.731476 
2779 -1.342067 
2780 -3.105933 
2781 -0.942595 
2782 -1.394855 
2783 0.331805 
2784 -0.414733 
2785 1.009807 
2786 1.732819 
2787 2.548658 
2788 1.711268 
2789 1.460320 
2790 1.807829 
2791 1.175816 
2792 1.541069 
2793 1.308885 
2794 1.568418 
2795 1.696987 
2796 1.250353 
2797 1.725094 
2798 1.452595 
2799 1.744736 
2800 1.357656 
2801 1.774047 
2802 1.489625 
2803 1.534454 
2804 1.409952 
2805 1.554701 
2806 1.451523 
2807 1.720565 
2808 2.318074 
2809 2.136592 
2810 0.336054 
2811 0.489704 
2812 1.587282 
2813 1.618244 
2814 1.328177 
2815 1.889031 
2816 1.413226 
2817 1.802296 
2818 1.460979 
2819 1.557534 
2820 1.628907 
2821 1.548749 
2822 1.524144 
2823 1.500604 
2824 1.554342 
2825 1.506216 
2826 1.620700 
2827 1.465975 
2828 1.514569 
2829 1.473229 
2830 1.600085 
2831 1.544796 
2832 1.352428 
2833 1.447268 
2834 1.774156 
2835 1.576058 
2836 1.423620 
2837 1.583175 
2838 1.521198 
2839 1.625953 
2840 1.641741 
2841 1.398363 
2842 1.591557 
2843 1.551374 
2844 1.671967 
2845 2.055388 
2846 1.639270 
2847 -0.534459 
2848 2.499984 
2849 0.818094 
2850 -0.219444 
2851 1.340297 
2852 0.717380 
2853 0.510352 
2854 1.092910 
2855 2.912951 
2856 1.265307 
2857 1.337222 
2858 2.037355 
2859 1.586758 
2860 1.332975 
2861 1.702011 
2862 1.548519 
2863 1.536329 
2864 1.511417 
2865 1.530012 
2866 1.618849 
2867 1.537724 
2868 1.552138 
2869 1.571497 
2870 1.419710 
2871 1.649717 
2872 1.586349 
2873 1.530583 
2874 1.441991 
2875 1.607528 
2876 1.552413 
2877 1.388128 
2878 1.475431 
2879 1.762966 
2880 1.534937 
2881 1.414327 
2882 1.818697 
2883 1.393807 
2884 -1.801492 
2885 -1.887178 
2886 -1.510203 
2887 -1.686139 
2888 -1.646914 
2889 -2.359117 
2890 -1.720759 
2891 -1.105586 
2892 -0.956603 
2893 -0.523869 
2894 0.216275 
2895 3.038325 
2896 0.601600 
2897 0.720608 
2898 2.142251 
2899 2.217511 
2900 1.436634 
2901 1.463014 
2902 1.467575 
2903 1.831113 
2904 1.485431 
2905 1.586227 
2906 1.559757 
2907 1.527571 
2908 1.602819 
2909 1.613907 
2910 1.490747 
2911 1.430803 
2912 1.752910 
2913 1.626366 
2914 1.332597 
2915 1.456434 
2916 1.293418 
2917 1.541063 
2918 1.400844 
2919 1.891691 
2920 1.644090 
2921 -1.752096 
2922 -1.598444 
2923 -1.529872 
2924 -1.536424 
2925 -1.657032 
2926 -1.814552 
2927 -1.681513 
2928 -1.783827 
2929 -1.739029 
2930 -1.892850 
2931 -1.509264 
2932 -1.909065 
2933 -2.325413 
2934 -1.474674 
2935 0.615489 
2936 0.091779 
2937 0.708256 
2938 1.682516 
2939 2.672022 
2940 1.223135 
2941 1.481736 
2942 1.686602 
2943 1.787025 
2944 1.368059 
2945 1.778411 
2946 1.409742 
2947 1.570269 
2948 1.565494 
2949 1.645932 
2950 1.533256 
2951 1.450312 
2952 1.784339 
2953 1.536184 
2954 1.194428 
2955 1.604588 
2956 1.637085 
2957 1.464255 
2958 -1.694372 
2959 -1.566375 
2960 -1.670039 
2961 -1.662096 
2962 -1.664938 
2963 -1.581331 
2964 -1.681125 
2965 -1.581289 
2966 -1.651177 
2967 -1.655413 
2968 -1.788682 
2969 -1.617384 
2970 -1.787597 
2971 -1.592917 
2972 -2.063709 
2973 -2.429293 
2974 -1.370034 
2975 0.263408 
2976 -0.114813 
2977 0.141070 
2978 2.605739 
2979 1.916737 
2980 1.051031 
2981 1.767663 
2982 1.739115 
2983 1.585009 
2984 1.658213 
2985 1.706459 
2986 1.411983 
2987 1.375093 
2988 1.837787 
2989 1.567349 
2990 1.378610 
2991 1.378464 
2992 1.548613 
2993 1.561758 
2994 1.458815 
2995 -1.723419 
2996 -1.548409 
2997 -1.460919 
2998 -1.612654 
2999 -1.889625 
3000 -1.612263 
3001 -1.566457 
3002 -1.572789 
3003 -1.731616 
3004 -1.657842 
3005 -1.564047 
3006 -1.639268 
3007 -1.594050 
3008 -1.970583 
3009 -1.590805 
3010 -1.550824 
3011 -1.644583 
3012 -2.235417 
3013 -2.112082 
3014 -1.644328 
3015 0.363276 
3016 0.100861 
3017 0.287250 
3018 2.263173 
3019 2.283929 
3020 1.271910 
3021 1.774706 
3022 1.657555 
3023 1.518617 
3024 1.740902 
3025 1.555078 
3026 1.564387 
3027 1.278382 
3028 1.626778 
3029 1.558432 
3030 1.655550 
3031 1.438497 
3032 -1.439190 
3033 -1.700344 
3034 -1.548948 
3035 -1.789466 
3036 -1.586371 
3037 -1.679548 
3038 -1.665395 
3039 -1.565105 
3040 -1.555295 
3041 -1.626678 
3042 -1.541300 
3043 -1.747639 
3044 -1.636434 
3045 -1.623682 
3046 -1.650903 
3047 -1.562629 
3048 -2.015486 
3049 -1.521019 
3050 -1.612238 
3051 -1.455576 
3052 -1.539256 
3053 -1.978020 
3054 -1.120006 
3055 2.057854 
3056 0.723289 
3057 0.726417 
3058 1.880197 
3059 2.375042 
3060 1.268487 
3061 1.743111 
3062 1.698833 
3063 1.396866 
3064 1.654498 
3065 1.530123 
3066 1.609299 
3067 1.443310 
3068 1.191948 
3069 -1.643547 
3070 -1.808121 
3071 -1.731839 
3072 -1.559574 
3073 -1.538824 
3074 -1.823141 
3075 -1.537164 
3076 -1.580323 
3077 -1.557216 
3078 -1.672376 
3079 -1.637479 
3080 -1.571122 
3081 -1.622363 
3082 -1.605660 
3083 -1.597886 
3084 -1.589664 
3085 -1.588314 
3086 -1.691235 
3087 -1.613586 
3088 -1.983984 
3089 -1.582605 
3090 -1.522452 
3091 -1.634956 
3092 -1.814037 
3093 -1.719310 
3094 -1.204476 
3095 1.995304 
3096 0.744909 
3097 0.800664 
3098 2.322483 
3099 1.843885 
3100 1.310032 
3101 1.736194 
3102 1.558312 
3103 1.562851 
3104 1.169864 
3105 1.068218 
3106 -1.931709 
3107 -1.949804 
3108 -1.583020 
3109 -1.629545 
3110 -1.668622 
3111 -1.591792 
3112 -1.500351 
3113 -1.658291 
3114 -1.635380 
3115 -1.605520 
3116 -1.651069 
3117 -1.492310 
3118 -1.657452 
3119 -1.647653 
3120 -1.506413 
3121 -1.796100 
3122 -1.542113 
3123 -1.599596 
3124 -1.646012 
3125 -1.572291 
3126 -1.625124 
3127 -1.622927 
3128 -1.845591 
3129 -1.763720 
3130 -1.572505 
3131 -1.683401 
3132 -0.472494 
3133 -0.383220 
3134 -0.945513 
3135 2.977354 
3136 1.116967 
3137 1.405592 
3138 1.986756 
3139 1.673519 
3140 1.231948 
3141 1.348707 
3142 1.327539 
3143 -2.189558 
3144 -1.567623 
3145 -1.832286 
3146 -1.557970 
3147 -1.474780 
3148 -1.553610 
3149 -1.615032 
3150 -1.625013 
3151 -1.636158 
3152 -1.605722 
3153 -1.616125 
3154 -1.658165 
3155 -1.616610 
3156 -1.595070 
3157 -1.691145 
3158 -1.547859 
3159 -1.585896 
3160 -1.417307 
3161 -1.923127 
3162 -1.466734 
3163 -1.597722 
3164 -1.614750 
3165 -1.854043 
3166 -1.304153 
3167 -1.660207 
3168 -2.618435 
3169 -1.464462 
3170 -1.303702 
3171 -1.224401 
3172 -0.084459 
3173 -0.590802 
3174 0.577989 
3175 3.005085 
3176 1.086718 
3177 1.261679 
3178 2.133839 
3179 1.643948 
3180 -1.635515 
3181 -1.552105 
3182 -1.660124 
3183 -1.572676 
3184 -1.735139 
3185 -1.636334 
3186 -1.571855 
3187 -1.525454 
3188 -1.646173 
3189 -1.617411 
3190 -1.579148 
3191 -1.598482 
3192 -1.551560 
3193 -1.594521 
3194 -1.609250 
3195 -1.672996 
3196 -1.513563 
3197 -1.598281 
3198 -1.664817 
3199 -1.611319 
3200 -1.482435 
3201 -1.791413 
3202 -1.627834 
3203 -1.549712 
3204 -1.890005 
3205 -1.768725 
3206 -1.455525 
3207 -1.511777 
3208 -2.509347 
3209 -1.709698 
3210 -1.509771 
3211 -1.138474 
3212 0.941197 
3213 0.903860 
3214 -0.002014 
3215 2.863888 
3216 0.567035 
3217 -1.928374 
3218 -1.764807 
3219 -1.735780 
3220 -1.520807 
3221 -1.544286 
3222 -1.541866 
3223 -1.779409 
3224 -1.498679 
3225 -1.724843 
3226 -1.580915 
3227 -1.595121 
3228 -1.582229 
3229 -1.445094 
3230 -1.831407 
3231 -1.551794 
3232 -1.775576 
3233 -1.631484 
3234 -1.671946 
3235 -1.411262 
3236 -2.182183 
3237 -2.384310 
3238 -1.126651 
3239 -0.800393 
3240 0.373304 
3241 1.550485 
3242 2.273471 
3243 1.418538 
3244 1.844897 
3245 1.621204 
3246 1.378312 
3247 1.299070 
3248 1.478785 
3249 1.577925 
3250 1.497597 
3251 1.575890 
3252 1.381890 
3253 1.744453 
3254 1.307603 
3255 1.613078 
3256 1.435473 
3257 1.663835 
3258 1.437742 
3259 1.601689 
3260 1.455054 
3261 1.577442 
3262 1.513876 
3263 1.609036 
3264 2.533412 
3265 0.343501 
3266 0.183434 
3267 1.957732 
3268 1.093454 
3269 0.942571 
3270 1.734355 
3271 2.281629 
3272 1.649082 
3273 1.454126 
3274 1.442169 
3275 1.600543 
3276 1.632676 
3277 1.515630 
3278 1.401942 
3279 1.608392 
3280 1.522912 
3281 1.577809 
3282 1.484584 
3283 1.570019 
3284 1.503898 
3285 1.577932 
3286 1.666795 
3287 1.429217 
3288 1.461961 
3289 1.464923 
3290 1.754127 
3291 1.494281 
3292 1.657852 
3293 1.603424 
3294 1.509577 
3295 1.418710 
3296 1.432172 
3297 1.632624 
3298 1.539405 
3299 1.590825 
3300 2.105022 
3301 2.260903 
3302 -0.462607 
3303 -0.757187 
3304 -0.844370 
3305 -1.176229 
3306 -1.825787 
3307 2.269439 
3308 0.280482 
3309 0.567441 
3310 2.460582 
3311 1.849252 
3312 0.918240 
3313 1.984383 
3314 1.608337 
3315 1.578983 
3316 1.804256 
3317 1.337074 
3318 1.406078 
3319 1.548216 
3320 1.603956 
3321 1.575358 
3322 1.506410 
3323 1.417848 
3324 1.670357 
3325 1.435334 
3326 1.558272 
3327 1.516668 
3328 1.552197 
3329 1.608732 
3330 1.555129 
3331 1.420231 
3332 1.549260 
3333 1.636792 
3334 1.435625 
3335 1.518867 
3336 1.728781 
3337 1.291435 
3338 1.902548 
3339 -1.260201 
3340 -1.742833 
3341 -1.525080 
3342 -1.676621 
3343 -1.806082 
3344 -2.044488 
3345 -2.143816 
3346 -1.653012 
3347 -0.965724 
3348 -1.087523 
3349 -0.932236 
3350 2.469050 
3351 1.460854 
3352 0.363294 
3353 1.895539 
3354 1.830092 
3355 1.677152 
3356 1.470516 
3357 1.649162 
3358 1.610648 
3359 1.386183 
3360 1.401828 
3361 1.640566 
3362 1.534625 
3363 1.577273 
3364 1.539316 
3365 1.439761 
3366 1.716365 
3367 1.469545 
3368 1.646833 
3369 1.610048 
3370 1.588606 
3371 1.338719 
3372 1.383661 
3373 1.576305 
3374 1.308824 
3375 1.860514 
3376 -1.433657 
3377 -1.747368 
3378 -1.486217 
3379 -1.770506 
3380 -1.574980 
3381 -1.537588 
3382 -1.919072 
3383 -1.536061 
3384 -1.918785 
3385 -1.847243 
3386 -1.973605 
3387 -0.918383 
3388 -2.277291 
3389 -2.282880 
3390 0.236467 
3391 0.468518 
3392 0.032656 
3393 1.685796 
3394 2.300476 
3395 1.352973 
3396 1.536712 
3397 1.430143 
3398 1.687593 
3399 1.537591 
3400 1.436925 
3401 1.519679 
3402 1.680071 
3403 1.534391 
3404 1.532135 
3405 1.521224 
3406 1.572877 
3407 1.566523 
3408 1.467048 
3409 1.449165 
3410 1.700350 
3411 1.648962 
3412 1.320457 
3413 -1.606702 
3414 -1.503116 
3415 -1.895555 
3416 -1.616791 
3417 -1.603703 
3418 -1.761260 
3419 -1.501309 
3420 -1.521856 
3421 -1.654030 
3422 -1.737956 
3423 -1.552259 
3424 -1.784208 
3425 -1.724384 
3426 -1.955944 
3427 -1.220883 
3428 -2.080597 
3429 -2.637854 
3430 -0.337606 
3431 -0.045357 
3432 -0.296320 
3433 2.223418 
3434 1.929160 
3435 1.172127 
3436 1.488909 
3437 1.469507 
3438 1.586231 
3439 1.630337 
3440 1.555518 
3441 1.759688 
3442 1.458429 
3443 1.377757 
3444 1.735263 
3445 1.399218 
3446 1.352589 
3447 1.698565 
3448 1.412520 
3449 1.424583 
3450 -1.705325 
3451 -1.728511 
3452 -1.642442 
3453 -1.580677 
3454 -1.600362 
3455 -1.596423 
3456 -1.521479 
3457 -1.854091 
3458 -1.571467 
3459 -1.466600 
3460 -1.557508 
3461 -1.689139 
3462 -1.573247 
3463 -1.659065 
3464 -1.768999 
3465 -1.891012 
3466 -1.741640 
3467 -1.249220 
3468 -2.125213 
3469 -2.580600 
3470 0.200145 
3471 -0.081654 
3472 -0.137945 
3473 1.788791 
3474 1.687253 
3475 1.957553 
3476 1.533198 
3477 1.525355 
3478 1.666413 
3479 1.403500 
3480 1.760321 
3481 1.759030 
3482 1.300491 
3483 1.315563 
3484 1.463890 
3485 1.367890 
3486 1.277534 
3487 -2.071469 
3488 -1.476458 
3489 -1.606919 
3490 -1.671593 
3491 -1.660567 
3492 -1.640766 
3493 -1.581202 
3494 -1.634294 
3495 -1.563016 
3496 -1.572726 
3497 -1.646272 
3498 -1.631289 
3499 -1.618633 
3500 -1.581285 
3501 -1.639735 
3502 -1.716806 
3503 -1.477651 
3504 -1.698556 
3505 -1.870054 
3506 -1.959051 
3507 -1.084392 
3508 -2.103579 
3509 -2.463252 
3510 0.603594 
3511 0.533876 
3512 0.127800 
3513 1.749035 
3514 1.803828 
3515 1.902978 
3516 1.482161 
3517 1.574487 
3518 1.644651 
3519 1.400769 
3520 1.440576 
3521 1.701978 
3522 1.576439 
3523 1.425882 
3524 -1.635222 
3525 -1.556659 
3526 -1.561875 
3527 -1.652406 
3528 -1.753375 
3529 -1.534956 
3530 -1.606171 
3531 -1.573879 
3532 -1.582892 
3533 -1.576350 
3534 -1.643085 
3535 -1.668622 
3536 -1.602328 
3537 -1.604946 
3538 -1.608142 
3539 -1.622443 
3540 -1.524251 
3541 -1.614414 
3542 -1.768311 
3543 -1.570338 
3544 -1.882295 
3545 -1.904130 
3546 -1.820250 
3547 -1.021743 
3548 -2.586913 
3549 -1.727971 
3550 0.208882 
3551 1.052449 
3552 0.653635 
3553 1.843907 
3554 1.789317 
3555 1.695679 
3556 1.485379 
3557 1.537181 
3558 1.610893 
3559 1.560960 
3560 1.108289 
3561 -1.849392 
3562 -1.757041 
3563 -1.614402 
3564 -1.618672 
3565 -1.514195 
3566 -1.845349 
3567 -1.441514 
3568 -1.564602 
3569 -1.582767 
3570 -1.661416 
3571 -1.645479 
3572 -1.636431 
3573 -1.595059 
3574 -1.692080 
3575 -1.491797 
3576 -1.526901 
3577 -1.636743 
3578 -1.590116 
3579 -1.671244 
3580 -1.593289 
3581 -1.692185 
3582 -1.699579 
3583 -1.486582 
3584 -1.970480 
3585 -1.980291 
3586 -1.753453 
3587 -0.847284 
3588 -2.182336 
3589 -1.432148 
3590 1.569106 
3591 1.343245 
3592 0.864212 
3593 1.723519 
3594 1.672469 
3595 1.788121 
3596 1.085190 
3597 1.005142 
3598 -2.058640 
3599 -1.930710 
3600 -1.621972 
3601 -1.537583 
3602 -1.529641 
3603 -1.774565 
3604 -1.734513 
3605 -1.555668 
3606 -1.481976 
3607 -1.693179 
3608 -1.644912 
3609 -1.551493 
3610 -1.619866 
3611 -1.587934 
3612 -1.533295 
3613 -1.774634 
3614 -1.511602 
3615 -1.661488 
3616 -1.708561 
3617 -1.547302 
3618 -1.586398 
3619 -1.640413 
3620 -1.556888 
3621 -1.460738 
3622 -1.763420 
3623 -1.756522 
3624 -2.001915 
3625 -1.984086 
3626 -1.794791 
3627 -0.953271 
3628 -1.698091 
3629 -1.052259 
3630 2.014386 
3631 1.710004 
3632 0.544644 
3633 0.995784 
3634 1.116657 
3635 -2.876548 
3636 -1.652911 
3637 -1.655543 
3638 -1.602055 
3639 -1.568959 
3640 -1.642968 
3641 -1.636975 
3642 -1.648993 
3643 -1.572052 
3644 -1.787623 
3645 -1.455444 
3646 -1.629808 
3647 -1.557576 
3648 -1.607204 
3649 -1.685299 
3650 -1.521534 
3651 -1.652861 
3652 -1.667282 
3653 -1.469437 
3654 -1.662630 
3655 -1.617771 
3656 -1.514173 
3657 -1.549355 
3658 -1.570574 
3659 -1.795736 
3660 -1.573794 
3661 -1.504013 
3662 -1.364699 
3663 -2.024102 
3664 -1.722538 
3665 -1.875686 
3666 -2.340688 
3667 -0.111434 
3668 -0.490607 
3669 -1.066605 
3670 1.891142 
3671 2.374622 
3672 -1.630286 
3673 -1.858069 
3674 -1.519431 
3675 -1.416903 
3676 -1.542428 
3677 -1.714580 
3678 -1.412338 
3679 -1.739818 
3680 -1.548747 
3681 -1.660133 
3682 -1.537698 
3683 -1.678934 
3684 -1.495153 
3685 -1.539946 
3686 -1.765666 
3687 -1.585474 
3688 -1.784549 
3689 -1.482773 
3690 -1.817324 
3691 -1.485351 
3692 -2.532856 
3693 -1.640628 
3694 -1.541690 
3695 0.689498 
3696 1.069166 
3697 1.573182 
3698 1.650586 
3699 1.778174 
3700 1.742091 
3701 1.441115 
3702 1.360897 
3703 1.589746 
3704 1.619289 
3705 1.504762 
3706 1.580571 
3707 1.405234 
3708 1.366319 
3709 1.654334 
3710 1.405242 
3711 1.683821 
3712 1.568833 
3713 1.532038 
3714 1.454238 
3715 1.564924 
3716 1.391923 
3717 1.635323 
3718 1.541004 
3719 1.486706 
3720 -0.366504 
3721 0.127603 
3722 2.228997 
3723 2.171878 
3724 0.717434 
3725 1.792249 
3726 1.760681 
3727 1.795179 
3728 1.553722 
3729 1.477782 
3730 1.697719 
3731 1.508162 
3732 1.693608 
3733 1.570211 
3734 1.525557 
3735 1.358205 
3736 1.731192 
3737 1.467328 
3738 1.533802 
3739 1.395443 
3740 1.592674 
3741 1.549178 
3742 1.384946 
3743 1.616881 
3744 1.585645 
3745 1.414509 
3746 1.560004 
3747 1.645233 
3748 1.565996 
3749 1.575273 
3750 1.567259 
3751 1.485118 
3752 1.501675 
3753 1.529857 
3754 1.575292 
3755 1.611583 
3756 2.271639 
3757 -1.676257 
3758 -1.559920 
3759 -0.955883 
3760 -1.412801 
3761 -1.943321 
3762 1.999696 
3763 0.791326 
3764 0.198596 
3765 2.245482 
3766 1.845836 
3767 1.119647 
3768 1.527758 
3769 1.304615 
3770 1.654317 
3771 1.682134 
3772 1.578298 
3773 1.489809 
3774 1.534206 
3775 1.504806 
3776 1.525364 
3777 1.484177 
3778 1.635998 
3779 1.525174 
3780 1.533343 
3781 1.461021 
3782 1.644679 
3783 1.529652 
3784 1.547794 
3785 1.586562 
3786 1.404120 
3787 1.611897 
3788 1.687349 
3789 1.355448 
3790 1.735440 
3791 1.400151 
3792 1.625650 
3793 1.399064 
3794 -1.741606 
3795 -1.457855 
3796 -1.743006 
3797 -1.868024 
3798 -1.761549 
3799 -1.550787 
3800 -2.560360 
3801 -1.809303 
3802 -0.403920 
3803 -1.270263 
3804 -1.266124 
3805 1.388729 
3806 2.266179 
3807 1.017519 
3808 1.085535 
3809 1.397214 
3810 1.449591 
3811 2.178080 
3812 1.635623 
3813 1.366367 
3814 1.570927 
3815 1.573521 
3816 1.665370 
3817 1.456157 
3818 1.437618 
3819 1.573793 
3820 1.503795 
3821 1.635197 
3822 1.451358 
3823 1.552817 
3824 1.560554 
3825 1.592345 
3826 1.490291 
3827 1.555919 
3828 1.479686 
3829 1.337404 
3830 1.324046 
3831 -1.986347 
3832 -1.491413 
3833 -1.766827 
3834 -1.528341 
3835 -1.677915 
3836 -1.651475 
3837 -1.603763 
3838 -1.796272 
3839 -1.576768 
3840 -2.071324 
3841 -2.040211 
3842 -1.495005 
3843 -1.215600 
3844 -3.037934 
3845 -0.916037 
3846 -0.990622 
3847 -0.187883 
3848 1.081872 
3849 1.635793 
3850 1.416474 
3851 2.042980 
3852 1.524697 
3853 1.440853 
3854 1.644735 
3855 1.515261 
3856 1.605935 
3857 1.492767 
3858 1.633855 
3859 1.449374 
3860 1.549981 
3861 1.626488 
3862 1.547779 
3863 1.422899 
3864 1.468936 
3865 1.666900 
3866 1.562177 
3867 1.457793 
3868 -1.603774 
3869 -1.659809 
3870 -1.544459 
3871 -1.615690 
3872 -1.556707 
3873 -1.669149 
3874 -1.590908 
3875 -1.669341 
3876 -1.581185 
3877 -1.629554 
3878 -1.787753 
3879 -1.495391 
3880 -1.643787 
3881 -2.292419 
3882 -1.391353 
3883 -1.432990 
3884 -3.129709 
3885 -0.999205 
3886 -0.324535 
3887 -0.521127 
3888 1.262463 
3889 1.256500 
3890 1.459085 
3891 2.183416 
3892 1.432725 
3893 1.338304 
3894 1.671259 
3895 1.689299 
3896 1.492770 
3897 1.599717 
3898 1.502221 
3899 1.549118 
3900 1.598422 
3901 1.488292 
3902 1.628946 
3903 1.480410 
3904 1.240541 
3905 -1.710943 
3906 -1.651889 
3907 -1.697595 
3908 -1.571439 
3909 -1.519249 
3910 -1.805020 
3911 -1.512791 
3912 -1.555873 
3913 -1.672062 
3914 -1.648291 
3915 -1.563077 
3916 -1.545804 
3917 -1.611998 
3918 -1.737377 
3919 -1.666480 
3920 -1.884317 
3921 -1.916954 
3922 -1.494646 
3923 -1.514274 
3924 -3.252421 
3925 -0.304047 
3926 -0.341971 
3927 -0.215279 
3928 1.401339 
3929 1.405268 
3930 1.522039 
3931 1.962791 
3932 1.265028 
3933 1.625417 
3934 1.578960 
3935 1.605145 
3936 1.704227 
3937 1.479893 
3938 1.354271 
3939 1.638654 
3940 1.235188 
3941 1.205508 
3942 -2.071616 
3943 -1.711000 
3944 -1.630005 
3945 -1.579186 
3946 -1.593709 
3947 -1.602750 
3948 -1.667618 
3949 -1.542691 
3950 -1.584911 
3951 -1.663856 
3952 -1.596459 
3953 -1.639274 
3954 -1.618634 
3955 -1.589878 
3956 -1.569384 
3957 -1.671187 
3958 -1.596298 
3959 -1.612115 
3960 -2.046084 
3961 -1.994479 
3962 -1.257450 
3963 -1.556315 
3964 -3.153306 
3965 0.275094 
3966 0.561325 
3967 0.209622 
3968 1.461191 
3969 1.521813 
3970 1.420851 
3971 1.820512 
3972 1.711935 
3973 1.576034 
3974 1.410210 
3975 1.472062 
3976 1.471845 
3977 1.506177 
3978 1.336582 
3979 -1.869689 
3980 -1.509686 
3981 -1.854541 
3982 -1.501973 
3983 -1.608555 
3984 -1.666127 
3985 -1.493285 
3986 -1.670458 
3987 -1.586994 
3988 -1.728119 
3989 -1.464146 
3990 -1.623825 
3991 -1.585281 
3992 -1.499159 
3993 -1.583238 
3994 -1.603359 
3995 -1.701636 
3996 -1.638139 
3997 -1.671600 
3998 -1.613771 
3999 -1.547452 
4000 -1.903128 
4001 -2.276703 
4002 -1.256978 
4003 -1.069676 
4004 -2.562076 
4005 1.177763 
4006 1.385918 
4007 0.928051 
4008 1.377506 
4009 1.728200 
4010 1.466166 
4011 1.617456 
4012 1.511939 
4013 1.693961 
4014 1.481890 
4015 1.462780 
4016 -1.566187 
4017 -1.655344 
4018 -1.644885 
4019 -1.559532 
4020 -1.536022 
4021 -1.559262 
4022 -1.808856 
4023 -1.517920 
4024 -1.541100 
4025 -1.587599 
4026 -1.745816 
4027 -1.594808 
4028 -1.598615 
4029 -1.576610 
4030 -1.610516 
4031 -1.675053 
4032 -1.454129 
4033 -1.613714 
4034 -1.885334 
4035 -1.490597 
4036 -1.801996 
4037 -1.526660 
4038 -1.744544 
4039 -1.475929 
4040 -2.212090 
4041 -2.370311 
4042 -0.699330 
4043 -0.781917 
4044 -1.918171 
4045 1.440065 
4046 1.487979 
4047 1.614655 
4048 1.463448 
4049 1.335279 
4050 1.576681 
4051 1.863750 
4052 0.968325 
4053 -1.798370 
4054 -1.847768 
4055 -1.639437 
4056 -1.522667 
4057 -1.595339 
4058 -1.375686 
4059 -1.910636 
4060 -1.592734 
4061 -1.680423 
4062 -1.547120 
4063 -1.646881 
4064 -1.652892 
4065 -1.558949 
4066 -1.642661 
4067 -1.589774 
4068 -1.617542 
4069 -1.583106 
4070 -1.630909 
4071 -1.661257 
4072 -1.605341 
4073 -1.536373 
4074 -1.627331 
4075 -1.686640 
4076 -1.506775 
4077 -1.637261 
4078 -1.997930 
4079 -1.415363 
4080 -2.380368 
4081 -2.270905 
4082 -0.695883 
4083 -0.453950 
4084 -1.757874 
4085 1.783385 
4086 1.741049 
4087 1.025347 
4088 0.797088 
4089 0.821470 
4090 -2.191946 
4091 -2.070460 
4092 -1.670781 
4093 -1.636939 
4094 -1.690529 
4095 -1.474536 
4096 -1.471205 
4097 -1.658201 
4098 -1.701673 
4099 -1.659346 
4100 -1.461175 
4101 -1.560217 
4102 -1.521179 
4103 -1.944772 
4104 -1.632126 
4105 -1.589684 
4106 -1.624431 
4107 -1.623428 
4108 -1.729096 
4109 -1.578555 
4110 -1.613009 
4111 -1.570527 
4112 -1.601044 
4113 -1.621171 
4114 -1.556130 
4115 -1.732765 
4116 -1.596923 
4117 -1.808146 
4118 -2.119268 
4119 -1.114402 
4120 -2.134915 
4121 -2.598566 
4122 -0.644666 
4123 -0.598862 
4124 -0.342648 
4125 0.412293 
4126 0.418334 
4127 -3.376033 
4128 -1.797918 
4129 -1.770564 
4130 -1.499558 
4131 -1.310789 
4132 -1.519737 
4133 -1.722314 
4134 -1.432441 
4135 -1.790721 
4136 -1.641728 
4137 -1.579022 
4138 -1.615039 
4139 -1.658513 
4140 -1.541786 
4141 -1.553323 
4142 -1.616717 
4143 -1.726105 
4144 -1.900144 
4145 -1.655008 
4146 -1.432650 
4147 -1.468847 
4148 -1.488507 
4149 -1.405922 
4150 -0.293116 
4151 2.730236 
4152 1.601869 
4153 1.594867 
4154 1.495581 
4155 1.468135 
4156 1.569510 
4157 1.532989 
4158 1.523401 
4159 1.539292 
4160 1.437678 
4161 1.565865 
4162 1.709817 
4163 1.364040 
4164 1.118397 
4165 1.498856 
4166 1.677295 
4167 1.801573 
4168 1.503296 
4169 1.502197 
4170 1.625563 
4171 1.580045 
4172 1.367284 
4173 1.556749 
4174 1.539214 
4175 1.654824 
4176 2.250313 
4177 0.674200 
4178 1.309590 
4179 1.626565 
4180 1.557064 
4181 1.791419 
4182 1.493325 
4183 1.272147 
4184 1.499804 
4185 1.515062 
4186 1.457776 
4187 1.691419 
4188 2.258633 
4189 2.265651 
4190 0.215166 
4191 0.486865 
4192 0.905297 
4193 1.480475 
4194 1.649968 
4195 1.982419 
4196 1.348328 
4197 1.688080 
4198 1.702829 
4199 1.391234 
4200 1.810986 
4201 1.741255 
4202 1.766789 
4203 -0.772168 
4204 -0.330626 
4205 0.603831 
4206 1.096961 
4207 3.071346 
4208 1.315066 
4209 1.482112 
4210 1.641780 
4211 1.725122 
4212 1.345584 
4213 1.554340 
4214 1.732709 
4215 1.518338 
4216 -2.825776 
4217 -1.825038 
4218 -0.793944 
4219 -0.207707 
4220 0.195800 
4221 0.835014 
4222 1.537185 
4223 2.706635 
4224 1.417575 
4225 1.376062 
4226 1.607236 
4227 1.715370 
4228 1.503487 
4229 -1.972193 
4230 -1.377572 
4231 -1.494618 
4232 -3.012085 
4233 -1.346350 
4234 -0.690122 
4235 0.836860 
4236 0.936070 
4237 1.920868 
4238 1.550485 
4239 1.566005 
4240 1.483011 
4241 1.247015 
4242 -1.813384 
4243 -1.691404 
4244 -1.901613 
4245 -1.511555 
4246 -1.576855 
4247 -1.506768 
4248 -0.619022 
4249 0.267358 
4250 2.380442 
4251 2.049472 
4252 1.422030 
4253 1.383577 
4254 1.478099 
4255 -1.965177 
4256 -1.822700 
4257 -1.737482 
4258 -1.478949 
4259 -1.405636 
4260 -2.602996 
4261 -1.972779 
4262 -0.783783 
4263 0.597654 
4264 1.332921 
4265 1.950493 
4266 1.563859 
4267 1.326490 
4268 -1.497557 
4269 -1.559623 
4270 -1.752647 
4271 -1.574745 
4272 -1.715474 
4273 -1.632768 
4274 -1.758462 
4275 -1.396927 
4276 -0.596305 
4277 0.718085 
4278 2.062228 
4279 2.262190 
4280 0.993668 
4281 -1.940157 
4282 -1.708916 
4283 -1.602980 
4284 -1.451097 
4285 -1.489640 
4286 -1.850920 
4287 -1.605568 
4288 -2.688510 
4289 -1.453618 
4290 -0.172086 
4291 1.463431 
4292 1.012883 
4293 1.054725 
4294 -2.053624 
4295 -1.870190 
4296 -1.576373 
4297 -1.584039 
4298 -1.513471 
4299 -1.782424 
4300 -2.113450 
4301 -1.997487 
4302 -1.584958 
4303 -0.452903 
4304 0.302863 
4305 0.703271 
4306 1.193587 
4307 -3.016012 
4308 -1.635219 
4309 -1.510635 
4310 -1.611285 
4311 -1.645687 
4312 -1.556486 
4313 -1.678604 
4314 -1.692148 
4315 -1.512500 
4316 -2.305785 
4317 -0.133898 
4318 0.983945 
4319 2.148350 
4320 1.237331 
4321 1.265941 
4322 1.609445 
4323 1.936294 
4324 1.666028 
4325 1.506603 
4326 1.492547 
4327 1.518510 
4328 1.566920 
4329 1.609229 
4330 1.526755 
4331 1.404644 
4332 1.872962 
4333 1.113041 
4334 1.328185 
4335 1.812239 
4336 1.437492 
4337 1.497933 
4338 1.605715 
4339 1.572554 
4340 1.379106 
4341 1.461712 
4342 1.668513 
4343 1.687987 
4344 2.275610 
4345 2.059619 
4346 0.243627 
4347 0.838363 
4348 1.091864 
4349 1.598109 
4350 1.672177 
4351 1.744912 
4352 1.487057 
4353 1.510828 
4354 1.642965 
4355 1.497430 
4356 1.926069 
4357 1.764526 
4358 1.650749 
4359 -0.492451 
4360 -0.113059 
4361 0.250105 
4362 1.999017 
4363 2.474606 
4364 1.351716 
4365 1.421578 
4366 1.733981 
4367 1.621163 
4368 1.238435 
4369 1.597062 
4370 1.352851 
4371 1.840970 
4372 -2.220708 
4373 -1.967001 
4374 -1.753813 
4375 -0.278495 
4376 0.443369 
4377 1.339760 
4378 2.066737 
4379 1.963619 
4380 1.456421 
4381 1.525959 
4382 1.525140 
4383 1.561240 
4384 2.004589 
4385 -1.450893 
4386 -1.469735 
4387 -1.399840 
4388 -2.264937 
4389 -1.107737 
4390 -0.343200 
4391 2.199078 
4392 1.408586 
4393 1.727805 
4394 1.556577 
4395 1.456434 
4396 1.445589 
4397 1.710481 
4398 -1.514818 
4399 -1.622598 
4400 -2.006799 
4401 -1.680439 
4402 -1.728398 
4403 -1.130280 
4404 -0.129862 
4405 0.792006 
4406 2.283731 
4407 2.093832 
4408 1.590589 
4409 1.343515 
4410 1.298512 
4411 -1.932220 
4412 -1.694370 
4413 -1.452137 
4414 -1.650756 
4415 -1.647585 
4416 -2.830508 
4417 -1.507212 
4418 -0.052311 
4419 1.219042 
4420 1.474435 
4421 1.859530 
4422 1.351572 
4423 1.445479 
4424 -1.585952 
4425 -1.561576 
4426 -1.742541 
4427 -1.544716 
4428 -1.870908 
4429 -1.909021 
4430 -1.697753 
4431 -0.935183 
4432 -0.101433 
4433 1.104237 
4434 2.170391 
4435 2.111214 
4436 1.168177 
4437 -1.672062 
4438 -1.701088 
4439 -1.807800 
4440 -1.502259 
4441 -1.640383 
4442 -1.634244 
4443 -1.601318 
4444 -2.347918 
4445 -0.991286 
4446 0.638397 
4447 2.043192 
4448 1.025301 
4449 1.141557 
4450 -2.019288 
4451 -1.950118 
4452 -1.504229 
4453 -1.933682 
4454 -1.455775 
4455 -1.547726 
4456 -1.916322 
4457 -2.332936 
4458 -1.341690 
4459 -0.344378 
4460 0.862777 
4461 1.384829 
4462 1.248936 
4463 -2.463470 
4464 -1.701920 
4465 -1.498359 
4466 -1.571379 
4467 -1.642515 
4468 -1.694129 
4469 -1.679383 
4470 -1.529359 
4471 -1.495803 
4472 -1.276853 
4473 -0.050470 
4474 1.631692 
4475 2.573127 
4476 -1.793591 
4477 -1.533991 
4478 -1.441532 
4479 -1.601781 
4480 -1.571031 
4481 -1.610104 
4482 -1.620500 
4483 -1.646636 
4484 -2.774036 
4485 -1.872936 
4486 -0.606493 
4487 0.154148 
4488 1.230229 
4489 1.580026 
4490 1.585797 
4491 1.741413 
4492 1.734636 
4493 1.612346 
4494 1.380073 
4495 1.422072 
4496 1.568164 
4497 1.503330 
4498 1.471861 
4499 1.596962 
4500 2.042069 
4501 1.952265 
4502 0.808908 
4503 1.035681 
4504 1.399395 
4505 1.634845 
4506 1.579004 
4507 1.541906 
4508 1.330014 
4509 1.429851 
4510 1.522688 
4511 1.864015 
4512 2.031227 
4513 1.712423 
4514 1.662698 
4515 0.005197 
4516 0.678091 
4517 1.365373 
4518 2.051773 
4519 1.834111 
4520 1.386847 
4521 1.604208 
4522 1.599119 
4523 1.527309 
4524 1.295347 
4525 1.302341 
4526 1.699711 
4527 1.701753 
4528 -2.763926 
4529 0.584511 
4530 -0.607736 
4531 1.716875 
4532 0.858666 
4533 1.638590 
4534 1.591159 
4535 1.908466 
4536 1.519224 
4537 1.496581 
4538 1.485956 
4539 1.675769 
4540 2.087290 
4541 -1.589833 
4542 -1.330337 
4543 -1.526839 
4544 -0.610144 
4545 -0.043349 
4546 2.303796 
4547 2.296934 
4548 1.452780 
4549 1.518337 
4550 1.470699 
4551 1.688020 
4552 1.614695 
4553 1.652126 
4554 -1.566280 
4555 -1.463847 
4556 -2.403008 
4557 -2.054036 
4558 -1.085908 
4559 0.415828 
4560 0.407807 
4561 1.173302 
4562 2.220388 
4563 1.897395 
4564 1.541263 
4565 1.553368 
4566 1.611186 
4567 -1.606200 
4568 -1.626563 
4569 -1.624134 
4570 -1.768411 
4571 -1.529375 
4572 -1.436804 
4573 -0.570905 
4574 0.975404 
4575 2.869186 
4576 1.733828 
4577 1.532216 
4578 1.492474 
4579 1.391105 
4580 -1.627831 
4581 -1.550229 
4582 -1.604448 
4583 -1.728661 
4584 -2.253672 
4585 -2.038267 
4586 -1.495252 
4587 -0.381027 
4588 0.823794 
4589 1.721065 
4590 1.940492 
4591 1.563522 
4592 1.160974 
4593 -1.576471 
4594 -1.696924 
4595 -1.874493 
4596 -1.565481 
4597 -1.679538 
4598 -1.625529 
4599 -1.637484 
4600 -1.660004 
4601 -0.120276 
4602 1.398534 
4603 2.521384 
4604 1.418985 
4605 1.163720 
4606 -1.831482 
4607 -1.873411 
4608 -1.666937 
4609 -1.538446 
4610 -1.680158 
4611 -1.549978 
4612 -2.504627 
4613 -2.109683 
4614 -1.016471 
4615 -0.159202 
4616 1.077430 
4617 1.305919 
4618 1.448255 
4619 -2.248464 
4620 -1.643949 
4621 -1.693475 
4622 -1.558331 
4623 -1.539983 
4624 -1.717096 
4625 -1.683642 
4626 -1.723933 
4627 -1.300462 
4628 -1.157595 
4629 0.617963 
4630 1.929581 
4631 2.302568 
4632 -1.569687 
4633 -1.531810 
4634 -1.607276 
4635 -1.655505 
4636 -1.747762 
4637 -1.691744 
4638 -1.453500 
4639 -1.553050 
4640 -3.016709 
4641 -1.580762 
4642 -0.184312 
4643 0.489613 
4644 0.853546 
4645 -1.856186 
4646 -1.766089 
4647 -1.730376 
4648 -1.420187 
4649 -1.608589 
4650 -1.711074 
4651 -1.748135 
4652 -2.122144 
4653 -1.864685 
4654 -1.625909 
4655 -0.635623 
4656 -0.137704 
4657 0.884816 
4658 2.281888 
4659 2.067701 
4660 1.217422 
4661 1.566346 
4662 1.592386 
4663 1.741466 
4664 1.612232 
4665 1.634072 
4666 1.472855 
4667 1.355023 
4668 1.775449 
4669 1.803813 
4670 1.710593 
4671 0.301598 
4672 0.750874 
4673 1.714818 
4674 1.699374 
4675 1.836025 
4676 1.559035 
4677 1.462873 
4678 1.566970 
4679 1.560808 
4680 1.257408 
4681 1.379770 
4682 1.792845 
4683 1.565240 
4684 -0.914303 
4685 -0.652106 
4686 0.974827 
4687 2.954840 
4688 1.300986 
4689 1.639004 
4690 1.675230 
4691 1.485031 
4692 1.714223 
4693 1.381251 
4694 1.449624 
4695 1.581973 
4696 2.886922 
4697 -1.289470 
4698 -1.043394 
4699 -0.673951 
4700 -0.051152 
4701 0.433267 
4702 1.804307 
4703 2.686860 
4704 1.557672 
4705 1.523640 
4706 1.632754 
4707 1.439785 
4708 1.412403 
4709 2.040100 
4710 -1.482305 
4711 -1.297751 
4712 -2.337818 
4713 -2.135769 
4714 -1.083972 
4715 0.863810 
4716 0.910791 
4717 1.587009 
4718 1.790627 
4719 1.687856 
4720 1.490887 
4721 1.427457 
4722 1.699085 
4723 -1.600188 
4724 -1.433121 
4725 -1.774509 
4726 -1.780827 
4727 -1.506103 
4728 -0.834548 
4729 -0.067437 
4730 1.584787 
4731 2.743398 
4732 1.780657 
4733 1.447217 
4734 1.473913 
4735 1.392040 
4736 -1.435902 
4737 -1.539706 
4738 -1.604457 
4739 -1.859818 
4740 -2.428615 
4741 -2.045730 
4742 -1.211382 
4743 0.217859 
4744 1.013008 
4745 1.744722 
4746 1.789107 
4747 1.514320 
4748 1.232419 
4749 -1.598809 
4750 -1.687424 
4751 -1.820607 
4752 -1.637127 
4753 -1.709074 
4754 -1.679258 
4755 -1.460017 
4756 -0.788814 
4757 0.524368 
4758 1.877809 
4759 2.477420 
4760 1.384796 
4761 1.274950 
4762 -1.911749 
4763 -1.649497 
4764 -1.511431 
4765 -1.547061 
4766 -1.599517 
4767 -1.732839 
4768 -2.722250 
4769 -1.848918 
4770 -0.456246 
4771 0.577726 
4772 1.039973 
4773 1.978982 
4774 1.248520 
4775 -1.859129 
4776 -1.593653 
4777 -1.647157 
4778 -1.499530 
4779 -1.703723 
4780 -1.794254 
4781 -1.834220 
4782 -1.606617 
4783 -1.189642 
4784 -0.457174 
4785 0.665786 
4786 2.716505 
4787 1.546146 
4788 -1.707001 
4789 -1.586049 
4790 -1.533696 
4791 -1.575278 
4792 -1.599051 
4793 -1.531732 
4794 -1.534350 
4795 -1.748589 
4796 -2.926797 
4797 -1.567422 
4798 0.084903 
4799 0.739861 
4800 0.982143 
4801 -1.828886 
4802 -1.761027 
4803 -1.723360 
4804 -1.584245 
4805 -1.643007 
4806 -1.628274 
4807 -1.629529 
4808 -1.886770 
4809 -2.073121 
4810 -1.656931 
4811 -0.547868 
4812 -0.030213 
4813 0.704671 
4814 -2.355529 
4815 -2.209248 
4816 -1.653603 
4817 -1.574006 
4818 -1.661633 
4819 -1.589311 
4820 -1.443838 
4821 -1.802000 
4822 -1.655429 
4823 -1.503808 
4824 -2.102246 
4825 -0.855649 
4826 0.759265 
4827 2.272935 
4828 1.523112 
4829 1.782402 
4830 1.512004 
4831 1.349558 
4832 1.639837 
4833 1.575331 
4834 1.372264 
4835 1.586064 
4836 1.394778 
4837 1.433773 
4838 1.626534 
4839 1.614761 
4840 0.031922 
4841 0.489195 
4842 1.920752 
4843 2.547885 
4844 1.507788 
4845 1.723293 
4846 1.472607 
4847 1.391813 
4848 1.492089 
4849 1.472688 
4850 1.505048 
4851 1.682010 
4852 3.340040 
4853 -0.917594 
4854 -0.363089 
4855 0.182833 
4856 0.619063 
4857 1.494889 
4858 1.787023 
4859 1.966878 
4860 1.750712 
4861 1.580087 
4862 1.456511 
4863 1.399589 
4864 1.617764 
4865 1.803987 
4866 -1.513907 
4867 -1.408937 
4868 -1.169780 
4869 -0.370823 
4870 1.018231 
4871 2.832554 
4872 1.568309 
4873 1.496424 
4874 1.403363 
4875 1.638349 
4876 1.556005 
4877 1.573467 
4878 1.415611 
4879 -1.693158 
4880 -2.001240 
4881 -1.752215 
4882 -1.720316 
4883 -1.179818 
4884 0.799156 
4885 1.150042 
4886 1.898358 
4887 2.097509 
4888 1.647315 
4889 1.357230 
4890 1.496483 
4891 1.626357 
4892 -1.579835 
4893 -1.578532 
4894 -1.684060 
4895 -1.660016 
4896 -2.686007 
4897 -1.468101 
4898 -0.026227 
4899 1.312839 
4900 1.535593 
4901 1.692557 
4902 1.344391 
4903 1.528666 
4904 1.192237 
4905 -1.674810 
4906 -1.602841 
4907 -1.859065 
4908 -1.852795 
4909 -1.816746 
4910 -1.688661 
4911 -1.166841 
4912 0.130650 
4913 1.386534 
4914 2.094812 
4915 1.922155 
4916 1.426809 
4917 1.379246 
4918 -1.754504 
4919 -1.699780 
4920 -1.429606 
4921 -1.559013 
4922 -1.684336 
4923 -1.750808 
4924 -2.657068 
4925 -0.991802 
4926 0.528868 
4927 1.654664 
4928 1.503788 
4929 1.682570 
4930 1.313563 
4931 -1.701775 
4932 -1.498270 
4933 -1.746865 
4934 -1.598610 
4935 -1.612163 
4936 -2.031433 
4937 -2.054542 
4938 -1.457944 
4939 -0.775414 
4940 0.295647 
4941 1.330120 
4942 1.912767 
4943 2.147384 
4944 -1.711926 
4945 -1.655767 
4946 -1.604455 
4947 -1.430076 
4948 -1.662610 
4949 -1.697373 
4950 -1.469235 
4951 -1.626728 
4952 -2.768912 
4953 -0.557241 
4954 0.642042 
4955 1.673882 
4956 1.092804 
4957 -1.798222 
4958 -1.681547 
4959 -1.664327 
4960 -1.627673 
4961 -1.608410 
4962 -1.582550 
4963 -1.565513 
4964 -2.176847 
4965 -2.040537 
4966 -1.446007 
4967 -0.358237 
4968 0.260797 
4969 0.743255 
4970 -2.209022 
4971 -2.262639 
4972 -1.672227 
4973 -1.688557 
4974 -1.456090 
4975 -1.605457 
4976 -1.540320 
4977 -1.760166 
4978 -1.586946 
4979 -1.546150 
4980 -1.211705 
4981 -0.644380 
4982 0.665697 
4983 -3.043034 
4984 -1.669295 
4985 -1.506776 
4986 -1.671900 
4987 -1.586415 
4988 -1.666018 
4989 -1.449820 
4990 -1.572962 
4991 -1.783791 
4992 -2.263033 
4993 -2.191113 
4994 -1.285624 
4995 -0.133104 
4996 1.089262 
4997 1.513437 
4998 1.716785 
4999 1.752675 
5000 1.552871 
5001 1.525646 
5002 1.512472 
5003 1.543445 
5004 1.602515 
5005 1.473178 
5006 1.430153 
5007 1.559391 
5008 2.218122 
5009 -0.092939 
5010 0.395236 
5011 2.246139 
5012 1.410520 
5013 1.413550 
5014 1.689361 
5015 1.590833 
5016 1.573539 
5017 1.524731 
5018 1.575218 
5019 1.461774 
5020 2.043175 
5021 2.180300 
5022 -1.140225 
5023 -0.425921 
5024 0.368301 
5025 0.941016 
5026 2.029294 
5027 2.232832 
5028 1.735506 
5029 1.513303 
5030 1.453414 
5031 1.384308 
5032 1.574626 
5033 1.443036 
5034 1.385568 
5035 -1.854294 
5036 -2.871249 
5037 -1.379800 
5038 -0.559692 
5039 0.886623 
5040 1.125734 
5041 1.767859 
5042 1.788828 
5043 1.419712 
5044 1.674278 
5045 1.475143 
5046 1.486009 
5047 1.494230 
5048 -1.691464 
5049 -1.776705 
5050 -1.461455 
5051 -1.547783 
5052 -1.161523 
5053 -0.168573 
5054 1.509690 
5055 2.688562 
5056 1.656408 
5057 1.533261 
5058 1.459567 
5059 1.504001 
5060 1.299703 
5061 -1.731660 
5062 -1.716490 
5063 -1.608585 
5064 -2.324438 
5065 -1.967351 
5066 -1.484063 
5067 -0.380667 
5068 0.719033 
5069 1.566390 
5070 1.891487 
5071 1.760130 
5072 1.427401 
5073 1.321555 
5074 -1.738372 
5075 -1.789898 
5076 -1.962934 
5077 -1.519178 
5078 -1.568100 
5079 -1.408156 
5080 -1.614867 
5081 -0.059947 
5082 1.593134 
5083 2.370809 
5084 1.692469 
5085 1.412239 
5086 1.191802 
5087 -1.866597 
5088 -1.557196 
5089 -1.554152 
5090 -1.614650 
5091 -1.720720 
5092 -2.238282 
5093 -2.259974 
5094 -1.133817 
5095 0.050807 
5096 1.169711 
5097 1.811105 
5098 1.716605 
5099 1.406012 
5100 -1.463211 
5101 -1.504255 
5102 -1.665745 
5103 -1.804038 
5104 -1.655477 
5105 -1.769765 
5106 -1.764447 
5107 -1.260303 
5108 -0.844363 
5109 0.525830 
5110 1.733176 
5111 2.545771 
5112 1.014909 
5113 -1.846355 
5114 -1.653323 
5115 -1.774316 
5116 -1.508050 
5117 -1.688003 
5118 -1.712391 
5119 -1.616058 
5120 -2.481174 
5121 -2.034998 
5122 -0.747877 
5123 0.801960 
5124 0.957561 
5125 0.977662 
5126 -2.263581 
5127 -1.858794 
5128 -1.610499 
5129 -1.601378 
5130 -1.592659 
5131 -1.665314 
5132 -1.673714 
5133 -1.701456 
5134 -1.885919 
5135 -1.174823 
5136 -0.608871 
5137 0.161086 
5138 1.159523 
5139 -3.172238 
5140 -1.522120 
5141 -1.601854 
5142 -1.631969 
5143 -1.658014 
5144 -1.650076 
5145 -1.576330 
5146 -1.496341 
5147 -1.703444 
5148 -2.626649 
5149 -1.856268 
5150 -0.963042 
5151 0.836426 
5152 -1.844170 
5153 -1.657119 
5154 -1.352288 
5155 -1.509722 
5156 -1.499641 
5157 -1.635498 
5158 -1.575582 
5159 -1.729093 
5160 -2.004650 
5161 -2.000149 
5162 -1.393436 
5163 -1.004355 
5164 -0.255942 
5165 1.236950 
5166 1.930877 
5167 2.172828 
5168 1.553114 
5169 1.571670 
5170 1.511814 
5171 1.427432 
5172 1.589889 
5173 1.389779 
5174 1.511719 
5175 1.632757 
5176 2.169154 
5177 2.203978 
5178 0.303782 
5179 0.508762 
5180 0.979011 
5181 1.506928 
5182 1.697151 
5183 1.815532 
5184 1.488623 
5185 1.457747 
5186 1.709943 
5187 1.511390 
5188 1.777744 
5189 1.836708 
5190 1.634052 
5191 -0.679541 
5192 0.140578 
5193 1.016343 
5194 1.909431 
5195 2.337193 
5196 1.717092 
5197 1.437214 
5198 1.312303 
5199 1.610733 
5200 1.343334 
5201 1.555220 
5202 1.462497 
5203 1.656666 
5204 -2.786569 
5205 -1.764048 
5206 0.553944 
5207 0.614053 
5208 0.943224 
5209 1.548407 
5210 2.053906 
5211 1.518159 
5212 1.589777 
5213 1.571196 
5214 1.529507 
5215 1.429269 
5216 2.426826 
5217 -1.398999 
5218 -1.338827 
5219 -1.027398 
5220 -2.290132 
5221 -0.348535 
5222 0.081144 
5223 2.279333 
5224 1.061005 
5225 1.573403 
5226 1.786723 
5227 1.670881 
5228 1.601642 
5229 1.875817 
5230 -1.313889 
5231 -1.484891 
5232 -2.423012 
5233 -2.099696 
5234 -1.017337 
5235 -0.588729 
5236 -0.002354 
5237 0.437624 
5238 2.013735 
5239 2.427373 
5240 1.811611 
5241 1.342219 
5242 1.561179 
5243 -1.471830 
5244 -1.322274 
5245 -1.718073 
5246 -1.911506 
5247 -1.538498 
5248 -0.786392 
5249 -0.487338 
5250 0.283331 
5251 3.178599 
5252 1.381686 
5253 1.777634 
5254 1.261900 
5255 1.632535 
5256 -1.582889 
5257 -1.571431 
5258 -1.465047 
5259 -1.823190 
5260 -2.811752 
5261 -1.766089 
5262 -0.760038 
5263 -0.247559 
5264 0.584796 
5265 1.057791 
5266 2.128479 
5267 1.976087 
5268 1.453477 
5269 -1.460946 
5270 -1.771782 
5271 -1.718230 
5272 -1.687401 
5273 -1.846778 
5274 -1.775135 
5275 -1.081951 
5276 -0.915203 
5277 -0.260408 
5278 1.325069 
5279 2.884941 
5280 1.543984 
5281 1.390095 
5282 -1.609209 
5283 -1.776909 
5284 -1.404689 
5285 -1.267642 
5286 -1.753849 
5287 -1.925873 
5288 -2.273808 
5289 -2.328794 
5290 -1.059256 
5291 -0.312737 
5292 0.964920 
5293 1.020885 
5294 1.553979 
5295 -2.466273 
5296 -1.483981 
5297 -1.197125 
5298 -1.661686 
5299 -2.033194 
5300 -1.932114 
5301 -1.756412 
5302 -1.665822 
5303 -1.017192 
5304 -1.616749 
5305 0.666095 
5306 1.736736 
5307 2.187098 
5308 -1.737082 
5309 -1.307087 
5310 -1.633228 
5311 -1.705360 
5312 -1.580877 
5313 -1.651751 
5314 -1.246469 
5315 -1.876678 
5316 -2.920428 
5317 -1.610910 
5318 -0.529891 
5319 0.536535 
5320 0.652719 
5321 -1.799406 
5322 -1.827722 
5323 -1.818594 
5324 -1.537881 
5325 -1.634482 
5326 -1.644358 
5327 -1.601451 
5328 -2.366663 
5329 -1.724212 
5330 -1.358773 
5331 -0.822575 
5332 -0.446321 
5333 0.540117 
5334 1.569800 
5335 2.837045 
5336 1.539361 
5337 1.425809 
5338 1.597543 
5339 1.526936 
5340 1.501791 
5341 1.395795 
5342 1.686831 
5343 1.553331 
5344 1.729945 
5345 1.807657 
5346 1.690804 
5347 0.564445 
5348 0.905001 
5349 1.337342 
5350 1.612657 
5351 2.125561 
5352 1.623525 
5353 1.354490 
5354 1.452159 
5355 1.711707 
5356 1.472502 
5357 1.448160 
5358 1.406547 
5359 1.753704 
5360 -0.075345 
5361 0.658860 
5362 1.505053 
5363 2.788543 
5364 1.900182 
5365 1.652714 
5366 1.234398 
5367 1.262880 
5368 1.397737 
5369 1.576809 
5370 1.634193 
5371 1.508930 
5372 3.130591 
5373 -0.925948 
5374 -0.216927 
5375 0.994619 
5376 1.364972 
5377 1.445205 
5378 1.754070 
5379 1.485886 
5380 1.360669 
5381 1.495612 
5382 1.685015 
5383 1.656413 
5384 1.810114 
5385 2.070091 
5386 -1.170821 
5387 -1.079616 
5388 -0.586511 
5389 -0.060457 
5390 1.731778 
5391 2.683712 
5392 1.605779 
5393 1.345752 
5394 1.521311 
5395 1.596146 
5396 1.473559 
5397 1.400028 
5398 1.862559 
5399 -1.449198 
5400 -2.705678 
5401 -1.854661 
5402 -1.013414 
5403 0.133067 
5404 1.239178 
5405 1.742460 
5406 1.494392 
5407 1.658040 
5408 1.521459 
5409 1.509536 
5410 1.407399 
5411 1.681967 
5412 -1.811884 
5413 -1.830490 
5414 -1.594736 
5415 -1.249643 
5416 -0.850494 
5417 0.380074 
5418 2.082691 
5419 2.261615 
5420 1.500623 
5421 1.621354 
5422 1.512202 
5423 1.490903 
5424 1.349054 
5425 -1.621865 
5426 -1.563695 
5427 -1.797398 
5428 -2.445530 
5429 -2.119081 
5430 -1.034023 
5431 0.007542 
5432 0.938026 
5433 1.625469 
5434 1.691707 
5435 1.751101 
5436 1.701319 
5437 1.769970 
5438 -1.407850 
5439 -1.410071 
5440 -1.453923 
5441 -1.828641 
5442 -1.821308 
5443 -1.310122 
5444 -0.725735 
5445 0.407143 
5446 1.768794 
5447 2.616125 
5448 1.855871 
5449 1.571693 
5450 1.231303 
5451 -1.504061 
5452 -1.507212 
5453 -1.343396 
5454 -1.499658 
5455 -2.016442 
5456 -2.661556 
5457 -1.831987 
5458 -0.819994 
5459 0.627038 
5460 1.225943 
5461 1.528185 
5462 1.648681 
5463 1.691374 
5464 -1.569417 
5465 -1.562124 
5466 -1.624582 
5467 -1.678529 
5468 -1.564649 
5469 -2.019454 
5470 -1.646833 
5471 -1.232789 
5472 -0.891866 
5473 0.510668 
5474 1.856808 
5475 2.471801 
5476 1.443885 
5477 -1.690104 
5478 -1.633499 
5479 -1.635334 
5480 -1.437287 
5481 -1.448996 
5482 -1.484949 
5483 -1.998854 
5484 -2.530145 
5485 -2.003301 
5486 -0.792013 
5487 0.907493 
5488 1.151442 
5489 0.901255 
5490 -2.067485 
5491 -1.964615 
5492 -1.588707 
5493 -1.290833 
5494 -1.425661 
5495 -2.053460 
5496 -2.173603 
5497 -1.862196 
5498 -1.317674 
5499 -0.813303 
5500 -0.059155 
5501 0.961737 
5502 1.484653 
5503 2.801663 
5504 1.416498 
5505 1.449905 
5506 1.504534 
5507 1.791709 
5508 1.309570 
5509 1.662055 
5510 1.547890 
5511 1.579440 
5512 1.515635 
5513 1.458647 
5514 1.602881 
5515 1.538081 
5516 1.623101 
5517 1.540845 
5518 1.593904 
5519 1.371456 
5520 1.430434 
5521 1.691992 
5522 1.568117 
5523 1.464033 
5524 1.611587 
5525 1.547107 
5526 1.416740 
5527 1.511268 
5528 2.211693 
5529 1.201020 
5530 1.114916 
5531 1.549796 
5532 1.436644 
5533 1.432240 
5534 1.854111 
5535 1.493397 
5536 1.086348 
5537 1.789948 
5538 1.666640 
5539 1.504731 
5540 1.739648 
5541 1.474402 
5542 1.385454 
5543 1.537603 
5544 1.527210 
5545 1.495601 
5546 1.505838 
5547 1.637141 
5548 1.542382 
5549 1.689977 
5550 1.411927 
5551 1.508257 
5552 1.547844 
5553 1.445780 
5554 1.376930 
5555 1.805914 
5556 1.563578 
5557 1.479682 
5558 1.587049 
5559 1.557048 
5560 1.539711 
5561 1.633570 
5562 1.561215 
5563 1.463601 
5564 2.255934 
5565 2.323865 
5566 0.028317 
5567 0.112520 
5568 1.261649 
5569 1.064715 
5570 1.167156 
5571 2.501326 
5572 0.926095 
5573 0.864157 
5574 1.985318 
5575 2.088497 
5576 1.289137 
5577 1.798787 
5578 1.484121 
5579 1.528287 
5580 1.711219 
5581 1.470195 
5582 1.465913 
5583 1.459565 
5584 1.588470 
5585 1.604444 
5586 1.460777 
5587 1.514160 
5588 1.490507 
5589 1.459994 
5590 1.670836 
5591 1.556559 
5592 1.583039 
5593 1.459658 
5594 1.587319 
5595 1.578582 
5596 1.590302 
5597 1.514702 
5598 1.607174 
5599 1.478956 
5600 1.723937 
5601 1.801155 
5602 1.785887 
5603 -0.694029 
5604 -3.057623 
5605 -0.342954 
5606 0.802052 
5607 0.792702 
5608 0.729905 
5609 0.737726 
5610 0.805110 
5611 2.993575 
5612 1.156590 
5613 1.244464 
5614 1.929700 
5615 1.806659 
5616 1.500584 
5617 1.601399 
5618 1.452193 
5619 1.622814 
5620 1.554362 
5621 1.519336 
5622 1.572854 
5623 1.538640 
5624 1.471811 
5625 1.424584 
5626 1.574754 
5627 1.687305 
5628 1.453613 
5629 1.613853 
5630 1.541494 
5631 1.589641 
5632 1.639015 
5633 1.535688 
5634 1.439370 
5635 1.559611 
5636 1.420713 
5637 1.528243 
5638 1.597605 
5639 1.547676 
5640 -1.944971 
5641 -1.957151 
5642 -1.367224 
5643 -1.657674 
5644 -2.809325 
5645 -1.071916 
5646 -1.243433 
5647 -1.224573 
5648 1.209368 
5649 0.142799 
5650 0.126302 
5651 2.916249 
5652 1.225141 
5653 1.407660 
5654 1.854300 
5655 1.630974 
5656 1.523271 
5657 1.713193 
5658 1.368523 
5659 1.489279 
5660 1.535019 
5661 1.523970 
5662 1.504905 
5663 1.588847 
5664 1.560716 
5665 1.394847 
5666 1.581767 
5667 1.572352 
5668 1.566997 
5669 1.471537 
5670 1.688656 
5671 1.411113 
5672 1.521302 
5673 1.528157 
5674 1.377035 
5675 1.686863 
5676 1.618893 
5677 -1.618150 
5678 -1.564017 
5679 -1.548044 
5680 -1.797190 
5681 -1.777875 
5682 -1.626691 
5683 -1.437808 
5684 -2.490592 
5685 -1.465080 
5686 -1.195319 
5687 -1.635636 
5688 0.669317 
5689 1.182060 
5690 0.901255 
5691 2.702804 
5692 1.427670 
5693 1.340818 
5694 1.821850 
5695 1.555364 
5696 1.761158 
5697 1.608472 
5698 1.383819 
5699 1.377998 
5700 1.606767 
5701 1.483665 
5702 1.438753 
5703 1.635257 
5704 1.601426 
5705 1.547982 
5706 1.560311 
5707 1.508841 
5708 1.725059 
5709 1.457116 
5710 1.457618 
5711 1.591733 
5712 1.578525 
5713 1.572218 
5714 -1.641533 
5715 -1.413329 
5716 -1.704892 
5717 -1.413261 
5718 -1.558390 
5719 -1.802959 
5720 -1.624797 
5721 -1.676054 
5722 -1.796913 
5723 -1.524337 
5724 -2.912564 
5725 -1.157029 
5726 -1.104204 
5727 -1.084559 
5728 1.517922 
5729 0.830462 
5730 0.845043 
5731 2.497623 
5732 1.539683 
5733 1.566301 
5734 1.556298 
5735 1.535137 
5736 1.344280 
5737 1.456922 
5738 1.610603 
5739 1.667480 
5740 1.476826 
5741 1.589415 
5742 1.444218 
5743 1.627871 
5744 1.611168 
5745 1.601227 
5746 1.405851 
5747 1.587566 
5748 1.504826 
5749 1.604916 
5750 1.500174 
5751 -1.579661 
5752 -1.685906 
5753 -1.580031 
5754 -1.533544 
5755 -1.611863 
5756 -1.658729 
5757 -1.557811 
5758 -1.502064 
5759 -1.783039 
5760 -1.751678 
5761 -1.809763 
5762 -1.443367 
5763 -1.623937 
5764 -2.755248 
5765 -0.982272 
5766 -1.362700 
5767 -1.349442 
5768 0.937858 
5769 0.258626 
5770 0.284127 
5771 2.994505 
5772 1.421607 
5773 1.399558 
5774 1.569823 
5775 1.805603 
5776 1.293868 
5777 1.643326 
5778 1.494059 
5779 1.694406 
5780 1.486429 
5781 1.671270 
5782 1.479738 
5783 1.511679 
5784 1.313014 
5785 1.334066 
5786 1.674845 
5787 1.768392 
5788 -1.635270 
5789 -1.538129 
5790 -1.704584 
5791 -1.583831 
5792 -1.536137 
5793 -1.554957 
5794 -1.641282 
5795 -1.679619 
5796 -1.433276 
5797 -1.655833 
5798 -1.667183 
5799 -1.740353 
5800 -1.764787 
5801 -1.768819 
5802 -1.572921 
5803 -1.513884 
5804 -2.878325 
5805 -1.373790 
5806 -1.050944 
5807 -0.956818 
5808 0.229621 
5809 1.293705 
5810 1.142975 
5811 2.649761 
5812 1.457097 
5813 0.698555 
5814 1.815211 
5815 1.990948 
5816 1.399983 
5817 1.644018 
5818 1.509119 
5819 1.531222 
5820 1.320624 
5821 1.516339 
5822 1.478984 
5823 1.755346 
5824 1.654753 
5825 -1.369022 
5826 -1.427081 
5827 -1.897595 
5828 -1.655960 
5829 -1.588402 
5830 -1.613709 
5831 -1.612866 
5832 -1.557193 
5833 -1.626130 
5834 -1.613587 
5835 -1.700244 
5836 -1.583605 
5837 -1.537934 
5838 -1.564621 
5839 -1.816858 
5840 -1.814418 
5841 -1.870939 
5842 -1.476606 
5843 -1.481019 
5844 -2.944472 
5845 -1.229337 
5846 -1.080275 
5847 -1.129433 
5848 0.521131 
5849 0.387898 
5850 0.168490 
5851 3.186672 
5852 1.182397 
5853 1.161492 
5854 2.090782 
5855 1.654047 
5856 1.421225 
5857 1.689620 
5858 1.590792 
5859 1.522909 
5860 1.679767 
5861 1.731022 
5862 -1.472922 
5863 -1.421817 
5864 -1.721803 
5865 -1.359164 
5866 -1.422414 
5867 -1.935564 
5868 -1.586749 
5869 -1.428847 
5870 -1.756915 
5871 -1.692536 
5872 -1.639441 
5873 -1.628475 
5874 -1.628626 
5875 -1.549947 
5876 -1.630351 
5877 -1.550483 
5878 -1.533377 
5879 -1.822372 
5880 -1.618889 
5881 -1.839565 
5882 -1.573014 
5883 -1.557408 
5884 -2.756642 
5885 -1.409330 
5886 -1.429599 
5887 -1.112237 
5888 0.063803 
5889 1.300719 
5890 0.898846 
5891 2.752778 
5892 1.503136 
5893 1.414527 
5894 1.796295 
5895 1.402045 
5896 1.349430 
5897 1.420826 
5898 1.229933 
5899 -2.096790 
5900 -1.590409 
5901 -1.787953 
5902 -1.566360 
5903 -1.514922 
5904 -1.768946 
5905 -1.476603 
5906 -1.518698 
5907 -1.694461 
5908 -1.562771 
5909 -1.452649 
5910 -1.834525 
5911 -1.572342 
5912 -1.455177 
5913 -2.031104 
5914 -1.394406 
5915 -1.467643 
5916 -1.866850 
5917 -1.415854 
5918 -1.502403 
5919 -1.642208 
5920 -1.828013 
5921 -1.808697 
5922 -1.463205 
5923 -1.574645 
5924 -2.887772 
5925 -1.079875 
5926 -1.146266 
5927 -1.056193 
5928 1.478494 
5929 0.261547 
5930 0.189157 
5931 2.782847 
5932 1.603220 
5933 1.405941 
5934 1.520178 
5935 1.555945 
5936 -1.514380 
5937 -1.444309 
5938 -1.702860 
5939 -1.734010 
5940 -1.583072 
5941 -1.606189 
5942 -1.559069 
5943 -1.614579 
5944 -1.426383 
5945 -1.571768 
5946 -1.710565 
5947 -1.707669 
5948 -1.609201 
5949 -1.558150 
5950 -1.648434 
5951 -1.532527 
5952 -2.027830 
5953 -1.917394 
5954 -1.154241 
5955 -1.380231 
5956 -0.159488 
5957 -0.244292 
5958 2.178240 
5959 2.231292 
5960 2.097753 
5961 2.323491 
