39 1
0 -0.268857 
1 0.128969 
2 0.014546 
3 -0.247902 
4 0.015370 
5 0.056416 
6 -0.007612 
7 0.432103 
8 -0.360938 
9 -0.393434 
10 0.404674 
11 0.431064 
12 0.211194 
13 -0.362720 
14 0.140337 
15 -0.247971 
16 0.197362 
17 -0.418802 
18 0.408083 
19 -0.335242 
20 0.151018 
21 -0.429748 
22 -0.262226 
23 0.451744 
24 0.323545 
25 -0.425733 
26 -0.295972 
27 0.468683 
28 0.494549 
29 0.088928 
30 -0.140592 
31 0.086567 
32 -0.268857 
33 0.128969 
34 0.014546 
35 -0.247902 
36 0.015370 
37 0.056416 
38 -0.007612 
