39 1
0 0.495589 
1 0.002002 
2 -0.183819 
3 -0.099305 
4 -0.077538 
5 -0.248356 
6 0.442558 
7 0.119829 
8 -0.390523 
9 -0.138938 
10 0.227523 
11 -0.492470 
12 -0.000069 
13 -0.380198 
14 0.276203 
15 -0.258089 
16 -0.362047 
17 -0.171070 
18 0.148320 
19 0.239459 
20 0.234727 
21 -0.266037 
22 -0.473945 
23 -0.232674 
24 -0.247017 
25 -0.269629 
26 0.447150 
27 -0.381103 
28 -0.316507 
29 0.470755 
30 -0.110237 
31 0.177643 
32 0.495589 
33 0.002002 
34 -0.183819 
35 -0.099305 
36 -0.077538 
37 -0.248356 
38 0.442558 
