1446 1
0 2.924670 
1 0.379340 
2 -1.200770 
3 -0.735791 
4 -0.390504 
5 -2.365401 
6 1.495451 
7 0.903754 
8 -0.288213 
9 -1.695378 
10 -1.755209 
11 1.599193 
12 -0.438809 
13 -1.770744 
14 -1.120313 
15 -1.372354 
16 -1.784999 
17 -0.440722 
18 0.423556 
19 -1.781530 
20 -0.080029 
21 -0.273548 
22 -1.773325 
23 -1.921028 
24 2.015929 
25 0.694347 
26 -2.348451 
27 0.316110 
28 -0.566713 
29 -1.081682 
30 -2.177944 
31 -0.421829 
32 -0.062319 
33 -1.170959 
34 -1.998601 
35 -0.826060 
36 1.862089 
37 2.162272 
38 -1.613708 
39 -0.608327 
40 -1.821422 
41 0.079256 
42 -0.705543 
43 -1.263717 
44 -0.016403 
45 -1.394341 
46 -2.188107 
47 -0.760023 
48 1.549215 
49 -1.620207 
50 -0.590223 
51 0.305618 
52 2.001304 
53 -2.416229 
54 0.603825 
55 0.475803 
56 -2.044969 
57 -0.895459 
58 0.709536 
59 1.927776 
60 0.137948 
61 1.764416 
62 -2.370165 
63 0.159373 
64 -0.636583 
65 -1.364010 
66 -0.478496 
67 -1.922813 
68 -0.588796 
69 -2.263129 
70 0.022567 
71 -1.268152 
72 0.588357 
73 1.084831 
74 -2.638710 
75 1.264505 
76 -0.825651 
77 2.016427 
78 -0.932952 
79 -1.957235 
80 2.002164 
81 -2.193135 
82 1.020697 
83 -0.155369 
84 2.389005 
85 0.162145 
86 -1.248139 
87 -0.667286 
88 -0.802109 
89 -2.110104 
90 2.029050 
91 -0.354263 
92 -0.632049 
93 -1.185160 
94 -1.428631 
95 -0.975942 
96 -2.415777 
97 -0.336350 
98 -1.022857 
99 0.643270 
100 0.061413 
101 -0.586274 
102 -2.432384 
103 0.329004 
104 0.173669 
105 -0.091012 
106 -2.114208 
107 -1.550945 
108 -0.198567 
109 2.231024 
110 -1.974319 
111 0.318341 
112 -1.719819 
113 -0.025038 
114 -2.091112 
115 0.127260 
116 -1.524833 
117 -1.591554 
118 -0.656420 
119 -0.608407 
120 1.035868 
121 -0.983974 
122 -0.961821 
123 -2.150159 
124 -1.902922 
125 1.665890 
126 -0.250239 
127 -1.189931 
128 1.776592 
129 0.379642 
130 1.685941 
131 -1.942291 
132 -1.109742 
133 -1.328699 
134 -0.645220 
135 -1.326456 
136 1.201848 
137 -2.241073 
138 -0.730006 
139 -0.965513 
140 -1.844968 
141 0.392705 
142 -1.530676 
143 -0.757902 
144 -2.071835 
145 0.849501 
146 -1.013443 
147 -1.332265 
148 -0.274758 
149 -1.915191 
150 -0.682722 
151 -0.528877 
152 0.950223 
153 -1.791184 
154 1.346740 
155 2.344927 
156 -0.109599 
157 -0.336179 
158 2.757878 
159 -1.718534 
160 -0.554858 
161 -1.963091 
162 2.501505 
163 0.560800 
164 -1.720422 
165 1.737795 
166 -1.510427 
167 0.903489 
168 2.841842 
169 0.341442 
170 -0.168251 
171 -1.694870 
172 -1.377768 
173 -0.707142 
174 0.007276 
175 -2.086622 
176 -2.610940 
177 -0.548498 
178 -0.082643 
179 -0.139891 
180 -1.619924 
181 0.249180 
182 1.677743 
183 -1.785350 
184 -0.913230 
185 -1.712411 
186 -1.622440 
187 0.063575 
188 0.123084 
189 0.439903 
190 -1.088354 
191 -2.670805 
192 -1.635216 
193 0.230850 
194 0.466289 
195 2.471555 
196 -1.509280 
197 1.443978 
198 -0.954395 
199 2.755444 
200 0.019334 
201 -2.254980 
202 -1.388391 
203 -0.463629 
204 -0.961374 
205 0.353830 
206 -1.280501 
207 3.126455 
208 -0.891675 
209 1.024080 
210 -1.770191 
211 -1.761556 
212 -1.910367 
213 -1.223462 
214 -1.128755 
215 -0.150396 
216 -1.673860 
217 -0.257604 
218 -0.917346 
219 -1.633297 
220 -2.341556 
221 1.158643 
222 -1.121815 
223 1.645380 
224 0.049626 
225 -1.456357 
226 0.428917 
227 -1.703821 
228 -0.946175 
229 -1.667199 
230 -1.100272 
231 -1.151156 
232 1.220577 
233 -1.214800 
234 -1.052542 
235 -1.695372 
236 2.307669 
237 1.764124 
238 -0.401118 
239 -1.716181 
240 -2.195903 
241 -1.149372 
242 0.430723 
243 1.599312 
244 -1.218347 
245 1.046505 
246 -1.135546 
247 -0.561674 
248 -1.068843 
249 -1.652439 
250 -0.275667 
251 -1.568601 
252 -1.902083 
253 -1.540194 
254 0.737441 
255 -0.799262 
256 -2.463689 
257 -0.559867 
258 0.518890 
259 1.923855 
260 -2.187468 
261 -0.751134 
262 -0.788311 
263 0.678708 
264 -1.049949 
265 -0.631229 
266 -0.572904 
267 -1.767232 
268 2.188833 
269 -0.085925 
270 -1.931394 
271 1.316300 
272 1.557500 
273 -0.591685 
274 -1.371654 
275 -1.537121 
276 -2.400629 
277 -0.148870 
278 -0.640661 
279 1.066146 
280 0.026748 
281 1.483553 
282 -0.539597 
283 -2.299988 
284 1.936041 
285 -2.012148 
286 1.924603 
287 0.338381 
288 -1.512680 
289 -0.207837 
290 -1.727618 
291 -0.748043 
292 -0.873010 
293 1.661611 
294 -2.117503 
295 -0.943733 
296 -1.653630 
297 -0.971811 
298 -0.656547 
299 -1.432677 
300 1.556017 
301 -0.768241 
302 -1.610906 
303 -1.062164 
304 1.835772 
305 0.903746 
306 -2.492908 
307 -1.169343 
308 -1.708807 
309 0.273108 
310 -1.344209 
311 1.444803 
312 1.560664 
313 1.052905 
314 -1.390130 
315 -1.274216 
316 1.867116 
317 0.260504 
318 -1.670006 
319 -1.366728 
320 -0.641050 
321 1.289879 
322 -2.470737 
323 -0.212579 
324 -0.046806 
325 -0.850354 
326 -1.516278 
327 -1.972767 
328 -1.273482 
329 -1.962322 
330 -0.388189 
331 1.600213 
332 2.530648 
333 -0.472493 
334 2.119097 
335 -0.308126 
336 -1.924358 
337 -0.553863 
338 0.549158 
339 -1.773803 
340 -1.180583 
341 -1.138543 
342 1.801588 
343 -1.622549 
344 -0.857050 
345 0.575250 
346 -1.815202 
347 -1.430748 
348 -0.459740 
349 -2.258560 
350 -1.096045 
351 -0.200427 
352 -1.591744 
353 1.024491 
354 -1.764684 
355 1.667993 
356 1.660782 
357 -2.516148 
358 0.123476 
359 0.305845 
360 1.097463 
361 -2.002914 
362 2.278358 
363 0.293371 
364 -1.139613 
365 -1.461311 
366 0.707145 
367 2.393714 
368 0.693586 
369 2.234058 
370 -2.245142 
371 1.319630 
372 -0.445210 
373 -1.260261 
374 -1.700848 
375 2.188381 
376 0.371854 
377 1.443243 
378 -1.822827 
379 -1.044833 
380 -0.877320 
381 -1.113408 
382 -0.292056 
383 -2.100825 
384 1.418903 
385 -1.330269 
386 -1.403437 
387 -1.388062 
388 0.635327 
389 -0.244271 
390 -2.026189 
391 -1.729001 
392 -1.162450 
393 1.353700 
394 0.935813 
395 -2.066538 
396 -2.300210 
397 -1.011695 
398 0.734315 
399 1.266972 
400 -1.567300 
401 -1.675419 
402 -0.067193 
403 -1.027013 
404 -0.963427 
405 -1.967755 
406 -0.910735 
407 -0.691131 
408 1.202156 
409 0.051601 
410 -2.412130 
411 -0.464042 
412 -1.353771 
413 1.295936 
414 -1.264727 
415 -1.577316 
416 -1.390408 
417 -1.841383 
418 0.586473 
419 2.026670 
420 -1.312495 
421 -1.335725 
422 1.015555 
423 -1.712060 
424 -1.152724 
425 -1.030652 
426 -0.697848 
427 -1.630104 
428 0.891060 
429 -1.839231 
430 -0.850681 
431 -1.502229 
432 1.687605 
433 1.962528 
434 -2.183649 
435 -0.164848 
436 -1.310726 
437 -0.808748 
438 0.106499 
439 -2.066563 
440 -0.771897 
441 1.137804 
442 -1.204955 
443 -1.961463 
444 -1.795382 
445 -0.123191 
446 -0.026441 
447 -1.730637 
448 -1.471861 
449 -1.700357 
450 -1.019798 
451 -0.590212 
452 -1.348615 
453 -0.780449 
454 -1.815024 
455 -0.838670 
456 1.027490 
457 -1.493693 
458 -2.179704 
459 -0.389343 
460 -1.455064 
461 0.892434 
462 -1.249983 
463 2.080892 
464 -1.148042 
465 -1.193230 
466 -1.693513 
467 -0.631709 
468 -1.810083 
469 1.190432 
470 2.107814 
471 -0.532743 
472 -1.340760 
473 -0.201130 
474 1.279884 
475 -1.758134 
476 -0.993985 
477 -0.514322 
478 -1.048914 
479 -1.499908 
480 -1.169969 
481 -0.539556 
482 -1.692914 
483 -1.304825 
484 -1.261145 
485 0.095136 
486 -1.111500 
487 -1.882137 
488 -0.906195 
489 1.539783 
490 -1.664327 
491 -1.649158 
492 -1.181351 
493 -2.062331 
494 1.379610 
495 -0.390763 
496 -1.728413 
497 0.286395 
498 -0.470676 
499 -1.786615 
500 -1.387564 
501 1.547386 
502 -1.754387 
503 1.894672 
504 -1.952768 
505 -1.627914 
506 0.972682 
507 -0.251795 
508 1.452005 
509 -1.873693 
510 2.236582 
511 1.706942 
512 -1.956816 
513 -1.474303 
514 -0.162397 
515 -0.557749 
516 0.467610 
517 -1.093412 
518 0.565815 
519 -2.554324 
520 -1.914663 
521 -1.104375 
522 -1.635962 
523 0.393524 
524 0.687056 
525 -1.966775 
526 -1.587827 
527 0.010955 
528 1.881389 
529 -1.500813 
530 2.773603 
531 0.965427 
532 -1.305544 
533 -0.528369 
534 -1.626734 
535 2.242154 
536 0.545007 
537 -1.601101 
538 -2.217530 
539 0.699084 
540 -2.258860 
541 -1.142957 
542 -0.883908 
543 0.788659 
544 -1.866301 
545 -1.302992 
546 -1.220597 
547 0.896017 
548 -0.578180 
549 -1.709638 
550 1.815823 
551 -1.069156 
552 -1.021357 
553 -1.302889 
554 -1.924219 
555 1.056193 
556 -0.526340 
557 1.129730 
558 -1.586193 
559 -2.000581 
560 -1.601541 
561 -1.193957 
562 0.809976 
563 -1.423448 
564 -1.490889 
565 -1.525136 
566 -1.044704 
567 -0.923918 
568 -1.562173 
569 2.485965 
570 1.021397 
571 -0.221534 
572 0.671562 
573 2.544190 
574 -1.242467 
575 1.881087 
576 -1.232949 
577 -2.155805 
578 1.486312 
579 -0.542019 
580 -1.842290 
581 -1.435971 
582 -0.442398 
583 1.522360 
584 -1.850950 
585 0.019214 
586 -1.812621 
587 -0.673296 
588 0.701664 
589 -1.708056 
590 -0.291729 
591 2.319768 
592 -0.556363 
593 0.678780 
594 -1.832237 
595 -1.655437 
596 -1.484092 
597 -1.601331 
598 1.440108 
599 -0.742763 
600 -1.784077 
601 -1.809783 
602 0.971318 
603 -0.993549 
604 -1.294431 
605 -2.282865 
606 -0.535097 
607 0.107500 
608 -1.124804 
609 -0.617210 
610 -1.639777 
611 -1.352319 
612 -1.016107 
613 -1.097571 
614 -1.649515 
615 -1.091790 
616 -1.965135 
617 -0.654852 
618 0.188129 
619 -1.372402 
620 -1.082848 
621 1.305977 
622 -1.605946 
623 -0.169995 
624 -0.152256 
625 -1.901424 
626 -0.800463 
627 -1.440947 
628 -1.144166 
629 -2.395569 
630 -0.554633 
631 0.257765 
632 -1.907924 
633 -1.537076 
634 0.530622 
635 -0.748798 
636 -2.803840 
637 0.303421 
638 -0.563345 
639 0.408582 
640 -0.234326 
641 -2.506477 
642 1.676314 
643 -0.501023 
644 -0.025851 
645 -2.799769 
646 0.709687 
647 -0.729765 
648 0.159143 
649 0.265891 
650 -2.030732 
651 -1.968718 
652 -1.665002 
653 -0.133922 
654 -0.971680 
655 -1.487346 
656 2.458422 
657 -1.158148 
658 2.607524 
659 1.353571 
660 2.453662 
661 0.381777 
662 -1.849983 
663 -1.211158 
664 1.409104 
665 -0.534615 
666 -0.363139 
667 -2.531239 
668 0.237279 
669 -0.570792 
670 -0.503102 
671 -1.932186 
672 -1.602791 
673 0.560624 
674 -2.009217 
675 -0.447376 
676 2.836057 
677 0.116915 
678 -1.591112 
679 -1.002118 
680 0.762080 
681 -1.970329 
682 0.081294 
683 -1.827133 
684 -2.396325 
685 -0.408435 
686 -1.079680 
687 -0.104172 
688 0.549123 
689 0.864431 
690 0.802826 
691 3.862342 
692 -1.624457 
693 -0.267294 
694 -1.468537 
695 -0.923489 
696 -0.688860 
697 -0.311384 
698 -2.684516 
699 0.354418 
700 -0.753349 
701 -1.119256 
702 -0.168623 
703 -2.187055 
704 -0.701575 
705 -2.619035 
706 -0.522920 
707 1.309909 
708 0.569695 
709 -1.278891 
710 -2.606041 
711 0.909818 
712 -0.272042 
713 -1.046754 
714 -2.682070 
715 0.506861 
716 -1.674500 
717 -0.349896 
718 -1.847617 
719 1.111956 
720 -2.895736 
721 -0.909191 
722 0.464775 
723 0.190646 
724 0.332505 
725 2.017232 
726 -0.900875 
727 -2.132945 
728 -1.500248 
729 -1.187264 
730 -1.290150 
731 -0.092619 
732 -0.515755 
733 1.074189 
734 -0.976815 
735 -2.413255 
736 0.312576 
737 -1.119900 
738 -2.782757 
739 0.268420 
740 -0.253162 
741 1.081977 
742 -1.576600 
743 -1.931803 
744 -0.284621 
745 -1.098598 
746 -2.273058 
747 -0.952163 
748 -1.089893 
749 -1.571231 
750 2.028384 
751 -0.850563 
752 -1.218295 
753 0.227759 
754 -1.899786 
755 -1.207150 
756 -2.512262 
757 -1.055807 
758 0.012564 
759 0.476764 
760 -2.150805 
761 0.335974 
762 -1.154406 
763 -0.900719 
764 -1.231206 
765 2.498906 
766 -1.665912 
767 -0.404702 
768 -2.107082 
769 2.340249 
770 -0.469929 
771 0.454110 
772 0.709643 
773 -1.440073 
774 -0.517391 
775 -1.971108 
776 0.421507 
777 0.936774 
778 -2.066894 
779 -1.271807 
780 -1.506163 
781 -0.869749 
782 -1.791922 
783 0.381076 
784 1.893447 
785 -0.832332 
786 -1.002324 
787 3.227317 
788 0.754898 
789 1.282815 
790 -2.659241 
791 -0.644878 
792 -2.558967 
793 1.306131 
794 -0.555363 
795 -0.096544 
796 1.961036 
797 1.042495 
798 2.087447 
799 -2.017682 
800 0.290563 
801 -0.605948 
802 -2.542382 
803 -0.689176 
804 -2.527575 
805 -0.945853 
806 0.966656 
807 0.201104 
808 2.661373 
809 0.157992 
810 2.022487 
811 1.672733 
812 0.399996 
813 -2.400928 
814 -1.014011 
815 1.817145 
816 1.044039 
817 0.857743 
818 1.226723 
819 -2.713310 
820 0.724774 
821 -0.282941 
822 -2.179300 
823 -1.425958 
824 -1.059667 
825 -2.410592 
826 -0.290464 
827 0.791514 
828 -1.926901 
829 -1.099916 
830 -0.810320 
831 -0.868133 
832 0.450241 
833 -2.748488 
834 -0.033219 
835 -0.980859 
836 1.471532 
837 -2.697119 
838 1.721654 
839 -0.035010 
840 -0.835303 
841 -0.594284 
842 -2.499138 
843 0.858816 
844 -0.101341 
845 -1.991976 
846 1.805535 
847 2.362608 
848 -1.227791 
849 -0.972559 
850 -0.736617 
851 -1.817240 
852 -1.739900 
853 -1.644862 
854 -0.428524 
855 -0.492199 
856 -0.178436 
857 2.589060 
858 2.335598 
859 -1.516734 
860 -1.210785 
861 -0.178666 
862 1.272695 
863 -2.312531 
864 -1.757015 
865 0.725474 
866 -1.704691 
867 -0.815890 
868 -0.469495 
869 -1.843168 
870 -1.962578 
871 0.734954 
872 -0.115454 
873 -2.025336 
874 0.999733 
875 -1.612281 
876 -0.599168 
877 -2.095796 
878 2.156152 
879 -0.401176 
880 -0.414517 
881 -0.919552 
882 -0.967046 
883 -2.195482 
884 -2.602515 
885 -0.404073 
886 0.144309 
887 -0.874022 
888 -2.654537 
889 0.838708 
890 0.675530 
891 -1.162059 
892 -2.856139 
893 -0.298233 
894 1.418870 
895 0.545584 
896 -1.118208 
897 -1.044998 
898 -1.040961 
899 -1.452185 
900 0.463891 
901 -2.973958 
902 -0.822005 
903 0.038057 
904 -0.893463 
905 0.460532 
906 -1.208858 
907 -2.200728 
908 -2.387547 
909 -1.518461 
910 0.546326 
911 0.989301 
912 -0.736574 
913 -0.162686 
914 -2.041721 
915 -1.327881 
916 0.971513 
917 -1.270419 
918 -1.675451 
919 2.057203 
920 0.302545 
921 1.521137 
922 -0.068211 
923 -2.951959 
924 -2.818454 
925 -0.835289 
926 0.000805 
927 1.011991 
928 0.016703 
929 -1.777097 
930 -1.648503 
931 -0.710920 
932 -0.085786 
933 -2.558824 
934 -0.828134 
935 1.337991 
936 -1.697600 
937 0.733570 
938 -0.872935 
939 -1.587885 
940 3.563857 
941 0.669674 
942 1.238729 
943 -1.558755 
944 2.299233 
945 -1.690919 
946 -0.611240 
947 -0.015973 
948 -0.685627 
949 -1.366080 
950 -1.871384 
951 -0.822662 
952 -1.949525 
953 -1.761505 
954 0.015033 
955 -0.199989 
956 2.625121 
957 -2.217795 
958 0.272425 
959 0.769057 
960 -1.634282 
961 0.078157 
962 -2.365622 
963 -0.372035 
964 -0.676318 
965 -0.757815 
966 -2.235518 
967 -0.824970 
968 -0.471600 
969 -0.062630 
970 2.293474 
971 -2.159689 
972 -1.061461 
973 -0.456054 
974 -0.208874 
975 -2.534204 
976 2.786121 
977 -0.518280 
978 -2.148638 
979 -1.104915 
980 0.436286 
981 -0.490681 
982 -3.242867 
983 0.821548 
984 -2.251289 
985 -0.851382 
986 -0.986077 
987 1.345312 
988 -0.603131 
989 -1.299176 
990 -1.324919 
991 -1.117930 
992 -0.299128 
993 -0.852231 
994 -1.310879 
995 -2.053319 
996 -0.685853 
997 -2.633671 
998 1.724352 
999 -0.034216 
1000 -1.635133 
1001 -1.842993 
1002 -0.478193 
1003 -0.244959 
1004 0.294490 
1005 -0.434790 
1006 2.744802 
1007 -2.067678 
1008 -1.881210 
1009 -0.333498 
1010 0.294160 
1011 -1.902161 
1012 0.595797 
1013 0.058877 
1014 -2.862392 
1015 -0.996022 
1016 -0.235545 
1017 2.100726 
1018 1.189030 
1019 -1.432553 
1020 -0.554926 
1021 -2.384795 
1022 -1.094969 
1023 1.100926 
1024 -1.032180 
1025 -2.209301 
1026 2.013901 
1027 1.058294 
1028 -1.929544 
1029 0.954870 
1030 -1.508010 
1031 -0.994772 
1032 -1.031087 
1033 -0.977416 
1034 -1.507990 
1035 -1.213862 
1036 2.440777 
1037 2.754900 
1038 -0.414131 
1039 1.466758 
1040 1.644377 
1041 -1.252246 
1042 2.084306 
1043 -1.322811 
1044 -0.257099 
1045 -1.938799 
1046 -1.770230 
1047 -0.013570 
1048 0.715742 
1049 -1.944804 
1050 -1.897815 
1051 0.119640 
1052 -0.234168 
1053 -0.261563 
1054 2.944246 
1055 -1.458729 
1056 1.496135 
1057 0.518735 
1058 -1.186836 
1059 -2.246632 
1060 -0.469879 
1061 -1.430234 
1062 2.672654 
1063 -1.055628 
1064 -1.917071 
1065 -1.109394 
1066 -1.296418 
1067 -0.128271 
1068 -1.576168 
1069 -0.209796 
1070 -1.010412 
1071 -1.546793 
1072 -1.379451 
1073 0.205434 
1074 -1.907495 
1075 -1.235618 
1076 -1.543112 
1077 -1.538725 
1078 -1.221023 
1079 1.664086 
1080 -0.521520 
1081 -1.077762 
1082 -2.293458 
1083 1.107776 
1084 -1.450860 
1085 0.202663 
1086 -0.891856 
1087 -1.974651 
1088 -1.532547 
1089 2.600535 
1090 -1.147627 
1091 1.595313 
1092 1.372369 
1093 -2.877712 
1094 -0.000522 
1095 0.746799 
1096 -0.616950 
1097 3.218887 
1098 1.222425 
1099 0.521209 
1100 -1.860151 
1101 0.936528 
1102 -1.844030 
1103 0.738780 
1104 -0.089361 
1105 -0.682742 
1106 3.037627 
1107 0.357540 
1108 1.054104 
1109 0.500852 
1110 -2.161301 
1111 -1.683523 
1112 0.501130 
1113 -2.234014 
1114 -1.495820 
1115 1.256689 
1116 1.704661 
1117 -1.815013 
1118 -1.061176 
1119 -1.209379 
1120 -1.328216 
1121 -1.090926 
1122 0.763088 
1123 -1.678835 
1124 0.860304 
1125 -2.418136 
1126 1.490608 
1127 -1.070156 
1128 -1.716146 
1129 0.169214 
1130 -1.586471 
1131 2.097406 
1132 1.714229 
1133 -1.698630 
1134 -1.266647 
1135 -1.305717 
1136 2.094372 
1137 -1.933249 
1138 -0.833524 
1139 -0.976753 
1140 -1.264809 
1141 -1.837668 
1142 0.149051 
1143 -1.411850 
1144 -1.175467 
1145 0.950221 
1146 -2.522856 
1147 0.242414 
1148 -1.664304 
1149 -1.148175 
1150 -0.960764 
1151 -1.256130 
1152 -1.930655 
1153 -0.601387 
1154 -0.585421 
1155 -1.400226 
1156 -0.486495 
1157 -0.596967 
1158 -2.689842 
1159 0.830815 
1160 -0.844638 
1161 -1.132422 
1162 1.422761 
1163 -1.947962 
1164 -2.024132 
1165 1.357728 
1166 1.162717 
1167 2.709620 
1168 0.241849 
1169 1.494829 
1170 -1.134441 
1171 -2.453616 
1172 0.858090 
1173 -2.221443 
1174 -1.682830 
1175 0.463697 
1176 1.801966 
1177 -2.192088 
1178 0.847452 
1179 2.339157 
1180 2.110867 
1181 -0.291336 
1182 -1.584329 
1183 -0.870234 
1184 0.575962 
1185 -2.225713 
1186 -1.635904 
1187 0.145142 
1188 1.287638 
1189 0.430505 
1190 0.100872 
1191 -2.912043 
1192 -1.199544 
1193 0.480051 
1194 1.469016 
1195 -2.365085 
1196 -1.513032 
1197 -0.049189 
1198 -0.550646 
1199 -2.064177 
1200 -2.656311 
1201 -0.145220 
1202 -0.597607 
1203 1.226006 
1204 -2.078814 
1205 1.346401 
1206 -1.448166 
1207 0.891015 
1208 -2.562308 
1209 -0.732881 
1210 0.416067 
1211 -0.666733 
1212 -2.669757 
1213 -0.424210 
1214 -0.310425 
1215 1.300134 
1216 0.216105 
1217 -1.438878 
1218 2.483554 
1219 -1.785437 
1220 0.057203 
1221 -1.628057 
1222 -1.668701 
1223 -1.375030 
1224 -0.428162 
1225 -2.038836 
1226 -1.270318 
1227 2.156271 
1228 -0.512845 
1229 1.262754 
1230 1.137393 
1231 -2.716146 
1232 1.160785 
1233 -0.287344 
1234 -0.168429 
1235 -2.886659 
1236 0.246684 
1237 -2.983377 
1238 -0.271622 
1239 1.528241 
1240 -0.232259 
1241 -0.175559 
1242 -0.667780 
1243 -2.723678 
1244 -0.202742 
1245 0.521947 
1246 0.757642 
1247 -3.150687 
1248 0.320547 
1249 1.142772 
1250 -2.449323 
1251 -1.300190 
1252 0.108739 
1253 -2.394667 
1254 2.128919 
1255 -0.660507 
1256 0.151635 
1257 2.338962 
1258 0.721936 
1259 -2.696239 
1260 -2.263309 
1261 -1.351386 
1262 1.028768 
1263 -0.600805 
1264 -2.791661 
1265 -0.231526 
1266 1.347420 
1267 -0.148819 
1268 -2.304853 
1269 0.157386 
1270 -1.557148 
1271 1.227185 
1272 1.162252 
1273 3.069980 
1274 -1.031515 
1275 -0.607275 
1276 -2.090020 
1277 1.723283 
1278 0.584715 
1279 -1.603424 
1280 -0.112093 
1281 -1.181631 
1282 -0.587979 
1283 -2.311641 
1284 -0.688545 
1285 -0.083609 
1286 -2.849090 
1287 0.042276 
1288 2.606791 
1289 -1.602133 
1290 -0.799944 
1291 -0.902557 
1292 -0.790492 
1293 2.535926 
1294 1.143388 
1295 -1.358687 
1296 -2.738006 
1297 -0.332884 
1298 0.946404 
1299 1.522604 
1300 0.267925 
1301 -0.454255 
1302 -2.343471 
1303 -1.172528 
1304 0.269075 
1305 -0.408471 
1306 -1.925032 
1307 -1.646807 
1308 0.382401 
1309 -1.107033 
1310 -1.167713 
1311 -2.124035 
1312 -1.870915 
1313 -1.600776 
1314 1.152959 
1315 -0.564627 
1316 1.037944 
1317 1.845905 
1318 -1.699691 
1319 -1.287455 
1320 -0.935575 
1321 -0.476528 
1322 2.063477 
1323 -1.420229 
1324 0.431653 
1325 2.665747 
1326 2.554407 
1327 -0.528773 
1328 0.542928 
1329 -2.392472 
1330 -0.542306 
1331 -1.191883 
1332 0.733972 
1333 -1.872422 
1334 -1.902147 
1335 -0.391808 
1336 -0.484796 
1337 -0.735914 
1338 -1.971286 
1339 -1.407039 
1340 -1.099059 
1341 -0.824440 
1342 -0.603253 
1343 -1.856382 
1344 -1.198885 
1345 -2.146281 
1346 0.756049 
1347 -1.193217 
1348 1.478182 
1349 2.869988 
1350 -2.402880 
1351 -0.054790 
1352 0.470372 
1353 -2.385488 
1354 -0.638277 
1355 -1.246124 
1356 -1.110139 
1357 -2.575339 
1358 1.100640 
1359 0.460281 
1360 -2.132437 
1361 -1.696885 
1362 0.681607 
1363 0.385515 
1364 -1.914107 
1365 -0.503051 
1366 -1.706320 
1367 -0.204505 
1368 -0.158301 
1369 0.249333 
1370 -3.209060 
1371 0.435418 
1372 -1.204416 
1373 -1.759517 
1374 -0.929113 
1375 -0.466560 
1376 -1.854867 
1377 0.411651 
1378 0.850262 
1379 -1.941417 
1380 -1.915918 
1381 -0.508947 
1382 1.777605 
1383 -1.539738 
1384 -0.251781 
1385 -1.971429 
1386 -1.413187 
1387 -0.704884 
1388 2.086781 
1389 -1.561295 
1390 -1.780116 
1391 0.825455 
1392 0.369236 
1393 -0.923460 
1394 0.325433 
1395 -2.838717 
1396 0.902194 
1397 -0.876438 
1398 -2.428157 
1399 -0.744692 
1400 -0.038238 
1401 0.499226 
1402 -0.752290 
1403 -2.932589 
1404 -2.534245 
1405 -0.311383 
1406 0.715239 
1407 -1.254428 
1408 0.050020 
1409 -2.067176 
1410 -0.804388 
1411 -1.429578 
1412 -1.676925 
1413 -0.346347 
1414 -1.169574 
1415 -1.314989 
1416 -0.309930 
1417 -2.104016 
1418 1.819810 
1419 -1.102255 
1420 0.415204 
1421 0.548652 
1422 -1.642507 
1423 -2.165241 
1424 -1.959251 
1425 0.440642 
1426 0.328116 
1427 -1.840082 
1428 2.536841 
1429 -0.776904 
1430 -1.933055 
1431 0.891222 
1432 2.064159 
1433 1.702885 
1434 -1.968294 
1435 -0.918438 
1436 -1.621394 
1437 -1.464697 
1438 -1.078467 
1439 1.175081 
1440 -0.863853 
1441 -1.130716 
1442 -1.076673 
1443 1.643705 
1444 -2.738273 
1445 0.392325 
