1446 1
0 -0.485335 
1 -0.335370 
2 0.084284 
3 0.271319 
4 -0.240801 
5 -0.045973 
6 -0.019166 
7 -0.011684 
8 -0.337715 
9 -0.302927 
10 -0.473856 
11 0.370009 
12 -0.045973 
13 -0.045973 
14 -0.335370 
15 -0.191642 
16 0.169678 
17 -0.263868 
18 -0.045973 
19 -0.302927 
20 0.417646 
21 0.450382 
22 -0.302927 
23 -0.377520 
24 0.370009 
25 0.276000 
26 0.449209 
27 -0.312532 
28 -0.167764 
29 -0.234999 
30 0.258243 
31 -0.011684 
32 -0.167764 
33 0.101234 
34 -0.239007 
35 -0.238993 
36 0.281842 
37 -0.349058 
38 -0.159199 
39 -0.493614 
40 -0.261779 
41 -0.335370 
42 -0.335370 
43 0.212480 
44 0.280286 
45 0.282216 
46 0.452428 
47 -0.154753 
48 -0.159199 
49 -0.380548 
50 0.260577 
51 -0.159199 
52 0.205665 
53 0.285212 
54 0.116581 
55 -0.194332 
56 -0.045973 
57 0.280286 
58 0.260577 
59 0.413593 
60 0.384984 
61 -0.303568 
62 -0.165825 
63 -0.167764 
64 0.169678 
65 0.258243 
66 -0.009116 
67 0.200060 
68 0.260577 
69 0.169678 
70 0.040069 
71 0.308902 
72 -0.238993 
73 0.417825 
74 -0.159199 
75 -0.194332 
76 -0.004184 
77 0.370009 
78 0.183630 
79 0.308902 
80 0.413593 
81 -0.108066 
82 -0.172895 
83 -0.165825 
84 0.274396 
85 -0.194332 
86 -0.159199 
87 -0.392849 
88 0.012261 
89 0.417646 
90 -0.485335 
91 -0.159199 
92 -0.101841 
93 0.280286 
94 -0.238993 
95 -0.101841 
96 0.417646 
97 -0.465815 
98 -0.445424 
99 -0.317289 
100 0.108519 
101 -0.011188 
102 0.217357 
103 0.371011 
104 0.230185 
105 0.221825 
106 -0.011188 
107 -0.067793 
108 0.222435 
109 0.413593 
110 0.066996 
111 0.076517 
112 -0.204027 
113 0.417825 
114 -0.296427 
115 0.499293 
116 -0.159199 
117 -0.416584 
118 -0.062075 
119 -0.222065 
120 0.355192 
121 -0.101841 
122 -0.238993 
123 0.416739 
124 0.452428 
125 0.453104 
126 -0.173758 
127 0.012261 
128 -0.303568 
129 -0.312532 
130 -0.226328 
131 0.116581 
132 -0.300866 
133 -0.067793 
134 0.479347 
135 -0.045973 
136 0.416964 
137 -0.212359 
138 0.363026 
139 -0.238993 
140 -0.004184 
141 0.417825 
142 -0.035083 
143 0.426197 
144 0.258243 
145 -0.165825 
146 0.200060 
147 0.373110 
148 0.129069 
149 0.380623 
150 -0.186441 
151 0.453104 
152 0.129069 
153 -0.101841 
154 -0.445424 
155 0.437733 
156 0.419671 
157 -0.101841 
158 0.310530 
159 -0.162868 
160 0.052548 
161 -0.178818 
162 0.398685 
163 0.012261 
164 -0.167764 
165 0.116581 
166 -0.149767 
167 0.086259 
168 -0.428809 
169 0.360897 
170 -0.073166 
171 0.160278 
172 0.308902 
173 -0.049888 
174 0.499293 
175 -0.126082 
176 -0.032473 
177 0.335913 
178 -0.271192 
179 0.040069 
180 -0.367702 
181 -0.165825 
182 -0.019166 
183 -0.032473 
184 0.108519 
185 -0.402055 
186 0.040069 
187 0.453104 
188 0.052548 
189 -0.485335 
190 0.259141 
191 0.417646 
192 -0.067793 
193 0.108519 
194 0.360897 
195 0.229481 
196 -0.443802 
197 -0.335370 
198 -0.335370 
199 -0.087915 
200 0.416964 
201 -0.416584 
202 -0.303008 
203 0.499293 
204 0.271319 
205 -0.073166 
206 -0.335370 
207 0.116581 
208 -0.074006 
209 -0.025639 
210 -0.337715 
211 0.397440 
212 0.336397 
213 -0.211469 
214 -0.032473 
215 0.057698 
216 0.037860 
217 0.052548 
218 0.205665 
219 0.086259 
220 0.282216 
221 0.260577 
222 -0.154753 
223 -0.194332 
224 0.169678 
225 0.333050 
226 0.212480 
227 -0.222065 
228 0.499293 
229 -0.314683 
230 -0.209166 
231 -0.073166 
232 0.398685 
233 -0.165825 
234 -0.163770 
235 -0.416584 
236 0.451075 
237 0.147979 
238 -0.128056 
239 -0.009116 
240 0.252003 
241 -0.234999 
242 0.322387 
243 0.310530 
244 -0.303568 
245 -0.019166 
246 -0.179132 
247 -0.457728 
248 0.098376 
249 0.200060 
250 0.147979 
251 -0.004184 
252 -0.165825 
253 -0.222065 
254 0.040772 
255 -0.377485 
256 -0.045973 
257 0.452428 
258 0.212480 
259 0.351733 
260 0.452428 
261 -0.302927 
262 0.214662 
263 0.437733 
264 -0.348594 
265 -0.009116 
266 -0.209166 
267 -0.473856 
268 0.416964 
269 0.416964 
270 0.322387 
271 0.415600 
272 0.031128 
273 0.371011 
274 -0.371751 
275 0.108519 
276 0.310530 
277 -0.099992 
278 0.271639 
279 0.308902 
280 0.169678 
281 -0.131496 
282 0.426197 
283 0.452428 
284 0.310530 
285 0.417646 
286 0.281842 
287 0.169678 
288 0.086259 
289 -0.303568 
290 0.037860 
291 0.308902 
292 0.243785 
293 -0.249826 
294 0.452428 
295 -0.165825 
296 -0.179110 
297 -0.049888 
298 0.205665 
299 -0.467308 
300 -0.291029 
301 0.433838 
302 0.116581 
303 0.438560 
304 -0.045973 
305 -0.163770 
306 0.006399 
307 -0.202323 
308 0.259141 
309 -0.207192 
310 0.242412 
311 0.437733 
312 -0.011388 
313 -0.222065 
314 0.116581 
315 -0.000489 
316 -0.442656 
317 -0.179132 
318 -0.457173 
319 0.232545 
320 -0.238993 
321 0.012261 
322 0.452428 
323 -0.194332 
324 -0.019166 
325 0.355192 
326 -0.001342 
327 0.259141 
328 0.481442 
329 -0.032473 
330 -0.442333 
331 -0.194332 
332 0.348594 
333 -0.306859 
334 0.021347 
335 -0.485335 
336 -0.302927 
337 0.397598 
338 0.393099 
339 0.433838 
340 -0.135559 
341 -0.269451 
342 -0.450181 
343 -0.419935 
344 -0.019166 
345 -0.162868 
346 -0.234999 
347 0.449209 
348 0.231191 
349 0.452428 
350 0.200060 
351 -0.194332 
352 0.050206 
353 0.397476 
354 0.212652 
355 0.090598 
356 0.212652 
357 -0.154753 
358 -0.241821 
359 -0.234999 
360 -0.465194 
361 0.461479 
362 -0.091315 
363 0.308902 
364 -0.371751 
365 0.373110 
366 -0.126082 
367 -0.464969 
368 0.260577 
369 0.281842 
370 -0.140655 
371 0.280286 
372 0.271319 
373 0.232545 
374 -0.283190 
375 -0.444378 
376 0.160278 
377 0.271319 
378 0.260577 
379 -0.302927 
380 0.417646 
381 0.468949 
382 0.101234 
383 0.416147 
384 -0.305217 
385 0.288916 
386 -0.035083 
387 -0.004184 
388 0.160278 
389 0.166948 
390 -0.017222 
391 -0.168888 
392 0.232545 
393 -0.445424 
394 0.160278 
395 0.037860 
396 0.449209 
397 0.450382 
398 0.310530 
399 0.470357 
400 0.166948 
401 0.416147 
402 0.355192 
403 0.183630 
404 -0.199047 
405 -0.019533 
406 0.243785 
407 -0.178818 
408 0.398685 
409 -0.074006 
410 0.156472 
411 -0.211783 
412 -0.167764 
413 -0.230600 
414 0.479347 
415 -0.101841 
416 -0.302927 
417 -0.165825 
418 -0.230600 
419 -0.203999 
420 0.413593 
421 -0.348594 
422 0.232545 
423 0.464062 
424 -0.067793 
425 -0.178818 
426 0.259146 
427 -0.154753 
428 0.155806 
429 -0.019533 
430 -0.009116 
431 -0.249826 
432 -0.035083 
433 0.416147 
434 0.122208 
435 -0.230600 
436 -0.380548 
437 -0.167764 
438 0.200060 
439 0.339298 
440 0.260577 
441 0.379058 
442 0.363026 
443 0.355192 
444 0.449209 
445 -0.322351 
446 -0.179132 
447 -0.019533 
448 -0.173758 
449 0.416147 
450 0.333095 
451 0.086259 
452 0.416739 
453 0.479347 
454 -0.319491 
455 -0.348594 
456 -0.321707 
457 0.370009 
458 0.461479 
459 -0.251152 
460 -0.203999 
461 0.415600 
462 0.310530 
463 -0.011388 
464 -0.178818 
465 0.422180 
466 -0.457173 
467 -0.035083 
468 0.132771 
469 -0.498649 
470 -0.314683 
471 0.479347 
472 0.413593 
473 -0.199047 
474 0.066996 
475 -0.467308 
476 -0.169586 
477 0.397476 
478 0.012261 
479 0.288120 
480 -0.471557 
481 -0.414848 
482 0.286410 
483 -0.084339 
484 -0.017222 
485 -0.204737 
486 0.373110 
487 -0.211783 
488 0.068545 
489 -0.042769 
490 0.169678 
491 -0.025639 
492 0.101234 
493 0.267567 
494 0.304061 
495 0.345711 
496 -0.306505 
497 -0.101841 
498 -0.105652 
499 0.417646 
500 -0.179132 
501 0.229481 
502 -0.248426 
503 -0.074006 
504 0.282216 
505 0.456287 
506 0.415600 
507 -0.062075 
508 -0.136029 
509 0.258243 
510 0.280286 
511 0.021347 
512 -0.457173 
513 -0.399927 
514 0.212480 
515 0.345711 
516 0.108519 
517 0.381686 
518 -0.271192 
519 0.384984 
520 0.037860 
521 0.212480 
522 -0.222065 
523 -0.221909 
524 0.271319 
525 0.384984 
526 0.461479 
527 0.021347 
528 -0.163770 
529 -0.032473 
530 0.397476 
531 0.018381 
532 0.381686 
533 0.232545 
534 0.012261 
535 0.393099 
536 -0.163770 
537 0.354456 
538 0.228837 
539 0.214662 
540 0.384984 
541 -0.367702 
542 -0.108183 
543 -0.163782 
544 0.310530 
545 -0.429878 
546 0.345711 
547 -0.443802 
548 -0.163782 
549 0.461479 
550 0.451075 
551 0.232545 
552 0.380623 
553 -0.199047 
554 0.363026 
555 -0.241795 
556 0.116581 
557 -0.346542 
558 0.132771 
559 -0.249826 
560 0.461479 
561 0.122208 
562 0.413593 
563 -0.115613 
564 -0.035083 
565 0.259141 
566 -0.163770 
567 0.217357 
568 0.413593 
569 -0.366904 
570 0.275284 
571 0.336319 
572 0.356759 
573 0.274396 
574 -0.011684 
575 0.413593 
576 0.327833 
577 -0.271192 
578 0.229481 
579 -0.306859 
580 0.393099 
581 0.450382 
582 0.022860 
583 -0.349058 
584 0.472001 
585 0.308902 
586 0.254898 
587 0.043570 
588 0.031128 
589 -0.306859 
590 0.243785 
591 0.351733 
592 -0.179132 
593 0.243785 
594 -0.035083 
595 -0.026332 
596 0.228837 
597 0.271319 
598 0.212480 
599 0.132771 
600 -0.457173 
601 -0.305002 
602 0.416147 
603 -0.241821 
604 -0.163770 
605 -0.016739 
606 0.243785 
607 -0.377485 
608 0.397598 
609 -0.306859 
610 0.327833 
611 -0.192836 
612 -0.074006 
613 -0.473856 
614 0.438560 
615 -0.016739 
616 0.045812 
617 0.243785 
618 0.260577 
619 0.242412 
620 0.333095 
621 0.280286 
622 0.101234 
623 -0.050927 
624 0.405349 
625 0.006399 
626 -0.249826 
627 0.461479 
628 0.398685 
629 0.243785 
630 0.380623 
631 -0.017222 
632 0.242412 
633 -0.163770 
634 0.310530 
635 -0.473856 
636 -0.314683 
637 -0.165181 
638 -0.050207 
639 -0.101841 
640 -0.004184 
641 0.417825 
642 0.031128 
643 0.127926 
644 -0.213297 
645 -0.330820 
646 -0.241795 
647 0.110186 
648 0.453104 
649 0.250916 
650 0.232545 
651 -0.194657 
652 -0.457173 
653 -0.145398 
654 0.232545 
655 0.072382 
656 0.419749 
657 -0.168798 
658 0.416147 
659 0.116581 
660 0.018381 
661 0.472935 
662 -0.188877 
663 -0.036817 
664 0.018381 
665 0.288120 
666 0.380623 
667 -0.411371 
668 -0.074006 
669 0.101234 
670 -0.019533 
671 0.280286 
672 -0.441521 
673 -0.296427 
674 -0.441521 
675 -0.377520 
676 0.397116 
677 0.304061 
678 -0.238993 
679 -0.199047 
680 0.419671 
681 0.417825 
682 0.345711 
683 -0.163770 
684 -0.140655 
685 0.405349 
686 0.228837 
687 -0.314683 
688 -0.042769 
689 -0.035083 
690 0.232545 
691 0.112924 
692 -0.319491 
693 -0.485335 
694 -0.450181 
695 -0.002347 
696 0.304061 
697 -0.457728 
698 0.271319 
699 0.232545 
700 0.393099 
701 0.232545 
702 0.091282 
703 0.177968 
704 -0.342079 
705 -0.126082 
706 -0.207561 
707 0.405349 
708 -0.105652 
709 -0.493614 
710 -0.203999 
711 0.327833 
712 -0.165181 
713 0.451075 
714 0.228837 
715 -0.221909 
716 0.055707 
717 0.242412 
718 -0.429878 
719 0.212480 
720 -0.366904 
721 -0.305217 
722 -0.017222 
723 -0.234259 
724 -0.462102 
725 -0.091315 
726 0.438560 
727 0.037860 
728 0.037860 
729 0.218584 
730 -0.319491 
731 -0.263868 
732 0.398837 
733 0.437733 
734 0.417825 
735 0.370009 
736 -0.204027 
737 -0.499364 
738 -0.319491 
739 -0.004184 
740 -0.074006 
741 -0.443802 
742 -0.140655 
743 -0.140655 
744 0.243785 
745 0.242412 
746 0.006399 
747 -0.243721 
748 -0.087915 
749 -0.004184 
750 0.018381 
751 0.267567 
752 0.242412 
753 -0.490589 
754 0.438560 
755 0.383139 
756 0.397440 
757 0.384984 
758 0.155806 
759 0.212480 
760 -0.143701 
761 0.345711 
762 -0.486243 
763 0.350978 
764 -0.314683 
765 -0.464969 
766 -0.457173 
767 -0.167764 
768 0.111901 
769 0.356759 
770 -0.465009 
771 -0.263868 
772 0.419671 
773 -0.336519 
774 -0.449178 
775 0.336397 
776 0.205665 
777 0.068545 
778 0.271639 
779 0.384984 
780 -0.136029 
781 0.240958 
782 -0.049888 
783 -0.087915 
784 0.280286 
785 0.333095 
786 0.169678 
787 -0.067890 
788 0.155806 
789 -0.251152 
790 -0.441521 
791 0.499293 
792 -0.163770 
793 -0.349058 
794 0.451075 
795 -0.165181 
796 -0.349058 
797 -0.263868 
798 0.229481 
799 0.345711 
800 -0.090446 
801 -0.135559 
802 -0.249826 
803 0.205665 
804 0.230392 
805 0.092692 
806 0.039885 
807 -0.087915 
808 -0.263868 
809 -0.473169 
810 0.197772 
811 -0.241795 
812 -0.371751 
813 0.232633 
814 0.228837 
815 -0.465815 
816 0.469848 
817 -0.314683 
818 0.155806 
819 0.422180 
820 0.242412 
821 0.384984 
822 -0.019533 
823 0.356759 
824 0.276000 
825 0.469848 
826 0.101234 
827 -0.221909 
828 -0.192836 
829 -0.050207 
830 0.085297 
831 -0.192836 
832 0.039885 
833 -0.334837 
834 -0.019533 
835 0.068545 
836 -0.165181 
837 -0.047817 
838 -0.251152 
839 -0.371751 
840 0.322387 
841 -0.213297 
842 -0.305217 
843 -0.314683 
844 0.469848 
845 -0.131496 
846 -0.464969 
847 -0.131496 
848 0.271319 
849 0.243785 
850 0.419671 
851 -0.314683 
852 -0.441521 
853 0.370009 
854 -0.073166 
855 0.468949 
856 0.266227 
857 0.068545 
858 0.068545 
859 -0.302927 
860 -0.019533 
861 0.002499 
862 -0.042769 
863 0.370009 
864 0.345711 
865 -0.467510 
866 0.438560 
867 -0.126082 
868 0.355192 
869 0.416964 
870 -0.251152 
871 0.039885 
872 -0.074175 
873 -0.126082 
874 -0.450181 
875 0.072382 
876 0.230525 
877 0.301370 
878 0.199424 
879 0.230185 
880 0.360897 
881 -0.009116 
882 -0.362686 
883 0.286522 
884 -0.399505 
885 -0.090446 
886 0.229481 
887 0.336319 
888 -0.473856 
889 -0.209166 
890 0.229481 
891 -0.207192 
892 -0.004184 
893 0.012261 
894 0.304061 
895 0.275284 
896 0.336397 
897 -0.163770 
898 -0.473856 
899 -0.074006 
900 0.275284 
901 0.384984 
902 0.052548 
903 0.286522 
904 0.091282 
905 -0.362686 
906 0.284791 
907 -0.399505 
908 0.132771 
909 0.322387 
910 0.419671 
911 0.304061 
912 0.333050 
913 -0.204027 
914 -0.251152 
915 0.267741 
916 0.068545 
917 0.243785 
918 -0.204027 
919 -0.486243 
920 0.160278 
921 -0.042769 
922 0.166948 
923 -0.136029 
924 0.438560 
925 0.397598 
926 0.231191 
927 0.469848 
928 -0.087915 
929 0.398685 
930 0.422180 
931 0.499293 
932 0.250916 
933 0.333095 
934 -0.074006 
935 0.336397 
936 0.243785 
937 -0.090446 
938 -0.411371 
939 0.095286 
940 -0.241795 
941 0.405349 
942 0.100803 
943 -0.115613 
944 0.351733 
945 -0.296427 
946 0.002499 
947 0.304061 
948 -0.465086 
949 -0.087915 
950 0.322387 
951 -0.115613 
952 0.037860 
953 0.381686 
954 0.333095 
955 -0.305002 
956 -0.213297 
957 0.037860 
958 -0.074006 
959 -0.377702 
960 0.122208 
961 -0.090446 
962 0.301370 
963 -0.320377 
964 -0.167764 
965 0.499293 
966 -0.230648 
967 0.098376 
968 -0.306505 
969 0.275284 
970 -0.377426 
971 0.132771 
972 -0.243721 
973 0.276000 
974 -0.108066 
975 0.132771 
976 -0.241795 
977 -0.467510 
978 -0.234999 
979 0.336319 
980 0.275284 
981 -0.049888 
982 -0.337715 
983 0.425260 
984 0.228837 
985 0.469848 
986 -0.263868 
987 0.492095 
988 0.336397 
989 -0.457173 
990 0.254898 
991 0.084284 
992 -0.207561 
993 0.288860 
994 -0.336519 
995 -0.108066 
996 -0.457728 
997 -0.050927 
998 0.354456 
999 -0.449178 
1000 0.132771 
1001 -0.467510 
1002 -0.457173 
1003 -0.172895 
1004 -0.087915 
1005 0.398685 
1006 -0.011388 
1007 -0.400136 
1008 0.345711 
1009 0.470025 
1010 0.304061 
1011 0.284791 
1012 -0.380548 
1013 0.304061 
1014 0.301370 
1015 0.088955 
1016 0.417646 
1017 -0.011388 
1018 0.426197 
1019 -0.473856 
1020 0.333095 
1021 0.267567 
1022 0.416739 
1023 0.425260 
1024 -0.305217 
1025 0.452428 
1026 0.354456 
1027 -0.136029 
1028 0.363026 
1029 0.426197 
1030 0.040069 
1031 -0.192836 
1032 0.127926 
1033 0.172778 
1034 0.284791 
1035 -0.296427 
1036 0.451075 
1037 0.469848 
1038 -0.197404 
1039 0.052548 
1040 0.108519 
1041 0.453104 
1042 -0.254222 
1043 0.456287 
1044 0.039885 
1045 0.461479 
1046 -0.136029 
1047 0.086259 
1048 0.416147 
1049 -0.473169 
1050 -0.314683 
1051 0.333095 
1052 -0.207561 
1053 0.200060 
1054 0.469848 
1055 0.499293 
1056 0.425260 
1057 -0.026332 
1058 -0.074006 
1059 -0.249826 
1060 -0.004184 
1061 -0.467510 
1062 -0.486243 
1063 -0.238993 
1064 -0.225544 
1065 -0.042264 
1066 0.146100 
1067 -0.163782 
1068 0.084284 
1069 0.417825 
1070 -0.120005 
1071 0.327833 
1072 0.259141 
1073 -0.191642 
1074 -0.435475 
1075 0.288120 
1076 -0.163770 
1077 0.308902 
1078 0.437733 
1079 0.425260 
1080 -0.314683 
1081 -0.314683 
1082 -0.263868 
1083 -0.084339 
1084 -0.192836 
1085 0.232633 
1086 -0.402055 
1087 -0.467510 
1088 -0.087915 
1089 0.291532 
1090 -0.017222 
1091 -0.213297 
1092 0.267741 
1093 0.388106 
1094 0.136669 
1095 -0.486243 
1096 0.336319 
1097 0.112924 
1098 0.052548 
1099 -0.042769 
1100 0.022860 
1101 -0.449178 
1102 -0.296427 
1103 -0.402055 
1104 -0.229681 
1105 -0.226328 
1106 0.348594 
1107 0.336319 
1108 -0.087915 
1109 0.214662 
1110 -0.467510 
1111 -0.249826 
1112 0.071270 
1113 -0.457173 
1114 -0.019533 
1115 -0.467308 
1116 0.271639 
1117 -0.154753 
1118 0.380623 
1119 0.354456 
1120 0.230392 
1121 -0.435475 
1122 0.231191 
1123 -0.136029 
1124 0.052548 
1125 -0.048858 
1126 0.052548 
1127 0.108519 
1128 -0.337715 
1129 -0.342079 
1130 0.281842 
1131 -0.049888 
1132 -0.213297 
1133 -0.460677 
1134 0.243785 
1135 -0.135559 
1136 -0.279740 
1137 0.285212 
1138 0.012261 
1139 0.258243 
1140 0.221825 
1141 0.398685 
1142 -0.449178 
1143 0.085382 
1144 0.310530 
1145 -0.091315 
1146 0.084284 
1147 0.470025 
1148 -0.105652 
1149 -0.091315 
1150 -0.087915 
1151 0.355192 
1152 0.174902 
1153 0.469848 
1154 -0.221314 
1155 0.333050 
1156 0.258243 
1157 -0.073166 
1158 -0.465009 
1159 0.229481 
1160 0.254898 
1161 0.040069 
1162 -0.263868 
1163 0.286522 
1164 0.333095 
1165 0.200060 
1166 0.092719 
1167 -0.485154 
1168 0.442525 
1169 -0.191642 
1170 -0.017222 
1171 -0.159199 
1172 0.095286 
1173 0.480849 
1174 -0.234259 
1175 -0.147848 
1176 -0.091315 
1177 0.039885 
1178 -0.377426 
1179 0.200060 
1180 0.285212 
1181 -0.362686 
1182 -0.249826 
1183 -0.016739 
1184 -0.305002 
1185 -0.168798 
1186 0.356759 
1187 -0.168798 
1188 -0.209166 
1189 0.370009 
1190 -0.087915 
1191 -0.467510 
1192 0.426197 
1193 0.250916 
1194 0.468949 
1195 0.286522 
1196 -0.047817 
1197 0.229481 
1198 0.181849 
1199 -0.337715 
1200 -0.067793 
1201 -0.371751 
1202 -0.115613 
1203 0.022860 
1204 -0.473856 
1205 -0.019533 
1206 -0.427308 
1207 0.066784 
1208 -0.084339 
1209 0.322387 
1210 0.073177 
1211 -0.115613 
1212 -0.230648 
1213 -0.349240 
1214 0.127926 
1215 0.031128 
1216 -0.202323 
1217 -0.402055 
1218 0.250916 
1219 0.039885 
1220 0.101234 
1221 0.417825 
1222 0.232633 
1223 -0.017222 
1224 0.214662 
1225 0.271319 
1226 0.085297 
1227 0.275284 
1228 -0.115613 
1229 0.250916 
1230 -0.019533 
1231 0.116581 
1232 0.200060 
1233 0.275284 
1234 0.214662 
1235 0.230525 
1236 -0.253908 
1237 0.336397 
1238 -0.194332 
1239 0.212480 
1240 0.173111 
1241 0.232545 
1242 0.160278 
1243 -0.349058 
1244 0.281842 
1245 -0.213297 
1246 0.217357 
1247 -0.249826 
1248 -0.221909 
1249 -0.042769 
1250 0.398685 
1251 -0.212359 
1252 0.039885 
1253 0.456287 
1254 0.415600 
1255 -0.312532 
1256 -0.306859 
1257 -0.377520 
1258 0.022860 
1259 -0.467510 
1260 -0.168798 
1261 -0.493614 
1262 -0.342079 
1263 0.110186 
1264 0.253624 
1265 -0.173758 
1266 0.333050 
1267 -0.042264 
1268 0.072382 
1269 -0.087915 
1270 0.388106 
1271 -0.136029 
1272 0.336319 
1273 -0.136029 
1274 -0.465009 
1275 -0.084339 
1276 0.230525 
1277 0.469848 
1278 0.092719 
1279 -0.048858 
1280 0.231191 
1281 -0.306859 
1282 0.105558 
1283 0.085382 
1284 -0.057004 
1285 -0.464969 
1286 -0.185353 
1287 -0.317289 
1288 0.146100 
1289 -0.346542 
1290 0.108519 
1291 0.413593 
1292 -0.426570 
1293 0.112924 
1294 -0.485154 
1295 -0.300866 
1296 -0.312532 
1297 -0.248426 
1298 0.221825 
1299 -0.320377 
1300 0.101234 
1301 0.092422 
1302 -0.312532 
1303 0.345711 
1304 -0.221909 
1305 -0.223701 
1306 -0.017222 
1307 0.336397 
1308 0.132771 
1309 0.496164 
1310 -0.367702 
1311 0.039885 
1312 0.072382 
1313 -0.467510 
1314 -0.243721 
1315 -0.115613 
1316 -0.128056 
1317 -0.067793 
1318 -0.335370 
1319 0.002499 
1320 -0.074006 
1321 -0.460677 
1322 0.112924 
1323 -0.473856 
1324 -0.321707 
1325 -0.321707 
1326 0.268362 
1327 -0.091315 
1328 -0.140655 
1329 0.057698 
1330 -0.314683 
1331 0.039885 
1332 0.267567 
1333 0.076517 
1334 0.092422 
1335 -0.172895 
1336 -0.226328 
1337 -0.150455 
1338 0.327833 
1339 -0.154753 
1340 0.397440 
1341 -0.312532 
1342 0.230185 
1343 0.085297 
1344 -0.068985 
1345 0.125344 
1346 -0.131496 
1347 0.229481 
1348 0.468949 
1349 -0.136029 
1350 -0.035083 
1351 0.470025 
1352 -0.225544 
1353 0.242412 
1354 0.267567 
1355 -0.049888 
1356 -0.067793 
1357 -0.230648 
1358 -0.402055 
1359 -0.148267 
1360 -0.230648 
1361 -0.234259 
1362 -0.011188 
1363 0.336319 
1364 0.146100 
1365 -0.371751 
1366 0.422180 
1367 0.021347 
1368 0.426197 
1369 0.345711 
1370 0.461479 
1371 0.333095 
1372 -0.337715 
1373 0.230525 
1374 0.301370 
1375 0.252003 
1376 -0.108066 
1377 0.419671 
1378 -0.106381 
1379 0.037860 
1380 -0.147848 
1381 -0.367702 
1382 -0.057004 
1383 0.426197 
1384 -0.230600 
1385 -0.416584 
1386 -0.465086 
1387 0.065487 
1388 0.433838 
1389 -0.402055 
1390 -0.490856 
1391 -0.209166 
1392 0.384984 
1393 0.397440 
1394 -0.303008 
1395 0.072382 
1396 0.398685 
1397 -0.336519 
1398 -0.108066 
1399 -0.035083 
1400 -0.163770 
1401 0.397476 
1402 0.030669 
1403 -0.402055 
1404 -0.300866 
1405 0.092422 
1406 0.354456 
1407 -0.402055 
1408 0.171435 
1409 -0.126082 
1410 0.381686 
1411 0.371011 
1412 -0.207192 
1413 -0.346542 
1414 -0.025639 
1415 -0.348594 
1416 0.057167 
1417 -0.306505 
1418 0.354456 
1419 0.470025 
1420 0.258243 
1421 -0.279740 
1422 -0.241795 
1423 0.416147 
1424 0.284791 
1425 -0.303008 
1426 -0.419935 
1427 0.286522 
1428 -0.464969 
1429 0.470357 
1430 0.132771 
1431 0.275284 
1432 0.451075 
1433 -0.019533 
1434 0.095286 
1435 0.129069 
1436 -0.074006 
1437 -0.465815 
1438 0.381686 
1439 -0.349058 
1440 0.456287 
1441 0.449804 
1442 0.381686 
1443 -0.107868 
1444 -0.435475 
1445 -0.251152 
