2314 1
0 0.478529 
1 0.299434 
2 -0.266844 
3 0.218161 
4 0.012783 
5 -0.001590 
6 0.307582 
7 -0.067622 
8 0.371525 
9 -0.416259 
10 0.345953 
11 -0.416259 
12 0.345953 
13 -0.281145 
14 0.019092 
15 -0.001590 
16 -0.416259 
17 0.346697 
18 -0.489644 
19 -0.416259 
20 0.456419 
21 0.039301 
22 0.318238 
23 -0.067622 
24 -0.425099 
25 -0.248294 
26 -0.001590 
27 -0.416259 
28 0.418168 
29 0.307582 
30 0.307582 
31 0.292369 
32 0.382421 
33 0.292369 
34 0.039301 
35 -0.067622 
36 0.478529 
37 0.021888 
38 0.307582 
39 -0.436607 
40 -0.222176 
41 0.345953 
42 -0.451191 
43 0.345953 
44 0.353572 
45 -0.416259 
46 -0.425099 
47 0.328166 
48 -0.364240 
49 0.345953 
50 -0.184063 
51 0.382421 
52 0.307582 
53 -0.268257 
54 0.307582 
55 0.495605 
56 0.292369 
57 0.307582 
58 -0.200211 
59 -0.416259 
60 -0.001590 
61 0.208552 
62 0.346697 
63 -0.416259 
64 -0.311124 
65 -0.172469 
66 0.021888 
67 0.478529 
68 -0.416259 
69 0.307582 
70 -0.436607 
71 -0.416259 
72 0.021888 
73 0.193884 
74 -0.001590 
75 0.478529 
76 0.193884 
77 -0.444143 
78 -0.001590 
79 0.478529 
80 0.406355 
81 0.346697 
82 0.092350 
83 0.032765 
84 0.167449 
85 0.191684 
86 -0.381725 
87 0.351620 
88 0.021888 
89 0.092350 
90 -0.416259 
91 0.191684 
92 0.218161 
93 -0.206885 
94 0.447999 
95 0.028174 
96 0.346697 
97 0.253839 
98 -0.483517 
99 -0.437860 
100 0.021888 
101 -0.451191 
102 -0.451191 
103 -0.381725 
104 -0.067622 
105 -0.489644 
106 -0.489644 
107 -0.483517 
108 -0.425099 
109 0.406355 
110 0.406355 
111 -0.067622 
112 -0.436607 
113 -0.308786 
114 -0.381725 
115 0.318238 
116 0.292369 
117 -0.067622 
118 0.382421 
119 0.382421 
120 0.382806 
121 0.021888 
122 -0.483517 
123 -0.308786 
124 0.292369 
125 0.382421 
126 0.353572 
127 0.307582 
128 0.092350 
129 0.155524 
130 -0.001590 
131 -0.001590 
132 0.191684 
133 -0.322941 
134 0.353572 
135 0.346697 
136 0.092350 
137 0.478297 
138 0.021888 
139 0.353572 
140 0.406355 
141 -0.184063 
142 0.085516 
143 -0.193402 
144 0.307582 
145 0.241829 
146 0.092350 
147 0.092350 
148 0.292369 
149 -0.164333 
150 0.307582 
151 -0.281308 
152 0.346697 
153 0.353572 
154 -0.425099 
155 -0.292585 
156 0.169970 
157 0.307582 
158 -0.268257 
159 0.193884 
160 -0.304868 
161 -0.132878 
162 0.032765 
163 0.346697 
164 -0.489644 
165 -0.436607 
166 -0.284216 
167 -0.193402 
168 0.032765 
169 0.065497 
170 -0.234239 
171 0.218161 
172 0.292369 
173 0.028174 
174 0.427944 
175 0.085516 
176 0.193884 
177 0.394159 
178 -0.127044 
179 0.258102 
180 0.193768 
181 0.241829 
182 0.021888 
183 -0.281308 
184 -0.280897 
185 0.094674 
186 0.353572 
187 -0.425099 
188 -0.250823 
189 0.092350 
190 -0.200211 
191 0.436293 
192 0.447999 
193 0.037941 
194 0.375560 
195 0.382421 
196 -0.436607 
197 0.318238 
198 -0.457713 
199 -0.489644 
200 0.065497 
201 -0.451191 
202 -0.228350 
203 -0.268257 
204 0.307582 
205 0.253839 
206 -0.383505 
207 -0.308786 
208 0.492510 
209 0.456419 
210 0.447999 
211 0.440663 
212 0.208600 
213 0.021888 
214 -0.001590 
215 -0.193402 
216 0.382421 
217 0.483794 
218 -0.193402 
219 -0.280897 
220 0.019092 
221 0.092350 
222 0.382421 
223 0.218161 
224 -0.425099 
225 -0.001590 
226 0.357804 
227 -0.305116 
228 0.382806 
229 0.094674 
230 -0.284216 
231 0.406355 
232 -0.451191 
233 -0.268257 
234 0.281430 
235 -0.001590 
236 -0.001590 
237 -0.200211 
238 0.240520 
239 -0.268257 
240 0.102575 
241 -0.268257 
242 0.307582 
243 0.346697 
244 -0.379611 
245 0.193884 
246 -0.285235 
247 0.012783 
248 0.186404 
249 0.447999 
250 -0.200211 
251 -0.268257 
252 0.191684 
253 -0.305116 
254 0.281430 
255 0.346697 
256 -0.364240 
257 -0.193402 
258 0.240496 
259 0.191684 
260 0.026967 
261 0.307582 
262 -0.308786 
263 0.253839 
264 -0.451191 
265 0.459324 
266 0.495605 
267 -0.436607 
268 -0.305116 
269 0.382421 
270 -0.382487 
271 -0.417377 
272 0.021888 
273 0.382421 
274 0.065497 
275 0.329340 
276 0.085516 
277 0.241829 
278 0.212283 
279 -0.001590 
280 0.353572 
281 -0.364240 
282 0.478529 
283 0.346697 
284 0.039301 
285 0.447999 
286 0.452740 
287 0.345060 
288 -0.364240 
289 0.382421 
290 0.253839 
291 -0.184063 
292 -0.280897 
293 -0.206885 
294 -0.364240 
295 -0.282696 
296 0.019092 
297 -0.394369 
298 -0.341064 
299 0.156408 
300 0.085516 
301 -0.451191 
302 0.084853 
303 0.218161 
304 0.382421 
305 -0.381725 
306 0.382421 
307 -0.460413 
308 0.065497 
309 -0.222428 
310 -0.200211 
311 0.478529 
312 -0.280897 
313 0.447999 
314 -0.311124 
315 0.193884 
316 -0.436607 
317 -0.280897 
318 -0.437249 
319 -0.184063 
320 -0.451191 
321 -0.031604 
322 -0.101057 
323 -0.027593 
324 0.054846 
325 0.065497 
326 0.447999 
327 0.281430 
328 0.307582 
329 0.469084 
330 0.495641 
331 0.292369 
332 0.065497 
333 -0.444143 
334 -0.228350 
335 0.034065 
336 0.307582 
337 0.054846 
338 0.382421 
339 0.054846 
340 0.382806 
341 0.032765 
342 0.382421 
343 0.021888 
344 -0.352100 
345 -0.027593 
346 0.382421 
347 0.459324 
348 -0.001590 
349 0.382806 
350 0.191684 
351 -0.451191 
352 -0.495287 
353 0.469084 
354 -0.456177 
355 -0.101057 
356 0.478529 
357 0.054846 
358 -0.228350 
359 0.281430 
360 0.440663 
361 0.382421 
362 -0.381725 
363 0.039301 
364 0.085516 
365 -0.280897 
366 0.469084 
367 -0.054259 
368 -0.457713 
369 0.382421 
370 0.424472 
371 -0.260091 
372 0.281430 
373 -0.341064 
374 0.353572 
375 0.241829 
376 -0.436607 
377 0.241829 
378 -0.436607 
379 -0.172469 
380 0.021888 
381 0.318238 
382 0.085516 
383 -0.200211 
384 0.382806 
385 -0.228350 
386 -0.206885 
387 0.380414 
388 0.032765 
389 -0.184063 
390 -0.228350 
391 -0.483517 
392 -0.483517 
393 0.307582 
394 -0.483517 
395 0.469084 
396 0.212283 
397 0.365298 
398 0.054846 
399 0.307345 
400 0.054846 
401 0.065497 
402 -0.436607 
403 0.380414 
404 0.021888 
405 0.382421 
406 -0.460413 
407 0.102575 
408 0.156408 
409 0.253839 
410 0.102575 
411 -0.437249 
412 -0.311124 
413 0.382421 
414 0.469084 
415 -0.184063 
416 0.037941 
417 -0.001590 
418 0.307582 
419 0.317661 
420 0.307582 
421 0.353572 
422 -0.311124 
423 -0.416259 
424 -0.200211 
425 0.249386 
426 0.456419 
427 -0.222097 
428 -0.460413 
429 0.065497 
430 -0.200211 
431 -0.498125 
432 0.039301 
433 0.034065 
434 -0.289305 
435 -0.289305 
436 0.427944 
437 0.218161 
438 -0.457713 
439 -0.228350 
440 0.450679 
441 -0.147919 
442 -0.001590 
443 0.393487 
444 0.023588 
445 0.253839 
446 0.281430 
447 0.456419 
448 -0.054259 
449 -0.437249 
450 0.156408 
451 -0.436607 
452 0.156408 
453 -0.237296 
454 0.476503 
455 0.102575 
456 -0.437249 
457 -0.381725 
458 0.135008 
459 0.456419 
460 0.307345 
461 -0.410225 
462 -0.416259 
463 0.456419 
464 -0.451191 
465 0.085516 
466 -0.001590 
467 -0.381725 
468 0.016125 
469 0.212283 
470 -0.289305 
471 0.102575 
472 -0.416259 
473 0.456419 
474 -0.234239 
475 -0.031604 
476 -0.495287 
477 0.028174 
478 0.351620 
479 0.351620 
480 0.456419 
481 0.193768 
482 -0.416259 
483 0.054846 
484 0.292369 
485 0.307582 
486 -0.444143 
487 -0.419861 
488 0.028174 
489 0.307582 
490 -0.222097 
491 -0.282696 
492 -0.282696 
493 -0.381725 
494 0.469084 
495 -0.460413 
496 -0.300223 
497 0.495641 
498 -0.451191 
499 -0.437249 
500 -0.381725 
501 0.193768 
502 0.241829 
503 -0.237296 
504 0.016125 
505 0.318238 
506 0.351620 
507 0.016125 
508 0.267308 
509 0.034065 
510 0.476503 
511 -0.193402 
512 0.353572 
513 0.382421 
514 0.382421 
515 -0.341064 
516 -0.282696 
517 -0.237296 
518 0.016125 
519 0.240520 
520 -0.381725 
521 0.351620 
522 -0.436607 
523 -0.451191 
524 -0.237296 
525 0.319433 
526 -0.449505 
527 -0.067862 
528 0.032765 
529 -0.027593 
530 0.039301 
531 -0.347858 
532 -0.261200 
533 0.021888 
534 0.021888 
535 0.459324 
536 -0.328231 
537 0.476503 
538 -0.359556 
539 -0.416259 
540 -0.184063 
541 0.193768 
542 0.357804 
543 -0.322941 
544 0.016125 
545 -0.200211 
546 0.380414 
547 -0.437249 
548 -0.444143 
549 -0.416259 
550 -0.067622 
551 -0.383711 
552 0.054846 
553 -0.381725 
554 -0.451191 
555 0.459324 
556 -0.031604 
557 0.240520 
558 -0.222097 
559 0.094674 
560 -0.054259 
561 0.267308 
562 -0.381725 
563 0.353572 
564 0.380414 
565 -0.359556 
566 0.025929 
567 -0.067862 
568 -0.222097 
569 -0.495287 
570 -0.077750 
571 -0.456177 
572 0.397051 
573 0.267308 
574 0.267308 
575 0.292369 
576 0.280793 
577 -0.341064 
578 0.418168 
579 0.191684 
580 -0.416259 
581 0.292369 
582 -0.444143 
583 -0.451191 
584 0.094674 
585 0.037941 
586 0.212283 
587 -0.416259 
588 0.059600 
589 -0.200211 
590 0.028174 
591 0.447999 
592 0.351620 
593 -0.174219 
594 -0.200211 
595 -0.253313 
596 0.394159 
597 -0.237296 
598 0.307582 
599 0.365298 
600 0.375560 
601 -0.200211 
602 -0.222097 
603 0.212283 
604 -0.429172 
605 -0.451191 
606 -0.311124 
607 0.077813 
608 -0.311124 
609 -0.200211 
610 -0.391877 
611 -0.308786 
612 -0.425099 
613 -0.436607 
614 -0.495287 
615 0.069614 
616 0.021888 
617 0.476503 
618 0.307582 
619 0.077813 
620 0.386086 
621 -0.132878 
622 0.028174 
623 -0.067622 
624 0.037941 
625 0.028174 
626 -0.460413 
627 -0.436607 
628 -0.436607 
629 0.382421 
630 0.156408 
631 -0.184063 
632 0.016125 
633 -0.422838 
634 -0.460413 
635 0.021888 
636 -0.456177 
637 0.380440 
638 -0.322941 
639 -0.200211 
640 0.319433 
641 -0.436607 
642 0.191684 
643 -0.200211 
644 0.380440 
645 0.094674 
646 0.267308 
647 0.345953 
648 0.094674 
649 0.418168 
650 0.394159 
651 -0.001590 
652 0.077813 
653 -0.200211 
654 0.193768 
655 0.418168 
656 0.476503 
657 -0.054259 
658 0.021888 
659 0.380414 
660 0.016125 
661 -0.282696 
662 -0.281145 
663 0.193768 
664 -0.487237 
665 -0.476262 
666 -0.116185 
667 0.418168 
668 0.382421 
669 -0.001590 
670 -0.429172 
671 0.307582 
672 -0.322941 
673 -0.174219 
674 0.021888 
675 -0.031604 
676 -0.328463 
677 -0.200211 
678 -0.187491 
679 -0.417377 
680 -0.451191 
681 0.037941 
682 0.212283 
683 -0.127044 
684 -0.200211 
685 0.122472 
686 -0.341064 
687 -0.322941 
688 -0.289305 
689 -0.487237 
690 -0.281145 
691 0.021888 
692 -0.127044 
693 0.139985 
694 -0.184063 
695 -0.001590 
696 0.139985 
697 0.205847 
698 -0.429172 
699 -0.237296 
700 0.307582 
701 -0.206885 
702 -0.381725 
703 0.059146 
704 -0.077750 
705 0.434192 
706 0.478529 
707 -0.308786 
708 0.034065 
709 0.032433 
710 -0.001590 
711 0.452740 
712 -0.390567 
713 0.307582 
714 -0.341064 
715 -0.220551 
716 -0.381725 
717 -0.284216 
718 0.193768 
719 -0.322941 
720 -0.174100 
721 0.156408 
722 0.459324 
723 -0.436607 
724 -0.352100 
725 -0.451191 
726 0.440663 
727 0.448539 
728 -0.277994 
729 0.191684 
730 0.059146 
731 0.406355 
732 -0.206885 
733 0.478297 
734 -0.322941 
735 0.212283 
736 0.478529 
737 -0.457713 
738 -0.381725 
739 0.191684 
740 0.375560 
741 0.028174 
742 -0.127044 
743 -0.255188 
744 -0.322941 
745 0.205847 
746 0.191684 
747 -0.495287 
748 -0.067862 
749 0.495605 
750 0.353572 
751 -0.031604 
752 0.094674 
753 -0.299004 
754 0.094674 
755 0.478529 
756 -0.228350 
757 -0.127044 
758 -0.429172 
759 0.382421 
760 -0.174219 
761 0.212283 
762 -0.289305 
763 0.214826 
764 -0.001590 
765 -0.352100 
766 -0.250823 
767 -0.451191 
768 -0.076370 
769 -0.378506 
770 -0.451191 
771 0.394159 
772 0.492510 
773 -0.199851 
774 -0.149506 
775 -0.206885 
776 -0.410225 
777 -0.498125 
778 -0.184063 
779 -0.132878 
780 -0.436607 
781 -0.322941 
782 -0.001590 
783 0.394159 
784 -0.210495 
785 0.357804 
786 -0.381725 
787 0.085516 
788 0.292369 
789 -0.473346 
790 -0.425099 
791 -0.148121 
792 0.292369 
793 -0.429172 
794 0.307345 
795 0.307582 
796 0.076369 
797 0.386086 
798 0.478506 
799 -0.054259 
800 -0.001590 
801 0.380440 
802 -0.487237 
803 -0.363375 
804 -0.450879 
805 -0.450879 
806 -0.451191 
807 -0.451121 
808 -0.305116 
809 -0.437249 
810 0.394077 
811 -0.416259 
812 0.077813 
813 -0.174219 
814 -0.174219 
815 0.021888 
816 -0.381725 
817 -0.187491 
818 -0.436607 
819 -0.456177 
820 0.416539 
821 -0.003761 
822 -0.281145 
823 -0.281145 
824 -0.328659 
825 -0.457713 
826 -0.450879 
827 -0.487237 
828 0.307582 
829 0.094674 
830 -0.027593 
831 -0.411144 
832 0.492510 
833 -0.184063 
834 0.307582 
835 -0.001590 
836 -0.003903 
837 0.021888 
838 0.307582 
839 -0.067862 
840 -0.206885 
841 -0.174219 
842 -0.164333 
843 0.382421 
844 0.394159 
845 -0.352100 
846 0.214826 
847 -0.322941 
848 0.353572 
849 0.406355 
850 0.021888 
851 -0.234239 
852 0.156408 
853 -0.001590 
854 0.139985 
855 -0.132878 
856 -0.054259 
857 0.495605 
858 0.353572 
859 -0.425099 
860 0.037941 
861 -0.450879 
862 0.020219 
863 0.025929 
864 -0.281414 
865 -0.184063 
866 -0.450879 
867 0.054846 
868 0.156408 
869 0.109526 
870 -0.425099 
871 0.459324 
872 -0.200211 
873 0.440663 
874 -0.184063 
875 0.280793 
876 0.019092 
877 0.021888 
878 0.059146 
879 -0.200211 
880 -0.352100 
881 0.447999 
882 -0.449505 
883 -0.268257 
884 -0.489644 
885 0.307582 
886 -0.363375 
887 0.023588 
888 0.036439 
889 -0.425099 
890 -0.200211 
891 0.307582 
892 0.319433 
893 -0.313837 
894 0.259556 
895 -0.451191 
896 -0.284216 
897 -0.451191 
898 -0.364240 
899 -0.234239 
900 0.459324 
901 -0.445285 
902 0.416539 
903 -0.027593 
904 0.191684 
905 -0.295387 
906 0.353572 
907 -0.200211 
908 -0.001590 
909 0.094674 
910 0.214826 
911 0.205847 
912 -0.281145 
913 -0.450879 
914 0.054846 
915 -0.220551 
916 -0.327345 
917 -0.487237 
918 -0.067862 
919 0.191684 
920 -0.381725 
921 -0.328231 
922 -0.187491 
923 -0.363375 
924 -0.282696 
925 0.139985 
926 0.156408 
927 -0.002400 
928 -0.038369 
929 -0.284216 
930 -0.222428 
931 0.416539 
932 0.371525 
933 0.282716 
934 0.447999 
935 0.214826 
936 0.212283 
937 -0.237296 
938 0.357804 
939 -0.352100 
940 0.448539 
941 -0.416259 
942 -0.378506 
943 0.054846 
944 -0.416259 
945 -0.457713 
946 -0.425099 
947 0.094674 
948 -0.132878 
949 -0.184063 
950 -0.184063 
951 -0.456177 
952 -0.076370 
953 0.280793 
954 -0.416259 
955 -0.352100 
956 -0.352100 
957 -0.425099 
958 0.394077 
959 0.034065 
960 -0.493386 
961 0.450679 
962 0.375560 
963 0.025929 
964 0.307582 
965 -0.063519 
966 0.256522 
967 0.139985 
968 -0.222428 
969 0.077813 
970 -0.184063 
971 -0.416259 
972 0.156408 
973 -0.451191 
974 -0.054259 
975 -0.222428 
976 0.351620 
977 0.037941 
978 0.034065 
979 0.375560 
980 -0.174219 
981 -0.451191 
982 0.394077 
983 -0.106491 
984 0.440248 
985 0.186404 
986 0.094674 
987 -0.260091 
988 0.394077 
989 -0.222428 
990 -0.378506 
991 -0.451191 
992 0.353572 
993 0.034065 
994 -0.281308 
995 -0.234239 
996 0.059146 
997 0.492510 
998 0.025929 
999 0.375560 
1000 -0.174100 
1001 0.386086 
1002 -0.410145 
1003 -0.174219 
1004 0.077813 
1005 -0.260091 
1006 -0.313837 
1007 -0.443702 
1008 0.034065 
1009 -0.381725 
1010 0.059146 
1011 -0.416259 
1012 0.019092 
1013 0.034065 
1014 -0.489644 
1015 0.178253 
1016 0.037941 
1017 0.495641 
1018 0.307582 
1019 0.020219 
1020 0.042701 
1021 -0.305116 
1022 0.021888 
1023 0.059146 
1024 -0.417377 
1025 0.448539 
1026 -0.253313 
1027 0.410015 
1028 -0.234239 
1029 -0.174219 
1030 0.191684 
1031 0.357804 
1032 -0.379611 
1033 0.054846 
1034 0.448539 
1035 0.357804 
1036 -0.457713 
1037 0.028174 
1038 0.077813 
1039 -0.487237 
1040 -0.437249 
1041 0.076369 
1042 0.216610 
1043 0.019092 
1044 0.394077 
1045 -0.363375 
1046 0.021888 
1047 0.394159 
1048 -0.437249 
1049 -0.001590 
1050 0.391781 
1051 0.028174 
1052 0.382806 
1053 -0.174219 
1054 -0.378506 
1055 0.448539 
1056 0.214826 
1057 -0.067862 
1058 -0.305116 
1059 -0.416259 
1060 0.345060 
1061 0.319433 
1062 -0.445285 
1063 0.357804 
1064 -0.451191 
1065 -0.184063 
1066 0.307582 
1067 -0.381725 
1068 -0.378506 
1069 0.319433 
1070 -0.076370 
1071 0.191684 
1072 -0.437249 
1073 -0.437249 
1074 -0.456177 
1075 0.459324 
1076 0.319433 
1077 -0.436607 
1078 0.021888 
1079 0.019092 
1080 -0.363375 
1081 -0.054259 
1082 0.307582 
1083 -0.372866 
1084 -0.054259 
1085 0.319433 
1086 -0.416259 
1087 -0.304231 
1088 -0.132878 
1089 0.307582 
1090 -0.001590 
1091 -0.381725 
1092 -0.003761 
1093 0.257183 
1094 0.155524 
1095 -0.204728 
1096 0.416539 
1097 -0.363375 
1098 -0.372866 
1099 -0.350829 
1100 0.023588 
1101 -0.255188 
1102 0.495641 
1103 0.380440 
1104 -0.182284 
1105 0.191684 
1106 0.155524 
1107 0.021888 
1108 0.054846 
1109 0.020219 
1110 0.394159 
1111 -0.498125 
1112 0.021888 
1113 0.495641 
1114 0.212283 
1115 -0.295387 
1116 -0.280897 
1117 0.093062 
1118 0.351620 
1119 0.371525 
1120 0.382421 
1121 -0.451191 
1122 0.495641 
1123 0.139985 
1124 -0.164333 
1125 0.416539 
1126 -0.001590 
1127 -0.436607 
1128 0.283261 
1129 -0.382487 
1130 0.020219 
1131 0.459324 
1132 0.205847 
1133 -0.200211 
1134 -0.382487 
1135 -0.295387 
1136 -0.456177 
1137 -0.001590 
1138 0.093062 
1139 0.042701 
1140 0.191684 
1141 -0.381725 
1142 0.205847 
1143 0.371525 
1144 -0.308786 
1145 0.492510 
1146 0.459324 
1147 -0.436607 
1148 0.042701 
1149 0.025929 
1150 -0.184063 
1151 0.319433 
1152 -0.416259 
1153 -0.184063 
1154 -0.101057 
1155 0.307582 
1156 0.042701 
1157 -0.001590 
1158 -0.260091 
1159 0.077813 
1160 0.319433 
1161 0.023588 
1162 0.240520 
1163 -0.437249 
1164 0.077813 
1165 -0.001590 
1166 -0.222428 
1167 0.495641 
1168 -0.003761 
1169 0.459324 
1170 -0.416259 
1171 0.077813 
1172 -0.058514 
1173 -0.184063 
1174 0.085516 
1175 -0.380480 
1176 -0.200211 
1177 0.077813 
1178 -0.429172 
1179 -0.118101 
1180 0.394159 
1181 -0.284216 
1182 0.440248 
1183 0.410015 
1184 0.054846 
1185 0.447999 
1186 -0.164333 
1187 -0.200211 
1188 -0.054259 
1189 0.495641 
1190 0.044765 
1191 -0.425099 
1192 -0.449505 
1193 -0.054259 
1194 0.283261 
1195 0.156408 
1196 0.205847 
1197 -0.132878 
1198 0.440663 
1199 0.094674 
1200 -0.187491 
1201 0.478529 
1202 -0.187491 
1203 0.495605 
1204 -0.410145 
1205 0.495641 
1206 -0.139710 
1207 0.424472 
1208 -0.432069 
1209 0.021888 
1210 0.307582 
1211 0.059146 
1212 0.292369 
1213 0.093062 
1214 0.307582 
1215 -0.003761 
1216 -0.350829 
1217 -0.416259 
1218 0.416539 
1219 -0.327345 
1220 -0.381725 
1221 -0.379611 
1222 -0.379611 
1223 0.034065 
1224 -0.234239 
1225 -0.381725 
1226 -0.457713 
1227 -0.425099 
1228 0.307582 
1229 0.093062 
1230 0.059146 
1231 0.054846 
1232 0.307582 
1233 -0.457713 
1234 -0.116185 
1235 -0.327345 
1236 -0.260091 
1237 0.021888 
1238 0.440663 
1239 0.020219 
1240 -0.425099 
1241 0.307582 
1242 0.307582 
1243 -0.313837 
1244 0.054846 
1245 0.069614 
1246 0.025929 
1247 0.216610 
1248 -0.436607 
1249 0.495605 
1250 0.042701 
1251 -0.164333 
1252 0.292369 
1253 0.482143 
1254 -0.312051 
1255 0.397051 
1256 0.495605 
1257 0.194199 
1258 0.410015 
1259 0.021888 
1260 0.156408 
1261 0.380440 
1262 -0.311124 
1263 0.216610 
1264 0.440199 
1265 -0.379611 
1266 0.253839 
1267 0.307582 
1268 0.283261 
1269 -0.489644 
1270 -0.284216 
1271 -0.381725 
1272 -0.305116 
1273 0.307582 
1274 -0.305116 
1275 0.117711 
1276 0.032433 
1277 0.397051 
1278 0.025929 
1279 0.295994 
1280 -0.379611 
1281 -0.041852 
1282 0.345953 
1283 -0.341039 
1284 0.191684 
1285 0.054846 
1286 0.280793 
1287 -0.255188 
1288 -0.184063 
1289 0.353572 
1290 -0.328231 
1291 0.394159 
1292 0.394159 
1293 0.216610 
1294 0.023588 
1295 0.447999 
1296 -0.383711 
1297 0.495641 
1298 -0.184063 
1299 0.077806 
1300 0.319433 
1301 0.025929 
1302 0.440248 
1303 0.034065 
1304 -0.076370 
1305 -0.416259 
1306 -0.311124 
1307 -0.255188 
1308 0.295994 
1309 0.447999 
1310 0.478529 
1311 0.216610 
1312 -0.210222 
1313 0.478529 
1314 -0.184063 
1315 0.394159 
1316 0.380440 
1317 0.394159 
1318 -0.001590 
1319 -0.381725 
1320 0.307582 
1321 -0.202068 
1322 0.495641 
1323 0.495641 
1324 0.386086 
1325 0.036439 
1326 0.059146 
1327 0.357804 
1328 0.397051 
1329 0.351620 
1330 0.021888 
1331 -0.449505 
1332 0.020219 
1333 0.440663 
1334 -0.305116 
1335 -0.001590 
1336 -0.381725 
1337 -0.003761 
1338 -0.210495 
1339 -0.118101 
1340 0.478297 
1341 0.319433 
1342 -0.003761 
1343 0.307582 
1344 0.371525 
1345 -0.245649 
1346 -0.327345 
1347 0.405925 
1348 -0.436607 
1349 -0.223808 
1350 -0.436607 
1351 0.382421 
1352 0.351620 
1353 0.077813 
1354 -0.341563 
1355 -0.187491 
1356 0.476503 
1357 0.495641 
1358 0.386086 
1359 -0.372866 
1360 -0.380480 
1361 0.021888 
1362 -0.304868 
1363 -0.416259 
1364 0.440248 
1365 -0.280897 
1366 0.307582 
1367 0.093062 
1368 -0.180844 
1369 -0.001590 
1370 0.020219 
1371 -0.255188 
1372 0.021888 
1373 -0.174219 
1374 0.034065 
1375 0.440199 
1376 0.307345 
1377 -0.383711 
1378 -0.184063 
1379 -0.132878 
1380 0.307582 
1381 -0.184063 
1382 0.440199 
1383 -0.260091 
1384 0.155524 
1385 -0.001590 
1386 -0.289305 
1387 -0.417377 
1388 0.453930 
1389 0.459324 
1390 0.406355 
1391 0.094674 
1392 -0.425099 
1393 -0.245649 
1394 0.440248 
1395 -0.001590 
1396 -0.436607 
1397 0.034065 
1398 0.357804 
1399 0.450940 
1400 -0.380480 
1401 0.216610 
1402 -0.001590 
1403 0.307582 
1404 -0.280897 
1405 -0.417377 
1406 0.406355 
1407 -0.436607 
1408 -0.436607 
1409 0.394159 
1410 -0.058514 
1411 0.307345 
1412 0.351620 
1413 -0.410145 
1414 -0.381725 
1415 -0.327345 
1416 -0.471392 
1417 0.283261 
1418 -0.054259 
1419 0.240520 
1420 0.307345 
1421 -0.449505 
1422 -0.200211 
1423 -0.322941 
1424 0.397051 
1425 0.380414 
1426 -0.112123 
1427 0.077813 
1428 0.495641 
1429 -0.220551 
1430 0.034065 
1431 -0.457713 
1432 0.253839 
1433 0.283261 
1434 0.117711 
1435 0.292369 
1436 -0.457713 
1437 -0.417377 
1438 0.292369 
1439 0.094674 
1440 0.191684 
1441 -0.381725 
1442 0.394159 
1443 0.319433 
1444 -0.498125 
1445 0.021888 
1446 -0.383711 
1447 0.191684 
1448 0.292369 
1449 -0.381725 
1450 -0.399477 
1451 -0.422838 
1452 -0.219189 
1453 -0.425099 
1454 0.307582 
1455 -0.255188 
1456 0.208552 
1457 0.307582 
1458 -0.498125 
1459 0.240520 
1460 0.292369 
1461 -0.292585 
1462 0.394159 
1463 0.059146 
1464 -0.220551 
1465 -0.184063 
1466 0.283261 
1467 -0.305116 
1468 -0.352100 
1469 0.034065 
1470 -0.410145 
1471 -0.063519 
1472 0.059146 
1473 0.295994 
1474 0.440663 
1475 -0.341563 
1476 -0.328231 
1477 0.307582 
1478 0.267308 
1479 0.021888 
1480 0.456419 
1481 0.346697 
1482 -0.352100 
1483 0.478297 
1484 -0.277994 
1485 -0.436607 
1486 0.478529 
1487 -0.295387 
1488 0.021888 
1489 0.059146 
1490 0.292369 
1491 -0.350829 
1492 0.156408 
1493 0.034065 
1494 0.427944 
1495 -0.399477 
1496 0.094674 
1497 -0.001590 
1498 0.319433 
1499 -0.184063 
1500 0.319433 
1501 -0.001590 
1502 0.212283 
1503 -0.174219 
1504 0.345953 
1505 -0.174219 
1506 0.319433 
1507 -0.305116 
1508 -0.425099 
1509 -0.200211 
1510 0.021888 
1511 -0.382487 
1512 -0.222176 
1513 0.357804 
1514 0.180241 
1515 -0.436607 
1516 0.021888 
1517 -0.457713 
1518 0.212283 
1519 -0.193402 
1520 0.094674 
1521 -0.031604 
1522 -0.436607 
1523 0.307582 
1524 0.307345 
1525 0.456419 
1526 -0.280897 
1527 0.037941 
1528 -0.451121 
1529 0.495641 
1530 -0.352100 
1531 0.280793 
1532 -0.300223 
1533 0.054846 
1534 0.456419 
1535 0.394159 
1536 0.191684 
1537 0.295994 
1538 0.351620 
1539 0.214826 
1540 -0.322941 
1541 0.077813 
1542 0.283261 
1543 0.459324 
1544 0.054846 
1545 -0.382487 
1546 0.447999 
1547 0.034065 
1548 -0.422838 
1549 -0.350829 
1550 0.452740 
1551 0.410015 
1552 -0.299004 
1553 0.295994 
1554 0.054846 
1555 0.028174 
1556 0.394159 
1557 -0.381725 
1558 -0.350829 
1559 -0.313837 
1560 0.447999 
1561 -0.210222 
1562 -0.223808 
1563 0.280793 
1564 0.102575 
1565 -0.200211 
1566 -0.359556 
1567 0.208552 
1568 0.495641 
1569 0.021888 
1570 -0.328231 
1571 -0.445285 
1572 0.353572 
1573 -0.304231 
1574 -0.350829 
1575 0.054846 
1576 -0.410145 
1577 0.193884 
1578 -0.417377 
1579 -0.001590 
1580 -0.476262 
1581 -0.187491 
1582 -0.457713 
1583 -0.341039 
1584 0.007761 
1585 -0.498125 
1586 0.307582 
1587 -0.381725 
1588 -0.108226 
1589 -0.174219 
1590 -0.284216 
1591 0.042701 
1592 0.295994 
1593 -0.436607 
1594 -0.305116 
1595 0.307345 
1596 -0.416259 
1597 -0.416259 
1598 -0.295387 
1599 -0.193402 
1600 0.034065 
1601 -0.076370 
1602 0.021888 
1603 -0.425099 
1604 -0.284216 
1605 -0.255188 
1606 0.371525 
1607 -0.381725 
1608 -0.457713 
1609 -0.255188 
1610 -0.067622 
1611 -0.305116 
1612 0.319433 
1613 0.021888 
1614 0.151600 
1615 -0.381725 
1616 0.059146 
1617 -0.383711 
1618 -0.118101 
1619 -0.417377 
1620 0.059146 
1621 -0.234239 
1622 0.386086 
1623 0.193768 
1624 0.440248 
1625 -0.219189 
1626 0.448539 
1627 0.094674 
1628 -0.322941 
1629 -0.280897 
1630 0.397051 
1631 -0.416259 
1632 -0.472328 
1633 0.258102 
1634 0.299434 
1635 0.021888 
1636 -0.268257 
1637 0.394159 
1638 0.240520 
1639 0.156408 
1640 -0.372866 
1641 -0.451191 
1642 0.488446 
1643 -0.292585 
1644 -0.281308 
1645 0.406355 
1646 0.459324 
1647 -0.451191 
1648 0.394159 
1649 -0.372866 
1650 0.036439 
1651 0.405925 
1652 0.394159 
1653 0.394159 
1654 0.094674 
1655 0.059146 
1656 0.135008 
1657 -0.202068 
1658 0.280793 
1659 -0.382487 
1660 -0.280897 
1661 -0.382487 
1662 -0.299004 
1663 0.307582 
1664 0.394077 
1665 0.280793 
1666 -0.118101 
1667 0.440199 
1668 -0.001590 
1669 -0.341563 
1670 0.353572 
1671 -0.451121 
1672 -0.001590 
1673 0.292369 
1674 -0.200211 
1675 0.424472 
1676 -0.118101 
1677 -0.322941 
1678 -0.327345 
1679 0.394159 
1680 0.386086 
1681 -0.436607 
1682 -0.352100 
1683 0.151600 
1684 -0.383711 
1685 -0.372866 
1686 -0.422838 
1687 -0.139710 
1688 -0.341563 
1689 0.258102 
1690 -0.304231 
1691 -0.410145 
1692 0.151600 
1693 0.034065 
1694 -0.372866 
1695 0.025929 
1696 0.440199 
1697 0.054846 
1698 0.253839 
1699 -0.437249 
1700 0.077806 
1701 -0.417377 
1702 0.478297 
1703 -0.305116 
1704 -0.001590 
1705 -0.202068 
1706 -0.250823 
1707 -0.341039 
1708 0.371525 
1709 0.021888 
1710 0.034065 
1711 -0.253313 
1712 0.394159 
1713 -0.044023 
1714 -0.250823 
1715 -0.381725 
1716 0.042701 
1717 -0.001590 
1718 -0.390567 
1719 0.280793 
1720 0.427944 
1721 -0.425099 
1722 -0.436607 
1723 -0.425099 
1724 -0.341039 
1725 -0.027593 
1726 -0.425099 
1727 -0.451191 
1728 0.495641 
1729 -0.457713 
1730 0.424472 
1731 0.405925 
1732 -0.255188 
1733 0.280793 
1734 -0.255188 
1735 0.319433 
1736 -0.108226 
1737 0.054846 
1738 -0.313837 
1739 -0.457713 
1740 0.394159 
1741 0.405925 
1742 0.207321 
1743 -0.311124 
1744 -0.381725 
1745 0.307345 
1746 0.371525 
1747 -0.101057 
1748 0.345953 
1749 -0.067622 
1750 0.382421 
1751 -0.184063 
1752 0.059600 
1753 -0.101057 
1754 -0.255188 
1755 0.178253 
1756 0.447999 
1757 -0.304231 
1758 -0.118101 
1759 0.394159 
1760 -0.118101 
1761 -0.425099 
1762 -0.457713 
1763 -0.001590 
1764 0.034065 
1765 0.021888 
1766 0.405925 
1767 -0.180844 
1768 0.059146 
1769 -0.234239 
1770 0.077806 
1771 -0.328463 
1772 -0.380480 
1773 -0.134074 
1774 0.054846 
1775 -0.416259 
1776 -0.001590 
1777 0.191684 
1778 -0.268257 
1779 0.156408 
1780 0.260622 
1781 -0.451121 
1782 0.478297 
1783 0.191684 
1784 0.456419 
1785 -0.134074 
1786 0.434192 
1787 0.021888 
1788 0.319433 
1789 -0.416259 
1790 -0.220551 
1791 0.023588 
1792 0.054846 
1793 -0.015028 
1794 0.059146 
1795 0.394159 
1796 -0.184063 
1797 -0.328231 
1798 0.151600 
1799 -0.383711 
1800 -0.327345 
1801 -0.253313 
1802 0.353572 
1803 -0.127044 
1804 0.093062 
1805 -0.419861 
1806 0.434192 
1807 0.102575 
1808 0.292369 
1809 0.495641 
1810 0.218161 
1811 0.495641 
1812 0.478529 
1813 0.365298 
1814 0.319433 
1815 -0.292585 
1816 0.283261 
1817 0.191684 
1818 -0.498125 
1819 0.307582 
1820 -0.436607 
1821 -0.299004 
1822 0.292369 
1823 0.135008 
1824 -0.255188 
1825 -0.449505 
1826 -0.425099 
1827 0.151600 
1828 -0.174219 
1829 -0.295387 
1830 -0.001590 
1831 -0.299004 
1832 -0.149506 
1833 -0.250823 
1834 0.021888 
1835 -0.289305 
1836 -0.416259 
1837 0.307582 
1838 -0.383711 
1839 -0.253313 
1840 0.371525 
1841 0.424472 
1842 0.085516 
1843 -0.341039 
1844 0.292369 
1845 -0.383711 
1846 -0.307908 
1847 -0.436607 
1848 0.394159 
1849 -0.352100 
1850 0.044765 
1851 0.440663 
1852 -0.200211 
1853 0.208600 
1854 -0.457713 
1855 -0.457713 
1856 -0.436607 
1857 -0.180844 
1858 -0.134074 
1859 -0.399477 
1860 -0.174219 
1861 0.094674 
1862 0.440199 
1863 0.394159 
1864 0.410015 
1865 0.317661 
1866 -0.139710 
1867 -0.416259 
1868 0.059146 
1869 0.478297 
1870 -0.017456 
1871 -0.381725 
1872 0.155524 
1873 -0.268257 
1874 -0.489644 
1875 -0.495287 
1876 -0.299004 
1877 0.021888 
1878 -0.416259 
1879 0.094674 
1880 0.191684 
1881 -0.410145 
1882 0.065497 
1883 0.193768 
1884 0.394159 
1885 -0.250823 
1886 -0.093287 
1887 0.292369 
1888 -0.200211 
1889 0.353572 
1890 0.394159 
1891 0.156408 
1892 0.034065 
1893 0.156408 
1894 -0.220551 
1895 -0.410145 
1896 -0.134074 
1897 0.346697 
1898 0.155524 
1899 -0.460413 
1900 0.012783 
1901 0.034065 
1902 0.020219 
1903 -0.364240 
1904 0.191684 
1905 -0.422838 
1906 0.054846 
1907 0.307582 
1908 0.034065 
1909 0.078203 
1910 0.353572 
1911 -0.359556 
1912 -0.304231 
1913 -0.234239 
1914 0.280793 
1915 -0.436607 
1916 -0.304231 
1917 -0.228350 
1918 0.318694 
1919 -0.164333 
1920 -0.436607 
1921 0.478297 
1922 -0.076370 
1923 0.077806 
1924 0.346697 
1925 -0.108226 
1926 -0.347858 
1927 -0.347858 
1928 0.216610 
1929 0.292369 
1930 0.353572 
1931 -0.253313 
1932 0.346697 
1933 -0.277994 
1934 -0.399477 
1935 0.307582 
1936 -0.134074 
1937 -0.202068 
1938 0.307582 
1939 -0.284216 
1940 -0.134074 
1941 -0.383711 
1942 -0.381725 
1943 -0.149506 
1944 0.394159 
1945 0.021888 
1946 -0.311124 
1947 -0.001590 
1948 0.205847 
1949 -0.381725 
1950 0.260622 
1951 -0.381725 
1952 0.071806 
1953 0.307582 
1954 -0.322941 
1955 -0.200211 
1956 -0.445285 
1957 0.292369 
1958 -0.436607 
1959 -0.422838 
1960 -0.284216 
1961 0.447999 
1962 -0.174219 
1963 -0.116185 
1964 0.406355 
1965 -0.245649 
1966 0.036439 
1967 0.059146 
1968 0.450679 
1969 -0.001590 
1970 0.319433 
1971 0.394159 
1972 -0.445285 
1973 -0.250823 
1974 0.012783 
1975 -0.364240 
1976 0.434192 
1977 0.351620 
1978 0.020219 
1979 0.394159 
1980 0.059146 
1981 -0.174219 
1982 -0.116185 
1983 -0.031604 
1984 -0.341039 
1985 -0.449505 
1986 0.440663 
1987 -0.280897 
1988 0.059146 
1989 -0.245649 
1990 0.424472 
1991 -0.300223 
1992 -0.292585 
1993 -0.311124 
1994 -0.210222 
1995 0.135008 
1996 -0.436607 
1997 0.012783 
1998 -0.268257 
1999 0.260622 
2000 -0.487237 
2001 -0.202068 
2002 0.394159 
2003 -0.436607 
2004 0.292369 
2005 0.394159 
2006 -0.399477 
2007 0.151600 
2008 -0.001590 
2009 0.397051 
2010 0.156408 
2011 -0.437249 
2012 -0.359556 
2013 -0.210222 
2014 -0.147919 
2015 0.283261 
2016 0.021888 
2017 -0.184063 
2018 -0.457713 
2019 -0.234239 
2020 -0.277994 
2021 -0.313837 
2022 0.478529 
2023 0.059146 
2024 -0.174219 
2025 0.260622 
2026 -0.220551 
2027 -0.451191 
2028 0.035240 
2029 0.394159 
2030 -0.245649 
2031 -0.304231 
2032 -0.001590 
2033 -0.352100 
2034 -0.471392 
2035 0.077806 
2036 -0.228350 
2037 0.456419 
2038 0.492510 
2039 -0.118101 
2040 0.405925 
2041 -0.381725 
2042 0.307582 
2043 0.307582 
2044 0.245222 
2045 0.346697 
2046 0.459324 
2047 0.424472 
2048 0.353572 
2049 -0.210495 
2050 -0.044023 
2051 -0.425099 
2052 0.394159 
2053 0.054846 
2054 0.054846 
2055 -0.210222 
2056 -0.457713 
2057 0.037941 
2058 0.186404 
2059 0.034065 
2060 0.034065 
2061 -0.476765 
2062 -0.436607 
2063 0.418168 
2064 -0.172469 
2065 0.307582 
2066 0.292369 
2067 0.135008 
2068 -0.281308 
2069 -0.399549 
2070 0.495290 
2071 -0.436607 
2072 0.434192 
2073 0.260622 
2074 -0.443702 
2075 -0.305116 
2076 0.034065 
2077 0.440663 
2078 0.054846 
2079 -0.399477 
2080 0.032433 
2081 0.307582 
2082 -0.457713 
2083 0.256522 
2084 0.106867 
2085 -0.202068 
2086 0.110725 
2087 -0.108226 
2088 0.353572 
2089 -0.300223 
2090 -0.222097 
2091 -0.277994 
2092 -0.425099 
2093 0.037941 
2094 0.292369 
2095 0.094674 
2096 -0.058514 
2097 -0.313837 
2098 -0.305116 
2099 -0.058514 
2100 0.394159 
2101 -0.116185 
2102 0.447999 
2103 -0.234239 
2104 -0.352100 
2105 0.092350 
2106 0.307345 
2107 0.020219 
2108 -0.313837 
2109 0.371525 
2110 -0.202068 
2111 -0.331463 
2112 0.459324 
2113 -0.108226 
2114 0.319433 
2115 -0.436607 
2116 -0.416259 
2117 -0.292585 
2118 -0.116185 
2119 -0.067622 
2120 -0.436607 
2121 0.448539 
2122 -0.300223 
2123 -0.108226 
2124 0.459324 
2125 -0.101057 
2126 -0.300223 
2127 -0.322941 
2128 -0.381725 
2129 -0.067862 
2130 0.353572 
2131 0.059146 
2132 -0.359556 
2133 -0.245649 
2134 0.191684 
2135 0.450940 
2136 0.012783 
2137 -0.436607 
2138 -0.436607 
2139 -0.457713 
2140 0.193884 
2141 0.456419 
2142 0.094674 
2143 0.054846 
2144 -0.127044 
2145 -0.451191 
2146 0.450679 
2147 -0.416259 
2148 -0.451191 
2149 -0.277994 
2150 0.447999 
2151 -0.202068 
2152 0.318238 
2153 -0.139710 
2154 -0.425099 
2155 -0.174219 
2156 0.440199 
2157 0.028174 
2158 -0.184063 
2159 -0.451191 
2160 0.353572 
2161 0.447999 
2162 0.450679 
2163 -0.172469 
2164 -0.001590 
2165 0.059146 
2166 0.394159 
2167 0.353572 
2168 -0.174219 
2169 -0.202068 
2170 -0.228350 
2171 -0.311124 
2172 0.094674 
2173 0.450679 
2174 0.151600 
2175 -0.202068 
2176 0.156408 
2177 -0.313837 
2178 0.410015 
2179 -0.425099 
2180 0.283261 
2181 -0.352100 
2182 -0.245649 
2183 0.450679 
2184 -0.311124 
2185 -0.436607 
2186 -0.457713 
2187 0.135008 
2188 -0.451191 
2189 -0.118101 
2190 0.283261 
2191 0.094674 
2192 0.012783 
2193 -0.108226 
2194 -0.383711 
2195 0.406355 
2196 0.037941 
2197 0.020219 
2198 0.032433 
2199 0.156408 
2200 0.054846 
2201 -0.305116 
2202 -0.381725 
2203 0.051214 
2204 -0.210495 
2205 0.094674 
2206 -0.381725 
2207 -0.347858 
2208 -0.118101 
2209 0.077806 
2210 0.178253 
2211 -0.106491 
2212 0.351620 
2213 0.280793 
2214 -0.172469 
2215 0.353572 
2216 0.481824 
2217 0.065497 
2218 0.085516 
2219 -0.425099 
2220 0.012783 
2221 -0.331463 
2222 -0.416259 
2223 -0.228350 
2224 -0.451121 
2225 0.102575 
2226 -0.437249 
2227 0.365298 
2228 0.447999 
2229 0.260622 
2230 0.135008 
2231 0.307582 
2232 -0.172469 
2233 0.102575 
2234 0.156408 
2235 0.371525 
2236 0.345953 
2237 -0.210222 
2238 0.077813 
2239 0.065497 
2240 0.307582 
2241 0.059146 
2242 0.178253 
2243 0.139985 
2244 0.406355 
2245 0.094674 
2246 0.193768 
2247 0.085516 
2248 0.362403 
2249 -0.172469 
2250 0.036439 
2251 -0.193402 
2252 0.260622 
2253 0.469084 
2254 0.151600 
2255 -0.202068 
2256 0.456419 
2257 -0.118101 
2258 0.191684 
2259 -0.347858 
2260 -0.436607 
2261 -0.277994 
2262 0.353572 
2263 -0.352100 
2264 0.365298 
2265 -0.245649 
2266 -0.134074 
2267 0.191684 
2268 -0.381725 
2269 -0.378506 
2270 0.447999 
2271 -0.341563 
2272 0.353572 
2273 0.094674 
2274 0.478297 
2275 -0.110188 
2276 0.178253 
2277 -0.210495 
2278 0.007761 
2279 -0.118101 
2280 -0.193402 
2281 -0.313837 
2282 -0.202068 
2283 -0.364240 
2284 -0.417377 
2285 0.156408 
2286 -0.407587 
2287 0.021888 
2288 -0.299004 
2289 0.283261 
2290 0.007353 
2291 -0.352100 
2292 0.193884 
2293 0.406355 
2294 -0.067622 
2295 -0.436607 
2296 0.193768 
2297 0.410015 
2298 0.440199 
2299 -0.193402 
2300 -0.058514 
2301 -0.489644 
2302 -0.416259 
2303 0.307582 
2304 -0.436607 
2305 -0.444143 
2306 -0.451121 
2307 -0.311124 
2308 -0.445285 
2309 0.357804 
2310 -0.380480 
2311 -0.341039 
2312 0.307582 
2313 -0.416259 
