1446 1
0 0.487303 
1 0.276824 
2 0.364666 
3 -0.455684 
4 0.123112 
5 -0.368157 
6 -0.449400 
7 0.372338 
8 -0.094598 
9 -0.256039 
10 -0.297831 
11 -0.477404 
12 -0.353978 
13 -0.368157 
14 0.276824 
15 0.044006 
16 -0.245278 
17 0.278636 
18 0.074564 
19 -0.256039 
20 -0.257493 
21 -0.361879 
22 -0.256039 
23 -0.204106 
24 -0.477404 
25 -0.353472 
26 0.350670 
27 0.220295 
28 0.306394 
29 0.145148 
30 0.137040 
31 0.044006 
32 0.306394 
33 0.123112 
34 -0.421091 
35 0.498400 
36 0.276824 
37 0.406449 
38 0.250422 
39 0.496847 
40 0.093588 
41 0.276824 
42 0.276824 
43 -0.366578 
44 -0.329479 
45 0.209289 
46 -0.000773 
47 0.071209 
48 0.250422 
49 -0.309585 
50 -0.079122 
51 0.250422 
52 0.101152 
53 0.344523 
54 -0.257493 
55 0.075404 
56 -0.368157 
57 -0.329479 
58 -0.079122 
59 -0.211847 
60 0.396996 
61 0.258057 
62 -0.026847 
63 0.306394 
64 -0.245278 
65 0.137040 
66 0.306394 
67 -0.383016 
68 -0.079122 
69 -0.245278 
70 -0.062569 
71 -0.110660 
72 -0.213608 
73 0.446595 
74 0.250422 
75 0.075404 
76 0.257283 
77 -0.477404 
78 0.477110 
79 -0.110660 
80 -0.211847 
81 -0.010694 
82 -0.335444 
83 0.250422 
84 0.189765 
85 0.075404 
86 0.250422 
87 0.182435 
88 0.261066 
89 -0.257493 
90 0.487303 
91 0.250422 
92 -0.383016 
93 -0.329479 
94 -0.213608 
95 -0.383016 
96 -0.257493 
97 -0.193113 
98 -0.228256 
99 0.114033 
100 0.355346 
101 0.487463 
102 0.194835 
103 0.364666 
104 0.276824 
105 -0.142934 
106 -0.350166 
107 -0.294634 
108 -0.000773 
109 -0.211847 
110 -0.033676 
111 -0.383016 
112 0.015280 
113 0.446595 
114 -0.010694 
115 -0.010694 
116 -0.294634 
117 0.306394 
118 -0.275066 
119 -0.256039 
120 0.350670 
121 -0.383016 
122 -0.213608 
123 -0.006114 
124 -0.000773 
125 0.205398 
126 -0.107984 
127 0.261066 
128 0.258057 
129 0.137984 
130 0.346845 
131 0.182435 
132 0.132989 
133 -0.294634 
134 -0.294634 
135 -0.091337 
136 -0.211988 
137 -0.023941 
138 0.207744 
139 0.306394 
140 0.132464 
141 0.446595 
142 -0.033676 
143 0.207744 
144 0.137040 
145 -0.026847 
146 -0.091337 
147 0.184926 
148 0.327264 
149 0.189765 
150 -0.211988 
151 0.205398 
152 -0.005512 
153 -0.390899 
154 -0.345694 
155 0.320195 
156 0.174134 
157 -0.383016 
158 0.204934 
159 0.148066 
160 -0.114776 
161 -0.091337 
162 0.419163 
163 0.261066 
164 0.051734 
165 0.074564 
166 0.477110 
167 0.439555 
168 0.148066 
169 0.278636 
170 0.262189 
171 -0.447765 
172 -0.110660 
173 -0.383016 
174 -0.010694 
175 0.101775 
176 0.053742 
177 0.431617 
178 0.085654 
179 -0.062569 
180 0.383812 
181 -0.026847 
182 -0.449400 
183 0.053742 
184 0.355346 
185 -0.329479 
186 -0.062569 
187 0.205398 
188 -0.114776 
189 0.487303 
190 -0.349869 
191 -0.257493 
192 -0.337478 
193 0.355346 
194 0.217338 
195 0.320195 
196 -0.353472 
197 0.074564 
198 0.198996 
199 -0.490864 
200 -0.211988 
201 -0.181405 
202 0.174134 
203 -0.010694 
204 0.458244 
205 0.262189 
206 -0.245278 
207 -0.079122 
208 0.364666 
209 -0.055550 
210 0.344523 
211 0.011225 
212 0.456369 
213 -0.062569 
214 0.053742 
215 0.306747 
216 -0.420231 
217 -0.114776 
218 0.101152 
219 0.439555 
220 0.150482 
221 -0.383016 
222 -0.245278 
223 -0.214353 
224 -0.110660 
225 -0.256039 
226 0.261066 
227 -0.256039 
228 -0.372172 
229 -0.010694 
230 0.434479 
231 0.262189 
232 0.419163 
233 -0.368157 
234 -0.051817 
235 -0.181405 
236 0.195777 
237 -0.307458 
238 -0.000773 
239 -0.368157 
240 0.038303 
241 0.145148 
242 -0.214770 
243 0.204934 
244 0.258057 
245 -0.449400 
246 0.456369 
247 -0.421091 
248 0.355346 
249 -0.091337 
250 0.439555 
251 -0.213608 
252 -0.368157 
253 -0.256039 
254 0.075394 
255 -0.251027 
256 -0.368157 
257 -0.308404 
258 -0.366578 
259 -0.013886 
260 -0.000773 
261 -0.245278 
262 -0.006563 
263 0.258057 
264 0.372338 
265 -0.026847 
266 -0.441997 
267 -0.315580 
268 -0.211988 
269 -0.211988 
270 0.123112 
271 0.419163 
272 0.315494 
273 0.101775 
274 -0.254734 
275 0.355346 
276 0.051734 
277 -0.026773 
278 0.355063 
279 -0.319546 
280 0.261066 
281 -0.353978 
282 0.446595 
283 -0.107984 
284 0.075404 
285 -0.026847 
286 0.276824 
287 0.137984 
288 0.439555 
289 -0.079122 
290 0.439144 
291 0.073859 
292 0.344298 
293 0.184926 
294 -0.181405 
295 -0.026847 
296 -0.121851 
297 0.372338 
298 0.101152 
299 0.050179 
300 0.076874 
301 0.419491 
302 0.182435 
303 -0.333668 
304 -0.110660 
305 -0.213608 
306 -0.309585 
307 -0.281841 
308 -0.349869 
309 -0.308404 
310 -0.337478 
311 0.364666 
312 0.391790 
313 -0.256039 
314 0.182435 
315 0.409727 
316 -0.492689 
317 -0.079122 
318 -0.107984 
319 -0.287027 
320 0.198996 
321 -0.079122 
322 -0.107984 
323 -0.110660 
324 -0.405503 
325 -0.372197 
326 -0.071978 
327 -0.349869 
328 0.053742 
329 0.053742 
330 0.101152 
331 -0.337478 
332 -0.124193 
333 0.075404 
334 0.496847 
335 0.487303 
336 0.319196 
337 -0.440791 
338 0.258057 
339 -0.485683 
340 0.035527 
341 -0.362921 
342 0.481097 
343 0.278636 
344 -0.449400 
345 -0.257493 
346 0.145148 
347 0.261066 
348 0.120206 
349 0.207744 
350 0.051734 
351 0.075404 
352 -0.033676 
353 -0.257493 
354 0.205398 
355 -0.384875 
356 -0.279638 
357 0.074564 
358 -0.433400 
359 0.145148 
360 0.193604 
361 -0.026847 
362 0.076874 
363 -0.257493 
364 0.320195 
365 0.220295 
366 -0.485683 
367 0.075394 
368 0.276824 
369 0.315494 
370 0.250422 
371 0.339322 
372 -0.329479 
373 -0.287027 
374 0.419163 
375 -0.357622 
376 0.051734 
377 -0.455684 
378 0.198996 
379 0.319196 
380 -0.287027 
381 -0.275066 
382 -0.228256 
383 -0.091337 
384 0.204934 
385 0.076187 
386 -0.107984 
387 -0.213608 
388 0.051734 
389 0.284456 
390 -0.152785 
391 0.194835 
392 -0.287027 
393 -0.075700 
394 0.051734 
395 -0.000773 
396 0.350670 
397 0.068429 
398 0.446595 
399 0.055953 
400 -0.212228 
401 -0.091337 
402 0.344298 
403 -0.424674 
404 0.319196 
405 -0.006563 
406 0.409510 
407 -0.091337 
408 -0.447765 
409 0.067651 
410 0.330288 
411 -0.211847 
412 0.475801 
413 0.015141 
414 -0.193113 
415 -0.477404 
416 0.319196 
417 -0.393711 
418 0.015141 
419 0.355063 
420 -0.463645 
421 0.132464 
422 0.344298 
423 0.427176 
424 -0.204106 
425 -0.091337 
426 0.439144 
427 0.074564 
428 -0.015892 
429 -0.006563 
430 0.344523 
431 0.446595 
432 0.498400 
433 0.261066 
434 -0.472692 
435 0.015141 
436 -0.359758 
437 0.475801 
438 -0.384915 
439 0.382943 
440 0.331207 
441 0.093588 
442 -0.107984 
443 0.350670 
444 0.350670 
445 -0.353472 
446 -0.329479 
447 -0.006563 
448 -0.010694 
449 0.350670 
450 0.016093 
451 0.439555 
452 0.029762 
453 0.350670 
454 -0.010694 
455 0.132464 
456 0.158622 
457 -0.393983 
458 0.075404 
459 -0.325690 
460 -0.335444 
461 -0.275066 
462 0.148066 
463 -0.251027 
464 -0.107984 
465 -0.477404 
466 -0.051817 
467 0.075404 
468 0.475801 
469 -0.325690 
470 0.198996 
471 -0.193113 
472 -0.294634 
473 0.446595 
474 -0.071978 
475 -0.416680 
476 -0.211847 
477 0.074564 
478 -0.366578 
479 0.181142 
480 -0.309585 
481 0.059609 
482 0.262242 
483 0.331207 
484 -0.499124 
485 -0.224975 
486 0.075664 
487 -0.132794 
488 -0.325690 
489 0.313817 
490 -0.245278 
491 0.217338 
492 -0.193113 
493 -0.395582 
494 -0.383016 
495 -0.253068 
496 0.226879 
497 0.331207 
498 -0.203651 
499 0.496847 
500 -0.193113 
501 0.262189 
502 0.382791 
503 0.067651 
504 0.309493 
505 -0.204106 
506 0.364666 
507 0.261066 
508 -0.462396 
509 0.137040 
510 0.158622 
511 0.496847 
512 -0.337478 
513 0.035527 
514 -0.366578 
515 -0.253068 
516 0.120206 
517 -0.181405 
518 0.383812 
519 0.350670 
520 -0.420231 
521 -0.026773 
522 0.320195 
523 0.137984 
524 -0.455684 
525 -0.420231 
526 0.075404 
527 -0.214353 
528 -0.214353 
529 0.330288 
530 -0.337478 
531 0.364666 
532 0.011225 
533 0.391790 
534 -0.091337 
535 -0.214353 
536 -0.214353 
537 0.132989 
538 -0.091337 
539 -0.275066 
540 0.477110 
541 -0.127030 
542 -0.449400 
543 -0.015684 
544 -0.304095 
545 -0.026847 
546 0.015280 
547 0.434479 
548 -0.165007 
549 0.075404 
550 0.037996 
551 0.315494 
552 0.166752 
553 0.101775 
554 0.207744 
555 -0.371045 
556 0.346845 
557 0.174134 
558 -0.329479 
559 0.161180 
560 -0.337478 
561 -0.166165 
562 -0.294634 
563 0.331207 
564 0.498400 
565 -0.349869 
566 -0.051817 
567 -0.094598 
568 -0.294634 
569 -0.155075 
570 -0.282490 
571 -0.015684 
572 -0.463645 
573 0.189765 
574 0.309493 
575 -0.211847 
576 -0.071978 
577 -0.142934 
578 0.198996 
579 -0.445629 
580 0.331207 
581 -0.094598 
582 -0.304095 
583 0.498400 
584 -0.362413 
585 -0.455684 
586 -0.243111 
587 0.029762 
588 0.315494 
589 -0.091337 
590 0.331207 
591 -0.013886 
592 0.101775 
593 0.344298 
594 0.498400 
595 0.137040 
596 0.258057 
597 0.161180 
598 -0.011100 
599 0.355346 
600 0.085654 
601 0.068658 
602 0.261066 
603 -0.349869 
604 0.132989 
605 -0.420231 
606 -0.337478 
607 -0.251027 
608 0.317766 
609 -0.015684 
610 0.053371 
611 -0.368157 
612 -0.306108 
613 -0.315580 
614 0.475801 
615 0.347908 
616 -0.362921 
617 0.315494 
618 -0.079122 
619 -0.337478 
620 0.258057 
621 0.101775 
622 -0.228256 
623 0.085654 
624 -0.337478 
625 0.320195 
626 0.409510 
627 0.350670 
628 0.471475 
629 0.409510 
630 0.258057 
631 0.355346 
632 -0.152785 
633 -0.051817 
634 0.204934 
635 -0.315580 
636 0.477110 
637 -0.490864 
638 0.487303 
639 0.198996 
640 0.257283 
641 0.471475 
642 -0.011100 
643 -0.015684 
644 -0.342584 
645 -0.478944 
646 0.418002 
647 -0.306108 
648 0.208022 
649 -0.026773 
650 0.315494 
651 -0.477404 
652 0.477110 
653 0.208022 
654 0.315494 
655 -0.384915 
656 0.154703 
657 0.053371 
658 0.261066 
659 0.074564 
660 0.418002 
661 0.415686 
662 0.306747 
663 -0.493469 
664 -0.257493 
665 -0.371045 
666 -0.055550 
667 0.262189 
668 0.409510 
669 -0.228256 
670 0.396996 
671 -0.329479 
672 -0.275066 
673 0.067651 
674 -0.152785 
675 0.086384 
676 0.382943 
677 0.015141 
678 -0.213608 
679 0.101775 
680 -0.193113 
681 0.471475 
682 -0.253068 
683 0.350670 
684 0.132989 
685 0.166752 
686 0.258057 
687 0.166752 
688 -0.460666 
689 0.498400 
690 0.391790 
691 -0.372172 
692 -0.024352 
693 -0.361879 
694 -0.441997 
695 -0.127030 
696 -0.228256 
697 0.067651 
698 0.161180 
699 0.391790 
700 -0.214353 
701 0.406449 
702 0.474263 
703 0.204934 
704 0.496847 
705 0.101775 
706 0.319196 
707 0.409510 
708 -0.004269 
709 0.409832 
710 0.382791 
711 -0.193113 
712 -0.490864 
713 0.148066 
714 0.471475 
715 0.137984 
716 0.481097 
717 -0.110660 
718 0.132989 
719 -0.011100 
720 0.204934 
721 0.355346 
722 -0.033676 
723 0.101775 
724 -0.124193 
725 0.158622 
726 0.418002 
727 0.119378 
728 0.119378 
729 0.079032 
730 -0.006563 
731 -0.214353 
732 0.156292 
733 0.132464 
734 0.015280 
735 0.434479 
736 -0.147444 
737 -0.462396 
738 -0.024352 
739 0.383812 
740 0.409510 
741 0.276682 
742 -0.114776 
743 0.119378 
744 0.409510 
745 -0.110660 
746 0.145148 
747 -0.455684 
748 -0.055550 
749 0.257283 
750 0.498400 
751 0.226879 
752 -0.110660 
753 0.262189 
754 -0.390899 
755 0.055953 
756 -0.319546 
757 0.396996 
758 -0.015892 
759 -0.477404 
760 0.348319 
761 -0.253068 
762 -0.254734 
763 0.439555 
764 0.220295 
765 0.320195 
766 -0.337478 
767 0.306394 
768 -0.114776 
769 0.075394 
770 -0.181405 
771 -0.147444 
772 -0.193113 
773 -0.333668 
774 -0.282490 
775 0.496847 
776 -0.243111 
777 0.074564 
778 -0.127030 
779 0.396996 
780 0.471475 
781 -0.424674 
782 -0.275066 
783 -0.147444 
784 0.067651 
785 0.120206 
786 0.137984 
787 0.318782 
788 -0.015892 
789 -0.181405 
790 -0.275066 
791 0.475801 
792 -0.315580 
793 -0.015684 
794 0.029762 
795 0.257283 
796 0.406449 
797 0.406449 
798 -0.055550 
799 0.015280 
800 0.132464 
801 -0.253068 
802 -0.026047 
803 0.101152 
804 -0.372197 
805 0.474584 
806 0.496847 
807 -0.147444 
808 -0.315580 
809 -0.105007 
810 0.154703 
811 0.262189 
812 0.290352 
813 0.132464 
814 0.258057 
815 0.158622 
816 -0.004269 
817 -0.024352 
818 -0.015892 
819 0.475801 
820 -0.110660 
821 0.016093 
822 0.195777 
823 -0.353978 
824 -0.366578 
825 -0.024352 
826 -0.325690 
827 0.067651 
828 -0.114776 
829 -0.475488 
830 -0.121851 
831 -0.033676 
832 0.015141 
833 -0.360658 
834 0.016093 
835 -0.420231 
836 0.278636 
837 -0.062569 
838 -0.181405 
839 -0.490864 
840 0.016093 
841 0.382791 
842 -0.204106 
843 -0.024352 
844 0.015141 
845 0.306394 
846 0.439555 
847 0.306394 
848 0.015141 
849 0.148066 
850 -0.127030 
851 -0.319546 
852 -0.390899 
853 -0.024352 
854 0.284456 
855 -0.421091 
856 0.044006 
857 0.207744 
858 -0.282490 
859 -0.256039 
860 -0.015892 
861 0.391790 
862 0.313817 
863 -0.010694 
864 0.015280 
865 0.346845 
866 0.101775 
867 0.309493 
868 0.350670 
869 -0.341327 
870 0.015141 
871 -0.181405 
872 0.205398 
873 -0.055550 
874 0.262242 
875 -0.006563 
876 0.396996 
877 -0.006563 
878 -0.384875 
879 -0.499124 
880 0.317766 
881 0.306394 
882 -0.006114 
883 0.320195 
884 -0.372197 
885 0.132464 
886 0.195777 
887 0.051734 
888 -0.055550 
889 0.496847 
890 0.195777 
891 -0.325690 
892 0.132464 
893 -0.228081 
894 -0.383016 
895 0.383812 
896 0.396996 
897 -0.006563 
898 0.137040 
899 -0.114776 
900 0.383812 
901 0.477110 
902 -0.114776 
903 -0.110660 
904 0.182435 
905 -0.446192 
906 0.028225 
907 -0.304095 
908 -0.390899 
909 0.220295 
910 -0.193113 
911 -0.383016 
912 0.017153 
913 0.278636 
914 0.317766 
915 -0.114776 
916 0.074564 
917 0.148066 
918 0.119378 
919 0.348319 
920 0.051734 
921 0.313817 
922 -0.441997 
923 0.276682 
924 -0.146571 
925 -0.462396 
926 0.015280 
927 0.061858 
928 0.278636 
929 0.372338 
930 0.276682 
931 0.132989 
932 -0.335444 
933 0.015280 
934 -0.494308 
935 -0.251027 
936 0.319196 
937 0.446595 
938 0.258386 
939 -0.447466 
940 0.418002 
941 0.409510 
942 -0.416680 
943 -0.494308 
944 -0.013886 
945 0.053371 
946 0.419491 
947 0.396996 
948 -0.253068 
949 -0.015892 
950 0.220295 
951 0.050179 
952 -0.010694 
953 -0.304095 
954 0.226879 
955 -0.342584 
956 -0.447765 
957 0.137040 
958 -0.383016 
959 -0.349869 
960 -0.254734 
961 -0.204106 
962 -0.228256 
963 -0.329479 
964 0.475801 
965 0.207744 
966 0.355346 
967 0.137040 
968 0.306747 
969 0.396996 
970 0.346845 
971 -0.390899 
972 -0.353436 
973 0.193214 
974 0.015280 
975 0.276682 
976 0.418002 
977 -0.238216 
978 0.487624 
979 -0.325690 
980 0.194835 
981 -0.306108 
982 0.189765 
983 0.198996 
984 -0.004269 
985 0.331207 
986 0.053371 
987 0.079032 
988 0.207744 
989 0.290352 
990 -0.444144 
991 0.364666 
992 0.319196 
993 0.487303 
994 0.320195 
995 -0.010694 
996 -0.004269 
997 0.189765 
998 -0.275066 
999 -0.024352 
1000 0.471475 
1001 -0.447765 
1002 -0.127030 
1003 0.487624 
1004 0.226879 
1005 -0.455684 
1006 0.085654 
1007 -0.371045 
1008 0.015280 
1009 -0.447765 
1010 0.015141 
1011 0.028225 
1012 -0.372197 
1013 0.015141 
1014 0.276682 
1015 0.075664 
1016 0.365343 
1017 -0.360658 
1018 0.446595 
1019 0.372338 
1020 -0.490864 
1021 -0.026047 
1022 -0.006563 
1023 -0.372172 
1024 -0.204106 
1025 -0.107984 
1026 0.364666 
1027 0.496847 
1028 0.207744 
1029 0.446595 
1030 -0.472692 
1031 -0.353978 
1032 0.067651 
1033 0.076874 
1034 0.017153 
1035 0.076187 
1036 -0.372172 
1037 0.053371 
1038 0.217338 
1039 0.074564 
1040 0.364666 
1041 0.205398 
1042 0.037996 
1043 0.055953 
1044 -0.499124 
1045 0.075404 
1046 0.226879 
1047 -0.381623 
1048 0.261066 
1049 0.409727 
1050 -0.275066 
1051 -0.353978 
1052 0.319196 
1053 0.067651 
1054 -0.492689 
1055 -0.010694 
1056 -0.282490 
1057 0.000540 
1058 0.439555 
1059 0.365343 
1060 -0.366578 
1061 0.396996 
1062 0.348319 
1063 -0.238216 
1064 0.320195 
1065 0.076187 
1066 -0.492689 
1067 -0.121851 
1068 0.226879 
1069 0.446595 
1070 -0.460666 
1071 0.226879 
1072 0.268760 
1073 0.258057 
1074 0.391790 
1075 -0.384915 
1076 0.132989 
1077 -0.110660 
1078 0.184926 
1079 -0.214770 
1080 -0.055550 
1081 0.166752 
1082 -0.204106 
1083 -0.214770 
1084 -0.492689 
1085 0.313817 
1086 -0.015892 
1087 0.339322 
1088 -0.490864 
1089 0.415686 
1090 0.207744 
1091 0.258057 
1092 0.075394 
1093 -0.449400 
1094 0.156292 
1095 0.439144 
1096 -0.485683 
1097 -0.360658 
1098 0.372338 
1099 -0.262325 
1100 0.145148 
1101 -0.478944 
1102 -0.026047 
1103 -0.015892 
1104 0.268760 
1105 -0.463413 
1106 -0.124193 
1107 0.074564 
1108 -0.214770 
1109 -0.006114 
1110 0.339322 
1111 0.015141 
1112 0.101152 
1113 0.290352 
1114 -0.006563 
1115 -0.395582 
1116 -0.213608 
1117 0.074564 
1118 -0.245278 
1119 0.035527 
1120 -0.372197 
1121 -0.281841 
1122 0.120206 
1123 0.382791 
1124 -0.013886 
1125 -0.055550 
1126 0.137984 
1127 0.471475 
1128 0.145148 
1129 -0.424674 
1130 0.434479 
1131 0.406449 
1132 0.382791 
1133 -0.146571 
1134 0.148066 
1135 0.313817 
1136 0.372338 
1137 0.427176 
1138 0.261066 
1139 0.209289 
1140 -0.357622 
1141 0.471475 
1142 0.067651 
1143 0.418002 
1144 0.051734 
1145 0.313817 
1146 -0.204106 
1147 0.053371 
1148 0.061858 
1149 0.498400 
1150 -0.490864 
1151 0.439555 
1152 0.458244 
1153 -0.447765 
1154 0.145148 
1155 0.028225 
1156 -0.228081 
1157 0.262189 
1158 0.434479 
1159 0.120206 
1160 -0.333668 
1161 -0.062569 
1162 -0.315580 
1163 0.418002 
1164 -0.238216 
1165 -0.393983 
1166 -0.393711 
1167 -0.349869 
1168 0.150952 
1169 0.226879 
1170 -0.395582 
1171 -0.152785 
1172 -0.447466 
1173 -0.463413 
1174 0.059609 
1175 0.101152 
1176 0.011225 
1177 0.088166 
1178 -0.306108 
1179 -0.393983 
1180 0.017153 
1181 -0.433882 
1182 0.439555 
1183 -0.463413 
1184 0.226879 
1185 -0.384915 
1186 0.471475 
1187 -0.015892 
1188 0.101152 
1189 -0.477404 
1190 -0.353978 
1191 -0.015892 
1192 -0.445629 
1193 0.496847 
1194 -0.026847 
1195 0.418002 
1196 -0.048585 
1197 0.195777 
1198 -0.363874 
1199 -0.204106 
1200 0.073859 
1201 0.120206 
1202 -0.297831 
1203 0.137984 
1204 -0.372197 
1205 0.364666 
1206 0.137040 
1207 0.306394 
1208 -0.238216 
1209 0.220295 
1210 0.474584 
1211 0.050179 
1212 -0.026047 
1213 0.278636 
1214 0.067651 
1215 0.315494 
1216 -0.477404 
1217 -0.015892 
1218 -0.477404 
1219 0.088166 
1220 0.496847 
1221 0.088166 
1222 -0.238216 
1223 0.365343 
1224 -0.384915 
1225 0.161180 
1226 0.189765 
1227 0.428401 
1228 0.050179 
1229 -0.485683 
1230 0.456369 
1231 0.182435 
1232 -0.181405 
1233 0.383812 
1234 0.015280 
1235 -0.006114 
1236 -0.142934 
1237 -0.146571 
1238 0.428401 
1239 -0.011100 
1240 -0.152785 
1241 0.391790 
1242 0.253816 
1243 -0.372197 
1244 0.276824 
1245 0.382791 
1246 0.184926 
1247 0.365343 
1248 0.050179 
1249 0.101152 
1250 0.355346 
1251 -0.211988 
1252 0.498400 
1253 0.344523 
1254 -0.275066 
1255 -0.107984 
1256 0.262242 
1257 -0.251027 
1258 0.132464 
1259 0.258057 
1260 0.250422 
1261 -0.306108 
1262 -0.447466 
1263 -0.306108 
1264 0.364666 
1265 0.372338 
1266 0.017153 
1267 -0.449778 
1268 -0.384915 
1269 -0.490864 
1270 0.458985 
1271 -0.341327 
1272 0.015280 
1273 -0.341327 
1274 -0.493469 
1275 0.331207 
1276 -0.281841 
1277 -0.384915 
1278 -0.447466 
1279 0.075404 
1280 0.278636 
1281 -0.015684 
1282 0.150952 
1283 -0.204106 
1284 -0.253068 
1285 0.446595 
1286 -0.446192 
1287 0.145148 
1288 -0.308404 
1289 -0.146571 
1290 -0.026047 
1291 -0.294634 
1292 -0.152785 
1293 -0.251027 
1294 -0.477404 
1295 -0.395582 
1296 -0.325690 
1297 0.409727 
1298 -0.463645 
1299 0.262189 
1300 0.339322 
1301 -0.004269 
1302 -0.146571 
1303 0.456369 
1304 0.226879 
1305 0.038364 
1306 0.226879 
1307 -0.146571 
1308 0.017153 
1309 -0.297831 
1310 -0.015892 
1311 0.088166 
1312 0.355346 
1313 -0.325690 
1314 0.427176 
1315 -0.494308 
1316 0.059609 
1317 0.276682 
1318 0.198996 
1319 -0.416680 
1320 -0.357622 
1321 -0.499124 
1322 -0.360658 
1323 0.409832 
1324 -0.353978 
1325 -0.353978 
1326 0.193604 
1327 0.050179 
1328 -0.357622 
1329 0.419163 
1330 -0.024352 
1331 0.088166 
1332 -0.492689 
1333 -0.329479 
1334 -0.329479 
1335 -0.434737 
1336 0.456369 
1337 0.038364 
1338 0.382791 
1339 0.195777 
1340 0.011225 
1341 -0.146571 
1342 -0.405503 
1343 -0.304095 
1344 0.318782 
1345 -0.220930 
1346 0.306394 
1347 -0.460666 
1348 -0.026847 
1349 -0.257493 
1350 -0.033676 
1351 0.339322 
1352 0.048561 
1353 -0.337478 
1354 0.207744 
1355 0.372338 
1356 0.073859 
1357 0.204261 
1358 -0.372172 
1359 0.184926 
1360 0.204261 
1361 -0.146571 
1362 0.406449 
1363 0.051734 
1364 0.075664 
1365 -0.152785 
1366 0.475801 
1367 0.496847 
1368 0.207744 
1369 -0.193113 
1370 0.350670 
1371 0.150952 
1372 -0.006114 
1373 -0.372197 
1374 -0.228256 
1375 0.053742 
1376 0.189765 
1377 -0.193113 
1378 0.431617 
1379 -0.420231 
1380 0.439757 
1381 -0.294634 
1382 -0.253068 
1383 0.207744 
1384 0.015141 
1385 -0.181405 
1386 -0.384915 
1387 -0.224975 
1388 -0.368157 
1389 -0.329479 
1390 0.257283 
1391 -0.492689 
1392 0.355063 
1393 -0.152785 
1394 0.477306 
1395 -0.342584 
1396 0.419163 
1397 0.458244 
1398 -0.079122 
1399 0.419491 
1400 -0.214353 
1401 -0.337478 
1402 0.061858 
1403 0.409832 
1404 0.204261 
1405 0.382791 
1406 -0.281841 
1407 0.011225 
1408 -0.220930 
1409 0.101775 
1410 0.011225 
1411 0.290352 
1412 0.250422 
1413 -0.493469 
1414 0.409832 
1415 -0.306108 
1416 -0.363874 
1417 -0.371045 
1418 -0.307458 
1419 0.085654 
1420 0.120206 
1421 0.372338 
1422 -0.228256 
1423 -0.091337 
1424 0.028225 
1425 -0.381623 
1426 -0.062569 
1427 0.418002 
1428 0.320195 
1429 0.257283 
1430 -0.107984 
1431 0.364666 
1432 -0.325690 
1433 0.137984 
1434 0.355346 
1435 -0.315580 
1436 -0.245278 
1437 0.053371 
1438 0.011225 
1439 -0.446192 
1440 0.418002 
1441 -0.342584 
1442 -0.319546 
1443 -0.362413 
1444 -0.213608 
1445 -0.181405 
