958 1
0 -0.318401 
1 0.380346 
2 0.361303 
3 0.068737 
4 0.132840 
5 -0.478519 
6 -0.464969 
7 -0.291108 
8 0.191890 
9 0.189191 
10 0.495986 
11 0.186241 
12 0.173003 
13 -0.487944 
14 0.288381 
15 0.135864 
16 0.244893 
17 0.364720 
18 0.230364 
19 0.191890 
20 0.258147 
21 -0.227573 
22 -0.216370 
23 0.186401 
24 0.364720 
25 -0.421364 
26 0.414915 
27 0.386150 
28 -0.004821 
29 0.244735 
30 -0.005493 
31 -0.210601 
32 -0.092925 
33 0.235229 
34 0.155666 
35 0.081200 
36 0.182840 
37 -0.216370 
38 -0.430101 
39 0.248625 
40 -0.396919 
41 -0.457654 
42 0.414915 
43 -0.328363 
44 -0.390278 
45 -0.005493 
46 0.254422 
47 -0.015162 
48 -0.038329 
49 -0.090655 
50 -0.092925 
51 -0.421708 
52 0.317787 
53 -0.055728 
54 0.311629 
55 -0.430101 
56 0.488497 
57 -0.249211 
58 0.359719 
59 -0.396919 
60 -0.200357 
61 0.186241 
62 -0.390278 
63 -0.357913 
64 -0.074489 
65 -0.396788 
66 -0.449643 
67 0.288381 
68 -0.425368 
69 -0.038329 
70 -0.185451 
71 0.275280 
72 -0.055728 
73 0.488497 
74 -0.249211 
75 -0.185451 
76 0.022259 
77 -0.323572 
78 0.417822 
79 0.156728 
80 0.072978 
81 -0.078126 
82 -0.393522 
83 0.421766 
84 0.179142 
85 0.010112 
86 0.022259 
87 0.342429 
88 0.086110 
89 -0.473112 
90 -0.469538 
91 0.475353 
92 -0.393522 
93 0.441844 
94 0.086110 
95 0.441844 
96 -0.365843 
97 -0.428653 
98 -0.365843 
99 -0.012727 
100 0.040289 
101 -0.075940 
102 -0.394223 
103 -0.387825 
104 -0.210400 
105 0.275280 
106 -0.076050 
107 0.472322 
108 0.404642 
109 0.039258 
110 -0.256430 
111 -0.473112 
112 -0.394223 
113 -0.303208 
114 -0.210400 
115 -0.282505 
116 0.404642 
117 -0.460900 
118 -0.256430 
119 0.189602 
120 -0.301860 
121 0.473343 
122 0.068737 
123 0.336929 
124 0.451585 
125 -0.301860 
126 0.198268 
127 0.010894 
128 0.132840 
129 -0.450136 
130 0.024362 
131 -0.464969 
132 -0.163587 
133 0.189191 
134 0.336929 
135 0.448773 
136 -0.242576 
137 0.173003 
138 -0.341084 
139 -0.476021 
140 -0.273243 
141 0.451585 
142 -0.028090 
143 0.010894 
144 0.135864 
145 -0.494978 
146 -0.027013 
147 0.497112 
148 0.244893 
149 0.191890 
150 0.246067 
151 0.364720 
152 0.449196 
153 -0.359477 
154 -0.196557 
155 -0.216370 
156 0.467617 
157 -0.199602 
158 -0.235701 
159 0.285074 
160 0.414915 
161 -0.376849 
162 -0.005493 
163 0.072978 
164 -0.097773 
165 -0.450136 
166 -0.341084 
167 -0.092925 
168 -0.430101 
169 -0.217590 
170 -0.428653 
171 -0.273243 
172 -0.396919 
173 -0.390278 
174 -0.038329 
175 0.122383 
176 0.027573 
177 0.039092 
178 0.037089 
179 -0.055728 
180 0.488497 
181 -0.249211 
182 0.257997 
183 -0.006578 
184 0.431829 
185 0.247255 
186 0.034993 
187 0.186401 
188 0.339581 
189 -0.421364 
190 0.386150 
191 -0.004821 
192 0.333213 
193 0.473343 
194 0.009020 
195 -0.196557 
196 -0.199602 
197 -0.185451 
198 0.122383 
199 0.244735 
200 0.022259 
201 -0.368612 
202 0.155666 
203 -0.328363 
204 0.254422 
205 0.246067 
206 0.449196 
207 -0.015162 
208 -0.217590 
209 -0.090655 
210 -0.200357 
211 0.039092 
212 -0.393522 
213 0.009020 
214 0.186241 
215 0.027573 
216 0.086110 
217 -0.153728 
218 0.288381 
219 0.236826 
220 0.037089 
221 0.275280 
222 -0.473112 
223 0.441844 
224 -0.006578 
225 -0.365843 
226 0.186401 
227 -0.394223 
228 -0.012727 
229 -0.192572 
230 0.040289 
231 0.473041 
232 -0.421364 
233 -0.067234 
234 -0.210400 
235 0.386150 
236 0.404642 
237 -0.004821 
238 -0.256430 
239 -0.301860 
240 0.336929 
241 0.244735 
242 -0.153728 
243 -0.387825 
244 0.155666 
245 0.451585 
246 -0.328363 
247 0.010894 
248 -0.450136 
249 0.254422 
250 0.472322 
251 0.236826 
252 0.460701 
253 -0.341084 
254 -0.273243 
255 0.246067 
256 -0.460900 
257 0.449196 
258 -0.217590 
259 0.189602 
260 0.068737 
261 0.473041 
262 0.258822 
263 -0.067234 
264 -0.015162 
265 -0.342143 
266 0.132840 
267 0.027573 
268 -0.464969 
269 0.460701 
270 0.037089 
271 -0.342143 
272 0.189191 
273 -0.090655 
274 0.173003 
275 -0.234302 
276 0.235409 
277 0.135864 
278 -0.006578 
279 -0.234302 
280 -0.200357 
281 -0.185196 
282 0.235409 
283 -0.012727 
284 0.040289 
285 -0.387825 
286 0.472322 
287 -0.460900 
288 0.244893 
289 0.189602 
290 -0.405942 
291 -0.185196 
292 0.179142 
293 0.179142 
294 -0.076050 
295 0.472322 
296 0.010112 
297 0.342429 
298 0.010112 
299 -0.210400 
300 -0.076050 
301 0.472322 
302 0.404642 
303 0.275280 
304 0.342429 
305 -0.393522 
306 0.404642 
307 0.275280 
308 -0.473112 
309 0.475353 
310 0.086110 
311 -0.256430 
312 -0.473112 
313 -0.256430 
314 0.086110 
315 0.086110 
316 0.475353 
317 -0.473112 
318 -0.394223 
319 -0.303208 
320 0.399240 
321 -0.473112 
322 -0.393522 
323 0.027425 
324 -0.210400 
325 -0.039022 
326 -0.394223 
327 -0.303208 
328 0.441844 
329 0.441844 
330 -0.286994 
331 0.404642 
332 -0.460900 
333 0.441844 
334 -0.460900 
335 -0.256430 
336 0.189602 
337 0.189602 
338 -0.301860 
339 -0.365843 
340 -0.301860 
341 -0.105345 
342 -0.365843 
343 -0.365843 
344 0.040289 
345 -0.191860 
346 -0.210400 
347 -0.394223 
348 -0.012727 
349 0.040289 
350 -0.387825 
351 0.068737 
352 0.336929 
353 0.451585 
354 -0.394223 
355 0.451585 
356 0.397243 
357 -0.352653 
358 -0.113093 
359 -0.301860 
360 0.198268 
361 0.010894 
362 0.068737 
363 0.499077 
364 0.198268 
365 0.281873 
366 0.132840 
367 -0.213581 
368 -0.210400 
369 0.347487 
370 0.132840 
371 0.413695 
372 -0.301860 
373 -0.225024 
374 -0.450136 
375 -0.260907 
376 -0.072450 
377 -0.325270 
378 -0.305614 
379 0.208358 
380 -0.464969 
381 0.123865 
382 0.107280 
383 0.197377 
384 -0.212121 
385 0.404642 
386 -0.256430 
387 0.345813 
388 -0.180130 
389 -0.258595 
390 -0.439377 
391 -0.163587 
392 0.231821 
393 -0.163587 
394 0.189191 
395 -0.242576 
396 0.464101 
397 -0.031344 
398 0.189191 
399 0.336929 
400 0.229968 
401 -0.054234 
402 0.316181 
403 -0.464969 
404 0.173003 
405 -0.169332 
406 -0.315673 
407 0.025062 
408 -0.242576 
409 -0.341084 
410 -0.463403 
411 0.206772 
412 0.232769 
413 -0.341084 
414 0.031166 
415 0.496326 
416 -0.273269 
417 -0.218809 
418 0.271317 
419 -0.273243 
420 0.180024 
421 0.154004 
422 -0.273243 
423 -0.164583 
424 0.336929 
425 -0.453071 
426 0.010894 
427 0.451585 
428 0.193860 
429 0.081907 
430 0.381255 
431 0.451585 
432 -0.028090 
433 -0.028090 
434 -0.404205 
435 -0.498733 
436 -0.283030 
437 0.010894 
438 0.497112 
439 -0.450136 
440 0.010894 
441 0.497112 
442 0.191890 
443 0.244893 
444 -0.066452 
445 0.135864 
446 -0.494978 
447 -0.027013 
448 -0.065459 
449 0.133023 
450 0.364720 
451 0.051828 
452 0.244893 
453 0.246067 
454 -0.463195 
455 0.364720 
456 0.449196 
457 0.173003 
458 -0.325874 
459 0.336929 
460 0.351344 
461 -0.430428 
462 -0.359477 
463 -0.357514 
464 -0.207197 
465 -0.359477 
466 -0.216370 
467 -0.445528 
468 -0.051693 
469 -0.199602 
470 0.359342 
471 -0.190047 
472 -0.216370 
473 0.235750 
474 0.312111 
475 0.144074 
476 0.117333 
477 0.449196 
478 -0.318548 
479 0.458805 
480 0.140184 
481 -0.420778 
482 -0.196557 
483 -0.476021 
484 -0.235701 
485 -0.368612 
486 0.258822 
487 -0.494978 
488 -0.027013 
489 -0.376849 
490 -0.405942 
491 0.380346 
492 0.361303 
493 -0.376849 
494 0.414915 
495 -0.291108 
496 -0.487944 
497 -0.227573 
498 0.414915 
499 0.135864 
500 -0.450136 
501 -0.097773 
502 -0.005493 
503 -0.210601 
504 0.081200 
505 0.182840 
506 -0.005493 
507 -0.450136 
508 -0.097773 
509 -0.341084 
510 0.248625 
511 0.317787 
512 -0.378267 
513 -0.009996 
514 -0.341084 
515 -0.092925 
516 0.191890 
517 0.117333 
518 -0.318548 
519 0.458805 
520 -0.430101 
521 -0.217590 
522 0.246067 
523 -0.217590 
524 0.140184 
525 -0.420778 
526 0.159001 
527 -0.020094 
528 -0.396919 
529 -0.104137 
530 -0.494269 
531 -0.273243 
532 -0.235340 
533 -0.396919 
534 0.269815 
535 0.227154 
536 -0.390278 
537 -0.136325 
538 -0.436235 
539 -0.390278 
540 -0.338512 
541 0.384376 
542 0.092863 
543 -0.232693 
544 0.491939 
545 -0.424123 
546 -0.199602 
547 0.491939 
548 -0.424123 
549 -0.119174 
550 0.488497 
551 -0.430101 
552 -0.092925 
553 0.037089 
554 -0.055728 
555 0.187498 
556 -0.249211 
557 0.338774 
558 -0.357514 
559 -0.249211 
560 0.257997 
561 -0.207197 
562 -0.445528 
563 -0.051693 
564 0.359342 
565 0.257997 
566 -0.006578 
567 0.431829 
568 0.247255 
569 0.186401 
570 0.034993 
571 -0.190047 
572 0.034993 
573 0.247255 
574 0.235750 
575 0.312111 
576 0.144074 
577 0.186401 
578 -0.318879 
579 0.339581 
580 0.037089 
581 0.332472 
582 -0.055728 
583 0.488497 
584 0.386150 
585 0.109303 
586 0.386150 
587 -0.494581 
588 0.417545 
589 -0.273243 
590 -0.038329 
591 0.102122 
592 0.021827 
593 0.333213 
594 0.027573 
595 -0.072936 
596 -0.038329 
597 0.272894 
598 0.011206 
599 0.122383 
600 0.027573 
601 0.122383 
602 0.039092 
603 -0.427994 
604 0.039092 
605 0.333213 
606 0.115239 
607 0.009020 
608 0.098657 
609 -0.179685 
610 -0.276063 
611 0.339581 
612 0.244735 
613 0.022259 
614 -0.421364 
615 -0.004821 
616 0.156093 
617 -0.421364 
618 -0.070092 
619 -0.004821 
620 0.043649 
621 0.155666 
622 -0.207433 
623 0.246067 
624 -0.006578 
625 0.376803 
626 0.451706 
627 0.327390 
628 0.155666 
629 -0.328363 
630 0.254422 
631 0.431829 
632 0.449196 
633 -0.150325 
634 0.368122 
635 0.141140 
636 0.246067 
637 -0.217590 
638 -0.311828 
639 0.374041 
640 0.178441 
641 -0.328363 
642 0.254422 
643 -0.015162 
644 -0.037186 
645 -0.499451 
646 -0.248667 
647 -0.170963 
648 0.284622 
649 -0.090655 
650 0.449196 
651 -0.253737 
652 0.346940 
653 -0.138916 
654 -0.449855 
655 -0.090655 
656 -0.200357 
657 0.244735 
658 0.022259 
659 -0.449035 
660 0.425397 
661 -0.117159 
662 -0.185451 
663 -0.499453 
664 0.248590 
665 -0.014113 
666 -0.185451 
667 0.005611 
668 0.284041 
669 -0.193560 
670 0.295995 
671 0.160629 
672 0.108236 
673 0.414879 
674 -0.140564 
675 0.009020 
676 0.291170 
677 0.244177 
678 0.156511 
679 0.051828 
680 -0.463195 
681 0.039092 
682 -0.325874 
683 0.351344 
684 -0.200357 
685 -0.393522 
686 0.009020 
687 -0.473112 
688 0.009020 
689 -0.430428 
690 -0.378267 
691 0.186241 
692 0.027573 
693 -0.009996 
694 -0.242853 
695 0.145464 
696 0.186241 
697 0.027573 
698 0.086110 
699 -0.015162 
700 0.086110 
701 -0.441102 
702 0.342222 
703 -0.323161 
704 0.453872 
705 -0.217590 
706 -0.164141 
707 -0.273348 
708 -0.042315 
709 0.403051 
710 -0.153728 
711 0.288381 
712 0.236826 
713 0.037089 
714 0.053968 
715 0.236826 
716 -0.192572 
717 -0.321641 
718 0.037089 
719 -0.455910 
720 0.275280 
721 -0.393522 
722 0.238097 
723 0.412089 
724 0.375013 
725 0.275280 
726 -0.473112 
727 -0.173675 
728 -0.080016 
729 -0.210400 
730 0.386150 
731 -0.006578 
732 0.441844 
733 0.186401 
734 0.345813 
735 0.441844 
736 -0.006578 
737 -0.365843 
738 -0.153728 
739 -0.365843 
740 0.186401 
741 0.288381 
742 0.490382 
743 -0.192572 
744 -0.312572 
745 -0.233558 
746 -0.004821 
747 -0.394223 
748 0.150979 
749 0.167638 
750 -0.203882 
751 0.023748 
752 -0.436485 
753 -0.066630 
754 -0.388632 
755 0.040289 
756 0.473041 
757 0.040289 
758 0.473041 
759 -0.210400 
760 -0.387825 
761 0.386150 
762 -0.140564 
763 0.291170 
764 0.244177 
765 0.404642 
766 -0.004821 
767 0.451585 
768 0.156511 
769 0.404642 
770 0.159001 
771 -0.020094 
772 -0.256430 
773 -0.394223 
774 -0.012727 
775 -0.104137 
776 -0.494269 
777 -0.256430 
778 -0.301860 
779 -0.421364 
780 -0.012727 
781 -0.235340 
782 -0.301860 
783 0.336929 
784 0.269815 
785 -0.421364 
786 0.227154 
787 -0.136325 
788 -0.436235 
789 -0.067234 
790 -0.338512 
791 0.336929 
792 0.244735 
793 -0.067234 
794 0.384376 
795 0.244735 
796 0.092863 
797 -0.232693 
798 0.460701 
799 -0.387825 
800 0.155666 
801 -0.341084 
802 -0.180130 
803 -0.258595 
804 0.155666 
805 0.451585 
806 -0.439377 
807 0.231821 
808 -0.328363 
809 0.246067 
810 0.464101 
811 -0.328363 
812 -0.031344 
813 0.229968 
814 0.010894 
815 -0.450136 
816 -0.054234 
817 0.010894 
818 -0.450136 
819 0.316181 
820 -0.169332 
821 0.254422 
822 -0.315673 
823 0.025062 
824 0.254422 
825 0.472322 
826 -0.463403 
827 0.472322 
828 0.206772 
829 0.232769 
830 -0.341084 
831 0.031166 
832 0.246067 
833 0.496326 
834 -0.242853 
835 -0.015162 
836 -0.273243 
837 0.145464 
838 -0.273243 
839 -0.441102 
840 0.342222 
841 -0.323161 
842 0.449196 
843 -0.217590 
844 0.453872 
845 0.027425 
846 -0.217590 
847 0.189602 
848 0.189602 
849 -0.039022 
850 -0.286994 
851 -0.105345 
852 0.068737 
853 -0.191860 
854 0.490382 
855 -0.312572 
856 -0.233558 
857 0.150979 
858 0.460701 
859 -0.015162 
860 0.167638 
861 -0.203882 
862 0.023748 
863 -0.436485 
864 -0.066630 
865 -0.388632 
866 -0.460900 
867 0.449196 
868 -0.460900 
869 -0.119174 
870 0.187498 
871 0.338774 
872 -0.342143 
873 0.132840 
874 -0.273269 
875 0.132840 
876 0.027573 
877 -0.218809 
878 0.027573 
879 -0.464969 
880 0.037089 
881 -0.464969 
882 0.068737 
883 -0.164141 
884 -0.273348 
885 0.460701 
886 0.173003 
887 -0.042315 
888 -0.342143 
889 0.403051 
890 0.053968 
891 -0.321641 
892 -0.455910 
893 0.238097 
894 0.412089 
895 0.375013 
896 -0.173675 
897 -0.080016 
898 0.037089 
899 0.189191 
900 -0.152569 
901 0.169379 
902 0.001360 
903 0.173003 
904 -0.215754 
905 0.189191 
906 -0.090655 
907 -0.137308 
908 -0.200357 
909 -0.006578 
910 -0.090655 
911 0.235409 
912 -0.234302 
913 -0.465051 
914 -0.200357 
915 -0.006578 
916 0.135864 
917 0.235409 
918 -0.234302 
919 -0.061820 
920 0.494718 
921 0.135864 
922 -0.316669 
923 0.242080 
924 -0.292985 
925 -0.084349 
926 -0.449482 
927 0.162386 
928 0.150425 
929 -0.264886 
930 -0.185196 
931 -0.012727 
932 0.235409 
933 -0.185196 
934 -0.012727 
935 0.235409 
936 0.040289 
937 0.128234 
938 0.040289 
939 -0.387825 
940 -0.090333 
941 -0.387825 
942 0.472322 
943 0.472322 
944 -0.460900 
945 0.244893 
946 -0.460900 
947 0.244893 
948 0.189602 
949 -0.185196 
950 0.189602 
951 0.363659 
952 -0.185196 
953 -0.373057 
954 -0.242724 
955 0.482199 
956 0.048496 
957 -0.193151 
