1446 1
0 -1.759361 
1 1.624717 
2 1.976568 
3 1.761918 
4 2.029420 
5 -1.093554 
6 1.012290 
7 2.004266 
8 1.808166 
9 -1.021553 
10 1.514422 
11 1.807961 
12 2.084470 
13 -1.265399 
14 2.160539 
15 1.292623 
16 1.327375 
17 2.305041 
18 0.290565 
19 1.069094 
20 1.899123 
21 2.405689 
22 -0.747329 
23 -0.603970 
24 0.932867 
25 1.791481 
26 1.120450 
27 1.586926 
28 1.303181 
29 2.235168 
30 -0.627632 
31 1.582869 
32 1.694849 
33 1.839214 
34 1.449927 
35 0.031208 
36 1.118724 
37 1.886190 
38 0.768207 
39 1.564464 
40 1.297681 
41 1.213771 
42 1.293356 
43 1.648310 
44 1.875693 
45 1.490525 
46 -0.901630 
47 1.664533 
48 1.531015 
49 1.331457 
50 1.331234 
51 1.320629 
52 2.060223 
53 -0.772790 
54 0.898731 
55 1.736034 
56 -1.091214 
57 1.305465 
58 1.866609 
59 1.748489 
60 2.285376 
61 0.172136 
62 0.824859 
63 1.437799 
64 0.761344 
65 1.993942 
66 1.987939 
67 -0.682226 
68 1.821576 
69 -1.173131 
70 1.338415 
71 1.754768 
72 1.782203 
73 1.622431 
74 -0.782068 
75 1.560897 
76 1.789760 
77 0.645197 
78 1.915963 
79 0.850685 
80 -0.475009 
81 -0.775265 
82 2.487492 
83 1.778270 
84 -1.275112 
85 1.967512 
86 -0.749748 
87 2.238544 
88 0.867649 
89 -0.681747 
90 1.657748 
91 2.367910 
92 1.433288 
93 1.163512 
94 1.418117 
95 1.378907 
96 -1.235671 
97 1.787248 
98 1.589714 
99 1.645703 
100 1.181740 
101 1.452577 
102 1.238353 
103 1.648512 
104 2.187128 
105 2.180506 
106 -0.789965 
107 -0.609043 
108 2.221619 
109 -0.467380 
110 -0.516884 
111 2.262200 
112 1.479900 
113 1.814702 
114 -1.017054 
115 1.736024 
116 -0.806222 
117 -0.991113 
118 2.045460 
119 2.294090 
120 0.313128 
121 2.260423 
122 1.291193 
123 1.239848 
124 -1.299132 
125 1.628056 
126 1.246883 
127 1.834572 
128 1.793756 
129 2.023340 
130 0.797292 
131 -0.873862 
132 -5.070890 
133 1.403213 
134 -0.186385 
135 -0.516443 
136 2.157975 
137 -0.962991 
138 1.099495 
139 1.483656 
140 -1.067150 
141 2.290265 
142 -0.584677 
143 1.931919 
144 -0.652383 
145 1.669042 
146 1.705642 
147 1.614194 
148 1.193048 
149 1.647922 
150 1.854095 
151 0.738825 
152 1.726007 
153 1.816475 
154 1.631701 
155 -0.501529 
156 1.607453 
157 1.431795 
158 0.434903 
159 1.741905 
160 1.528967 
161 1.433851 
162 -0.323157 
163 1.973859 
164 -0.905838 
165 0.312690 
166 1.959839 
167 2.198730 
168 -0.168815 
169 2.081463 
170 1.637158 
171 1.238461 
172 1.907431 
173 0.199800 
174 2.255014 
175 -0.722661 
176 -0.970652 
177 1.309523 
178 1.929303 
179 1.717644 
180 1.270044 
181 1.868507 
182 1.864559 
183 -0.818642 
184 1.512582 
185 1.668639 
186 1.217927 
187 0.976539 
188 1.511575 
189 1.980070 
190 1.446612 
191 -0.284093 
192 -0.854635 
193 2.116265 
194 2.203623 
195 -0.641887 
196 2.104426 
197 1.833159 
198 0.583781 
199 0.017121 
200 1.419592 
201 -0.676880 
202 1.679095 
203 1.878325 
204 1.906307 
205 1.687583 
206 1.377948 
207 -0.079396 
208 1.589290 
209 1.528131 
210 1.389194 
211 1.161111 
212 -0.451618 
213 2.153829 
214 1.255479 
215 1.600196 
216 -0.809337 
217 2.327206 
218 0.863810 
219 1.521395 
220 -0.446286 
221 1.493626 
222 1.330353 
223 2.043928 
224 1.289400 
225 1.485477 
226 1.339801 
227 1.380903 
228 1.963921 
229 -1.079579 
230 1.754905 
231 1.259878 
232 2.456221 
233 -0.640235 
234 1.794050 
235 -0.647336 
236 -0.001705 
237 1.968723 
238 2.037821 
239 0.671189 
240 -0.401921 
241 1.415281 
242 2.253460 
243 1.128209 
244 1.821324 
245 0.042019 
246 1.774226 
247 1.399780 
248 2.219974 
249 -0.528947 
250 2.172913 
251 -0.464908 
252 -0.759778 
253 -0.115019 
254 1.942291 
255 2.277239 
256 -0.545984 
257 2.084244 
258 1.561600 
259 1.143700 
260 -1.075023 
261 1.706758 
262 2.062484 
263 1.020307 
264 1.757358 
265 0.688681 
266 1.485704 
267 1.462162 
268 1.134968 
269 2.072935 
270 1.613570 
271 0.328905 
272 -0.356963 
273 1.534253 
274 1.437618 
275 2.096636 
276 -0.933949 
277 2.318419 
278 1.746757 
279 0.414490 
280 1.604195 
281 1.344683 
282 1.809476 
283 -1.073896 
284 1.086612 
285 -0.753813 
286 1.916804 
287 1.741650 
288 0.928314 
289 1.331800 
290 1.225398 
291 1.948292 
292 1.716455 
293 1.453617 
294 -0.991690 
295 2.026642 
296 1.669061 
297 -0.309049 
298 1.878790 
299 1.522654 
300 -0.105991 
301 2.184086 
302 -1.094839 
303 2.014258 
304 1.551782 
305 1.804355 
306 -0.969226 
307 1.570004 
308 -0.548087 
309 2.341322 
310 -0.432154 
311 1.893594 
312 -2.857665 
313 1.318596 
314 -0.193931 
315 1.740841 
316 0.188554 
317 2.325459 
318 -0.556569 
319 1.961161 
320 1.355448 
321 1.812133 
322 -0.837595 
323 1.662964 
324 2.116173 
325 1.435593 
326 1.487401 
327 -0.993285 
328 1.782556 
329 1.692280 
330 1.834601 
331 -0.321706 
332 -0.914834 
333 1.602378 
334 1.052406 
335 2.263819 
336 0.999702 
337 1.775651 
338 0.774609 
339 1.734345 
340 1.696190 
341 1.684964 
342 -0.080412 
343 1.626393 
344 1.866021 
345 2.063844 
346 0.691672 
347 0.394380 
348 1.745794 
349 -0.871672 
350 0.998664 
351 2.193860 
352 1.708878 
353 0.892650 
354 1.014182 
355 1.745787 
356 1.731462 
357 -0.607687 
358 1.642520 
359 1.616561 
360 1.945139 
361 -0.886474 
362 0.611849 
363 1.878663 
364 1.838793 
365 1.273395 
366 1.928844 
367 -0.493707 
368 1.140626 
369 1.080951 
370 1.471898 
371 1.876376 
372 1.407673 
373 1.537576 
374 2.009829 
375 -0.399075 
376 1.494576 
377 0.653946 
378 1.545270 
379 1.544570 
380 0.872368 
381 1.929299 
382 1.976635 
383 -1.082360 
384 1.204129 
385 2.023357 
386 1.672126 
387 -0.575808 
388 1.347631 
389 1.964295 
390 -0.738392 
391 1.660142 
392 1.361503 
393 2.035307 
394 1.379673 
395 -0.856035 
396 -0.996024 
397 1.617009 
398 1.519029 
399 1.723036 
400 1.063424 
401 -1.185183 
402 1.973546 
403 1.729048 
404 1.494096 
405 -0.798985 
406 1.578171 
407 1.789958 
408 -0.285122 
409 1.747992 
410 1.604399 
411 1.703943 
412 -0.335229 
413 2.121064 
414 2.082603 
415 -0.980649 
416 1.939473 
417 1.728945 
418 1.212383 
419 -0.114033 
420 1.597311 
421 -0.779996 
422 1.891650 
423 1.548688 
424 -0.556289 
425 0.639312 
426 2.880872 
427 -1.321699 
428 1.824529 
429 -1.005886 
430 2.087274 
431 0.795687 
432 1.512952 
433 1.958778 
434 0.758210 
435 0.961785 
436 1.738859 
437 1.258148 
438 1.937581 
439 -0.522053 
440 2.367916 
441 0.080105 
442 1.836917 
443 -0.468402 
444 -0.334457 
445 2.172226 
446 2.069428 
447 -0.627979 
448 1.623032 
449 -0.984944 
450 1.512046 
451 2.057644 
452 1.711633 
453 2.549383 
454 -1.009527 
455 -0.364529 
456 1.265595 
457 1.841464 
458 -1.151097 
459 1.752030 
460 1.841170 
461 2.262375 
462 0.401174 
463 -0.490471 
464 2.048325 
465 -0.586112 
466 -0.412890 
467 2.197831 
468 1.270199 
469 0.096209 
470 1.508584 
471 1.925406 
472 1.159261 
473 1.346535 
474 1.593878 
475 1.328804 
476 1.786021 
477 1.321536 
478 0.941379 
479 1.437421 
480 1.809480 
481 1.697487 
482 1.559656 
483 -0.766061 
484 -0.552954 
485 2.360149 
486 1.926843 
487 -0.488683 
488 1.840974 
489 -0.417441 
490 2.040244 
491 1.281963 
492 0.797748 
493 1.527020 
494 1.868205 
495 1.087262 
496 1.535027 
497 0.922586 
498 1.677145 
499 1.157357 
500 1.435438 
501 1.432282 
502 1.822350 
503 0.462405 
504 1.468206 
505 1.187503 
506 1.005530 
507 1.807219 
508 1.817966 
509 1.841767 
510 -0.342741 
511 1.406645 
512 1.170748 
513 1.661623 
514 0.520557 
515 1.814186 
516 1.362947 
517 1.664547 
518 1.845893 
519 -1.129675 
520 -1.044363 
521 1.627726 
522 2.062843 
523 1.355000 
524 2.151175 
525 -0.850395 
526 -1.102606 
527 2.002616 
528 0.648721 
529 2.079493 
530 1.622237 
531 0.523843 
532 1.689966 
533 1.633187 
534 1.121668 
535 0.828422 
536 1.737378 
537 1.417607 
538 -1.052309 
539 1.746666 
540 -0.728964 
541 1.737531 
542 1.857503 
543 1.464113 
544 -1.123312 
545 2.019603 
546 -0.888891 
547 2.289017 
548 2.021417 
549 -0.900532 
550 1.088736 
551 1.773865 
552 1.598788 
553 1.265069 
554 -0.585908 
555 2.100945 
556 1.700751 
557 1.650422 
558 1.155703 
559 0.688767 
560 -0.861695 
561 1.723503 
562 2.492835 
563 -0.671911 
564 -0.753366 
565 1.809887 
566 1.304350 
567 1.896931 
568 0.780263 
569 1.564085 
570 1.596330 
571 1.435907 
572 1.479337 
573 -2.563207 
574 1.125808 
575 1.607117 
576 1.801011 
577 -1.011012 
578 1.208035 
579 1.956704 
580 1.110752 
581 1.965128 
582 1.786745 
583 -0.072796 
584 0.859814 
585 1.374585 
586 1.511449 
587 1.630559 
588 1.749646 
589 -1.016401 
590 2.268277 
591 0.559116 
592 0.781753 
593 1.901846 
594 1.567511 
595 1.063436 
596 -0.692659 
597 -0.434841 
598 2.105038 
599 2.202428 
600 1.597218 
601 1.046986 
602 1.010943 
603 1.672271 
604 -0.372034 
605 -0.723566 
606 1.963146 
607 2.247625 
608 1.553352 
609 1.613518 
610 -1.007193 
611 1.861231 
612 0.419333 
613 1.816955 
614 -0.377604 
615 2.283948 
616 -1.712459 
617 1.700006 
618 2.456170 
619 -0.886661 
620 1.274974 
621 1.458997 
622 0.412897 
623 1.951896 
624 2.227606 
625 -0.841930 
626 2.139165 
627 -0.498119 
628 1.563544 
629 -1.148520 
630 1.611893 
631 1.728222 
632 -1.175629 
633 -0.489935 
634 2.191744 
635 2.106567 
636 -0.841825 
637 1.862984 
638 1.558005 
639 1.570435 
640 0.684586 
641 -0.600582 
642 2.414259 
643 1.495727 
644 1.875118 
645 -0.554764 
646 1.399610 
647 1.782188 
648 1.806139 
649 1.588671 
650 0.035662 
651 1.594195 
652 -0.448458 
653 2.372066 
654 1.864942 
655 -1.219900 
656 1.652473 
657 1.008299 
658 0.746127 
659 1.922137 
660 0.414480 
661 2.005166 
662 1.208935 
663 1.473289 
664 1.391432 
665 1.799741 
666 1.697850 
667 -0.724953 
668 1.207462 
669 0.671540 
670 1.284091 
671 2.077409 
672 -0.814753 
673 2.295645 
674 -0.972104 
675 2.027195 
676 -0.388243 
677 0.496915 
678 2.160518 
679 1.991595 
680 2.054239 
681 -0.518356 
682 2.283330 
683 -0.504155 
684 -0.984549 
685 1.679122 
686 1.358260 
687 1.887743 
688 2.101471 
689 2.132697 
690 0.225668 
691 -0.379518 
692 -0.587618 
693 2.214009 
694 -0.656508 
695 2.095749 
696 1.504573 
697 1.884930 
698 0.203088 
699 1.436984 
700 1.397051 
701 1.334481 
702 1.339495 
703 1.343468 
704 1.802467 
705 -0.955496 
706 1.699265 
707 1.472624 
708 1.923341 
709 1.298891 
710 -0.849185 
711 1.728871 
712 1.470602 
713 1.175319 
714 -0.770369 
715 2.160850 
716 -0.703202 
717 2.048117 
718 -0.605995 
719 2.319342 
720 -0.864889 
721 0.963545 
722 1.578633 
723 2.228345 
724 2.258879 
725 0.921506 
726 1.619531 
727 -0.763810 
728 -1.438378 
729 -0.569630 
730 -0.939527 
731 3.236470 
732 1.794419 
733 1.580737 
734 1.490442 
735 -1.299543 
736 1.835127 
737 1.575151 
738 -1.225041 
739 1.565711 
740 1.883995 
741 2.330321 
742 -0.592947 
743 -0.815450 
744 1.920102 
745 1.743825 
746 -0.317389 
747 1.307452 
748 1.661487 
749 0.184194 
750 1.489400 
751 1.638055 
752 -0.154228 
753 2.817510 
754 -1.027864 
755 1.473913 
756 0.033442 
757 1.458117 
758 1.998361 
759 1.350545 
760 1.147327 
761 0.952396 
762 1.525703 
763 1.693121 
764 1.608747 
765 -0.320384 
766 1.554278 
767 1.913644 
768 1.516533 
769 -0.170148 
770 1.785391 
771 1.663109 
772 1.120474 
773 1.819254 
774 1.851161 
775 -0.162203 
776 1.991183 
777 0.336811 
778 2.112612 
779 0.163151 
780 -0.630911 
781 2.042543 
782 -1.140594 
783 2.212985 
784 1.353905 
785 1.431373 
786 1.950399 
787 0.164530 
788 1.824341 
789 1.774124 
790 -0.933895 
791 1.267785 
792 1.123507 
793 1.334083 
794 1.820639 
795 1.012868 
796 1.984545 
797 1.715660 
798 0.146500 
799 1.048028 
800 1.138088 
801 1.641007 
802 -1.635901 
803 1.841375 
804 -1.096578 
805 1.695026 
806 1.322352 
807 1.903804 
808 0.022060 
809 2.043344 
810 -0.411624 
811 2.176801 
812 1.197899 
813 0.663126 
814 1.376741 
815 1.921468 
816 1.372449 
817 1.854739 
818 1.543277 
819 -0.964195 
820 2.126209 
821 1.912190 
822 -0.484757 
823 0.525299 
824 1.623917 
825 -1.066921 
826 1.523256 
827 1.733839 
828 -0.821016 
829 1.199759 
830 1.956751 
831 1.791465 
832 1.872143 
833 -0.856980 
834 1.256492 
835 1.743748 
836 1.860612 
837 1.080516 
838 1.705078 
839 0.459049 
840 1.433194 
841 2.068314 
842 -1.167427 
843 1.341629 
844 2.096162 
845 -0.544653 
846 -0.119424 
847 2.223993 
848 1.508508 
849 1.627644 
850 1.829665 
851 -0.949646 
852 -0.865937 
853 -1.121658 
854 2.420617 
855 1.917338 
856 1.716264 
857 0.656008 
858 0.760806 
859 1.987893 
860 1.529461 
861 1.366943 
862 2.020676 
863 -1.278504 
864 -0.711281 
865 2.420575 
866 -1.084993 
867 1.876160 
868 1.470340 
869 1.957715 
870 0.369807 
871 1.328026 
872 2.184262 
873 -0.987114 
874 2.189498 
875 -0.681873 
876 2.094925 
877 -0.880472 
878 0.576970 
879 1.947826 
880 1.662284 
881 1.760072 
882 1.549124 
883 -1.323475 
884 1.085429 
885 0.920569 
886 1.748625 
887 1.605968 
888 -1.062369 
889 1.493609 
890 1.807436 
891 1.611942 
892 -0.842622 
893 1.824221 
894 1.648267 
895 1.447369 
896 2.042939 
897 -0.767811 
898 2.398895 
899 -0.629416 
900 1.416045 
901 -0.739266 
902 1.714763 
903 1.942617 
904 2.072252 
905 2.278495 
906 -0.538678 
907 -1.144844 
908 -0.680090 
909 0.521457 
910 1.835130 
911 2.284367 
912 2.119411 
913 2.253102 
914 -0.876624 
915 -0.475514 
916 2.305687 
917 1.400725 
918 -0.737798 
919 1.126518 
920 2.115725 
921 0.760841 
922 1.937018 
923 -0.874370 
924 -1.343308 
925 1.570394 
926 1.108698 
927 2.144518 
928 2.421900 
929 -0.781334 
930 -0.805779 
931 1.927755 
932 1.544683 
933 1.021023 
934 0.390836 
935 2.059259 
936 1.025315 
937 1.922677 
938 1.208973 
939 1.103239 
940 -0.131685 
941 2.020234 
942 2.142855 
943 0.253162 
944 1.999476 
945 -1.077217 
946 -0.397251 
947 2.308558 
948 1.808309 
949 0.330070 
950 0.759109 
951 1.987828 
952 -0.773776 
953 -0.855307 
954 2.122681 
955 2.195648 
956 0.444478 
957 -0.770219 
958 1.917237 
959 2.198496 
960 1.426149 
961 1.624874 
962 -0.903069 
963 1.995553 
964 1.784973 
965 1.924375 
966 -1.124977 
967 1.140828 
968 2.020150 
969 2.226841 
970 0.111927 
971 -0.840944 
972 1.596929 
973 1.857048 
974 1.576246 
975 -1.034443 
976 1.742171 
977 1.140369 
978 1.895989 
979 0.030040 
980 1.777880 
981 1.652924 
982 -0.916862 
983 1.556090 
984 -1.045904 
985 1.146137 
986 1.177419 
987 2.408084 
988 2.660683 
989 -1.648952 
990 -1.408175 
991 1.399369 
992 2.283776 
993 2.148312 
994 -1.009138 
995 -0.838635 
996 1.595386 
997 -0.871698 
998 1.207687 
999 2.056579 
1000 -0.942638 
1001 -0.893224 
1002 1.531603 
1003 2.769168 
1004 1.975034 
1005 2.166991 
1006 -1.042291 
1007 0.918741 
1008 -0.902909 
1009 2.012399 
1010 2.366582 
1011 -1.019000 
1012 2.146813 
1013 0.535961 
1014 -1.063790 
1015 1.912066 
1016 2.475585 
1017 -0.692519 
1018 1.931927 
1019 -1.008205 
1020 1.603735 
1021 -0.895181 
1022 1.455314 
1023 1.905984 
1024 1.518320 
1025 -0.932186 
1026 1.416825 
1027 1.968662 
1028 1.175777 
1029 1.854547 
1030 1.574462 
1031 0.586050 
1032 1.167738 
1033 2.879423 
1034 -1.054795 
1035 -0.836924 
1036 1.188770 
1037 1.302419 
1038 1.711417 
1039 1.062032 
1040 0.827136 
1041 2.027251 
1042 1.281648 
1043 1.259152 
1044 2.066175 
1045 -0.915082 
1046 -0.641066 
1047 2.270489 
1048 2.189537 
1049 -0.694029 
1050 -0.619609 
1051 2.059105 
1052 0.671681 
1053 1.259555 
1054 1.202803 
1055 2.026858 
1056 1.817690 
1057 1.738166 
1058 1.222771 
1059 -1.098453 
1060 1.313969 
1061 1.606094 
1062 0.101903 
1063 1.869944 
1064 -1.222863 
1065 1.580370 
1066 1.187872 
1067 2.011167 
1068 -0.562005 
1069 2.316525 
1070 2.058197 
1071 -0.833347 
1072 1.536215 
1073 1.736205 
1074 0.917603 
1075 1.146404 
1076 0.360564 
1077 1.913945 
1078 1.057257 
1079 1.728577 
1080 2.066811 
1081 1.907475 
1082 -0.803051 
1083 0.581821 
1084 1.337344 
1085 1.753351 
1086 1.619200 
1087 0.347146 
1088 1.545365 
1089 1.636926 
1090 1.345018 
1091 0.597626 
1092 2.033498 
1093 -0.775997 
1094 -0.303230 
1095 2.322771 
1096 2.037703 
1097 -0.856600 
1098 0.865684 
1099 1.934905 
1100 -0.804302 
1101 2.311329 
1102 -0.784465 
1103 2.016339 
1104 1.737610 
1105 1.773398 
1106 -0.882798 
1107 1.403141 
1108 2.138200 
1109 1.240411 
1110 -0.982347 
1111 1.413380 
1112 1.243493 
1113 -1.029391 
1114 1.165972 
1115 2.422153 
1116 -0.038682 
1117 1.413715 
1118 1.955427 
1119 1.517468 
1120 -1.097524 
1121 0.242448 
1122 3.097710 
1123 -1.058403 
1124 2.137096 
1125 -0.898898 
1126 1.025172 
1127 1.689591 
1128 -0.826797 
1129 2.131478 
1130 1.391141 
1131 1.329316 
1132 1.387591 
1133 1.267641 
1134 1.236600 
1135 1.503815 
1136 0.110300 
1137 0.858198 
1138 1.958333 
1139 1.932625 
1140 1.635783 
1141 -0.821302 
1142 2.243438 
1143 0.959814 
1144 1.839735 
1145 1.544975 
1146 -1.132823 
1147 1.487967 
1148 1.372427 
1149 1.622622 
1150 1.524951 
1151 0.786586 
1152 -0.757457 
1153 2.117887 
1154 2.170317 
1155 -1.117341 
1156 0.919753 
1157 2.064760 
1158 -1.295748 
1159 1.706771 
1160 1.343582 
1161 2.054288 
1162 1.302929 
1163 -1.464857 
1164 1.168900 
1165 1.978355 
1166 0.318706 
1167 1.486879 
1168 1.867986 
1169 1.688216 
1170 1.427003 
1171 -0.763960 
1172 0.287297 
1173 1.557050 
1174 1.258100 
1175 1.913110 
1176 1.398933 
1177 1.521821 
1178 0.295583 
1179 1.770734 
1180 -0.639116 
1181 2.439056 
1182 -1.097630 
1183 1.805084 
1184 2.181069 
1185 -1.223636 
1186 1.619224 
1187 0.977153 
1188 1.412278 
1189 2.002619 
1190 1.188426 
1191 0.387252 
1192 1.270300 
1193 1.906355 
1194 1.590131 
1195 -1.156206 
1196 0.855169 
1197 2.187577 
1198 1.695778 
1199 -1.024155 
1200 -1.206475 
1201 1.311332 
1202 1.795474 
1203 1.717390 
1204 -1.088556 
1205 1.993446 
1206 1.660232 
1207 1.246569 
1208 -0.838729 
1209 1.640655 
1210 1.732429 
1211 1.308457 
1212 -0.980399 
1213 1.707375 
1214 1.347409 
1215 1.776329 
1216 2.105813 
1217 1.494992 
1218 0.531857 
1219 0.837847 
1220 0.712851 
1221 2.128621 
1222 1.925575 
1223 -0.500350 
1224 0.957821 
1225 1.193573 
1226 1.311975 
1227 1.824168 
1228 1.404661 
1229 1.399667 
1230 2.045619 
1231 -0.748918 
1232 1.609098 
1233 1.908891 
1234 1.338109 
1235 -1.104939 
1236 1.811000 
1237 0.142672 
1238 1.436149 
1239 1.648216 
1240 1.579103 
1241 1.505036 
1242 1.835837 
1243 -0.755815 
1244 1.917841 
1245 1.495363 
1246 1.182191 
1247 -1.549425 
1248 1.446305 
1249 2.027097 
1250 -0.697145 
1251 1.373235 
1252 1.719438 
1253 -1.083207 
1254 1.497624 
1255 1.744307 
1256 1.572921 
1257 1.354668 
1258 1.857467 
1259 0.260761 
1260 -0.735080 
1261 1.119667 
1262 1.753657 
1263 1.979852 
1264 0.019787 
1265 1.503330 
1266 1.258593 
1267 2.022812 
1268 0.939732 
1269 1.654351 
1270 1.116013 
1271 1.566858 
1272 0.669357 
1273 2.131382 
1274 1.677204 
1275 0.469410 
1276 -0.798947 
1277 1.624886 
1278 1.684207 
1279 1.740670 
1280 1.775460 
1281 1.201123 
1282 1.894059 
1283 -0.904465 
1284 1.282418 
1285 2.005145 
1286 -0.956855 
1287 1.648749 
1288 -0.234580 
1289 1.155904 
1290 1.963629 
1291 1.809032 
1292 2.483170 
1293 -0.199542 
1294 1.730102 
1295 -0.622534 
1296 0.993997 
1297 1.168777 
1298 -0.053626 
1299 2.441665 
1300 0.893801 
1301 2.266111 
1302 1.300243 
1303 0.287555 
1304 2.316510 
1305 1.948013 
1306 -0.983747 
1307 -1.084376 
1308 1.870793 
1309 1.902104 
1310 -0.314836 
1311 1.188161 
1312 -0.690936 
1313 0.842026 
1314 1.981634 
1315 2.003906 
1316 1.346055 
1317 1.672489 
1318 1.674553 
1319 0.567891 
1320 -0.313215 
1321 3.478213 
1322 0.097819 
1323 -0.796084 
1324 1.870866 
1325 0.248253 
1326 1.672758 
1327 1.155935 
1328 2.011522 
1329 0.287695 
1330 1.683175 
1331 0.980118 
1332 1.747579 
1333 0.336378 
1334 0.984751 
1335 1.903310 
1336 1.836389 
1337 1.968048 
1338 -0.907009 
1339 0.964122 
1340 1.126233 
1341 2.060490 
1342 1.635162 
1343 -1.008607 
1344 0.856870 
1345 2.351311 
1346 1.110764 
1347 0.573996 
1348 1.390704 
1349 1.734917 
1350 1.558832 
1351 0.408966 
1352 2.214590 
1353 -1.012529 
1354 1.941202 
1355 0.445105 
1356 0.753918 
1357 -0.987500 
1358 1.825185 
1359 2.128741 
1360 -1.236764 
1361 -0.650618 
1362 2.221876 
1363 2.078931 
1364 1.080005 
1365 1.885951 
1366 -0.301626 
1367 1.919583 
1368 1.697976 
1369 1.695559 
1370 -1.067605 
1371 1.447073 
1372 -0.699357 
1373 -1.585282 
1374 -0.180012 
1375 3.257903 
1376 -1.053358 
1377 2.048310 
1378 2.212662 
1379 -0.658737 
1380 0.164263 
1381 1.939391 
1382 1.842694 
1383 0.887298 
1384 1.899865 
1385 -0.787890 
1386 -0.837046 
1387 2.385070 
1388 1.034764 
1389 0.123672 
1390 1.600064 
1391 2.092723 
1392 1.453884 
1393 2.065229 
1394 1.489237 
1395 -0.878087 
1396 1.859453 
1397 1.439155 
1398 -1.533041 
1399 1.545602 
1400 1.476427 
1401 1.934799 
1402 1.567562 
1403 -0.242199 
1404 -1.511709 
1405 1.568760 
1406 1.817675 
1407 1.384485 
1408 1.718006 
1409 -0.792145 
1410 2.064109 
1411 1.117727 
1412 -0.739071 
1413 2.407800 
1414 1.948582 
1415 -0.393500 
1416 2.401305 
1417 0.124773 
1418 1.639183 
1419 -0.013009 
1420 2.094159 
1421 2.219522 
1422 -0.937191 
1423 -0.874408 
1424 -1.107774 
1425 2.218741 
1426 2.070846 
1427 -0.936607 
1428 0.058781 
1429 1.916822 
1430 1.616364 
1431 1.313642 
1432 1.394156 
1433 2.166672 
1434 0.524016 
1435 0.849989 
1436 -0.827312 
1437 1.133946 
1438 0.998821 
1439 2.581430 
1440 -1.028172 
1441 1.182302 
1442 0.729610 
1443 2.620319 
1444 2.064906 
1445 2.184662 
