958 1
0 -1.747384 
1 -1.575834 
2 -1.555791 
3 -1.645553 
4 -1.865705 
5 -1.660035 
6 -1.765655 
7 -1.257665 
8 -1.871293 
9 -1.713840 
10 -1.150653 
11 -1.762556 
12 -1.447735 
13 -1.626051 
14 -1.405018 
15 -1.584164 
16 -1.264211 
17 -1.537521 
18 -2.011616 
19 -1.267517 
20 -1.861709 
21 -0.325212 
22 -1.612818 
23 -2.136183 
24 -0.708683 
25 -1.727490 
26 -1.880347 
27 -1.651745 
28 -2.116924 
29 -1.605539 
30 -1.317276 
31 -0.579396 
32 -0.044580 
33 -1.189607 
34 -2.402649 
35 -1.286569 
36 -1.281183 
37 -1.636848 
38 -1.214019 
39 -1.050444 
40 -1.377094 
41 -1.670086 
42 -1.738766 
43 -1.200814 
44 -0.699297 
45 -2.357214 
46 -0.169771 
47 -1.400218 
48 -1.201587 
49 -1.676607 
50 -0.157367 
51 -2.353156 
52 -0.687691 
53 -2.232368 
54 -1.617753 
55 -1.088023 
56 -2.010951 
57 -2.389246 
58 -0.294539 
59 1.098254 
60 -1.992582 
61 -0.813532 
62 -0.618788 
63 -2.001585 
64 -1.865833 
65 -1.534634 
66 -1.495661 
67 -0.849413 
68 -1.607494 
69 -1.872833 
70 -1.835088 
71 -0.474923 
72 -2.213243 
73 -2.072570 
74 0.062824 
75 -0.375622 
76 -1.812798 
77 -0.981661 
78 -1.743864 
79 -1.098002 
80 -0.970550 
81 -0.989696 
82 -1.552270 
83 -2.327147 
84 -1.514331 
85 -1.119817 
86 -1.718938 
87 -1.441129 
88 -2.133500 
89 -1.574349 
90 -0.776067 
91 -0.868567 
92 0.975509 
93 -0.686584 
94 -2.330762 
95 -1.693109 
96 -1.705874 
97 -0.728826 
98 -1.801715 
99 -1.247253 
100 -1.156283 
101 -0.708715 
102 -1.453133 
103 -2.013138 
104 -1.858325 
105 -0.679052 
106 -1.931901 
107 -0.887197 
108 -1.780904 
109 -2.151963 
110 -1.213788 
111 0.490140 
112 -2.807952 
113 -1.458412 
114 0.929031 
115 0.409559 
116 -1.952218 
117 -1.887102 
118 -0.142198 
119 2.449197 
120 1.228934 
121 1.087236 
122 -1.820612 
123 -2.316998 
124 -1.751676 
125 -1.033732 
126 -1.386217 
127 -1.375167 
128 -2.050870 
129 -1.649008 
130 -0.960570 
131 -0.457268 
132 -1.496026 
133 -2.171534 
134 -1.159703 
135 -0.222623 
136 1.724453 
137 -2.619297 
138 1.306412 
139 1.767536 
140 0.659960 
141 -2.074625 
142 -2.056659 
143 -0.715774 
144 1.673228 
145 -1.230184 
146 -1.970958 
147 -1.531328 
148 -1.887941 
149 -1.413319 
150 -1.843636 
151 0.116747 
152 -1.094955 
153 -1.920255 
154 -1.951590 
155 1.243628 
156 -2.338891 
157 0.254387 
158 1.808289 
159 -1.836661 
160 -2.099245 
161 -1.857692 
162 2.368044 
163 1.845570 
164 0.800254 
165 0.922699 
166 -2.167589 
167 -2.133552 
168 -1.889907 
169 2.188166 
170 2.038903 
171 -1.912994 
172 -0.403976 
173 0.490268 
174 -2.272476 
175 -1.787396 
176 -1.754083 
177 -1.745005 
178 -1.196128 
179 -0.873171 
180 -1.626637 
181 1.875458 
182 -2.177864 
183 -1.309219 
184 -1.705511 
185 -1.690170 
186 -1.042957 
187 -1.193107 
188 -2.217545 
189 0.331209 
190 1.792926 
191 -2.066984 
192 -1.110389 
193 -1.728867 
194 -0.612553 
195 -1.902743 
196 0.687881 
197 0.085996 
198 -1.613762 
199 -2.762313 
200 -2.208048 
201 0.153933 
202 -1.566184 
203 -1.133839 
204 -0.848739 
205 -1.407574 
206 -1.316270 
207 -1.901470 
208 -2.040153 
209 -1.326023 
210 -1.625364 
211 1.308983 
212 -2.166216 
213 -1.871903 
214 1.643799 
215 1.218487 
216 0.836883 
217 0.227465 
218 -2.239560 
219 -2.063450 
220 -2.171947 
221 -1.747395 
222 -1.059985 
223 1.174310 
224 -1.199005 
225 -1.710595 
226 -1.187016 
227 -1.486970 
228 -1.508527 
229 -1.813715 
230 -1.078916 
231 -1.152080 
232 -2.057372 
233 -1.671544 
234 0.688567 
235 -1.448256 
236 -1.354469 
237 -1.738952 
238 -1.303878 
239 -1.249130 
240 -2.320156 
241 0.636143 
242 -0.285457 
243 -1.968471 
244 -0.156050 
245 -1.119199 
246 -1.881905 
247 -1.822197 
248 -2.301635 
249 -1.835510 
250 1.832078 
251 2.151107 
252 -1.383953 
253 1.308832 
254 1.070294 
255 -2.786543 
256 -0.609635 
257 -1.860263 
258 -1.572468 
259 -1.587603 
260 -2.509465 
261 1.190345 
262 2.048004 
263 -1.243092 
264 1.252752 
265 -0.061624 
266 -0.006163 
267 -2.812941 
268 -2.054418 
269 -1.205408 
270 -1.487588 
271 -0.875201 
272 -1.599445 
273 -1.469775 
274 -1.403589 
275 -1.619573 
276 -1.672066 
277 -0.436960 
278 -2.179553 
279 -0.884698 
280 -2.093415 
281 -1.508207 
282 -0.664821 
283 -1.210933 
284 -1.536703 
285 -1.604521 
286 -1.197243 
287 -1.480879 
288 -1.693441 
289 -0.390509 
290 -1.307197 
291 -1.995772 
292 -0.834856 
293 -0.964352 
294 -2.105392 
295 -0.854892 
296 -0.621699 
297 -1.950673 
298 -0.967116 
299 -1.389905 
300 -1.391375 
301 -0.914076 
302 -1.362468 
303 -1.419182 
304 -1.903411 
305 0.362537 
306 -1.275901 
307 -1.494141 
308 -1.553777 
309 -0.458267 
310 -1.996671 
311 -0.634084 
312 -0.819306 
313 -0.826021 
314 -1.842565 
315 -1.463333 
316 -0.899439 
317 0.694923 
318 -2.482433 
319 -0.888383 
320 -3.033025 
321 0.938450 
322 0.393218 
323 -0.274592 
324 1.011828 
325 0.319134 
326 -2.761110 
327 -0.917407 
328 0.650789 
329 -1.650094 
330 -1.061624 
331 -1.890702 
332 -1.567300 
333 -2.031317 
334 -0.830346 
335 0.306664 
336 0.935128 
337 0.480229 
338 -0.526206 
339 -2.997332 
340 0.385399 
341 0.340210 
342 -2.077802 
343 -1.992631 
344 -0.890585 
345 -0.775093 
346 -1.709147 
347 -1.653914 
348 -0.309760 
349 -1.170963 
350 -2.116936 
351 -1.055172 
352 -1.314699 
353 -1.388884 
354 -0.893612 
355 -1.486956 
356 -1.697530 
357 -1.240642 
358 -1.239432 
359 -0.845047 
360 -1.300663 
361 -1.756578 
362 -1.167149 
363 -0.746966 
364 -0.566357 
365 -1.457450 
366 -1.929719 
367 -0.792038 
368 0.391527 
369 0.177270 
370 -2.446234 
371 -1.601175 
372 -1.551610 
373 -0.635597 
374 -2.085568 
375 -0.373017 
376 -1.417427 
377 0.411450 
378 -1.759206 
379 -1.515639 
380 -0.536305 
381 -1.383732 
382 -1.826552 
383 -1.178406 
384 0.395847 
385 -1.990976 
386 -0.092602 
387 -2.222418 
388 0.875621 
389 -2.137923 
390 0.909957 
391 -2.039285 
392 -1.701085 
393 -0.896917 
394 -1.883443 
395 0.596292 
396 -1.812143 
397 0.118883 
398 -1.930235 
399 -0.996766 
400 -2.216450 
401 0.983609 
402 1.874609 
403 -1.538349 
404 -0.680585 
405 -1.201910 
406 -0.586992 
407 -2.276081 
408 0.761530 
409 -0.451609 
410 1.134106 
411 -2.915973 
412 1.530636 
413 0.361587 
414 2.723067 
415 3.072352 
416 3.092739 
417 0.475547 
418 1.060392 
419 1.624120 
420 2.651311 
421 1.946676 
422 1.769468 
423 2.488272 
424 -1.684844 
425 -1.038542 
426 -0.947389 
427 -1.252337 
428 -0.602787 
429 -1.068349 
430 -1.596916 
431 -1.497857 
432 -1.573392 
433 -1.818082 
434 -1.194321 
435 0.075444 
436 -0.955887 
437 -0.254163 
438 -1.157597 
439 -2.286863 
440 -0.165573 
441 -0.996105 
442 -1.410837 
443 -1.998213 
444 -1.437324 
445 0.445129 
446 -1.062467 
447 -2.051023 
448 -1.202609 
449 -1.926695 
450 0.102721 
451 -1.554317 
452 -1.891077 
453 -1.907864 
454 -0.623392 
455 0.003400 
456 -1.000080 
457 -1.879956 
458 0.725551 
459 -1.833061 
460 -1.445372 
461 -1.440578 
462 -0.642906 
463 -1.453826 
464 -1.341239 
465 -1.904379 
466 0.781974 
467 -1.631345 
468 -0.758171 
469 0.312623 
470 -2.751102 
471 -0.640909 
472 1.655024 
473 2.062874 
474 2.035012 
475 -2.167546 
476 -1.875170 
477 -0.672051 
478 -1.594346 
479 -0.687282 
480 1.259059 
481 2.006643 
482 -2.398099 
483 2.114963 
484 -0.703537 
485 -0.919763 
486 -2.133690 
487 -1.026029 
488 -1.360969 
489 -1.533910 
490 -0.031578 
491 -1.696550 
492 -1.850731 
493 -0.907492 
494 -1.659608 
495 0.218221 
496 -2.132651 
497 0.207964 
498 -2.069951 
499 0.722112 
500 1.607833 
501 2.214414 
502 2.531020 
503 2.708813 
504 -2.701957 
505 -1.436860 
506 0.703793 
507 0.690996 
508 0.654355 
509 -1.688361 
510 -1.463248 
511 -1.617882 
512 -2.233973 
513 0.063247 
514 -0.925056 
515 -1.275289 
516 -1.627399 
517 -1.496618 
518 -0.770160 
519 -1.054160 
520 -1.507579 
521 0.534969 
522 -2.638758 
523 0.396692 
524 -2.175429 
525 -2.067999 
526 0.428923 
527 0.533638 
528 -0.604973 
529 -2.453492 
530 0.069659 
531 -1.249389 
532 1.098446 
533 -0.126702 
534 -3.302715 
535 0.324033 
536 0.795894 
537 -2.067609 
538 -2.254471 
539 0.415130 
540 -3.015714 
541 1.118374 
542 0.546899 
543 -0.867999 
544 -1.181689 
545 -2.522240 
546 2.002058 
547 1.125214 
548 0.462649 
549 -1.959157 
550 -1.821440 
551 -0.850576 
552 -1.692778 
553 -1.488396 
554 -1.543497 
555 1.300782 
556 2.153036 
557 2.315927 
558 2.371472 
559 2.309298 
560 -1.195087 
561 2.521592 
562 -1.424642 
563 2.196154 
564 2.472571 
565 -1.176660 
566 0.669189 
567 -2.112275 
568 -2.357288 
569 -1.091484 
570 -0.254223 
571 -0.951493 
572 0.157178 
573 0.086790 
574 -1.978467 
575 -2.147763 
576 -0.518872 
577 -1.576675 
578 -1.241733 
579 -1.542516 
580 -1.123174 
581 0.331874 
582 -1.402935 
583 -2.193401 
584 1.241219 
585 0.789150 
586 2.267470 
587 2.855101 
588 1.157390 
589 0.344893 
590 -2.708253 
591 -1.287308 
592 0.472461 
593 -0.535658 
594 -1.935012 
595 -2.030131 
596 -2.609314 
597 1.047893 
598 -0.805715 
599 -1.097883 
600 -1.129713 
601 -1.155544 
602 -0.994533 
603 -1.694624 
604 -2.115278 
605 -0.281060 
606 -1.884279 
607 -0.120964 
608 -2.205886 
609 -0.919851 
610 -0.544348 
611 -1.181357 
612 -1.916323 
613 -1.441561 
614 0.437474 
615 -1.437380 
616 -1.687785 
617 0.134928 
618 0.237597 
619 -2.441483 
620 1.030306 
621 -0.156440 
622 0.797813 
623 -3.182780 
624 -0.977680 
625 0.057762 
626 -2.768780 
627 -0.262708 
628 -1.144222 
629 -1.156806 
630 -0.858770 
631 -1.769140 
632 -1.023749 
633 -1.282557 
634 -0.693990 
635 -2.038487 
636 -0.634810 
637 -1.963603 
638 -1.076037 
639 -1.187248 
640 -1.753042 
641 -0.410725 
642 -0.539823 
643 -1.875722 
644 -1.372625 
645 -1.835592 
646 -1.000246 
647 -0.903767 
648 -1.842168 
649 -1.105300 
650 -1.470411 
651 -0.661399 
652 -1.770561 
653 0.307341 
654 -2.158307 
655 -0.652854 
656 -1.557465 
657 -1.909887 
658 -0.874025 
659 -0.507248 
660 -2.884919 
661 2.199123 
662 0.602184 
663 0.387294 
664 0.696252 
665 -1.549437 
666 0.014412 
667 -2.570581 
668 -2.050624 
669 -2.317661 
670 0.625700 
671 0.605838 
672 -2.129776 
673 -2.175813 
674 0.208935 
675 0.634154 
676 -0.360975 
677 -1.476681 
678 -2.633414 
679 0.391551 
680 -1.348511 
681 1.081850 
682 0.179050 
683 -2.645159 
684 -1.792600 
685 -1.330321 
686 -1.107740 
687 -0.634855 
688 -2.824577 
689 0.188748 
690 -1.173044 
691 0.402921 
692 0.348177 
693 -2.281042 
694 -1.463779 
695 -1.081980 
696 0.672889 
697 0.639616 
698 0.622080 
699 -3.381180 
700 0.903313 
701 -0.160365 
702 -1.864281 
703 -2.352490 
704 -2.246144 
705 -1.486537 
706 -0.414587 
707 -0.236675 
708 -0.726490 
709 -1.942916 
710 0.315785 
711 -1.856658 
712 -0.889339 
713 -2.062475 
714 -0.329962 
715 -1.276994 
716 -1.565491 
717 0.004820 
718 -1.784855 
719 -1.235088 
720 -1.653599 
721 -1.599710 
722 0.761762 
723 -1.435856 
724 -1.826890 
725 -1.808195 
726 -1.232441 
727 0.331811 
728 2.779990 
729 1.557653 
730 -1.122292 
731 -1.476103 
732 2.155396 
733 -1.870196 
734 2.361572 
735 2.018816 
736 -0.071733 
737 -1.920734 
738 1.438787 
739 -2.137305 
740 0.317944 
741 -1.051006 
742 0.254383 
743 -2.976310 
744 -1.156796 
745 -0.272344 
746 -1.745114 
747 -1.640532 
748 -2.055275 
749 -0.735019 
750 -1.213778 
751 -0.695135 
752 -1.147230 
753 -0.186442 
754 -1.804805 
755 -1.702925 
756 -1.963306 
757 -1.425185 
758 -1.551587 
759 0.785595 
760 -0.794626 
761 -0.233767 
762 0.667620 
763 -2.993082 
764 -1.665094 
765 -0.908899 
766 -1.899765 
767 -0.510934 
768 -1.729170 
769 -1.126310 
770 -1.304197 
771 -0.945391 
772 -0.484763 
773 -1.372118 
774 -1.905356 
775 -1.076711 
776 -1.009179 
777 -0.659595 
778 -1.042705 
779 -2.046092 
780 -1.704107 
781 -0.997525 
782 -1.116877 
783 -1.276982 
784 -0.570622 
785 -2.089195 
786 -1.482579 
787 -0.622681 
788 -1.722138 
789 -0.894748 
790 -1.286802 
791 -1.124466 
792 0.053695 
793 -1.937006 
794 -2.120336 
795 0.392185 
796 -2.217507 
797 -0.201693 
798 -0.191221 
799 -1.871562 
800 -0.115797 
801 1.062207 
802 -1.828923 
803 -2.249946 
804 -0.127215 
805 -1.487106 
806 -2.357401 
807 -0.594182 
808 -1.599780 
809 -1.148387 
810 -0.986833 
811 -1.370453 
812 -0.478547 
813 -0.991120 
814 -2.012454 
815 -1.395350 
816 -1.837034 
817 -1.852681 
818 -1.099106 
819 0.274520 
820 -2.266454 
821 -1.851016 
822 0.521611 
823 0.106438 
824 -2.449475 
825 1.690508 
826 2.136384 
827 1.002231 
828 1.168410 
829 -2.118613 
830 0.382278 
831 -2.111874 
832 -2.818810 
833 -0.826653 
834 0.434638 
835 0.603389 
836 1.010457 
837 -2.767408 
838 0.830074 
839 -1.293944 
840 -1.295356 
841 -0.703623 
842 -1.487957 
843 -1.396488 
844 -1.033155 
845 -1.561491 
846 -1.421999 
847 -1.072342 
848 -2.333784 
849 -1.038683 
850 0.408439 
851 -1.084188 
852 -3.113374 
853 -0.002279 
854 1.219790 
855 0.890935 
856 2.493449 
857 2.550514 
858 -2.225918 
859 -0.102325 
860 -1.901765 
861 2.786764 
862 -0.507898 
863 -0.324844 
864 -1.012485 
865 1.525246 
866 -1.047457 
867 -2.274065 
868 -1.002653 
869 -2.244957 
870 -1.245169 
871 0.346317 
872 0.341107 
873 -0.184355 
874 -3.038483 
875 -0.389945 
876 -0.852183 
877 -1.347126 
878 -0.730040 
879 -1.907675 
880 -1.117274 
881 -1.741113 
882 -1.758975 
883 -0.174088 
884 -1.986463 
885 -1.523665 
886 -0.905002 
887 1.007531 
888 -1.713175 
889 -1.472323 
890 2.274871 
891 2.525452 
892 -2.165968 
893 1.310893 
894 -0.351419 
895 -2.040969 
896 -2.394468 
897 -0.986218 
898 -0.763905 
899 -0.454957 
900 -1.989038 
901 -0.876102 
902 -1.059635 
903 -1.054016 
904 -2.116762 
905 -1.227712 
906 -1.120973 
907 -0.392634 
908 -1.253874 
909 -1.811683 
910 -0.327809 
911 -1.492554 
912 -1.741831 
913 -0.300462 
914 -1.590024 
915 -1.262476 
916 0.319839 
917 -1.325831 
918 -1.749642 
919 -1.788685 
920 -2.126648 
921 -0.090538 
922 -1.940664 
923 -0.159508 
924 -1.385552 
925 -0.679626 
926 0.236853 
927 -2.501405 
928 -0.690260 
929 -0.865636 
930 -1.783576 
931 -1.788624 
932 -1.045730 
933 -2.046373 
934 -0.961895 
935 -0.997434 
936 -2.011925 
937 0.075980 
938 -1.255579 
939 -1.559881 
940 -1.716176 
941 -1.710647 
942 -0.900200 
943 -0.751008 
944 -0.696181 
945 -1.720499 
946 -0.805983 
947 -1.694817 
948 -0.475586 
949 -2.653945 
950 -0.261874 
951 -0.888185 
952 -2.245221 
953 -1.116048 
954 -0.276472 
955 -1.022684 
956 -1.297214 
957 -2.815723 
