1446 1
0 0.334343 
1 -0.136513 
2 0.206272 
3 0.298443 
4 0.255451 
5 0.067541 
6 -0.192087 
7 -0.485084 
8 0.134678 
9 -0.253190 
10 0.130427 
11 0.388000 
12 0.174564 
13 0.067541 
14 -0.136513 
15 0.249299 
16 -0.246579 
17 0.129714 
18 -0.192820 
19 -0.253190 
20 0.285369 
21 0.272364 
22 -0.253190 
23 -0.331252 
24 0.388000 
25 0.291903 
26 0.372235 
27 -0.143191 
28 -0.173321 
29 -0.445872 
30 0.017816 
31 -0.298960 
32 -0.173321 
33 -0.233909 
34 0.444079 
35 -0.398785 
36 -0.112641 
37 0.333195 
38 -0.379116 
39 0.312054 
40 -0.354270 
41 -0.136513 
42 -0.136513 
43 0.068753 
44 0.191228 
45 0.320253 
46 0.092244 
47 0.495797 
48 -0.379116 
49 -0.427990 
50 -0.066504 
51 -0.379116 
52 0.133802 
53 0.172244 
54 -0.192820 
55 0.387698 
56 0.067541 
57 0.191228 
58 -0.066504 
59 0.199480 
60 -0.446869 
61 -0.142970 
62 -0.489290 
63 -0.173321 
64 -0.246579 
65 0.017816 
66 0.333195 
67 0.004992 
68 -0.066504 
69 -0.246579 
70 -0.461316 
71 -0.157478 
72 -0.283904 
73 -0.457684 
74 -0.253442 
75 0.387698 
76 0.370512 
77 0.388000 
78 0.274348 
79 -0.157478 
80 0.199480 
81 0.007725 
82 0.498129 
83 0.333195 
84 -0.170188 
85 0.387698 
86 0.261349 
87 0.128472 
88 -0.317995 
89 0.285369 
90 0.334343 
91 -0.379116 
92 0.364982 
93 0.191228 
94 -0.283904 
95 0.364982 
96 0.285369 
97 -0.073013 
98 0.198095 
99 0.251465 
100 -0.000045 
101 0.274348 
102 -0.455194 
103 0.043555 
104 0.061329 
105 0.092244 
106 0.429201 
107 -0.408434 
108 -0.195894 
109 0.199480 
110 0.366849 
111 0.304057 
112 0.007725 
113 -0.457684 
114 0.013827 
115 -0.417488 
116 -0.408434 
117 0.289073 
118 0.459202 
119 0.333865 
120 0.077134 
121 0.364982 
122 -0.283904 
123 0.436694 
124 0.092244 
125 0.331529 
126 0.258168 
127 -0.317995 
128 -0.142970 
129 0.258168 
130 0.427283 
131 0.261349 
132 0.020453 
133 -0.408434 
134 -0.408434 
135 0.289073 
136 -0.346711 
137 0.392638 
138 -0.259259 
139 0.004992 
140 -0.291626 
141 -0.457684 
142 0.075960 
143 0.070012 
144 0.017816 
145 -0.489290 
146 0.004992 
147 0.281665 
148 0.366849 
149 -0.166980 
150 -0.294692 
151 0.331529 
152 -0.373676 
153 -0.064466 
154 -0.007047 
155 -0.485759 
156 -0.151193 
157 0.364982 
158 -0.186728 
159 0.111178 
160 -0.036611 
161 -0.460799 
162 -0.269131 
163 -0.317995 
164 0.289073 
165 -0.192820 
166 -0.433105 
167 -0.201861 
168 0.341679 
169 0.181742 
170 0.239219 
171 0.272364 
172 -0.157478 
173 0.156539 
174 -0.417488 
175 0.474335 
176 -0.168106 
177 -0.143191 
178 0.499932 
179 -0.461316 
180 -0.131294 
181 -0.489290 
182 -0.192087 
183 -0.168106 
184 -0.000045 
185 0.261480 
186 -0.461316 
187 0.331529 
188 -0.036611 
189 0.334343 
190 0.042565 
191 0.285369 
192 -0.253442 
193 -0.000045 
194 0.205230 
195 -0.485759 
196 0.316071 
197 0.159782 
198 0.159782 
199 -0.156929 
200 -0.346711 
201 0.333195 
202 -0.455236 
203 -0.417488 
204 0.097077 
205 0.239219 
206 -0.142970 
207 -0.184392 
208 0.416698 
209 0.451158 
210 -0.068707 
211 -0.086592 
212 0.124007 
213 0.274210 
214 -0.168106 
215 -0.429013 
216 -0.087794 
217 -0.036611 
218 0.133802 
219 -0.201861 
220 -0.007213 
221 -0.464960 
222 0.034476 
223 0.370512 
224 -0.469633 
225 -0.248479 
226 -0.474384 
227 0.333865 
228 0.017162 
229 -0.253442 
230 0.475957 
231 0.239219 
232 -0.269131 
233 0.108952 
234 -0.105038 
235 0.261349 
236 -0.142970 
237 0.490137 
238 -0.094188 
239 0.068753 
240 0.279278 
241 -0.445872 
242 0.351453 
243 -0.186728 
244 -0.142970 
245 -0.192087 
246 -0.050474 
247 -0.156929 
248 0.364445 
249 0.004992 
250 0.195968 
251 -0.291626 
252 0.108952 
253 0.333865 
254 0.197190 
255 -0.016557 
256 0.067541 
257 0.398744 
258 0.068753 
259 0.289073 
260 0.092244 
261 0.249008 
262 0.177904 
263 -0.222682 
264 0.046959 
265 0.333195 
266 0.204396 
267 -0.112641 
268 -0.346711 
269 -0.346711 
270 0.171836 
271 -0.269131 
272 0.333865 
273 -0.115888 
274 0.067103 
275 -0.000045 
276 -0.396847 
277 -0.486928 
278 0.020453 
279 -0.165362 
280 0.428277 
281 -0.197228 
282 -0.259259 
283 0.108952 
284 -0.186728 
285 0.201689 
286 -0.112641 
287 -0.027978 
288 -0.201861 
289 0.077134 
290 0.251843 
291 0.003442 
292 -0.264689 
293 -0.124726 
294 -0.087794 
295 -0.489290 
296 -0.333858 
297 0.156539 
298 0.133802 
299 -0.066845 
300 0.004992 
301 0.341679 
302 0.372235 
303 -0.237314 
304 0.077134 
305 0.428949 
306 0.294110 
307 0.001149 
308 0.042565 
309 0.034385 
310 0.428949 
311 0.416698 
312 0.034385 
313 0.333865 
314 0.092244 
315 -0.237472 
316 -0.124726 
317 -0.184392 
318 -0.397341 
319 -0.325627 
320 0.159782 
321 0.428277 
322 0.372235 
323 0.428277 
324 0.134678 
325 0.387254 
326 -0.310965 
327 0.042565 
328 0.222144 
329 -0.168106 
330 -0.401669 
331 0.126800 
332 0.004992 
333 0.400104 
334 0.201689 
335 0.334343 
336 0.249008 
337 -0.317133 
338 0.333195 
339 -0.158448 
340 -0.489962 
341 0.304057 
342 -0.156929 
343 -0.127351 
344 -0.192087 
345 -0.222682 
346 -0.445872 
347 0.372235 
348 0.007217 
349 -0.087794 
350 -0.396847 
351 0.387698 
352 0.340079 
353 0.126800 
354 0.436844 
355 -0.426795 
356 0.436844 
357 0.034476 
358 0.450002 
359 -0.445872 
360 0.040421 
361 -0.291626 
362 0.004992 
363 -0.222682 
364 0.339143 
365 -0.322982 
366 -0.377461 
367 0.195968 
368 -0.112641 
369 0.333865 
370 0.007217 
371 0.142848 
372 0.177904 
373 -0.325627 
374 0.257416 
375 0.325941 
376 -0.474384 
377 0.298443 
378 0.372235 
379 0.249008 
380 -0.325627 
381 -0.265237 
382 0.333865 
383 -0.184392 
384 -0.030187 
385 -0.247065 
386 0.177904 
387 -0.173967 
388 -0.474384 
389 0.214808 
390 0.318900 
391 0.474335 
392 0.427283 
393 -0.094188 
394 0.035466 
395 -0.259259 
396 0.372235 
397 0.324356 
398 -0.396847 
399 -0.124726 
400 -0.398631 
401 0.007725 
402 -0.464960 
403 0.125602 
404 0.362590 
405 -0.280452 
406 -0.162180 
407 -0.460799 
408 0.236945 
409 0.096209 
410 -0.096990 
411 -0.072712 
412 -0.454431 
413 -0.284620 
414 0.427283 
415 0.318900 
416 0.249008 
417 0.312054 
418 -0.284620 
419 -0.164231 
420 0.035466 
421 0.243800 
422 0.333865 
423 -0.394662 
424 -0.030187 
425 -0.460799 
426 -0.185523 
427 0.034476 
428 0.261480 
429 -0.280452 
430 0.251843 
431 -0.264867 
432 -0.469633 
433 -0.460799 
434 -0.080055 
435 -0.284620 
436 0.008107 
437 -0.454431 
438 0.040421 
439 -0.211712 
440 -0.464960 
441 0.416698 
442 0.177904 
443 -0.184392 
444 -0.259259 
445 0.043393 
446 -0.184392 
447 -0.280452 
448 -0.484252 
449 0.007725 
450 0.297820 
451 -0.201861 
452 -0.439271 
453 0.427283 
454 -0.184392 
455 0.243800 
456 0.142838 
457 0.037089 
458 0.372235 
459 -0.207483 
460 -0.221832 
461 -0.063787 
462 -0.158448 
463 0.172244 
464 -0.460799 
465 0.301702 
466 -0.397341 
467 -0.429470 
468 -0.454431 
469 0.202366 
470 -0.120273 
471 0.427283 
472 -0.464960 
473 0.362590 
474 0.387254 
475 -0.220611 
476 0.362067 
477 0.126800 
478 0.068753 
479 -0.488862 
480 0.493705 
481 0.413908 
482 -0.419919 
483 0.459202 
484 0.198095 
485 -0.131294 
486 0.451158 
487 -0.072712 
488 0.390662 
489 0.487451 
490 -0.246579 
491 -0.467028 
492 0.174564 
493 -0.408434 
494 -0.284620 
495 -0.162180 
496 0.115338 
497 -0.115888 
498 0.234021 
499 0.201689 
500 -0.184392 
501 -0.305485 
502 -0.158448 
503 0.096209 
504 -0.007213 
505 -0.298960 
506 0.206272 
507 0.035466 
508 -0.103231 
509 0.017816 
510 0.142838 
511 -0.027978 
512 -0.397341 
513 -0.042200 
514 -0.469633 
515 -0.162180 
516 0.007217 
517 0.174564 
518 0.037089 
519 -0.019763 
520 0.243800 
521 0.128445 
522 0.128445 
523 -0.027978 
524 0.298443 
525 -0.019763 
526 -0.019763 
527 0.333195 
528 -0.222682 
529 0.067103 
530 -0.460799 
531 -0.499818 
532 0.226928 
533 0.096209 
534 0.126800 
535 0.044972 
536 -0.284620 
537 0.245436 
538 -0.450510 
539 0.062571 
540 0.358551 
541 0.245308 
542 0.476069 
543 0.371127 
544 -0.305485 
545 -0.305485 
546 -0.450510 
547 -0.201845 
548 -0.330587 
549 -0.086592 
550 -0.124726 
551 -0.280452 
552 0.400104 
553 0.362590 
554 -0.408434 
555 -0.118161 
556 -0.222682 
557 0.115514 
558 -0.398785 
559 -0.264867 
560 -0.030187 
561 -0.102144 
562 -0.325627 
563 -0.167901 
564 -0.398785 
565 0.042565 
566 -0.446869 
567 0.476069 
568 -0.115888 
569 0.380523 
570 -0.472017 
571 0.364445 
572 0.325941 
573 -0.170188 
574 0.460496 
575 0.199480 
576 0.324356 
577 -0.265237 
578 -0.120273 
579 0.400104 
580 -0.429470 
581 0.004292 
582 -0.170188 
583 -0.467028 
584 0.364445 
585 0.298443 
586 -0.099433 
587 -0.067619 
588 -0.446869 
589 0.400104 
590 -0.165362 
591 0.289073 
592 -0.165362 
593 -0.264689 
594 -0.398785 
595 -0.016557 
596 0.156539 
597 -0.086592 
598 -0.446869 
599 0.075960 
600 0.125602 
601 0.475788 
602 -0.460799 
603 0.450002 
604 0.128445 
605 0.017162 
606 -0.112641 
607 -0.016557 
608 -0.317133 
609 0.007217 
610 0.245436 
611 -0.086592 
612 -0.158448 
613 -0.164231 
614 -0.086592 
615 0.211569 
616 -0.450510 
617 -0.264689 
618 -0.066504 
619 0.142191 
620 -0.253442 
621 -0.120273 
622 -0.244462 
623 0.034476 
624 -0.112641 
625 0.243800 
626 -0.264867 
627 -0.450510 
628 0.247961 
629 0.251843 
630 -0.165362 
631 -0.264689 
632 0.172244 
633 -0.105038 
634 -0.186728 
635 -0.164231 
636 0.358551 
637 -0.165362 
638 0.161013 
639 -0.123601 
640 0.370512 
641 0.046959 
642 -0.112641 
643 0.428949 
644 -0.248061 
645 0.476069 
646 0.043555 
647 0.301702 
648 -0.237314 
649 -0.309327 
650 0.007217 
651 -0.131294 
652 -0.075008 
653 0.236945 
654 0.174564 
655 0.043555 
656 0.398744 
657 0.013827 
658 -0.118161 
659 -0.192820 
660 0.043555 
661 0.035466 
662 0.057533 
663 -0.299083 
664 0.097077 
665 0.142191 
666 -0.222682 
667 -0.106556 
668 0.096209 
669 0.247961 
670 -0.127351 
671 0.191228 
672 0.013827 
673 -0.429470 
674 0.312054 
675 -0.137615 
676 0.392910 
677 -0.474384 
678 -0.283904 
679 0.362590 
680 0.013827 
681 0.046959 
682 -0.162180 
683 0.172244 
684 0.007217 
685 0.370512 
686 -0.105038 
687 0.174564 
688 0.111178 
689 -0.165362 
690 -0.127351 
691 0.171836 
692 -0.184392 
693 0.115514 
694 -0.294692 
695 0.088967 
696 0.226928 
697 0.085878 
698 0.392910 
699 0.129714 
700 0.333195 
701 -0.472017 
702 -0.096696 
703 -0.054242 
704 0.205230 
705 0.301702 
706 0.007725 
707 -0.324550 
708 0.234021 
709 -0.180955 
710 0.484164 
711 -0.156929 
712 -0.165362 
713 0.418854 
714 -0.252363 
715 -0.123601 
716 -0.294692 
717 0.126800 
718 0.346682 
719 -0.115888 
720 0.380523 
721 0.075960 
722 0.318900 
723 -0.489962 
724 -0.305485 
725 0.142838 
726 0.299693 
727 -0.087794 
728 -0.164231 
729 0.274210 
730 0.392910 
731 0.129714 
732 -0.401669 
733 -0.127351 
734 0.392910 
735 0.294110 
736 0.007725 
737 0.201016 
738 -0.054965 
739 -0.472017 
740 -0.123601 
741 -0.354270 
742 0.007217 
743 0.007217 
744 0.351453 
745 0.126800 
746 0.214808 
747 0.142848 
748 -0.027978 
749 0.202366 
750 -0.324550 
751 0.245308 
752 0.126800 
753 -0.426795 
754 -0.474384 
755 0.036696 
756 -0.086592 
757 -0.305485 
758 0.261480 
759 0.129714 
760 0.222144 
761 -0.162180 
762 0.222144 
763 0.474808 
764 0.351453 
765 -0.485759 
766 -0.397341 
767 -0.173321 
768 -0.143191 
769 -0.474384 
770 -0.439271 
771 0.351453 
772 -0.207483 
773 0.410403 
774 -0.467028 
775 0.312054 
776 -0.412038 
777 -0.322982 
778 0.088967 
779 0.013827 
780 0.046959 
781 -0.014874 
782 -0.211712 
783 -0.324550 
784 -0.284620 
785 -0.244462 
786 -0.027978 
787 -0.063787 
788 0.261480 
789 0.398744 
790 -0.054965 
791 -0.298941 
792 -0.105038 
793 -0.284620 
794 0.370512 
795 0.035466 
796 0.487451 
797 -0.158448 
798 0.287171 
799 -0.450510 
800 0.416698 
801 -0.412409 
802 0.172244 
803 0.133802 
804 0.294110 
805 0.227716 
806 -0.201845 
807 -0.324550 
808 0.428949 
809 -0.367100 
810 0.318900 
811 -0.377461 
812 -0.467028 
813 -0.404331 
814 -0.472017 
815 0.142838 
816 -0.305485 
817 0.487451 
818 0.261480 
819 0.251843 
820 -0.222682 
821 -0.173967 
822 0.007725 
823 -0.305485 
824 0.425817 
825 -0.233196 
826 0.202366 
827 0.088967 
828 0.007725 
829 0.161013 
830 0.199480 
831 0.247961 
832 0.291903 
833 0.410403 
834 0.416698 
835 -0.484252 
836 -0.305485 
837 -0.275215 
838 -0.222682 
839 -0.080353 
840 -0.173967 
841 0.226928 
842 -0.211712 
843 0.084481 
844 -0.073013 
845 0.245436 
846 0.195968 
847 -0.123601 
848 0.261480 
849 -0.429470 
850 0.174464 
851 -0.073013 
852 -0.211712 
853 -0.233196 
854 0.460496 
855 -0.120273 
856 -0.126544 
857 0.043555 
858 0.304057 
859 -0.253190 
860 0.392910 
861 -0.240991 
862 0.487451 
863 -0.233196 
864 0.398744 
865 -0.485759 
866 0.046959 
867 -0.426795 
868 0.077134 
869 0.204396 
870 -0.086592 
871 0.116770 
872 0.410403 
873 0.364445 
874 -0.099074 
875 0.206272 
876 0.084481 
877 -0.354270 
878 0.316071 
879 -0.173967 
880 0.432336 
881 0.333195 
882 -0.298941 
883 0.301702 
884 -0.164231 
885 -0.331252 
886 -0.167901 
887 -0.467028 
888 0.364445 
889 -0.499818 
890 0.044972 
891 0.202366 
892 -0.291626 
893 -0.331252 
894 0.211063 
895 -0.331252 
896 -0.244462 
897 -0.118161 
898 -0.086592 
899 -0.054965 
900 -0.259259 
901 -0.019763 
902 -0.036611 
903 -0.211712 
904 -0.096696 
905 -0.067011 
906 -0.240991 
907 0.291903 
908 -0.408434 
909 0.261480 
910 0.116770 
911 0.249299 
912 -0.086592 
913 0.390662 
914 0.274210 
915 0.301702 
916 -0.120273 
917 0.206272 
918 0.247961 
919 0.275627 
920 -0.474384 
921 0.044972 
922 -0.398631 
923 0.007217 
924 -0.244462 
925 0.459202 
926 0.249299 
927 -0.063787 
928 0.035466 
929 -0.252363 
930 0.251843 
931 0.358551 
932 0.275218 
933 -0.173967 
934 0.097077 
935 0.211063 
936 0.088967 
937 -0.259259 
938 -0.106556 
939 0.205260 
940 0.035466 
941 -0.112641 
942 -0.197228 
943 -0.016557 
944 -0.264867 
945 0.294110 
946 -0.030187 
947 -0.167901 
948 -0.469633 
949 0.034476 
950 0.261480 
951 -0.167901 
952 -0.180955 
953 0.037089 
954 -0.073013 
955 0.124007 
956 0.197190 
957 -0.007213 
958 0.249299 
959 0.275218 
960 -0.102144 
961 0.084481 
962 0.116770 
963 0.044972 
964 -0.454431 
965 -0.173967 
966 0.206272 
967 -0.408434 
968 0.429201 
969 0.301702 
970 -0.426795 
971 -0.240991 
972 0.102767 
973 -0.192125 
974 -0.003131 
975 0.312054 
976 -0.397341 
977 -0.499818 
978 -0.226784 
979 0.398744 
980 -0.166980 
981 -0.133424 
982 -0.080353 
983 0.097077 
984 -0.401669 
985 0.226928 
986 0.358551 
987 0.294110 
988 -0.331252 
989 -0.075008 
990 0.494220 
991 0.206272 
992 0.304057 
993 -0.151193 
994 -0.305485 
995 0.494220 
996 -0.412038 
997 -0.080353 
998 -0.237314 
999 0.034476 
1000 0.206272 
1001 -0.252363 
1002 0.245308 
1003 0.198095 
1004 0.301702 
1005 0.044972 
1006 0.034476 
1007 -0.080353 
1008 0.475788 
1009 0.088967 
1010 -0.130979 
1011 -0.240991 
1012 -0.064466 
1013 -0.080353 
1014 -0.404331 
1015 -0.460142 
1016 -0.073013 
1017 -0.124726 
1018 -0.259259 
1019 0.364445 
1020 0.312054 
1021 -0.016557 
1022 0.491573 
1023 -0.201845 
1024 -0.030187 
1025 0.108952 
1026 -0.201845 
1027 -0.486928 
1028 -0.259259 
1029 0.234021 
1030 0.432336 
1031 0.398744 
1032 -0.298941 
1033 -0.484252 
1034 -0.064466 
1035 -0.394662 
1036 0.035466 
1037 0.234021 
1038 0.118661 
1039 0.013827 
1040 0.035466 
1041 0.331529 
1042 0.275218 
1043 -0.373676 
1044 -0.096990 
1045 0.372235 
1046 -0.252363 
1047 0.436694 
1048 -0.460799 
1049 -0.367100 
1050 -0.464960 
1051 -0.248061 
1052 0.390662 
1053 -0.455236 
1054 0.211063 
1055 -0.417488 
1056 0.234021 
1057 -0.237546 
1058 0.390662 
1059 -0.042200 
1060 -0.354270 
1061 -0.429470 
1062 0.275627 
1063 -0.115888 
1064 0.150247 
1065 -0.198681 
1066 0.291903 
1067 0.245436 
1068 -0.143191 
1069 -0.457684 
1070 -0.228332 
1071 -0.310965 
1072 -0.221832 
1073 -0.220611 
1074 -0.067011 
1075 0.003442 
1076 -0.454431 
1077 -0.157478 
1078 -0.474384 
1079 0.398744 
1080 -0.033214 
1081 -0.033214 
1082 -0.427990 
1083 -0.099074 
1084 0.116770 
1085 0.227716 
1086 -0.213711 
1087 -0.033214 
1088 -0.033214 
1089 -0.485759 
1090 0.318900 
1091 0.226928 
1092 0.197190 
1093 -0.183016 
1094 -0.118161 
1095 0.372430 
1096 -0.499818 
1097 -0.386334 
1098 -0.220611 
1099 0.487451 
1100 0.474335 
1101 -0.050474 
1102 -0.394662 
1103 -0.173967 
1104 0.031213 
1105 -0.186728 
1106 0.077134 
1107 -0.248061 
1108 0.348360 
1109 -0.298941 
1110 0.348360 
1111 -0.264867 
1112 0.171836 
1113 -0.075008 
1114 -0.280452 
1115 0.287171 
1116 -0.354270 
1117 0.034476 
1118 -0.165362 
1119 -0.269131 
1120 0.132517 
1121 -0.354270 
1122 -0.099074 
1123 -0.404331 
1124 -0.322982 
1125 0.320253 
1126 0.258168 
1127 -0.354270 
1128 -0.064466 
1129 -0.007047 
1130 0.097077 
1131 -0.197228 
1132 0.398744 
1133 0.202366 
1134 0.159782 
1135 -0.226784 
1136 -0.486928 
1137 0.261349 
1138 -0.317995 
1139 -0.066845 
1140 -0.427990 
1141 -0.016557 
1142 0.124007 
1143 0.088967 
1144 -0.396847 
1145 0.084481 
1146 0.494220 
1147 0.116770 
1148 0.346682 
1149 0.062571 
1150 -0.016557 
1151 -0.317133 
1152 -0.054965 
1153 -0.165362 
1154 0.227716 
1155 -0.143191 
1156 0.493705 
1157 0.239219 
1158 0.037089 
1159 0.348360 
1160 0.494220 
1161 -0.461316 
1162 -0.118161 
1163 0.474335 
1164 0.297820 
1165 -0.211712 
1166 -0.322982 
1167 0.311435 
1168 -0.222682 
1169 -0.429470 
1170 -0.429013 
1171 -0.253442 
1172 0.043393 
1173 0.051317 
1174 0.062571 
1175 0.311435 
1176 -0.309327 
1177 0.297820 
1178 0.301702 
1179 0.211063 
1180 0.362590 
1181 -0.298941 
1182 0.177904 
1183 0.418854 
1184 0.348360 
1185 -0.207483 
1186 0.046959 
1187 -0.427990 
1188 -0.050474 
1189 0.388000 
1190 0.013827 
1191 -0.486928 
1192 -0.317133 
1193 -0.133424 
1194 0.304057 
1195 0.291903 
1196 -0.275215 
1197 -0.184392 
1198 -0.173967 
1199 0.475788 
1200 0.037089 
1201 -0.131294 
1202 0.116770 
1203 -0.429470 
1204 -0.180955 
1205 -0.211712 
1206 -0.306599 
1207 0.096209 
1208 0.474808 
1209 0.351453 
1210 -0.248061 
1211 0.128445 
1212 -0.185523 
1213 0.177904 
1214 0.128445 
1215 0.333865 
1216 0.013827 
1217 0.195968 
1218 0.043393 
1219 -0.007213 
1220 -0.166980 
1221 0.425817 
1222 0.297820 
1223 -0.394662 
1224 0.062571 
1225 0.298443 
1226 0.142191 
1227 0.304057 
1228 -0.211712 
1229 0.043393 
1230 -0.429470 
1231 0.261349 
1232 0.177904 
1233 -0.472017 
1234 -0.064466 
1235 0.474808 
1236 -0.003259 
1237 -0.244462 
1238 0.348360 
1239 0.068753 
1240 -0.455236 
1241 0.249008 
1242 0.158515 
1243 0.214808 
1244 -0.112641 
1245 0.236945 
1246 0.325941 
1247 0.371227 
1248 0.245308 
1249 0.425817 
1250 0.425817 
1251 0.392638 
1252 -0.469633 
1253 -0.106556 
1254 0.498129 
1255 0.258168 
1256 -0.050474 
1257 0.172244 
1258 -0.127351 
1259 -0.317133 
1260 -0.185523 
1261 -0.201845 
1262 -0.080353 
1263 0.227716 
1264 -0.080353 
1265 0.046959 
1266 0.124007 
1267 -0.198681 
1268 0.428949 
1269 0.156539 
1270 -0.183016 
1271 -0.248061 
1272 -0.166980 
1273 0.111178 
1274 0.258168 
1275 0.062571 
1276 0.001149 
1277 -0.469633 
1278 0.498129 
1279 0.398744 
1280 -0.133424 
1281 0.400104 
1282 -0.455236 
1283 0.494220 
1284 0.304057 
1285 -0.354270 
1286 0.150247 
1287 -0.080353 
1288 0.201689 
1289 -0.283425 
1290 0.371127 
1291 0.428277 
1292 0.211063 
1293 -0.080055 
1294 -0.185523 
1295 0.203331 
1296 -0.127351 
1297 0.274210 
1298 -0.322982 
1299 -0.354270 
1300 0.142848 
1301 -0.166980 
1302 -0.007213 
1303 -0.275215 
1304 -0.123601 
1305 0.474808 
1306 0.202366 
1307 0.274210 
1308 0.236945 
1309 -0.419732 
1310 0.088967 
1311 -0.102144 
1312 -0.127351 
1313 -0.133424 
1314 -0.240991 
1315 -0.167901 
1316 0.040421 
1317 0.031213 
1318 0.159782 
1319 -0.019763 
1320 0.116770 
1321 0.051317 
1322 0.031213 
1323 -0.180955 
1324 0.003442 
1325 0.142848 
1326 0.044972 
1327 -0.306599 
1328 0.171836 
1329 0.158515 
1330 0.129714 
1331 -0.469633 
1332 0.003442 
1333 0.425817 
1334 0.142191 
1335 0.498129 
1336 0.124007 
1337 0.274348 
1338 0.245436 
1339 0.214808 
1340 0.004292 
1341 0.195968 
1342 0.003442 
1343 0.476069 
1344 -0.151193 
1345 0.128445 
1346 -0.137615 
1347 -0.478916 
1348 -0.099074 
1349 0.498129 
1350 0.075960 
1351 -0.484252 
1352 0.436694 
1353 -0.426378 
1354 0.304057 
1355 0.156539 
1356 -0.469633 
1357 -0.127351 
1358 0.311435 
1359 0.227716 
1360 0.274210 
1361 0.436844 
1362 -0.080055 
1363 -0.016557 
1364 0.075960 
1365 -0.207483 
1366 -0.137615 
1367 0.201689 
1368 -0.306599 
1369 0.161013 
1370 -0.078961 
1371 0.202366 
1372 -0.102144 
1373 -0.419919 
1374 -0.419919 
1375 0.279278 
1376 -0.454431 
1377 -0.377461 
1378 -0.003259 
1379 -0.087794 
1380 0.311435 
1381 0.249299 
1382 -0.050474 
1383 -0.427990 
1384 -0.284620 
1385 0.289073 
1386 -0.106556 
1387 -0.133424 
1388 -0.426795 
1389 -0.404331 
1390 -0.148038 
1391 0.142848 
1392 0.304057 
1393 0.046959 
1394 -0.455236 
1395 0.195968 
1396 -0.269131 
1397 -0.135449 
1398 -0.183016 
1399 -0.211712 
1400 0.096209 
1401 0.126800 
1402 -0.264201 
1403 0.142191 
1404 -0.106556 
1405 0.316071 
1406 -0.306599 
1407 0.195968 
1408 -0.306599 
1409 0.128445 
1410 -0.221832 
1411 -0.075008 
1412 -0.484252 
1413 0.115338 
1414 0.418854 
1415 -0.484252 
1416 0.034385 
1417 -0.265237 
1418 -0.003259 
1419 0.199480 
1420 0.311435 
1421 0.171836 
1422 -0.478916 
1423 -0.498163 
1424 0.272364 
1425 0.004292 
1426 0.371127 
1427 0.418854 
1428 -0.485759 
1429 0.495797 
1430 0.177904 
1431 0.451158 
1432 0.111178 
1433 0.451158 
1434 0.206272 
1435 -0.099433 
1436 -0.143191 
1437 0.243800 
1438 -0.158448 
1439 0.136448 
1440 0.418854 
1441 0.195968 
1442 -0.233196 
1443 0.358551 
1444 -0.173967 
1445 0.111178 
