39 1
0 -0.274948 
1 -0.309763 
2 -0.450154 
3 0.220824 
4 0.018747 
5 -0.271840 
6 -0.177007 
7 -0.330112 
8 -0.056957 
9 0.043850 
10 0.391395 
11 -0.110236 
12 -0.460867 
13 0.452076 
14 0.318898 
15 -0.015388 
16 -0.497773 
17 -0.041109 
18 0.046800 
19 0.016507 
20 -0.170811 
21 0.378863 
22 -0.037061 
23 0.243767 
24 -0.381558 
25 0.432722 
26 -0.267301 
27 0.145369 
28 0.350205 
29 -0.063488 
30 -0.234957 
31 -0.103050 
32 -0.274948 
33 -0.309763 
34 -0.450154 
35 0.220824 
36 0.018747 
37 -0.271840 
38 -0.177007 
