39 1
0 -0.398785 
1 0.378416 
2 0.068034 
3 -0.144545 
4 -0.064897 
5 -0.059976 
6 0.027987 
7 -0.069776 
8 -0.194863 
9 -0.412030 
10 -0.410377 
11 0.376295 
12 0.423206 
13 -0.412356 
14 -0.156306 
15 -0.396366 
16 0.355570 
17 -0.321408 
18 0.429850 
19 -0.245393 
20 0.106453 
21 0.292132 
22 0.052057 
23 -0.178322 
24 -0.041561 
25 0.221497 
26 -0.038942 
27 0.200430 
28 -0.259462 
29 -0.439160 
30 0.277443 
31 -0.149766 
32 -0.398785 
33 0.378416 
34 0.068034 
35 -0.144545 
36 -0.064897 
37 -0.059976 
38 0.027987 
