1446 1
0 -0.470368 
1 0.107396 
2 0.264555 
3 0.035245 
4 0.006109 
5 -0.435847 
6 -0.181666 
7 -0.216968 
8 -0.029807 
9 -0.176423 
10 0.172017 
11 0.462187 
12 0.273102 
13 -0.435847 
14 0.107396 
15 -0.377736 
16 -0.327242 
17 0.457208 
18 0.495326 
19 -0.176423 
20 -0.005560 
21 -0.062841 
22 -0.176423 
23 -0.323648 
24 0.462187 
25 -0.129959 
26 -0.274788 
27 0.485217 
28 0.408515 
29 -0.402746 
30 -0.220061 
31 -0.228522 
32 0.408515 
33 0.242579 
34 -0.256117 
35 0.104414 
36 -0.156087 
37 0.036473 
38 0.495463 
39 -0.286675 
40 -0.129959 
41 0.107396 
42 0.107396 
43 0.197330 
44 -0.043298 
45 -0.162682 
46 -0.162442 
47 0.328333 
48 0.495463 
49 0.439312 
50 0.142272 
51 0.495463 
52 0.433200 
53 -0.485777 
54 -0.213051 
55 -0.358317 
56 -0.435847 
57 -0.043298 
58 0.142272 
59 -0.442917 
60 -0.380980 
61 0.096672 
62 0.357855 
63 0.408515 
64 -0.327242 
65 -0.220061 
66 0.343617 
67 0.407844 
68 0.142272 
69 -0.327242 
70 0.099208 
71 -0.453849 
72 -0.431243 
73 -0.366404 
74 0.013180 
75 -0.358317 
76 0.249945 
77 0.462187 
78 0.248256 
79 -0.453849 
80 -0.442917 
81 -0.469215 
82 0.371730 
83 0.013180 
84 0.333141 
85 -0.358317 
86 0.013180 
87 0.426920 
88 -0.299654 
89 -0.005560 
90 -0.470368 
91 0.495463 
92 -0.421390 
93 -0.043298 
94 -0.431243 
95 -0.421390 
96 -0.005560 
97 0.159644 
98 -0.395108 
99 -0.367624 
100 0.266740 
101 0.248256 
102 -0.499576 
103 0.314533 
104 -0.379469 
105 0.310519 
106 -0.000652 
107 -0.213129 
108 -0.384860 
109 -0.442917 
110 -0.012817 
111 0.407844 
112 -0.435173 
113 -0.366404 
114 -0.025860 
115 0.304133 
116 -0.213129 
117 0.343617 
118 0.166149 
119 -0.359847 
120 0.463991 
121 -0.421390 
122 -0.431243 
123 0.204454 
124 -0.162442 
125 0.304402 
126 0.454474 
127 -0.299654 
128 0.096672 
129 0.454474 
130 0.450507 
131 0.096921 
132 -0.291516 
133 -0.213129 
134 -0.213129 
135 -0.274788 
136 0.039080 
137 -0.259319 
138 0.127887 
139 0.343617 
140 -0.366469 
141 -0.366404 
142 0.436008 
143 -0.283520 
144 -0.220061 
145 0.357855 
146 0.142677 
147 -0.011735 
148 -0.012817 
149 0.242579 
150 -0.367589 
151 0.304402 
152 -0.216203 
153 0.203319 
154 -0.164655 
155 0.312902 
156 0.127225 
157 -0.421390 
158 -0.170053 
159 -0.190209 
160 -0.155468 
161 0.096672 
162 0.007937 
163 -0.299654 
164 -0.205033 
165 0.495326 
166 0.221348 
167 0.040508 
168 -0.325976 
169 -0.443086 
170 0.191880 
171 -0.018038 
172 -0.453849 
173 0.407844 
174 0.304133 
175 -0.192006 
176 0.048049 
177 -0.472335 
178 -0.382833 
179 0.099208 
180 0.039212 
181 0.357855 
182 -0.181666 
183 0.048049 
184 0.266740 
185 0.136134 
186 0.099208 
187 0.304402 
188 -0.155468 
189 -0.470368 
190 0.088915 
191 -0.005560 
192 -0.163144 
193 0.266740 
194 -0.184397 
195 -0.426442 
196 -0.488303 
197 0.495326 
198 -0.074217 
199 0.041935 
200 0.039080 
201 -0.274788 
202 -0.037252 
203 0.304133 
204 -0.415277 
205 0.191880 
206 0.270798 
207 -0.426442 
208 -0.148038 
209 -0.278699 
210 -0.000652 
211 0.249945 
212 0.152828 
213 -0.367584 
214 0.048049 
215 -0.327575 
216 0.335955 
217 -0.155468 
218 0.433200 
219 0.040508 
220 0.303685 
221 0.407844 
222 0.270798 
223 0.249945 
224 0.072037 
225 0.166149 
226 -0.301601 
227 -0.359847 
228 -0.156513 
229 -0.025860 
230 -0.216203 
231 0.191880 
232 0.007937 
233 0.331073 
234 -0.407602 
235 -0.274788 
236 0.183376 
237 0.079827 
238 -0.219287 
239 0.331073 
240 0.269856 
241 -0.402746 
242 -0.103870 
243 -0.170053 
244 0.096672 
245 -0.181666 
246 -0.499576 
247 0.121946 
248 -0.447439 
249 0.142677 
250 -0.185756 
251 -0.480301 
252 0.331073 
253 -0.359847 
254 -0.241846 
255 0.335955 
256 -0.435847 
257 -0.092862 
258 0.197330 
259 0.372698 
260 -0.162442 
261 0.270798 
262 0.016330 
263 -0.390451 
264 -0.195320 
265 -0.231444 
266 -0.161322 
267 0.419574 
268 0.039080 
269 0.039080 
270 -0.499725 
271 0.007937 
272 0.096921 
273 0.235559 
274 0.127345 
275 0.266740 
276 -0.205033 
277 -0.076663 
278 0.202500 
279 -0.469215 
280 -0.301601 
281 -0.403568 
282 0.337256 
283 0.384271 
284 -0.133148 
285 -0.231444 
286 -0.156087 
287 0.351781 
288 0.040508 
289 -0.426442 
290 -0.443086 
291 0.423180 
292 -0.162682 
293 -0.325976 
294 0.384271 
295 0.357855 
296 0.301529 
297 0.041935 
298 0.433200 
299 -0.174073 
300 0.013180 
301 -0.085921 
302 0.096921 
303 0.496991 
304 0.072037 
305 -0.480301 
306 -0.239593 
307 -0.350535 
308 0.088915 
309 -0.244095 
310 -0.435173 
311 -0.148038 
312 0.363022 
313 -0.359847 
314 0.096921 
315 0.402629 
316 -0.027050 
317 -0.426442 
318 0.384271 
319 0.366718 
320 -0.074217 
321 -0.426442 
322 -0.162442 
323 0.072037 
324 -0.350536 
325 -0.027050 
326 0.075997 
327 0.088915 
328 0.372698 
329 0.048049 
330 0.313079 
331 0.064966 
332 0.013180 
333 -0.133148 
334 0.127887 
335 -0.470368 
336 -0.473402 
337 0.137700 
338 0.096672 
339 -0.279482 
340 -0.095304 
341 0.439312 
342 -0.025860 
343 0.077760 
344 -0.181666 
345 -0.213051 
346 -0.402746 
347 -0.301601 
348 -0.267205 
349 0.127887 
350 -0.205033 
351 -0.358317 
352 -0.437317 
353 -0.213051 
354 -0.485112 
355 -0.228522 
356 -0.485112 
357 -0.371387 
358 -0.050558 
359 -0.402746 
360 -0.391745 
361 -0.231444 
362 0.013180 
363 -0.213051 
364 -0.164655 
365 0.485217 
366 -0.160322 
367 -0.241846 
368 -0.156087 
369 0.096921 
370 0.013180 
371 -0.208640 
372 0.138536 
373 0.366718 
374 -0.270782 
375 -0.376702 
376 0.123191 
377 0.035245 
378 -0.074217 
379 -0.473402 
380 0.366718 
381 -0.140439 
382 0.197330 
383 0.142677 
384 -0.170053 
385 -0.170824 
386 -0.025860 
387 -0.480301 
388 0.123191 
389 -0.469215 
390 -0.283520 
391 0.430942 
392 0.366718 
393 -0.219287 
394 0.123191 
395 0.335955 
396 -0.274788 
397 0.234907 
398 0.374012 
399 -0.389759 
400 -0.499725 
401 -0.163144 
402 0.463991 
403 0.382290 
404 -0.473402 
405 -0.081981 
406 -0.436006 
407 0.096672 
408 0.002628 
409 -0.300172 
410 -0.419863 
411 0.344853 
412 -0.402852 
413 -0.390093 
414 -0.390093 
415 0.183376 
416 -0.473402 
417 -0.414297 
418 -0.390093 
419 -0.287501 
420 -0.323648 
421 -0.366469 
422 -0.162682 
423 -0.473622 
424 0.183376 
425 0.096672 
426 0.069978 
427 -0.371387 
428 0.209103 
429 -0.081981 
430 -0.305100 
431 0.374012 
432 0.104414 
433 0.366718 
434 0.136134 
435 -0.390093 
436 -0.213129 
437 -0.402852 
438 -0.376702 
439 -0.419856 
440 0.340176 
441 -0.241918 
442 -0.309401 
443 0.463991 
444 -0.274788 
445 -0.230710 
446 0.138536 
447 -0.081981 
448 -0.025860 
449 -0.366469 
450 0.136134 
451 0.040508 
452 0.003865 
453 -0.274788 
454 -0.163144 
455 -0.428827 
456 -0.403568 
457 -0.091332 
458 -0.162682 
459 -0.195320 
460 -0.095519 
461 0.235559 
462 0.419574 
463 -0.486208 
464 0.096672 
465 0.183376 
466 -0.394903 
467 -0.133148 
468 -0.402852 
469 -0.011735 
470 -0.266376 
471 -0.390093 
472 0.467484 
473 0.374012 
474 0.142985 
475 0.124505 
476 0.453593 
477 -0.371387 
478 0.197330 
479 0.123191 
480 0.134192 
481 -0.442750 
482 0.382753 
483 0.374012 
484 -0.267172 
485 0.068470 
486 -0.472335 
487 0.344853 
488 -0.076995 
489 0.293522 
490 -0.327242 
491 -0.103673 
492 -0.390093 
493 0.454474 
494 0.312564 
495 -0.436006 
496 0.273649 
497 0.340176 
498 -0.279482 
499 0.127887 
500 -0.390093 
501 -0.403568 
502 -0.078139 
503 -0.300172 
504 -0.129771 
505 0.197433 
506 0.264555 
507 -0.301601 
508 0.321217 
509 -0.220061 
510 -0.279863 
511 0.127887 
512 -0.447439 
513 -0.358563 
514 0.197330 
515 -0.436006 
516 -0.266376 
517 -0.119744 
518 0.039212 
519 -0.267205 
520 0.335955 
521 0.303685 
522 0.212000 
523 0.351781 
524 -0.309401 
525 -0.267205 
526 -0.162682 
527 -0.380980 
528 -0.300172 
529 -0.196204 
530 0.064966 
531 -0.141102 
532 0.396496 
533 0.312564 
534 0.142677 
535 -0.442917 
536 0.312564 
537 0.003738 
538 0.142677 
539 -0.300172 
540 -0.267205 
541 -0.394757 
542 0.039072 
543 -0.494475 
544 -0.286675 
545 -0.231444 
546 -0.098515 
547 -0.372782 
548 0.234311 
549 -0.162682 
550 0.407844 
551 -0.081981 
552 0.312564 
553 0.064966 
554 0.127887 
555 0.329283 
556 0.159644 
557 0.127225 
558 0.138536 
559 -0.309401 
560 -0.394903 
561 0.168260 
562 0.467484 
563 -0.230710 
564 0.104414 
565 0.088915 
566 -0.407602 
567 -0.029807 
568 0.467484 
569 0.259544 
570 -0.085859 
571 -0.494475 
572 0.200996 
573 0.333141 
574 -0.407279 
575 -0.442917 
576 0.013692 
577 0.068470 
578 -0.266376 
579 -0.309401 
580 0.340176 
581 -0.132366 
582 0.301480 
583 -0.085859 
584 -0.414872 
585 0.035245 
586 0.337256 
587 0.371730 
588 0.096921 
589 0.280933 
590 0.340176 
591 0.331073 
592 0.064966 
593 -0.162682 
594 0.104414 
595 -0.419863 
596 -0.162442 
597 -0.442917 
598 -0.380980 
599 -0.447439 
600 0.363022 
601 -0.185756 
602 0.366718 
603 -0.050558 
604 -0.267172 
605 0.457382 
606 -0.162682 
607 0.335955 
608 0.369973 
609 0.280933 
610 -0.428827 
611 0.331073 
612 0.142677 
613 0.419574 
614 -0.119744 
615 -0.103870 
616 -0.430848 
617 -0.447439 
618 0.142272 
619 -0.394903 
620 0.233901 
621 0.064966 
622 0.351781 
623 -0.162025 
624 0.064966 
625 -0.428827 
626 0.147663 
627 0.450507 
628 0.174719 
629 -0.436006 
630 0.174719 
631 -0.283520 
632 -0.394903 
633 -0.407602 
634 -0.170053 
635 0.419574 
636 0.393692 
637 0.436008 
638 0.299187 
639 -0.435173 
640 -0.394903 
641 0.174719 
642 -0.170053 
643 -0.078361 
644 0.079827 
645 -0.327575 
646 0.314533 
647 0.035245 
648 -0.314493 
649 0.202485 
650 -0.081981 
651 0.183376 
652 -0.062841 
653 0.354482 
654 -0.078361 
655 0.264555 
656 0.012479 
657 -0.390451 
658 0.366718 
659 0.495326 
660 0.314533 
661 -0.486208 
662 0.431219 
663 -0.395108 
664 -0.486208 
665 -0.419856 
666 0.450507 
667 0.312902 
668 -0.380980 
669 0.197330 
670 0.234311 
671 -0.043298 
672 0.393692 
673 -0.329988 
674 0.393692 
675 -0.419863 
676 0.152828 
677 0.147663 
678 -0.431243 
679 0.064966 
680 0.007530 
681 0.174719 
682 -0.085859 
683 0.463991 
684 -0.267172 
685 0.312564 
686 -0.407602 
687 -0.078361 
688 -0.216203 
689 0.436008 
690 0.495326 
691 -0.426442 
692 -0.162442 
693 0.473458 
694 -0.161322 
695 0.137700 
696 0.035245 
697 -0.415277 
698 0.147663 
699 0.197330 
700 -0.442917 
701 -0.081981 
702 0.158275 
703 0.163369 
704 0.050487 
705 0.142677 
706 -0.442917 
707 -0.170053 
708 0.301529 
709 0.354482 
710 -0.499725 
711 -0.332272 
712 -0.300172 
713 0.405077 
714 0.077760 
715 -0.435173 
716 -0.389759 
717 -0.407602 
718 0.321217 
719 0.337256 
720 0.259544 
721 0.436008 
722 0.436008 
723 0.015070 
724 -0.450860 
725 -0.279863 
726 0.234907 
727 -0.213129 
728 -0.390451 
729 -0.184397 
730 -0.267172 
731 -0.141199 
732 0.121946 
733 0.234311 
734 -0.141199 
735 -0.394903 
736 0.280933 
737 -0.259986 
738 -0.162442 
739 0.249945 
740 -0.300172 
741 -0.141199 
742 -0.141199 
743 0.233901 
744 -0.170053 
745 -0.407602 
746 0.450507 
747 0.371864 
748 0.002628 
749 0.249945 
750 -0.085859 
751 -0.435173 
752 0.147663 
753 -0.403568 
754 -0.162442 
755 -0.018038 
756 -0.469215 
757 -0.283520 
758 0.209103 
759 0.197330 
760 0.382290 
761 -0.436006 
762 0.127345 
763 -0.267172 
764 0.273102 
765 -0.480301 
766 -0.394903 
767 0.408515 
768 -0.141199 
769 -0.300945 
770 0.188526 
771 0.337256 
772 0.007530 
773 0.496991 
774 0.313079 
775 -0.286675 
776 -0.413918 
777 -0.220095 
778 0.137700 
779 -0.390451 
780 0.463991 
781 -0.330214 
782 0.041935 
783 0.337256 
784 -0.436006 
785 -0.366633 
786 0.351781 
787 0.273649 
788 0.209103 
789 -0.390451 
790 0.233901 
791 0.264555 
792 0.419574 
793 0.036473 
794 0.074077 
795 0.264555 
796 0.036473 
797 0.036473 
798 0.002628 
799 -0.098515 
800 0.234311 
801 0.303685 
802 -0.485777 
803 0.433200 
804 -0.239593 
805 -0.095304 
806 0.313079 
807 0.337256 
808 -0.220095 
809 0.432535 
810 -0.485777 
811 -0.160322 
812 -0.162025 
813 -0.329988 
814 0.209103 
815 -0.279863 
816 -0.287501 
817 0.273102 
818 0.209103 
819 -0.325060 
820 -0.407602 
821 0.495326 
822 0.482710 
823 0.273102 
824 0.077548 
825 0.002628 
826 0.313079 
827 -0.300172 
828 -0.098515 
829 0.299187 
830 0.211431 
831 0.136134 
832 -0.382833 
833 0.142985 
834 0.482710 
835 0.457382 
836 0.457208 
837 -0.091494 
838 -0.112528 
839 0.436008 
840 0.495326 
841 0.396496 
842 0.209103 
843 0.457208 
844 -0.436006 
845 -0.359847 
846 -0.185756 
847 0.250349 
848 0.482710 
849 0.209103 
850 -0.078139 
851 -0.469215 
852 0.041935 
853 -0.286675 
854 -0.256715 
855 -0.398958 
856 -0.132366 
857 -0.220095 
858 -0.148038 
859 -0.176423 
860 0.482710 
861 0.333141 
862 0.293522 
863 -0.469215 
864 -0.098515 
865 0.007530 
866 -0.192006 
867 -0.407279 
868 0.463991 
869 0.112872 
870 0.147663 
871 -0.112528 
872 -0.287501 
873 -0.192006 
874 -0.305100 
875 -0.382833 
876 0.153734 
877 0.463991 
878 0.197433 
879 0.235559 
880 0.425547 
881 0.343617 
882 -0.473622 
883 -0.428827 
884 -0.390451 
885 -0.367584 
886 0.393692 
887 -0.162025 
888 0.270798 
889 -0.325131 
890 0.393692 
891 -0.011735 
892 -0.366469 
893 0.128803 
894 0.312564 
895 -0.325060 
896 -0.103870 
897 0.036473 
898 -0.325131 
899 -0.469215 
900 -0.325060 
901 -0.267205 
902 -0.155468 
903 0.072037 
904 0.158275 
905 -0.164655 
906 -0.436006 
907 -0.286675 
908 -0.469215 
909 0.134192 
910 0.007530 
911 0.312564 
912 -0.119744 
913 0.337256 
914 0.425547 
915 0.354482 
916 -0.266376 
917 0.419574 
918 -0.435173 
919 0.138536 
920 0.123191 
921 0.293522 
922 -0.129204 
923 0.233901 
924 -0.366633 
925 0.366718 
926 -0.435173 
927 -0.190209 
928 0.457208 
929 -0.382833 
930 -0.148038 
931 0.036473 
932 -0.095519 
933 0.136134 
934 0.235559 
935 -0.461979 
936 0.419574 
937 0.393692 
938 0.312902 
939 -0.148038 
940 0.314533 
941 -0.170053 
942 -0.037252 
943 0.335955 
944 0.372698 
945 -0.428827 
946 -0.403568 
947 -0.103870 
948 0.153734 
949 -0.407602 
950 0.134192 
951 -0.230710 
952 -0.213129 
953 -0.286675 
954 -0.162025 
955 0.012479 
956 -0.241846 
957 0.233901 
958 0.457208 
959 -0.220095 
960 -0.256117 
961 -0.367584 
962 -0.213051 
963 0.138536 
964 -0.402852 
965 -0.081981 
966 -0.062841 
967 0.123191 
968 0.028935 
969 -0.103870 
970 -0.302308 
971 -0.300945 
972 -0.085859 
973 -0.309401 
974 -0.098515 
975 -0.414297 
976 0.314533 
977 -0.325131 
978 0.459029 
979 -0.011735 
980 0.168260 
981 -0.241846 
982 -0.325060 
983 -0.267205 
984 -0.158885 
985 0.002628 
986 -0.350535 
987 0.050487 
988 -0.011735 
989 -0.062841 
990 -0.216968 
991 0.264555 
992 0.436008 
993 0.250349 
994 0.354482 
995 0.454474 
996 -0.158885 
997 -0.325060 
998 0.072037 
999 0.457208 
1000 -0.062841 
1001 0.200996 
1002 -0.394757 
1003 0.312564 
1004 0.136134 
1005 0.371864 
1006 -0.162025 
1007 -0.325060 
1008 -0.185756 
1009 -0.367584 
1010 0.147663 
1011 -0.323648 
1012 -0.302308 
1013 0.147663 
1014 -0.390451 
1015 -0.129771 
1016 0.025572 
1017 -0.426442 
1018 0.337256 
1019 0.303685 
1020 0.136134 
1021 -0.428827 
1022 0.137700 
1023 -0.287501 
1024 0.209103 
1025 0.384271 
1026 0.314533 
1027 -0.185756 
1028 0.127887 
1029 0.337256 
1030 0.111673 
1031 0.314533 
1032 -0.473622 
1033 0.202360 
1034 -0.119744 
1035 0.354482 
1036 -0.162025 
1037 -0.279863 
1038 -0.129204 
1039 -0.220095 
1040 0.264555 
1041 0.304402 
1042 0.056582 
1043 -0.072607 
1044 -0.192006 
1045 -0.162682 
1046 -0.350535 
1047 -0.444906 
1048 0.366718 
1049 0.432535 
1050 0.393692 
1051 -0.062841 
1052 -0.076995 
1053 0.293522 
1054 -0.461979 
1055 0.304133 
1056 -0.112528 
1057 -0.461979 
1058 -0.076995 
1059 -0.485777 
1060 0.077548 
1061 -0.103870 
1062 0.138536 
1063 -0.325131 
1064 -0.323648 
1065 0.328619 
1066 -0.391745 
1067 -0.414872 
1068 -0.350535 
1069 -0.366404 
1070 -0.319047 
1071 -0.301601 
1072 0.410651 
1073 0.168025 
1074 -0.210460 
1075 0.418475 
1076 0.036473 
1077 -0.453849 
1078 -0.300945 
1079 -0.085859 
1080 0.134192 
1081 0.312564 
1082 -0.350535 
1083 -0.103870 
1084 -0.022330 
1085 -0.286720 
1086 0.482710 
1087 0.136134 
1088 0.041935 
1089 -0.372782 
1090 -0.283520 
1091 0.233901 
1092 -0.241846 
1093 0.028987 
1094 -0.332272 
1095 0.005327 
1096 -0.141102 
1097 0.331073 
1098 -0.486208 
1099 -0.011735 
1100 -0.185756 
1101 -0.216968 
1102 0.354482 
1103 0.482710 
1104 -0.279863 
1105 0.413434 
1106 0.039072 
1107 -0.162025 
1108 0.002628 
1109 -0.473622 
1110 0.200996 
1111 0.147663 
1112 0.250349 
1113 -0.323648 
1114 -0.081981 
1115 -0.279482 
1116 -0.480301 
1117 -0.371387 
1118 0.270798 
1119 0.093731 
1120 -0.239593 
1121 -0.350535 
1122 -0.267205 
1123 0.454474 
1124 -0.003463 
1125 -0.379469 
1126 -0.185756 
1127 0.250349 
1128 0.159644 
1129 -0.236456 
1130 0.005327 
1131 -0.447439 
1132 0.396496 
1133 -0.160322 
1134 0.419574 
1135 -0.286720 
1136 -0.076663 
1137 0.462384 
1138 -0.299654 
1139 0.271535 
1140 -0.241918 
1141 0.250349 
1142 0.233901 
1143 0.202485 
1144 -0.205033 
1145 -0.266376 
1146 0.200996 
1147 0.036473 
1148 -0.000652 
1149 0.016330 
1150 0.041935 
1151 0.123191 
1152 0.081089 
1153 0.002628 
1154 0.450507 
1155 0.081089 
1156 0.457208 
1157 0.191880 
1158 0.081089 
1159 -0.076995 
1160 -0.358563 
1161 0.099208 
1162 0.329283 
1163 0.081089 
1164 -0.390451 
1165 -0.461979 
1166 -0.367589 
1167 -0.185756 
1168 -0.266376 
1169 -0.092862 
1170 -0.291516 
1171 -0.163144 
1172 -0.148038 
1173 0.293522 
1174 0.393948 
1175 -0.191180 
1176 0.396496 
1177 -0.162025 
1178 0.035245 
1179 0.301480 
1180 -0.078361 
1181 -0.382833 
1182 -0.350535 
1183 0.202360 
1184 -0.092862 
1185 -0.239593 
1186 -0.382833 
1187 -0.185756 
1188 -0.085859 
1189 0.462187 
1190 0.002628 
1191 0.123191 
1192 -0.366633 
1193 0.301480 
1194 -0.302308 
1195 0.077760 
1196 -0.091494 
1197 0.393692 
1198 0.007937 
1199 0.200996 
1200 -0.485777 
1201 -0.366633 
1202 0.234907 
1203 -0.461979 
1204 0.354482 
1205 -0.266376 
1206 -0.078361 
1207 -0.133148 
1208 0.025572 
1209 0.134192 
1210 0.015070 
1211 -0.230710 
1212 -0.085921 
1213 -0.325060 
1214 -0.473622 
1215 0.096921 
1216 -0.279863 
1217 0.249945 
1218 0.301480 
1219 -0.300945 
1220 -0.486208 
1221 0.155336 
1222 -0.141102 
1223 0.025572 
1224 -0.141102 
1225 0.123191 
1226 -0.430848 
1227 -0.085859 
1228 -0.230710 
1229 0.301480 
1230 -0.461979 
1231 0.096921 
1232 -0.119744 
1233 -0.325060 
1234 -0.279482 
1235 0.204454 
1236 0.369973 
1237 -0.366633 
1238 0.211488 
1239 -0.185756 
1240 0.301529 
1241 0.495326 
1242 0.142467 
1243 -0.300945 
1244 -0.156087 
1245 0.396496 
1246 -0.300945 
1247 -0.231444 
1248 0.025572 
1249 0.301529 
1250 -0.062841 
1251 -0.259319 
1252 -0.085859 
1253 -0.230710 
1254 0.314533 
1255 0.454474 
1256 -0.216968 
1257 -0.486208 
1258 0.234311 
1259 0.233901 
1260 -0.085921 
1261 -0.450860 
1262 -0.148038 
1263 0.035245 
1264 -0.367624 
1265 -0.244095 
1266 -0.119744 
1267 0.328619 
1268 0.264555 
1269 0.041935 
1270 0.028987 
1271 0.128803 
1272 -0.098515 
1273 0.128803 
1274 0.116341 
1275 0.235559 
1276 0.335955 
1277 0.372698 
1278 -0.414297 
1279 -0.133148 
1280 -0.267205 
1281 0.280933 
1282 -0.037252 
1283 -0.358563 
1284 0.249945 
1285 0.374012 
1286 0.239081 
1287 -0.367624 
1288 -0.367584 
1289 0.168260 
1290 0.419578 
1291 0.467484 
1292 0.188526 
1293 -0.426442 
1294 -0.279863 
1295 0.211488 
1296 0.249945 
1297 0.016330 
1298 -0.358563 
1299 0.012479 
1300 -0.367589 
1301 -0.266376 
1302 0.035245 
1303 -0.287501 
1304 -0.435173 
1305 0.003865 
1306 -0.085921 
1307 -0.366633 
1308 -0.112528 
1309 0.452753 
1310 -0.300945 
1311 -0.119744 
1312 -0.037252 
1313 -0.241846 
1314 -0.457656 
1315 0.234311 
1316 0.056582 
1317 0.431219 
1318 -0.074217 
1319 0.118152 
1320 0.343617 
1321 0.235559 
1322 0.331073 
1323 0.354482 
1324 -0.279863 
1325 0.079827 
1326 -0.457656 
1327 -0.174073 
1328 0.172017 
1329 0.142467 
1330 0.457208 
1331 -0.394757 
1332 -0.372782 
1333 0.136134 
1334 -0.394757 
1335 -0.443086 
1336 0.152828 
1337 0.168025 
1338 -0.428827 
1339 -0.330214 
1340 0.369973 
1341 -0.414297 
1342 -0.450860 
1343 0.313079 
1344 -0.138742 
1345 -0.278699 
1346 0.016330 
1347 -0.210460 
1348 -0.103870 
1349 0.301529 
1350 0.436008 
1351 -0.119744 
1352 -0.450860 
1353 -0.394903 
1354 -0.283520 
1355 0.041935 
1356 -0.279482 
1357 -0.037252 
1358 0.482710 
1359 -0.367589 
1360 -0.191180 
1361 0.369973 
1362 0.075997 
1363 0.159644 
1364 -0.447204 
1365 -0.244095 
1366 0.372698 
1367 0.127887 
1368 -0.283520 
1369 0.159644 
1370 0.463991 
1371 0.369973 
1372 -0.213129 
1373 -0.148038 
1374 -0.213129 
1375 0.269856 
1376 0.303685 
1377 0.007530 
1378 -0.140439 
1379 0.335955 
1380 -0.191180 
1381 -0.300945 
1382 -0.302308 
1383 -0.283520 
1384 -0.390093 
1385 -0.274788 
1386 0.202500 
1387 0.003738 
1388 -0.329988 
1389 -0.103870 
1390 -0.365434 
1391 0.235559 
1392 -0.302308 
1393 0.396496 
1394 -0.415277 
1395 0.280933 
1396 0.007937 
1397 0.212000 
1398 -0.419856 
1399 0.418475 
1400 -0.300172 
1401 0.064966 
1402 -0.379223 
1403 0.354482 
1404 -0.419856 
1405 0.137700 
1406 -0.350535 
1407 0.280933 
1408 0.124505 
1409 -0.192006 
1410 0.396496 
1411 -0.062841 
1412 -0.085921 
1413 -0.138742 
1414 0.137700 
1415 -0.450860 
1416 -0.367589 
1417 -0.092862 
1418 -0.372782 
1419 0.211488 
1420 0.372698 
1421 0.016330 
1422 0.280933 
1423 0.142677 
1424 -0.323648 
1425 -0.407602 
1426 0.153734 
1427 -0.191180 
1428 -0.372782 
1429 0.328333 
1430 -0.309401 
1431 0.137700 
1432 -0.092862 
1433 0.454474 
1434 -0.062841 
1435 -0.442750 
1436 -0.358563 
1437 -0.428827 
1438 -0.156087 
1439 -0.022330 
1440 -0.191180 
1441 0.280933 
1442 -0.469215 
1443 0.405077 
1444 -0.480301 
1445 -0.112528 
