39 1
0 0.069573 
1 -0.336888 
2 -0.297876 
3 -0.494827 
4 -0.485851 
5 -0.317997 
6 0.296381 
7 0.464662 
8 0.002414 
9 0.133295 
10 -0.050976 
11 0.245351 
12 0.225922 
13 0.036342 
14 0.281512 
15 -0.310259 
16 0.114765 
17 0.139319 
18 -0.468170 
19 0.422412 
20 0.409690 
21 0.235029 
22 -0.279056 
23 0.131492 
24 -0.115747 
25 0.016729 
26 -0.434457 
27 -0.139153 
28 0.406543 
29 -0.252971 
30 -0.064066 
31 -0.473990 
32 0.069573 
33 -0.336888 
34 -0.297876 
35 -0.494827 
36 -0.485851 
37 -0.317997 
38 0.296381 
