958 1
0 -0.195202 
1 0.159881 
2 0.128270 
3 -0.259658 
4 0.120362 
5 -0.391217 
6 0.292536 
7 0.044895 
8 0.058158 
9 -0.050693 
10 0.163727 
11 0.094917 
12 0.434131 
13 0.193567 
14 0.086922 
15 0.302127 
16 -0.461496 
17 0.075990 
18 0.493302 
19 0.287102 
20 0.467723 
21 0.480521 
22 0.023609 
23 -0.154977 
24 -0.079493 
25 -0.450319 
26 0.001460 
27 -0.299932 
28 0.127767 
29 0.230372 
30 -0.220213 
31 -0.477125 
32 -0.189995 
33 -0.095832 
34 -0.310656 
35 0.030291 
36 -0.001077 
37 -0.192187 
38 -0.378475 
39 0.291235 
40 -0.130045 
41 0.442378 
42 0.042322 
43 -0.328627 
44 -0.168563 
45 0.451959 
46 -0.321468 
47 0.477553 
48 -0.075386 
49 -0.127918 
50 0.436984 
51 0.027248 
52 -0.038933 
53 0.455296 
54 0.159881 
55 -0.118662 
56 -0.175745 
57 -0.154645 
58 0.489420 
59 -0.097115 
60 0.209676 
61 -0.158476 
62 0.013732 
63 0.128270 
64 0.082549 
65 -0.026231 
66 -0.183424 
67 0.164672 
68 0.044895 
69 -0.145694 
70 0.315827 
71 -0.010561 
72 -0.441329 
73 0.340581 
74 -0.055364 
75 0.013900 
76 0.218565 
77 -0.044822 
78 -0.019595 
79 0.054899 
80 -0.174787 
81 -0.440063 
82 0.459876 
83 0.193567 
84 0.480521 
85 -0.477125 
86 -0.495693 
87 0.030291 
88 0.216969 
89 -0.076235 
90 -0.076417 
91 -0.001077 
92 -0.025641 
93 0.270121 
94 0.210971 
95 0.156821 
96 0.147631 
97 -0.021658 
98 -0.236574 
99 0.315902 
100 -0.321433 
101 -0.391806 
102 -0.448412 
103 0.212578 
104 0.136779 
105 0.210235 
106 -0.070626 
107 0.095938 
108 0.173628 
109 0.017477 
110 -0.270565 
111 -0.157606 
112 0.042887 
113 -0.195202 
114 -0.287487 
115 -0.321111 
116 0.068247 
117 0.074903 
118 -0.415840 
119 -0.033712 
120 -0.410670 
121 0.257526 
122 -0.301922 
123 -0.051201 
124 0.043876 
125 0.205631 
126 0.291235 
127 0.239591 
128 -0.265747 
129 0.275668 
130 0.107921 
131 -0.379268 
132 -0.038933 
133 0.370214 
134 -0.491669 
135 -0.233495 
136 -0.174787 
137 -0.137104 
138 -0.207669 
139 0.188469 
140 0.280551 
141 0.364819 
142 -0.021658 
143 -0.292794 
144 -0.177689 
145 0.415049 
146 0.424523 
147 0.257526 
148 0.151442 
149 0.295764 
150 -0.235763 
151 -0.440109 
152 -0.112480 
153 0.460152 
154 0.228094 
155 0.210235 
156 0.189929 
157 -0.465318 
158 0.255986 
159 0.249018 
160 -0.157606 
161 0.489420 
162 0.042887 
163 -0.270617 
164 0.054899 
165 0.380313 
166 0.192402 
167 -0.287487 
168 0.068247 
169 0.455793 
170 0.033871 
171 0.315079 
172 -0.415840 
173 -0.410670 
174 -0.051201 
175 -0.215166 
176 0.282907 
177 0.467723 
178 -0.122073 
179 0.043876 
180 0.239591 
181 0.275668 
182 -0.044822 
183 0.482713 
184 0.481071 
185 0.228094 
186 0.404056 
187 0.387717 
188 -0.490823 
189 -0.397585 
190 0.346075 
191 -0.175684 
192 -0.465318 
193 0.033781 
194 0.027248 
195 0.457308 
196 -0.041490 
197 -0.207669 
198 -0.109857 
199 0.336391 
200 0.280551 
201 -0.188232 
202 -0.303560 
203 -0.409503 
204 0.479057 
205 0.365805 
206 0.335119 
207 -0.015314 
208 0.269419 
209 -0.190453 
210 0.406643 
211 -0.156596 
212 -0.235763 
213 -0.035567 
214 -0.191189 
215 0.214571 
216 -0.112480 
217 -0.091291 
218 -0.128327 
219 0.233078 
220 -0.279705 
221 0.154686 
222 0.220793 
223 0.455793 
224 -0.153204 
225 0.282907 
226 -0.442882 
227 0.268945 
228 0.280148 
229 -0.215166 
230 0.003141 
231 0.468807 
232 -0.494804 
233 0.389285 
234 -0.470884 
235 0.157733 
236 0.240507 
237 0.459262 
238 0.486778 
239 -0.428764 
240 0.118168 
241 0.485950 
242 -0.026231 
243 -0.071790 
244 -0.343877 
245 -0.340422 
246 -0.134864 
247 -0.321329 
248 0.333149 
249 -0.221461 
250 0.270929 
251 -0.070626 
252 0.392750 
253 0.352647 
254 -0.467959 
255 -0.139645 
256 0.210869 
257 0.081968 
258 0.019319 
259 -0.499141 
260 -0.167090 
261 0.424523 
262 0.493302 
263 0.460152 
264 -0.471784 
265 0.364442 
266 -0.462677 
267 0.248959 
268 -0.360421 
269 0.481071 
270 0.255516 
271 -0.490823 
272 0.348088 
273 -0.067187 
274 -0.217493 
275 0.465257 
276 0.105099 
277 -0.195189 
278 -0.356698 
279 0.415049 
280 -0.139767 
281 -0.104807 
282 0.404056 
283 0.416405 
284 -0.053269 
285 0.187208 
286 0.027832 
287 -0.113387 
288 0.255093 
289 -0.154007 
290 -0.095832 
291 -0.195202 
292 0.480521 
293 0.480521 
294 -0.070626 
295 0.095938 
296 -0.477125 
297 0.030291 
298 -0.477125 
299 0.136779 
300 -0.070626 
301 0.095938 
302 0.173628 
303 -0.495693 
304 0.030291 
305 -0.025641 
306 0.173628 
307 0.210235 
308 -0.076235 
309 -0.001077 
310 0.216969 
311 -0.270565 
312 -0.076235 
313 -0.270565 
314 0.210971 
315 0.210971 
316 -0.001077 
317 -0.157606 
318 0.042887 
319 -0.195202 
320 0.017477 
321 -0.025641 
322 0.270121 
323 0.210235 
324 -0.287487 
325 -0.321111 
326 0.270121 
327 -0.195202 
328 -0.157606 
329 0.156821 
330 -0.282982 
331 0.068247 
332 0.074903 
333 0.147631 
334 0.156821 
335 -0.415840 
336 -0.033712 
337 0.147631 
338 -0.410670 
339 -0.021658 
340 -0.410670 
341 0.257526 
342 -0.236574 
343 -0.236574 
344 -0.321433 
345 -0.391806 
346 0.136779 
347 -0.448412 
348 0.315902 
349 -0.391806 
350 0.212578 
351 -0.301922 
352 -0.051201 
353 0.043876 
354 -0.448412 
355 0.043876 
356 0.489420 
357 -0.044822 
358 0.054899 
359 0.205631 
360 0.291235 
361 0.239591 
362 -0.301922 
363 0.493302 
364 0.291235 
365 -0.095832 
366 -0.265747 
367 0.159881 
368 -0.287487 
369 -0.321111 
370 -0.265747 
371 0.128270 
372 0.205631 
373 0.044895 
374 0.275668 
375 0.193567 
376 0.480521 
377 -0.477125 
378 0.030291 
379 0.107921 
380 -0.379268 
381 0.017477 
382 0.042887 
383 -0.001077 
384 0.291235 
385 0.068247 
386 -0.415840 
387 0.074903 
388 -0.010561 
389 -0.076235 
390 -0.448412 
391 -0.038933 
392 -0.115171 
393 -0.038933 
394 0.370214 
395 -0.174787 
396 -0.381952 
397 -0.161643 
398 0.370214 
399 -0.491669 
400 -0.233495 
401 0.465251 
402 -0.227758 
403 -0.379268 
404 -0.137104 
405 0.416952 
406 0.314011 
407 0.018485 
408 -0.174787 
409 -0.207669 
410 -0.392344 
411 -0.345193 
412 -0.001276 
413 -0.207669 
414 -0.033712 
415 0.487197 
416 -0.281598 
417 0.081261 
418 0.017477 
419 0.280551 
420 0.188469 
421 0.257526 
422 0.280551 
423 0.188469 
424 -0.051201 
425 -0.321111 
426 0.239591 
427 0.364819 
428 0.107921 
429 -0.233495 
430 0.189929 
431 0.364819 
432 -0.021658 
433 -0.021658 
434 0.249018 
435 -0.179388 
436 -0.375481 
437 -0.292794 
438 0.257526 
439 0.275668 
440 -0.292794 
441 0.257526 
442 0.295764 
443 0.151442 
444 -0.204178 
445 -0.177689 
446 0.415049 
447 0.424523 
448 0.107921 
449 -0.094461 
450 -0.440109 
451 0.280148 
452 0.151442 
453 -0.235763 
454 0.003141 
455 -0.440109 
456 -0.112480 
457 -0.137104 
458 -0.071790 
459 -0.491669 
460 0.270929 
461 0.210869 
462 0.460152 
463 -0.499141 
464 -0.233495 
465 0.460152 
466 0.210235 
467 -0.167090 
468 -0.462677 
469 -0.465318 
470 0.189929 
471 -0.360421 
472 0.210235 
473 0.348088 
474 -0.217493 
475 0.228094 
476 -0.195189 
477 -0.112480 
478 0.249018 
479 0.228094 
480 0.255093 
481 0.058158 
482 0.174001 
483 0.189880 
484 0.189929 
485 -0.076824 
486 0.235636 
487 0.415049 
488 0.424523 
489 0.489420 
490 -0.233539 
491 -0.168563 
492 -0.075386 
493 0.489420 
494 -0.157606 
495 0.455296 
496 -0.175745 
497 -0.154645 
498 -0.157606 
499 -0.177689 
500 0.380313 
501 0.054899 
502 0.042887 
503 -0.270617 
504 0.315827 
505 -0.495693 
506 0.042887 
507 0.380313 
508 0.054899 
509 0.192402 
510 -0.025641 
511 0.210971 
512 0.156821 
513 -0.236574 
514 0.192402 
515 -0.287487 
516 0.295764 
517 -0.381913 
518 0.243928 
519 -0.381298 
520 0.068247 
521 0.455793 
522 -0.235763 
523 0.455793 
524 -0.156454 
525 -0.001178 
526 0.254303 
527 0.033871 
528 -0.415840 
529 0.287023 
530 0.033871 
531 0.315079 
532 0.251932 
533 -0.415840 
534 -0.179587 
535 0.295748 
536 -0.410670 
537 0.249018 
538 0.449845 
539 -0.410670 
540 -0.070683 
541 0.255986 
542 -0.465318 
543 0.454432 
544 0.348973 
545 0.201555 
546 0.255986 
547 0.179444 
548 0.301950 
549 0.112099 
550 0.239591 
551 0.068247 
552 -0.287487 
553 -0.122073 
554 0.043876 
555 0.251259 
556 0.275668 
557 -0.270617 
558 -0.013121 
559 0.275668 
560 -0.044822 
561 -0.396553 
562 -0.269900 
563 -0.446723 
564 -0.454581 
565 -0.044822 
566 0.482713 
567 0.481071 
568 0.228094 
569 0.387717 
570 0.404056 
571 -0.359637 
572 0.404056 
573 0.228094 
574 0.377404 
575 0.220215 
576 0.448149 
577 0.387717 
578 0.112099 
579 -0.490823 
580 -0.122073 
581 0.251259 
582 0.043876 
583 0.239591 
584 0.346075 
585 -0.013121 
586 0.346075 
587 -0.396553 
588 -0.269900 
589 0.315079 
590 -0.051201 
591 -0.446723 
592 -0.454581 
593 -0.465318 
594 0.282907 
595 0.033781 
596 -0.051201 
597 -0.359637 
598 0.377404 
599 -0.215166 
600 0.282907 
601 -0.215166 
602 0.467723 
603 0.220215 
604 0.467723 
605 -0.465318 
606 0.033781 
607 0.027248 
608 0.448149 
609 0.027248 
610 0.233495 
611 -0.490823 
612 0.336391 
613 0.280551 
614 -0.397585 
615 -0.175684 
616 -0.303635 
617 -0.397585 
618 0.428261 
619 -0.175684 
620 -0.188232 
621 -0.303560 
622 0.455662 
623 0.365805 
624 0.482713 
625 -0.465537 
626 -0.214428 
627 -0.188232 
628 -0.303560 
629 -0.409503 
630 0.479057 
631 0.481071 
632 0.335119 
633 0.410106 
634 -0.089636 
635 0.254996 
636 0.365805 
637 0.269419 
638 -0.410087 
639 -0.083393 
640 -0.443589 
641 -0.409503 
642 0.479057 
643 -0.015314 
644 -0.203163 
645 -0.112299 
646 -0.439871 
647 0.203080 
648 0.460569 
649 -0.190453 
650 0.335119 
651 -0.062585 
652 -0.459081 
653 -0.166566 
654 -0.216416 
655 -0.190453 
656 0.406643 
657 0.336391 
658 0.280551 
659 -0.182661 
660 0.423910 
661 -0.156596 
662 -0.207669 
663 0.007903 
664 0.284584 
665 -0.138188 
666 -0.207669 
667 0.457308 
668 -0.230039 
669 0.457308 
670 0.316239 
671 -0.041490 
672 -0.109857 
673 -0.006866 
674 -0.041490 
675 -0.122073 
676 0.482713 
677 0.387717 
678 -0.109857 
679 -0.397585 
680 0.346075 
681 -0.156596 
682 -0.175684 
683 0.336391 
684 0.406643 
685 -0.235763 
686 -0.035567 
687 0.220793 
688 -0.035567 
689 -0.303560 
690 -0.409503 
691 -0.191189 
692 0.214571 
693 0.479057 
694 -0.015314 
695 -0.190453 
696 -0.191189 
697 0.214571 
698 -0.112480 
699 -0.015314 
700 -0.112480 
701 -0.091291 
702 0.406643 
703 -0.191189 
704 -0.440109 
705 0.269419 
706 0.477671 
707 -0.262117 
708 -0.036437 
709 -0.188159 
710 -0.091291 
711 -0.128327 
712 0.233078 
713 -0.279705 
714 0.351182 
715 0.233078 
716 -0.215166 
717 0.129032 
718 -0.279705 
719 0.004374 
720 0.154686 
721 -0.235763 
722 0.442786 
723 -0.094707 
724 0.098389 
725 0.154686 
726 0.220793 
727 0.095866 
728 0.369031 
729 -0.470884 
730 0.157733 
731 -0.153204 
732 0.455793 
733 -0.442882 
734 0.185148 
735 0.455793 
736 -0.153204 
737 0.282907 
738 0.075990 
739 0.282907 
740 -0.442882 
741 -0.128327 
742 0.023609 
743 -0.215166 
744 0.001460 
745 -0.220213 
746 0.459262 
747 0.268945 
748 -0.189995 
749 -0.378475 
750 -0.130045 
751 -0.478814 
752 0.489078 
753 -0.004339 
754 0.189182 
755 -0.136656 
756 0.468807 
757 -0.338936 
758 0.468807 
759 -0.470884 
760 0.145163 
761 0.157733 
762 -0.140878 
763 0.397690 
764 0.030076 
765 0.240507 
766 0.459262 
767 -0.340422 
768 -0.450543 
769 0.240507 
770 0.232713 
771 0.260485 
772 0.486778 
773 0.268945 
774 0.163015 
775 -0.332967 
776 0.136779 
777 0.486778 
778 -0.428764 
779 -0.494804 
780 0.173628 
781 -0.270565 
782 -0.428764 
783 0.118168 
784 0.205631 
785 -0.494804 
786 -0.491669 
787 0.364819 
788 -0.292794 
789 0.389285 
790 0.380313 
791 0.118168 
792 0.485950 
793 0.389285 
794 0.192402 
795 0.485950 
796 -0.026231 
797 0.315079 
798 0.392750 
799 0.365805 
800 -0.343877 
801 0.352647 
802 -0.077793 
803 0.243186 
804 -0.343877 
805 -0.340422 
806 0.083750 
807 -0.379835 
808 -0.134864 
809 -0.139645 
810 0.117571 
811 -0.134864 
812 0.107482 
813 -0.278222 
814 -0.321329 
815 0.333149 
816 -0.219163 
817 -0.321329 
818 0.333149 
819 -0.183047 
820 0.123936 
821 -0.221461 
822 -0.026231 
823 -0.359980 
824 -0.221461 
825 0.106826 
826 -0.070626 
827 0.423397 
828 -0.070626 
829 0.392750 
830 0.352647 
831 -0.465641 
832 -0.139645 
833 0.253458 
834 -0.116853 
835 -0.471784 
836 -0.467959 
837 -0.462522 
838 -0.467959 
839 0.020370 
840 -0.067868 
841 0.086843 
842 0.081968 
843 0.019319 
844 -0.414280 
845 -0.426394 
846 0.019319 
847 0.464720 
848 -0.225455 
849 0.421580 
850 -0.400617 
851 0.292199 
852 -0.039255 
853 0.424523 
854 -0.438393 
855 0.424523 
856 -0.398761 
857 -0.062547 
858 0.460152 
859 -0.471784 
860 0.488060 
861 -0.127851 
862 0.460152 
863 -0.128327 
864 0.179444 
865 0.301950 
866 0.210869 
867 0.081968 
868 0.210869 
869 -0.116853 
870 -0.462522 
871 0.020370 
872 0.364442 
873 -0.462677 
874 -0.067868 
875 -0.462677 
876 0.248959 
877 0.086843 
878 0.248959 
879 -0.360421 
880 0.255516 
881 -0.414280 
882 -0.426394 
883 0.464720 
884 -0.225455 
885 0.481071 
886 0.421580 
887 -0.400617 
888 0.364442 
889 0.292199 
890 -0.039255 
891 -0.438393 
892 -0.490823 
893 -0.398761 
894 -0.062547 
895 -0.490823 
896 0.488060 
897 -0.127851 
898 0.255516 
899 0.335119 
900 0.481071 
901 0.269419 
902 0.214571 
903 -0.279705 
904 -0.153204 
905 -0.442882 
906 -0.067187 
907 -0.494804 
908 -0.139767 
909 -0.356698 
910 -0.067187 
911 0.105099 
912 0.465257 
913 0.157733 
914 -0.139767 
915 -0.356698 
916 0.459262 
917 0.105099 
918 0.465257 
919 0.485950 
920 -0.343877 
921 -0.134864 
922 -0.221461 
923 -0.471784 
924 -0.067187 
925 -0.139767 
926 0.415049 
927 0.094917 
928 0.415049 
929 0.086922 
930 -0.104807 
931 0.416405 
932 0.404056 
933 -0.104807 
934 -0.038933 
935 0.404056 
936 -0.053269 
937 -0.174787 
938 -0.021658 
939 0.187208 
940 0.257526 
941 0.228094 
942 -0.465318 
943 -0.215166 
944 0.467723 
945 0.255093 
946 0.027248 
947 0.255093 
948 -0.026231 
949 -0.195202 
950 -0.070626 
951 0.424523 
952 -0.195202 
953 0.460152 
954 0.481071 
955 -0.490823 
956 0.415049 
957 0.404056 
