1446 1
0 2.321794 
1 0.714361 
2 0.277422 
3 1.086130 
4 1.283641 
5 -1.562867 
6 1.338755 
7 1.384415 
8 1.474938 
9 -1.512984 
10 0.005801 
11 2.206298 
12 2.144412 
13 -1.744278 
14 1.441082 
15 0.340662 
16 0.835778 
17 2.025924 
18 1.437889 
19 0.288718 
20 1.038590 
21 1.499807 
22 -1.914472 
23 -1.969141 
24 1.692348 
25 1.187845 
26 0.139982 
27 1.506004 
28 1.135309 
29 1.727678 
30 -1.031692 
31 1.909438 
32 2.018126 
33 1.256298 
34 0.244411 
35 1.100433 
36 1.387692 
37 1.847531 
38 0.226731 
39 1.243268 
40 0.508696 
41 1.627742 
42 1.540952 
43 1.165361 
44 1.777380 
45 0.050874 
46 -2.472200 
47 1.058951 
48 1.347049 
49 1.016919 
50 1.447750 
51 1.163333 
52 1.868234 
53 -1.613362 
54 0.868576 
55 0.995987 
56 -1.472390 
57 0.506814 
58 1.452034 
59 1.964127 
60 1.673765 
61 1.648478 
62 -0.022135 
63 1.197019 
64 0.494003 
65 1.188201 
66 1.888291 
67 -2.108694 
68 1.588825 
69 -2.205910 
70 1.244735 
71 0.748155 
72 1.390773 
73 1.575938 
74 -0.932986 
75 1.493091 
76 0.887664 
77 2.008442 
78 1.680284 
79 0.072620 
80 1.517147 
81 -1.882838 
82 1.470862 
83 0.553497 
84 1.808952 
85 1.234713 
86 -1.501101 
87 1.281165 
88 0.589512 
89 -1.087111 
90 2.067600 
91 1.746963 
92 1.573309 
93 0.941495 
94 1.336092 
95 1.215195 
96 -1.873234 
97 0.992651 
98 0.916995 
99 1.778233 
100 1.191682 
101 1.528935 
102 0.395177 
103 1.811967 
104 1.592424 
105 1.634187 
106 -1.989701 
107 -1.442199 
108 1.309123 
109 1.443188 
110 -1.530673 
111 1.566846 
112 0.310252 
113 1.977583 
114 -1.727009 
115 1.535107 
116 -1.821204 
117 -1.904179 
118 1.054420 
119 1.742374 
120 1.990219 
121 1.529536 
122 0.859804 
123 0.601318 
124 -1.146446 
125 1.960550 
126 1.294829 
127 0.746893 
128 1.597329 
129 0.837327 
130 1.360515 
131 -1.349325 
132 -3.026596 
133 -0.278280 
134 -0.908782 
135 -1.493899 
136 2.130305 
137 -2.145126 
138 0.558559 
139 0.157154 
140 -2.189989 
141 1.821082 
142 -1.397232 
143 0.960575 
144 -1.551068 
145 2.370170 
146 0.526232 
147 0.927571 
148 1.364806 
149 1.100531 
150 1.407064 
151 1.292112 
152 1.357874 
153 0.896438 
154 1.625340 
155 1.096428 
156 1.211272 
157 0.935198 
158 1.918226 
159 0.686475 
160 1.069344 
161 -0.080403 
162 1.933754 
163 1.452802 
164 -1.667132 
165 1.646164 
166 0.468004 
167 1.631221 
168 1.707956 
169 1.545575 
170 1.295601 
171 -0.094962 
172 1.221277 
173 0.661665 
174 2.253493 
175 -1.571308 
176 -1.842802 
177 0.562482 
178 1.474752 
179 1.735582 
180 -0.077998 
181 1.362900 
182 2.423243 
183 -1.137832 
184 1.421681 
185 0.804738 
186 0.777229 
187 1.885862 
188 1.422934 
189 1.676480 
190 0.586545 
191 -2.168358 
192 -1.302243 
193 0.863266 
194 1.317610 
195 1.915068 
196 0.756958 
197 1.399804 
198 0.714596 
199 1.820876 
200 1.596825 
201 -1.510417 
202 0.847850 
203 2.015650 
204 1.144023 
205 1.438802 
206 0.661379 
207 1.735087 
208 1.085549 
209 2.291985 
210 0.842927 
211 0.802839 
212 1.237842 
213 1.267485 
214 1.374410 
215 1.360558 
216 -1.232785 
217 2.057177 
218 1.749332 
219 0.512976 
220 -1.167174 
221 1.537065 
222 0.587016 
223 2.152789 
224 1.524400 
225 0.448821 
226 1.571710 
227 1.431313 
228 1.472915 
229 -2.359544 
230 1.559356 
231 0.638069 
232 2.291766 
233 -1.396757 
234 0.126221 
235 -1.902289 
236 1.792919 
237 1.773727 
238 0.994848 
239 -0.290728 
240 -1.154643 
241 0.070870 
242 1.319051 
243 2.487571 
244 1.347916 
245 1.269728 
246 1.209300 
247 1.312018 
248 1.269733 
249 -1.669215 
250 2.196378 
251 -1.556861 
252 -1.749480 
253 -0.978967 
254 2.039619 
255 1.266263 
256 -2.191303 
257 1.067504 
258 0.725411 
259 1.594840 
260 -1.408704 
261 1.080133 
262 1.469272 
263 1.546754 
264 1.295760 
265 1.129586 
266 1.557388 
267 1.109695 
268 1.569812 
269 1.668781 
270 0.636602 
271 1.038593 
272 1.648590 
273 1.164399 
274 0.944453 
275 1.253923 
276 -1.734738 
277 1.761860 
278 0.635188 
279 1.258420 
280 1.334334 
281 1.570567 
282 1.171900 
283 -1.299729 
284 1.748191 
285 -1.271348 
286 1.473354 
287 0.992053 
288 0.987599 
289 1.516209 
290 0.505566 
291 1.755773 
292 1.136215 
293 1.740021 
294 -1.740327 
295 1.304871 
296 0.883230 
297 1.302339 
298 1.766385 
299 0.707493 
300 1.387073 
301 1.228323 
302 -2.068865 
303 0.661886 
304 1.833562 
305 1.364650 
306 -2.122271 
307 0.245823 
308 -1.343833 
309 1.669489 
310 -0.854369 
311 1.778048 
312 1.702882 
313 1.364528 
314 -1.034680 
315 0.192818 
316 1.398144 
317 1.843937 
318 -1.311906 
319 1.047539 
320 0.745685 
321 1.603999 
322 -1.803179 
323 1.319860 
324 2.110578 
325 0.878903 
326 0.208498 
327 -2.224374 
328 1.276199 
329 0.740742 
330 1.530904 
331 1.550089 
332 1.399385 
333 0.611635 
334 1.662589 
335 1.237942 
336 0.384185 
337 1.693107 
338 2.110804 
339 0.478532 
340 0.705327 
341 0.818476 
342 2.487024 
343 0.391532 
344 1.349007 
345 1.962323 
346 0.788049 
347 0.790900 
348 1.399294 
349 -1.976005 
350 0.203726 
351 1.978260 
352 1.114615 
353 1.507721 
354 0.080830 
355 1.914118 
356 1.749991 
357 -1.339356 
358 1.254368 
359 1.304300 
360 1.020329 
361 -1.444264 
362 1.650352 
363 1.008349 
364 1.058798 
365 0.254643 
366 1.486443 
367 1.937463 
368 1.335158 
369 1.596636 
370 -0.112223 
371 1.675319 
372 0.694026 
373 0.893096 
374 0.518408 
375 2.329894 
376 1.392483 
377 1.401750 
378 1.088709 
379 1.199950 
380 0.186705 
381 0.812846 
382 1.730365 
383 -2.539275 
384 2.193112 
385 0.982693 
386 0.917098 
387 -1.194702 
388 1.732741 
389 1.753137 
390 -1.578684 
391 0.306270 
392 0.694836 
393 1.856895 
394 1.221835 
395 -1.620782 
396 -1.473131 
397 1.124271 
398 1.488814 
399 1.711529 
400 -0.350957 
401 -2.408844 
402 1.864954 
403 0.969605 
404 0.937223 
405 -1.902334 
406 1.149858 
407 1.600892 
408 1.701379 
409 1.455358 
410 0.449291 
411 1.215766 
412 -1.449039 
413 1.988341 
414 0.600965 
415 -1.794749 
416 1.026005 
417 0.268391 
418 1.450159 
419 1.639977 
420 0.901551 
421 -1.584219 
422 2.338360 
423 0.379099 
424 -1.892358 
425 -1.322467 
426 1.398335 
427 -2.317018 
428 1.855863 
429 -1.921640 
430 1.390927 
431 -0.401526 
432 1.783403 
433 1.867328 
434 -0.711317 
435 0.651554 
436 0.783249 
437 1.054193 
438 1.784013 
439 -2.051225 
440 1.803391 
441 1.767216 
442 0.736648 
443 -1.106419 
444 -0.821832 
445 1.768842 
446 1.794614 
447 -1.457118 
448 0.726315 
449 -1.782899 
450 1.440425 
451 1.917686 
452 -0.213952 
453 1.338439 
454 -3.054420 
455 -1.320751 
456 1.227237 
457 0.348227 
458 -2.574793 
459 0.995073 
460 0.669978 
461 1.513161 
462 0.110090 
463 1.972153 
464 1.211842 
465 -1.901783 
466 -2.105085 
467 1.165510 
468 0.182997 
469 0.995336 
470 2.041189 
471 1.192954 
472 1.015987 
473 1.291751 
474 1.710192 
475 0.967409 
476 0.846090 
477 1.626702 
478 1.116684 
479 1.479812 
480 1.735777 
481 2.005746 
482 0.575410 
483 -1.016281 
484 -0.907193 
485 2.085470 
486 0.889609 
487 -2.055184 
488 1.754381 
489 1.753753 
490 1.082006 
491 0.074204 
492 0.828929 
493 0.388767 
494 2.065550 
495 1.410449 
496 1.039309 
497 1.673639 
498 1.664075 
499 0.454465 
500 0.324239 
501 1.844910 
502 0.600905 
503 1.753960 
504 0.711132 
505 0.463630 
506 2.047304 
507 1.360806 
508 1.597641 
509 0.368788 
510 1.247882 
511 1.552582 
512 0.417534 
513 1.449866 
514 1.275735 
515 1.707673 
516 1.232672 
517 1.025832 
518 1.670690 
519 -1.756254 
520 -2.199177 
521 0.530599 
522 1.595227 
523 1.821114 
524 1.540487 
525 -1.650161 
526 -1.711210 
527 1.427348 
528 1.177451 
529 1.246794 
530 1.570480 
531 0.939720 
532 0.646117 
533 1.344729 
534 0.093664 
535 2.359515 
536 1.584408 
537 0.175095 
538 -1.887281 
539 1.818498 
540 -1.346007 
541 1.426971 
542 1.309329 
543 1.957871 
544 -2.270295 
545 0.436119 
546 -1.509922 
547 1.910908 
548 1.135276 
549 -1.268031 
550 2.302215 
551 0.688919 
552 1.578376 
553 0.809245 
554 -0.936787 
555 2.261413 
556 1.538270 
557 2.235621 
558 0.570658 
559 0.342653 
560 -1.762972 
561 0.469622 
562 2.375473 
563 -1.165619 
564 -1.712472 
565 0.573810 
566 1.451965 
567 1.783809 
568 0.396962 
569 1.928497 
570 1.544377 
571 0.952898 
572 1.200487 
573 1.381422 
574 0.205410 
575 1.919756 
576 0.554624 
577 -1.855446 
578 2.149131 
579 1.064891 
580 1.143361 
581 1.408011 
582 1.125961 
583 1.401258 
584 0.046177 
585 2.891473 
586 0.307794 
587 1.140446 
588 1.089173 
589 -1.439743 
590 1.062623 
591 1.872140 
592 1.438282 
593 2.162595 
594 0.724769 
595 0.714584 
596 -1.221146 
597 -1.054315 
598 2.711930 
599 1.083437 
600 0.672805 
601 -0.163578 
602 2.731338 
603 1.181283 
604 -0.519722 
605 -1.854810 
606 1.870464 
607 1.757434 
608 0.847244 
609 1.933953 
610 -2.394856 
611 0.685748 
612 0.275278 
613 1.904742 
614 -1.272107 
615 1.919376 
616 -2.610027 
617 0.479970 
618 1.785427 
619 -1.315184 
620 0.870333 
621 1.653714 
622 0.843213 
623 1.679420 
624 1.853949 
625 -2.518791 
626 0.785328 
627 -1.400551 
628 0.600844 
629 -1.837440 
630 1.746033 
631 1.866346 
632 -2.122895 
633 -1.411897 
634 2.082690 
635 1.013434 
636 -1.431486 
637 1.745225 
638 1.101235 
639 1.666368 
640 0.340325 
641 -1.025492 
642 2.998386 
643 0.619401 
644 1.982819 
645 -1.326142 
646 1.461617 
647 1.228833 
648 2.015899 
649 1.794158 
650 0.724267 
651 0.386317 
652 -1.558970 
653 2.064965 
654 0.943348 
655 -2.206860 
656 1.482842 
657 0.351222 
658 1.522428 
659 1.487656 
660 2.653226 
661 1.231211 
662 0.050434 
663 0.054324 
664 1.986071 
665 1.012439 
666 1.153853 
667 -1.558037 
668 1.377369 
669 1.437203 
670 1.103802 
671 1.285846 
672 -1.676839 
673 1.954584 
674 -1.740492 
675 1.289321 
676 0.741548 
677 1.734693 
678 1.259459 
679 1.434256 
680 2.144469 
681 -1.031861 
682 1.864733 
683 -1.161199 
684 -1.634858 
685 1.568421 
686 0.650168 
687 1.913670 
688 1.256798 
689 1.270851 
690 0.244862 
691 1.931583 
692 -1.974506 
693 1.745548 
694 -2.083917 
695 1.021040 
696 1.200347 
697 1.551131 
698 0.389217 
699 1.835443 
700 1.693403 
701 1.345745 
702 1.641356 
703 0.346779 
704 0.925630 
705 -1.605305 
706 1.099644 
707 2.271252 
708 1.811113 
709 0.096473 
710 -1.787010 
711 1.826680 
712 1.563549 
713 0.086941 
714 -1.617835 
715 2.319936 
716 -1.454495 
717 0.770312 
718 -1.440532 
719 2.573327 
720 -1.806951 
721 0.184859 
722 1.698905 
723 1.916645 
724 1.448843 
725 2.523667 
726 0.021037 
727 -1.361208 
728 -2.187508 
729 -1.920046 
730 -1.686333 
731 1.923887 
732 0.954273 
733 2.204236 
734 0.311879 
735 -2.026315 
736 1.488293 
737 0.154912 
738 -2.103029 
739 2.040288 
740 0.976689 
741 2.371685 
742 -1.145518 
743 -1.745917 
744 2.268454 
745 2.121281 
746 -0.780551 
747 0.454235 
748 0.951733 
749 1.167951 
750 2.090333 
751 0.824780 
752 -1.242331 
753 2.763017 
754 -2.424295 
755 -0.394771 
756 0.466411 
757 1.249611 
758 1.293084 
759 2.061362 
760 0.675164 
761 2.038460 
762 1.364946 
763 1.037947 
764 0.917822 
765 2.920060 
766 -0.003653 
767 0.570713 
768 0.096037 
769 1.629480 
770 1.276282 
771 1.736096 
772 1.485609 
773 1.205688 
774 1.353173 
775 1.106114 
776 1.684887 
777 1.165590 
778 1.221624 
779 1.035269 
780 -1.470249 
781 0.645752 
782 -2.459433 
783 1.809109 
784 1.181824 
785 0.777557 
786 0.984823 
787 1.697091 
788 1.675316 
789 1.755417 
790 -1.576376 
791 0.634405 
792 0.442554 
793 1.990153 
794 1.544319 
795 1.064539 
796 1.623103 
797 1.242535 
798 1.596105 
799 -0.200156 
800 1.050440 
801 1.131566 
802 -2.388833 
803 1.142160 
804 -1.714129 
805 0.950151 
806 1.541505 
807 1.487131 
808 1.652414 
809 1.015702 
810 0.307190 
811 1.499953 
812 1.566440 
813 -0.133818 
814 1.030599 
815 2.047249 
816 1.384943 
817 1.375336 
818 1.538360 
819 -1.113978 
820 2.114951 
821 1.765408 
822 -0.794085 
823 0.654458 
824 0.602919 
825 -1.932833 
826 1.189667 
827 1.939407 
828 -1.645326 
829 0.813022 
830 1.969841 
831 1.532389 
832 2.045538 
833 -1.908059 
834 1.278883 
835 0.821694 
836 1.745546 
837 0.076949 
838 1.772794 
839 1.043708 
840 0.875205 
841 1.078245 
842 -1.972061 
843 1.921216 
844 0.874539 
845 -0.704634 
846 1.637792 
847 1.968377 
848 1.463358 
849 0.768095 
850 1.496680 
851 -2.608342 
852 -1.919328 
853 -2.046321 
854 1.981556 
855 0.992166 
856 1.126402 
857 1.610521 
858 1.523945 
859 0.620284 
860 0.590254 
861 0.636674 
862 2.344259 
863 -1.880331 
864 -1.604334 
865 2.396537 
866 -2.255752 
867 0.619992 
868 0.960553 
869 0.980030 
870 0.713117 
871 2.306162 
872 1.593120 
873 -1.636499 
874 2.032486 
875 -1.331701 
876 0.938925 
877 -1.420493 
878 2.360964 
879 0.893944 
880 1.829901 
881 0.929054 
882 0.735179 
883 -2.522930 
884 -0.060280 
885 1.165453 
886 2.201056 
887 1.389694 
888 -1.521191 
889 1.750522 
890 1.931631 
891 0.643377 
892 -1.773442 
893 1.062100 
894 1.659472 
895 1.238853 
896 0.040285 
897 -2.094434 
898 2.543023 
899 -2.197596 
900 2.171567 
901 -1.514626 
902 0.751881 
903 1.511360 
904 1.010631 
905 2.692550 
906 -1.174632 
907 -2.146063 
908 -1.364706 
909 0.008990 
910 1.724739 
911 2.370868 
912 0.755003 
913 2.043142 
914 -2.532015 
915 -1.675072 
916 1.612956 
917 -0.104593 
918 -0.979812 
919 2.402049 
920 1.105478 
921 2.113907 
922 0.900347 
923 -1.559514 
924 -2.076090 
925 0.197978 
926 0.998034 
927 2.307046 
928 2.254388 
929 -2.022830 
930 -1.731465 
931 0.828940 
932 1.191777 
933 0.503591 
934 1.185499 
935 2.128812 
936 0.949627 
937 2.372211 
938 0.937014 
939 0.738347 
940 1.736720 
941 1.223828 
942 1.201615 
943 0.568855 
944 2.564933 
945 -1.704384 
946 -0.439800 
947 1.022175 
948 1.511863 
949 0.302619 
950 0.667405 
951 2.443491 
952 -1.656561 
953 -1.437288 
954 1.986824 
955 1.704595 
956 1.965537 
957 -1.044452 
958 1.043354 
959 1.439638 
960 0.396641 
961 1.962802 
962 -1.431270 
963 2.308250 
964 0.710547 
965 1.531747 
966 -2.920310 
967 1.570502 
968 0.599185 
969 0.874086 
970 2.736945 
971 -1.281121 
972 1.167514 
973 1.449206 
974 1.776251 
975 -2.244786 
976 3.040205 
977 0.561838 
978 0.346204 
979 0.436475 
980 1.502010 
981 0.858744 
982 -1.240889 
983 2.180285 
984 -1.458540 
985 -0.038656 
986 -0.180714 
987 3.058949 
988 0.037816 
989 -3.154962 
990 -3.149890 
991 -1.620285 
992 2.358160 
993 0.747017 
994 -2.343211 
995 -2.207854 
996 0.278944 
997 -1.036399 
998 2.968787 
999 0.957056 
1000 -1.984421 
1001 -1.916199 
1002 0.193788 
1003 2.808088 
1004 0.855823 
1005 0.781215 
1006 2.866850 
1007 -0.137182 
1008 -1.830134 
1009 1.098825 
1010 2.308564 
1011 -1.857687 
1012 2.477896 
1013 1.072054 
1014 -1.955002 
1015 0.471609 
1016 0.235727 
1017 1.897836 
1018 1.844951 
1019 -1.199702 
1020 0.700373 
1021 -1.356113 
1022 0.186094 
1023 3.221525 
1024 -0.065577 
1025 -1.864864 
1026 1.748579 
1027 1.567313 
1028 0.119148 
1029 2.470219 
1030 0.550354 
1031 1.239789 
1032 -1.412820 
1033 0.790062 
1034 -2.548008 
1035 -2.356239 
1036 1.561404 
1037 1.318706 
1038 0.932416 
1039 0.999620 
1040 1.382987 
1041 1.170314 
1042 1.746613 
1043 0.665146 
1044 1.531268 
1045 -2.011643 
1046 -1.579096 
1047 1.566504 
1048 1.632010 
1049 -1.922590 
1050 -1.668376 
1051 1.261235 
1052 0.913146 
1053 0.982088 
1054 1.938856 
1055 1.169865 
1056 1.815688 
1057 1.560972 
1058 0.812011 
1059 -1.253640 
1060 1.170529 
1061 0.612272 
1062 2.009311 
1063 0.970040 
1064 -2.378657 
1065 1.050741 
1066 0.228411 
1067 1.850486 
1068 -1.493597 
1069 2.411232 
1070 0.991650 
1071 -1.755112 
1072 0.878910 
1073 2.247074 
1074 0.531775 
1075 1.051148 
1076 0.069748 
1077 0.922402 
1078 0.457601 
1079 2.780830 
1080 1.586281 
1081 1.474884 
1082 -1.547677 
1083 1.292394 
1084 0.544829 
1085 2.106422 
1086 1.624220 
1087 0.369307 
1088 0.466355 
1089 2.280646 
1090 0.390675 
1091 1.169757 
1092 1.997039 
1093 -1.571742 
1094 0.791348 
1095 1.299163 
1096 0.675659 
1097 1.704008 
1098 1.390626 
1099 0.929176 
1100 -1.373949 
1101 1.643344 
1102 -1.347348 
1103 1.909289 
1104 1.033078 
1105 1.109022 
1106 1.637525 
1107 1.284242 
1108 2.321751 
1109 1.408718 
1110 -1.395777 
1111 0.207923 
1112 0.918168 
1113 -1.712859 
1114 -0.124567 
1115 2.669475 
1116 2.101297 
1117 0.558221 
1118 1.381698 
1119 0.876578 
1120 -1.796824 
1121 -1.264974 
1122 2.026652 
1123 -1.986788 
1124 1.644461 
1125 -1.784069 
1126 1.793807 
1127 0.401558 
1128 -1.224157 
1129 2.099530 
1130 0.134634 
1131 2.028180 
1132 2.962135 
1133 0.142171 
1134 0.314798 
1135 0.924653 
1136 2.099434 
1137 0.031230 
1138 1.329235 
1139 1.265154 
1140 0.960233 
1141 -1.713056 
1142 2.781301 
1143 -0.052251 
1144 0.806177 
1145 1.790717 
1146 -2.038301 
1147 1.225035 
1148 0.631945 
1149 0.976352 
1150 1.843066 
1151 1.667248 
1152 -3.066641 
1153 0.814572 
1154 0.871804 
1155 -1.993404 
1156 1.107208 
1157 1.350180 
1158 -1.636811 
1159 1.650210 
1160 0.042410 
1161 0.677932 
1162 2.352707 
1163 -1.953770 
1164 0.085430 
1165 1.493593 
1166 1.046677 
1167 1.905007 
1168 1.195881 
1169 2.042507 
1170 0.482623 
1171 -1.906003 
1172 1.955687 
1173 0.422677 
1174 0.404935 
1175 1.910445 
1176 1.496114 
1177 0.634961 
1178 1.026053 
1179 1.716275 
1180 2.518138 
1181 1.028885 
1182 -1.377019 
1183 0.137584 
1184 1.921441 
1185 -2.267681 
1186 0.250436 
1187 1.205476 
1188 1.803292 
1189 1.594772 
1190 1.231553 
1191 0.348884 
1192 0.420758 
1193 1.614156 
1194 1.985361 
1195 -1.593153 
1196 -0.112381 
1197 2.090891 
1198 1.351391 
1199 -2.174708 
1200 -1.775406 
1201 1.048115 
1202 1.149739 
1203 1.673815 
1204 -1.434592 
1205 1.957047 
1206 0.449957 
1207 1.574856 
1208 -1.178519 
1209 1.149642 
1210 2.160091 
1211 0.930407 
1212 -1.654791 
1213 1.233064 
1214 0.892986 
1215 1.913622 
1216 1.028252 
1217 1.087438 
1218 2.425349 
1219 0.329642 
1220 2.364405 
1221 1.147315 
1222 1.053659 
1223 -0.682582 
1224 0.463612 
1225 0.238450 
1226 0.353531 
1227 3.201880 
1228 0.520957 
1229 1.714844 
1230 1.880852 
1231 -1.385047 
1232 2.015586 
1233 1.059317 
1234 0.760426 
1235 -1.961410 
1236 1.058079 
1237 -0.211507 
1238 0.988373 
1239 2.591972 
1240 2.021236 
1241 1.161803 
1242 1.522463 
1243 -1.264393 
1244 0.773026 
1245 1.517609 
1246 1.267820 
1247 -2.230674 
1248 1.762778 
1249 2.240343 
1250 -1.166215 
1251 0.231667 
1252 1.087421 
1253 -1.117015 
1254 2.218229 
1255 1.124060 
1256 0.926652 
1257 2.024764 
1258 1.711877 
1259 0.046244 
1260 -1.356540 
1261 0.185037 
1262 2.641098 
1263 1.462624 
1264 0.495326 
1265 1.543006 
1266 1.465478 
1267 1.420134 
1268 0.016293 
1269 1.976972 
1270 0.509937 
1271 2.109946 
1272 1.419302 
1273 2.034217 
1274 1.135554 
1275 0.278386 
1276 -0.951258 
1277 2.355432 
1278 1.669622 
1279 0.511786 
1280 1.727895 
1281 0.383564 
1282 2.009478 
1283 -1.498086 
1284 0.754530 
1285 1.491559 
1286 -2.193139 
1287 1.635654 
1288 1.611318 
1289 0.629278 
1290 1.405420 
1291 1.501971 
1292 0.879260 
1293 1.915575 
1294 1.582956 
1295 -0.864427 
1296 0.414491 
1297 1.097936 
1298 0.839052 
1299 2.422729 
1300 1.774482 
1301 1.939591 
1302 0.424010 
1303 0.784419 
1304 2.033674 
1305 1.215040 
1306 -1.817272 
1307 -1.815259 
1308 2.585632 
1309 1.235827 
1310 0.001619 
1311 0.909103 
1312 -0.907265 
1313 0.635158 
1314 2.338405 
1315 1.729840 
1316 1.501686 
1317 1.811863 
1318 1.266897 
1319 0.354483 
1320 -0.725296 
1321 1.000313 
1322 2.888528 
1323 -1.196673 
1324 1.228975 
1325 1.305004 
1326 1.624030 
1327 0.700028 
1328 2.011525 
1329 -0.139243 
1330 1.728700 
1331 1.164850 
1332 2.020169 
1333 0.577601 
1334 1.001081 
1335 1.461975 
1336 1.560237 
1337 2.428759 
1338 -1.397786 
1339 -0.081048 
1340 0.687561 
1341 1.331834 
1342 1.850963 
1343 -2.092545 
1344 0.184962 
1345 2.835174 
1346 1.551916 
1347 -0.144833 
1348 1.460978 
1349 2.208759 
1350 0.189864 
1351 0.810992 
1352 2.444964 
1353 -2.291376 
1354 0.975199 
1355 -0.147757 
1356 -0.171411 
1357 -1.356168 
1358 1.895760 
1359 2.060633 
1360 -2.147719 
1361 -1.103654 
1362 1.703387 
1363 1.528053 
1364 0.194660 
1365 2.323730 
1366 -0.463305 
1367 2.102860 
1368 1.207967 
1369 1.725101 
1370 -1.871600 
1371 1.189523 
1372 -2.115895 
1373 -3.020463 
1374 -1.471010 
1375 1.774925 
1376 -1.654334 
1377 1.980153 
1378 1.179772 
1379 -1.574887 
1380 -0.220446 
1381 0.793439 
1382 3.204854 
1383 0.303376 
1384 1.346910 
1385 -2.364609 
1386 -1.692475 
1387 1.579015 
1388 2.931700 
1389 -0.302670 
1390 0.059315 
1391 1.492326 
1392 1.441241 
1393 1.304584 
1394 1.918566 
1395 -1.300873 
1396 1.669605 
1397 0.360434 
1398 -2.726726 
1399 0.731720 
1400 1.339479 
1401 2.259229 
1402 1.095065 
1403 0.264275 
1404 -2.114282 
1405 1.407383 
1406 1.919167 
1407 0.565811 
1408 2.048890 
1409 -1.798027 
1410 1.501960 
1411 0.381251 
1412 -1.834856 
1413 2.448220 
1414 0.937625 
1415 -1.383093 
1416 1.060019 
1417 0.216930 
1418 2.124758 
1419 1.286156 
1420 1.493907 
1421 1.778054 
1422 -1.479037 
1423 -1.797155 
1424 -1.915919 
1425 1.621297 
1426 1.390309 
1427 -1.556601 
1428 2.237021 
1429 0.662839 
1430 0.266053 
1431 1.387973 
1432 2.106877 
1433 1.873768 
1434 -0.100148 
1435 0.342525 
1436 -1.679003 
1437 0.127392 
1438 0.503456 
1439 2.796591 
1440 -1.373227 
1441 0.067977 
1442 -0.110163 
1443 2.988646 
1444 1.029005 
1445 2.788312 
