39 1
0 -0.477084 
1 -0.375028 
2 -0.129086 
3 -0.302722 
4 0.025446 
5 0.220622 
6 0.025042 
7 0.316353 
8 0.433629 
9 0.101431 
10 -0.051614 
11 0.226532 
12 0.249764 
13 -0.286454 
14 -0.368377 
15 0.328131 
16 0.190665 
17 -0.301883 
18 -0.145329 
19 0.150575 
20 0.015783 
21 0.140458 
22 -0.305649 
23 -0.378048 
24 0.046885 
25 0.317519 
26 0.290097 
27 -0.201821 
28 -0.206219 
29 -0.044708 
30 0.168368 
31 0.020352 
32 -0.477084 
33 -0.375028 
34 -0.129086 
35 -0.302722 
36 0.025446 
37 0.220622 
38 0.025042 
