39 1
0 0.357173 
1 -0.498440 
2 -0.045357 
3 0.326770 
4 -0.089118 
5 0.051477 
6 0.462558 
7 0.420588 
8 0.310789 
9 -0.310436 
10 0.431696 
11 -0.460362 
12 0.481207 
13 -0.180085 
14 -0.090043 
15 -0.145755 
16 0.353727 
17 0.240028 
18 0.302062 
19 -0.140483 
20 -0.344198 
21 -0.267953 
22 0.318030 
23 0.095556 
24 0.055607 
25 0.014449 
26 0.168347 
27 -0.173878 
28 0.416261 
29 -0.221011 
30 0.459616 
31 -0.497643 
32 0.357173 
33 -0.498440 
34 -0.045357 
35 0.326770 
36 -0.089118 
37 0.051477 
38 0.462558 
