2314 1
0 -0.214578 
1 -0.356146 
2 -0.275955 
3 -0.251448 
4 0.382310 
5 -0.249573 
6 -0.242746 
7 0.027781 
8 0.241560 
9 -0.344338 
10 0.447710 
11 -0.344338 
12 0.447710 
13 0.031394 
14 0.386018 
15 -0.013936 
16 -0.344338 
17 -0.102784 
18 0.121882 
19 0.020846 
20 -0.316264 
21 -0.245531 
22 0.143988 
23 0.303640 
24 -0.102489 
25 0.020846 
26 -0.275955 
27 0.486115 
28 0.409060 
29 -0.464445 
30 -0.242746 
31 0.166936 
32 -0.404327 
33 0.166936 
34 -0.245531 
35 0.027781 
36 -0.214578 
37 -0.249573 
38 -0.102784 
39 0.457687 
40 0.208911 
41 0.447710 
42 -0.171169 
43 0.447710 
44 -0.107557 
45 -0.344338 
46 -0.089973 
47 0.030937 
48 -0.031413 
49 0.447710 
50 0.383172 
51 -0.013936 
52 -0.242746 
53 -0.088525 
54 -0.242746 
55 -0.102489 
56 0.166936 
57 -0.242746 
58 0.020846 
59 -0.344338 
60 -0.135964 
61 0.112799 
62 -0.444499 
63 -0.249573 
64 -0.281164 
65 0.042348 
66 0.020846 
67 -0.214578 
68 -0.344338 
69 -0.123471 
70 -0.013936 
71 0.076534 
72 -0.334727 
73 -0.304270 
74 -0.275955 
75 -0.214578 
76 -0.304270 
77 0.446271 
78 -0.334727 
79 -0.214578 
80 0.303650 
81 -0.345996 
82 0.283814 
83 -0.013936 
84 0.038954 
85 0.057050 
86 -0.013936 
87 0.072745 
88 0.486115 
89 0.283814 
90 0.498087 
91 0.447710 
92 -0.251448 
93 -0.356146 
94 -0.275955 
95 0.031621 
96 0.027781 
97 -0.069933 
98 -0.207336 
99 0.125202 
100 -0.311175 
101 0.486115 
102 0.020846 
103 -0.286805 
104 0.027781 
105 0.121882 
106 0.121882 
107 -0.207336 
108 -0.102489 
109 0.303650 
110 0.303650 
111 0.027781 
112 0.112799 
113 0.075176 
114 0.195635 
115 0.143988 
116 0.166936 
117 0.027781 
118 0.020846 
119 0.112799 
120 -0.102784 
121 -0.334727 
122 -0.207336 
123 0.075176 
124 0.166936 
125 -0.334727 
126 -0.107557 
127 -0.171169 
128 -0.201843 
129 -0.279426 
130 0.283814 
131 0.432404 
132 0.112799 
133 0.432404 
134 -0.013936 
135 -0.444499 
136 0.283814 
137 0.349787 
138 -0.334727 
139 -0.035994 
140 0.303650 
141 0.112799 
142 -0.217448 
143 0.151486 
144 -0.283613 
145 0.300142 
146 0.283814 
147 0.283814 
148 -0.013936 
149 -0.225195 
150 -0.207336 
151 0.319592 
152 -0.061282 
153 -0.107557 
154 -0.102489 
155 0.280355 
156 0.038954 
157 -0.242746 
158 0.112799 
159 -0.304270 
160 -0.260097 
161 0.382310 
162 -0.013936 
163 -0.301094 
164 0.121882 
165 0.020846 
166 -0.301094 
167 0.151486 
168 -0.013936 
169 0.472411 
170 -0.171169 
171 -0.251448 
172 -0.460520 
173 -0.041684 
174 0.456474 
175 -0.217448 
176 -0.304270 
177 -0.023627 
178 -0.260874 
179 0.094224 
180 0.042348 
181 0.300142 
182 -0.404327 
183 -0.113348 
184 -0.156661 
185 -0.334727 
186 -0.107557 
187 -0.102489 
188 0.170836 
189 0.283814 
190 0.475861 
191 -0.437037 
192 0.246680 
193 -0.260874 
194 0.037615 
195 -0.249573 
196 0.486115 
197 0.143988 
198 -0.156661 
199 0.121882 
200 -0.498840 
201 -0.275955 
202 0.114238 
203 -0.088525 
204 -0.464445 
205 -0.079158 
206 0.225528 
207 0.075176 
208 -0.041684 
209 0.008292 
210 -0.494639 
211 0.133682 
212 0.350533 
213 0.116062 
214 -0.275955 
215 0.151486 
216 0.498087 
217 -0.459812 
218 0.151486 
219 -0.156661 
220 -0.132523 
221 0.472411 
222 -0.013936 
223 -0.251448 
224 -0.102489 
225 -0.334727 
226 -0.356146 
227 0.486115 
228 -0.102784 
229 -0.135964 
230 -0.301094 
231 0.303650 
232 0.486115 
233 -0.088525 
234 0.373324 
235 -0.354444 
236 -0.334727 
237 -0.494639 
238 -0.279426 
239 -0.088525 
240 0.386018 
241 -0.088525 
242 -0.464445 
243 -0.444499 
244 -0.022458 
245 -0.304270 
246 -0.171169 
247 -0.249573 
248 -0.013936 
249 -0.494639 
250 0.413064 
251 -0.156661 
252 -0.135964 
253 0.373790 
254 0.373324 
255 -0.444499 
256 -0.031413 
257 0.151486 
258 0.166936 
259 -0.275955 
260 0.373324 
261 -0.464445 
262 0.075176 
263 -0.069933 
264 -0.334727 
265 0.057050 
266 0.239934 
267 -0.201843 
268 0.498087 
269 -0.275955 
270 0.497882 
271 0.480460 
272 0.486115 
273 -0.404327 
274 -0.498840 
275 0.011729 
276 -0.217448 
277 0.300142 
278 -0.135964 
279 0.498087 
280 -0.107557 
281 -0.031413 
282 0.246680 
283 -0.444499 
284 -0.245531 
285 -0.494639 
286 0.230906 
287 -0.135240 
288 -0.031413 
289 0.498087 
290 -0.069933 
291 0.112799 
292 -0.156661 
293 -0.131621 
294 -0.031413 
295 0.230510 
296 0.386018 
297 -0.022458 
298 -0.392871 
299 -0.415213 
300 -0.217448 
301 -0.344338 
302 0.057050 
303 -0.251448 
304 -0.249573 
305 -0.404327 
306 -0.217448 
307 -0.061282 
308 -0.498840 
309 -0.356146 
310 0.208911 
311 0.486115 
312 -0.156661 
313 -0.494639 
314 -0.281164 
315 -0.304270 
316 -0.156661 
317 -0.156661 
318 0.480460 
319 0.112799 
320 -0.072059 
321 -0.225195 
322 0.076222 
323 -0.132523 
324 -0.283613 
325 -0.498840 
326 -0.494639 
327 0.373324 
328 -0.464445 
329 0.303650 
330 0.373790 
331 0.112799 
332 0.300142 
333 0.042348 
334 0.114238 
335 -0.404327 
336 -0.319334 
337 -0.464445 
338 0.150653 
339 -0.283613 
340 -0.102784 
341 -0.013936 
342 -0.113348 
343 0.112799 
344 0.027781 
345 -0.041684 
346 0.486115 
347 -0.275955 
348 -0.249573 
349 -0.301094 
350 0.020846 
351 -0.035994 
352 0.125202 
353 0.303650 
354 0.415443 
355 -0.474816 
356 -0.275955 
357 -0.283613 
358 0.114238 
359 0.373324 
360 0.465270 
361 0.208911 
362 0.020846 
363 -0.245531 
364 -0.217448 
365 -0.249573 
366 0.303650 
367 -0.487477 
368 -0.260874 
369 -0.404327 
370 -0.281164 
371 -0.022458 
372 0.373324 
373 -0.460520 
374 0.026032 
375 0.300142 
376 -0.364758 
377 0.300142 
378 0.444209 
379 0.031394 
380 0.498087 
381 0.143988 
382 -0.217448 
383 0.112799 
384 -0.283613 
385 0.114238 
386 -0.234861 
387 0.472411 
388 -0.364758 
389 0.031394 
390 0.114238 
391 -0.207336 
392 -0.207336 
393 -0.171169 
394 -0.207336 
395 0.303650 
396 -0.135964 
397 0.114238 
398 -0.123471 
399 -0.107557 
400 -0.283613 
401 -0.498840 
402 -0.364758 
403 0.472411 
404 0.116062 
405 -0.023627 
406 0.135843 
407 0.386018 
408 -0.013936 
409 -0.069933 
410 0.386018 
411 0.480460 
412 -0.281164 
413 -0.356146 
414 0.303650 
415 0.057050 
416 -0.356146 
417 -0.275955 
418 -0.249573 
419 0.037615 
420 -0.171169 
421 -0.275955 
422 -0.281164 
423 0.413064 
424 0.446271 
425 -0.230842 
426 -0.316264 
427 -0.356146 
428 -0.061282 
429 -0.498840 
430 0.446271 
431 -0.179544 
432 -0.245531 
433 0.057050 
434 0.486115 
435 0.486115 
436 0.456474 
437 -0.251448 
438 0.020846 
439 0.122580 
440 0.076222 
441 -0.228952 
442 -0.275955 
443 0.388316 
444 0.422117 
445 -0.069933 
446 0.373324 
447 0.008292 
448 -0.316264 
449 0.480460 
450 -0.344338 
451 -0.123471 
452 -0.013936 
453 -0.459812 
454 0.446271 
455 0.386018 
456 -0.288655 
457 0.195635 
458 -0.272990 
459 0.008292 
460 0.020846 
461 -0.404327 
462 0.020846 
463 0.008292 
464 -0.234861 
465 -0.080239 
466 -0.260874 
467 0.195635 
468 0.417045 
469 -0.135964 
470 0.486115 
471 0.386018 
472 -0.344338 
473 0.008292 
474 0.037615 
475 0.094224 
476 0.125202 
477 0.208911 
478 0.072745 
479 -0.364758 
480 0.008292 
481 -0.225195 
482 -0.405221 
483 -0.319334 
484 0.057050 
485 0.037615 
486 -0.260874 
487 0.422117 
488 -0.132523 
489 -0.171169 
490 -0.364758 
491 0.230510 
492 0.230510 
493 0.195635 
494 0.303650 
495 -0.061282 
496 0.171493 
497 0.008505 
498 0.116062 
499 0.480460 
500 0.195635 
501 0.386018 
502 -0.312595 
503 -0.288655 
504 -0.337878 
505 0.143988 
506 0.072745 
507 -0.337878 
508 -0.171169 
509 -0.275955 
510 0.446271 
511 0.151486 
512 0.243276 
513 -0.404327 
514 -0.135964 
515 -0.460520 
516 0.230510 
517 -0.345996 
518 -0.337878 
519 0.319592 
520 0.195635 
521 0.072745 
522 0.498087 
523 -0.013936 
524 0.395756 
525 -0.275955 
526 -0.337878 
527 0.432404 
528 -0.013936 
529 -0.041684 
530 -0.245531 
531 -0.334727 
532 0.451707 
533 0.373790 
534 -0.404327 
535 -0.011786 
536 -0.460520 
537 0.094224 
538 0.225528 
539 -0.288655 
540 -0.461190 
541 0.422117 
542 -0.225195 
543 0.432404 
544 -0.337878 
545 -0.356146 
546 0.472411 
547 0.480460 
548 0.042348 
549 -0.135964 
550 0.027781 
551 0.395756 
552 -0.319334 
553 0.112799 
554 -0.460520 
555 0.116062 
556 -0.291786 
557 0.395756 
558 -0.132523 
559 0.246680 
560 -0.487477 
561 -0.061282 
562 -0.249573 
563 -0.404327 
564 0.472411 
565 -0.156661 
566 -0.288655 
567 0.303640 
568 0.432404 
569 0.125202 
570 0.064311 
571 -0.392871 
572 0.008292 
573 -0.487477 
574 -0.487477 
575 -0.113348 
576 -0.392871 
577 -0.045079 
578 0.409060 
579 -0.404327 
580 -0.113348 
581 -0.113348 
582 0.042348 
583 -0.171169 
584 -0.334727 
585 0.498087 
586 -0.135964 
587 -0.156661 
588 -0.288069 
589 0.116062 
590 -0.132523 
591 0.486115 
592 0.013494 
593 0.373790 
594 0.486115 
595 -0.220094 
596 0.486115 
597 0.395756 
598 -0.344338 
599 -0.275955 
600 -0.301094 
601 -0.249573 
602 -0.384116 
603 -0.460520 
604 -0.356146 
605 -0.041684 
606 -0.281164 
607 -0.334727 
608 -0.281164 
609 -0.217448 
610 -0.312595 
611 0.075176 
612 -0.283613 
613 -0.404327 
614 0.125202 
615 0.035948 
616 0.486115 
617 -0.415213 
618 0.122441 
619 0.319592 
620 -0.217448 
621 0.042348 
622 0.230510 
623 -0.079158 
624 -0.013936 
625 -0.132523 
626 0.465270 
627 0.037615 
628 0.008505 
629 -0.013936 
630 -0.344338 
631 -0.404327 
632 -0.345996 
633 -0.079158 
634 0.300142 
635 0.174010 
636 -0.392871 
637 0.080931 
638 0.432404 
639 -0.135964 
640 0.373790 
641 0.072745 
642 0.112799 
643 0.446271 
644 0.080931 
645 0.373790 
646 0.230510 
647 -0.275955 
648 0.057050 
649 0.409060 
650 0.042348 
651 0.283814 
652 -0.260874 
653 -0.217448 
654 0.112799 
655 0.409060 
656 0.112799 
657 -0.487477 
658 0.057050 
659 0.472411 
660 -0.345996 
661 0.230510 
662 0.432404 
663 0.497882 
664 -0.217448 
665 -0.140539 
666 0.486115 
667 0.409060 
668 0.035948 
669 0.283814 
670 -0.415213 
671 -0.171169 
672 0.386018 
673 0.498087 
674 -0.466522 
675 -0.251448 
676 -0.242746 
677 -0.344338 
678 0.171493 
679 0.480460 
680 -0.171169 
681 -0.356146 
682 0.496379 
683 -0.260874 
684 -0.494639 
685 0.498087 
686 -0.077733 
687 -0.260874 
688 0.486115 
689 0.465270 
690 -0.069933 
691 -0.023627 
692 -0.260874 
693 -0.069933 
694 0.208911 
695 0.386018 
696 -0.069933 
697 -0.245531 
698 0.396026 
699 -0.459812 
700 -0.337878 
701 -0.234861 
702 -0.249573 
703 0.112799 
704 0.328778 
705 -0.343111 
706 0.020846 
707 0.075176 
708 -0.275955 
709 -0.013936 
710 -0.132523 
711 0.217280 
712 -0.133746 
713 0.037615 
714 0.225528 
715 0.301309 
716 -0.035994 
717 -0.255471 
718 -0.069933 
719 0.498087 
720 0.400645 
721 -0.415213 
722 -0.156661 
723 0.486115 
724 0.027781 
725 0.008505 
726 -0.337878 
727 -0.345996 
728 0.266606 
729 -0.249573 
730 -0.249573 
731 -0.291786 
732 0.094224 
733 0.475003 
734 0.422117 
735 -0.135964 
736 -0.464399 
737 -0.404327 
738 -0.283976 
739 -0.123471 
740 0.156948 
741 0.035948 
742 -0.069933 
743 -0.255471 
744 0.395756 
745 -0.319334 
746 -0.156661 
747 0.125202 
748 0.283814 
749 0.239934 
750 -0.023627 
751 0.094224 
752 -0.334727 
753 -0.198193 
754 0.498087 
755 0.404606 
756 0.114238 
757 0.156948 
758 0.112799 
759 -0.023627 
760 0.020846 
761 0.496379 
762 0.486115 
763 -0.364758 
764 -0.344338 
765 -0.156661 
766 0.170836 
767 0.094224 
768 0.283814 
769 -0.384116 
770 -0.291786 
771 -0.319334 
772 -0.316264 
773 0.303640 
774 -0.291786 
775 -0.312595 
776 0.461917 
777 0.057050 
778 -0.156661 
779 0.382310 
780 0.171493 
781 -0.107557 
782 0.283814 
783 -0.123471 
784 0.373790 
785 -0.345996 
786 0.116062 
787 0.409060 
788 -0.275955 
789 -0.022458 
790 -0.319334 
791 -0.151000 
792 0.166936 
793 0.249977 
794 0.035948 
795 -0.171169 
796 0.300142 
797 -0.077733 
798 0.074249 
799 0.230510 
800 -0.275955 
801 0.080931 
802 0.035948 
803 0.012727 
804 0.035948 
805 0.027781 
806 -0.171169 
807 0.121882 
808 -0.080239 
809 -0.288655 
810 0.475003 
811 0.011729 
812 -0.260874 
813 0.498087 
814 0.020846 
815 -0.260874 
816 -0.013936 
817 0.171493 
818 0.400645 
819 -0.392871 
820 -0.045079 
821 -0.345996 
822 -0.234861 
823 -0.316264 
824 0.122441 
825 0.020846 
826 -0.392871 
827 -0.415213 
828 -0.171169 
829 0.486115 
830 -0.225195 
831 -0.072059 
832 0.122580 
833 -0.035994 
834 0.174010 
835 -0.356146 
836 0.177525 
837 -0.356146 
838 -0.171169 
839 0.027781 
840 -0.234861 
841 0.031394 
842 -0.225195 
843 -0.023627 
844 -0.201843 
845 0.475003 
846 -0.364758 
847 0.094224 
848 -0.107557 
849 0.246680 
850 -0.260874 
851 0.122580 
852 -0.320561 
853 -0.275955 
854 -0.069933 
855 0.396026 
856 0.230510 
857 -0.487477 
858 -0.334727 
859 -0.283613 
860 -0.344338 
861 -0.304270 
862 0.012727 
863 0.459454 
864 0.146684 
865 -0.013936 
866 0.497882 
867 -0.123471 
868 -0.023627 
869 -0.277673 
870 -0.214578 
871 -0.334727 
872 -0.344338 
873 0.133682 
874 0.122580 
875 -0.023627 
876 -0.131621 
877 -0.216933 
878 -0.035994 
879 -0.356146 
880 0.382310 
881 0.246680 
882 -0.337878 
883 -0.088525 
884 0.008870 
885 0.074249 
886 0.112799 
887 0.422117 
888 0.388316 
889 -0.312595 
890 0.475861 
891 -0.022458 
892 0.020846 
893 -0.415213 
894 -0.283976 
895 -0.022458 
896 0.230510 
897 -0.171169 
898 0.400645 
899 0.159684 
900 0.025525 
901 0.195709 
902 -0.045079 
903 -0.334727 
904 0.112799 
905 0.465270 
906 0.246680 
907 -0.334727 
908 -0.479490 
909 0.486115 
910 -0.364758 
911 -0.319334 
912 -0.345996 
913 -0.392871 
914 -0.187532 
915 -0.277673 
916 -0.251448 
917 0.008505 
918 0.386018 
919 0.208911 
920 0.246680 
921 0.373790 
922 -0.023627 
923 0.112799 
924 0.230510 
925 -0.022458 
926 0.475003 
927 0.042348 
928 0.035948 
929 -0.022458 
930 -0.356146 
931 -0.045079 
932 -0.255471 
933 -0.079158 
934 0.112799 
935 -0.022458 
936 0.011729 
937 0.486115 
938 -0.345996 
939 -0.022458 
940 -0.089973 
941 -0.249573 
942 -0.384116 
943 -0.171169 
944 -0.275955 
945 0.020846 
946 -0.089973 
947 0.112799 
948 0.396026 
949 -0.234861 
950 0.057050 
951 -0.023627 
952 0.497882 
953 0.174010 
954 0.112799 
955 -0.225195 
956 0.457687 
957 -0.319334 
958 0.246680 
959 0.057050 
960 0.174010 
961 0.319592 
962 -0.214578 
963 0.459454 
964 -0.318320 
965 -0.320561 
966 0.094224 
967 0.465270 
968 0.080931 
969 0.112799 
970 -0.156661 
971 -0.356146 
972 -0.415213 
973 0.337070 
974 -0.089973 
975 -0.234861 
976 -0.316264 
977 -0.334727 
978 0.116062 
979 -0.022458 
980 -0.334727 
981 0.246680 
982 0.475003 
983 0.026032 
984 0.400645 
985 -0.013936 
986 -0.334727 
987 -0.220094 
988 0.475003 
989 -0.089973 
990 -0.384116 
991 0.020846 
992 0.011729 
993 -0.275955 
994 0.230510 
995 0.239934 
996 0.112799 
997 -0.291786 
998 0.244798 
999 0.156948 
1000 0.400645 
1001 -0.077733 
1002 0.143988 
1003 0.373790 
1004 -0.260874 
1005 -0.022458 
1006 -0.415213 
1007 0.327375 
1008 0.498087 
1009 0.246680 
1010 -0.123471 
1011 -0.113348 
1012 -0.045079 
1013 -0.404327 
1014 0.400645 
1015 0.012727 
1016 -0.344338 
1017 -0.459812 
1018 -0.171169 
1019 0.012727 
1020 -0.259144 
1021 0.498087 
1022 0.020846 
1023 -0.249573 
1024 0.355655 
1025 -0.214578 
1026 -0.220094 
1027 -0.318320 
1028 0.159684 
1029 -0.356146 
1030 -0.113348 
1031 -0.345996 
1032 -0.022458 
1033 0.174010 
1034 -0.319334 
1035 -0.077733 
1036 -0.013936 
1037 -0.132523 
1038 0.241560 
1039 0.496379 
1040 -0.288655 
1041 0.300142 
1042 -0.312595 
1043 -0.392871 
1044 0.475003 
1045 0.112799 
1046 0.020846 
1047 -0.123471 
1048 -0.288655 
1049 -0.404327 
1050 -0.157204 
1051 0.208911 
1052 -0.102784 
1053 -0.466522 
1054 -0.384116 
1055 0.008505 
1056 -0.337878 
1057 0.497882 
1058 0.020846 
1059 -0.176324 
1060 -0.135240 
1061 0.498087 
1062 -0.494639 
1063 -0.345996 
1064 0.075176 
1065 -0.035994 
1066 0.156948 
1067 0.112799 
1068 0.076222 
1069 0.112799 
1070 0.319592 
1071 0.208911 
1072 -0.234861 
1073 -0.364758 
1074 -0.022458 
1075 -0.171169 
1076 0.112799 
1077 0.020846 
1078 0.373790 
1079 -0.088525 
1080 -0.312595 
1081 0.225528 
1082 -0.214578 
1083 0.208911 
1084 0.244798 
1085 0.112799 
1086 0.020846 
1087 0.285958 
1088 0.396026 
1089 -0.171169 
1090 -0.260874 
1091 0.112799 
1092 0.246680 
1093 -0.343111 
1094 -0.364758 
1095 -0.176324 
1096 -0.045079 
1097 -0.312595 
1098 -0.494639 
1099 -0.316264 
1100 0.422117 
1101 -0.255471 
1102 0.008505 
1103 0.080931 
1104 -0.473245 
1105 -0.013936 
1106 -0.279426 
1107 -0.260874 
1108 -0.171169 
1109 0.012727 
1110 -0.367700 
1111 0.057050 
1112 -0.249573 
1113 -0.249573 
1114 0.496379 
1115 0.465270 
1116 -0.249573 
1117 0.122580 
1118 0.456474 
1119 -0.277673 
1120 0.074249 
1121 -0.275955 
1122 -0.249573 
1123 -0.045079 
1124 0.171493 
1125 -0.045079 
1126 -0.035994 
1127 -0.022458 
1128 0.133682 
1129 0.497882 
1130 0.012727 
1131 0.020846 
1132 -0.214578 
1133 -0.494639 
1134 -0.318320 
1135 0.337070 
1136 0.319592 
1137 -0.135964 
1138 0.122580 
1139 -0.291786 
1140 -0.334727 
1141 0.057050 
1142 0.225528 
1143 -0.311175 
1144 -0.350232 
1145 -0.107557 
1146 0.373790 
1147 -0.171169 
1148 0.319592 
1149 0.457687 
1150 0.413064 
1151 -0.334727 
1152 0.112799 
1153 -0.113348 
1154 -0.474816 
1155 -0.171169 
1156 0.171493 
1157 0.156948 
1158 0.156948 
1159 -0.260874 
1160 -0.275955 
1161 0.422117 
1162 0.319592 
1163 -0.035994 
1164 -0.334727 
1165 -0.113348 
1166 0.475003 
1167 0.008505 
1168 0.246680 
1169 0.368773 
1170 0.057050 
1171 0.208911 
1172 -0.344338 
1173 -0.415213 
1174 0.094224 
1175 -0.344338 
1176 -0.388814 
1177 0.486115 
1178 -0.139507 
1179 0.239934 
1180 -0.023627 
1181 -0.035994 
1182 0.400645 
1183 -0.171169 
1184 -0.201843 
1185 0.498087 
1186 0.475861 
1187 -0.494639 
1188 0.239934 
1189 -0.249573 
1190 0.200557 
1191 0.337070 
1192 -0.337878 
1193 0.159684 
1194 0.133682 
1195 0.208911 
1196 0.156948 
1197 0.396026 
1198 0.133682 
1199 0.486115 
1200 0.035948 
1201 0.486115 
1202 0.475003 
1203 0.225528 
1204 0.143988 
1205 0.319592 
1206 0.094224 
1207 -0.281164 
1208 0.075176 
1209 0.373790 
1210 0.486115 
1211 -0.045079 
1212 -0.013936 
1213 0.122580 
1214 -0.343111 
1215 0.246680 
1216 0.404606 
1217 -0.228952 
1218 -0.045079 
1219 -0.251448 
1220 -0.249573 
1221 -0.022458 
1222 -0.277673 
1223 0.486115 
1224 0.159684 
1225 -0.275955 
1226 -0.404327 
1227 -0.201843 
1228 -0.367700 
1229 0.122580 
1230 -0.045079 
1231 -0.319334 
1232 -0.283613 
1233 -0.334727 
1234 0.486115 
1235 -0.251448 
1236 -0.318320 
1237 -0.260874 
1238 0.133682 
1239 0.249977 
1240 -0.201843 
1241 0.337070 
1242 -0.088525 
1243 -0.415213 
1244 -0.123471 
1245 -0.135964 
1246 -0.316264 
1247 -0.337878 
1248 0.241560 
1249 0.239934 
1250 0.319592 
1251 -0.281164 
1252 0.208911 
1253 0.478297 
1254 -0.498840 
1255 0.304220 
1256 -0.220094 
1257 0.489495 
1258 0.225528 
1259 0.373790 
1260 -0.283613 
1261 0.080931 
1262 -0.316264 
1263 -0.312595 
1264 -0.023627 
1265 0.432404 
1266 -0.069933 
1267 -0.089973 
1268 0.133682 
1269 0.326122 
1270 -0.077733 
1271 -0.133651 
1272 -0.156661 
1273 -0.283613 
1274 -0.334727 
1275 0.320924 
1276 0.195635 
1277 0.008292 
1278 0.011729 
1279 0.225528 
1280 0.133682 
1281 0.432404 
1282 0.447710 
1283 -0.264253 
1284 -0.275955 
1285 -0.023627 
1286 -0.225195 
1287 -0.255471 
1288 -0.319334 
1289 -0.135964 
1290 0.011729 
1291 -0.319334 
1292 -0.319334 
1293 -0.228952 
1294 -0.367700 
1295 0.326122 
1296 0.383172 
1297 0.400645 
1298 0.396026 
1299 0.174010 
1300 -0.013936 
1301 0.171493 
1302 0.400645 
1303 -0.234861 
1304 -0.225195 
1305 0.246680 
1306 -0.013936 
1307 0.337070 
1308 -0.228952 
1309 -0.494639 
1310 0.486115 
1311 0.496379 
1312 0.486115 
1313 0.116062 
1314 -0.171169 
1315 -0.344338 
1316 -0.350232 
1317 -0.023627 
1318 0.008505 
1319 0.349787 
1320 -0.344338 
1321 -0.228952 
1322 -0.249573 
1323 -0.249573 
1324 -0.077733 
1325 0.388316 
1326 -0.344338 
1327 0.195709 
1328 0.008292 
1329 0.074249 
1330 -0.156661 
1331 0.409060 
1332 -0.318320 
1333 0.465270 
1334 0.020846 
1335 0.208911 
1336 0.208911 
1337 0.246680 
1338 0.025525 
1339 0.121041 
1340 0.475003 
1341 -0.275955 
1342 0.246680 
1343 -0.171169 
1344 0.486115 
1345 -0.249573 
1346 -0.251448 
1347 0.337070 
1348 0.112799 
1349 -0.113348 
1350 -0.201843 
1351 -0.171169 
1352 0.456474 
1353 0.373790 
1354 0.296378 
1355 0.171493 
1356 0.011729 
1357 -0.249573 
1358 0.404606 
1359 0.296378 
1360 -0.343111 
1361 -0.260874 
1362 -0.133746 
1363 -0.113348 
1364 0.400645 
1365 -0.156661 
1366 -0.171169 
1367 0.122580 
1368 0.035948 
1369 0.208911 
1370 0.249977 
1371 -0.318320 
1372 0.174010 
1373 -0.156661 
1374 0.116062 
1375 -0.319334 
1376 -0.107557 
1377 -0.120463 
1378 -0.113348 
1379 0.396026 
1380 -0.201843 
1381 -0.249573 
1382 -0.201843 
1383 0.244798 
1384 0.076222 
1385 0.020846 
1386 0.486115 
1387 0.355655 
1388 -0.240174 
1389 -0.013936 
1390 0.246680 
1391 0.498087 
1392 -0.171169 
1393 0.475861 
1394 0.475003 
1395 -0.471828 
1396 -0.171169 
1397 0.373790 
1398 0.011729 
1399 -0.077733 
1400 -0.415213 
1401 0.133682 
1402 -0.260874 
1403 0.422117 
1404 -0.133746 
1405 0.355655 
1406 0.125202 
1407 0.373790 
1408 0.020846 
1409 -0.023627 
1410 -0.444294 
1411 -0.107557 
1412 0.072745 
1413 -0.228952 
1414 0.373790 
1415 -0.367700 
1416 -0.291786 
1417 0.355655 
1418 0.230510 
1419 0.349787 
1420 -0.107557 
1421 0.349787 
1422 0.373790 
1423 -0.277673 
1424 0.008292 
1425 0.472411 
1426 0.197577 
1427 -0.260874 
1428 0.349787 
1429 0.285958 
1430 0.057050 
1431 -0.156661 
1432 0.122441 
1433 0.133682 
1434 0.320924 
1435 0.020846 
1436 0.112799 
1437 0.480460 
1438 -0.411869 
1439 -0.334727 
1440 -0.275955 
1441 -0.350232 
1442 -0.023627 
1443 0.498087 
1444 0.195709 
1445 -0.260874 
1446 -0.120463 
1447 -0.123471 
1448 -0.207336 
1449 -0.356146 
1450 0.456474 
1451 -0.139507 
1452 0.034272 
1453 -0.171169 
1454 0.303640 
1455 0.195709 
1456 0.285958 
1457 0.382310 
1458 0.057050 
1459 0.143988 
1460 0.112799 
1461 0.486115 
1462 0.459454 
1463 0.319592 
1464 0.355655 
1465 0.319592 
1466 0.457687 
1467 0.116062 
1468 0.457687 
1469 -0.319334 
1470 -0.228952 
1471 -0.320561 
1472 0.355655 
1473 -0.367700 
1474 0.465270 
1475 0.296378 
1476 -0.392871 
1477 -0.318320 
1478 -0.214578 
1479 -0.260874 
1480 -0.255471 
1481 -0.291691 
1482 0.457687 
1483 0.475003 
1484 0.285958 
1485 -0.171169 
1486 -0.214578 
1487 -0.319334 
1488 0.020846 
1489 0.404606 
1490 -0.275955 
1491 0.404606 
1492 -0.013936 
1493 0.057050 
1494 -0.271211 
1495 -0.228952 
1496 -0.334727 
1497 -0.334727 
1498 -0.334727 
1499 -0.319334 
1500 -0.319334 
1501 -0.260874 
1502 0.496379 
1503 -0.260874 
1504 0.072745 
1505 -0.135964 
1506 -0.334727 
1507 -0.080239 
1508 -0.201843 
1509 0.008870 
1510 -0.404327 
1511 0.497882 
1512 0.086197 
1513 -0.225195 
1514 0.195709 
1515 -0.356146 
1516 0.373790 
1517 -0.013936 
1518 0.496379 
1519 0.498087 
1520 -0.334727 
1521 0.413064 
1522 -0.364758 
1523 -0.283613 
1524 0.486115 
1525 0.075176 
1526 0.094224 
1527 -0.013936 
1528 0.121882 
1529 -0.079158 
1530 0.457687 
1531 -0.304270 
1532 0.285958 
1533 -0.201843 
1534 0.208911 
1535 -0.283613 
1536 -0.013936 
1537 -0.367700 
1538 -0.334727 
1539 -0.364758 
1540 0.432404 
1541 -0.156661 
1542 0.355655 
1543 0.116062 
1544 -0.283613 
1545 0.497882 
1546 0.489495 
1547 -0.404327 
1548 -0.079158 
1549 0.404606 
1550 0.217280 
1551 0.174010 
1552 -0.220094 
1553 -0.367700 
1554 -0.283613 
1555 -0.249573 
1556 -0.102784 
1557 -0.035994 
1558 -0.311175 
1559 -0.334727 
1560 -0.035994 
1561 -0.415213 
1562 -0.031413 
1563 -0.459812 
1564 0.386018 
1565 -0.041684 
1566 0.456474 
1567 0.280173 
1568 -0.132523 
1569 0.208911 
1570 -0.291786 
1571 -0.240174 
1572 -0.022458 
1573 0.285958 
1574 0.404606 
1575 -0.171169 
1576 0.143988 
1577 0.074249 
1578 0.355655 
1579 -0.260874 
1580 -0.473245 
1581 -0.404327 
1582 -0.013936 
1583 0.076222 
1584 -0.013936 
1585 0.057050 
1586 -0.319334 
1587 -0.356146 
1588 0.432404 
1589 -0.466522 
1590 -0.301094 
1591 -0.132523 
1592 -0.061282 
1593 -0.283613 
1594 -0.318320 
1595 0.456474 
1596 0.373790 
1597 0.195709 
1598 -0.283613 
1599 0.195709 
1600 -0.120463 
1601 -0.291786 
1602 -0.260874 
1603 -0.216933 
1604 -0.035994 
1605 0.159684 
1606 -0.281164 
1607 -0.013936 
1608 -0.316264 
1609 -0.255471 
1610 0.382310 
1611 -0.201843 
1612 -0.334727 
1613 -0.356146 
1614 0.475861 
1615 -0.133651 
1616 -0.035994 
1617 -0.201843 
1618 -0.350232 
1619 0.355655 
1620 -0.249573 
1621 -0.404327 
1622 -0.023627 
1623 -0.023627 
1624 0.456474 
1625 0.034272 
1626 -0.345996 
1627 -0.279426 
1628 0.349787 
1629 0.249977 
1630 0.008292 
1631 -0.249573 
1632 0.446271 
1633 -0.312595 
1634 -0.356146 
1635 0.020846 
1636 -0.286805 
1637 -0.120463 
1638 -0.132523 
1639 0.116062 
1640 0.076222 
1641 -0.022458 
1642 -0.113348 
1643 0.296378 
1644 -0.260874 
1645 -0.291786 
1646 -0.275955 
1647 0.246680 
1648 -0.319334 
1649 -0.311175 
1650 0.388316 
1651 0.177525 
1652 -0.171169 
1653 -0.171169 
1654 0.475003 
1655 0.296378 
1656 -0.318320 
1657 0.314417 
1658 -0.392871 
1659 0.355655 
1660 0.122580 
1661 0.382310 
1662 -0.319334 
1663 -0.201843 
1664 0.475003 
1665 -0.392871 
1666 0.121041 
1667 -0.171169 
1668 -0.334727 
1669 0.296378 
1670 0.286617 
1671 -0.318320 
1672 -0.135964 
1673 -0.123471 
1674 -0.041684 
1675 -0.281164 
1676 -0.113348 
1677 -0.249573 
1678 -0.251448 
1679 -0.023627 
1680 -0.077733 
1681 -0.113348 
1682 0.446271 
1683 0.159684 
1684 0.249977 
1685 0.285958 
1686 -0.079158 
1687 0.094224 
1688 0.296378 
1689 -0.479490 
1690 0.285958 
1691 0.143988 
1692 0.475861 
1693 0.486115 
1694 0.121882 
1695 0.459454 
1696 -0.318320 
1697 -0.023627 
1698 -0.277673 
1699 0.413064 
1700 0.174010 
1701 0.133682 
1702 0.034272 
1703 -0.275955 
1704 -0.334727 
1705 0.422117 
1706 0.170836 
1707 0.388316 
1708 -0.318320 
1709 -0.135964 
1710 0.020846 
1711 -0.220094 
1712 -0.023627 
1713 0.457687 
1714 -0.280049 
1715 0.326122 
1716 0.285958 
1717 -0.013936 
1718 -0.411869 
1719 0.475861 
1720 0.475861 
1721 -0.319334 
1722 -0.201843 
1723 0.461917 
1724 0.076222 
1725 -0.041684 
1726 -0.216933 
1727 -0.171169 
1728 0.349787 
1729 0.013494 
1730 -0.281164 
1731 -0.139507 
1732 0.383172 
1733 0.475861 
1734 -0.023627 
1735 0.112799 
1736 -0.090039 
1737 -0.171169 
1738 -0.275955 
1739 0.112799 
1740 -0.319334 
1741 0.497882 
1742 -0.461315 
1743 0.296378 
1744 -0.334727 
1745 0.195709 
1746 0.465270 
1747 -0.474816 
1748 -0.156661 
1749 0.498087 
1750 0.150653 
1751 0.008505 
1752 -0.319334 
1753 -0.474816 
1754 -0.350232 
1755 -0.139507 
1756 0.326122 
1757 0.285958 
1758 0.121041 
1759 -0.120463 
1760 0.121041 
1761 -0.245531 
1762 0.382310 
1763 -0.249573 
1764 0.057050 
1765 -0.245531 
1766 0.497882 
1767 0.035948 
1768 -0.113348 
1769 0.122580 
1770 -0.054959 
1771 -0.242746 
1772 0.444209 
1773 0.432404 
1774 -0.023627 
1775 -0.260874 
1776 -0.013936 
1777 -0.013936 
1778 0.112799 
1779 0.208911 
1780 0.475861 
1781 0.121882 
1782 0.465270 
1783 0.020846 
1784 0.497882 
1785 -0.079158 
1786 -0.343111 
1787 -0.022458 
1788 -0.135964 
1789 0.300142 
1790 -0.139507 
1791 0.422117 
1792 -0.283613 
1793 -0.013936 
1794 -0.035994 
1795 -0.022458 
1796 -0.013936 
1797 -0.460520 
1798 0.174010 
1799 -0.120463 
1800 -0.464399 
1801 0.125202 
1802 -0.319334 
1803 0.116062 
1804 0.122580 
1805 0.002752 
1806 -0.343111 
1807 -0.459812 
1808 -0.356146 
1809 0.373790 
1810 -0.047932 
1811 -0.079158 
1812 0.349787 
1813 -0.323511 
1814 0.112799 
1815 0.076222 
1816 0.133682 
1817 -0.171169 
1818 0.057050 
1819 -0.088525 
1820 -0.022458 
1821 -0.319334 
1822 -0.113348 
1823 0.409060 
1824 0.150653 
1825 -0.337878 
1826 -0.102489 
1827 -0.283613 
1828 0.008870 
1829 0.465270 
1830 0.208911 
1831 -0.171169 
1832 -0.260874 
1833 0.170836 
1834 0.020846 
1835 0.116062 
1836 -0.388814 
1837 -0.088525 
1838 0.076222 
1839 -0.283613 
1840 0.373790 
1841 -0.139507 
1842 0.409060 
1843 0.008505 
1844 -0.356146 
1845 0.395756 
1846 0.338825 
1847 -0.319334 
1848 -0.283613 
1849 0.027781 
1850 0.337070 
1851 -0.311175 
1852 0.373790 
1853 -0.166143 
1854 -0.404327 
1855 -0.013936 
1856 -0.022458 
1857 0.035948 
1858 -0.334727 
1859 -0.123471 
1860 -0.023627 
1861 0.246680 
1862 -0.201843 
1863 -0.201843 
1864 0.195709 
1865 -0.444499 
1866 0.094224 
1867 -0.013936 
1868 -0.459812 
1869 0.121882 
1870 0.496191 
1871 -0.249573 
1872 -0.279426 
1873 -0.080239 
1874 0.121882 
1875 0.125202 
1876 -0.316264 
1877 -0.260874 
1878 -0.260874 
1879 0.020846 
1880 -0.123471 
1881 0.143988 
1882 0.472411 
1883 -0.316264 
1884 -0.356146 
1885 0.170836 
1886 0.287321 
1887 -0.207336 
1888 0.373790 
1889 -0.334727 
1890 0.121041 
1891 -0.240174 
1892 0.373790 
1893 -0.201843 
1894 -0.277673 
1895 -0.320561 
1896 -0.311175 
1897 0.057050 
1898 -0.277673 
1899 -0.061282 
1900 -0.356146 
1901 0.116062 
1902 0.249977 
1903 -0.344338 
1904 0.246680 
1905 0.355655 
1906 -0.319334 
1907 -0.088525 
1908 0.116062 
1909 -0.176324 
1910 -0.035994 
1911 0.480460 
1912 -0.292888 
1913 0.008505 
1914 -0.392871 
1915 -0.022458 
1916 0.285958 
1917 -0.320561 
1918 0.225528 
1919 -0.225195 
1920 -0.404327 
1921 0.349787 
1922 -0.320561 
1923 -0.320561 
1924 -0.291786 
1925 -0.090039 
1926 -0.013936 
1927 0.246680 
1928 0.261418 
1929 -0.113348 
1930 0.243276 
1931 -0.201843 
1932 -0.444499 
1933 0.121882 
1934 -0.318320 
1935 -0.319334 
1936 0.409060 
1937 0.355655 
1938 0.135843 
1939 -0.035994 
1940 -0.090039 
1941 -0.283976 
1942 0.349787 
1943 -0.291786 
1944 -0.023627 
1945 -0.260874 
1946 0.396026 
1947 -0.479490 
1948 -0.319334 
1949 -0.249573 
1950 -0.318320 
1951 -0.411869 
1952 0.249977 
1953 -0.459812 
1954 0.349787 
1955 -0.135964 
1956 0.072745 
1957 -0.156661 
1958 -0.135964 
1959 -0.080239 
1960 -0.035994 
1961 -0.013936 
1962 -0.334727 
1963 -0.123471 
1964 0.303650 
1965 -0.388814 
1966 0.388316 
1967 -0.334727 
1968 0.076222 
1969 -0.354444 
1970 0.112799 
1971 -0.201843 
1972 -0.240174 
1973 0.170836 
1974 0.382310 
1975 -0.031413 
1976 -0.343111 
1977 0.456474 
1978 0.012727 
1979 0.266606 
1980 0.031394 
1981 -0.022458 
1982 0.008870 
1983 0.080931 
1984 -0.479490 
1985 0.373324 
1986 0.465270 
1987 0.208911 
1988 -0.404327 
1989 0.475861 
1990 0.349787 
1991 0.171493 
1992 -0.459812 
1993 -0.316264 
1994 -0.314038 
1995 -0.272990 
1996 -0.411869 
1997 0.382310 
1998 0.122580 
1999 -0.090039 
2000 -0.217448 
2001 0.150653 
2002 -0.319334 
2003 -0.343111 
2004 0.112799 
2005 0.174010 
2006 0.475861 
2007 -0.283613 
2008 -0.013936 
2009 0.008292 
2010 -0.319334 
2011 0.413064 
2012 -0.304270 
2013 -0.277673 
2014 -0.140764 
2015 0.388316 
2016 -0.260874 
2017 0.303640 
2018 -0.013936 
2019 -0.171169 
2020 -0.090039 
2021 -0.201843 
2022 -0.404327 
2023 0.116062 
2024 0.246680 
2025 -0.139507 
2026 -0.279426 
2027 -0.123471 
2028 -0.384116 
2029 -0.079158 
2030 -0.080239 
2031 -0.080239 
2032 -0.260874 
2033 0.475003 
2034 -0.291786 
2035 0.171493 
2036 0.122580 
2037 0.208911 
2038 -0.479490 
2039 0.121041 
2040 0.013494 
2041 -0.283976 
2042 -0.201843 
2043 0.382310 
2044 0.226293 
2045 0.037615 
2046 0.020846 
2047 0.013494 
2048 -0.260874 
2049 0.373790 
2050 -0.316264 
2051 -0.023627 
2052 -0.013936 
2053 -0.319334 
2054 -0.201843 
2055 -0.314038 
2056 0.256646 
2057 -0.207336 
2058 -0.013936 
2059 0.020846 
2060 0.086197 
2061 -0.090039 
2062 -0.023627 
2063 0.409060 
2064 0.241560 
2065 -0.022458 
2066 0.486115 
2067 -0.207336 
2068 0.230510 
2069 -0.466522 
2070 -0.411869 
2071 -0.013936 
2072 -0.343111 
2073 -0.090039 
2074 0.327375 
2075 0.395756 
2076 0.057050 
2077 -0.311175 
2078 -0.123471 
2079 -0.240174 
2080 0.012727 
2081 -0.139507 
2082 -0.156661 
2083 0.057050 
2084 0.373324 
2085 0.074249 
2086 -0.207336 
2087 0.409060 
2088 0.382310 
2089 0.171493 
2090 0.008505 
2091 0.422117 
2092 -0.319334 
2093 -0.013936 
2094 0.026032 
2095 0.020846 
2096 -0.444294 
2097 -0.288069 
2098 0.020846 
2099 0.076222 
2100 -0.201843 
2101 0.456474 
2102 0.246680 
2103 -0.079158 
2104 0.446271 
2105 0.446271 
2106 -0.275955 
2107 -0.225195 
2108 -0.171169 
2109 -0.311175 
2110 0.011729 
2111 -0.356146 
2112 -0.350232 
2113 0.074249 
2114 0.020846 
2115 -0.171169 
2116 -0.350232 
2117 0.012727 
2118 0.422117 
2119 0.498087 
2120 -0.022458 
2121 0.472411 
2122 0.171493 
2123 0.156948 
2124 0.472411 
2125 0.151486 
2126 0.076222 
2127 0.038954 
2128 0.480460 
2129 0.486115 
2130 -0.388814 
2131 -0.249573 
2132 -0.156661 
2133 -0.061282 
2134 -0.013936 
2135 -0.077733 
2136 0.456474 
2137 -0.201843 
2138 -0.023627 
2139 -0.279426 
2140 -0.135964 
2141 -0.464399 
2142 0.326122 
2143 -0.201843 
2144 -0.260874 
2145 -0.013936 
2146 -0.113348 
2147 -0.334727 
2148 0.280173 
2149 -0.311175 
2150 0.074249 
2151 -0.077733 
2152 0.143988 
2153 0.094224 
2154 -0.319334 
2155 -0.466522 
2156 -0.120463 
2157 -0.132523 
2158 0.112799 
2159 0.122580 
2160 -0.035994 
2161 0.475003 
2162 0.072745 
2163 0.326122 
2164 -0.156661 
2165 -0.035994 
2166 -0.102784 
2167 -0.013936 
2168 -0.260874 
2169 0.373790 
2170 0.459454 
2171 -0.013936 
2172 0.020846 
2173 0.156948 
2174 -0.283613 
2175 0.314417 
2176 -0.156661 
2177 -0.343111 
2178 -0.471828 
2179 -0.283613 
2180 -0.334727 
2181 0.456474 
2182 -0.113348 
2183 0.072745 
2184 -0.013936 
2185 0.174010 
2186 -0.404327 
2187 -0.272990 
2188 0.475003 
2189 -0.316264 
2190 -0.013936 
2191 -0.404327 
2192 0.012727 
2193 0.498087 
2194 -0.474816 
2195 -0.198193 
2196 0.244798 
2197 -0.139507 
2198 0.396026 
2199 -0.283613 
2200 -0.123471 
2201 -0.080239 
2202 0.156948 
2203 -0.061282 
2204 0.373790 
2205 -0.466522 
2206 0.243276 
2207 -0.156661 
2208 -0.316264 
2209 0.396026 
2210 0.012727 
2211 0.357250 
2212 0.020846 
2213 -0.113348 
2214 0.396026 
2215 -0.344338 
2216 0.020846 
2217 -0.140764 
2218 -0.080239 
2219 -0.319334 
2220 0.011729 
2221 0.246680 
2222 0.241560 
2223 0.296378 
2224 0.151486 
2225 0.230510 
2226 0.480460 
2227 0.114238 
2228 -0.135964 
2229 0.074249 
2230 0.151486 
2231 0.480460 
2232 -0.316264 
2233 -0.291691 
2234 -0.249573 
2235 -0.318320 
2236 -0.479490 
2237 -0.314038 
2238 -0.156661 
2239 0.472411 
2240 -0.171169 
2241 -0.045079 
2242 0.012727 
2243 0.174028 
2244 -0.201843 
2245 0.020846 
2246 0.497882 
2247 0.280173 
2248 0.475861 
2249 -0.311175 
2250 -0.354444 
2251 0.300142 
2252 -0.464399 
2253 -0.255082 
2254 -0.283613 
2255 0.011729 
2256 -0.350232 
2257 -0.316264 
2258 0.020846 
2259 -0.120463 
2260 0.208911 
2261 0.303640 
2262 0.151486 
2263 -0.013936 
2264 0.114238 
2265 -0.013936 
2266 -0.291786 
2267 -0.291786 
2268 -0.283976 
2269 -0.384116 
2270 -0.135964 
2271 0.156948 
2272 -0.035994 
2273 0.057050 
2274 -0.216933 
2275 -0.474816 
2276 0.208911 
2277 -0.350232 
2278 0.442774 
2279 -0.316264 
2280 -0.314038 
2281 0.151486 
2282 0.280173 
2283 0.357250 
2284 -0.123471 
2285 0.057050 
2286 0.303640 
2287 -0.404327 
2288 -0.123471 
2289 -0.311175 
2290 0.435356 
2291 0.475003 
2292 0.287321 
2293 0.280355 
2294 -0.207336 
2295 -0.201843 
2296 0.285958 
2297 -0.171169 
2298 -0.171169 
2299 0.072745 
2300 -0.444294 
2301 0.326122 
2302 0.156948 
2303 0.266606 
2304 -0.356146 
2305 0.042348 
2306 -0.464399 
2307 -0.128272 
2308 0.072745 
2309 0.151486 
2310 -0.054959 
2311 0.303640 
2312 -0.088525 
2313 0.475861 
