1446 1
0 -0.171225 
1 -0.171907 
2 -0.347220 
3 -0.253257 
4 0.230352 
5 -0.043446 
6 0.151255 
7 0.315098 
8 0.041037 
9 0.316136 
10 -0.255917 
11 -0.185448 
12 0.308985 
13 -0.043446 
14 -0.171907 
15 -0.231412 
16 0.336297 
17 0.128394 
18 0.402634 
19 0.316136 
20 -0.421685 
21 0.485085 
22 0.316136 
23 0.002545 
24 -0.185448 
25 0.282395 
26 -0.107568 
27 0.467483 
28 0.185668 
29 -0.358646 
30 -0.398687 
31 -0.200069 
32 0.185668 
33 -0.152949 
34 -0.415254 
35 -0.212925 
36 -0.493804 
37 -0.491674 
38 -0.203762 
39 0.370269 
40 -0.021288 
41 -0.171907 
42 -0.171907 
43 -0.061579 
44 -0.034371 
45 0.382563 
46 0.478604 
47 0.168778 
48 -0.203762 
49 0.044196 
50 0.128394 
51 -0.203762 
52 0.356254 
53 0.292391 
54 0.402634 
55 0.453380 
56 -0.043446 
57 -0.034371 
58 0.128394 
59 -0.169239 
60 0.459152 
61 0.085924 
62 -0.111526 
63 0.185668 
64 0.336297 
65 -0.398687 
66 -0.491674 
67 -0.100728 
68 0.128394 
69 0.336297 
70 0.083417 
71 0.224944 
72 0.367134 
73 0.282395 
74 -0.233121 
75 0.453380 
76 -0.137254 
77 -0.185448 
78 0.361513 
79 0.224944 
80 -0.169239 
81 -0.043446 
82 -0.096082 
83 -0.233121 
84 0.497131 
85 0.453380 
86 -0.233121 
87 -0.234261 
88 0.292391 
89 -0.421685 
90 -0.171225 
91 -0.203762 
92 0.044196 
93 -0.034371 
94 0.367134 
95 0.044196 
96 -0.421685 
97 0.310669 
98 -0.255296 
99 -0.182106 
100 -0.221999 
101 -0.201015 
102 -0.432231 
103 0.367134 
104 0.333015 
105 -0.467498 
106 0.333015 
107 0.011384 
108 0.398848 
109 -0.169239 
110 -0.071617 
111 -0.037199 
112 0.085924 
113 0.282395 
114 -0.234261 
115 0.476090 
116 0.011384 
117 -0.491674 
118 0.155054 
119 -0.310587 
120 -0.297259 
121 0.044196 
122 0.367134 
123 -0.381696 
124 0.478604 
125 -0.071617 
126 -0.332094 
127 0.292391 
128 0.085924 
129 -0.013679 
130 -0.459605 
131 0.152828 
132 -0.307190 
133 0.011384 
134 0.011384 
135 -0.347220 
136 -0.068947 
137 0.481007 
138 0.168778 
139 -0.491674 
140 0.094962 
141 0.282395 
142 0.248969 
143 -0.197775 
144 -0.398687 
145 -0.111526 
146 -0.100728 
147 -0.431695 
148 0.196523 
149 0.094839 
150 0.308985 
151 -0.071617 
152 0.275633 
153 -0.233121 
154 -0.392539 
155 -0.099206 
156 0.222966 
157 0.044196 
158 -0.454252 
159 -0.231412 
160 0.317143 
161 -0.486688 
162 0.181797 
163 0.292391 
164 0.382563 
165 0.402634 
166 -0.132840 
167 0.069020 
168 0.379749 
169 0.271444 
170 -0.200069 
171 -0.210145 
172 0.224944 
173 -0.037199 
174 0.476090 
175 0.120877 
176 0.361513 
177 -0.292631 
178 -0.382285 
179 0.083417 
180 0.149317 
181 -0.111526 
182 0.151255 
183 0.361513 
184 -0.221999 
185 -0.203762 
186 0.083417 
187 -0.071617 
188 0.317143 
189 -0.171225 
190 -0.323605 
191 -0.421685 
192 -0.392826 
193 -0.221999 
194 0.083417 
195 -0.088491 
196 -0.002886 
197 -0.160370 
198 -0.160370 
199 0.356254 
200 -0.068947 
201 -0.347220 
202 -0.092971 
203 0.476090 
204 -0.006649 
205 -0.200069 
206 -0.093879 
207 -0.312329 
208 0.313798 
209 0.317143 
210 -0.301606 
211 -0.137254 
212 0.453380 
213 0.286804 
214 0.361513 
215 0.151255 
216 -0.366193 
217 0.317143 
218 0.356254 
219 0.069020 
220 0.420617 
221 0.209363 
222 -0.093879 
223 -0.137254 
224 0.481915 
225 0.275633 
226 -0.056386 
227 -0.310587 
228 0.001960 
229 -0.392826 
230 0.168778 
231 -0.200069 
232 0.181797 
233 -0.021288 
234 -0.366193 
235 -0.347220 
236 -0.323605 
237 0.141382 
238 -0.323605 
239 -0.021288 
240 -0.431695 
241 -0.358646 
242 -0.235443 
243 -0.454252 
244 0.085924 
245 0.151255 
246 -0.239677 
247 0.356254 
248 -0.073056 
249 -0.100728 
250 0.453380 
251 0.120877 
252 -0.021288 
253 -0.310587 
254 -0.459605 
255 -0.197775 
256 -0.043446 
257 0.430588 
258 -0.212925 
259 0.141382 
260 0.478604 
261 -0.093879 
262 -0.097173 
263 -0.199550 
264 0.076087 
265 -0.384312 
266 0.097982 
267 -0.493804 
268 -0.068947 
269 -0.068947 
270 0.467483 
271 0.181797 
272 0.062419 
273 0.316734 
274 -0.005824 
275 -0.221999 
276 0.382563 
277 0.114218 
278 -0.307190 
279 0.227339 
280 0.222966 
281 -0.160370 
282 0.336297 
283 0.453492 
284 -0.292631 
285 -0.384312 
286 -0.493804 
287 0.481915 
288 0.069020 
289 -0.312329 
290 0.199816 
291 -0.093879 
292 -0.253257 
293 -0.068947 
294 0.453492 
295 -0.111526 
296 0.251950 
297 0.336297 
298 0.356254 
299 -0.361402 
300 -0.184103 
301 0.379749 
302 0.453492 
303 0.362670 
304 -0.297259 
305 0.120877 
306 0.076087 
307 -0.094898 
308 -0.323605 
309 0.093472 
310 -0.046304 
311 0.313798 
312 0.093472 
313 -0.310587 
314 0.152828 
315 -0.467407 
316 -0.068947 
317 -0.312329 
318 0.046867 
319 -0.061579 
320 -0.160370 
321 -0.312329 
322 0.152828 
323 0.222966 
324 0.045579 
325 -0.071617 
326 -0.210145 
327 -0.323605 
328 -0.392826 
329 0.361513 
330 0.057889 
331 0.196523 
332 -0.184103 
333 -0.292631 
334 -0.197775 
335 -0.171225 
336 0.286804 
337 0.419177 
338 0.085924 
339 -0.082957 
340 -0.358646 
341 0.013412 
342 0.356254 
343 0.125996 
344 0.151255 
345 0.230352 
346 -0.358646 
347 -0.191171 
348 -0.164648 
349 -0.392826 
350 0.382563 
351 0.453380 
352 -0.045510 
353 0.230352 
354 -0.185448 
355 -0.073056 
356 -0.382285 
357 0.159210 
358 0.489425 
359 -0.358646 
360 -0.323605 
361 -0.384312 
362 -0.184103 
363 0.230352 
364 -0.201015 
365 0.121227 
366 0.239013 
367 -0.068947 
368 -0.493804 
369 -0.137254 
370 -0.233121 
371 0.485768 
372 0.230352 
373 -0.061579 
374 0.057889 
375 -0.441198 
376 -0.056386 
377 -0.253257 
378 -0.297259 
379 0.286804 
380 -0.061579 
381 -0.185448 
382 -0.310587 
383 -0.100728 
384 -0.454252 
385 -0.272213 
386 0.172708 
387 0.120877 
388 -0.056386 
389 0.094962 
390 -0.191171 
391 0.120877 
392 -0.061579 
393 -0.107568 
394 0.398848 
395 0.478604 
396 -0.107568 
397 -0.063019 
398 0.459152 
399 -0.068947 
400 -0.273666 
401 -0.312329 
402 0.209363 
403 0.361513 
404 0.286804 
405 0.094962 
406 -0.171907 
407 -0.486688 
408 0.192332 
409 0.185668 
410 -0.013679 
411 -0.171225 
412 0.237630 
413 -0.201015 
414 -0.342364 
415 -0.046304 
416 0.286804 
417 -0.493804 
418 -0.201015 
419 0.114803 
420 -0.449791 
421 0.094962 
422 -0.191171 
423 0.256128 
424 0.317847 
425 -0.486688 
426 -0.245343 
427 0.159210 
428 0.458337 
429 -0.366193 
430 0.099406 
431 0.284889 
432 -0.212925 
433 -0.301606 
434 0.459152 
435 -0.046304 
436 -0.145448 
437 0.237630 
438 -0.323605 
439 -0.458943 
440 0.209363 
441 -0.382285 
442 0.209363 
443 -0.366193 
444 -0.107568 
445 0.154644 
446 -0.467407 
447 0.316136 
448 -0.234261 
449 0.085924 
450 -0.010874 
451 0.069020 
452 0.069020 
453 -0.342364 
454 -0.234261 
455 -0.421685 
456 -0.094898 
457 -0.449791 
458 0.227339 
459 -0.235443 
460 -0.285226 
461 -0.063019 
462 -0.082957 
463 0.292391 
464 -0.486688 
465 0.206220 
466 0.046867 
467 -0.292631 
468 0.237630 
469 0.430588 
470 -0.037199 
471 -0.342364 
472 0.222966 
473 -0.199550 
474 -0.071617 
475 -0.398687 
476 -0.334517 
477 0.159210 
478 -0.061579 
479 -0.182106 
480 0.382389 
481 0.019893 
482 -0.021288 
483 0.402634 
484 -0.255296 
485 -0.191171 
486 0.317143 
487 -0.486688 
488 0.098796 
489 0.154644 
490 0.336297 
491 0.325662 
492 -0.342364 
493 0.416708 
494 0.128394 
495 0.248969 
496 -0.171225 
497 0.114803 
498 0.026386 
499 -0.107568 
500 0.317847 
501 -0.312329 
502 0.150713 
503 0.185668 
504 0.251950 
505 -0.200069 
506 0.458337 
507 -0.191171 
508 -0.392539 
509 -0.398687 
510 -0.094898 
511 0.481915 
512 0.046867 
513 0.205360 
514 0.485768 
515 -0.171907 
516 -0.037199 
517 -0.101281 
518 -0.074338 
519 -0.164648 
520 0.206220 
521 0.441877 
522 0.128300 
523 0.284889 
524 0.172708 
525 -0.164648 
526 -0.164648 
527 0.459152 
528 -0.272213 
529 -0.242298 
530 0.459152 
531 -0.346757 
532 -0.043446 
533 0.308985 
534 -0.046304 
535 0.149317 
536 -0.458943 
537 -0.221999 
538 -0.148441 
539 -0.458943 
540 0.416708 
541 -0.013679 
542 0.114803 
543 0.337206 
544 0.297056 
545 -0.384312 
546 -0.148441 
547 -0.111526 
548 0.489425 
549 -0.493804 
550 -0.068947 
551 0.316136 
552 -0.401529 
553 -0.199550 
554 0.168778 
555 0.125996 
556 0.001960 
557 -0.235642 
558 0.172708 
559 0.284889 
560 0.317847 
561 0.358447 
562 -0.253257 
563 0.206220 
564 0.316136 
565 -0.323605 
566 -0.366193 
567 0.485085 
568 0.485768 
569 0.315098 
570 -0.269860 
571 0.421594 
572 -0.441198 
573 0.497131 
574 0.266880 
575 -0.169239 
576 0.206182 
577 -0.185448 
578 -0.197775 
579 -0.290039 
580 0.001960 
581 -0.415254 
582 0.497131 
583 0.485768 
584 -0.384312 
585 0.308985 
586 -0.212925 
587 -0.077324 
588 0.297056 
589 -0.401529 
590 -0.401529 
591 0.141382 
592 -0.199550 
593 -0.253257 
594 -0.212925 
595 0.292391 
596 -0.234261 
597 -0.493804 
598 0.297056 
599 0.248969 
600 0.361513 
601 0.141382 
602 -0.082957 
603 -0.221999 
604 0.441877 
605 0.314277 
606 -0.253257 
607 -0.197775 
608 -0.420802 
609 -0.010874 
610 -0.221999 
611 -0.021288 
612 -0.082957 
613 0.227339 
614 -0.493804 
615 0.356054 
616 0.489425 
617 0.308985 
618 0.128394 
619 0.336297 
620 0.086306 
621 0.187750 
622 0.441127 
623 -0.148441 
624 0.196523 
625 -0.421685 
626 0.284889 
627 -0.148441 
628 0.485085 
629 0.199816 
630 0.485085 
631 0.458337 
632 0.336297 
633 -0.366193 
634 -0.454252 
635 -0.201015 
636 0.416708 
637 0.248969 
638 0.476090 
639 0.284889 
640 -0.137254 
641 0.485085 
642 0.196523 
643 -0.046304 
644 0.237871 
645 0.057889 
646 0.367134 
647 -0.342364 
648 -0.145648 
649 0.096901 
650 0.085924 
651 -0.334517 
652 0.316136 
653 -0.346757 
654 0.485085 
655 -0.046304 
656 -0.332094 
657 -0.199550 
658 -0.272213 
659 0.402634 
660 0.367134 
661 -0.163817 
662 0.332911 
663 -0.082925 
664 -0.006649 
665 0.224944 
666 -0.491674 
667 -0.034371 
668 0.284889 
669 -0.467407 
670 -0.041337 
671 -0.034371 
672 -0.199550 
673 0.237871 
674 0.076087 
675 -0.088491 
676 0.356054 
677 -0.061579 
678 0.367134 
679 -0.199550 
680 0.114218 
681 -0.449791 
682 0.114803 
683 -0.197775 
684 -0.449791 
685 -0.401529 
686 -0.366193 
687 0.187750 
688 0.200887 
689 -0.073056 
690 0.297056 
691 0.127720 
692 0.478604 
693 0.149317 
694 0.094962 
695 0.062419 
696 -0.253257 
697 0.261012 
698 -0.041337 
699 -0.272213 
700 -0.169239 
701 0.114803 
702 0.271444 
703 -0.073056 
704 0.083417 
705 0.256128 
706 0.085924 
707 0.208912 
708 0.256128 
709 -0.459605 
710 -0.107568 
711 0.356254 
712 0.114218 
713 0.476090 
714 -0.269860 
715 0.125996 
716 -0.457975 
717 0.185668 
718 -0.267219 
719 -0.467407 
720 -0.200069 
721 0.430588 
722 -0.449791 
723 -0.358646 
724 0.441127 
725 -0.094898 
726 0.196523 
727 -0.245343 
728 -0.041337 
729 -0.234261 
730 -0.041337 
731 -0.310587 
732 -0.467407 
733 -0.253257 
734 0.168778 
735 0.076087 
736 0.208912 
737 -0.037199 
738 -0.239677 
739 0.430588 
740 0.185668 
741 -0.467498 
742 0.273541 
743 -0.421685 
744 -0.199550 
745 0.441127 
746 -0.457975 
747 -0.099378 
748 -0.226629 
749 0.001960 
750 0.208912 
751 -0.013679 
752 -0.310587 
753 -0.160370 
754 0.273541 
755 0.192332 
756 -0.458943 
757 0.013412 
758 -0.301606 
759 0.128394 
760 -0.132840 
761 0.098796 
762 0.459152 
763 -0.132840 
764 -0.346757 
765 -0.068947 
766 0.046867 
767 0.185668 
768 0.398848 
769 0.313798 
770 0.069020 
771 0.128394 
772 -0.235443 
773 -0.212925 
774 0.441127 
775 -0.160370 
776 -0.006649 
777 0.187750 
778 0.062419 
779 -0.233121 
780 0.150713 
781 0.035513 
782 -0.041337 
783 -0.312329 
784 -0.171907 
785 -0.203762 
786 0.481915 
787 -0.063019 
788 -0.301606 
789 -0.197775 
790 -0.421685 
791 -0.310587 
792 0.273541 
793 -0.401529 
794 0.094839 
795 0.013412 
796 0.397733 
797 0.128394 
798 0.481007 
799 -0.148441 
800 0.313798 
801 -0.077507 
802 0.292391 
803 0.356254 
804 0.076087 
805 -0.272213 
806 -0.111526 
807 0.208912 
808 0.286804 
809 0.261012 
810 -0.219877 
811 0.239013 
812 -0.148441 
813 -0.290039 
814 0.098796 
815 -0.094898 
816 0.114218 
817 -0.245343 
818 -0.301606 
819 0.199816 
820 -0.332094 
821 -0.010874 
822 0.084771 
823 0.325662 
824 0.478914 
825 -0.171907 
826 -0.061579 
827 0.185668 
828 0.398848 
829 0.356054 
830 0.128300 
831 -0.010874 
832 0.282395 
833 -0.045510 
834 0.313798 
835 0.199816 
836 -0.097173 
837 0.282395 
838 0.421594 
839 0.084771 
840 0.098796 
841 -0.043446 
842 0.292391 
843 0.013412 
844 0.416708 
845 -0.401529 
846 0.453380 
847 0.308985 
848 -0.459605 
849 0.001960 
850 -0.370792 
851 0.141382 
852 0.044196 
853 -0.171907 
854 0.421594 
855 0.274409 
856 0.338588 
857 0.367134 
858 0.230352 
859 0.316136 
860 -0.041337 
861 -0.034371 
862 0.154644 
863 -0.171907 
864 0.313798 
865 -0.184103 
866 0.076087 
867 0.382563 
868 -0.297259 
869 0.200887 
870 0.141382 
871 0.069020 
872 0.481915 
873 0.151255 
874 0.420617 
875 -0.269860 
876 0.013412 
877 0.292391 
878 0.315098 
879 0.485768 
880 -0.475623 
881 -0.491674 
882 0.382389 
883 0.421594 
884 -0.041337 
885 -0.491674 
886 -0.148441 
887 0.441127 
888 -0.239677 
889 -0.346757 
890 0.125996 
891 0.430588 
892 0.094962 
893 -0.491674 
894 0.397733 
895 0.208912 
896 0.001960 
897 0.125996 
898 0.062419 
899 0.398848 
900 0.208912 
901 -0.164648 
902 0.317143 
903 0.458337 
904 0.083417 
905 -0.242298 
906 0.120877 
907 0.282395 
908 0.313798 
909 -0.459605 
910 -0.145648 
911 -0.171907 
912 0.172708 
913 -0.235443 
914 0.402634 
915 -0.111526 
916 0.187750 
917 -0.347220 
918 0.367134 
919 -0.392709 
920 -0.056386 
921 0.154644 
922 0.205360 
923 -0.233121 
924 -0.203762 
925 0.402634 
926 -0.163817 
927 -0.063019 
928 -0.171907 
929 -0.269860 
930 0.199816 
931 0.062419 
932 0.453492 
933 -0.013679 
934 -0.006649 
935 0.397733 
936 -0.041337 
937 -0.491674 
938 -0.219877 
939 0.273541 
940 -0.154780 
941 -0.454252 
942 0.228212 
943 -0.197775 
944 0.141382 
945 -0.235443 
946 -0.392826 
947 -0.163817 
948 0.397733 
949 -0.148441 
950 -0.459605 
951 0.084771 
952 -0.191171 
953 -0.073056 
954 -0.342364 
955 0.453380 
956 -0.459605 
957 0.317847 
958 -0.163817 
959 0.209363 
960 -0.077324 
961 -0.088491 
962 -0.334517 
963 -0.467407 
964 0.237630 
965 0.397733 
966 -0.269860 
967 0.416708 
968 -0.392709 
969 0.208912 
970 -0.459605 
971 -0.034371 
972 -0.219877 
973 -0.246088 
974 0.227339 
975 -0.191171 
976 -0.246088 
977 -0.073056 
978 0.441877 
979 -0.398687 
980 0.149317 
981 -0.097173 
982 0.084771 
983 0.237871 
984 0.045579 
985 0.441877 
986 0.416708 
987 0.271444 
988 -0.203762 
989 -0.415254 
990 -0.255917 
991 -0.347220 
992 0.397733 
993 0.237630 
994 -0.092971 
995 0.416708 
996 -0.383037 
997 -0.233121 
998 -0.145648 
999 -0.088491 
1000 0.125996 
1001 -0.245343 
1002 0.094839 
1003 0.453492 
1004 -0.342364 
1005 -0.006649 
1006 0.358447 
1007 0.084771 
1008 0.141382 
1009 -0.332094 
1010 -0.342364 
1011 0.120877 
1012 -0.161519 
1013 0.224944 
1014 -0.290039 
1015 -0.096082 
1016 -0.310587 
1017 0.273541 
1018 0.481007 
1019 -0.239677 
1020 0.416708 
1021 -0.221999 
1022 0.248407 
1023 -0.111526 
1024 0.317847 
1025 0.453492 
1026 -0.111526 
1027 0.317143 
1028 0.168778 
1029 0.382389 
1030 0.199816 
1031 -0.132840 
1032 0.382389 
1033 0.230352 
1034 -0.233121 
1035 -0.334517 
1036 0.149317 
1037 0.256128 
1038 -0.255296 
1039 0.154644 
1040 -0.347220 
1041 -0.071617 
1042 0.398848 
1043 -0.099206 
1044 0.332911 
1045 -0.171907 
1046 0.083417 
1047 0.062419 
1048 0.316136 
1049 0.356254 
1050 0.377773 
1051 0.237871 
1052 -0.203762 
1053 -0.245343 
1054 -0.071617 
1055 0.476090 
1056 0.256128 
1057 -0.088491 
1058 -0.334517 
1059 -0.043446 
1060 0.441877 
1061 0.001960 
1062 -0.392709 
1063 0.114803 
1064 -0.191171 
1065 -0.358646 
1066 0.282395 
1067 -0.221999 
1068 -0.002886 
1069 0.282395 
1070 -0.292631 
1071 -0.210145 
1072 0.467483 
1073 -0.398687 
1074 0.325662 
1075 -0.293325 
1076 0.046867 
1077 0.224944 
1078 0.313798 
1079 0.421594 
1080 -0.043446 
1081 -0.401529 
1082 0.044196 
1083 0.420617 
1084 0.274409 
1085 0.200887 
1086 0.317847 
1087 -0.182106 
1088 0.441877 
1089 -0.184103 
1090 -0.046304 
1091 -0.043446 
1092 -0.459605 
1093 0.069020 
1094 0.261012 
1095 0.419177 
1096 -0.346757 
1097 0.273541 
1098 -0.398687 
1099 0.096901 
1100 -0.457975 
1101 0.481007 
1102 -0.334517 
1103 0.230352 
1104 0.098796 
1105 0.470594 
1106 -0.145448 
1107 0.237871 
1108 0.239013 
1109 0.382389 
1110 -0.043446 
1111 0.284889 
1112 0.057889 
1113 -0.467407 
1114 0.316136 
1115 0.481007 
1116 -0.068947 
1117 0.159210 
1118 -0.093879 
1119 0.127720 
1120 0.069020 
1121 -0.092971 
1122 0.420617 
1123 -0.290039 
1124 0.430588 
1125 0.206182 
1126 -0.358646 
1127 -0.246088 
1128 -0.457975 
1129 -0.154780 
1130 -0.467498 
1131 0.128394 
1132 -0.043446 
1133 -0.002886 
1134 -0.297259 
1135 0.455196 
1136 0.152828 
1137 0.150713 
1138 0.292391 
1139 -0.082957 
1140 0.044196 
1141 0.150713 
1142 0.453380 
1143 0.470594 
1144 0.382563 
1145 0.154644 
1146 -0.292631 
1147 -0.145648 
1148 0.045579 
1149 -0.458943 
1150 -0.010874 
1151 -0.010874 
1152 0.206220 
1153 -0.093879 
1154 -0.457975 
1155 -0.292631 
1156 0.382389 
1157 -0.200069 
1158 -0.449791 
1159 -0.093879 
1160 0.228212 
1161 0.083417 
1162 0.286804 
1163 -0.449791 
1164 0.224944 
1165 -0.145648 
1166 0.430588 
1167 0.356254 
1168 0.187750 
1169 0.237871 
1170 0.151255 
1171 -0.392826 
1172 -0.006649 
1173 -0.420802 
1174 0.155054 
1175 0.044196 
1176 0.317143 
1177 0.026386 
1178 -0.342364 
1179 0.239013 
1180 -0.088491 
1181 -0.370792 
1182 -0.097173 
1183 0.476090 
1184 0.078424 
1185 -0.037199 
1186 -0.449791 
1187 0.044196 
1188 0.057889 
1189 -0.185448 
1190 -0.093879 
1191 -0.010874 
1192 0.154644 
1193 -0.097173 
1194 0.237630 
1195 0.282395 
1196 -0.246088 
1197 -0.312329 
1198 0.181797 
1199 -0.043446 
1200 -0.449791 
1201 0.230352 
1202 -0.145648 
1203 0.237871 
1204 0.382563 
1205 0.317143 
1206 -0.045510 
1207 0.361513 
1208 0.402634 
1209 -0.010874 
1210 -0.077507 
1211 0.084771 
1212 0.150713 
1213 -0.093879 
1214 -0.290039 
1215 0.152828 
1216 -0.421685 
1217 0.470594 
1218 0.154644 
1219 0.172708 
1220 0.149317 
1221 0.172708 
1222 0.317847 
1223 0.256128 
1224 -0.021288 
1225 0.206220 
1226 0.224944 
1227 0.420617 
1228 0.084771 
1229 -0.132840 
1230 0.237871 
1231 0.152828 
1232 -0.097173 
1233 0.208912 
1234 0.096901 
1235 -0.242298 
1236 -0.092971 
1237 -0.203762 
1238 -0.312329 
1239 0.114218 
1240 0.256128 
1241 -0.100728 
1242 -0.301606 
1243 0.019893 
1244 -0.493804 
1245 0.192332 
1246 0.209363 
1247 0.227339 
1248 0.084771 
1249 0.172708 
1250 0.172708 
1251 -0.398687 
1252 0.485768 
1253 -0.034371 
1254 -0.398687 
1255 -0.332094 
1256 0.421594 
1257 0.292391 
1258 0.297056 
1259 -0.246088 
1260 -0.037199 
1261 -0.111526 
1262 0.128394 
1263 0.057889 
1264 0.151255 
1265 -0.045510 
1266 0.453380 
1267 -0.077507 
1268 -0.046304 
1269 0.336297 
1270 0.248407 
1271 -0.242298 
1272 0.069020 
1273 0.200887 
1274 -0.267219 
1275 0.224944 
1276 -0.094898 
1277 0.397733 
1278 -0.185448 
1279 -0.292631 
1280 -0.097173 
1281 -0.401529 
1282 0.128300 
1283 0.228212 
1284 0.224944 
1285 -0.272213 
1286 -0.191171 
1287 0.224944 
1288 0.481915 
1289 -0.486688 
1290 0.297056 
1291 0.222966 
1292 0.248407 
1293 -0.082925 
1294 -0.242298 
1295 -0.094898 
1296 -0.221999 
1297 0.489425 
1298 0.458337 
1299 0.150713 
1300 0.485768 
1301 0.069020 
1302 0.382389 
1303 -0.420802 
1304 0.284889 
1305 -0.037199 
1306 -0.002886 
1307 -0.092971 
1308 0.192332 
1309 -0.384312 
1310 0.470594 
1311 -0.185448 
1312 0.125996 
1313 -0.185448 
1314 -0.034371 
1315 0.239013 
1316 -0.323605 
1317 0.035513 
1318 -0.160370 
1319 -0.239677 
1320 -0.334517 
1321 -0.420802 
1322 0.035513 
1323 0.026386 
1324 -0.323605 
1325 0.485768 
1326 0.120877 
1327 -0.145648 
1328 0.127720 
1329 0.151255 
1330 0.128394 
1331 -0.002886 
1332 -0.034371 
1333 -0.420802 
1334 -0.002886 
1335 -0.152949 
1336 0.453380 
1337 0.361513 
1338 0.459152 
1339 0.019893 
1340 -0.045510 
1341 0.317847 
1342 -0.002886 
1343 0.209363 
1344 -0.334517 
1345 0.128300 
1346 -0.088491 
1347 -0.273666 
1348 0.128394 
1349 0.419177 
1350 0.248969 
1351 -0.182106 
1352 -0.382285 
1353 -0.199550 
1354 -0.021288 
1355 0.336297 
1356 -0.021288 
1357 0.125996 
1358 0.044196 
1359 0.308985 
1360 -0.111526 
1361 -0.420802 
1362 -0.082925 
1363 -0.132840 
1364 0.099406 
1365 -0.045510 
1366 0.397733 
1367 -0.197775 
1368 -0.097173 
1369 -0.382285 
1370 -0.347220 
1371 -0.420802 
1372 0.382389 
1373 -0.111526 
1374 0.026386 
1375 0.317143 
1376 0.046867 
1377 -0.092971 
1378 -0.092971 
1379 -0.366193 
1380 -0.145448 
1381 -0.163817 
1382 0.485768 
1383 0.467483 
1384 -0.201015 
1385 -0.347220 
1386 0.256128 
1387 0.481007 
1388 0.228212 
1389 -0.200069 
1390 -0.457975 
1391 -0.096082 
1392 0.062419 
1393 0.470594 
1394 -0.432231 
1395 -0.273666 
1396 0.181797 
1397 0.026386 
1398 0.069020 
1399 -0.082957 
1400 0.185668 
1401 0.196523 
1402 0.458337 
1403 0.470594 
1404 -0.034371 
1405 -0.370792 
1406 -0.037199 
1407 0.251950 
1408 0.458337 
1409 -0.292631 
1410 0.127720 
1411 0.273541 
1412 -0.132840 
1413 -0.171225 
1414 0.476090 
1415 -0.382285 
1416 -0.182106 
1417 -0.420802 
1418 0.274409 
1419 0.128300 
1420 -0.034371 
1421 0.467483 
1422 -0.273666 
1423 0.085924 
1424 -0.071617 
1425 0.222966 
1426 0.297056 
1427 0.476090 
1428 -0.068947 
1429 -0.068947 
1430 0.172708 
1431 0.453492 
1432 0.419177 
1433 -0.358646 
1434 0.367134 
1435 0.338588 
1436 0.228212 
1437 -0.421685 
1438 0.150713 
1439 0.358447 
1440 0.476090 
1441 0.317847 
1442 0.227339 
1443 -0.431695 
1444 0.120877 
1445 0.200887 
