2314 1
0 0.239409 
1 0.383593 
2 0.229398 
3 0.193153 
4 -0.102428 
5 -0.229819 
6 -0.498682 
7 -0.061439 
8 -0.040806 
9 -0.039568 
10 -0.281207 
11 -0.039568 
12 -0.281207 
13 0.379397 
14 -0.388165 
15 -0.055611 
16 0.379397 
17 -0.065409 
18 -0.276593 
19 0.024343 
20 0.039167 
21 0.193063 
22 -0.065409 
23 0.358138 
24 0.294062 
25 0.416469 
26 -0.471001 
27 0.024343 
28 -0.236859 
29 -0.385159 
30 -0.498682 
31 0.376763 
32 0.039167 
33 0.376763 
34 0.356397 
35 -0.061439 
36 0.239409 
37 -0.336863 
38 -0.065409 
39 -0.471001 
40 0.477992 
41 -0.281207 
42 0.233682 
43 -0.281207 
44 0.396282 
45 -0.039568 
46 -0.246170 
47 -0.415220 
48 0.405529 
49 -0.281207 
50 0.039167 
51 -0.471001 
52 -0.498682 
53 0.140444 
54 -0.498682 
55 0.220202 
56 0.376763 
57 -0.498682 
58 -0.438475 
59 -0.039568 
60 -0.336863 
61 -0.286018 
62 -0.352973 
63 0.381567 
64 0.337807 
65 0.233682 
66 -0.297181 
67 0.239409 
68 -0.039568 
69 -0.385159 
70 -0.297181 
71 0.146209 
72 0.381567 
73 -0.258021 
74 0.345385 
75 0.239409 
76 -0.258021 
77 -0.410893 
78 -0.286018 
79 0.239409 
80 0.388649 
81 0.140444 
82 -0.264337 
83 -0.264337 
84 0.165133 
85 -0.415220 
86 0.024343 
87 -0.258021 
88 -0.471001 
89 -0.264337 
90 0.381567 
91 -0.110648 
92 0.193153 
93 0.045030 
94 -0.471001 
95 0.210657 
96 0.026152 
97 -0.412282 
98 -0.358525 
99 -0.350821 
100 -0.021184 
101 -0.286018 
102 -0.471001 
103 0.039167 
104 -0.061439 
105 -0.276593 
106 -0.276593 
107 -0.065409 
108 0.294062 
109 0.388649 
110 0.388649 
111 -0.061439 
112 -0.297181 
113 -0.350821 
114 -0.459554 
115 -0.412282 
116 0.376763 
117 -0.061439 
118 0.024343 
119 -0.055611 
120 -0.065409 
121 -0.021184 
122 0.377259 
123 -0.051674 
124 0.376763 
125 0.258338 
126 0.396282 
127 -0.471001 
128 0.053371 
129 0.381567 
130 0.426652 
131 -0.236859 
132 -0.199280 
133 0.416469 
134 0.145124 
135 -0.352973 
136 -0.264337 
137 0.356397 
138 0.258338 
139 0.145124 
140 0.388649 
141 -0.415220 
142 0.039167 
143 0.185692 
144 -0.471001 
145 0.337807 
146 -0.264337 
147 -0.264337 
148 -0.042976 
149 -0.162874 
150 -0.385159 
151 0.325043 
152 -0.143167 
153 0.396282 
154 0.294062 
155 -0.021184 
156 0.372614 
157 -0.498682 
158 0.246923 
159 -0.258021 
160 -0.415220 
161 0.114494 
162 -0.002030 
163 0.004081 
164 -0.276593 
165 -0.286018 
166 0.004081 
167 0.185692 
168 0.193153 
169 -0.297181 
170 -0.229819 
171 0.193153 
172 -0.110648 
173 0.416469 
174 -0.276085 
175 0.039167 
176 -0.258021 
177 -0.039568 
178 -0.145601 
179 0.053371 
180 -0.460042 
181 -0.143167 
182 0.345385 
183 0.376763 
184 0.219171 
185 0.381567 
186 0.396282 
187 0.294062 
188 -0.336863 
189 -0.264337 
190 -0.415220 
191 -0.210100 
192 0.477992 
193 0.376763 
194 0.416469 
195 0.145124 
196 -0.365951 
197 0.193153 
198 -0.199174 
199 -0.276593 
200 0.377525 
201 -0.297181 
202 -0.234164 
203 0.140444 
204 -0.385159 
205 -0.339022 
206 0.411523 
207 -0.051674 
208 0.381567 
209 -0.061439 
210 0.289566 
211 -0.264931 
212 0.319279 
213 -0.286018 
214 0.258338 
215 0.185692 
216 -0.336863 
217 -0.471001 
218 0.185692 
219 0.219171 
220 -0.388165 
221 -0.047539 
222 0.142298 
223 0.193153 
224 0.294062 
225 0.381567 
226 -0.460042 
227 0.381567 
228 -0.143167 
229 -0.153278 
230 0.063944 
231 0.388649 
232 -0.286018 
233 0.140444 
234 -0.276593 
235 -0.281207 
236 -0.438475 
237 -0.039360 
238 0.158141 
239 0.140444 
240 -0.363326 
241 0.140444 
242 0.377259 
243 -0.352973 
244 -0.258721 
245 -0.258021 
246 -0.336213 
247 0.039167 
248 -0.236859 
249 0.289566 
250 0.145124 
251 0.377259 
252 0.345385 
253 0.039167 
254 -0.276593 
255 -0.352973 
256 0.405529 
257 0.185692 
258 -0.323824 
259 -0.302566 
260 -0.012010 
261 0.063944 
262 -0.350821 
263 -0.412282 
264 -0.471001 
265 -0.336863 
266 0.004081 
267 -0.021184 
268 0.376763 
269 0.024343 
270 0.097078 
271 0.030953 
272 -0.055611 
273 0.036586 
274 0.377525 
275 0.289566 
276 0.039167 
277 0.372614 
278 0.125944 
279 -0.438475 
280 0.396282 
281 0.405529 
282 -0.286018 
283 -0.352973 
284 -0.276085 
285 0.289566 
286 0.411523 
287 0.246426 
288 0.405529 
289 0.477992 
290 -0.412282 
291 0.294939 
292 0.219171 
293 -0.493852 
294 0.405529 
295 -0.493852 
296 -0.388165 
297 -0.263171 
298 -0.350821 
299 -0.012010 
300 0.039167 
301 -0.365951 
302 -0.302566 
303 0.193153 
304 -0.042976 
305 -0.415220 
306 0.365567 
307 -0.143167 
308 0.377525 
309 0.358138 
310 -0.336863 
311 -0.153278 
312 0.219171 
313 0.289566 
314 0.394309 
315 -0.258021 
316 -0.415220 
317 0.219171 
318 0.146209 
319 0.294939 
320 0.258338 
321 -0.373601 
322 -0.145601 
323 -0.210100 
324 0.165133 
325 0.377525 
326 0.289566 
327 -0.276593 
328 -0.452926 
329 -0.145601 
330 -0.286018 
331 0.030953 
332 0.114494 
333 0.325043 
334 0.394309 
335 0.145124 
336 -0.385159 
337 0.063944 
338 -0.162874 
339 0.229398 
340 0.030953 
341 -0.388165 
342 0.381567 
343 0.394309 
344 0.026152 
345 -0.350821 
346 0.319279 
347 0.379397 
348 0.381567 
349 0.063944 
350 -0.336863 
351 -0.281207 
352 0.039167 
353 0.358138 
354 -0.264931 
355 -0.302566 
356 -0.385159 
357 0.004081 
358 -0.234164 
359 -0.276593 
360 -0.348975 
361 0.246923 
362 -0.471001 
363 0.193063 
364 0.365567 
365 -0.281207 
366 0.358138 
367 0.063944 
368 -0.365951 
369 -0.297181 
370 0.346531 
371 -0.498621 
372 -0.276593 
373 0.416469 
374 0.024343 
375 -0.363326 
376 0.394309 
377 -0.143167 
378 0.165133 
379 0.039167 
380 -0.315970 
381 -0.195554 
382 0.394309 
383 -0.415220 
384 0.004081 
385 -0.234164 
386 0.045030 
387 -0.000267 
388 0.394309 
389 -0.336863 
390 -0.234164 
391 -0.412282 
392 -0.358525 
393 0.346531 
394 0.377259 
395 0.358138 
396 0.125944 
397 0.258338 
398 -0.385159 
399 0.229398 
400 0.004081 
401 0.377525 
402 0.229398 
403 0.222009 
404 -0.336863 
405 0.142298 
406 0.219171 
407 -0.363326 
408 -0.055611 
409 0.416469 
410 -0.363326 
411 0.358138 
412 0.337807 
413 -0.042976 
414 -0.388165 
415 -0.297181 
416 0.142298 
417 -0.297181 
418 -0.281207 
419 -0.039360 
420 -0.471001 
421 0.142298 
422 0.337807 
423 -0.284684 
424 -0.410893 
425 -0.260044 
426 0.361468 
427 0.045030 
428 0.388649 
429 0.377525 
430 -0.410893 
431 -0.336481 
432 -0.358525 
433 -0.302566 
434 0.452852 
435 0.452852 
436 -0.276085 
437 0.193153 
438 0.381567 
439 0.036586 
440 0.381567 
441 -0.089354 
442 -0.021184 
443 0.046923 
444 0.146209 
445 -0.145601 
446 -0.276593 
447 -0.265838 
448 0.233682 
449 0.039167 
450 0.379397 
451 -0.471001 
452 0.379397 
453 -0.110648 
454 0.222009 
455 -0.363326 
456 -0.154322 
457 0.358138 
458 -0.055611 
459 -0.498621 
460 0.379397 
461 0.411523 
462 -0.452926 
463 0.416469 
464 -0.162874 
465 -0.336863 
466 -0.452926 
467 -0.210100 
468 -0.346938 
469 0.125944 
470 0.452852 
471 -0.363326 
472 -0.039568 
473 0.140444 
474 0.233682 
475 -0.012010 
476 0.026152 
477 0.220202 
478 -0.258021 
479 -0.145601 
480 -0.145601 
481 -0.236859 
482 -0.400416 
483 0.381567 
484 -0.297181 
485 0.233682 
486 0.377259 
487 0.093046 
488 0.233682 
489 -0.385159 
490 -0.234164 
491 0.358138 
492 0.125944 
493 -0.297181 
494 0.358138 
495 -0.020369 
496 -0.415220 
497 -0.215400 
498 0.024343 
499 0.125944 
500 -0.135739 
501 -0.388165 
502 0.294939 
503 0.358138 
504 0.222009 
505 -0.089354 
506 0.356397 
507 -0.358525 
508 -0.471001 
509 -0.281207 
510 -0.410893 
511 0.185692 
512 -0.154322 
513 -0.336863 
514 -0.012010 
515 -0.428601 
516 0.039167 
517 0.140444 
518 -0.410893 
519 0.024343 
520 -0.493852 
521 0.045030 
522 -0.281207 
523 0.145124 
524 -0.135739 
525 -0.452926 
526 -0.015203 
527 -0.145601 
528 -0.089354 
529 0.315801 
530 -0.215400 
531 -0.021184 
532 0.221336 
533 0.145124 
534 0.258338 
535 -0.308129 
536 -0.348975 
537 0.053371 
538 -0.424162 
539 0.298719 
540 -0.215400 
541 0.377259 
542 -0.373601 
543 0.036586 
544 0.426652 
545 0.222009 
546 -0.000267 
547 0.146209 
548 -0.459554 
549 0.381567 
550 -0.061439 
551 -0.135739 
552 -0.385159 
553 -0.336863 
554 -0.498621 
555 -0.286018 
556 -0.096728 
557 -0.135739 
558 -0.210100 
559 -0.286018 
560 -0.358525 
561 0.229398 
562 0.381567 
563 -0.315970 
564 0.093046 
565 -0.297181 
566 0.193153 
567 0.219171 
568 0.036586 
569 0.039167 
570 0.233682 
571 -0.350821 
572 0.222009 
573 0.193063 
574 0.229398 
575 -0.302566 
576 0.146209 
577 -0.498621 
578 0.157550 
579 -0.476094 
580 -0.021184 
581 -0.042976 
582 0.325043 
583 -0.358525 
584 -0.471001 
585 -0.281207 
586 0.365567 
587 0.345385 
588 -0.290154 
589 -0.229819 
590 0.140444 
591 -0.471001 
592 0.398847 
593 -0.021184 
594 -0.021184 
595 0.233682 
596 0.024343 
597 -0.135739 
598 -0.385159 
599 -0.471001 
600 0.229398 
601 0.298719 
602 0.193153 
603 0.388649 
604 0.358138 
605 -0.102428 
606 0.337807 
607 -0.042976 
608 0.337807 
609 0.365567 
610 0.141993 
611 -0.051674 
612 -0.471001 
613 0.381567 
614 0.039167 
615 -0.281207 
616 -0.286018 
617 0.222009 
618 0.346531 
619 -0.096728 
620 -0.195554 
621 0.325043 
622 0.337807 
623 -0.143167 
624 0.379397 
625 0.388649 
626 0.294939 
627 0.165133 
628 -0.290154 
629 0.199358 
630 0.379397 
631 -0.415220 
632 0.315801 
633 -0.258721 
634 0.294939 
635 -0.236859 
636 0.381567 
637 0.199358 
638 -0.154322 
639 -0.415220 
640 -0.042976 
641 -0.258021 
642 0.477992 
643 -0.410893 
644 0.199358 
645 -0.471001 
646 0.146209 
647 0.024343 
648 -0.297181 
649 0.026152 
650 0.325043 
651 0.381567 
652 0.258338 
653 0.365567 
654 0.093046 
655 0.093046 
656 0.093046 
657 0.063944 
658 -0.297181 
659 0.140444 
660 0.315801 
661 -0.215400 
662 -0.498621 
663 -0.336863 
664 0.165133 
665 0.246426 
666 0.426652 
667 -0.195554 
668 0.381567 
669 -0.102428 
670 -0.012010 
671 -0.471001 
672 -0.002030 
673 0.142298 
674 0.142298 
675 -0.498621 
676 -0.265838 
677 0.145124 
678 -0.002030 
679 0.030953 
680 0.306210 
681 -0.365951 
682 0.193153 
683 -0.047539 
684 0.383593 
685 -0.284684 
686 -0.195554 
687 0.045030 
688 0.452852 
689 0.358138 
690 -0.493852 
691 -0.297181 
692 0.452852 
693 -0.493852 
694 -0.336863 
695 -0.195554 
696 -0.493852 
697 -0.199280 
698 0.346531 
699 -0.229819 
700 0.222009 
701 0.045030 
702 0.145124 
703 -0.346938 
704 0.193063 
705 -0.384546 
706 0.345385 
707 -0.051674 
708 -0.153278 
709 -0.365951 
710 -0.051674 
711 0.246923 
712 -0.336213 
713 -0.385159 
714 -0.412282 
715 0.246426 
716 0.145124 
717 -0.145601 
718 -0.493852 
719 -0.021184 
720 -0.394453 
721 -0.012010 
722 -0.365951 
723 -0.336863 
724 0.026152 
725 -0.215400 
726 0.030953 
727 0.315801 
728 -0.153278 
729 -0.302566 
730 -0.302566 
731 0.004081 
732 -0.459554 
733 -0.110648 
734 0.146209 
735 0.125944 
736 0.024343 
737 -0.336863 
738 -0.302566 
739 -0.154322 
740 -0.471001 
741 0.280283 
742 0.146209 
743 -0.145601 
744 -0.135739 
745 0.459108 
746 -0.297181 
747 0.039167 
748 0.039167 
749 0.146209 
750 -0.452926 
751 -0.363326 
752 -0.055611 
753 -0.236859 
754 0.142298 
755 0.145124 
756 -0.234164 
757 -0.385159 
758 0.093046 
759 0.396282 
760 0.258338 
761 0.193153 
762 0.185692 
763 -0.459554 
764 -0.471001 
765 0.024343 
766 -0.146004 
767 -0.215400 
768 -0.135739 
769 -0.264337 
770 -0.428601 
771 -0.471001 
772 -0.135739 
773 0.046923 
774 0.105361 
775 -0.459554 
776 0.146301 
777 -0.002030 
778 -0.297181 
779 0.114494 
780 -0.145601 
781 0.229398 
782 -0.339022 
783 -0.471001 
784 -0.264337 
785 -0.215400 
786 0.024343 
787 0.185692 
788 -0.286018 
789 -0.234164 
790 -0.471001 
791 -0.337184 
792 0.376763 
793 -0.264337 
794 0.165133 
795 0.320968 
796 0.260539 
797 0.356397 
798 0.132588 
799 0.165133 
800 0.024343 
801 0.199358 
802 -0.000267 
803 0.157550 
804 -0.365951 
805 -0.428601 
806 0.158141 
807 0.074019 
808 0.377525 
809 -0.154322 
810 -0.384546 
811 -0.438475 
812 -0.336863 
813 0.142298 
814 -0.471001 
815 -0.042976 
816 -0.281207 
817 -0.002030 
818 0.388649 
819 -0.350821 
820 -0.089354 
821 0.315801 
822 -0.015203 
823 0.157550 
824 -0.337184 
825 -0.302566 
826 -0.145601 
827 -0.290154 
828 0.346531 
829 -0.286018 
830 0.356397 
831 -0.424162 
832 0.036586 
833 0.379397 
834 -0.250714 
835 -0.336863 
836 -0.084075 
837 -0.365951 
838 0.381567 
839 -0.428601 
840 -0.051674 
841 0.142298 
842 -0.121007 
843 -0.000267 
844 0.325043 
845 -0.337184 
846 -0.450832 
847 0.365567 
848 0.396282 
849 -0.042976 
850 0.258338 
851 0.298719 
852 0.053371 
853 -0.042976 
854 -0.000267 
855 -0.450832 
856 -0.297181 
857 0.030953 
858 0.381567 
859 -0.385159 
860 0.381567 
861 0.024343 
862 0.157550 
863 -0.410893 
864 0.365567 
865 -0.021184 
866 0.097078 
867 -0.385159 
868 0.229398 
869 0.424000 
870 -0.385159 
871 -0.471001 
872 0.004081 
873 -0.384546 
874 -0.047539 
875 0.294939 
876 0.287998 
877 -0.286018 
878 0.381567 
879 -0.302566 
880 -0.102428 
881 -0.471001 
882 0.036586 
883 0.140444 
884 -0.055611 
885 -0.336863 
886 -0.258021 
887 0.452658 
888 0.024343 
889 -0.400416 
890 -0.089354 
891 -0.385159 
892 0.345385 
893 0.388649 
894 0.199358 
895 -0.452926 
896 0.193063 
897 -0.346938 
898 -0.452926 
899 0.381567 
900 -0.286018 
901 -0.290154 
902 -0.089354 
903 -0.102428 
904 0.024343 
905 0.294939 
906 0.258338 
907 -0.471001 
908 0.024343 
909 -0.263171 
910 -0.015203 
911 0.381567 
912 0.315801 
913 0.114494 
914 -0.229819 
915 -0.498621 
916 0.345385 
917 -0.002030 
918 -0.210100 
919 0.246426 
920 0.142298 
921 -0.065409 
922 0.165133 
923 0.093046 
924 -0.051674 
925 -0.042976 
926 -0.015203 
927 0.376763 
928 -0.365951 
929 0.193063 
930 0.358138 
931 -0.089354 
932 0.383593 
933 0.063944 
934 0.246426 
935 0.377525 
936 -0.015203 
937 -0.430644 
938 0.157550 
939 -0.336863 
940 -0.089354 
941 -0.281207 
942 -0.290154 
943 -0.471001 
944 -0.042976 
945 0.376763 
946 0.280847 
947 -0.153278 
948 0.229398 
949 0.388649 
950 -0.302566 
951 0.346531 
952 -0.336863 
953 -0.236859 
954 0.377525 
955 -0.258721 
956 0.376763 
957 -0.471001 
958 0.036586 
959 0.024343 
960 -0.250714 
961 0.325043 
962 0.193063 
963 -0.410893 
964 0.430750 
965 0.210657 
966 0.365567 
967 -0.276085 
968 0.199358 
969 -0.336863 
970 -0.281207 
971 0.381567 
972 -0.012010 
973 -0.162874 
974 0.320968 
975 -0.210100 
976 0.039167 
977 -0.365951 
978 -0.336863 
979 0.193063 
980 -0.471001 
981 0.258338 
982 0.165133 
983 0.236469 
984 -0.264337 
985 -0.039360 
986 0.381567 
987 0.193063 
988 -0.102428 
989 0.287998 
990 0.053371 
991 0.379397 
992 -0.258021 
993 0.024343 
994 0.145124 
995 -0.162874 
996 -0.199280 
997 -0.428601 
998 -0.308129 
999 0.146209 
1000 -0.394453 
1001 0.356397 
1002 -0.450832 
1003 -0.135739 
1004 -0.297181 
1005 0.315801 
1006 -0.283297 
1007 -0.495819 
1008 0.024343 
1009 -0.297181 
1010 0.381567 
1011 -0.302566 
1012 0.045030 
1013 -0.286018 
1014 0.405529 
1015 -0.297181 
1016 -0.297181 
1017 0.294062 
1018 -0.346938 
1019 0.229398 
1020 -0.336863 
1021 -0.452926 
1022 -0.283297 
1023 -0.302566 
1024 0.114494 
1025 -0.337291 
1026 0.222009 
1027 0.165133 
1028 -0.471001 
1029 0.142298 
1030 -0.260044 
1031 -0.199280 
1032 -0.258721 
1033 -0.250714 
1034 -0.471001 
1035 0.345385 
1036 -0.162874 
1037 0.210657 
1038 -0.336863 
1039 -0.241302 
1040 0.376763 
1041 0.260539 
1042 0.030953 
1043 0.146301 
1044 0.165133 
1045 0.452658 
1046 0.024343 
1047 0.239409 
1048 0.376763 
1049 -0.336863 
1050 0.319279 
1051 -0.229819 
1052 -0.065409 
1053 -0.297181 
1054 0.377525 
1055 -0.135739 
1056 -0.236859 
1057 0.097078 
1058 0.345385 
1059 -0.284684 
1060 0.246426 
1061 0.381567 
1062 -0.154322 
1063 0.140444 
1064 -0.315970 
1065 0.145124 
1066 0.193063 
1067 -0.153278 
1068 -0.276085 
1069 0.258338 
1070 -0.135739 
1071 -0.281207 
1072 -0.239425 
1073 -0.002030 
1074 0.315801 
1075 0.345385 
1076 -0.021184 
1077 0.024343 
1078 -0.021184 
1079 -0.040806 
1080 0.346531 
1081 -0.051674 
1082 -0.452926 
1083 0.477992 
1084 -0.042976 
1085 -0.153278 
1086 -0.286018 
1087 0.345385 
1088 0.377525 
1089 -0.246170 
1090 0.376763 
1091 -0.297181 
1092 -0.229819 
1093 0.452658 
1094 -0.002030 
1095 -0.410893 
1096 -0.089354 
1097 -0.363326 
1098 0.004081 
1099 0.114494 
1100 -0.000267 
1101 -0.276085 
1102 0.346531 
1103 0.199358 
1104 -0.246170 
1105 -0.339022 
1106 -0.264337 
1107 0.246923 
1108 0.346531 
1109 0.157550 
1110 -0.061439 
1111 -0.002030 
1112 -0.339022 
1113 -0.336481 
1114 -0.290154 
1115 -0.042976 
1116 0.193063 
1117 -0.199280 
1118 -0.153278 
1119 0.146301 
1120 0.361080 
1121 0.003305 
1122 -0.154322 
1123 -0.089354 
1124 0.222009 
1125 0.036586 
1126 -0.336863 
1127 -0.385159 
1128 0.315801 
1129 0.097078 
1130 -0.283297 
1131 -0.336863 
1132 0.337807 
1133 -0.039360 
1134 -0.065409 
1135 0.222009 
1136 0.246426 
1137 0.258338 
1138 -0.199280 
1139 0.315801 
1140 0.024343 
1141 0.381567 
1142 -0.412282 
1143 0.142298 
1144 0.165133 
1145 0.229398 
1146 -0.286018 
1147 -0.471001 
1148 0.114494 
1149 0.036586 
1150 0.145124 
1151 0.142298 
1152 0.379397 
1153 -0.302566 
1154 0.004081 
1155 -0.348975 
1156 0.210657 
1157 -0.154322 
1158 0.146209 
1159 -0.336863 
1160 -0.471001 
1161 0.045030 
1162 0.074019 
1163 0.320968 
1164 -0.410893 
1165 -0.302566 
1166 -0.015203 
1167 0.426652 
1168 -0.363326 
1169 -0.237936 
1170 -0.281207 
1171 -0.336863 
1172 0.356397 
1173 -0.415220 
1174 -0.365951 
1175 0.379397 
1176 -0.021184 
1177 -0.452926 
1178 0.361468 
1179 -0.352973 
1180 -0.061439 
1181 0.479422 
1182 -0.415220 
1183 0.381567 
1184 -0.471001 
1185 0.024343 
1186 -0.363326 
1187 -0.039360 
1188 -0.234164 
1189 -0.281207 
1190 0.036586 
1191 -0.498621 
1192 -0.336863 
1193 -0.452926 
1194 0.053371 
1195 -0.302566 
1196 -0.471001 
1197 0.145124 
1198 0.074019 
1199 -0.055611 
1200 -0.365951 
1201 0.345385 
1202 0.426652 
1203 -0.412282 
1204 -0.450832 
1205 -0.336863 
1206 0.024343 
1207 0.346531 
1208 -0.276085 
1209 -0.339022 
1210 0.287998 
1211 -0.089354 
1212 -0.229819 
1213 -0.199280 
1214 0.452658 
1215 0.036586 
1216 -0.339022 
1217 -0.089354 
1218 -0.040806 
1219 0.345385 
1220 -0.302566 
1221 0.477992 
1222 -0.265838 
1223 -0.385159 
1224 -0.471001 
1225 0.229398 
1226 0.024343 
1227 -0.471001 
1228 0.222009 
1229 -0.199280 
1230 0.298719 
1231 -0.385159 
1232 0.459108 
1233 0.376763 
1234 0.426652 
1235 0.345385 
1236 -0.452926 
1237 0.345385 
1238 0.074019 
1239 0.361080 
1240 0.239409 
1241 -0.348341 
1242 -0.047539 
1243 -0.199174 
1244 0.239409 
1245 -0.281207 
1246 0.093046 
1247 -0.260044 
1248 -0.430644 
1249 -0.471001 
1250 -0.490354 
1251 -0.258721 
1252 -0.042976 
1253 -0.471001 
1254 -0.348341 
1255 0.260539 
1256 -0.471001 
1257 0.361468 
1258 -0.412282 
1259 -0.042976 
1260 0.287998 
1261 -0.315970 
1262 -0.281207 
1263 -0.162874 
1264 -0.143167 
1265 -0.236859 
1266 -0.412282 
1267 0.381567 
1268 -0.265838 
1269 -0.096728 
1270 -0.047539 
1271 -0.415220 
1272 -0.286018 
1273 -0.297181 
1274 -0.452926 
1275 0.416469 
1276 0.365567 
1277 0.236469 
1278 -0.315970 
1279 0.287998 
1280 -0.265838 
1281 -0.236859 
1282 -0.281207 
1283 0.479422 
1284 0.246426 
1285 0.306210 
1286 -0.373601 
1287 0.141993 
1288 -0.471001 
1289 0.145124 
1290 0.377525 
1291 -0.323824 
1292 -0.471001 
1293 -0.040806 
1294 -0.042976 
1295 -0.146004 
1296 0.459108 
1297 0.053371 
1298 -0.365951 
1299 -0.260044 
1300 -0.055611 
1301 -0.373601 
1302 -0.258721 
1303 0.246426 
1304 -0.373601 
1305 0.246426 
1306 -0.336863 
1307 -0.317731 
1308 0.320968 
1309 0.289566 
1310 0.024343 
1311 -0.297181 
1312 -0.286018 
1313 0.142298 
1314 0.319279 
1315 -0.039568 
1316 -0.457237 
1317 0.320968 
1318 0.142298 
1319 0.140444 
1320 -0.459554 
1321 0.287998 
1322 -0.415220 
1323 0.416469 
1324 0.074019 
1325 0.146301 
1326 -0.281207 
1327 -0.002030 
1328 0.210657 
1329 -0.039568 
1330 -0.498682 
1331 -0.348975 
1332 0.185692 
1333 -0.348975 
1334 0.345385 
1335 -0.229819 
1336 -0.281207 
1337 0.377525 
1338 0.157550 
1339 -0.352973 
1340 0.053371 
1341 -0.153278 
1342 -0.348975 
1343 0.287998 
1344 -0.490354 
1345 -0.460042 
1346 0.345385 
1347 -0.042976 
1348 -0.346938 
1349 -0.348341 
1350 -0.348975 
1351 -0.162874 
1352 -0.042976 
1353 -0.336863 
1354 0.053371 
1355 -0.002030 
1356 -0.438475 
1357 0.416469 
1358 -0.047539 
1359 -0.153278 
1360 0.452658 
1361 0.142298 
1362 0.045030 
1363 -0.302566 
1364 0.036586 
1365 0.219171 
1366 -0.346938 
1367 0.045030 
1368 0.325043 
1369 -0.365951 
1370 0.053371 
1371 0.394309 
1372 -0.236859 
1373 -0.336863 
1374 -0.336863 
1375 0.229398 
1376 0.053371 
1377 -0.281207 
1378 -0.302566 
1379 0.132588 
1380 -0.385159 
1381 -0.229819 
1382 0.306210 
1383 -0.042976 
1384 -0.265838 
1385 -0.415220 
1386 0.452852 
1387 -0.346938 
1388 -0.039360 
1389 -0.365951 
1390 -0.297181 
1391 0.381567 
1392 -0.471001 
1393 -0.363326 
1394 -0.365951 
1395 0.320968 
1396 -0.040806 
1397 0.381567 
1398 0.039167 
1399 -0.047539 
1400 -0.284684 
1401 0.452658 
1402 -0.339022 
1403 0.093046 
1404 0.045030 
1405 -0.281207 
1406 0.459108 
1407 -0.229819 
1408 -0.241302 
1409 0.280847 
1410 0.381567 
1411 -0.430644 
1412 -0.258021 
1413 -0.055611 
1414 -0.339022 
1415 -0.040806 
1416 0.004081 
1417 -0.339022 
1418 0.377259 
1419 -0.020369 
1420 -0.384546 
1421 0.074019 
1422 0.142298 
1423 0.388649 
1424 -0.384546 
1425 -0.000267 
1426 -0.394453 
1427 -0.336863 
1428 -0.348975 
1429 -0.490354 
1430 0.024343 
1431 -0.042976 
1432 0.346531 
1433 -0.450832 
1434 0.315801 
1435 -0.450832 
1436 -0.281207 
1437 0.221336 
1438 -0.471001 
1439 0.236469 
1440 -0.365951 
1441 -0.471001 
1442 0.280283 
1443 -0.336863 
1444 -0.002030 
1445 0.345385 
1446 -0.317731 
1447 -0.457237 
1448 -0.263171 
1449 0.477992 
1450 -0.260044 
1451 -0.047539 
1452 0.014846 
1453 -0.471001 
1454 0.219171 
1455 -0.317731 
1456 -0.365951 
1457 -0.015203 
1458 -0.365951 
1459 -0.450832 
1460 -0.336863 
1461 0.053371 
1462 -0.410893 
1463 0.004081 
1464 -0.490354 
1465 0.325043 
1466 0.014846 
1467 0.024343 
1468 -0.286018 
1469 -0.229819 
1470 0.146209 
1471 0.210657 
1472 0.236469 
1473 0.416469 
1474 0.193063 
1475 0.477992 
1476 -0.199174 
1477 0.306210 
1478 -0.471001 
1479 -0.438475 
1480 -0.471001 
1481 0.342312 
1482 0.376763 
1483 0.376763 
1484 0.093046 
1485 0.158141 
1486 0.239409 
1487 -0.229819 
1488 -0.246170 
1489 0.045030 
1490 -0.450832 
1491 -0.135739 
1492 -0.336863 
1493 0.379397 
1494 -0.143167 
1495 -0.415220 
1496 -0.286018 
1497 -0.021184 
1498 -0.153278 
1499 0.280283 
1500 -0.055611 
1501 0.381567 
1502 0.319279 
1503 -0.471001 
1504 -0.015203 
1505 -0.339022 
1506 0.381567 
1507 -0.047539 
1508 0.030953 
1509 -0.237936 
1510 -0.471001 
1511 0.097078 
1512 -0.075125 
1513 -0.373601 
1514 -0.490354 
1515 0.024343 
1516 -0.339022 
1517 -0.042976 
1518 -0.096728 
1519 -0.471001 
1520 0.236469 
1521 -0.146004 
1522 0.394309 
1523 -0.162874 
1524 -0.384546 
1525 0.377525 
1526 -0.317731 
1527 0.280283 
1528 -0.229819 
1529 0.145124 
1530 0.376763 
1531 0.416469 
1532 -0.260044 
1533 -0.412282 
1534 -0.471001 
1535 -0.471001 
1536 0.381567 
1537 -0.297181 
1538 0.379397 
1539 -0.459554 
1540 0.416469 
1541 -0.336863 
1542 -0.020369 
1543 0.379397 
1544 -0.471001 
1545 0.097078 
1546 0.361468 
1547 0.024343 
1548 -0.020369 
1549 0.361468 
1550 0.246923 
1551 -0.495819 
1552 -0.229819 
1553 -0.348975 
1554 -0.075125 
1555 0.220202 
1556 -0.298086 
1557 0.145124 
1558 0.229398 
1559 0.345385 
1560 0.145124 
1561 -0.199174 
1562 0.222009 
1563 -0.015203 
1564 -0.363326 
1565 0.053371 
1566 -0.075125 
1567 -0.337291 
1568 0.093046 
1569 -0.042976 
1570 -0.430644 
1571 -0.264337 
1572 -0.452926 
1573 -0.297181 
1574 -0.471001 
1575 -0.385159 
1576 0.236469 
1577 -0.075125 
1578 0.220202 
1579 0.132588 
1580 -0.335836 
1581 0.074019 
1582 -0.365951 
1583 0.132588 
1584 0.236469 
1585 -0.039360 
1586 -0.075125 
1587 -0.229819 
1588 0.210657 
1589 -0.471001 
1590 -0.047539 
1591 -0.210100 
1592 -0.015203 
1593 0.165133 
1594 -0.121007 
1595 -0.430644 
1596 0.004081 
1597 0.337807 
1598 0.287998 
1599 -0.065409 
1600 -0.239425 
1601 0.210657 
1602 0.004081 
1603 0.377259 
1604 0.479422 
1605 0.337807 
1606 -0.015203 
1607 0.342312 
1608 -0.286018 
1609 -0.385159 
1610 0.298719 
1611 -0.385159 
1612 -0.021184 
1613 0.221336 
1614 -0.385159 
1615 -0.055611 
1616 -0.055611 
1617 -0.281207 
1618 0.158141 
1619 0.221336 
1620 -0.302566 
1621 -0.229819 
1622 0.372614 
1623 -0.358525 
1624 -0.284684 
1625 0.014846 
1626 0.315801 
1627 -0.199174 
1628 0.477992 
1629 0.193063 
1630 0.365567 
1631 0.379397 
1632 -0.239425 
1633 0.383593 
1634 0.383593 
1635 0.345385 
1636 -0.415220 
1637 -0.352973 
1638 0.014846 
1639 0.379397 
1640 -0.457237 
1641 -0.162874 
1642 -0.415220 
1643 -0.337184 
1644 0.376763 
1645 -0.039360 
1646 -0.055611 
1647 0.379397 
1648 -0.055611 
1649 0.383593 
1650 -0.154322 
1651 0.220202 
1652 0.337807 
1653 -0.039568 
1654 -0.154322 
1655 0.298719 
1656 -0.430644 
1657 -0.162874 
1658 0.233682 
1659 -0.199174 
1660 0.193063 
1661 0.229398 
1662 -0.110648 
1663 -0.471001 
1664 0.222009 
1665 -0.162874 
1666 -0.348341 
1667 -0.385159 
1668 -0.153278 
1669 -0.021184 
1670 -0.490354 
1671 -0.348341 
1672 0.142298 
1673 0.379397 
1674 0.377525 
1675 0.093046 
1676 -0.055611 
1677 -0.335836 
1678 0.345385 
1679 -0.110648 
1680 -0.195554 
1681 -0.302566 
1682 -0.258021 
1683 0.287998 
1684 -0.154322 
1685 -0.283297 
1686 -0.495819 
1687 0.372614 
1688 0.246426 
1689 -0.096728 
1690 -0.490354 
1691 0.315801 
1692 -0.385159 
1693 -0.348975 
1694 -0.283297 
1695 -0.410893 
1696 0.193063 
1697 -0.348341 
1698 -0.153278 
1699 -0.493852 
1700 -0.410893 
1701 0.383593 
1702 0.014846 
1703 -0.286018 
1704 0.381567 
1705 -0.428601 
1706 -0.047539 
1707 0.014846 
1708 0.345385 
1709 -0.339022 
1710 -0.286018 
1711 -0.471001 
1712 -0.412282 
1713 0.157550 
1714 -0.199174 
1715 -0.146004 
1716 0.229398 
1717 -0.385159 
1718 0.193153 
1719 -0.457237 
1720 -0.284684 
1721 0.239409 
1722 -0.471001 
1723 0.280847 
1724 0.246923 
1725 0.315801 
1726 0.287998 
1727 -0.346938 
1728 -0.051674 
1729 -0.286018 
1730 -0.121007 
1731 0.356397 
1732 -0.317731 
1733 0.221336 
1734 -0.471001 
1735 -0.153278 
1736 0.381567 
1737 -0.162874 
1738 0.229398 
1739 0.024343 
1740 -0.084075 
1741 -0.264931 
1742 -0.084075 
1743 0.221336 
1744 -0.471001 
1745 -0.495819 
1746 -0.457237 
1747 -0.302566 
1748 -0.061439 
1749 -0.021184 
1750 -0.410893 
1751 0.365567 
1752 -0.021184 
1753 0.146301 
1754 0.046923 
1755 0.361468 
1756 -0.146004 
1757 0.146301 
1758 -0.317731 
1759 -0.471001 
1760 0.221336 
1761 -0.237936 
1762 0.236469 
1763 -0.315970 
1764 0.024343 
1765 -0.246170 
1766 -0.264931 
1767 0.325043 
1768 -0.302566 
1769 -0.051674 
1770 0.379397 
1771 -0.055611 
1772 -0.246170 
1773 0.246923 
1774 -0.162874 
1775 -0.363326 
1776 -0.042976 
1777 -0.365951 
1778 -0.315970 
1779 -0.415220 
1780 0.185692 
1781 0.185692 
1782 0.337807 
1783 -0.471001 
1784 0.365567 
1785 -0.236859 
1786 -0.055611 
1787 0.258338 
1788 -0.042976 
1789 0.477992 
1790 0.361468 
1791 0.398847 
1792 -0.385159 
1793 0.258338 
1794 0.345385 
1795 -0.498621 
1796 -0.410893 
1797 0.477992 
1798 -0.250714 
1799 -0.281207 
1800 -0.337184 
1801 -0.323824 
1802 0.381567 
1803 0.379397 
1804 -0.199280 
1805 -0.055611 
1806 0.246426 
1807 -0.336213 
1808 -0.264337 
1809 0.356397 
1810 0.105361 
1811 -0.236859 
1812 -0.040806 
1813 -0.337291 
1814 0.142298 
1815 -0.400416 
1816 0.145124 
1817 0.158141 
1818 0.030953 
1819 -0.438475 
1820 -0.385159 
1821 0.319279 
1822 -0.336863 
1823 0.185692 
1824 -0.346938 
1825 -0.450832 
1826 0.294062 
1827 -0.039568 
1828 -0.237936 
1829 0.294939 
1830 -0.336863 
1831 -0.118942 
1832 0.105361 
1833 -0.471001 
1834 0.260539 
1835 0.379397 
1836 -0.021184 
1837 -0.096728 
1838 0.298719 
1839 0.287998 
1840 -0.400416 
1841 -0.337291 
1842 -0.162874 
1843 0.146301 
1844 -0.021184 
1845 -0.135739 
1846 -0.498621 
1847 -0.042976 
1848 -0.385159 
1849 0.026152 
1850 -0.154322 
1851 -0.264931 
1852 -0.460042 
1853 0.114494 
1854 0.046923 
1855 -0.042976 
1856 -0.490354 
1857 0.003305 
1858 -0.153278 
1859 -0.415220 
1860 -0.471001 
1861 0.345385 
1862 -0.495819 
1863 -0.061439 
1864 -0.348341 
1865 -0.118942 
1866 0.024343 
1867 -0.153278 
1868 -0.339022 
1869 -0.055611 
1870 0.372614 
1871 -0.428601 
1872 0.036586 
1873 -0.490354 
1874 -0.276593 
1875 0.039167 
1876 -0.385159 
1877 0.325043 
1878 -0.363326 
1879 -0.153278 
1880 -0.457237 
1881 -0.162874 
1882 -0.315970 
1883 0.356397 
1884 -0.298086 
1885 -0.410893 
1886 0.320968 
1887 -0.246170 
1888 -0.315970 
1889 -0.153278 
1890 -0.385159 
1891 -0.229819 
1892 -0.336863 
1893 -0.015203 
1894 -0.020369 
1895 -0.264931 
1896 -0.236859 
1897 0.342312 
1898 0.246923 
1899 -0.143167 
1900 -0.246170 
1901 0.074019 
1902 -0.154322 
1903 -0.471001 
1904 -0.021184 
1905 -0.438475 
1906 -0.471001 
1907 -0.339022 
1908 0.024343 
1909 0.411523 
1910 0.145124 
1911 0.221336 
1912 0.280847 
1913 0.210657 
1914 0.477992 
1915 -0.471001 
1916 -0.055611 
1917 -0.337184 
1918 0.306210 
1919 0.258338 
1920 0.024343 
1921 0.220202 
1922 0.142298 
1923 -0.337184 
1924 -0.051674 
1925 0.381567 
1926 -0.452926 
1927 -0.452926 
1928 0.424000 
1929 -0.229819 
1930 -0.154322 
1931 -0.385159 
1932 -0.352973 
1933 -0.121007 
1934 0.459108 
1935 -0.162874 
1936 0.477992 
1937 -0.400416 
1938 0.306210 
1939 0.146301 
1940 -0.121007 
1941 -0.237936 
1942 0.140444 
1943 0.105361 
1944 -0.039568 
1945 -0.438475 
1946 0.325043 
1947 0.246426 
1948 -0.308129 
1949 -0.281207 
1950 -0.121007 
1951 0.477992 
1952 -0.002030 
1953 0.199358 
1954 -0.020369 
1955 -0.471001 
1956 -0.264337 
1957 0.024343 
1958 0.145124 
1959 -0.264931 
1960 -0.051674 
1961 0.396282 
1962 0.381567 
1963 -0.315970 
1964 0.388649 
1965 0.376763 
1966 0.210657 
1967 0.145124 
1968 0.036586 
1969 0.320968 
1970 0.039167 
1971 0.158141 
1972 -0.410893 
1973 -0.471001 
1974 -0.260044 
1975 0.405529 
1976 0.157550 
1977 0.320968 
1978 0.157550 
1979 -0.471001 
1980 0.142298 
1981 0.142298 
1982 -0.237936 
1983 0.258338 
1984 -0.040806 
1985 -0.241302 
1986 -0.000267 
1987 -0.281207 
1988 -0.281207 
1989 -0.410893 
1990 0.246923 
1991 -0.315970 
1992 0.157550 
1993 -0.281207 
1994 -0.284684 
1995 0.361080 
1996 -0.162874 
1997 -0.339022 
1998 0.376763 
1999 -0.348341 
2000 0.365567 
2001 -0.215400 
2002 0.193063 
2003 -0.335836 
2004 -0.450832 
2005 -0.061439 
2006 0.030953 
2007 0.030953 
2008 0.376763 
2009 0.477992 
2010 0.193063 
2011 -0.146004 
2012 0.396282 
2013 -0.040806 
2014 -0.348975 
2015 0.157550 
2016 0.142298 
2017 0.365567 
2018 0.246426 
2019 0.289566 
2020 -0.162874 
2021 -0.000267 
2022 -0.055611 
2023 -0.415220 
2024 0.142298 
2025 -0.498682 
2026 0.325043 
2027 -0.471001 
2028 -0.335836 
2029 0.063944 
2030 -0.337291 
2031 -0.490354 
2032 0.003305 
2033 0.411523 
2034 -0.493852 
2035 -0.348341 
2036 -0.415220 
2037 -0.039360 
2038 0.459108 
2039 -0.498621 
2040 -0.061439 
2041 -0.210100 
2042 0.287998 
2043 -0.339022 
2044 0.026152 
2045 -0.452926 
2046 0.477992 
2047 -0.286018 
2048 -0.315970 
2049 0.220202 
2050 0.157550 
2051 -0.276593 
2052 -0.346938 
2053 -0.075125 
2054 -0.498621 
2055 0.003305 
2056 -0.015203 
2057 -0.229819 
2058 0.294939 
2059 0.024343 
2060 -0.246170 
2061 0.377259 
2062 0.280283 
2063 -0.260044 
2064 -0.040806 
2065 -0.415220 
2066 -0.450832 
2067 -0.471001 
2068 0.145124 
2069 0.146301 
2070 0.345385 
2071 0.376763 
2072 0.233682 
2073 -0.348341 
2074 -0.495819 
2075 -0.229819 
2076 -0.229819 
2077 -0.040806 
2078 0.239409 
2079 0.337807 
2080 -0.264931 
2081 -0.337184 
2082 -0.199174 
2083 -0.246170 
2084 0.479422 
2085 0.356397 
2086 -0.229819 
2087 -0.055611 
2088 -0.229819 
2089 0.221336 
2090 0.210657 
2091 -0.237936 
2092 -0.471001 
2093 -0.146004 
2094 -0.336863 
2095 -0.153278 
2096 -0.021184 
2097 -0.281207 
2098 0.345385 
2099 0.361080 
2100 -0.143167 
2101 0.356397 
2102 0.381567 
2103 0.063944 
2104 -0.258021 
2105 -0.302566 
2106 -0.039360 
2107 0.361080 
2108 -0.348975 
2109 -0.055611 
2110 0.477992 
2111 -0.229819 
2112 0.246923 
2113 0.342312 
2114 -0.153278 
2115 -0.075125 
2116 0.246923 
2117 0.221336 
2118 0.246426 
2119 0.280283 
2120 -0.498621 
2121 -0.241302 
2122 -0.315970 
2123 0.046923 
2124 -0.047539 
2125 0.165133 
2126 0.361080 
2127 0.320968 
2128 0.132588 
2129 0.039167 
2130 0.381567 
2131 -0.415220 
2132 -0.297181 
2133 -0.302566 
2134 -0.471001 
2135 -0.302566 
2136 0.320968 
2137 0.294062 
2138 -0.471001 
2139 0.246426 
2140 0.405529 
2141 -0.337291 
2142 -0.438475 
2143 -0.065409 
2144 -0.145601 
2145 -0.281207 
2146 0.319279 
2147 -0.021184 
2148 -0.283297 
2149 0.477992 
2150 -0.438475 
2151 -0.264931 
2152 -0.040806 
2153 -0.498621 
2154 -0.471001 
2155 -0.471001 
2156 -0.385159 
2157 -0.000267 
2158 -0.042976 
2159 -0.084075 
2160 0.221336 
2161 -0.339022 
2162 0.220202 
2163 -0.337291 
2164 -0.297181 
2165 0.287998 
2166 -0.298086 
2167 -0.281207 
2168 0.145124 
2169 -0.400416 
2170 0.146301 
2171 0.320968 
2172 0.345385 
2173 0.361080 
2174 0.287998 
2175 -0.346938 
2176 -0.229819 
2177 0.046923 
2178 -0.424162 
2179 -0.065409 
2180 0.046923 
2181 -0.315970 
2182 -0.055611 
2183 -0.021184 
2184 -0.490354 
2185 -0.438475 
2186 0.046923 
2187 0.141993 
2188 0.477992 
2189 0.193063 
2190 -0.336213 
2191 -0.336863 
2192 -0.055611 
2193 0.145124 
2194 -0.337184 
2195 0.093046 
2196 -0.042976 
2197 -0.051674 
2198 -0.490354 
2199 -0.415220 
2200 -0.385159 
2201 0.145124 
2202 0.105361 
2203 -0.015203 
2204 -0.339022 
2205 0.039167 
2206 0.319279 
2207 -0.452926 
2208 -0.336481 
2209 -0.336863 
2210 -0.498621 
2211 0.430750 
2212 -0.415220 
2213 -0.415220 
2214 -0.065409 
2215 0.246923 
2216 -0.042976 
2217 -0.000267 
2218 0.141993 
2219 -0.471001 
2220 -0.498621 
2221 -0.471001 
2222 -0.040806 
2223 0.411523 
2224 -0.498682 
2225 0.239409 
2226 0.146209 
2227 -0.000267 
2228 -0.102428 
2229 -0.498682 
2230 0.398847 
2231 -0.118942 
2232 -0.065409 
2233 -0.348341 
2234 -0.415220 
2235 0.345385 
2236 0.280847 
2237 -0.452926 
2238 -0.336863 
2239 -0.118942 
2240 -0.308129 
2241 -0.135739 
2242 0.030953 
2243 -0.153278 
2244 -0.162874 
2245 -0.471001 
2246 -0.336863 
2247 0.342312 
2248 -0.290154 
2249 0.145124 
2250 -0.229819 
2251 -0.352973 
2252 -0.498682 
2253 0.146301 
2254 -0.039568 
2255 -0.153278 
2256 -0.415220 
2257 0.398847 
2258 0.411523 
2259 -0.452926 
2260 -0.229819 
2261 0.320968 
2262 -0.490354 
2263 -0.315970 
2264 0.145124 
2265 0.024343 
2266 -0.428601 
2267 0.146209 
2268 -0.146004 
2269 0.381567 
2270 0.258338 
2271 -0.065409 
2272 -0.042976 
2273 -0.450832 
2274 0.221336 
2275 -0.460042 
2276 0.411523 
2277 -0.250714 
2278 0.325043 
2279 -0.476094 
2280 0.372614 
2281 -0.471001 
2282 0.165133 
2283 -0.412282 
2284 -0.039360 
2285 -0.284684 
2286 0.003305 
2287 -0.476094 
2288 0.239409 
2289 -0.264931 
2290 -0.298086 
2291 -0.317731 
2292 0.185692 
2293 -0.415220 
2294 0.280847 
2295 0.306210 
2296 0.236469 
2297 0.477992 
2298 -0.047539 
2299 0.165133 
2300 0.210657 
2301 -0.153278 
2302 -0.229819 
2303 0.114494 
2304 -0.415220 
2305 0.325043 
2306 0.396282 
2307 0.221336 
2308 -0.065409 
2309 0.165133 
2310 -0.239425 
2311 -0.075125 
2312 -0.336863 
2313 0.342312 
