1446 1
0 -2.950040 
1 -0.435896 
2 1.195542 
3 0.715462 
4 0.448692 
5 2.348419 
6 -1.488398 
7 -0.913821 
8 0.292975 
9 1.695792 
10 1.738578 
11 -1.556173 
12 0.423281 
13 1.763508 
14 1.110408 
15 1.371619 
16 1.815958 
17 0.430366 
18 -0.408574 
19 1.773575 
20 0.089142 
21 0.248088 
22 1.755427 
23 1.950360 
24 -1.992431 
25 -0.664431 
26 2.328301 
27 -0.293153 
28 0.625709 
29 1.115981 
30 2.105221 
31 0.409287 
32 0.040267 
33 1.182826 
34 2.016221 
35 0.785625 
36 -1.856093 
37 -2.193075 
38 1.570768 
39 0.675554 
40 1.822564 
41 -0.061176 
42 0.768517 
43 1.231457 
44 -0.019337 
45 1.387600 
46 2.180678 
47 0.767672 
48 -1.407631 
49 1.677677 
50 0.588321 
51 -0.317112 
52 -2.042290 
53 2.423258 
54 -0.598526 
55 -0.465996 
56 2.082476 
57 0.877242 
58 -0.670370 
59 -1.912820 
60 -0.144140 
61 -1.823309 
62 2.407770 
63 -0.227152 
64 0.617930 
65 1.390432 
66 0.436221 
67 1.935330 
68 0.633659 
69 2.251294 
70 -0.015902 
71 1.258271 
72 -0.586957 
73 -1.061033 
74 2.624292 
75 -1.189666 
76 0.859084 
77 -2.020065 
78 0.957322 
79 1.937953 
80 -2.013685 
81 2.208924 
82 -1.053439 
83 0.167450 
84 -2.393225 
85 -0.165696 
86 1.218216 
87 0.674365 
88 0.745860 
89 2.126539 
90 -1.994330 
91 0.450142 
92 0.599963 
93 1.201622 
94 1.422653 
95 1.008614 
96 2.397907 
97 0.328519 
98 1.058830 
99 -0.674671 
100 0.049040 
101 0.567658 
102 2.430768 
103 -0.296107 
104 -0.110000 
105 0.128001 
106 2.120204 
107 1.513542 
108 0.209057 
109 -2.264874 
110 1.958707 
111 -0.324438 
112 1.695935 
113 0.000910 
114 2.087371 
115 -0.086159 
116 1.521523 
117 1.575641 
118 0.679576 
119 0.621922 
120 -1.022243 
121 1.022016 
122 0.968145 
123 2.142819 
124 1.888743 
125 -1.692295 
126 0.207010 
127 1.189909 
128 -1.739983 
129 -0.397938 
130 -1.691189 
131 1.963073 
132 1.098044 
133 1.344950 
134 0.662419 
135 1.310248 
136 -1.154694 
137 2.239788 
138 0.746387 
139 0.951232 
140 1.875236 
141 -0.409161 
142 1.498425 
143 0.751385 
144 2.101373 
145 -0.832126 
146 1.051653 
147 1.265495 
148 0.286825 
149 1.907206 
150 0.716277 
151 0.507811 
152 -0.833657 
153 1.870764 
154 -1.396404 
155 -2.291320 
156 0.120992 
157 0.414753 
158 -2.738173 
159 1.737185 
160 0.576417 
161 1.930546 
162 -2.514279 
163 -0.541527 
164 1.719592 
165 -1.729192 
166 1.524737 
167 -0.909945 
168 -2.862743 
169 -0.348464 
170 0.179275 
171 1.625590 
172 1.377260 
173 0.709825 
174 -0.017064 
175 2.094419 
176 2.587817 
177 0.625069 
178 0.083829 
179 0.121762 
180 1.605331 
181 -0.203244 
182 -1.676668 
183 1.820628 
184 0.947348 
185 1.728636 
186 1.581013 
187 -0.078104 
188 -0.128175 
189 -0.454099 
190 1.123057 
191 2.663800 
192 1.605622 
193 -0.185993 
194 -0.439470 
195 -2.488044 
196 1.519423 
197 -1.446606 
198 0.991919 
199 -2.692633 
200 -0.006483 
201 2.291419 
202 1.315694 
203 0.501808 
204 1.013565 
205 -0.287730 
206 1.354311 
207 -3.057542 
208 0.946280 
209 -0.992490 
210 1.765863 
211 1.730652 
212 1.916022 
213 1.241120 
214 1.099251 
215 0.175136 
216 1.698758 
217 0.231441 
218 0.904301 
219 1.621162 
220 2.363470 
221 -1.152153 
222 1.065584 
223 -1.623629 
224 0.018587 
225 1.495093 
226 -0.357829 
227 1.676737 
228 0.958464 
229 1.667572 
230 1.091481 
231 1.137405 
232 -1.225833 
233 1.187704 
234 1.068078 
235 1.716303 
236 -2.327536 
237 -1.744291 
238 0.471891 
239 1.715722 
240 2.167179 
241 1.180935 
242 -0.399320 
243 -1.590994 
244 1.279352 
245 -0.968334 
246 1.161794 
247 0.566560 
248 1.043292 
249 1.680388 
250 0.290865 
251 1.549905 
252 1.887680 
253 1.532436 
254 -0.784509 
255 0.833239 
256 2.436198 
257 0.578343 
258 -0.536921 
259 -1.927656 
260 2.163659 
261 0.759954 
262 0.820781 
263 -0.631293 
264 1.040225 
265 0.647279 
266 0.534333 
267 1.752324 
268 -2.211180 
269 0.084337 
270 1.986928 
271 -1.281414 
272 -1.573241 
273 0.643984 
274 1.367143 
275 1.542818 
276 2.403948 
277 0.115533 
278 0.702760 
279 -1.068733 
280 -0.044565 
281 -1.491221 
282 0.568017 
283 2.313448 
284 -1.930825 
285 2.019441 
286 -1.924458 
287 -0.365986 
288 1.494816 
289 0.303465 
290 1.687064 
291 0.801746 
292 0.856803 
293 -1.608419 
294 2.125133 
295 0.988645 
296 1.632262 
297 0.938929 
298 0.685131 
299 1.445186 
300 -1.562155 
301 0.773289 
302 1.605003 
303 1.066359 
304 -1.839099 
305 -0.879442 
306 2.480282 
307 1.183149 
308 1.742033 
309 -0.212621 
310 1.299467 
311 -1.451469 
312 -1.536440 
313 -1.054967 
314 1.438723 
315 1.290428 
316 -1.840979 
317 -0.218235 
318 1.719049 
319 1.348982 
320 0.630952 
321 -1.274991 
322 2.454201 
323 0.292381 
324 0.028473 
325 0.856156 
326 1.542958 
327 1.949664 
328 1.294947 
329 1.916604 
330 0.433971 
331 -1.640923 
332 -2.538919 
333 0.481235 
334 -2.136488 
335 0.411290 
336 1.924071 
337 0.585553 
338 -0.574060 
339 1.753258 
340 1.147577 
341 1.131126 
342 -1.797647 
343 1.639933 
344 0.883080 
345 -0.494283 
346 1.777891 
347 1.431638 
348 0.431422 
349 2.219241 
350 1.145560 
351 0.242562 
352 1.572754 
353 -0.973720 
354 1.757957 
355 -1.669063 
356 -1.613468 
357 2.535478 
358 -0.069582 
359 -0.293668 
360 -1.084312 
361 1.990120 
362 -2.289108 
363 -0.314472 
364 1.150243 
365 1.449288 
366 -0.726352 
367 -2.418254 
368 -0.643586 
369 -2.205316 
370 2.255965 
371 -1.397406 
372 0.449690 
373 1.254559 
374 1.710324 
375 -2.168908 
376 -0.328252 
377 -1.415285 
378 1.802661 
379 1.141507 
380 0.912713 
381 1.127260 
382 0.304810 
383 2.090504 
384 -1.408597 
385 1.347177 
386 1.391154 
387 1.387039 
388 -0.552357 
389 0.272890 
390 2.008435 
391 1.734503 
392 1.137612 
393 -1.397530 
394 -0.937968 
395 2.058392 
396 2.298776 
397 0.984132 
398 -0.745916 
399 -1.295203 
400 1.572803 
401 1.648484 
402 0.107774 
403 1.033759 
404 0.986497 
405 2.004638 
406 0.905636 
407 0.655983 
408 -1.244311 
409 -0.048878 
410 2.429299 
411 0.457508 
412 1.343775 
413 -1.317525 
414 1.246547 
415 1.544583 
416 1.451395 
417 1.805576 
418 -0.596094 
419 -2.005251 
420 1.309998 
421 1.319943 
422 -1.016797 
423 1.699790 
424 1.153405 
425 1.016551 
426 0.736436 
427 1.615152 
428 -0.902250 
429 1.823130 
430 0.889450 
431 1.498193 
432 -1.657488 
433 -1.958978 
434 2.181581 
435 0.194287 
436 1.363689 
437 0.731391 
438 -0.088511 
439 2.076523 
440 0.812979 
441 -1.185239 
442 1.212012 
443 1.947925 
444 1.797305 
445 0.139535 
446 0.025138 
447 1.720920 
448 1.465261 
449 1.689440 
450 1.031096 
451 0.603960 
452 1.338449 
453 0.782644 
454 1.835816 
455 0.799008 
456 -1.021827 
457 1.426011 
458 2.189733 
459 0.391151 
460 1.474296 
461 -0.867148 
462 1.287780 
463 -2.082004 
464 1.101149 
465 1.184225 
466 1.667606 
467 0.724271 
468 1.815561 
469 -1.128826 
470 -2.124834 
471 0.555047 
472 1.366973 
473 0.288576 
474 -1.264874 
475 1.710073 
476 1.013520 
477 0.451198 
478 1.078735 
479 1.537779 
480 1.193366 
481 0.491438 
482 1.702438 
483 1.320018 
484 1.288422 
485 -0.066764 
486 1.128868 
487 1.858552 
488 0.980378 
489 -1.490775 
490 1.656954 
491 1.631387 
492 1.180517 
493 2.043940 
494 -1.305434 
495 0.416897 
496 1.665273 
497 -0.204198 
498 0.546302 
499 1.782585 
500 1.376956 
501 -1.482404 
502 1.806550 
503 -1.858041 
504 1.960924 
505 1.626464 
506 -0.985966 
507 0.258090 
508 -1.390139 
509 1.938104 
510 -2.230296 
511 -1.672090 
512 2.002676 
513 1.446188 
514 0.162068 
515 0.538139 
516 -0.420220 
517 1.076699 
518 -0.555725 
519 2.582066 
520 1.902614 
521 1.116929 
522 1.641942 
523 -0.356606 
524 -0.727258 
525 1.953327 
526 1.608759 
527 -0.009066 
528 -1.757858 
529 1.603656 
530 -2.756437 
531 -0.923318 
532 1.301553 
533 0.544329 
534 1.615023 
535 -2.231173 
536 -0.520184 
537 1.589182 
538 2.234703 
539 -0.659458 
540 2.277056 
541 1.100237 
542 0.927070 
543 -0.764376 
544 1.879881 
545 1.293023 
546 1.189991 
547 -0.892576 
548 0.626030 
549 1.710544 
550 -1.809201 
551 1.071287 
552 1.007964 
553 1.255301 
554 1.971429 
555 -1.089608 
556 0.573213 
557 -1.139497 
558 1.568944 
559 1.976709 
560 1.582703 
561 1.248646 
562 -0.803199 
563 1.384673 
564 1.480226 
565 1.516390 
566 1.041732 
567 0.941051 
568 1.605560 
569 -2.482058 
570 -1.019751 
571 0.234671 
572 -0.692706 
573 -2.619037 
574 1.207790 
575 -1.853985 
576 1.211426 
577 2.175856 
578 -1.475842 
579 0.540770 
580 1.798305 
581 1.430583 
582 0.484121 
583 -1.511625 
584 1.845204 
585 0.005770 
586 1.799066 
587 0.683134 
588 -0.696519 
589 1.715963 
590 0.316375 
591 -2.311077 
592 0.593907 
593 -0.671168 
594 1.830479 
595 1.669762 
596 1.473661 
597 1.613020 
598 -1.457909 
599 0.726176 
600 1.795857 
601 1.786345 
602 -0.984339 
603 0.997266 
604 1.295289 
605 2.276203 
606 0.544569 
607 -0.091814 
608 1.091102 
609 0.604559 
610 1.639458 
611 1.389012 
612 1.019242 
613 1.095708 
614 1.663350 
615 1.062021 
616 1.939239 
617 0.650109 
618 -0.163996 
619 1.403892 
620 1.098417 
621 -1.267312 
622 1.594391 
623 0.202605 
624 0.149762 
625 1.906178 
626 0.790443 
627 1.457311 
628 1.119629 
629 2.394701 
630 0.566479 
631 -0.250472 
632 1.927264 
633 1.519083 
634 -0.541225 
635 0.763044 
636 2.800049 
637 -0.252210 
638 0.586544 
639 -0.395986 
640 0.262107 
641 2.509181 
642 -1.665991 
643 0.521182 
644 0.058340 
645 2.807318 
646 -0.753538 
647 0.758000 
648 -0.124899 
649 -0.260405 
650 2.040549 
651 1.952714 
652 1.703481 
653 0.120216 
654 0.976877 
655 1.455957 
656 -2.508975 
657 1.163970 
658 -2.603717 
659 -1.300888 
660 -2.470822 
661 -0.359428 
662 1.801000 
663 1.225997 
664 -1.393310 
665 0.532666 
666 0.376555 
667 2.527335 
668 -0.235901 
669 0.594995 
670 0.508043 
671 1.921886 
672 1.605125 
673 -0.537361 
674 1.991297 
675 0.462927 
676 -2.785886 
677 -0.119454 
678 1.586529 
679 1.096971 
680 -0.764895 
681 1.986713 
682 -0.074542 
683 1.807754 
684 2.375013 
685 0.395876 
686 1.118264 
687 0.109341 
688 -0.566434 
689 -0.824318 
690 -0.681834 
691 -3.863564 
692 1.612457 
693 0.269369 
694 1.459364 
695 0.929362 
696 0.705588 
697 0.344491 
698 2.662186 
699 -0.308192 
700 0.769355 
701 1.104021 
702 0.129608 
703 2.189857 
704 0.714380 
705 2.608346 
706 0.555875 
707 -1.321513 
708 -0.546869 
709 1.285958 
710 2.591630 
711 -0.916532 
712 0.299624 
713 1.072633 
714 2.659700 
715 -0.486318 
716 1.682757 
717 0.371535 
718 1.834418 
719 -1.122405 
720 2.892615 
721 0.903000 
722 -0.469318 
723 -0.182191 
724 -0.289793 
725 -1.996909 
726 0.916605 
727 2.134228 
728 1.486911 
729 1.202619 
730 1.280778 
731 0.111951 
732 0.523833 
733 -1.067852 
734 0.967731 
735 2.425145 
736 -0.306380 
737 1.126731 
738 2.786636 
739 -0.249544 
740 0.256929 
741 -1.082567 
742 1.594435 
743 1.912228 
744 0.250862 
745 1.068237 
746 2.279974 
747 0.958601 
748 1.100987 
749 1.615005 
750 -1.986207 
751 0.879239 
752 1.202619 
753 -0.229960 
754 1.895971 
755 1.223422 
756 2.486073 
757 1.110945 
758 0.033190 
759 -0.501017 
760 2.132062 
761 -0.333393 
762 1.175488 
763 0.916845 
764 1.192592 
765 -2.510643 
766 1.668661 
767 0.411624 
768 2.119284 
769 -2.294431 
770 0.525959 
771 -0.456064 
772 -0.706113 
773 1.438774 
774 0.548495 
775 1.986976 
776 -0.390082 
777 -0.969706 
778 2.100121 
779 1.229839 
780 1.497737 
781 0.838242 
782 1.812999 
783 -0.417918 
784 -1.862151 
785 0.830413 
786 1.090365 
787 -3.184788 
788 -0.731752 
789 -1.309275 
790 2.644649 
791 0.625502 
792 2.534479 
793 -1.279918 
794 0.600165 
795 0.059706 
796 -1.958172 
797 -1.045546 
798 -2.077638 
799 2.039968 
800 -0.258641 
801 0.590762 
802 2.531796 
803 0.709907 
804 2.543401 
805 0.956128 
806 -0.940742 
807 -0.195102 
808 -2.761737 
809 -0.150197 
810 -1.949674 
811 -1.674368 
812 -0.350496 
813 2.410087 
814 1.053006 
815 -1.787298 
816 -1.058206 
817 -0.853619 
818 -1.235445 
819 2.701749 
820 -0.721094 
821 0.313628 
822 2.177635 
823 1.403397 
824 1.074539 
825 2.395504 
826 0.303695 
827 -0.784218 
828 1.934517 
829 1.074940 
830 0.816796 
831 0.850434 
832 -0.435930 
833 2.747679 
834 0.018784 
835 0.996801 
836 -1.452046 
837 2.702656 
838 -1.687563 
839 0.048903 
840 0.844677 
841 0.596294 
842 2.515697 
843 -0.840352 
844 0.098324 
845 1.983678 
846 -1.787357 
847 -2.364965 
848 1.194898 
849 0.962539 
850 0.754078 
851 1.837302 
852 1.751937 
853 1.630508 
854 0.432625 
855 0.481976 
856 0.249173 
857 -2.547534 
858 -2.321752 
859 1.562557 
860 1.217426 
861 0.210602 
862 -1.264385 
863 2.305012 
864 1.760242 
865 -0.718819 
866 1.701399 
867 0.810151 
868 0.528423 
869 1.828601 
870 1.944336 
871 -0.717881 
872 0.170159 
873 1.961741 
874 -1.001553 
875 1.670431 
876 0.644288 
877 2.121629 
878 -2.058516 
879 0.442647 
880 0.405407 
881 0.887758 
882 0.943137 
883 2.231745 
884 2.601812 
885 0.419757 
886 -0.125131 
887 0.861969 
888 2.636715 
889 -0.845839 
890 -0.654030 
891 1.203037 
892 2.875238 
893 0.293256 
894 -1.413507 
895 -0.532961 
896 1.147399 
897 1.066703 
898 1.024316 
899 1.414547 
900 -0.451209 
901 2.964706 
902 0.839623 
903 -0.021696 
904 0.912406 
905 -0.466155 
906 1.200010 
907 2.194936 
908 2.409663 
909 1.494230 
910 -0.537905 
911 -0.981241 
912 0.755202 
913 0.151590 
914 2.035526 
915 1.329740 
916 -0.984635 
917 1.296788 
918 1.680091 
919 -2.032734 
920 -0.303480 
921 -1.515841 
922 0.080657 
923 2.944279 
924 2.810425 
925 0.861038 
926 0.010894 
927 -1.001371 
928 0.005336 
929 1.793959 
930 1.643652 
931 0.683207 
932 0.077439 
933 2.575607 
934 0.888228 
935 -1.311204 
936 1.704388 
937 -0.705661 
938 0.845072 
939 1.600433 
940 -3.535763 
941 -0.680140 
942 -1.227517 
943 1.639457 
944 -2.333274 
945 1.670999 
946 0.596801 
947 0.028978 
948 0.711574 
949 1.366534 
950 1.846908 
951 0.853010 
952 1.923257 
953 1.779015 
954 0.003085 
955 0.201827 
956 -2.617105 
957 2.215022 
958 -0.249160 
959 -0.784671 
960 1.656093 
961 -0.056663 
962 2.337009 
963 0.380507 
964 0.669813 
965 0.742749 
966 2.256088 
967 0.804863 
968 0.469459 
969 0.068768 
970 -2.275971 
971 2.173909 
972 1.054336 
973 0.463272 
974 0.213659 
975 2.536175 
976 -2.763448 
977 0.519702 
978 2.146378 
979 1.101913 
980 -0.433109 
981 0.488770 
982 3.251060 
983 -0.802071 
984 2.265548 
985 0.856951 
986 0.971830 
987 -1.332873 
988 0.595791 
989 1.295492 
990 1.334007 
991 1.110010 
992 0.303977 
993 0.848949 
994 1.279973 
995 2.073788 
996 0.695825 
997 2.620456 
998 -1.734919 
999 0.051119 
1000 1.641273 
1001 1.826871 
1002 0.489479 
1003 0.252643 
1004 -0.271950 
1005 0.479046 
1006 -2.712292 
1007 2.079154 
1008 1.869782 
1009 0.327535 
1010 -0.279468 
1011 1.907490 
1012 -0.583020 
1013 -0.052733 
1014 2.867238 
1015 0.989895 
1016 0.241373 
1017 -2.094100 
1018 -1.187551 
1019 1.450996 
1020 0.553599 
1021 2.383080 
1022 1.091198 
1023 -1.090544 
1024 1.044401 
1025 2.221931 
1026 -1.985589 
1027 -1.087090 
1028 1.939257 
1029 -0.960947 
1030 1.510861 
1031 1.000232 
1032 1.028243 
1033 0.989449 
1034 1.510809 
1035 1.188547 
1036 -2.431555 
1037 -2.735793 
1038 0.497958 
1039 -1.504595 
1040 -1.672246 
1041 1.231970 
1042 -2.092970 
1043 1.324499 
1044 0.262550 
1045 1.966604 
1046 1.734053 
1047 -0.004313 
1048 -0.707598 
1049 1.921034 
1050 1.908999 
1051 -0.086765 
1052 0.254293 
1053 0.284851 
1054 -2.969723 
1055 1.443437 
1056 -1.512368 
1057 -0.504832 
1058 1.207478 
1059 2.247423 
1060 0.465299 
1061 1.459516 
1062 -2.653065 
1063 1.068884 
1064 1.892604 
1065 1.103862 
1066 1.343728 
1067 0.111356 
1068 1.574340 
1069 0.223923 
1070 0.961048 
1071 1.569350 
1072 1.338354 
1073 -0.269199 
1074 1.900649 
1075 1.241901 
1076 1.536526 
1077 1.530567 
1078 1.197221 
1079 -1.647338 
1080 0.594278 
1081 1.032667 
1082 2.305383 
1083 -1.112837 
1084 1.421146 
1085 -0.171220 
1086 0.923128 
1087 1.964398 
1088 1.524427 
1089 -2.619499 
1090 1.193646 
1091 -1.586823 
1092 -1.368920 
1093 2.853237 
1094 0.286363 
1095 -0.714566 
1096 0.699259 
1097 -3.217531 
1098 -1.252847 
1099 -0.556719 
1100 1.845220 
1101 -0.895206 
1102 1.880169 
1103 -0.741179 
1104 0.110422 
1105 0.701441 
1106 -3.047829 
1107 -0.346867 
1108 -1.062167 
1109 -0.488439 
1110 2.144318 
1111 1.709017 
1112 -0.468506 
1113 2.230347 
1114 1.535076 
1115 -1.205446 
1116 -1.698652 
1117 1.804681 
1118 1.089529 
1119 1.198291 
1120 1.337611 
1121 1.051858 
1122 -0.763278 
1123 1.702842 
1124 -0.873727 
1125 2.449821 
1126 -1.476808 
1127 1.074562 
1128 1.741273 
1129 -0.153225 
1130 1.549746 
1131 -2.118878 
1132 -1.733834 
1133 1.689565 
1134 1.256386 
1135 1.359799 
1136 -2.113282 
1137 1.918987 
1138 0.844818 
1139 1.022476 
1140 1.300153 
1141 1.823942 
1142 -0.158814 
1143 1.403046 
1144 1.170256 
1145 -0.927550 
1146 2.519267 
1147 -0.254499 
1148 1.652214 
1149 1.161840 
1150 0.941789 
1151 1.252286 
1152 1.921811 
1153 0.603229 
1154 0.617277 
1155 1.408736 
1156 0.490462 
1157 0.609839 
1158 2.702719 
1159 -0.819136 
1160 0.849822 
1161 1.103925 
1162 -1.437208 
1163 1.962776 
1164 2.018597 
1165 -1.384567 
1166 -1.169816 
1167 -2.725698 
1168 -0.232617 
1169 -1.479502 
1170 1.099027 
1171 2.452060 
1172 -0.863949 
1173 2.217515 
1174 1.693071 
1175 -0.415887 
1176 -1.792528 
1177 2.243275 
1178 -0.859196 
1179 -2.340732 
1180 -2.057724 
1181 0.293366 
1182 1.604231 
1183 0.893159 
1184 -0.561388 
1185 2.226660 
1186 1.638324 
1187 -0.131025 
1188 -1.258123 
1189 -0.370023 
1190 -0.100751 
1191 2.891271 
1192 1.228476 
1193 -0.436810 
1194 -1.460680 
1195 2.366184 
1196 1.522288 
1197 0.066524 
1198 0.577097 
1199 2.030656 
1200 2.654129 
1201 0.171536 
1202 0.585327 
1203 -1.175676 
1204 2.082498 
1205 -1.399045 
1206 1.466261 
1207 -0.899322 
1208 2.584864 
1209 0.700076 
1210 -0.371009 
1211 0.643676 
1212 2.646536 
1213 0.462421 
1214 0.319061 
1215 -1.306752 
1216 -0.178312 
1217 1.403611 
1218 -2.470169 
1219 1.834379 
1220 -0.063009 
1221 1.622802 
1222 1.654341 
1223 1.374788 
1224 0.454531 
1225 2.015516 
1226 1.292447 
1227 -2.147854 
1228 0.529767 
1229 -1.258459 
1230 -1.148072 
1231 2.709626 
1232 -1.148789 
1233 0.290422 
1234 0.173878 
1235 2.891859 
1236 -0.232125 
1237 2.959496 
1238 0.270558 
1239 -1.567179 
1240 0.205857 
1241 0.182806 
1242 0.696157 
1243 2.727437 
1244 0.219307 
1245 -0.530702 
1246 -0.750154 
1247 3.157125 
1248 -0.305901 
1249 -1.142915 
1250 2.437407 
1251 1.296589 
1252 -0.078344 
1253 2.387199 
1254 -2.117221 
1255 0.668389 
1256 -0.069510 
1257 -2.302866 
1258 -0.693361 
1259 2.708412 
1260 2.272227 
1261 1.329913 
1262 -1.047658 
1263 0.614000 
1264 2.833534 
1265 0.167965 
1266 -1.326438 
1267 0.171864 
1268 2.337091 
1269 -0.155689 
1270 1.541834 
1271 -1.217399 
1272 -1.103081 
1273 -2.974665 
1274 1.115472 
1275 0.709600 
1276 2.080633 
1277 -1.747487 
1278 -0.570757 
1279 1.615150 
1280 0.137364 
1281 1.171593 
1282 0.525375 
1283 2.345058 
1284 0.672858 
1285 0.134298 
1286 2.843058 
1287 -0.026506 
1288 -2.630807 
1289 1.605881 
1290 0.797136 
1291 0.955771 
1292 0.701132 
1293 -2.599730 
1294 -1.128117 
1295 1.355480 
1296 2.727097 
1297 0.383378 
1298 -0.954384 
1299 -1.452609 
1300 -0.258802 
1301 0.508765 
1302 2.318532 
1303 1.186583 
1304 -0.262393 
1305 0.375962 
1306 1.957506 
1307 1.631389 
1308 -0.414447 
1309 1.139099 
1310 1.188624 
1311 2.074308 
1312 1.867836 
1313 1.583593 
1314 -1.153275 
1315 0.595815 
1316 -1.019812 
1317 -1.842049 
1318 1.702520 
1319 1.295883 
1320 0.956308 
1321 0.463281 
1322 -2.069826 
1323 1.404269 
1324 -0.338951 
1325 -2.600745 
1326 -2.538743 
1327 0.547697 
1328 -0.514740 
1329 2.354282 
1330 0.575979 
1331 1.204723 
1332 -0.698634 
1333 1.845365 
1334 1.931996 
1335 0.404640 
1336 0.486533 
1337 0.745186 
1338 1.970408 
1339 1.383536 
1340 1.097580 
1341 0.807076 
1342 0.593962 
1343 1.866487 
1344 1.188033 
1345 2.117392 
1346 -0.737395 
1347 1.235690 
1348 -1.444555 
1349 -2.846807 
1350 2.416906 
1351 0.053722 
1352 -0.469769 
1353 2.364958 
1354 0.654877 
1355 1.268521 
1356 1.102683 
1357 2.596855 
1358 -1.100592 
1359 -0.456384 
1360 2.119921 
1361 1.707558 
1362 -0.679157 
1363 -0.371208 
1364 1.899250 
1365 0.487824 
1366 1.719920 
1367 0.197674 
1368 0.184167 
1369 -0.238414 
1370 3.218684 
1371 -0.451724 
1372 1.197099 
1373 1.754306 
1374 0.943607 
1375 0.456006 
1376 1.863423 
1377 -0.418396 
1378 -0.839718 
1379 1.933895 
1380 1.917935 
1381 0.528334 
1382 -1.773025 
1383 1.529670 
1384 0.265038 
1385 1.965171 
1386 1.390605 
1387 0.725201 
1388 -2.089289 
1389 1.575814 
1390 1.773000 
1391 -0.784570 
1392 -0.365865 
1393 0.905353 
1394 -0.305954 
1395 2.851561 
1396 -0.889040 
1397 0.866427 
1398 2.446924 
1399 0.741349 
1400 0.047067 
1401 -0.516239 
1402 0.774316 
1403 2.929760 
1404 2.525870 
1405 0.308585 
1406 -0.702631 
1407 1.244120 
1408 -0.044196 
1409 2.037228 
1410 0.814352 
1411 1.465764 
1412 1.678328 
1413 0.325830 
1414 1.186308 
1415 1.293944 
1416 0.378190 
1417 2.066863 
1418 -1.797398 
1419 1.104838 
1420 -0.410790 
1421 -0.555285 
1422 1.647105 
1423 2.172696 
1424 1.964213 
1425 -0.452895 
1426 -0.314410 
1427 1.814706 
1428 -2.537773 
1429 0.788095 
1430 1.902393 
1431 -0.875943 
1432 -2.026599 
1433 -1.710499 
1434 1.961227 
1435 0.933732 
1436 1.655028 
1437 1.454528 
1438 1.059889 
1439 -1.164984 
1440 0.888779 
1441 1.109577 
1442 1.154890 
1443 -1.611761 
1444 2.750968 
1445 -0.371247 
