39 1
0 0.385562 
1 0.252683 
2 0.215309 
3 0.430680 
4 -0.471762 
5 -0.412995 
6 -0.109563 
7 -0.447679 
8 0.408600 
9 -0.378321 
10 -0.295718 
11 0.156941 
12 -0.265175 
13 0.099154 
14 -0.275424 
15 0.427565 
16 -0.340579 
17 0.048666 
18 0.493186 
19 0.428646 
20 -0.080335 
21 -0.086708 
22 -0.206075 
23 0.156537 
24 -0.336954 
25 0.086220 
26 -0.247559 
27 0.468843 
28 -0.462267 
29 0.400216 
30 0.336627 
31 -0.376429 
32 0.385562 
33 0.252683 
34 0.215309 
35 0.430680 
36 -0.471762 
37 -0.412995 
38 -0.109563 
