5962 1
0 -0.391073 
1 -0.391073 
2 -0.391073 
3 -0.391073 
4 0.195763 
5 0.195763 
6 0.195763 
7 0.195763 
8 0.195763 
9 0.195763 
10 0.195763 
11 0.195763 
12 -0.242288 
13 -0.242288 
14 -0.242288 
15 -0.242288 
16 0.003645 
17 0.003645 
18 0.003645 
19 0.003645 
20 0.003645 
21 0.003645 
22 0.003645 
23 0.003645 
24 0.003645 
25 0.003645 
26 0.391165 
27 0.391165 
28 -0.391073 
29 0.391165 
30 0.391165 
31 -0.391073 
32 -0.391073 
33 -0.391073 
34 0.195763 
35 0.195763 
36 0.195763 
37 0.195763 
38 0.195763 
39 0.195763 
40 0.195763 
41 0.195763 
42 0.195763 
43 0.195763 
44 -0.242288 
45 -0.242288 
46 -0.242288 
47 -0.242288 
48 -0.242288 
49 -0.242288 
50 -0.242288 
51 -0.242288 
52 0.003645 
53 0.003645 
54 0.003645 
55 0.003645 
56 0.003645 
57 0.003645 
58 0.003645 
59 0.003645 
60 0.003645 
61 0.003645 
62 0.003645 
63 0.391165 
64 0.391165 
65 0.391165 
66 0.391165 
67 0.391165 
68 -0.391073 
69 -0.391073 
70 -0.391073 
71 -0.391073 
72 -0.391073 
73 -0.391073 
74 0.195763 
75 0.195763 
76 0.195763 
77 0.195763 
78 0.195763 
79 0.195763 
80 0.195763 
81 -0.333582 
82 -0.333582 
83 -0.242288 
84 -0.242288 
85 -0.242288 
86 -0.242288 
87 -0.242288 
88 -0.242288 
89 -0.242288 
90 -0.242288 
91 -0.242288 
92 0.003645 
93 -0.242288 
94 -0.242288 
95 0.003645 
96 0.003645 
97 0.003645 
98 0.003645 
99 0.003645 
100 0.391165 
101 0.391165 
102 0.391165 
103 0.391165 
104 0.391165 
105 0.391165 
106 0.391165 
107 0.391165 
108 -0.391073 
109 0.391165 
110 0.391165 
111 -0.391073 
112 -0.391073 
113 -0.391073 
114 0.195763 
115 -0.333582 
116 -0.333582 
117 0.195763 
118 0.195763 
119 0.195763 
120 -0.333582 
121 -0.333582 
122 -0.333582 
123 -0.242288 
124 -0.242288 
125 -0.242288 
126 -0.242288 
127 -0.242288 
128 -0.242288 
129 -0.242288 
130 -0.242288 
131 -0.242288 
132 0.003645 
133 -0.242288 
134 -0.242288 
135 0.003645 
136 0.003645 
137 0.391165 
138 0.391165 
139 0.391165 
140 0.391165 
141 0.391165 
142 0.391165 
143 0.391165 
144 0.391165 
145 0.391165 
146 0.391165 
147 0.391165 
148 0.391165 
149 -0.391073 
150 -0.391073 
151 -0.391073 
152 -0.333582 
153 -0.333582 
154 -0.333582 
155 -0.333582 
156 -0.333582 
157 0.195763 
158 -0.333582 
159 -0.333582 
160 -0.333582 
161 -0.333582 
162 -0.333582 
163 -0.242288 
164 -0.333582 
165 -0.333582 
166 -0.242288 
167 -0.333582 
168 -0.333582 
169 0.003645 
170 -0.242288 
171 -0.242288 
172 0.003645 
173 0.003645 
174 0.391165 
175 0.391165 
176 0.391165 
177 0.391165 
178 0.391165 
179 0.391165 
180 0.391165 
181 0.391165 
182 0.391165 
183 0.391165 
184 0.391165 
185 0.391165 
186 0.391165 
187 0.391165 
188 -0.391073 
189 -0.214801 
190 -0.214801 
191 -0.333582 
192 -0.333582 
193 -0.333582 
194 -0.333582 
195 -0.333582 
196 -0.333582 
197 -0.333582 
198 -0.333582 
199 -0.333582 
200 -0.333582 
201 -0.333582 
202 -0.333582 
203 -0.333582 
204 -0.333582 
205 -0.333582 
206 -0.333582 
207 -0.333582 
208 -0.333582 
209 -0.333582 
210 -0.333582 
211 0.391165 
212 0.391165 
213 0.391165 
214 0.391165 
215 0.391165 
216 0.391165 
217 0.391165 
218 0.391165 
219 0.391165 
220 0.391165 
221 0.391165 
222 0.391165 
223 0.391165 
224 0.391165 
225 0.391165 
226 -0.214801 
227 -0.214801 
228 -0.214801 
229 -0.214801 
230 -0.214801 
231 -0.333582 
232 -0.214801 
233 -0.214801 
234 -0.333582 
235 -0.214801 
236 -0.214801 
237 -0.333582 
238 -0.333582 
239 -0.333582 
240 -0.333582 
241 -0.333582 
242 -0.333582 
243 -0.333582 
244 -0.333582 
245 -0.333582 
246 -0.333582 
247 -0.333582 
248 0.391165 
249 0.391165 
250 0.391165 
251 0.391165 
252 0.391165 
253 0.391165 
254 0.391165 
255 0.391165 
256 0.391165 
257 0.391165 
258 0.391165 
259 0.391165 
260 0.391165 
261 0.391165 
262 0.391165 
263 0.391165 
264 0.391165 
265 -0.214801 
266 -0.214801 
267 -0.214801 
268 -0.214801 
269 -0.214801 
270 -0.214801 
271 -0.214801 
272 -0.214801 
273 -0.214801 
274 -0.214801 
275 -0.214801 
276 -0.214801 
277 -0.333582 
278 -0.214801 
279 -0.214801 
280 -0.333582 
281 -0.333582 
282 -0.333582 
283 -0.333582 
284 -0.333582 
285 0.391165 
286 0.391165 
287 0.391165 
288 0.391165 
289 0.391165 
290 0.391165 
291 0.391165 
292 0.391165 
293 0.391165 
294 0.391165 
295 0.391165 
296 0.391165 
297 0.391165 
298 0.391165 
299 0.391165 
300 0.391165 
301 0.391165 
302 0.391165 
303 -0.214801 
304 -0.214801 
305 -0.214801 
306 -0.214801 
307 -0.214801 
308 -0.214801 
309 -0.214801 
310 -0.214801 
311 -0.214801 
312 -0.214801 
313 -0.214801 
314 -0.214801 
315 -0.214801 
316 -0.214801 
317 -0.214801 
318 -0.214801 
319 -0.214801 
320 -0.214801 
321 -0.214801 
322 0.391165 
323 0.391165 
324 0.391165 
325 0.391165 
326 0.391165 
327 0.391165 
328 0.391165 
329 0.391165 
330 0.391165 
331 0.391165 
332 0.391165 
333 0.391165 
334 0.299364 
335 0.299364 
336 0.391165 
337 0.299364 
338 0.299364 
339 0.391165 
340 0.299364 
341 0.299364 
342 -0.214801 
343 -0.214801 
344 -0.214801 
345 -0.214801 
346 -0.214801 
347 -0.214801 
348 -0.214801 
349 -0.214801 
350 -0.214801 
351 -0.214801 
352 -0.214801 
353 -0.214801 
354 -0.214801 
355 -0.214801 
356 -0.214801 
357 -0.214801 
358 -0.214801 
359 0.391165 
360 0.391165 
361 0.391165 
362 0.391165 
363 0.391165 
364 0.391165 
365 0.391165 
366 0.391165 
367 0.391165 
368 0.391165 
369 0.391165 
370 0.391165 
371 0.299364 
372 0.299364 
373 0.299364 
374 0.299364 
375 0.299364 
376 0.299364 
377 0.299364 
378 0.299364 
379 0.299364 
380 -0.214801 
381 -0.214801 
382 -0.214801 
383 -0.214801 
384 -0.214801 
385 -0.214801 
386 -0.214801 
387 -0.214801 
388 -0.214801 
389 -0.214801 
390 -0.214801 
391 -0.407342 
392 -0.214801 
393 -0.214801 
394 -0.407342 
395 -0.407342 
396 0.433455 
397 0.433455 
398 0.433455 
399 0.391165 
400 0.391165 
401 0.391165 
402 0.391165 
403 0.391165 
404 0.391165 
405 0.391165 
406 0.391165 
407 0.391165 
408 0.391165 
409 0.391165 
410 0.299364 
411 0.299364 
412 0.299364 
413 0.299364 
414 0.299364 
415 0.299364 
416 0.299364 
417 0.299364 
418 0.299364 
419 0.299364 
420 -0.214801 
421 -0.214801 
422 -0.214801 
423 -0.214801 
424 -0.214801 
425 -0.407342 
426 -0.214801 
427 -0.214801 
428 -0.074407 
429 -0.214801 
430 -0.214801 
431 -0.407342 
432 -0.407342 
433 0.433455 
434 0.433455 
435 0.433455 
436 0.433455 
437 0.391165 
438 0.391165 
439 0.391165 
440 0.391165 
441 0.391165 
442 0.391165 
443 0.299364 
444 0.299364 
445 0.299364 
446 0.299364 
447 0.299364 
448 0.299364 
449 0.299364 
450 0.299364 
451 -0.214801 
452 -0.214801 
453 -0.407342 
454 -0.407342 
455 -0.407342 
456 -0.407342 
457 -0.074407 
458 -0.074407 
459 -0.391073 
460 -0.391073 
461 0.195763 
462 0.195763 
463 0.195763 
464 0.195763 
465 -0.242288 
466 -0.242288 
467 0.003645 
468 0.003645 
469 0.003645 
470 0.003645 
471 0.003645 
472 0.391165 
473 0.391165 
474 -0.391073 
475 0.195763 
476 0.195763 
477 0.195763 
478 -0.242288 
479 -0.242288 
480 -0.242288 
481 0.003645 
482 0.003645 
483 0.003645 
484 0.003645 
485 0.391165 
486 0.391165 
487 -0.391073 
488 -0.391073 
489 0.195763 
490 0.195763 
491 -0.333582 
492 -0.242288 
493 -0.242288 
494 -0.242288 
495 -0.242288 
496 0.003645 
497 0.003645 
498 0.391165 
499 0.391165 
500 0.391165 
501 0.391165 
502 -0.391073 
503 -0.333582 
504 0.195763 
505 -0.333582 
506 -0.242288 
507 -0.242288 
508 -0.242288 
509 0.003645 
510 0.003645 
511 0.391165 
512 0.391165 
513 0.391165 
514 0.391165 
515 -0.391073 
516 -0.333582 
517 -0.333582 
518 -0.333582 
519 -0.333582 
520 -0.333582 
521 -0.333582 
522 -0.242288 
523 0.003645 
524 0.391165 
525 0.391165 
526 0.391165 
527 0.391165 
528 0.391165 
529 -0.214801 
530 -0.333582 
531 -0.333582 
532 -0.333582 
533 -0.333582 
534 -0.333582 
535 -0.333582 
536 -0.333582 
537 0.391165 
538 0.391165 
539 0.391165 
540 0.391165 
541 0.391165 
542 -0.214801 
543 -0.214801 
544 -0.214801 
545 -0.214801 
546 -0.333582 
547 -0.333582 
548 -0.333582 
549 -0.333582 
550 0.391165 
551 0.391165 
552 0.391165 
553 0.391165 
554 0.391165 
555 0.391165 
556 -0.214801 
557 -0.214801 
558 -0.214801 
559 -0.214801 
560 -0.214801 
561 -0.333582 
562 -0.333582 
563 0.391165 
564 0.391165 
565 0.391165 
566 0.391165 
567 0.391165 
568 0.391165 
569 -0.214801 
570 -0.214801 
571 -0.214801 
572 -0.214801 
573 -0.214801 
574 -0.214801 
575 -0.214801 
576 0.391165 
577 0.391165 
578 0.391165 
579 0.391165 
580 0.299364 
581 0.299364 
582 0.299364 
583 -0.214801 
584 -0.214801 
585 -0.214801 
586 -0.214801 
587 -0.214801 
588 -0.214801 
589 0.391165 
590 0.391165 
591 0.391165 
592 0.391165 
593 0.299364 
594 0.299364 
595 0.299364 
596 -0.214801 
597 -0.214801 
598 -0.214801 
599 -0.214801 
600 -0.214801 
601 -0.407342 
602 0.433455 
603 0.391165 
604 0.391165 
605 0.391165 
606 0.391165 
607 0.299364 
608 0.299364 
609 0.299364 
610 -0.214801 
611 -0.214801 
612 -0.214801 
613 -0.407342 
614 -0.407342 
615 0.433455 
616 0.433455 
617 0.391165 
618 0.391165 
619 0.391165 
620 0.299364 
621 0.299364 
622 0.299364 
623 0.299364 
624 -0.214801 
625 -0.407342 
626 -0.407342 
627 -0.074407 
628 0.392711 
629 -0.009376 
630 -0.009376 
631 0.227559 
632 0.227559 
633 -0.055902 
634 -0.055902 
635 0.027053 
636 -0.242288 
637 -0.468551 
638 -0.101817 
639 -0.268992 
640 -0.268992 
641 0.392711 
642 -0.009376 
643 -0.009376 
644 0.227559 
645 0.227559 
646 -0.055902 
647 -0.055902 
648 -0.242288 
649 -0.242288 
650 -0.101817 
651 -0.101817 
652 -0.101817 
653 -0.101817 
654 0.392711 
655 0.317801 
656 -0.009376 
657 -0.009376 
658 0.227559 
659 -0.452891 
660 -0.055902 
661 0.150537 
662 -0.242288 
663 0.488765 
664 -0.101817 
665 -0.101817 
666 -0.101817 
667 0.392711 
668 0.392711 
669 0.391165 
670 -0.237138 
671 -0.391073 
672 -0.096213 
673 0.195763 
674 -0.207517 
675 -0.242288 
676 -0.071779 
677 -0.101817 
678 -0.101817 
679 -0.101817 
680 0.392711 
681 0.392711 
682 -0.237138 
683 -0.237138 
684 -0.096213 
685 -0.096213 
686 -0.207517 
687 -0.207517 
688 -0.071779 
689 -0.071779 
690 -0.071779 
691 -0.101817 
692 -0.101817 
693 0.391165 
694 0.392711 
695 -0.299187 
696 -0.237138 
697 0.233285 
698 -0.096213 
699 0.233285 
700 -0.207517 
701 0.204644 
702 -0.071779 
703 0.477030 
704 -0.333582 
705 -0.101817 
706 0.439985 
707 0.439985 
708 0.241379 
709 -0.108042 
710 0.373680 
711 0.233285 
712 -0.057587 
713 -0.214801 
714 -0.214801 
715 0.362738 
716 -0.333582 
717 -0.333582 
718 -0.333582 
719 0.439985 
720 0.241379 
721 0.241379 
722 0.373680 
723 0.373680 
724 -0.057587 
725 -0.057587 
726 -0.214801 
727 -0.214801 
728 -0.214801 
729 -0.143206 
730 -0.333582 
731 -0.333582 
732 0.439985 
733 0.439985 
734 0.241379 
735 -0.364131 
736 0.373680 
737 0.233285 
738 -0.057587 
739 -0.452891 
740 -0.214801 
741 -0.149621 
742 -0.143206 
743 -0.366895 
744 -0.333582 
745 -0.365903 
746 0.439985 
747 0.439985 
748 0.394570 
749 -0.377165 
750 -0.210865 
751 0.162453 
752 0.299364 
753 -0.149621 
754 -0.149621 
755 -0.366895 
756 -0.366895 
757 -0.366895 
758 0.439985 
759 0.439985 
760 0.394570 
761 0.394570 
762 -0.210865 
763 -0.210865 
764 0.299364 
765 0.299364 
766 0.299364 
767 -0.149621 
768 0.038758 
769 -0.366895 
770 -0.366895 
771 0.433455 
772 0.439985 
773 0.439985 
774 0.394570 
775 -0.210865 
776 -0.210865 
777 0.322922 
778 0.299364 
779 -0.149621 
780 -0.143206 
781 -0.143206 
782 -0.143206 
783 -0.143206 
784 0.433455 
785 0.433455 
786 0.391165 
787 0.391165 
788 0.299364 
789 0.299364 
790 0.299364 
791 0.299364 
792 -0.143206 
793 -0.143206 
794 -0.407342 
795 -0.407342 
796 -0.407342 
797 0.319476 
798 -0.009376 
799 -0.009376 
800 0.227559 
801 0.227559 
802 -0.055902 
803 0.150537 
804 -0.249855 
805 -0.268992 
806 -0.268992 
807 -0.268992 
808 -0.268992 
809 -0.268992 
810 0.392711 
811 0.317801 
812 0.317801 
813 -0.384132 
814 0.322751 
815 0.322751 
816 0.282377 
817 -0.242288 
818 -0.242288 
819 -0.291645 
820 -0.291645 
821 -0.101817 
822 -0.268992 
823 0.392711 
824 0.317801 
825 -0.334353 
826 -0.009376 
827 -0.452891 
828 -0.452891 
829 -0.055902 
830 0.150537 
831 -0.377952 
832 0.488765 
833 -0.402076 
834 -0.291645 
835 -0.101817 
836 0.392711 
837 0.392711 
838 0.392711 
839 -0.221926 
840 -0.090498 
841 -0.384132 
842 -0.074582 
843 -0.377952 
844 -0.377952 
845 -0.098764 
846 -0.101817 
847 -0.211626 
848 -0.101817 
849 0.392711 
850 0.392711 
851 -0.185647 
852 -0.237138 
853 0.233285 
854 0.143904 
855 -0.207517 
856 0.280852 
857 -0.071779 
858 -0.347460 
859 -0.101817 
860 -0.211626 
861 0.256494 
862 0.254375 
863 0.392711 
864 -0.299187 
865 0.233285 
866 0.233285 
867 -0.096213 
868 0.233285 
869 -0.214801 
870 0.204644 
871 -0.347460 
872 0.477030 
873 -0.347460 
874 -0.101817 
875 0.439985 
876 0.439985 
877 0.241379 
878 -0.108042 
879 0.233285 
880 0.233285 
881 0.083981 
882 0.377305 
883 -0.390070 
884 0.362738 
885 0.152263 
886 -0.347460 
887 -0.333582 
888 0.439985 
889 0.439985 
890 0.439985 
891 0.097779 
892 0.373680 
893 -0.057587 
894 -0.214801 
895 -0.214801 
896 0.369383 
897 0.117307 
898 0.117307 
899 -0.143206 
900 -0.333582 
901 0.394570 
902 0.439985 
903 0.439985 
904 -0.364131 
905 -0.165380 
906 0.233285 
907 0.233285 
908 -0.452891 
909 0.159305 
910 -0.201874 
911 -0.143206 
912 -0.143206 
913 -0.143206 
914 -0.365903 
915 0.439985 
916 0.439985 
917 0.393060 
918 -0.377165 
919 0.256494 
920 0.162453 
921 -0.225763 
922 -0.225763 
923 0.346382 
924 -0.366895 
925 -0.201874 
926 -0.143206 
927 -0.365903 
928 0.439985 
929 0.394570 
930 -0.377165 
931 -0.377165 
932 0.299364 
933 -0.339115 
934 -0.225763 
935 -0.008946 
936 -0.149621 
937 0.038758 
938 -0.201874 
939 -0.366895 
940 0.306123 
941 -0.003989 
942 0.439985 
943 0.439985 
944 -0.210865 
945 -0.210865 
946 0.322922 
947 0.299364 
948 -0.149621 
949 -0.143206 
950 -0.143206 
951 -0.143206 
952 -0.366895 
953 0.306123 
954 0.306123 
955 -0.003989 
956 -0.003989 
957 0.299364 
958 0.299364 
959 0.299364 
960 0.299364 
961 -0.407342 
962 -0.407342 
963 -0.407342 
964 -0.209861 
965 -0.209861 
966 0.319476 
967 -0.009376 
968 0.116853 
969 -0.009376 
970 0.116853 
971 0.227559 
972 0.116853 
973 0.227559 
974 0.116853 
975 -0.055902 
976 -0.398994 
977 0.150537 
978 -0.398994 
979 -0.249855 
980 -0.398994 
981 -0.268992 
982 -0.268992 
983 -0.268992 
984 -0.268992 
985 -0.268992 
986 -0.268992 
987 -0.268992 
988 -0.268992 
989 -0.268992 
990 0.392711 
991 0.317801 
992 0.319476 
993 0.319476 
994 0.317801 
995 -0.009376 
996 -0.009376 
997 0.319476 
998 0.227559 
999 0.227559 
1000 0.227559 
1001 0.322751 
1002 0.227559 
1003 0.241731 
1004 -0.055902 
1005 -0.055902 
1006 -0.335342 
1007 0.282377 
1008 -0.055902 
1009 -0.335342 
1010 -0.249855 
1011 0.150537 
1012 0.384006 
1013 -0.249855 
1014 -0.249855 
1015 -0.249855 
1016 -0.211626 
1017 -0.268992 
1018 -0.211626 
1019 -0.268992 
1020 -0.268992 
1021 -0.018582 
1022 0.214436 
1023 -0.268992 
1024 -0.268992 
1025 -0.268992 
1026 -0.268992 
1027 0.392711 
1028 0.392711 
1029 0.392711 
1030 -0.242288 
1031 0.083420 
1032 0.317801 
1033 -0.242288 
1034 -0.028500 
1035 0.241825 
1036 0.241825 
1037 0.317801 
1038 0.241825 
1039 -0.384132 
1040 -0.384132 
1041 -0.055902 
1042 0.322751 
1043 -0.465314 
1044 -0.335342 
1045 0.322751 
1046 0.322751 
1047 -0.249855 
1048 0.282377 
1049 0.150537 
1050 -0.211626 
1051 -0.242288 
1052 -0.249855 
1053 -0.249855 
1054 -0.249855 
1055 -0.211626 
1056 -0.211626 
1057 -0.291645 
1058 -0.268992 
1059 -0.101817 
1060 0.214436 
1061 -0.018582 
1062 -0.101817 
1063 0.214436 
1064 0.392711 
1065 0.392711 
1066 0.392711 
1067 -0.242288 
1068 -0.242288 
1069 -0.237138 
1070 0.392711 
1071 -0.242288 
1072 -0.242288 
1073 -0.242288 
1074 0.317801 
1075 -0.384132 
1076 -0.384132 
1077 0.241825 
1078 0.241825 
1079 -0.384132 
1080 -0.384132 
1081 -0.244538 
1082 -0.244538 
1083 0.322751 
1084 0.403999 
1085 0.403999 
1086 -0.244538 
1087 -0.249855 
1088 -0.249855 
1089 0.403999 
1090 -0.249855 
1091 -0.249855 
1092 0.397957 
1093 -0.211626 
1094 0.256494 
1095 0.081080 
1096 0.256494 
1097 0.256494 
1098 0.256494 
1099 -0.101817 
1100 0.214436 
1101 0.392711 
1102 0.392711 
1103 0.254375 
1104 0.254375 
1105 0.101661 
1106 -0.242288 
1107 -0.242288 
1108 0.101661 
1109 -0.242288 
1110 -0.242288 
1111 0.233285 
1112 0.241825 
1113 0.241825 
1114 0.233285 
1115 0.241825 
1116 0.241825 
1117 0.233285 
1118 -0.429295 
1119 -0.429295 
1120 -0.465314 
1121 -0.244538 
1122 -0.244538 
1123 0.403999 
1124 -0.244538 
1125 -0.244538 
1126 0.403999 
1127 0.477030 
1128 0.477030 
1129 -0.457643 
1130 0.256494 
1131 0.256494 
1132 0.397957 
1133 0.256494 
1134 0.256494 
1135 0.256494 
1136 0.256494 
1137 -0.101817 
1138 0.254375 
1139 0.439985 
1140 0.392711 
1141 0.254375 
1142 0.038793 
1143 0.154638 
1144 0.392711 
1145 -0.346533 
1146 -0.357065 
1147 0.362738 
1148 0.233285 
1149 0.233285 
1150 0.233285 
1151 0.233285 
1152 0.233285 
1153 0.233285 
1154 0.233285 
1155 0.014038 
1156 -0.207517 
1157 0.233285 
1158 -0.207517 
1159 -0.207517 
1160 -0.429295 
1161 0.362738 
1162 0.162061 
1163 -0.094832 
1164 -0.110586 
1165 0.478372 
1166 -0.347460 
1167 -0.347460 
1168 -0.347460 
1169 0.070776 
1170 -0.101817 
1171 0.313593 
1172 -0.490843 
1173 -0.101817 
1174 -0.119435 
1175 0.439985 
1176 0.439985 
1177 0.254375 
1178 0.254375 
1179 0.038793 
1180 0.154638 
1181 0.038793 
1182 -0.364131 
1183 0.233285 
1184 0.285142 
1185 0.233285 
1186 0.233285 
1187 0.233285 
1188 0.233285 
1189 0.233285 
1190 -0.057587 
1191 0.233285 
1192 0.233285 
1193 0.233285 
1194 0.233285 
1195 -0.132047 
1196 -0.214801 
1197 0.233285 
1198 0.369383 
1199 0.369383 
1200 -0.214801 
1201 0.315370 
1202 0.152263 
1203 0.089585 
1204 -0.347460 
1205 0.477030 
1206 -0.094832 
1207 -0.333582 
1208 0.313593 
1209 0.307851 
1210 -0.333582 
1211 -0.119435 
1212 0.439985 
1213 0.439985 
1214 0.439985 
1215 0.439985 
1216 -0.498446 
1217 -0.364131 
1218 0.439985 
1219 0.439985 
1220 -0.364131 
1221 -0.364131 
1222 -0.364131 
1223 0.285142 
1224 0.285142 
1225 0.233285 
1226 0.233285 
1227 0.233285 
1228 0.015403 
1229 0.233285 
1230 0.233285 
1231 0.015403 
1232 -0.426157 
1233 -0.426157 
1234 -0.214801 
1235 -0.426157 
1236 -0.426157 
1237 -0.214801 
1238 0.217945 
1239 0.217945 
1240 -0.340777 
1241 -0.143206 
1242 -0.143206 
1243 -0.340777 
1244 0.313593 
1245 0.313593 
1246 0.307851 
1247 -0.333582 
1248 -0.340777 
1249 0.394570 
1250 0.439985 
1251 0.439985 
1252 0.371657 
1253 0.439985 
1254 -0.364131 
1255 0.439985 
1256 0.439985 
1257 -0.364131 
1258 -0.364131 
1259 -0.364131 
1260 -0.364131 
1261 -0.364131 
1262 -0.364131 
1263 -0.452349 
1264 0.103062 
1265 0.233285 
1266 -0.452891 
1267 -0.452891 
1268 0.233285 
1269 -0.426157 
1270 -0.426157 
1271 0.233285 
1272 0.217945 
1273 0.217945 
1274 -0.426157 
1275 -0.426157 
1276 -0.426157 
1277 0.217945 
1278 0.217945 
1279 0.217945 
1280 -0.143206 
1281 -0.143206 
1282 -0.143206 
1283 0.117307 
1284 -0.143206 
1285 -0.340777 
1286 -0.365903 
1287 0.439985 
1288 0.394570 
1289 0.394570 
1290 0.371657 
1291 0.394570 
1292 0.394570 
1293 0.371657 
1294 -0.364131 
1295 -0.364131 
1296 0.340137 
1297 -0.364131 
1298 -0.364131 
1299 0.047300 
1300 0.047300 
1301 0.047300 
1302 -0.452349 
1303 -0.452349 
1304 -0.452349 
1305 0.162386 
1306 -0.452891 
1307 -0.452891 
1308 0.014038 
1309 -0.426157 
1310 -0.426157 
1311 -0.143206 
1312 -0.426157 
1313 -0.426157 
1314 -0.143206 
1315 -0.201874 
1316 0.217945 
1317 -0.143206 
1318 -0.143206 
1319 -0.143206 
1320 -0.340777 
1321 -0.143206 
1322 -0.340777 
1323 -0.365903 
1324 -0.003989 
1325 -0.365903 
1326 0.394570 
1327 0.306123 
1328 0.371657 
1329 0.439985 
1330 -0.003989 
1331 0.394570 
1332 0.394570 
1333 -0.497478 
1334 0.047300 
1335 -0.210865 
1336 -0.377165 
1337 0.047300 
1338 0.047300 
1339 -0.080121 
1340 -0.452349 
1341 0.322922 
1342 0.299364 
1343 0.162386 
1344 0.299364 
1345 0.421521 
1346 0.014038 
1347 -0.149621 
1348 -0.083004 
1349 -0.209861 
1350 -0.143206 
1351 -0.143206 
1352 -0.209861 
1353 -0.143206 
1354 0.247741 
1355 -0.366895 
1356 -0.209861 
1357 -0.209861 
1358 -0.366895 
1359 -0.340777 
1360 0.306123 
1361 0.306123 
1362 0.306123 
1363 0.306123 
1364 0.306123 
1365 0.394570 
1366 -0.003989 
1367 0.306123 
1368 0.394570 
1369 0.394570 
1370 -0.497478 
1371 -0.210865 
1372 0.299364 
1373 -0.210865 
1374 0.322922 
1375 0.322922 
1376 -0.222107 
1377 0.322922 
1378 0.299364 
1379 -0.222107 
1380 0.322922 
1381 0.299364 
1382 -0.215470 
1383 0.421521 
1384 -0.407342 
1385 -0.215470 
1386 -0.083004 
1387 -0.407342 
1388 -0.027996 
1389 -0.209861 
1390 -0.209861 
1391 -0.209861 
1392 -0.143206 
1393 -0.209861 
1394 -0.209861 
1395 -0.366895 
1396 -0.340777 
1397 0.306123 
1398 0.306123 
1399 0.306123 
1400 -0.003989 
1401 -0.003989 
1402 -0.003989 
1403 -0.003989 
1404 0.299364 
1405 -0.003989 
1406 0.299364 
1407 -0.080121 
1408 0.299364 
1409 0.299364 
1410 0.299364 
1411 0.299364 
1412 -0.407342 
1413 -0.470737 
1414 -0.407342 
1415 0.099120 
1416 -0.407342 
1417 -0.488872 
1418 -0.209861 
1419 -0.488872 
1420 -0.209861 
1421 0.319476 
1422 0.116853 
1423 -0.009376 
1424 0.116853 
1425 -0.009376 
1426 0.116853 
1427 0.341624 
1428 0.116853 
1429 0.341624 
1430 -0.398994 
1431 0.241379 
1432 -0.398994 
1433 -0.398994 
1434 -0.398994 
1435 -0.291645 
1436 -0.268992 
1437 -0.291645 
1438 -0.268992 
1439 -0.268992 
1440 -0.268992 
1441 -0.268992 
1442 -0.268992 
1443 -0.268992 
1444 0.214436 
1445 0.317801 
1446 0.392711 
1447 0.319476 
1448 0.319476 
1449 -0.009985 
1450 0.319476 
1451 0.116853 
1452 -0.009985 
1453 0.474507 
1454 0.474507 
1455 0.227559 
1456 0.474507 
1457 0.116853 
1458 -0.361237 
1459 0.085459 
1460 0.116853 
1461 -0.361237 
1462 -0.335342 
1463 -0.398994 
1464 -0.055902 
1465 -0.249855 
1466 -0.398994 
1467 0.282377 
1468 -0.249855 
1469 -0.398994 
1470 -0.305518 
1471 -0.211626 
1472 -0.268992 
1473 -0.291645 
1474 -0.018582 
1475 -0.268992 
1476 0.214436 
1477 -0.268992 
1478 -0.268992 
1479 0.214436 
1480 -0.268992 
1481 -0.268992 
1482 0.392711 
1483 0.392711 
1484 0.317801 
1485 -0.242288 
1486 -0.009985 
1487 0.317801 
1488 -0.334429 
1489 -0.334353 
1490 0.317801 
1491 0.317801 
1492 -0.009376 
1493 0.392307 
1494 0.352452 
1495 -0.452891 
1496 0.392307 
1497 0.241731 
1498 -0.452891 
1499 -0.335342 
1500 -0.055902 
1501 -0.055902 
1502 0.403999 
1503 -0.201874 
1504 0.150537 
1505 0.403999 
1506 0.384006 
1507 -0.377952 
1508 0.397957 
1509 -0.305518 
1510 0.488765 
1511 -0.018582 
1512 -0.268992 
1513 -0.402076 
1514 -0.268992 
1515 0.214436 
1516 0.214436 
1517 0.214436 
1518 0.214436 
1519 0.392711 
1520 -0.185647 
1521 0.392711 
1522 0.483965 
1523 0.135698 
1524 0.083420 
1525 0.317801 
1526 0.392711 
1527 0.101661 
1528 0.317801 
1529 -0.221926 
1530 -0.384132 
1531 -0.071779 
1532 -0.090498 
1533 -0.465314 
1534 0.392307 
1535 -0.384132 
1536 -0.465314 
1537 -0.465314 
1538 -0.074582 
1539 0.403999 
1540 0.403999 
1541 -0.377952 
1542 0.009775 
1543 0.009775 
1544 -0.377952 
1545 0.397957 
1546 0.397957 
1547 -0.098764 
1548 0.397957 
1549 0.397957 
1550 -0.101817 
1551 0.081080 
1552 -0.018582 
1553 0.256494 
1554 -0.268992 
1555 -0.101817 
1556 0.392711 
1557 0.254375 
1558 0.483965 
1559 0.483965 
1560 0.254375 
1561 0.101661 
1562 -0.346533 
1563 -0.185647 
1564 -0.346533 
1565 0.101661 
1566 -0.237138 
1567 0.233285 
1568 -0.090498 
1569 0.233285 
1570 0.233285 
1571 0.454713 
1572 0.143904 
1573 -0.342337 
1574 0.280852 
1575 -0.207517 
1576 -0.342337 
1577 -0.342337 
1578 0.280852 
1579 -0.022851 
1580 0.403999 
1581 -0.071779 
1582 0.403999 
1583 0.403999 
1584 -0.347460 
1585 0.397957 
1586 0.460893 
1587 -0.101817 
1588 0.081080 
1589 -0.101817 
1590 0.256494 
1591 -0.101817 
1592 -0.101817 
1593 0.439985 
1594 0.254375 
1595 0.392711 
1596 0.254375 
1597 0.154638 
1598 -0.185647 
1599 -0.346533 
1600 -0.299187 
1601 -0.357065 
1602 0.362738 
1603 0.233285 
1604 0.394728 
1605 0.233285 
1606 0.233285 
1607 0.233285 
1608 0.233285 
1609 -0.096213 
1610 0.014038 
1611 0.458868 
1612 0.233285 
1613 0.458868 
1614 -0.061757 
1615 -0.214801 
1616 -0.094832 
1617 0.162061 
1618 0.204644 
1619 -0.110586 
1620 0.478372 
1621 -0.347460 
1622 -0.457643 
1623 -0.490843 
1624 0.477030 
1625 -0.119435 
1626 -0.490843 
1627 0.313593 
1628 -0.119435 
1629 -0.119435 
1630 0.439985 
1631 0.439985 
1632 0.439985 
1633 -0.160203 
1634 0.254375 
1635 -0.271050 
1636 0.038793 
1637 0.241379 
1638 0.233285 
1639 0.233285 
1640 -0.108042 
1641 0.233285 
1642 0.233285 
1643 0.233285 
1644 0.015403 
1645 0.015403 
1646 0.233285 
1647 0.233285 
1648 0.233285 
1649 0.083981 
1650 -0.132047 
1651 -0.214801 
1652 0.377305 
1653 -0.094832 
1654 -0.094832 
1655 -0.390070 
1656 0.315370 
1657 -0.094832 
1658 0.362738 
1659 0.307851 
1660 -0.094832 
1661 0.152263 
1662 0.313593 
1663 0.307851 
1664 0.313593 
1665 -0.119435 
1666 0.313593 
1667 0.439985 
1668 0.439985 
1669 -0.498446 
1670 -0.498446 
1671 0.439985 
1672 0.234623 
1673 -0.498446 
1674 0.439985 
1675 -0.364131 
1676 0.021272 
1677 0.097779 
1678 0.233285 
1679 0.233285 
1680 0.373680 
1681 0.233285 
1682 0.233285 
1683 -0.057587 
1684 0.233285 
1685 0.233285 
1686 -0.214801 
1687 -0.123707 
1688 0.244207 
1689 -0.214801 
1690 0.159305 
1691 -0.123707 
1692 0.369383 
1693 0.089585 
1694 -0.340777 
1695 0.117307 
1696 -0.340777 
1697 0.117307 
1698 0.117307 
1699 -0.340777 
1700 -0.415424 
1701 0.313593 
1702 -0.340777 
1703 0.313593 
1704 0.439985 
1705 0.439985 
1706 0.439985 
1707 0.003645 
1708 0.439985 
1709 0.439985 
1710 0.439985 
1711 0.439985 
1712 0.234623 
1713 0.234623 
1714 -0.364131 
1715 -0.364131 
1716 -0.364131 
1717 -0.165380 
1718 -0.336556 
1719 0.103062 
1720 0.233285 
1721 0.307975 
1722 0.307975 
1723 0.233285 
1724 -0.426157 
1725 -0.426157 
1726 -0.452891 
1727 -0.123707 
1728 -0.123707 
1729 0.159305 
1730 -0.123707 
1731 -0.123707 
1732 -0.201874 
1733 -0.340777 
1734 -0.340777 
1735 -0.143206 
1736 -0.340777 
1737 -0.415424 
1738 -0.143206 
1739 -0.340777 
1740 0.117307 
1741 0.439985 
1742 -0.003989 
1743 0.439985 
1744 0.003645 
1745 0.182243 
1746 0.439985 
1747 0.038504 
1748 0.439985 
1749 0.234623 
1750 0.414331 
1751 0.393060 
1752 -0.364131 
1753 0.150537 
1754 -0.377165 
1755 -0.080121 
1756 -0.222107 
1757 0.256494 
1758 -0.080121 
1759 -0.080121 
1760 0.162453 
1761 -0.336556 
1762 -0.336556 
1763 -0.225763 
1764 0.405902 
1765 0.405902 
1766 -0.225763 
1767 0.405902 
1768 0.405902 
1769 0.346382 
1770 -0.143206 
1771 -0.143206 
1772 -0.366895 
1773 -0.415424 
1774 -0.415424 
1775 -0.355620 
1776 -0.340777 
1777 0.117307 
1778 -0.003989 
1779 -0.003989 
1780 0.306123 
1781 -0.003989 
1782 0.394570 
1783 0.340137 
1784 0.340137 
1785 0.394570 
1786 0.340137 
1787 -0.049990 
1788 -0.377165 
1789 0.340137 
1790 0.340137 
1791 -0.377165 
1792 -0.222107 
1793 -0.080121 
1794 0.299364 
1795 -0.080121 
1796 -0.080121 
1797 -0.339115 
1798 -0.080121 
1799 -0.215470 
1800 -0.225763 
1801 -0.027996 
1802 -0.225763 
1803 -0.008946 
1804 -0.143206 
1805 -0.143206 
1806 -0.149621 
1807 0.405902 
1808 0.405902 
1809 0.038758 
1810 -0.340777 
1811 -0.141113 
1812 -0.355620 
1813 -0.340777 
1814 -0.366895 
1815 0.306123 
1816 0.182243 
1817 0.306123 
1818 0.306123 
1819 0.306123 
1820 0.306123 
1821 -0.003989 
1822 -0.003989 
1823 -0.497478 
1824 -0.003989 
1825 0.193541 
1826 -0.497478 
1827 -0.497478 
1828 0.193541 
1829 -0.222107 
1830 -0.080121 
1831 0.369383 
1832 -0.215470 
1833 0.299364 
1834 -0.334429 
1835 -0.215470 
1836 0.299364 
1837 0.475252 
1838 -0.215470 
1839 -0.470737 
1840 0.475252 
1841 0.099120 
1842 0.099120 
1843 -0.009610 
1844 0.099120 
1845 -0.488872 
1846 0.317801 
1847 -0.141113 
1848 -0.141113 
1849 0.317801 
1850 -0.340777 
1851 -0.366895 
1852 0.306123 
1853 0.306123 
1854 0.182243 
1855 -0.003989 
1856 -0.003989 
1857 -0.003989 
1858 0.457853 
1859 -0.003989 
1860 0.457853 
1861 -0.080121 
1862 0.299364 
1863 0.299364 
1864 0.299364 
1865 0.299364 
1866 -0.470737 
1867 -0.470737 
1868 -0.225763 
1869 0.099120 
1870 -0.225763 
1871 -0.488872 
1872 0.394728 
1873 -0.488872 
1874 0.394728 
1875 0.317801 
1876 0.319476 
1877 -0.009376 
1878 0.116853 
1879 -0.009376 
1880 0.116853 
1881 0.341624 
1882 0.116853 
1883 0.341624 
1884 -0.207423 
1885 0.241379 
1886 -0.207423 
1887 -0.398994 
1888 -0.398994 
1889 -0.291645 
1890 -0.398994 
1891 -0.291645 
1892 -0.268992 
1893 -0.268992 
1894 -0.268992 
1895 -0.268992 
1896 -0.268992 
1897 0.214436 
1898 0.214436 
1899 0.214436 
1900 -0.009376 
1901 -0.250540 
1902 -0.009376 
1903 -0.009985 
1904 -0.009985 
1905 -0.009985 
1906 -0.009376 
1907 -0.119435 
1908 -0.452891 
1909 -0.009376 
1910 -0.011468 
1911 0.085459 
1912 0.341624 
1913 0.116853 
1914 -0.361237 
1915 0.241379 
1916 0.496822 
1917 -0.468551 
1918 -0.468551 
1919 0.151288 
1920 -0.468551 
1921 -0.398994 
1922 0.151288 
1923 0.405902 
1924 -0.291645 
1925 -0.225768 
1926 0.405902 
1927 0.405902 
1928 -0.225768 
1929 0.214436 
1930 -0.268992 
1931 -0.018582 
1932 0.214436 
1933 0.214436 
1934 -0.268992 
1935 0.214436 
1936 0.214436 
1937 -0.185647 
1938 -0.250540 
1939 -0.009376 
1940 0.392711 
1941 -0.204039 
1942 -0.009985 
1943 -0.009376 
1944 0.391008 
1945 0.360787 
1946 -0.009376 
1947 0.083981 
1948 -0.009376 
1949 0.449213 
1950 0.474507 
1951 -0.361237 
1952 -0.452891 
1953 0.085459 
1954 -0.377952 
1955 0.159478 
1956 -0.359819 
1957 -0.377952 
1958 -0.377952 
1959 0.304134 
1960 -0.377952 
1961 -0.128202 
1962 0.009775 
1963 0.291551 
1964 0.291551 
1965 0.171097 
1966 0.488765 
1967 -0.101817 
1968 0.214436 
1969 0.214436 
1970 0.214436 
1971 0.214436 
1972 0.214436 
1973 0.214436 
1974 -0.185647 
1975 0.483965 
1976 -0.185647 
1977 -0.164472 
1978 0.483965 
1979 -0.334353 
1980 -0.196324 
1981 0.317801 
1982 0.330741 
1983 -0.254511 
1984 -0.062228 
1985 0.311055 
1986 -0.336305 
1987 -0.087392 
1988 0.299756 
1989 -0.452891 
1990 -0.033474 
1991 0.368534 
1992 0.280852 
1993 0.207628 
1994 0.495714 
1995 0.341285 
1996 -0.146988 
1997 0.495714 
1998 0.322751 
1999 0.112993 
2000 0.094318 
2001 0.404727 
2002 0.400589 
2003 0.291551 
2004 -0.101817 
2005 0.094318 
2006 -0.101817 
2007 0.256494 
2008 -0.018582 
2009 -0.101817 
2010 0.214436 
2011 -0.185647 
2012 0.483965 
2013 -0.185647 
2014 0.254375 
2015 0.225269 
2016 -0.185647 
2017 0.135698 
2018 -0.164472 
2019 0.385350 
2020 -0.090498 
2021 0.327978 
2022 -0.090498 
2023 -0.090498 
2024 -0.083896 
2025 -0.090498 
2026 0.475210 
2027 0.223660 
2028 0.280852 
2029 0.280852 
2030 0.256529 
2031 0.495714 
2032 0.495714 
2033 -0.294651 
2034 -0.347460 
2035 -0.347460 
2036 -0.397782 
2037 0.495714 
2038 0.194054 
2039 0.238602 
2040 -0.101817 
2041 -0.101817 
2042 0.194329 
2043 -0.101817 
2044 -0.422236 
2045 0.256494 
2046 -0.101817 
2047 0.214436 
2048 0.254375 
2049 -0.172886 
2050 -0.185647 
2051 0.254375 
2052 0.254375 
2053 -0.185647 
2054 -0.185647 
2055 -0.185647 
2056 -0.185647 
2057 -0.040782 
2058 0.214446 
2059 -0.093232 
2060 0.233285 
2061 -0.478656 
2062 0.233285 
2063 0.233285 
2064 -0.094855 
2065 0.280852 
2066 0.171209 
2067 -0.115830 
2068 -0.061757 
2069 -0.061757 
2070 -0.138520 
2071 -0.449854 
2072 -0.475663 
2073 0.038793 
2074 -0.258079 
2075 0.325944 
2076 -0.022851 
2077 -0.347460 
2078 -0.347460 
2079 0.299756 
2080 -0.119435 
2081 0.313593 
2082 -0.490843 
2083 -0.119435 
2084 -0.119435 
2085 0.439985 
2086 -0.172886 
2087 0.254375 
2088 0.254375 
2089 -0.160203 
2090 0.097779 
2091 0.035597 
2092 -0.160203 
2093 0.026390 
2094 -0.109622 
2095 -0.402076 
2096 0.415635 
2097 -0.042803 
2098 -0.225839 
2099 0.011266 
2100 0.433019 
2101 -0.092651 
2102 0.233285 
2103 0.233285 
2104 -0.492388 
2105 -0.214801 
2106 -0.214801 
2107 0.289200 
2108 -0.396279 
2109 -0.413972 
2110 -0.139373 
2111 0.117307 
2112 0.280852 
2113 0.089585 
2114 0.117307 
2115 0.117307 
2116 0.223514 
2117 0.313593 
2118 0.313593 
2119 0.307851 
2120 0.313593 
2121 -0.119435 
2122 0.439985 
2123 -0.172886 
2124 0.439985 
2125 0.449850 
2126 -0.498446 
2127 0.074889 
2128 0.097779 
2129 0.234623 
2130 0.097779 
2131 -0.165380 
2132 -0.057587 
2133 0.179267 
2134 0.209127 
2135 0.117187 
2136 0.412820 
2137 0.188255 
2138 0.157003 
2139 0.220907 
2140 -0.377952 
2141 0.307975 
2142 0.159305 
2143 0.159305 
2144 0.455464 
2145 0.159305 
2146 -0.214801 
2147 -0.219705 
2148 0.117307 
2149 0.117307 
2150 0.114944 
2151 0.117307 
2152 0.117307 
2153 0.117307 
2154 0.313593 
2155 0.313593 
2156 -0.415424 
2157 0.313593 
2158 -0.399482 
2159 0.439985 
2160 -0.172886 
2161 0.439985 
2162 0.449850 
2163 0.038504 
2164 0.097779 
2165 0.097779 
2166 0.234623 
2167 -0.033070 
2168 -0.165380 
2169 0.351227 
2170 0.211205 
2171 0.162061 
2172 -0.049634 
2173 0.061067 
2174 -0.049990 
2175 -0.173025 
2176 0.162453 
2177 0.035597 
2178 -0.447841 
2179 0.344263 
2180 -0.045583 
2181 -0.033988 
2182 -0.214801 
2183 0.475239 
2184 -0.269986 
2185 -0.143206 
2186 0.116853 
2187 0.250646 
2188 0.117307 
2189 0.117307 
2190 0.116853 
2191 0.117307 
2192 -0.143206 
2193 -0.415424 
2194 0.117307 
2195 -0.415424 
2196 -0.003989 
2197 -0.172886 
2198 0.322981 
2199 0.322981 
2200 0.003645 
2201 -0.142286 
2202 0.439985 
2203 0.003645 
2204 0.089585 
2205 0.089585 
2206 -0.157518 
2207 -0.101817 
2208 0.089585 
2209 -0.483004 
2210 -0.371832 
2211 0.341285 
2212 -0.379017 
2213 0.256494 
2214 -0.179340 
2215 -0.336556 
2216 -0.001807 
2217 -0.229255 
2218 -0.389941 
2219 -0.225763 
2220 -0.225763 
2221 -0.464243 
2222 -0.201874 
2223 -0.201874 
2224 -0.180792 
2225 -0.201874 
2226 -0.355620 
2227 0.116853 
2228 0.117307 
2229 0.211982 
2230 -0.415424 
2231 0.117307 
2232 -0.415424 
2233 -0.003989 
2234 -0.230628 
2235 -0.003989 
2236 0.322981 
2237 0.182243 
2238 0.182243 
2239 0.051224 
2240 -0.349648 
2241 -0.349648 
2242 0.193541 
2243 -0.335930 
2244 0.037073 
2245 0.369383 
2246 -0.349648 
2247 -0.334429 
2248 -0.377165 
2249 -0.080121 
2250 0.256494 
2251 -0.080121 
2252 0.341285 
2253 0.475252 
2254 -0.225763 
2255 -0.080121 
2256 -0.009610 
2257 -0.225763 
2258 0.405902 
2259 0.133016 
2260 -0.225763 
2261 0.405902 
2262 0.317801 
2263 0.394728 
2264 0.405902 
2265 -0.366895 
2266 0.211982 
2267 -0.141113 
2268 -0.366895 
2269 -0.141113 
2270 0.182243 
2271 0.306123 
2272 0.182243 
2273 0.182243 
2274 0.306123 
2275 0.322981 
2276 -0.003989 
2277 0.182243 
2278 0.322981 
2279 0.457853 
2280 0.193541 
2281 0.193541 
2282 -0.035936 
2283 0.193541 
2284 0.369383 
2285 0.299364 
2286 -0.222107 
2287 -0.101817 
2288 0.299364 
2289 -0.222107 
2290 0.288414 
2291 -0.470737 
2292 -0.215470 
2293 0.288414 
2294 -0.225763 
2295 -0.215470 
2296 -0.222244 
2297 -0.225763 
2298 -0.027996 
2299 0.317801 
2300 0.394728 
2301 0.099120 
2302 0.394728 
2303 0.317801 
2304 -0.141113 
2305 -0.366895 
2306 -0.141113 
2307 0.306123 
2308 0.182243 
2309 0.306123 
2310 -0.003989 
2311 -0.003989 
2312 0.457853 
2313 -0.003989 
2314 0.457853 
2315 -0.003989 
2316 0.299364 
2317 -0.080121 
2318 0.299364 
2319 0.299364 
2320 -0.470737 
2321 0.299364 
2322 -0.225763 
2323 -0.470737 
2324 -0.225763 
2325 0.099120 
2326 0.394728 
2327 -0.488872 
2328 0.394728 
2329 -0.488872 
2330 -0.141113 
2331 -0.189046 
2332 0.116853 
2333 -0.009376 
2334 0.116853 
2335 -0.009376 
2336 0.116853 
2337 0.341624 
2338 0.116853 
2339 0.341624 
2340 -0.207423 
2341 0.241379 
2342 -0.398994 
2343 -0.468551 
2344 -0.398994 
2345 0.405902 
2346 -0.268992 
2347 0.405902 
2348 -0.268992 
2349 -0.268992 
2350 -0.268992 
2351 -0.268992 
2352 0.214436 
2353 0.214436 
2354 0.214436 
2355 -0.250540 
2356 -0.009376 
2357 0.392957 
2358 -0.119435 
2359 -0.189046 
2360 0.392957 
2361 0.116853 
2362 -0.189046 
2363 0.116853 
2364 -0.054975 
2365 -0.189046 
2366 -0.054354 
2367 -0.054354 
2368 -0.361237 
2369 -0.207423 
2370 -0.054354 
2371 -0.194369 
2372 0.151288 
2373 -0.207423 
2374 0.151288 
2375 0.151288 
2376 -0.398994 
2377 -0.468551 
2378 -0.466655 
2379 -0.398994 
2380 -0.468551 
2381 -0.225768 
2382 -0.268992 
2383 0.161728 
2384 -0.301856 
2385 -0.268992 
2386 0.161728 
2387 0.214436 
2388 0.214436 
2389 0.214436 
2390 0.214436 
2391 0.214436 
2392 -0.250540 
2393 0.006168 
2394 -0.250540 
2395 0.392957 
2396 -0.478656 
2397 0.391008 
2398 0.392957 
2399 0.352452 
2400 -0.119435 
2401 0.116853 
2402 0.460794 
2403 -0.011468 
2404 -0.108766 
2405 0.131443 
2406 -0.207423 
2407 -0.207423 
2408 -0.441350 
2409 0.496822 
2410 0.304134 
2411 0.377263 
2412 -0.207423 
2413 0.151288 
2414 -0.441350 
2415 -0.398994 
2416 -0.466655 
2417 0.404727 
2418 -0.225768 
2419 0.094318 
2420 0.478372 
2421 0.214436 
2422 0.214436 
2423 0.291551 
2424 0.214436 
2425 0.214436 
2426 0.161728 
2427 0.214436 
2428 -0.101817 
2429 0.483965 
2430 0.006168 
2431 0.483965 
2432 0.483965 
2433 0.116129 
2434 0.391008 
2435 -0.204039 
2436 0.460794 
2437 0.234623 
2438 0.391008 
2439 0.360787 
2440 0.299756 
2441 -0.243075 
2442 0.329365 
2443 0.299756 
2444 0.299756 
2445 -0.178011 
2446 -0.207423 
2447 -0.207423 
2448 0.425266 
2449 0.495714 
2450 0.495714 
2451 0.256182 
2452 0.495714 
2453 0.495714 
2454 0.315131 
2455 0.094318 
2456 0.308736 
2457 -0.274119 
2458 0.094318 
2459 0.478372 
2460 -0.422236 
2461 0.214436 
2462 -0.301856 
2463 0.161728 
2464 0.214436 
2465 -0.101817 
2466 0.483965 
2467 -0.141113 
2468 0.483965 
2469 0.483965 
2470 0.116129 
2471 0.474014 
2472 0.474014 
2473 -0.164472 
2474 0.474014 
2475 -0.391073 
2476 -0.124030 
2477 0.496690 
2478 0.496690 
2479 0.451359 
2480 0.496690 
2481 -0.308933 
2482 -0.009610 
2483 0.204461 
2484 -0.191341 
2485 -0.202706 
2486 0.495714 
2487 -0.121645 
2488 0.366653 
2489 0.360306 
2490 -0.383965 
2491 0.495714 
2492 0.495714 
2493 0.495714 
2494 -0.096145 
2495 0.271969 
2496 -0.251346 
2497 -0.119435 
2498 -0.083896 
2499 0.271969 
2500 0.227559 
2501 0.214436 
2502 -0.083896 
2503 -0.172886 
2504 -0.146262 
2505 -0.160203 
2506 -0.160203 
2507 -0.146262 
2508 0.225269 
2509 0.377305 
2510 0.035597 
2511 -0.072307 
2512 0.210791 
2513 -0.359819 
2514 -0.072307 
2515 -0.072307 
2516 -0.098187 
2517 -0.092651 
2518 0.349973 
2519 -0.008946 
2520 0.496690 
2521 0.460285 
2522 -0.053030 
2523 -0.383965 
2524 -0.383965 
2525 0.158483 
2526 -0.383965 
2527 0.393060 
2528 -0.293627 
2529 0.495714 
2530 0.488502 
2531 -0.450836 
2532 -0.119435 
2533 -0.119435 
2534 -0.119435 
2535 -0.119435 
2536 -0.119435 
2537 0.313593 
2538 -0.119435 
2539 -0.119435 
2540 -0.172886 
2541 -0.144062 
2542 -0.172886 
2543 -0.160203 
2544 0.254375 
2545 -0.002207 
2546 0.035597 
2547 0.007590 
2548 -0.072307 
2549 -0.072307 
2550 -0.369878 
2551 -0.072307 
2552 -0.072307 
2553 -0.454060 
2554 0.024680 
2555 -0.269918 
2556 -0.197561 
2557 0.496690 
2558 0.496690 
2559 -0.221247 
2560 0.340137 
2561 0.340137 
2562 -0.447599 
2563 0.393060 
2564 -0.383965 
2565 -0.468625 
2566 -0.399482 
2567 -0.344672 
2568 0.120215 
2569 -0.399482 
2570 -0.399482 
2571 -0.099745 
2572 -0.241303 
2573 -0.020936 
2574 0.313593 
2575 -0.241303 
2576 0.313593 
2577 -0.172886 
2578 -0.144062 
2579 0.110435 
2580 0.110435 
2581 -0.146262 
2582 0.234623 
2583 0.021554 
2584 0.035597 
2585 0.499407 
2586 0.444934 
2587 -0.061256 
2588 -0.072307 
2589 -0.072307 
2590 -0.065574 
2591 -0.072307 
2592 -0.059260 
2593 0.094318 
2594 -0.096145 
2595 -0.059260 
2596 -0.323596 
2597 -0.059260 
2598 -0.336556 
2599 -0.336556 
2600 0.116853 
2601 0.393060 
2602 0.238565 
2603 0.116853 
2604 0.116853 
2605 0.437987 
2606 -0.399482 
2607 0.117307 
2608 0.117307 
2609 -0.399482 
2610 -0.415424 
2611 0.313593 
2612 -0.399482 
2613 0.313593 
2614 -0.172886 
2615 0.439985 
2616 -0.172886 
2617 0.003645 
2618 0.391165 
2619 -0.172886 
2620 -0.172886 
2621 0.449850 
2622 0.234623 
2623 0.234623 
2624 0.089585 
2625 0.341285 
2626 -0.128320 
2627 -0.002207 
2628 0.341285 
2629 0.341285 
2630 0.253248 
2631 -0.059260 
2632 -0.336877 
2633 -0.044731 
2634 -0.059260 
2635 -0.096145 
2636 -0.143378 
2637 -0.035936 
2638 0.116853 
2639 -0.497478 
2640 -0.324584 
2641 0.116853 
2642 0.445525 
2643 0.116853 
2644 0.117307 
2645 0.499407 
2646 -0.415424 
2647 -0.415424 
2648 -0.174912 
2649 -0.415424 
2650 0.117307 
2651 -0.172886 
2652 -0.003989 
2653 -0.172886 
2654 0.003645 
2655 -0.098846 
2656 -0.108766 
2657 -0.349648 
2658 0.480341 
2659 -0.349648 
2660 -0.349648 
2661 0.458868 
2662 0.465636 
2663 0.341285 
2664 0.406904 
2665 0.341285 
2666 0.341285 
2667 0.431949 
2668 0.037073 
2669 -0.336877 
2670 0.338285 
2671 -0.336877 
2672 -0.336556 
2673 0.465794 
2674 0.405902 
2675 0.405902 
2676 0.098009 
2677 0.405902 
2678 0.405902 
2679 -0.045583 
2680 0.116853 
2681 -0.181249 
2682 0.211982 
2683 -0.415424 
2684 -0.415424 
2685 0.211982 
2686 -0.415424 
2687 0.117307 
2688 -0.230628 
2689 -0.003989 
2690 -0.230628 
2691 -0.245903 
2692 -0.098846 
2693 -0.349648 
2694 -0.349648 
2695 0.322981 
2696 -0.349648 
2697 0.289200 
2698 -0.035936 
2699 -0.349648 
2700 -0.349648 
2701 0.457853 
2702 0.264757 
2703 -0.349648 
2704 0.256494 
2705 0.256494 
2706 -0.065574 
2707 -0.371832 
2708 0.037073 
2709 0.391201 
2710 0.288414 
2711 0.405902 
2712 -0.225763 
2713 -0.222244 
2714 -0.454060 
2715 0.414331 
2716 -0.225763 
2717 0.405902 
2718 0.405902 
2719 0.394728 
2720 -0.141113 
2721 -0.141113 
2722 -0.355620 
2723 -0.141113 
2724 -0.366895 
2725 -0.245903 
2726 -0.098846 
2727 -0.245903 
2728 -0.245903 
2729 -0.098846 
2730 -0.245390 
2731 -0.349648 
2732 -0.098846 
2733 -0.245390 
2734 -0.349648 
2735 0.193541 
2736 -0.223193 
2737 -0.068180 
2738 0.193541 
2739 -0.038711 
2740 -0.038711 
2741 0.369383 
2742 -0.038711 
2743 -0.223193 
2744 -0.334429 
2745 0.391201 
2746 -0.223193 
2747 0.288414 
2748 0.391201 
2749 -0.470737 
2750 0.475252 
2751 0.099120 
2752 0.405902 
2753 -0.009610 
2754 -0.488872 
2755 0.405902 
2756 0.133016 
2757 -0.141113 
2758 -0.141113 
2759 0.317801 
2760 -0.141113 
2761 -0.366895 
2762 0.294944 
2763 -0.245903 
2764 -0.098846 
2765 -0.349648 
2766 -0.348418 
2767 -0.349648 
2768 -0.348418 
2769 -0.068180 
2770 0.457853 
2771 -0.068180 
2772 0.455464 
2773 -0.223193 
2774 0.455464 
2775 -0.223193 
2776 -0.470737 
2777 -0.470737 
2778 -0.470737 
2779 0.405902 
2780 -0.470737 
2781 0.405902 
2782 0.394728 
2783 0.405902 
2784 0.394728 
2785 0.225269 
2786 -0.009376 
2787 -0.189046 
2788 0.116853 
2789 0.439985 
2790 0.116853 
2791 -0.009376 
2792 -0.054975 
2793 0.271969 
2794 0.271969 
2795 -0.194369 
2796 0.271969 
2797 -0.468551 
2798 -0.027409 
2799 0.405902 
2800 -0.398994 
2801 0.405902 
2802 0.369993 
2803 0.291551 
2804 0.369993 
2805 0.291551 
2806 0.369993 
2807 0.214436 
2808 0.214436 
2809 0.214436 
2810 -0.009376 
2811 -0.250540 
2812 -0.189046 
2813 -0.189046 
2814 -0.033474 
2815 -0.189046 
2816 -0.189046 
2817 -0.033474 
2818 -0.189046 
2819 0.439985 
2820 -0.054975 
2821 0.348964 
2822 -0.009376 
2823 -0.054975 
2824 0.348964 
2825 0.271969 
2826 -0.054354 
2827 0.133016 
2828 -0.194369 
2829 0.151288 
2830 0.133016 
2831 -0.468551 
2832 0.151288 
2833 -0.128501 
2834 0.405902 
2835 -0.027409 
2836 0.333821 
2837 0.161728 
2838 -0.225768 
2839 0.161728 
2840 0.291551 
2841 0.333821 
2842 0.214436 
2843 0.214436 
2844 -0.301856 
2845 0.214436 
2846 0.214436 
2847 0.006168 
2848 -0.250540 
2849 -0.009376 
2850 -0.478656 
2851 -0.204039 
2852 -0.009376 
2853 -0.009376 
2854 -0.479239 
2855 0.014378 
2856 0.014378 
2857 0.116853 
2858 0.283217 
2859 -0.039022 
2860 -0.438927 
2861 -0.441350 
2862 0.408415 
2863 -0.054354 
2864 -0.441350 
2865 -0.441350 
2866 -0.207423 
2867 -0.441350 
2868 -0.207423 
2869 -0.018316 
2870 0.483555 
2871 -0.348418 
2872 -0.207423 
2873 0.483555 
2874 0.483555 
2875 -0.062228 
2876 0.161728 
2877 0.333821 
2878 0.291551 
2879 -0.101817 
2880 0.161728 
2881 -0.301856 
2882 -0.101817 
2883 0.214436 
2884 0.006168 
2885 -0.141113 
2886 0.006168 
2887 0.116129 
2888 0.483965 
2889 -0.478656 
2890 0.014378 
2891 0.451359 
2892 0.460794 
2893 -0.466655 
2894 -0.259948 
2895 0.014378 
2896 0.433232 
2897 0.189537 
2898 -0.383965 
2899 -0.383965 
2900 -0.447841 
2901 -0.441350 
2902 -0.441350 
2903 0.204461 
2904 0.397957 
2905 0.397957 
2906 -0.179340 
2907 0.397957 
2908 0.397957 
2909 0.151083 
2910 -0.211626 
2911 0.478372 
2912 -0.096725 
2913 0.483555 
2914 0.478372 
2915 -0.073492 
2916 0.333821 
2917 0.161728 
2918 0.333821 
2919 -0.101817 
2920 -0.222244 
2921 -0.141113 
2922 -0.141113 
2923 0.116129 
2924 0.116129 
2925 -0.238549 
2926 0.116129 
2927 -0.009376 
2928 0.234438 
2929 -0.009376 
2930 -0.009376 
2931 0.196814 
2932 0.014378 
2933 0.460794 
2934 -0.184197 
2935 0.105777 
2936 -0.383965 
2937 0.049476 
2938 0.460285 
2939 0.460285 
2940 -0.272208 
2941 0.397957 
2942 0.397957 
2943 -0.257720 
2944 0.360306 
2945 0.360306 
2946 0.129028 
2947 0.397957 
2948 0.397957 
2949 -0.074642 
2950 -0.119435 
2951 0.227559 
2952 0.474014 
2953 -0.083896 
2954 0.227559 
2955 -0.191341 
2956 -0.083896 
2957 -0.219705 
2958 -0.146262 
2959 -0.172886 
2960 -0.141113 
2961 -0.146262 
2962 0.483965 
2963 -0.456122 
2964 -0.164472 
2965 0.211205 
2966 -0.432380 
2967 -0.164472 
2968 0.480341 
2969 0.270424 
2970 -0.197561 
2971 0.425266 
2972 0.460285 
2973 0.460285 
2974 0.496690 
2975 -0.131395 
2976 0.460285 
2977 -0.388342 
2978 0.460285 
2979 0.460285 
2980 -0.490843 
2981 -0.268992 
2982 0.397957 
2983 -0.474967 
2984 0.397957 
2985 0.453737 
2986 0.402556 
2987 -0.119435 
2988 0.123384 
2989 0.024680 
2990 0.313593 
2991 -0.119435 
2992 -0.191341 
2993 -0.119435 
2994 -0.219705 
2995 -0.144062 
2996 -0.172886 
2997 -0.146262 
2998 -0.146262 
2999 -0.002207 
3000 0.211205 
3001 -0.249995 
3002 -0.456122 
3003 -0.065574 
3004 -0.065574 
3005 -0.432376 
3006 -0.003989 
3007 -0.072307 
3008 0.290713 
3009 0.406102 
3010 0.304802 
3011 0.406904 
3012 0.162453 
3013 -0.172886 
3014 0.344263 
3015 0.460285 
3016 -0.336556 
3017 0.275472 
3018 0.013193 
3019 -0.344672 
3020 0.074889 
3021 0.088604 
3022 -0.344672 
3023 0.194329 
3024 0.088604 
3025 0.088604 
3026 -0.020936 
3027 0.365951 
3028 0.313593 
3029 -0.020936 
3030 0.365951 
3031 -0.241303 
3032 -0.144062 
3033 -0.172886 
3034 -0.144062 
3035 0.102360 
3036 0.280208 
3037 0.089585 
3038 0.089585 
3039 0.211205 
3040 0.408415 
3041 -0.399482 
3042 0.439541 
3043 0.335101 
3044 -0.003989 
3045 -0.128320 
3046 0.304802 
3047 -0.081086 
3048 0.081080 
3049 -0.068180 
3050 -0.212428 
3051 0.428837 
3052 -0.068180 
3053 -0.068180 
3054 -0.377071 
3055 -0.035936 
3056 -0.324584 
3057 0.340137 
3058 -0.324584 
3059 -0.321635 
3060 -0.344112 
3061 0.088604 
3062 0.088604 
3063 -0.399482 
3064 0.313593 
3065 0.313593 
3066 -0.415424 
3067 0.365951 
3068 -0.241303 
3069 0.391165 
3070 -0.172886 
3071 0.102360 
3072 0.102360 
3073 0.110435 
3074 -0.148951 
3075 -0.148951 
3076 0.110435 
3077 -0.148951 
3078 -0.148951 
3079 -0.182776 
3080 0.089585 
3081 0.089585 
3082 -0.366895 
3083 -0.294651 
3084 -0.223193 
3085 -0.365903 
3086 -0.068180 
3087 0.250940 
3088 0.303356 
3089 -0.037459 
3090 -0.068180 
3091 0.141777 
3092 -0.035936 
3093 -0.324584 
3094 -0.067597 
3095 -0.324584 
3096 -0.324584 
3097 0.405352 
3098 -0.174912 
3099 -0.324584 
3100 0.116853 
3101 0.377263 
3102 -0.174912 
3103 -0.415424 
3104 0.377263 
3105 0.215752 
3106 -0.098846 
3107 -0.172886 
3108 0.391165 
3109 -0.098846 
3110 -0.245903 
3111 -0.148951 
3112 0.460285 
3113 -0.349648 
3114 -0.339330 
3115 0.089585 
3116 -0.390070 
3117 -0.148951 
3118 -0.148951 
3119 -0.173087 
3120 0.140474 
3121 0.332130 
3122 0.106160 
3123 0.431949 
3124 0.299364 
3125 -0.221874 
3126 -0.068180 
3127 -0.068180 
3128 0.047974 
3129 -0.094855 
3130 -0.035936 
3131 -0.092229 
3132 -0.324584 
3133 -0.324584 
3134 -0.454060 
3135 -0.379506 
3136 -0.324584 
3137 -0.344672 
3138 -0.344672 
3139 0.211982 
3140 -0.415424 
3141 -0.344672 
3142 0.215752 
3143 -0.098846 
3144 -0.245903 
3145 -0.098846 
3146 -0.098846 
3147 -0.245903 
3148 -0.348418 
3149 -0.348418 
3150 -0.245390 
3151 -0.148951 
3152 -0.148951 
3153 0.392957 
3154 -0.148951 
3155 -0.369878 
3156 -0.223193 
3157 -0.269918 
3158 -0.184197 
3159 -0.038711 
3160 0.299364 
3161 -0.472983 
3162 0.037073 
3163 -0.470737 
3164 -0.470737 
3165 -0.377165 
3166 -0.470737 
3167 -0.033070 
3168 -0.190975 
3169 -0.190975 
3170 -0.379506 
3171 -0.228727 
3172 -0.344672 
3173 0.294944 
3174 -0.333582 
3175 0.215752 
3176 0.211982 
3177 -0.476840 
3178 0.215752 
3179 0.215752 
3180 -0.098846 
3181 -0.245903 
3182 -0.098846 
3183 -0.098846 
3184 -0.245903 
3185 0.322981 
3186 -0.348418 
3187 -0.245903 
3188 0.322981 
3189 -0.348418 
3190 0.289200 
3191 -0.035936 
3192 0.457853 
3193 -0.308933 
3194 -0.038711 
3195 0.455464 
3196 -0.308933 
3197 -0.038711 
3198 -0.038711 
3199 0.287225 
3200 0.288414 
3201 -0.470737 
3202 0.026390 
3203 0.288414 
3204 -0.470737 
3205 0.391201 
3206 -0.222244 
3207 -0.222244 
3208 -0.257720 
3209 0.225269 
3210 0.394728 
3211 -0.190975 
3212 0.225269 
3213 0.225269 
3214 -0.141113 
3215 0.215752 
3216 0.215752 
3217 0.294944 
3218 -0.098846 
3219 -0.245903 
3220 -0.348418 
3221 -0.348418 
3222 -0.366994 
3223 -0.223193 
3224 -0.366994 
3225 -0.223193 
3226 0.455464 
3227 -0.223193 
3228 0.455464 
3229 -0.223193 
3230 -0.470737 
3231 -0.223193 
3232 -0.470737 
3233 -0.470737 
3234 -0.470737 
3235 -0.470737 
3236 0.394728 
3237 -0.190975 
3238 0.394728 
3239 -0.190975 
3240 -0.141113 
3241 -0.189046 
3242 0.116853 
3243 -0.189046 
3244 0.116853 
3245 0.439985 
3246 -0.054975 
3247 0.271969 
3248 0.271969 
3249 0.271969 
3250 0.271969 
3251 -0.194369 
3252 -0.027409 
3253 -0.468551 
3254 -0.398994 
3255 0.405902 
3256 0.369993 
3257 0.405902 
3258 0.369993 
3259 0.291551 
3260 0.369993 
3261 0.291551 
3262 0.214436 
3263 0.214436 
3264 0.214436 
3265 -0.033474 
3266 -0.009376 
3267 -0.009376 
3268 -0.009376 
3269 -0.189046 
3270 -0.033474 
3271 0.116853 
3272 0.439985 
3273 -0.054975 
3274 -0.054975 
3275 -0.189046 
3276 -0.054354 
3277 -0.054975 
3278 0.283217 
3279 -0.054354 
3280 0.271969 
3281 0.348964 
3282 -0.027409 
3283 0.271969 
3284 -0.468551 
3285 -0.027409 
3286 -0.027409 
3287 -0.251512 
3288 -0.027409 
3289 -0.398994 
3290 -0.251512 
3291 -0.222244 
3292 0.369993 
3293 0.161728 
3294 -0.301856 
3295 0.369993 
3296 0.161728 
3297 -0.301856 
3298 0.214436 
3299 0.214436 
3300 0.214436 
3301 0.214436 
3302 -0.009376 
3303 0.006168 
3304 -0.033474 
3305 -0.009376 
3306 -0.478656 
3307 -0.479239 
3308 -0.033474 
3309 -0.009376 
3310 -0.479239 
3311 0.439985 
3312 0.460794 
3313 -0.479239 
3314 -0.039022 
3315 0.345722 
3316 0.271969 
3317 0.271969 
3318 0.348964 
3319 -0.207423 
3320 -0.207423 
3321 -0.488872 
3322 -0.207423 
3323 -0.207423 
3324 0.133016 
3325 0.195763 
3326 -0.207423 
3327 -0.128501 
3328 0.369993 
3329 0.369993 
3330 -0.280883 
3331 0.369993 
3332 0.369993 
3333 0.478372 
3334 -0.301856 
3335 -0.301856 
3336 0.161728 
3337 -0.301856 
3338 -0.101817 
3339 -0.141113 
3340 0.006168 
3341 -0.009376 
3342 -0.141113 
3343 0.116129 
3344 0.408273 
3345 0.408273 
3346 -0.009376 
3347 0.460794 
3348 -0.301353 
3349 0.014378 
3350 -0.148951 
3351 -0.479239 
3352 0.460794 
3353 -0.148951 
3354 -0.148951 
3355 0.179267 
3356 -0.429295 
3357 0.000568 
3358 0.433455 
3359 -0.194369 
3360 -0.397782 
3361 -0.207423 
3362 -0.018316 
3363 0.047300 
3364 0.397957 
3365 -0.018316 
3366 -0.274119 
3367 0.483555 
3368 0.369993 
3369 0.483555 
3370 0.211982 
3371 -0.222244 
3372 -0.301856 
3373 0.161728 
3374 -0.222244 
3375 -0.101817 
3376 -0.141113 
3377 -0.141113 
3378 -0.141113 
3379 -0.141113 
3380 0.116129 
3381 -0.456122 
3382 -0.009376 
3383 -0.009376 
3384 -0.469688 
3385 0.408273 
3386 0.460794 
3387 0.496690 
3388 -0.092651 
3389 0.460794 
3390 0.496690 
3391 0.023540 
3392 0.021554 
3393 -0.148951 
3394 0.363742 
3395 0.035943 
3396 0.308736 
3397 0.021272 
3398 -0.461110 
3399 0.238602 
3400 0.154638 
3401 0.397957 
3402 0.067098 
3403 0.067098 
3404 0.194054 
3405 0.086861 
3406 -0.191341 
3407 0.366653 
3408 -0.219705 
3409 -0.191341 
3410 0.227559 
3411 -0.219705 
3412 -0.083896 
3413 0.211205 
3414 -0.146262 
3415 -0.238549 
3416 -0.238549 
3417 -0.146262 
3418 -0.456122 
3419 -0.238549 
3420 -0.474967 
3421 -0.456122 
3422 -0.456122 
3423 0.319248 
3424 0.496690 
3425 -0.457643 
3426 -0.271050 
3427 -0.067597 
3428 0.014378 
3429 0.460285 
3430 0.496690 
3431 0.198579 
3432 -0.432376 
3433 -0.221926 
3434 -0.268992 
3435 0.460285 
3436 -0.268992 
3437 -0.321635 
3438 0.397957 
3439 0.196814 
3440 -0.247742 
3441 -0.197561 
3442 0.067098 
3443 0.067098 
3444 0.454713 
3445 -0.241303 
3446 -0.119435 
3447 0.227559 
3448 -0.219705 
3449 -0.119435 
3450 0.280208 
3451 -0.144062 
3452 0.211205 
3453 0.280208 
3454 -0.146262 
3455 0.211205 
3456 0.211205 
3457 0.335101 
3458 0.329365 
3459 0.020020 
3460 -0.007122 
3461 0.223660 
3462 -0.280883 
3463 -0.180792 
3464 0.496690 
3465 -0.007122 
3466 -0.245390 
3467 0.496690 
3468 -0.264709 
3469 0.460285 
3470 0.360787 
3471 0.259830 
3472 0.027551 
3473 0.287225 
3474 -0.268992 
3475 0.430431 
3476 0.067098 
3477 0.067098 
3478 0.397957 
3479 0.067098 
3480 -0.398994 
3481 0.112993 
3482 0.365951 
3483 -0.020936 
3484 -0.282893 
3485 -0.241303 
3486 0.365951 
3487 -0.144062 
3488 -0.144062 
3489 0.280208 
3490 0.110435 
3491 -0.146262 
3492 -0.098187 
3493 0.373832 
3494 0.334308 
3495 -0.230628 
3496 -0.339330 
3497 -0.052429 
3498 -0.407524 
3499 -0.475663 
3500 -0.023943 
3501 -0.223193 
3502 -0.366994 
3503 0.214446 
3504 -0.264709 
3505 -0.155046 
3506 -0.068180 
3507 0.325944 
3508 0.325944 
3509 -0.068180 
3510 0.304802 
3511 0.304802 
3512 -0.324584 
3513 0.304802 
3514 -0.164819 
3515 -0.379017 
3516 -0.134238 
3517 -0.081086 
3518 0.088604 
3519 -0.241303 
3520 -0.282893 
3521 -0.449759 
3522 -0.241303 
3523 0.365951 
3524 -0.144062 
3525 0.391165 
3526 -0.144062 
3527 -0.144062 
3528 0.102360 
3529 0.498549 
3530 0.373832 
3531 0.102360 
3532 0.371657 
3533 -0.437173 
3534 0.023540 
3535 0.049476 
3536 0.138591 
3537 0.162386 
3538 -0.294651 
3539 -0.223193 
3540 -0.269986 
3541 -0.223193 
3542 0.483555 
3543 0.106955 
3544 -0.322703 
3545 0.027053 
3546 -0.035936 
3547 0.304802 
3548 0.304802 
3549 0.400646 
3550 0.006168 
3551 -0.295507 
3552 0.475239 
3553 0.304802 
3554 0.106955 
3555 -0.449854 
3556 0.111541 
3557 0.215752 
3558 0.106955 
3559 0.215752 
3560 0.377263 
3561 -0.245903 
3562 -0.098846 
3563 -0.144062 
3564 -0.245903 
3565 -0.098846 
3566 -0.148951 
3567 -0.148951 
3568 0.439541 
3569 0.270939 
3570 0.392957 
3571 -0.148951 
3572 -0.136972 
3573 -0.335638 
3574 -0.202706 
3575 -0.139373 
3576 0.234438 
3577 0.299364 
3578 -0.146988 
3579 -0.041166 
3580 -0.196324 
3581 -0.243075 
3582 -0.018316 
3583 0.280208 
3584 0.099120 
3585 -0.190975 
3586 0.402556 
3587 0.400589 
3588 -0.061256 
3589 0.000568 
3590 -0.476840 
3591 0.304802 
3592 -0.344672 
3593 0.111541 
3594 0.111541 
3595 -0.174912 
3596 0.111541 
3597 -0.344672 
3598 -0.245903 
3599 -0.098846 
3600 -0.245903 
3601 -0.245903 
3602 -0.144062 
3603 0.496690 
3604 -0.348418 
3605 -0.348418 
3606 -0.093232 
3607 -0.148951 
3608 -0.267516 
3609 -0.308933 
3610 0.105777 
3611 -0.019622 
3612 -0.223193 
3613 0.287225 
3614 -0.345188 
3615 0.026390 
3616 0.105777 
3617 -0.109622 
3618 0.194856 
3619 -0.018316 
3620 -0.470737 
3621 -0.190975 
3622 -0.257720 
3623 -0.470737 
3624 -0.190975 
3625 -0.190975 
3626 0.134366 
3627 -0.190975 
3628 -0.190975 
3629 0.225269 
3630 0.215752 
3631 -0.476840 
3632 0.129028 
3633 0.215752 
3634 0.215752 
3635 -0.245903 
3636 -0.098846 
3637 -0.245903 
3638 -0.245903 
3639 -0.098846 
3640 -0.245390 
3641 -0.348418 
3642 -0.348418 
3643 -0.245390 
3644 -0.223193 
3645 -0.366994 
3646 -0.308933 
3647 -0.308933 
3648 -0.019622 
3649 0.287225 
3650 -0.223193 
3651 -0.184197 
3652 0.287225 
3653 -0.038711 
3654 0.130406 
3655 -0.109622 
3656 -0.223193 
3657 -0.204039 
3658 -0.018316 
3659 -0.470737 
3660 0.130406 
3661 0.457091 
3662 0.457091 
3663 -0.204039 
3664 -0.190975 
3665 -0.190975 
3666 -0.222235 
3667 0.215752 
3668 -0.141113 
3669 -0.222235 
3670 0.215752 
3671 0.215752 
3672 0.294944 
3673 -0.245903 
3674 -0.098846 
3675 -0.348418 
3676 -0.348418 
3677 -0.223193 
3678 -0.366994 
3679 -0.223193 
3680 0.457853 
3681 -0.223193 
3682 0.455464 
3683 -0.223193 
3684 0.455464 
3685 -0.223193 
3686 -0.470737 
3687 -0.470737 
3688 -0.470737 
3689 -0.470737 
3690 -0.470737 
3691 -0.190975 
3692 0.394728 
3693 -0.190975 
3694 0.394728 
3695 0.225269 
3696 -0.189046 
3697 0.439985 
3698 0.116853 
3699 0.439985 
3700 0.116853 
3701 0.271969 
3702 0.271969 
3703 0.271969 
3704 0.271969 
3705 0.278725 
3706 0.271969 
3707 -0.251512 
3708 -0.027409 
3709 0.278725 
3710 -0.398994 
3711 0.322981 
3712 0.369993 
3713 0.322981 
3714 0.369993 
3715 0.322981 
3716 0.369993 
3717 0.214436 
3718 0.214436 
3719 -0.160203 
3720 -0.009376 
3721 -0.009376 
3722 -0.189046 
3723 -0.189046 
3724 -0.033474 
3725 -0.189046 
3726 -0.189046 
3727 -0.033474 
3728 0.439985 
3729 0.439985 
3730 -0.054975 
3731 0.348964 
3732 0.271969 
3733 -0.054975 
3734 0.348964 
3735 0.348964 
3736 -0.054975 
3737 -0.251512 
3738 0.278725 
3739 -0.027409 
3740 0.278725 
3741 -0.251512 
3742 -0.251512 
3743 0.322981 
3744 -0.251512 
3745 -0.251512 
3746 -0.251512 
3747 -0.251512 
3748 0.426558 
3749 0.426558 
3750 0.322981 
3751 0.426558 
3752 0.214436 
3753 0.214436 
3754 -0.301856 
3755 0.214436 
3756 0.214436 
3757 -0.009376 
3758 -0.009376 
3759 -0.009376 
3760 -0.009376 
3761 -0.033474 
3762 0.221418 
3763 -0.009376 
3764 -0.009376 
3765 0.221418 
3766 0.439985 
3767 0.439985 
3768 0.348964 
3769 0.086861 
3770 -0.479239 
3771 0.348964 
3772 0.278725 
3773 0.271969 
3774 0.348964 
3775 0.348964 
3776 -0.207423 
3777 -0.207423 
3778 -0.251512 
3779 0.278725 
3780 -0.251512 
3781 -0.251512 
3782 -0.207423 
3783 -0.251512 
3784 -0.251512 
3785 0.369993 
3786 0.426558 
3787 0.211982 
3788 -0.222244 
3789 0.426558 
3790 -0.222244 
3791 0.426558 
3792 0.426558 
3793 -0.222244 
3794 0.335101 
3795 -0.141113 
3796 -0.009376 
3797 -0.141113 
3798 -0.141113 
3799 0.221418 
3800 0.221418 
3801 -0.009376 
3802 0.221418 
3803 0.221418 
3804 0.014378 
3805 0.221418 
3806 0.221418 
3807 -0.092651 
3808 0.348964 
3809 0.332130 
3810 0.332130 
3811 -0.461110 
3812 0.332130 
3813 0.332130 
3814 -0.461110 
3815 -0.461110 
3816 -0.207423 
3817 -0.251512 
3818 -0.251512 
3819 0.397957 
3820 -0.128501 
3821 0.397957 
3822 0.397957 
3823 0.426558 
3824 0.483555 
3825 0.211982 
3826 -0.119435 
3827 0.426558 
3828 0.426558 
3829 -0.119435 
3830 -0.222244 
3831 0.335101 
3832 -0.141113 
3833 0.335101 
3834 -0.141113 
3835 -0.238549 
3836 -0.009376 
3837 -0.009376 
3838 -0.456122 
3839 -0.074407 
3840 -0.074407 
3841 -0.009376 
3842 -0.074407 
3843 -0.092651 
3844 -0.469688 
3845 -0.140011 
3846 0.023540 
3847 -0.092651 
3848 -0.461110 
3849 -0.461110 
3850 0.332130 
3851 -0.461110 
3852 -0.461110 
3853 -0.268992 
3854 -0.461110 
3855 -0.461110 
3856 -0.268992 
3857 0.397957 
3858 0.397957 
3859 0.067098 
3860 0.454713 
3861 0.397957 
3862 -0.241303 
3863 0.366653 
3864 -0.083896 
3865 -0.191341 
3866 -0.119435 
3867 -0.219705 
3868 -0.144062 
3869 0.211205 
3870 -0.146262 
3871 -0.146262 
3872 -0.238549 
3873 0.143904 
3874 -0.009376 
3875 0.211205 
3876 -0.074407 
3877 -0.074407 
3878 -0.456122 
3879 -0.140011 
3880 -0.140011 
3881 -0.074407 
3882 -0.074407 
3883 -0.074407 
3884 -0.140011 
3885 -0.140011 
3886 0.198579 
3887 0.325944 
3888 0.430431 
3889 0.430431 
3890 -0.268992 
3891 0.430431 
3892 0.430431 
3893 0.067098 
3894 0.397957 
3895 0.397957 
3896 0.067098 
3897 0.067098 
3898 0.067098 
3899 -0.241303 
3900 0.454713 
3901 -0.119435 
3902 -0.191341 
3903 -0.119435 
3904 -0.219705 
3905 0.102360 
3906 0.280208 
3907 -0.144062 
3908 -0.146262 
3909 0.280208 
3910 0.334308 
3911 0.143904 
3912 -0.456122 
3913 -0.131395 
3914 0.143904 
3915 0.211205 
3916 -0.472147 
3917 -0.472147 
3918 -0.264709 
3919 -0.472147 
3920 -0.472147 
3921 -0.264709 
3922 -0.421598 
3923 -0.421598 
3924 0.325944 
3925 0.430431 
3926 0.430431 
3927 0.325944 
3928 0.430431 
3929 0.430431 
3930 -0.268992 
3931 0.430431 
3932 0.430431 
3933 -0.268992 
3934 -0.282893 
3935 0.067098 
3936 0.397957 
3937 -0.282893 
3938 -0.119435 
3939 -0.282893 
3940 -0.119435 
3941 -0.241303 
3942 0.102360 
3943 -0.144062 
3944 0.102360 
3945 0.102360 
3946 -0.144062 
3947 0.102360 
3948 0.373832 
3949 0.211205 
3950 0.373832 
3951 -0.339330 
3952 0.373832 
3953 -0.131395 
3954 -0.131395 
3955 -0.223193 
3956 -0.421598 
3957 -0.421598 
3958 -0.472147 
3959 -0.472147 
3960 -0.472147 
3961 -0.421598 
3962 -0.421598 
3963 -0.421598 
3964 -0.193745 
3965 0.430431 
3966 0.430431 
3967 -0.041166 
3968 0.430431 
3969 0.430431 
3970 0.162840 
3971 -0.449759 
3972 -0.449759 
3973 0.106955 
3974 -0.282893 
3975 -0.282893 
3976 0.111541 
3977 -0.282893 
3978 -0.241303 
3979 -0.144062 
3980 -0.144062 
3981 0.102360 
3982 -0.144062 
3983 -0.144062 
3984 -0.144062 
3985 0.373832 
3986 0.373832 
3987 0.211469 
3988 0.102360 
3989 0.373832 
3990 0.299364 
3991 0.299364 
3992 -0.379506 
3993 -0.345188 
3994 -0.345188 
3995 -0.345188 
3996 -0.426249 
3997 -0.472147 
3998 -0.223193 
3999 -0.426249 
4000 0.027053 
4001 0.483555 
4002 -0.193745 
4003 -0.193745 
4004 0.304802 
4005 0.129028 
4006 0.162840 
4007 0.304802 
4008 -0.449759 
4009 0.215752 
4010 0.304802 
4011 0.111541 
4012 0.215752 
4013 -0.282893 
4014 0.215752 
4015 0.215752 
4016 -0.144062 
4017 -0.245903 
4018 -0.098846 
4019 -0.098846 
4020 -0.245903 
4021 0.102360 
4022 0.102360 
4023 -0.144062 
4024 0.373832 
4025 0.102360 
4026 0.373832 
4027 0.105777 
4028 -0.019622 
4029 -0.345188 
4030 0.105777 
4031 -0.345188 
4032 -0.223193 
4033 -0.146988 
4034 -0.041166 
4035 -0.223193 
4036 -0.426249 
4037 -0.426249 
4038 -0.018316 
4039 -0.426249 
4040 -0.426249 
4041 -0.190975 
4042 0.129028 
4043 0.129028 
4044 -0.190975 
4045 -0.476840 
4046 0.129028 
4047 0.215752 
4048 -0.449759 
4049 -0.449759 
4050 0.111541 
4051 0.111541 
4052 0.215752 
4053 -0.144062 
4054 -0.245903 
4055 -0.245903 
4056 -0.098846 
4057 -0.245903 
4058 -0.348418 
4059 0.439541 
4060 -0.348418 
4061 -0.148951 
4062 0.439541 
4063 0.392957 
4064 -0.308933 
4065 0.105777 
4066 -0.223193 
4067 0.130406 
4068 0.287225 
4069 0.105777 
4070 0.130406 
4071 0.130406 
4072 0.105777 
4073 -0.426249 
4074 -0.096213 
4075 -0.018316 
4076 -0.426249 
4077 -0.018316 
4078 0.457091 
4079 -0.222235 
4080 0.225269 
4081 -0.467223 
4082 0.215752 
4083 0.129028 
4084 -0.190975 
4085 0.215752 
4086 -0.344672 
4087 -0.476840 
4088 0.215752 
4089 0.215752 
4090 -0.098846 
4091 -0.245903 
4092 -0.098846 
4093 -0.098846 
4094 -0.245903 
4095 -0.348418 
4096 -0.348418 
4097 -0.245903 
4098 -0.267516 
4099 -0.267516 
4100 -0.348418 
4101 -0.019622 
4102 -0.019622 
4103 -0.308933 
4104 0.130406 
4105 -0.223193 
4106 -0.308933 
4107 0.130406 
4108 0.130406 
4109 0.287225 
4110 0.130406 
4111 0.130406 
4112 0.130406 
4113 0.130406 
4114 -0.204039 
4115 0.130406 
4116 -0.204039 
4117 -0.204039 
4118 -0.204039 
4119 -0.222235 
4120 -0.222235 
4121 -0.222235 
4122 -0.222235 
4123 -0.222235 
4124 0.215752 
4125 0.215752 
4126 0.215752 
4127 0.294944 
4128 -0.098846 
4129 -0.245903 
4130 -0.348418 
4131 -0.348418 
4132 -0.366994 
4133 -0.223193 
4134 -0.366994 
4135 -0.223193 
4136 -0.223193 
4137 -0.223193 
4138 -0.223193 
4139 -0.223193 
4140 0.130406 
4141 -0.223193 
4142 -0.204039 
4143 -0.470737 
4144 -0.204039 
4145 -0.470737 
4146 -0.222235 
4147 -0.190975 
4148 -0.222235 
4149 -0.190975 
4150 -0.141113 
4151 0.319476 
4152 0.116853 
4153 0.116853 
4154 0.116853 
4155 0.116853 
4156 -0.398994 
4157 -0.398994 
4158 -0.398994 
4159 -0.268992 
4160 -0.268992 
4161 -0.268992 
4162 -0.268992 
4163 0.214436 
4164 0.317801 
4165 -0.334429 
4166 -0.334429 
4167 0.352452 
4168 0.241731 
4169 -0.055902 
4170 -0.201874 
4171 -0.201874 
4172 -0.305518 
4173 -0.268992 
4174 -0.268992 
4175 0.214436 
4176 -0.268992 
4177 0.392711 
4178 -0.334429 
4179 0.083420 
4180 0.352452 
4181 0.474507 
4182 -0.335342 
4183 -0.359819 
4184 -0.335342 
4185 -0.249855 
4186 0.171097 
4187 -0.402076 
4188 -0.268992 
4189 0.214436 
4190 0.392711 
4191 -0.346533 
4192 -0.242288 
4193 -0.334429 
4194 -0.087392 
4195 0.454713 
4196 -0.074582 
4197 -0.146988 
4198 0.112993 
4199 -0.098764 
4200 -0.018582 
4201 -0.268992 
4202 0.214436 
4203 0.392711 
4204 -0.185647 
4205 -0.164472 
4206 0.327978 
4207 0.394728 
4208 0.143904 
4209 0.256529 
4210 -0.294651 
4211 -0.397782 
4212 0.238602 
4213 -0.490843 
4214 0.460893 
4215 -0.101817 
4216 0.439985 
4217 -0.271050 
4218 -0.299187 
4219 -0.357065 
4220 -0.357065 
4221 0.233285 
4222 -0.115830 
4223 -0.138520 
4224 0.038793 
4225 -0.022851 
4226 0.460893 
4227 0.460893 
4228 -0.119435 
4229 0.439985 
4230 -0.271050 
4231 -0.160203 
4232 -0.108042 
4233 0.233285 
4234 0.233285 
4235 0.083981 
4236 0.377305 
4237 -0.390070 
4238 0.089585 
4239 0.223514 
4240 -0.457643 
4241 -0.119435 
4242 0.439985 
4243 0.439985 
4244 -0.160203 
4245 -0.057587 
4246 0.021272 
4247 0.157003 
4248 0.307975 
4249 0.455464 
4250 -0.219705 
4251 0.114944 
4252 0.307851 
4253 0.117307 
4254 -0.340777 
4255 0.439985 
4256 0.439985 
4257 -0.364131 
4258 -0.364131 
4259 -0.364131 
4260 -0.173025 
4261 -0.447841 
4262 -0.033988 
4263 -0.269986 
4264 0.250646 
4265 -0.143206 
4266 -0.340777 
4267 -0.340777 
4268 0.439985 
4269 0.340137 
4270 0.003645 
4271 0.393060 
4272 0.047300 
4273 -0.379017 
4274 -0.336556 
4275 -0.389941 
4276 -0.464243 
4277 0.346382 
4278 -0.366895 
4279 -0.340777 
4280 -0.340777 
4281 -0.003989 
4282 0.340137 
4283 0.003645 
4284 0.414331 
4285 0.414331 
4286 0.150537 
4287 -0.339115 
4288 -0.215470 
4289 -0.215470 
4290 -0.149621 
4291 0.038758 
4292 0.405902 
4293 -0.340777 
4294 0.306123 
4295 -0.003989 
4296 0.340137 
4297 -0.049990 
4298 -0.049990 
4299 -0.080121 
4300 -0.080121 
4301 -0.215470 
4302 -0.225763 
4303 -0.143206 
4304 0.405902 
4305 0.405902 
4306 -0.340777 
4307 0.306123 
4308 0.306123 
4309 -0.003989 
4310 -0.003989 
4311 -0.003989 
4312 -0.080121 
4313 0.299364 
4314 0.299364 
4315 -0.470737 
4316 0.099120 
4317 -0.488872 
4318 -0.488872 
4319 -0.141113 
4320 -0.009376 
4321 -0.009376 
4322 -0.009376 
4323 0.341624 
4324 0.341624 
4325 0.241379 
4326 -0.398994 
4327 -0.291645 
4328 -0.291645 
4329 -0.268992 
4330 -0.268992 
4331 0.214436 
4332 -0.472147 
4333 0.392711 
4334 -0.009985 
4335 -0.009376 
4336 0.449213 
4337 0.449213 
4338 0.159478 
4339 -0.377952 
4340 -0.128202 
4341 0.291551 
4342 -0.101817 
4343 -0.101817 
4344 -0.268992 
4345 0.214436 
4346 -0.164472 
4347 -0.196324 
4348 0.352452 
4349 0.083981 
4350 0.131443 
4351 0.085459 
4352 -0.359819 
4353 0.341285 
4354 0.322751 
4355 0.171097 
4356 -0.402076 
4357 -0.101817 
4358 0.214436 
4359 -0.185647 
4360 -0.196324 
4361 0.135698 
4362 -0.221926 
4363 0.329365 
4364 0.368534 
4365 -0.074582 
4366 0.341285 
4367 0.341285 
4368 -0.098764 
4369 -0.422236 
4370 -0.101817 
4371 -0.101817 
4372 0.254375 
4373 -0.185647 
4374 -0.164472 
4375 0.327978 
4376 0.385350 
4377 0.171209 
4378 -0.202706 
4379 0.341285 
4380 0.341285 
4381 -0.096145 
4382 0.194054 
4383 -0.101817 
4384 -0.101817 
4385 0.254375 
4386 -0.185647 
4387 0.254375 
4388 0.135698 
4389 0.385350 
4390 -0.096213 
4391 -0.115830 
4392 0.171209 
4393 -0.022851 
4394 -0.022851 
4395 0.325944 
4396 -0.101817 
4397 -0.119435 
4398 0.439985 
4399 0.074889 
4400 0.007590 
4401 -0.108042 
4402 -0.225839 
4403 0.233285 
4404 0.083981 
4405 0.377305 
4406 -0.390070 
4407 0.089585 
4408 0.223514 
4409 0.117307 
4410 0.313593 
4411 0.439985 
4412 0.097779 
4413 0.439985 
4414 -0.057587 
4415 0.117187 
4416 0.307975 
4417 0.307975 
4418 0.238565 
4419 0.238565 
4420 0.114944 
4421 0.117307 
4422 0.117307 
4423 0.313593 
4424 0.439985 
4425 -0.142286 
4426 0.449850 
4427 -0.364131 
4428 -0.101817 
4429 -0.179340 
4430 -0.447841 
4431 0.475239 
4432 0.238565 
4433 0.250646 
4434 0.499407 
4435 0.117307 
4436 0.117307 
4437 -0.003989 
4438 -0.142286 
4439 0.480341 
4440 0.393060 
4441 -0.483004 
4442 -0.179340 
4443 -0.336556 
4444 -0.389941 
4445 -0.464243 
4446 0.346382 
4447 -0.366895 
4448 -0.201874 
4449 0.117307 
4450 -0.003989 
4451 0.182243 
4452 0.394570 
4453 0.182243 
4454 -0.101817 
4455 -0.101817 
4456 -0.339115 
4457 -0.225763 
4458 -0.008946 
4459 -0.149621 
4460 -0.355620 
4461 0.394728 
4462 -0.366895 
4463 0.182243 
4464 -0.003989 
4465 0.182243 
4466 0.193541 
4467 0.193541 
4468 -0.377165 
4469 -0.080121 
4470 -0.225763 
4471 -0.225763 
4472 -0.225763 
4473 0.394728 
4474 0.394728 
4475 -0.366895 
4476 0.294944 
4477 0.182243 
4478 -0.003989 
4479 0.457853 
4480 0.457853 
4481 0.299364 
4482 0.299364 
4483 -0.470737 
4484 -0.225763 
4485 -0.225763 
4486 0.394728 
4487 0.394728 
4488 0.317801 
4489 -0.119435 
4490 0.116853 
4491 0.116853 
4492 0.116853 
4493 -0.207423 
4494 -0.207423 
4495 -0.398994 
4496 -0.398994 
4497 -0.268992 
4498 -0.268992 
4499 -0.268992 
4500 0.214436 
4501 0.214436 
4502 -0.250540 
4503 0.391008 
4504 -0.119435 
4505 -0.108766 
4506 -0.108766 
4507 0.304134 
4508 0.151288 
4509 -0.466655 
4510 -0.466655 
4511 0.214436 
4512 0.214436 
4513 0.214436 
4514 0.214436 
4515 -0.250540 
4516 0.391008 
4517 0.234623 
4518 0.234623 
4519 -0.243075 
4520 -0.054354 
4521 -0.359819 
4522 0.151288 
4523 0.151288 
4524 0.171097 
4525 -0.225768 
4526 0.214436 
4527 0.214436 
4528 0.483965 
4529 -0.250540 
4530 0.451359 
4531 -0.259948 
4532 0.234623 
4533 -0.243075 
4534 -0.191341 
4535 -0.146988 
4536 0.112993 
4537 -0.096725 
4538 -0.225768 
4539 0.214436 
4540 0.214436 
4541 0.483965 
4542 0.377305 
4543 -0.391073 
4544 -0.391073 
4545 -0.391073 
4546 0.223660 
4547 -0.272208 
4548 -0.257720 
4549 0.495714 
4550 -0.074642 
4551 0.308736 
4552 -0.251346 
4553 0.214436 
4554 -0.172886 
4555 0.377305 
4556 0.483965 
4557 -0.391073 
4558 -0.391073 
4559 -0.308933 
4560 -0.388342 
4561 0.275472 
4562 0.488502 
4563 0.402556 
4564 0.024680 
4565 -0.251346 
4566 -0.119435 
4567 -0.172886 
4568 0.021554 
4569 0.007590 
4570 0.290713 
4571 0.290713 
4572 -0.092651 
4573 -0.492388 
4574 0.275472 
4575 -0.139373 
4576 0.194329 
4577 0.488502 
4578 -0.399482 
4579 -0.241303 
4580 -0.172886 
4581 0.021554 
4582 0.449850 
4583 -0.057587 
4584 -0.128320 
4585 0.094318 
4586 0.428837 
4587 -0.377071 
4588 0.238565 
4589 -0.344112 
4590 -0.415424 
4591 -0.399482 
4592 -0.399482 
4593 -0.172886 
4594 -0.108766 
4595 0.449850 
4596 0.351227 
4597 0.465636 
4598 -0.365903 
4599 0.303356 
4600 0.141777 
4601 -0.269986 
4602 0.405352 
4603 -0.415424 
4604 0.117307 
4605 -0.415424 
4606 -0.172886 
4607 -0.349648 
4608 0.480341 
4609 0.465636 
4610 -0.173087 
4611 0.465636 
4612 -0.221874 
4613 0.047974 
4614 -0.092229 
4615 -0.454060 
4616 0.211982 
4617 -0.181249 
4618 -0.415424 
4619 -0.230628 
4620 -0.349648 
4621 0.322981 
4622 -0.035936 
4623 0.465636 
4624 0.465636 
4625 0.037073 
4626 0.288414 
4627 -0.222244 
4628 -0.228727 
4629 -0.333582 
4630 -0.181249 
4631 -0.141113 
4632 -0.245903 
4633 -0.230628 
4634 -0.349648 
4635 -0.349648 
4636 -0.349648 
4637 -0.349648 
4638 -0.065574 
4639 0.391201 
4640 -0.225763 
4641 0.414331 
4642 0.405902 
4643 0.405902 
4644 -0.141113 
4645 0.294944 
4646 -0.245903 
4647 -0.349648 
4648 -0.349648 
4649 -0.068180 
4650 -0.068180 
4651 -0.223193 
4652 -0.223193 
4653 -0.470737 
4654 0.405902 
4655 0.405902 
4656 0.405902 
4657 -0.141113 
4658 -0.189046 
4659 -0.189046 
4660 0.439985 
4661 -0.009376 
4662 0.271969 
4663 -0.194369 
4664 -0.468551 
4665 0.405902 
4666 0.405902 
4667 0.291551 
4668 0.291551 
4669 0.214436 
4670 0.214436 
4671 -0.009376 
4672 -0.009376 
4673 0.014378 
4674 -0.039022 
4675 0.408415 
4676 0.408415 
4677 -0.207423 
4678 -0.348418 
4679 -0.348418 
4680 0.333821 
4681 0.333821 
4682 -0.101817 
4683 0.214436 
4684 0.006168 
4685 -0.009376 
4686 -0.478656 
4687 -0.189046 
4688 -0.438927 
4689 -0.054354 
4690 -0.488872 
4691 0.133016 
4692 -0.128501 
4693 -0.280883 
4694 0.161728 
4695 0.333821 
4696 -0.101817 
4697 0.006168 
4698 0.006168 
4699 0.451359 
4700 0.433232 
4701 0.189537 
4702 0.433455 
4703 0.433455 
4704 0.256182 
4705 -0.211626 
4706 0.483555 
4707 -0.073492 
4708 0.333821 
4709 -0.101817 
4710 -0.141113 
4711 0.006168 
4712 0.234438 
4713 0.116129 
4714 0.451359 
4715 -0.009610 
4716 0.035943 
4717 -0.461110 
4718 0.495714 
4719 0.194054 
4720 0.227559 
4721 0.227559 
4722 -0.083896 
4723 -0.146262 
4724 -0.249995 
4725 0.116129 
4726 0.116129 
4727 -0.271050 
4728 0.270424 
4729 -0.432376 
4730 0.013193 
4731 -0.293627 
4732 -0.197561 
4733 0.227559 
4734 0.123384 
4735 -0.119435 
4736 -0.144062 
4737 -0.249995 
4738 0.007590 
4739 -0.432380 
4740 0.290713 
4741 0.270424 
4742 -0.212428 
4743 0.275472 
4744 0.430431 
4745 -0.321635 
4746 -0.099745 
4747 0.123384 
4748 0.365951 
4749 -0.144062 
4750 -0.148951 
4751 -0.146262 
4752 -0.052429 
4753 -0.023943 
4754 0.094318 
4755 0.428837 
4756 0.238565 
4757 0.238565 
4758 -0.344112 
4759 -0.174912 
4760 0.088604 
4761 0.365951 
4762 0.391165 
4763 0.460285 
4764 0.102360 
4765 -0.339330 
4766 0.332130 
4767 0.140474 
4768 0.106955 
4769 -0.037459 
4770 0.400646 
4771 0.475239 
4772 -0.449854 
4773 -0.324584 
4774 0.377263 
4775 -0.098846 
4776 0.460285 
4777 0.480341 
4778 -0.339330 
4779 -0.339330 
4780 0.431949 
4781 -0.196324 
4782 0.047974 
4783 0.402556 
4784 0.000568 
4785 0.211982 
4786 -0.324584 
4787 -0.344672 
4788 -0.098846 
4789 -0.348418 
4790 -0.348418 
4791 -0.339330 
4792 -0.339330 
4793 -0.038711 
4794 -0.109622 
4795 0.431949 
4796 -0.470737 
4797 0.134366 
4798 -0.379506 
4799 0.294944 
4800 0.215752 
4801 -0.098846 
4802 -0.348418 
4803 -0.348418 
4804 -0.148951 
4805 -0.369878 
4806 -0.269918 
4807 -0.269918 
4808 -0.470737 
4809 -0.033070 
4810 -0.033070 
4811 0.294944 
4812 0.294944 
4813 0.215752 
4814 0.294944 
4815 -0.098846 
4816 -0.348418 
4817 -0.348418 
4818 0.457853 
4819 0.455464 
4820 0.455464 
4821 -0.470737 
4822 -0.470737 
4823 -0.470737 
4824 0.394728 
4825 0.394728 
4826 0.225269 
4827 -0.009376 
4828 0.116853 
4829 0.116853 
4830 -0.054975 
4831 0.271969 
4832 0.271969 
4833 -0.027409 
4834 -0.398994 
4835 0.369993 
4836 0.369993 
4837 0.369993 
4838 0.214436 
4839 0.214436 
4840 -0.009376 
4841 -0.033474 
4842 0.439985 
4843 -0.039022 
4844 0.271969 
4845 -0.207423 
4846 -0.207423 
4847 0.195763 
4848 0.195763 
4849 0.369993 
4850 0.369993 
4851 0.369993 
4852 0.214436 
4853 -0.009376 
4854 -0.033474 
4855 -0.033474 
4856 -0.438927 
4857 -0.438927 
4858 -0.054354 
4859 -0.488872 
4860 0.133016 
4861 -0.027409 
4862 -0.280883 
4863 0.291551 
4864 0.369993 
4865 -0.301856 
4866 -0.141113 
4867 -0.456122 
4868 0.451359 
4869 -0.259948 
4870 0.189537 
4871 0.179267 
4872 0.433455 
4873 -0.207423 
4874 0.151083 
4875 0.483555 
4876 -0.073492 
4877 -0.219705 
4878 -0.222244 
4879 -0.141113 
4880 -0.456122 
4881 0.234438 
4882 -0.457643 
4883 -0.457643 
4884 -0.148951 
4885 0.035943 
4886 -0.461110 
4887 0.397957 
4888 0.194054 
4889 -0.191341 
4890 0.086861 
4891 -0.219705 
4892 0.211205 
4893 -0.456122 
4894 -0.238549 
4895 0.319248 
4896 -0.271050 
4897 -0.457643 
4898 -0.432376 
4899 0.198579 
4900 0.287225 
4901 -0.197561 
4902 -0.191341 
4903 0.086861 
4904 -0.219705 
4905 0.280208 
4906 -0.098187 
4907 -0.230628 
4908 -0.007122 
4909 -0.180792 
4910 -0.245390 
4911 -0.155046 
4912 0.275472 
4913 0.430431 
4914 -0.164819 
4915 0.112993 
4916 -0.398994 
4917 -0.241303 
4918 -0.144062 
4919 0.498549 
4920 0.498549 
4921 -0.052429 
4922 -0.023943 
4923 -0.007122 
4924 0.428837 
4925 0.027053 
4926 -0.295507 
4927 -0.344112 
4928 0.111541 
4929 -0.398994 
4930 -0.241303 
4931 -0.144062 
4932 0.498549 
4933 0.102360 
4934 0.023540 
4935 -0.366895 
4936 0.483555 
4937 0.106955 
4938 0.099120 
4939 0.027053 
4940 0.475239 
4941 0.111541 
4942 0.106955 
4943 0.215752 
4944 -0.245903 
4945 0.496690 
4946 0.439541 
4947 -0.148951 
4948 -0.202706 
4949 0.299364 
4950 -0.243075 
4951 0.047974 
4952 0.027053 
4953 0.000568 
4954 -0.344672 
4955 0.106955 
4956 0.215752 
4957 -0.245903 
4958 0.496690 
4959 -0.245903 
4960 -0.308933 
4961 -0.308933 
4962 -0.038711 
4963 -0.109622 
4964 -0.146988 
4965 0.457091 
4966 0.134366 
4967 -0.476840 
4968 0.304802 
4969 0.215752 
4970 -0.245903 
4971 -0.348418 
4972 0.496690 
4973 -0.093232 
4974 -0.093232 
4975 -0.223193 
4976 -0.223193 
4977 -0.018316 
4978 -0.257720 
4979 -0.257720 
4980 -0.190975 
4981 -0.190975 
4982 0.215752 
4983 0.294944 
4984 -0.245903 
4985 -0.348418 
4986 -0.223193 
4987 -0.223193 
4988 -0.223193 
4989 -0.223193 
4990 -0.223193 
4991 -0.470737 
4992 -0.470737 
4993 -0.190975 
4994 -0.190975 
4995 -0.141113 
4996 -0.189046 
4997 -0.189046 
4998 0.439985 
4999 0.271969 
5000 0.271969 
5001 0.278725 
5002 0.278725 
5003 0.322981 
5004 0.322981 
5005 0.322981 
5006 0.322981 
5007 0.214436 
5008 -0.160203 
5009 -0.009376 
5010 -0.009376 
5011 0.439985 
5012 0.086861 
5013 0.086861 
5014 0.278725 
5015 -0.207423 
5016 -0.251512 
5017 -0.251512 
5018 0.211982 
5019 0.211982 
5020 -0.222244 
5021 0.214436 
5022 -0.141113 
5023 -0.009376 
5024 -0.009376 
5025 0.460794 
5026 0.345722 
5027 0.348964 
5028 -0.488872 
5029 0.133016 
5030 -0.128501 
5031 -0.280883 
5032 0.478372 
5033 0.211982 
5034 -0.222244 
5035 0.335101 
5036 -0.009376 
5037 -0.009376 
5038 0.014378 
5039 0.086861 
5040 0.179267 
5041 0.433455 
5042 -0.207423 
5043 0.397957 
5044 0.483555 
5045 0.397957 
5046 0.483555 
5047 -0.119435 
5048 0.335101 
5049 -0.009376 
5050 -0.009376 
5051 0.460794 
5052 0.460794 
5053 0.021554 
5054 0.035943 
5055 -0.461110 
5056 0.397957 
5057 0.194054 
5058 0.366653 
5059 0.397957 
5060 -0.119435 
5061 -0.144062 
5062 0.143904 
5063 -0.474967 
5064 0.319248 
5065 -0.271050 
5066 0.460285 
5067 -0.432376 
5068 0.460285 
5069 0.397957 
5070 -0.197561 
5071 0.454713 
5072 0.067098 
5073 -0.119435 
5074 0.102360 
5075 0.373832 
5076 0.335101 
5077 -0.007122 
5078 -0.180792 
5079 -0.245390 
5080 0.460285 
5081 0.027551 
5082 0.430431 
5083 0.397957 
5084 0.112993 
5085 0.067098 
5086 -0.119435 
5087 -0.144062 
5088 0.373832 
5089 0.334308 
5090 -0.052429 
5091 -0.023943 
5092 0.214446 
5093 -0.068180 
5094 -0.068180 
5095 -0.324584 
5096 -0.379017 
5097 0.088604 
5098 -0.449759 
5099 -0.282893 
5100 -0.144062 
5101 0.373832 
5102 0.102360 
5103 0.023540 
5104 0.211469 
5105 -0.269986 
5106 0.106955 
5107 -0.035936 
5108 0.400646 
5109 0.475239 
5110 -0.449854 
5111 -0.449759 
5112 0.215752 
5113 -0.245903 
5114 -0.348418 
5115 0.439541 
5116 -0.148951 
5117 -0.202706 
5118 0.299364 
5119 -0.196324 
5120 0.280208 
5121 0.402556 
5122 0.000568 
5123 -0.344672 
5124 0.215752 
5125 0.215752 
5126 -0.245903 
5127 -0.348418 
5128 -0.348418 
5129 -0.267516 
5130 -0.019622 
5131 -0.345188 
5132 -0.109622 
5133 -0.470737 
5134 -0.470737 
5135 0.134366 
5136 0.225269 
5137 0.215752 
5138 0.215752 
5139 -0.098846 
5140 -0.348418 
5141 -0.348418 
5142 -0.148951 
5143 -0.148951 
5144 0.105777 
5145 0.130406 
5146 -0.096213 
5147 -0.018316 
5148 -0.018316 
5149 0.215752 
5150 0.215752 
5151 0.215752 
5152 0.294944 
5153 -0.098846 
5154 -0.348418 
5155 -0.267516 
5156 -0.019622 
5157 -0.223193 
5158 -0.223193 
5159 0.130406 
5160 -0.204039 
5161 -0.204039 
5162 -0.222235 
5163 -0.222235 
5164 -0.222235 
5165 0.335101 
5166 0.335101 
5167 0.335101 
5168 0.278725 
5169 0.278725 
5170 0.278725 
5171 0.278725 
5172 -0.251512 
5173 0.322981 
5174 -0.251512 
5175 0.322981 
5176 0.211982 
5177 -0.160203 
5178 0.335101 
5179 0.335101 
5180 -0.009376 
5181 0.278725 
5182 0.345722 
5183 0.278725 
5184 0.348964 
5185 -0.251512 
5186 -0.251512 
5187 -0.251512 
5188 0.211982 
5189 0.211982 
5190 0.211982 
5191 0.335101 
5192 -0.009376 
5193 -0.009376 
5194 0.345722 
5195 0.345722 
5196 0.348964 
5197 0.348964 
5198 0.348964 
5199 -0.128501 
5200 -0.251512 
5201 0.397957 
5202 0.211982 
5203 -0.119435 
5204 0.335101 
5205 0.335101 
5206 -0.009376 
5207 0.014378 
5208 0.345722 
5209 0.179267 
5210 0.348964 
5211 -0.461110 
5212 -0.128501 
5213 0.397957 
5214 0.397957 
5215 0.366653 
5216 -0.119435 
5217 0.335101 
5218 0.143904 
5219 0.335101 
5220 -0.474967 
5221 0.335101 
5222 0.335101 
5223 -0.461110 
5224 -0.461110 
5225 0.397957 
5226 0.397957 
5227 0.366653 
5228 0.366653 
5229 0.366653 
5230 0.143904 
5231 0.143904 
5232 -0.474967 
5233 -0.474967 
5234 0.335101 
5235 0.335101 
5236 0.335101 
5237 -0.461110 
5238 0.430431 
5239 0.397957 
5240 0.454713 
5241 0.366653 
5242 -0.119435 
5243 -0.144062 
5244 0.143904 
5245 0.335101 
5246 -0.474967 
5247 -0.180792 
5248 0.335101 
5249 0.460285 
5250 0.027551 
5251 0.430431 
5252 -0.379017 
5253 0.454713 
5254 -0.449759 
5255 -0.119435 
5256 -0.144062 
5257 -0.144062 
5258 0.102360 
5259 -0.207517 
5260 0.211469 
5261 0.214446 
5262 0.027551 
5263 0.027551 
5264 -0.379017 
5265 -0.379017 
5266 -0.449759 
5267 -0.449759 
5268 -0.449759 
5269 -0.144062 
5270 0.102360 
5271 0.102360 
5272 0.211469 
5273 0.211469 
5274 0.211469 
5275 0.106955 
5276 0.027551 
5277 0.400646 
5278 -0.379017 
5279 0.335101 
5280 -0.449759 
5281 0.215752 
5282 -0.144062 
5283 -0.348418 
5284 0.102360 
5285 -0.148951 
5286 0.211469 
5287 0.299364 
5288 -0.109622 
5289 0.280208 
5290 -0.142286 
5291 0.000568 
5292 -0.344672 
5293 0.215752 
5294 0.215752 
5295 -0.144062 
5296 -0.348418 
5297 -0.348418 
5298 -0.267516 
5299 -0.019622 
5300 0.105777 
5301 -0.109622 
5302 0.130406 
5303 -0.142286 
5304 -0.204039 
5305 -0.344672 
5306 -0.222235 
5307 0.215752 
5308 -0.348418 
5309 -0.348418 
5310 -0.267516 
5311 -0.267516 
5312 -0.267516 
5313 0.105777 
5314 0.130406 
5315 0.130406 
5316 -0.204039 
5317 -0.204039 
5318 -0.222235 
5319 -0.222235 
5320 -0.222235 
5321 0.294944 
5322 -0.348418 
5323 -0.348418 
5324 -0.267516 
5325 -0.042803 
5326 0.105777 
5327 0.161728 
5328 0.130406 
5329 -0.204039 
5330 -0.204039 
5331 -0.222235 
5332 -0.222235 
5333 0.085459 
5334 0.335101 
5335 0.335101 
5336 0.335101 
5337 0.278725 
5338 0.278725 
5339 0.278725 
5340 0.278725 
5341 0.322981 
5342 0.322981 
5343 0.322981 
5344 0.322981 
5345 0.322981 
5346 -0.160203 
5347 0.335101 
5348 0.335101 
5349 0.335101 
5350 0.335101 
5351 0.335101 
5352 0.278725 
5353 0.278725 
5354 0.322981 
5355 0.322981 
5356 0.322981 
5357 0.322981 
5358 0.322981 
5359 0.322981 
5360 0.335101 
5361 0.335101 
5362 0.335101 
5363 0.335101 
5364 0.335101 
5365 0.335101 
5366 0.278725 
5367 0.278725 
5368 0.322981 
5369 0.322981 
5370 0.322981 
5371 0.322981 
5372 0.322981 
5373 0.335101 
5374 0.335101 
5375 0.335101 
5376 0.335101 
5377 0.335101 
5378 0.335101 
5379 0.335101 
5380 0.335101 
5381 0.335101 
5382 0.335101 
5383 0.335101 
5384 0.322981 
5385 0.322981 
5386 0.335101 
5387 0.335101 
5388 0.335101 
5389 0.335101 
5390 0.335101 
5391 0.335101 
5392 0.335101 
5393 0.335101 
5394 0.335101 
5395 0.335101 
5396 0.335101 
5397 0.335101 
5398 0.322981 
5399 0.335101 
5400 0.335101 
5401 0.335101 
5402 0.335101 
5403 0.335101 
5404 0.335101 
5405 0.335101 
5406 0.335101 
5407 0.335101 
5408 0.335101 
5409 0.335101 
5410 0.335101 
5411 0.322981 
5412 0.335101 
5413 0.335101 
5414 0.335101 
5415 0.335101 
5416 0.335101 
5417 0.335101 
5418 -0.042803 
5419 0.335101 
5420 0.335101 
5421 0.335101 
5422 0.335101 
5423 0.335101 
5424 0.335101 
5425 -0.042803 
5426 -0.042803 
5427 -0.042803 
5428 0.335101 
5429 0.335101 
5430 -0.042803 
5431 -0.042803 
5432 0.335101 
5433 0.335101 
5434 0.335101 
5435 0.335101 
5436 0.335101 
5437 0.335101 
5438 -0.042803 
5439 -0.042803 
5440 -0.042803 
5441 0.335101 
5442 0.335101 
5443 -0.042803 
5444 -0.042803 
5445 0.335101 
5446 0.335101 
5447 0.335101 
5448 0.335101 
5449 0.335101 
5450 0.335101 
5451 -0.042803 
5452 -0.042803 
5453 -0.042803 
5454 -0.042803 
5455 0.335101 
5456 0.335101 
5457 -0.042803 
5458 -0.042803 
5459 0.335101 
5460 0.335101 
5461 0.335101 
5462 0.335101 
5463 0.335101 
5464 -0.042803 
5465 -0.042803 
5466 -0.042803 
5467 -0.042803 
5468 -0.042803 
5469 -0.042803 
5470 -0.042803 
5471 -0.042803 
5472 -0.042803 
5473 0.335101 
5474 0.335101 
5475 0.335101 
5476 -0.335342 
5477 -0.042803 
5478 -0.042803 
5479 -0.042803 
5480 -0.042803 
5481 -0.042803 
5482 -0.042803 
5483 -0.042803 
5484 -0.042803 
5485 -0.042803 
5486 -0.042803 
5487 0.335101 
5488 0.335101 
5489 -0.335342 
5490 -0.054975 
5491 -0.042803 
5492 -0.042803 
5493 -0.042803 
5494 -0.042803 
5495 -0.042803 
5496 -0.042803 
5497 -0.042803 
5498 -0.335342 
5499 -0.335342 
5500 -0.335342 
5501 -0.335342 
5502 -0.335342 
5503 0.335101 
5504 0.335101 
5505 0.335101 
5506 0.335101 
5507 0.335101 
5508 0.335101 
5509 0.278725 
5510 0.278725 
5511 0.278725 
5512 0.278725 
5513 0.278725 
5514 0.278725 
5515 0.278725 
5516 0.278725 
5517 0.322981 
5518 0.322981 
5519 0.322981 
5520 0.322981 
5521 0.322981 
5522 0.322981 
5523 0.322981 
5524 0.322981 
5525 0.322981 
5526 0.322981 
5527 0.322981 
5528 0.322981 
5529 0.335101 
5530 0.335101 
5531 0.335101 
5532 0.335101 
5533 0.335101 
5534 0.335101 
5535 0.335101 
5536 0.335101 
5537 0.335101 
5538 0.335101 
5539 0.335101 
5540 0.278725 
5541 0.335101 
5542 0.335101 
5543 0.278725 
5544 0.278725 
5545 0.278725 
5546 0.278725 
5547 0.278725 
5548 0.278725 
5549 0.278725 
5550 0.322981 
5551 0.322981 
5552 0.322981 
5553 0.322981 
5554 0.322981 
5555 0.322981 
5556 0.322981 
5557 0.322981 
5558 0.322981 
5559 0.322981 
5560 0.322981 
5561 0.322981 
5562 0.322981 
5563 0.322981 
5564 0.322981 
5565 0.322981 
5566 0.335101 
5567 0.335101 
5568 0.335101 
5569 0.335101 
5570 0.335101 
5571 0.335101 
5572 0.335101 
5573 0.335101 
5574 0.335101 
5575 0.335101 
5576 0.335101 
5577 0.335101 
5578 0.335101 
5579 0.335101 
5580 0.335101 
5581 0.335101 
5582 0.335101 
5583 0.278725 
5584 0.278725 
5585 0.278725 
5586 0.278725 
5587 0.278725 
5588 0.278725 
5589 0.322981 
5590 0.322981 
5591 0.322981 
5592 0.322981 
5593 0.322981 
5594 0.322981 
5595 0.322981 
5596 0.322981 
5597 0.322981 
5598 0.322981 
5599 0.322981 
5600 0.322981 
5601 0.322981 
5602 0.322981 
5603 0.335101 
5604 0.335101 
5605 0.335101 
5606 0.335101 
5607 0.335101 
5608 0.335101 
5609 0.335101 
5610 0.335101 
5611 0.335101 
5612 0.335101 
5613 0.335101 
5614 0.335101 
5615 0.335101 
5616 0.335101 
5617 0.335101 
5618 0.335101 
5619 0.335101 
5620 0.335101 
5621 0.335101 
5622 0.335101 
5623 0.278725 
5624 0.335101 
5625 0.335101 
5626 0.278725 
5627 0.335101 
5628 0.335101 
5629 0.322981 
5630 0.335101 
5631 0.335101 
5632 0.322981 
5633 0.335101 
5634 0.335101 
5635 0.322981 
5636 0.322981 
5637 0.322981 
5638 0.322981 
5639 0.322981 
5640 0.335101 
5641 0.335101 
5642 0.335101 
5643 0.335101 
5644 0.335101 
5645 0.335101 
5646 0.335101 
5647 0.335101 
5648 0.335101 
5649 0.335101 
5650 0.335101 
5651 0.335101 
5652 0.335101 
5653 0.335101 
5654 0.335101 
5655 0.335101 
5656 0.335101 
5657 0.335101 
5658 0.335101 
5659 0.335101 
5660 0.335101 
5661 0.335101 
5662 0.335101 
5663 0.335101 
5664 0.335101 
5665 0.335101 
5666 0.335101 
5667 0.335101 
5668 0.335101 
5669 0.335101 
5670 0.335101 
5671 0.335101 
5672 0.322981 
5673 0.322981 
5674 0.322981 
5675 0.322981 
5676 0.322981 
5677 0.335101 
5678 0.335101 
5679 0.335101 
5680 0.335101 
5681 0.335101 
5682 0.335101 
5683 0.335101 
5684 0.335101 
5685 0.335101 
5686 0.335101 
5687 0.335101 
5688 0.335101 
5689 0.335101 
5690 0.335101 
5691 0.335101 
5692 0.335101 
5693 0.335101 
5694 0.335101 
5695 0.335101 
5696 0.335101 
5697 0.335101 
5698 0.335101 
5699 0.335101 
5700 0.335101 
5701 0.335101 
5702 0.335101 
5703 0.335101 
5704 0.335101 
5705 0.335101 
5706 0.335101 
5707 0.335101 
5708 0.335101 
5709 0.322981 
5710 0.335101 
5711 0.335101 
5712 0.322981 
5713 0.322981 
5714 0.335101 
5715 0.335101 
5716 0.335101 
5717 0.335101 
5718 0.335101 
5719 0.335101 
5720 0.335101 
5721 0.335101 
5722 0.335101 
5723 0.335101 
5724 0.335101 
5725 0.335101 
5726 0.335101 
5727 0.335101 
5728 0.335101 
5729 0.335101 
5730 0.335101 
5731 -0.042803 
5732 -0.042803 
5733 -0.042803 
5734 0.335101 
5735 0.335101 
5736 0.335101 
5737 0.335101 
5738 0.335101 
5739 0.335101 
5740 0.335101 
5741 0.335101 
5742 0.335101 
5743 0.335101 
5744 0.335101 
5745 0.335101 
5746 0.335101 
5747 0.335101 
5748 0.335101 
5749 0.335101 
5750 0.335101 
5751 -0.042803 
5752 -0.042803 
5753 0.335101 
5754 -0.042803 
5755 -0.042803 
5756 0.335101 
5757 -0.042803 
5758 -0.042803 
5759 0.335101 
5760 0.335101 
5761 0.335101 
5762 0.335101 
5763 0.335101 
5764 0.335101 
5765 0.335101 
5766 -0.042803 
5767 -0.042803 
5768 0.335101 
5769 -0.042803 
5770 -0.042803 
5771 -0.042803 
5772 0.335101 
5773 0.335101 
5774 0.335101 
5775 0.335101 
5776 0.335101 
5777 0.335101 
5778 0.335101 
5779 0.335101 
5780 0.335101 
5781 0.335101 
5782 0.335101 
5783 0.335101 
5784 0.335101 
5785 0.335101 
5786 0.335101 
5787 0.335101 
5788 -0.042803 
5789 -0.042803 
5790 -0.042803 
5791 -0.042803 
5792 -0.042803 
5793 -0.042803 
5794 -0.042803 
5795 -0.042803 
5796 -0.042803 
5797 0.335101 
5798 0.335101 
5799 0.335101 
5800 0.335101 
5801 0.335101 
5802 0.335101 
5803 -0.042803 
5804 -0.042803 
5805 -0.042803 
5806 -0.042803 
5807 -0.042803 
5808 -0.042803 
5809 0.335101 
5810 0.335101 
5811 0.335101 
5812 0.335101 
5813 -0.042803 
5814 0.335101 
5815 0.335101 
5816 0.335101 
5817 0.335101 
5818 0.335101 
5819 0.335101 
5820 0.335101 
5821 0.335101 
5822 0.335101 
5823 0.335101 
5824 0.335101 
5825 -0.042803 
5826 -0.042803 
5827 -0.042803 
5828 -0.042803 
5829 -0.042803 
5830 -0.042803 
5831 -0.042803 
5832 -0.042803 
5833 -0.042803 
5834 -0.042803 
5835 -0.042803 
5836 -0.042803 
5837 0.335101 
5838 0.335101 
5839 -0.042803 
5840 0.335101 
5841 0.335101 
5842 -0.042803 
5843 -0.042803 
5844 -0.042803 
5845 -0.042803 
5846 -0.042803 
5847 -0.042803 
5848 -0.042803 
5849 -0.042803 
5850 -0.042803 
5851 -0.042803 
5852 0.335101 
5853 0.335101 
5854 0.335101 
5855 0.335101 
5856 0.335101 
5857 0.335101 
5858 0.335101 
5859 0.335101 
5860 0.335101 
5861 0.335101 
5862 -0.042803 
5863 -0.042803 
5864 -0.042803 
5865 -0.042803 
5866 -0.042803 
5867 -0.042803 
5868 -0.042803 
5869 -0.042803 
5870 -0.042803 
5871 -0.042803 
5872 -0.042803 
5873 -0.042803 
5874 -0.042803 
5875 -0.042803 
5876 -0.042803 
5877 -0.042803 
5878 -0.042803 
5879 -0.042803 
5880 -0.042803 
5881 -0.042803 
5882 -0.042803 
5883 -0.042803 
5884 -0.042803 
5885 -0.042803 
5886 -0.042803 
5887 -0.042803 
5888 -0.042803 
5889 0.335101 
5890 0.335101 
5891 0.335101 
5892 0.335101 
5893 0.335101 
5894 -0.335342 
5895 0.335101 
5896 0.335101 
5897 -0.335342 
5898 -0.335342 
5899 -0.042803 
5900 -0.042803 
5901 -0.042803 
5902 -0.042803 
5903 -0.042803 
5904 -0.042803 
5905 -0.042803 
5906 -0.042803 
5907 -0.042803 
5908 -0.042803 
5909 -0.042803 
5910 -0.042803 
5911 -0.042803 
5912 -0.042803 
5913 -0.042803 
5914 -0.042803 
5915 -0.042803 
5916 -0.042803 
5917 -0.042803 
5918 -0.042803 
5919 -0.042803 
5920 -0.042803 
5921 -0.042803 
5922 -0.335342 
5923 -0.042803 
5924 -0.042803 
5925 -0.335342 
5926 -0.042803 
5927 -0.042803 
5928 -0.335342 
5929 -0.042803 
5930 -0.042803 
5931 -0.335342 
5932 -0.335342 
5933 -0.335342 
5934 -0.335342 
5935 -0.335342 
5936 -0.361237 
5937 -0.361237 
5938 -0.042803 
5939 -0.042803 
5940 -0.042803 
5941 -0.042803 
5942 -0.042803 
5943 -0.042803 
5944 -0.042803 
5945 -0.042803 
5946 -0.042803 
5947 -0.042803 
5948 -0.042803 
5949 -0.042803 
5950 -0.042803 
5951 -0.042803 
5952 -0.335342 
5953 -0.335342 
5954 -0.335342 
5955 -0.335342 
5956 -0.335342 
5957 -0.335342 
5958 -0.335342 
5959 -0.335342 
5960 -0.335342 
5961 -0.335342 
