39 1
0 -0.182853 
1 -0.281922 
2 0.145886 
3 0.343050 
4 0.195322 
5 0.126084 
6 0.195996 
7 -0.116030 
8 -0.358321 
9 -0.147394 
10 -0.423342 
11 0.072982 
12 0.370208 
13 -0.252228 
14 0.040573 
15 0.030777 
16 0.460489 
17 -0.114491 
18 -0.087022 
19 0.144930 
20 0.486776 
21 0.173718 
22 -0.352848 
23 0.263518 
24 0.457678 
25 -0.499315 
26 -0.150773 
27 0.361761 
28 0.220876 
29 0.372250 
30 0.257615 
31 0.222682 
32 -0.182853 
33 -0.281922 
34 0.145886 
35 0.343050 
36 0.195322 
37 0.126084 
38 0.195996 
