2314 1
0 2.196280 
1 0.856599 
2 -1.413944 
3 -1.086580 
4 -1.543751 
5 -1.653783 
6 1.498760 
7 -1.240247 
8 -2.339351 
9 -0.867329 
10 -1.200488 
11 -0.610913 
12 -0.916856 
13 -1.465087 
14 -1.613162 
15 -1.234688 
16 -0.227481 
17 2.813427 
18 -1.268755 
19 -0.874197 
20 -1.483483 
21 -1.665700 
22 1.075609 
23 -1.413610 
24 -1.389901 
25 -0.790735 
26 -1.853325 
27 -1.100681 
28 -0.459257 
29 2.390019 
30 2.123004 
31 -0.474515 
32 -1.584704 
33 -1.119472 
34 -1.628217 
35 1.564263 
36 -1.244664 
37 -0.702807 
38 2.247616 
39 -1.391754 
40 -1.336984 
41 -0.332826 
42 2.588765 
43 -1.177199 
44 -1.560460 
45 2.161821 
46 0.939559 
47 -1.587769 
48 -1.196903 
49 -1.234026 
50 -1.182396 
51 -1.620303 
52 2.075989 
53 -0.795683 
54 1.975915 
55 -1.231974 
56 -1.266119 
57 2.108006 
58 -1.500525 
59 -0.661294 
60 -1.357885 
61 -0.713453 
62 -1.715565 
63 -1.399910 
64 -1.725877 
65 -1.438063 
66 -0.582744 
67 2.045102 
68 -1.060878 
69 2.162753 
70 -1.012252 
71 -1.536734 
72 -1.848244 
73 -1.294519 
74 -1.539340 
75 0.979542 
76 -1.668965 
77 0.991146 
78 -1.879449 
79 -1.248396 
80 -0.443263 
81 1.672707 
82 -1.665085 
83 -1.924803 
84 -1.666738 
85 -1.094026 
86 -1.437905 
87 -0.986999 
88 -0.765653 
89 -1.485615 
90 -1.736821 
91 -1.058152 
92 -1.131241 
93 -1.298822 
94 -1.004537 
95 -1.572477 
96 2.426850 
97 -0.569080 
98 2.369302 
99 -0.081906 
100 -1.995433 
101 -0.771542 
102 -0.882704 
103 -1.487293 
104 -1.910135 
105 -0.207531 
106 -1.022868 
107 2.126465 
108 -2.072422 
109 -0.740072 
110 -0.662046 
111 -1.452646 
112 -1.289052 
113 -1.522774 
114 1.673182 
115 -1.305683 
116 -1.323008 
117 0.982231 
118 -1.516843 
119 -2.016502 
120 1.647310 
121 -1.273676 
122 1.460445 
123 -1.791506 
124 -0.330546 
125 -2.034039 
126 -0.876734 
127 2.185608 
128 1.672255 
129 -1.560434 
130 -0.976684 
131 -0.902924 
132 -1.502712 
133 -1.669124 
134 -0.901231 
135 -0.968842 
136 -1.034240 
137 -0.980891 
138 -1.896298 
139 -1.391819 
140 -0.570153 
141 -1.536495 
142 -1.827374 
143 1.865973 
144 1.859900 
145 -0.810466 
146 -1.684438 
147 -1.318935 
148 -1.877365 
149 1.301790 
150 1.418808 
151 -1.739428 
152 1.112094 
153 -1.019308 
154 -1.639297 
155 -1.879133 
156 -1.562732 
157 2.010199 
158 -1.326020 
159 -1.071105 
160 -1.443902 
161 -1.606194 
162 -0.917677 
163 1.788445 
164 0.576620 
165 -0.889095 
166 3.218791 
167 1.395518 
168 -1.547355 
169 -1.367810 
170 1.690303 
171 -0.645686 
172 -1.380953 
173 -1.692631 
174 -0.401346 
175 -1.692301 
176 -0.701701 
177 2.002358 
178 1.821373 
179 -1.621267 
180 -0.923363 
181 1.410489 
182 -1.254632 
183 -1.912750 
184 1.686944 
185 -1.174199 
186 -1.357660 
187 -1.692042 
188 -0.432515 
189 -2.371037 
190 -0.930699 
191 -1.276656 
192 -1.363098 
193 -1.794094 
194 1.533406 
195 -1.094889 
196 -2.020727 
197 1.533252 
198 -1.624672 
199 -0.430212 
200 -1.390829 
201 -0.648325 
202 -2.620965 
203 -0.397572 
204 1.788519 
205 -0.874124 
206 -1.287618 
207 -0.873265 
208 -1.566122 
209 -1.110257 
210 -1.289917 
211 -1.229802 
212 -0.803645 
213 -1.095889 
214 -2.021438 
215 -1.381040 
216 -1.653244 
217 1.959817 
218 1.619685 
219 -1.280116 
220 -1.861599 
221 1.005898 
222 -1.298988 
223 -1.499967 
224 -1.289798 
225 -1.496503 
226 -1.462642 
227 -0.911416 
228 1.794936 
229 -1.481382 
230 1.803478 
231 -1.214251 
232 -1.108189 
233 -1.263321 
234 -0.545854 
235 -2.277056 
236 -2.513262 
237 -0.784410 
238 -0.861080 
239 -0.720530 
240 -1.067450 
241 -1.204848 
242 1.846307 
243 -1.924423 
244 -1.271379 
245 -0.580720 
246 -1.451723 
247 -1.869027 
248 -1.809863 
249 -1.331254 
250 -0.922750 
251 -1.098032 
252 -1.765180 
253 -1.028717 
254 -0.256645 
255 -1.898259 
256 -1.228931 
257 -0.408812 
258 -1.799682 
259 -1.608662 
260 -1.065180 
261 1.574221 
262 -1.426677 
263 -1.362273 
264 -1.393452 
265 -0.819040 
266 2.712394 
267 -0.861833 
268 -1.632386 
269 -1.304026 
270 -1.599525 
271 1.104767 
272 -0.719932 
273 -0.917762 
274 -1.498290 
275 -1.865374 
276 -1.330345 
277 1.677462 
278 -0.634941 
279 -1.943891 
280 -1.353848 
281 -0.996770 
282 -1.115636 
283 -1.625355 
284 -0.827124 
285 -0.730549 
286 -0.757309 
287 2.626478 
288 -1.188597 
289 -0.700853 
290 -1.774557 
291 -1.192938 
292 1.401343 
293 -1.885704 
294 -1.927512 
295 -0.264087 
296 -1.464046 
297 1.971442 
298 -1.044951 
299 -0.931840 
300 -1.634920 
301 -1.916736 
302 1.062508 
303 -1.272880 
304 -1.563782 
305 -1.560084 
306 -0.627802 
307 1.815775 
308 -1.237747 
309 1.884005 
310 -1.519339 
311 -0.981350 
312 -0.565061 
313 -1.262487 
314 -1.327915 
315 -2.047373 
316 -1.622438 
317 -0.543225 
318 -0.399461 
319 -2.204229 
320 -1.502515 
321 -1.391941 
322 -1.002503 
323 -1.146511 
324 2.284597 
325 -0.995195 
326 -1.790477 
327 -0.578923 
328 2.733916 
329 -0.166855 
330 -1.644558 
331 -0.742806 
332 -1.869058 
333 1.200481 
334 -0.897820 
335 -1.841865 
336 1.710541 
337 2.061200 
338 -1.181510 
339 1.519478 
340 1.951766 
341 -1.837750 
342 -1.096505 
343 -0.778564 
344 -1.452707 
345 -1.833736 
346 -1.492101 
347 -0.191180 
348 -1.489144 
349 2.107922 
350 -1.575110 
351 -0.683696 
352 -1.617329 
353 -0.449709 
354 -1.486360 
355 -1.363081 
356 -0.516841 
357 2.061064 
358 -1.934490 
359 -1.030171 
360 -1.253456 
361 -1.650644 
362 -0.381896 
363 -1.808769 
364 -0.582052 
365 -1.254695 
366 -1.114693 
367 2.593031 
368 -2.153076 
369 -0.441250 
370 -1.216107 
371 1.761653 
372 -0.306478 
373 -2.282184 
374 -1.558193 
375 -0.687347 
376 -1.254057 
377 1.776758 
378 1.897090 
379 -1.467688 
380 -1.679765 
381 -0.743746 
382 -1.383389 
383 -1.440319 
384 1.816918 
385 -1.716851 
386 -1.379874 
387 -0.470700 
388 -1.318783 
389 -1.272804 
390 -1.170707 
391 -1.361539 
392 -0.985320 
393 2.301420 
394 1.819308 
395 -1.284575 
396 -0.845988 
397 -1.452141 
398 1.904741 
399 -1.437941 
400 1.985359 
401 -0.834192 
402 1.958084 
403 -1.177659 
404 -1.079244 
405 -1.799038 
406 -1.866206 
407 -0.138774 
408 -0.578809 
409 -1.456723 
410 -1.648935 
411 -1.348683 
412 -1.769303 
413 -1.524735 
414 -1.011030 
415 -0.777898 
416 -1.584176 
417 -1.600356 
418 -0.987318 
419 -0.875995 
420 2.040721 
421 -1.368485 
422 -1.035399 
423 -1.225920 
424 1.309738 
425 -1.603365 
426 -1.327288 
427 -1.482379 
428 1.766135 
429 -1.576809 
430 -0.804039 
431 -1.723039 
432 -1.829775 
433 -0.451046 
434 -0.623115 
435 -1.851370 
436 1.604637 
437 -1.660527 
438 -1.463886 
439 -1.399776 
440 -1.544124 
441 -0.911295 
442 -0.843300 
443 -1.836683 
444 -0.970688 
445 -1.341478 
446 -1.246342 
447 -1.637419 
448 2.265419 
449 -1.233773 
450 -0.645045 
451 1.942149 
452 -0.662647 
453 -2.032245 
454 -1.852927 
455 -0.556614 
456 -1.957649 
457 1.676194 
458 -0.932507 
459 -1.078525 
460 -0.632699 
461 -1.473236 
462 -1.795226 
463 -1.220833 
464 1.906750 
465 -0.548554 
466 -1.593539 
467 -1.047426 
468 -1.204408 
469 -1.640186 
470 -1.000433 
471 -1.270714 
472 -1.182418 
473 -1.080262 
474 2.075988 
475 -1.438362 
476 -1.847149 
477 -1.839273 
478 -0.318388 
479 -0.803507 
480 -1.166751 
481 -0.609866 
482 -1.796490 
483 2.055180 
484 -0.756285 
485 2.161607 
486 1.834394 
487 -1.492226 
488 1.371175 
489 2.215422 
490 -1.789064 
491 -1.031620 
492 -0.796955 
493 -0.987229 
494 -1.947413 
495 2.051744 
496 -1.539382 
497 -1.857339 
498 -0.613142 
499 -1.260117 
500 -1.207863 
501 -1.408762 
502 -0.376734 
503 -1.921631 
504 -1.921874 
505 -0.749796 
506 -1.386403 
507 1.536680 
508 3.161756 
509 -1.019627 
510 -0.741343 
511 -0.262968 
512 -1.226054 
513 -1.592121 
514 -1.163814 
515 -1.384647 
516 -0.649627 
517 -1.764790 
518 -0.853947 
519 -1.936685 
520 -0.484965 
521 -1.401215 
522 -2.157183 
523 -1.176722 
524 -1.462805 
525 -1.571349 
526 0.387227 
527 -1.821634 
528 -0.895385 
529 -1.435265 
530 -1.133108 
531 -1.599985 
532 -0.294422 
533 -2.019984 
534 -2.020591 
535 -0.498162 
536 -0.859528 
537 -1.425485 
538 -0.658302 
539 -2.128485 
540 -1.678856 
541 1.187595 
542 -1.184960 
543 -1.735834 
544 -1.029345 
545 -1.999106 
546 -0.509650 
547 -1.568848 
548 -1.239516 
549 -0.934739 
550 -1.663588 
551 -1.425856 
552 1.711095 
553 -2.036609 
554 -1.103723 
555 -1.164638 
556 -1.361785 
557 -1.649341 
558 -1.271725 
559 -0.656314 
560 1.913738 
561 1.713962 
562 -0.923854 
563 -1.703614 
564 -0.257285 
565 -0.988172 
566 -1.941129 
567 -1.792329 
568 -1.836558 
569 -0.663244 
570 -1.391998 
571 -1.235248 
572 -1.790490 
573 1.754317 
574 1.585070 
575 -1.284126 
576 -1.517139 
577 -0.404495 
578 -0.278345 
579 -2.706063 
580 -1.609364 
581 -1.246108 
582 1.918804 
583 1.975169 
584 -1.771791 
585 -0.713788 
586 -0.961916 
587 -1.871432 
588 -1.158096 
589 -1.069817 
590 -1.226345 
591 -1.900852 
592 -0.899634 
593 -1.566623 
594 -1.499493 
595 1.942458 
596 -0.640771 
597 -2.201013 
598 1.128948 
599 -1.889100 
600 1.848399 
601 -1.731659 
602 -1.241324 
603 -0.970342 
604 -0.481711 
605 -1.822896 
606 -0.691762 
607 -2.128321 
608 -0.696279 
609 -1.268013 
610 -1.239476 
611 -1.936982 
612 2.093612 
613 -1.303657 
614 -0.854269 
615 -1.401190 
616 -0.766548 
617 -1.848278 
618 1.689613 
619 -1.514704 
620 -0.704996 
621 1.650568 
622 2.043457 
623 -2.133555 
624 -1.972765 
625 1.553148 
626 2.078229 
627 2.307278 
628 0.606940 
629 -2.468580 
630 -0.753646 
631 -1.794651 
632 -0.586648 
633 -1.659958 
634 1.647798 
635 -1.809448 
636 -1.542240 
637 -0.700324 
638 -1.484849 
639 -1.436236 
640 -1.889362 
641 -1.545496 
642 -1.204095 
643 -0.598387 
644 -1.369169 
645 -1.422960 
646 1.819348 
647 -1.173089 
648 -1.119356 
649 -1.008240 
650 1.690866 
651 -2.131775 
652 -1.926055 
653 1.561251 
654 -1.486126 
655 -0.912220 
656 -1.281789 
657 2.509337 
658 -0.460037 
659 -1.316949 
660 -1.041615 
661 -0.549338 
662 -1.803996 
663 -1.690560 
664 1.824475 
665 -1.592920 
666 -1.315892 
667 -0.939853 
668 -1.538983 
669 -1.401923 
670 -1.298539 
671 1.592107 
672 -1.530797 
673 -1.419373 
674 -1.223514 
675 -1.054496 
676 -1.898731 
677 -1.471192 
678 1.865035 
679 -0.413070 
680 2.482469 
681 -1.850157 
682 -0.581485 
683 -0.692504 
684 -1.882681 
685 -1.954567 
686 -0.251678 
687 -0.869585 
688 -1.490641 
689 -1.196167 
690 -1.684758 
691 -0.690669 
692 0.053443 
693 -0.625697 
694 -1.965790 
695 -2.220591 
696 1.258432 
697 2.205446 
698 -0.917863 
699 -0.978181 
700 1.336176 
701 -1.986920 
702 -1.839561 
703 -0.771111 
704 -0.510467 
705 -1.531511 
706 -1.099844 
707 -1.921638 
708 -1.475791 
709 -0.938327 
710 -1.071235 
711 -1.591591 
712 -2.243781 
713 1.679633 
714 -0.605510 
715 -1.527193 
716 -1.450491 
717 1.628340 
718 0.042090 
719 -2.173480 
720 -2.122600 
721 -0.653953 
722 -0.541490 
723 -1.607420 
724 -1.135553 
725 -2.821940 
726 -0.556837 
727 1.272255 
728 -0.312489 
729 -1.578024 
730 -1.261570 
731 -1.925510 
732 -1.588000 
733 -1.183770 
734 -1.268860 
735 -1.285226 
736 -0.589277 
737 -1.822056 
738 -1.812801 
739 -0.892054 
740 2.342631 
741 -1.239992 
742 -0.929044 
743 -1.518051 
744 -1.273280 
745 1.603017 
746 -1.629186 
747 -1.515107 
748 -1.240385 
749 1.668087 
750 -1.839440 
751 -1.094044 
752 -0.680588 
753 -1.685544 
754 -1.356692 
755 -1.594253 
756 -1.680724 
757 2.264448 
758 -0.367151 
759 -1.582080 
760 -1.621306 
761 -1.138238 
762 -1.350462 
763 -1.361966 
764 -1.562392 
765 -1.577086 
766 -0.586039 
767 -1.512880 
768 -1.272087 
769 -0.916824 
770 -1.251878 
771 2.195516 
772 -1.220566 
773 -1.232538 
774 -2.112714 
775 -0.175111 
776 -1.578146 
777 -0.071531 
778 -1.633843 
779 -1.730502 
780 -1.022759 
781 -0.474713 
782 -1.968441 
783 2.331428 
784 -2.012251 
785 -1.433436 
786 -0.801576 
787 -0.956310 
788 -0.612662 
789 2.294020 
790 1.559594 
791 -1.567649 
792 -1.855602 
793 -2.114220 
794 -0.374394 
795 1.701192 
796 -1.946802 
797 -0.381781 
798 -1.182915 
799 1.846388 
800 -2.157374 
801 -1.699544 
802 -0.467893 
803 -0.840006 
804 -1.529884 
805 -2.129577 
806 1.244210 
807 -0.811365 
808 -1.095424 
809 -1.833948 
810 -1.350105 
811 -0.831159 
812 -1.397111 
813 -0.833470 
814 -1.141622 
815 -1.783044 
816 -1.068542 
817 1.736879 
818 -1.167495 
819 -1.786375 
820 -1.362803 
821 -0.812236 
822 -1.684695 
823 -1.266112 
824 -0.889935 
825 -1.779004 
826 -1.443314 
827 -1.217349 
828 2.030383 
829 -1.239074 
830 -0.965279 
831 -1.892318 
832 -1.318842 
833 -0.622322 
834 2.194765 
835 -1.824725 
836 -1.188331 
837 -1.374151 
838 1.413098 
839 -1.810744 
840 -1.993232 
841 -1.412368 
842 1.238877 
843 -1.451179 
844 1.470900 
845 -1.092254 
846 -1.523322 
847 -1.838655 
848 -1.547096 
849 -1.451096 
850 -1.391480 
851 1.839005 
852 -1.597432 
853 -1.797356 
854 1.050218 
855 -1.639614 
856 1.461859 
857 1.828085 
858 -1.641594 
859 2.065450 
860 -1.169921 
861 -3.007186 
862 -0.266883 
863 -0.512375 
864 -1.458763 
865 -1.065709 
866 -1.394459 
867 1.727904 
868 -1.400600 
869 -0.462550 
870 2.245400 
871 -1.545076 
872 -1.282423 
873 -1.818787 
874 -0.869527 
875 -1.351631 
876 -1.007083 
877 -1.235595 
878 -1.518070 
879 -1.663193 
880 -1.675252 
881 -1.617637 
882 1.719070 
883 -1.026668 
884 -2.018293 
885 1.168216 
886 -1.573217 
887 -1.343321 
888 -2.032996 
889 1.205550 
890 -0.658553 
891 2.402292 
892 -1.491204 
893 -0.962756 
894 -0.950572 
895 2.284253 
896 1.970671 
897 -1.148327 
898 -1.390737 
899 2.049481 
900 -0.541934 
901 -0.689377 
902 -1.536890 
903 -2.479909 
904 -0.739743 
905 1.960968 
906 -2.126578 
907 -1.490753 
908 -1.991661 
909 -0.530092 
910 -1.784254 
911 1.470335 
912 -1.541003 
913 -1.490351 
914 1.405686 
915 -1.397188 
916 -1.446044 
917 -0.820537 
918 -1.377495 
919 -1.451129 
920 -1.885533 
921 0.685118 
922 -2.233855 
923 -1.174334 
924 -0.692261 
925 1.587904 
926 -1.770683 
927 -2.016820 
928 -1.203190 
929 2.390295 
930 -1.439929 
931 -1.272323 
932 -1.425139 
933 1.674548 
934 -1.198997 
935 -1.316460 
936 -1.902593 
937 -0.560903 
938 -0.593973 
939 -2.162682 
940 1.106089 
941 -1.485706 
942 -1.233612 
943 2.746284 
944 -1.437996 
945 -2.183627 
946 0.896475 
947 -1.268015 
948 -1.265631 
949 -1.889481 
950 -1.311504 
951 -0.949338 
952 -1.955574 
953 -0.210823 
954 -1.709741 
955 -1.299502 
956 -2.234821 
957 1.523619 
958 -1.591934 
959 -0.489174 
960 -0.426127 
961 -2.519307 
962 2.249092 
963 -0.548611 
964 3.544028 
965 -2.064408 
966 0.637486 
967 1.501660 
968 -1.275642 
969 -1.447027 
970 -1.186949 
971 -1.344113 
972 -1.624592 
973 1.921359 
974 1.238200 
975 -1.880519 
976 -1.981244 
977 -1.756936 
978 -0.009445 
979 1.841578 
980 -1.314718 
981 -1.136366 
982 -2.185205 
983 -0.685616 
984 -0.962298 
985 -1.846976 
986 -1.350001 
987 1.435326 
988 -2.296527 
989 1.342063 
990 -1.696212 
991 -0.593573 
992 -1.072081 
993 -0.310612 
994 -2.700125 
995 1.623649 
996 -1.142448 
997 -1.328094 
998 -1.803016 
999 1.771173 
1000 -2.629811 
1001 0.040103 
1002 -1.207473 
1003 -0.861370 
1004 -2.318604 
1005 0.097001 
1006 -0.158962 
1007 -2.404691 
1008 -0.701041 
1009 -1.226742 
1010 -0.939605 
1011 -2.648763 
1012 -1.945360 
1013 -0.280444 
1014 -2.300738 
1015 -0.219946 
1016 -0.758630 
1017 -2.540368 
1018 1.446689 
1019 -1.051178 
1020 -1.102200 
1021 -2.523979 
1022 -0.016234 
1023 -1.381343 
1024 -1.830487 
1025 1.877351 
1026 2.051461 
1027 -1.179079 
1028 1.840679 
1029 -1.863449 
1030 -0.526204 
1031 -1.794757 
1032 -1.217759 
1033 2.084629 
1034 1.967254 
1035 -1.633359 
1036 -0.962573 
1037 -1.240003 
1038 -1.396390 
1039 -1.586831 
1040 -0.971555 
1041 -2.082048 
1042 -0.207866 
1043 -1.598532 
1044 -1.905244 
1045 -0.954034 
1046 -0.928782 
1047 2.081436 
1048 -1.785130 
1049 -1.507730 
1050 -0.521850 
1051 -1.383015 
1052 2.131672 
1053 -1.256013 
1054 -0.569692 
1055 -1.894452 
1056 -0.614178 
1057 -1.275843 
1058 -2.771941 
1059 -0.229755 
1060 2.344870 
1061 -0.977614 
1062 -0.436720 
1063 -1.197614 
1064 -1.534358 
1065 -1.041772 
1066 1.766998 
1067 -1.690474 
1068 -0.683560 
1069 -1.351796 
1070 -1.614463 
1071 -1.458517 
1072 -0.898711 
1073 -1.529404 
1074 -1.981724 
1075 -0.831377 
1076 -1.410647 
1077 1.521623 
1078 -1.471537 
1079 -1.315640 
1080 -0.769781 
1081 1.530365 
1082 2.534779 
1083 -1.772529 
1084 1.973496 
1085 -1.552540 
1086 -0.980416 
1087 -1.360468 
1088 0.141963 
1089 1.242600 
1090 -3.201600 
1091 -1.181798 
1092 -1.786363 
1093 -0.791249 
1094 -1.906839 
1095 -0.883581 
1096 -1.118914 
1097 -0.522604 
1098 -1.976932 
1099 -1.594482 
1100 2.274064 
1101 1.929421 
1102 -0.671723 
1103 -1.963336 
1104 -0.200066 
1105 -1.091505 
1106 -1.927486 
1107 -1.630780 
1108 2.582060 
1109 -0.742206 
1110 1.958570 
1111 -1.428666 
1112 -1.618344 
1113 -1.289305 
1114 -1.006593 
1115 1.734930 
1116 -1.107201 
1117 -1.314016 
1118 -1.522675 
1119 -1.414647 
1120 1.323305 
1121 -1.972668 
1122 -2.132672 
1123 -0.651526 
1124 1.462906 
1125 -1.649277 
1126 -1.705057 
1127 1.821049 
1128 -1.411987 
1129 -2.714796 
1130 -0.447801 
1131 -0.132468 
1132 2.401856 
1133 -2.136555 
1134 -1.178510 
1135 1.225883 
1136 -1.140677 
1137 -0.818319 
1138 -1.610769 
1139 -1.508225 
1140 -0.996878 
1141 0.039119 
1142 2.466945 
1143 -2.197491 
1144 -1.314725 
1145 -1.910688 
1146 -1.140497 
1147 1.808065 
1148 -1.320178 
1149 -2.003811 
1150 -0.607316 
1151 -1.166000 
1152 -0.754445 
1153 -1.171730 
1154 -1.910517 
1155 2.003174 
1156 -0.722563 
1157 -1.368049 
1158 1.713571 
1159 -2.066046 
1160 -1.562737 
1161 -0.935185 
1162 -1.230332 
1163 -1.532861 
1164 -0.834182 
1165 -1.130785 
1166 -1.882963 
1167 -1.368392 
1168 -1.329220 
1169 -1.448278 
1170 -0.804473 
1171 -1.650108 
1172 -2.515473 
1173 -0.988247 
1174 -0.408328 
1175 -1.162560 
1176 -1.378460 
1177 -1.545758 
1178 -1.077353 
1179 1.870006 
1180 2.391512 
1181 -0.773028 
1182 -1.864458 
1183 1.609981 
1184 2.101931 
1185 -1.503640 
1186 -0.749899 
1187 -1.385709 
1188 1.500873 
1189 -1.536187 
1190 -1.641079 
1191 1.699871 
1192 -1.196821 
1193 2.166219 
1194 -1.608508 
1195 -0.856987 
1196 2.112165 
1197 -1.523363 
1198 1.660796 
1199 -1.294480 
1200 2.067268 
1201 -1.397960 
1202 -1.494728 
1203 1.853643 
1204 -1.485005 
1205 -1.978305 
1206 -0.543036 
1207 -1.098612 
1208 2.545932 
1209 -1.697075 
1210 0.143956 
1211 -0.822760 
1212 -1.754458 
1213 -1.216882 
1214 0.923092 
1215 -1.925734 
1216 -1.791811 
1217 -0.715087 
1218 -0.760858 
1219 -1.869285 
1220 -1.208379 
1221 -1.845480 
1222 -1.762375 
1223 -0.126207 
1224 0.246168 
1225 -1.764860 
1226 -1.638019 
1227 2.191739 
1228 1.459739 
1229 -1.320100 
1230 -1.366388 
1231 2.090440 
1232 1.608317 
1233 -1.573152 
1234 -1.262504 
1235 -1.301934 
1236 1.382863 
1237 -2.320158 
1238 0.969210 
1239 -1.845372 
1240 2.194771 
1241 2.238091 
1242 -0.360074 
1243 -1.343707 
1244 1.451093 
1245 -1.722653 
1246 -1.984201 
1247 -0.598286 
1248 -1.358728 
1249 1.177365 
1250 -1.905857 
1251 -1.410640 
1252 -1.176923 
1253 -0.925873 
1254 -1.863483 
1255 -1.551009 
1256 2.122622 
1257 -1.425518 
1258 1.168544 
1259 -1.596148 
1260 -0.139866 
1261 -1.194457 
1262 -2.738261 
1263 -0.429394 
1264 1.654300 
1265 -1.356954 
1266 -1.619251 
1267 1.748796 
1268 -1.676553 
1269 -1.581972 
1270 -0.228136 
1271 -1.582521 
1272 -1.085521 
1273 1.745998 
1274 -1.770217 
1275 -1.529832 
1276 -0.755317 
1277 -1.616789 
1278 -1.757211 
1279 1.779855 
1280 -1.610411 
1281 -1.650667 
1282 -0.877720 
1283 -1.082434 
1284 -1.804445 
1285 2.036530 
1286 -1.187871 
1287 1.569427 
1288 1.213803 
1289 -2.507973 
1290 -1.213208 
1291 2.072792 
1292 2.233508 
1293 -0.104054 
1294 1.577031 
1295 -1.822126 
1296 1.717654 
1297 -1.638483 
1298 -1.980999 
1299 -0.654588 
1300 -1.180596 
1301 -1.495171 
1302 -1.380920 
1303 -1.100654 
1304 -1.243179 
1305 -1.323275 
1306 -1.641193 
1307 1.701706 
1308 1.498110 
1309 -2.137865 
1310 -1.265635 
1311 -1.519837 
1312 -1.549403 
1313 -1.067189 
1314 2.011005 
1315 1.704856 
1316 -0.838753 
1317 1.653772 
1318 -1.251053 
1319 -2.171039 
1320 1.368165 
1321 1.645186 
1322 -1.048901 
1323 -2.374712 
1324 -0.071317 
1325 -1.442449 
1326 -1.431073 
1327 -2.135723 
1328 -1.533099 
1329 -1.467757 
1330 -1.710300 
1331 -0.257535 
1332 -0.928849 
1333 -1.035262 
1334 -1.639190 
1335 -1.890490 
1336 -1.222364 
1337 -0.922824 
1338 -1.759111 
1339 1.886308 
1340 -1.738623 
1341 -1.909811 
1342 -0.557058 
1343 1.694124 
1344 -1.533252 
1345 -1.430926 
1346 -0.977815 
1347 1.905256 
1348 -1.020651 
1349 -1.532713 
1350 2.816055 
1351 2.202796 
1352 2.008368 
1353 -0.991454 
1354 -2.054588 
1355 -0.845311 
1356 -1.809596 
1357 -0.777705 
1358 -0.594318 
1359 -2.244624 
1360 -0.184340 
1361 -2.299396 
1362 -1.972029 
1363 -0.622567 
1364 -1.308077 
1365 -0.793696 
1366 2.218746 
1367 -1.840930 
1368 -2.179126 
1369 -1.120432 
1370 -0.831111 
1371 1.317657 
1372 -0.747569 
1373 -2.308586 
1374 -0.563578 
1375 2.264023 
1376 -1.777241 
1377 1.791561 
1378 -1.534652 
1379 -1.201856 
1380 1.745856 
1381 -1.558117 
1382 2.280293 
1383 1.873465 
1384 -2.025728 
1385 -1.855262 
1386 -1.029244 
1387 1.183152 
1388 -1.471832 
1389 -0.473087 
1390 -2.000644 
1391 -1.136096 
1392 1.414639 
1393 -1.485875 
1394 -2.790236 
1395 -0.431589 
1396 1.782885 
1397 -0.424614 
1398 -2.467900 
1399 -0.873083 
1400 -0.885751 
1401 -1.613567 
1402 -1.566392 
1403 1.755457 
1404 -2.148548 
1405 -1.136149 
1406 -0.384113 
1407 -1.690556 
1408 -0.621858 
1409 2.735461 
1410 -1.433144 
1411 -1.026853 
1412 -1.582636 
1413 1.054183 
1414 -2.666319 
1415 1.365140 
1416 -1.574305 
1417 -1.735672 
1418 1.057546 
1419 -1.377169 
1420 -0.817987 
1421 -0.069380 
1422 -0.717004 
1423 -2.975595 
1424 -0.855929 
1425 -0.267337 
1426 -0.920868 
1427 -2.642616 
1428 -0.728853 
1429 -2.013261 
1430 -0.229020 
1431 -2.174019 
1432 2.504671 
1433 -1.487566 
1434 -1.586643 
1435 -0.290153 
1436 -1.856618 
1437 1.749792 
1438 -0.671367 
1439 -1.770361 
1440 -1.732548 
1441 -1.247147 
1442 0.989606 
1443 -1.770261 
1444 -0.737587 
1445 -2.094248 
1446 2.152626 
1447 -0.821081 
1448 -0.130296 
1449 -1.899570 
1450 -1.136934 
1451 -2.045501 
1452 -2.110224 
1453 2.490395 
1454 1.541616 
1455 0.566151 
1456 -0.974274 
1457 -1.055672 
1458 -0.794970 
1459 -2.649153 
1460 -1.399212 
1461 -1.061729 
1462 1.597202 
1463 -1.709250 
1464 -1.107940 
1465 -1.297820 
1466 -2.101844 
1467 -0.410290 
1468 -2.891737 
1469 1.934845 
1470 -0.674872 
1471 1.547268 
1472 -0.761270 
1473 1.532128 
1474 -2.485878 
1475 -1.456925 
1476 -1.162265 
1477 1.071297 
1478 1.630408 
1479 -2.293028 
1480 -1.125623 
1481 0.283662 
1482 -2.649154 
1483 -0.996121 
1484 -0.762186 
1485 2.853683 
1486 -0.583395 
1487 2.427721 
1488 -0.560448 
1489 -3.080425 
1490 -0.558801 
1491 -1.095237 
1492 -2.573804 
1493 -0.622774 
1494 -1.137274 
1495 -1.205910 
1496 -0.549942 
1497 -1.719325 
1498 -2.311806 
1499 1.178360 
1500 -1.136988 
1501 -1.904078 
1502 -0.087837 
1503 -1.867911 
1504 -1.468023 
1505 -1.033557 
1506 -1.942846 
1507 1.393183 
1508 1.641659 
1509 -0.872137 
1510 1.530583 
1511 -2.304026 
1512 -0.624642 
1513 -1.989823 
1514 -0.984178 
1515 -1.796145 
1516 -1.126961 
1517 -2.231320 
1518 -0.595760 
1519 -1.116933 
1520 -1.827923 
1521 -1.470210 
1522 -0.770477 
1523 1.743785 
1524 -0.308656 
1525 -2.508054 
1526 0.755091 
1527 -0.511712 
1528 1.314601 
1529 -1.460212 
1530 -1.322772 
1531 -1.820594 
1532 -1.533371 
1533 1.383466 
1534 -2.103692 
1535 1.638729 
1536 -1.561428 
1537 1.797581 
1538 -1.373032 
1539 -1.140394 
1540 -1.886869 
1541 -1.619919 
1542 -1.171109 
1543 -0.347985 
1544 1.651374 
1545 -1.264138 
1546 -1.399545 
1547 -1.452115 
1548 -0.961647 
1549 -0.697282 
1550 -2.745257 
1551 -0.284486 
1552 1.709160 
1553 1.403818 
1554 1.840169 
1555 -1.823316 
1556 1.744025 
1557 -1.555940 
1558 -1.173470 
1559 -1.452456 
1560 -0.439406 
1561 -1.347014 
1562 -1.857241 
1563 -1.537650 
1564 -1.340094 
1565 -2.313539 
1566 -0.608496 
1567 -1.069482 
1568 -1.753398 
1569 -1.880323 
1570 -0.744109 
1571 -0.686642 
1572 -1.743770 
1573 -0.973236 
1574 -1.854737 
1575 1.465871 
1576 -0.777848 
1577 -0.822643 
1578 -1.774910 
1579 -1.688727 
1580 -0.688163 
1581 -1.066957 
1582 -2.600789 
1583 1.500536 
1584 -1.590244 
1585 -1.115217 
1586 1.842891 
1587 -1.253847 
1588 -1.296148 
1589 -0.799165 
1590 1.985188 
1591 -1.726851 
1592 1.812121 
1593 2.660789 
1594 1.587913 
1595 -0.794181 
1596 -0.955151 
1597 1.855793 
1598 1.328333 
1599 -1.597371 
1600 -0.237493 
1601 -1.903989 
1602 -2.114314 
1603 1.366088 
1604 -0.894413 
1605 2.675947 
1606 -0.725567 
1607 -1.783797 
1608 -0.954242 
1609 1.625985 
1610 -1.918211 
1611 1.636659 
1612 -2.519452 
1613 -1.296975 
1614 1.849054 
1615 0.379731 
1616 -1.339935 
1617 2.293966 
1618 2.154859 
1619 -0.705133 
1620 -1.448046 
1621 -1.058742 
1622 -1.618293 
1623 2.123545 
1624 -0.568273 
1625 -2.044860 
1626 -0.773872 
1627 -1.538194 
1628 -1.209212 
1629 -0.854705 
1630 -1.551749 
1631 -1.419233 
1632 -0.932989 
1633 -1.154647 
1634 -1.170427 
1635 -1.765706 
1636 -1.067026 
1637 2.336161 
1638 -1.617628 
1639 -0.728792 
1640 -1.385132 
1641 -1.395646 
1642 -1.214052 
1643 -1.385022 
1644 -1.826090 
1645 -2.254155 
1646 -0.459874 
1647 -0.548190 
1648 1.871868 
1649 -0.541671 
1650 -1.608963 
1651 -1.861683 
1652 1.881785 
1653 1.784043 
1654 -0.974921 
1655 -1.659742 
1656 -0.291020 
1657 1.545026 
1658 -1.994509 
1659 -1.906713 
1660 -1.019244 
1661 -1.787587 
1662 1.509462 
1663 1.981955 
1664 -1.751830 
1665 -0.899435 
1666 1.672111 
1667 2.247460 
1668 -1.508585 
1669 -1.564167 
1670 -1.787200 
1671 -0.235630 
1672 -0.812974 
1673 -0.082179 
1674 -3.120574 
1675 -0.265818 
1676 -1.194159 
1677 -1.495524 
1678 -1.606426 
1679 1.811007 
1680 -0.521913 
1681 -1.043378 
1682 -2.536983 
1683 1.158350 
1684 -2.224582 
1685 -0.839296 
1686 -0.777285 
1687 2.171265 
1688 -1.815564 
1689 -1.588664 
1690 -1.222471 
1691 -0.408805 
1692 3.276395 
1693 -0.030666 
1694 -0.900860 
1695 1.735836 
1696 1.288696 
1697 1.769902 
1698 -1.452320 
1699 -1.867858 
1700 -0.391522 
1701 -1.324316 
1702 -2.617565 
1703 -0.861168 
1704 -1.820782 
1705 -1.170710 
1706 1.700934 
1707 -1.350916 
1708 -1.632265 
1709 -1.794690 
1710 -0.411907 
1711 1.736319 
1712 2.548167 
1713 1.388774 
1714 -2.268861 
1715 1.101213 
1716 -1.683899 
1717 -0.386794 
1718 -1.764610 
1719 -1.409090 
1720 -0.138105 
1721 2.665345 
1722 2.429595 
1723 2.333752 
1724 -1.588958 
1725 -2.039682 
1726 1.309488 
1727 -1.089105 
1728 -1.327500 
1729 -1.523735 
1730 1.173882 
1731 -1.726855 
1732 1.549650 
1733 -1.594907 
1734 1.936191 
1735 -1.701687 
1736 1.324436 
1737 1.305921 
1738 -1.962585 
1739 -2.075522 
1740 1.131205 
1741 -2.329970 
1742 -1.252363 
1743 -1.074621 
1744 -1.371439 
1745 -1.240347 
1746 -1.235173 
1747 -1.531783 
1748 1.820029 
1749 -1.880760 
1750 -0.211860 
1751 -1.716768 
1752 -1.264947 
1753 -1.861781 
1754 -1.630207 
1755 -0.664025 
1756 -1.753020 
1757 0.773770 
1758 2.108644 
1759 2.195799 
1760 1.622294 
1761 -1.359981 
1762 -2.400946 
1763 -0.629193 
1764 -0.199668 
1765 0.219512 
1766 -1.143906 
1767 -3.115554 
1768 -1.310025 
1769 1.447303 
1770 -0.691298 
1771 -2.856514 
1772 -0.541716 
1773 -1.581819 
1774 2.007159 
1775 -1.617426 
1776 -1.807826 
1777 -1.545209 
1778 -1.373215 
1779 -0.447019 
1780 -1.646223 
1781 -0.761176 
1782 -0.650697 
1783 -2.394449 
1784 -1.483824 
1785 -1.594100 
1786 -1.131241 
1787 -0.961204 
1788 -1.537346 
1789 -1.932298 
1790 -1.038463 
1791 -0.627401 
1792 1.840875 
1793 -1.169592 
1794 -1.153525 
1795 2.117800 
1796 -1.222574 
1797 -1.487134 
1798 2.300255 
1799 -0.711783 
1800 -2.022539 
1801 2.593751 
1802 0.978982 
1803 -0.863160 
1804 -1.888123 
1805 -0.965384 
1806 -1.059647 
1807 -1.501197 
1808 -0.860464 
1809 -1.789394 
1810 -1.433559 
1811 -1.134468 
1812 1.385729 
1813 -1.623437 
1814 -1.386224 
1815 -1.933922 
1816 -2.167787 
1817 1.156290 
1818 -0.825700 
1819 -1.906608 
1820 2.364882 
1821 1.689955 
1822 -1.730207 
1823 -0.536335 
1824 -0.919649 
1825 -0.371421 
1826 -2.073747 
1827 2.166016 
1828 -1.813254 
1829 0.144823 
1830 -1.746611 
1831 1.966094 
1832 -2.210166 
1833 1.826894 
1834 -0.723698 
1835 -1.047378 
1836 -1.361049 
1837 -1.228477 
1838 -1.363856 
1839 1.870563 
1840 -1.991945 
1841 -1.069348 
1842 -0.534863 
1843 -1.560037 
1844 -1.130783 
1845 -2.120102 
1846 -1.389485 
1847 1.387462 
1848 1.486239 
1849 -1.503867 
1850 -1.707202 
1851 -1.122423 
1852 -1.516749 
1853 -0.800597 
1854 -1.337872 
1855 -1.623819 
1856 0.782985 
1857 -2.199090 
1858 -1.368425 
1859 -0.768804 
1860 -1.354846 
1861 -1.691179 
1862 1.804747 
1863 1.666412 
1864 -1.054698 
1865 -1.350566 
1866 1.569180 
1867 -2.101658 
1868 -1.480348 
1869 -1.116989 
1870 -0.559853 
1871 -2.239422 
1872 -1.546944 
1873 -1.057653 
1874 -0.739918 
1875 -1.886458 
1876 1.332525 
1877 -0.977388 
1878 -1.691650 
1879 -1.663131 
1880 -1.295471 
1881 -0.551439 
1882 -2.054859 
1883 -1.240457 
1884 -0.211720 
1885 -0.446461 
1886 -3.287922 
1887 -0.850604 
1888 -1.408998 
1889 -1.655049 
1890 2.079453 
1891 -0.316532 
1892 -1.726079 
1893 1.600171 
1894 -0.987594 
1895 -1.628515 
1896 -1.501829 
1897 -0.784315 
1898 -1.874570 
1899 1.757416 
1900 -1.621549 
1901 -0.310767 
1902 -1.578957 
1903 2.231331 
1904 -1.854149 
1905 -1.686947 
1906 1.598959 
1907 -0.637627 
1908 -0.833625 
1909 -2.198077 
1910 -1.820151 
1911 -0.414746 
1912 -1.933676 
1913 0.835039 
1914 -1.757979 
1915 1.957953 
1916 -0.554637 
1917 -2.894800 
1918 -0.320479 
1919 -1.106218 
1920 -1.324898 
1921 -0.396911 
1922 -2.707520 
1923 -0.777962 
1924 0.573102 
1925 -0.569875 
1926 -2.284091 
1927 -2.033449 
1928 -1.517329 
1929 -1.029514 
1930 -1.032215 
1931 2.278330 
1932 -2.243140 
1933 -1.024060 
1934 1.270281 
1935 2.073900 
1936 -1.512424 
1937 -2.825587 
1938 0.806637 
1939 0.951352 
1940 -0.601255 
1941 -0.653068 
1942 -1.627813 
1943 -1.661569 
1944 1.757986 
1945 -1.082020 
1946 -1.385396 
1947 -1.463626 
1948 1.707730 
1949 -0.823361 
1950 -1.213725 
1951 -2.417032 
1952 -2.089634 
1953 1.387437 
1954 -1.530887 
1955 -1.156795 
1956 -1.157836 
1957 -0.988710 
1958 -1.737904 
1959 -1.582869 
1960 -0.254446 
1961 -2.863554 
1962 -0.583108 
1963 -0.780206 
1964 -0.448347 
1965 -1.862489 
1966 -2.111189 
1967 -0.707764 
1968 -1.311625 
1969 -1.736113 
1970 -1.094444 
1971 1.585997 
1972 -1.288253 
1973 1.694139 
1974 -1.725172 
1975 -1.144864 
1976 -0.516307 
1977 -2.300716 
1978 -0.983463 
1979 1.872625 
1980 -1.600731 
1981 -0.790542 
1982 1.713480 
1983 -1.837358 
1984 -1.465452 
1985 -1.838001 
1986 1.397291 
1987 -1.196575 
1988 -0.845403 
1989 -0.271980 
1990 -1.485338 
1991 -2.508126 
1992 -1.338843 
1993 -2.156225 
1994 -0.894812 
1995 -0.718924 
1996 -1.409567 
1997 -1.757645 
1998 -1.228734 
1999 -1.045916 
2000 -0.151826 
2001 -1.544783 
2002 2.436543 
2003 2.141630 
2004 -1.721239 
2005 2.288871 
2006 -0.733863 
2007 2.439240 
2008 -1.453698 
2009 -1.316027 
2010 1.173121 
2011 -1.911222 
2012 1.227852 
2013 -1.760914 
2014 -0.173907 
2015 -2.344612 
2016 -1.546029 
2017 -1.059848 
2018 -1.645698 
2019 1.612204 
2020 -0.993057 
2021 1.972555 
2022 -1.176512 
2023 -2.317319 
2024 -1.531981 
2025 -0.968276 
2026 -1.887334 
2027 1.468620 
2028 -2.721554 
2029 2.330481 
2030 -0.222197 
2031 -0.530735 
2032 -1.501808 
2033 -1.086717 
2034 -2.033061 
2035 -0.130689 
2036 -0.956163 
2037 -1.476874 
2038 -2.028681 
2039 1.809421 
2040 -2.012070 
2041 -0.493392 
2042 1.358910 
2043 -1.860272 
2044 -0.652385 
2045 2.374995 
2046 -0.614090 
2047 -2.303415 
2048 -0.993240 
2049 -1.066555 
2050 -1.540966 
2051 -1.437577 
2052 -0.533394 
2053 1.875752 
2054 2.016281 
2055 -1.592674 
2056 -1.483509 
2057 -1.286968 
2058 -1.891279 
2059 -0.450704 
2060 -0.949728 
2061 -1.647596 
2062 2.167577 
2063 -1.430806 
2064 -1.271887 
2065 1.719938 
2066 -0.790698 
2067 -1.943447 
2068 -1.565367 
2069 -1.306947 
2070 -1.193105 
2071 -1.173641 
2072 -1.993323 
2073 -1.196696 
2074 -1.403854 
2075 -0.733323 
2076 -0.920038 
2077 -1.778168 
2078 2.126417 
2079 -0.872937 
2080 -1.244029 
2081 1.896584 
2082 -2.004220 
2083 -0.623801 
2084 -0.755625 
2085 -1.963070 
2086 -1.561544 
2087 -0.723238 
2088 -1.399189 
2089 -1.341594 
2090 -1.800398 
2091 -0.571072 
2092 1.891798 
2093 -1.499410 
2094 -0.322052 
2095 -1.692864 
2096 -1.745781 
2097 -0.357897 
2098 -1.638968 
2099 -1.353673 
2100 2.108984 
2101 -1.579857 
2102 -1.682869 
2103 1.007390 
2104 -2.125898 
2105 -1.178638 
2106 -0.883116 
2107 -1.135048 
2108 1.419847 
2109 -1.322371 
2110 -1.725373 
2111 -1.272666 
2112 -1.569290 
2113 -0.801653 
2114 -1.739163 
2115 1.721802 
2116 -1.289820 
2117 -1.053780 
2118 -1.534444 
2119 -1.408211 
2120 1.651461 
2121 -1.293327 
2122 -1.762766 
2123 -1.107427 
2124 -0.210449 
2125 -1.629167 
2126 -1.549690 
2127 -1.628864 
2128 -1.502632 
2129 -1.378478 
2130 -1.448604 
2131 -0.973384 
2132 -1.770413 
2133 -0.348920 
2134 -1.954484 
2135 -0.908471 
2136 -2.186620 
2137 0.776801 
2138 1.824437 
2139 -1.245767 
2140 -1.152138 
2141 -1.161102 
2142 -1.521323 
2143 2.068948 
2144 -0.315997 
2145 -0.836035 
2146 -1.363073 
2147 -2.520725 
2148 -0.920982 
2149 -1.545204 
2150 -0.907846 
2151 -1.830932 
2152 -1.193784 
2153 2.297764 
2154 1.478654 
2155 -1.482102 
2156 1.720858 
2157 -1.584052 
2158 -1.900751 
2159 1.156446 
2160 -0.700674 
2161 -1.488828 
2162 -1.792332 
2163 -1.104261 
2164 -1.717762 
2165 -0.507906 
2166 1.915518 
2167 -1.705466 
2168 -0.821224 
2169 -1.399498 
2170 -0.908939 
2171 -1.796737 
2172 -1.655413 
2173 -1.258747 
2174 1.941361 
2175 -1.075120 
2176 -1.264048 
2177 -1.182495 
2178 -1.639672 
2179 1.751811 
2180 -1.741751 
2181 -1.065393 
2182 -0.852697 
2183 -1.356549 
2184 -1.327764 
2185 -1.101835 
2186 -1.668139 
2187 -0.955057 
2188 -0.799264 
2189 1.883468 
2190 -1.682303 
2191 -1.416129 
2192 -0.793750 
2193 -0.834611 
2194 -1.140695 
2195 -1.970990 
2196 -0.879832 
2197 -1.632019 
2198 -1.936379 
2199 -0.682196 
2200 2.078731 
2201 -1.116612 
2202 -1.571446 
2203 -0.967552 
2204 -1.661577 
2205 -1.271296 
2206 -0.048168 
2207 -1.896967 
2208 2.491369 
2209 -1.513874 
2210 -0.814847 
2211 -1.123603 
2212 -1.569725 
2213 -1.393474 
2214 -1.461172 
2215 -0.693799 
2216 -1.561116 
2217 -0.717714 
2218 1.286322 
2219 2.103253 
2220 -1.427661 
2221 -1.280263 
2222 -1.100676 
2223 -1.286895 
2224 -1.165190 
2225 -0.958106 
2226 -1.558885 
2227 -1.521656 
2228 -1.507109 
2229 -0.699806 
2230 -1.463890 
2231 1.965329 
2232 -1.246214 
2233 -1.407622 
2234 -0.733911 
2235 -1.799138 
2236 -1.303074 
2237 -1.380909 
2238 -1.319846 
2239 -0.864386 
2240 1.953166 
2241 -1.494532 
2242 -0.280910 
2243 -1.955100 
2244 2.225921 
2245 -1.262482 
2246 -2.064998 
2247 0.532020 
2248 -0.934890 
2249 -1.377678 
2250 -1.199808 
2251 -1.641703 
2252 -0.851027 
2253 -1.497504 
2254 1.868479 
2255 -1.663197 
2256 -1.174910 
2257 1.572385 
2258 -1.312337 
2259 -1.639055 
2260 -0.950897 
2261 -1.440186 
2262 -1.403443 
2263 -1.334865 
2264 -0.869905 
2265 -1.407485 
2266 -1.343802 
2267 -1.610374 
2268 -1.492046 
2269 -0.880165 
2270 -1.092042 
2271 -1.610510 
2272 -1.811635 
2273 -0.885568 
2274 -0.329920 
2275 -2.016313 
2276 -0.812494 
2277 -1.164976 
2278 -1.852064 
2279 2.042897 
2280 -1.160350 
2281 -1.756798 
2282 -1.126636 
2283 -1.069942 
2284 1.846947 
2285 -0.964031 
2286 -1.217401 
2287 -1.678708 
2288 1.658697 
2289 -1.592975 
2290 -1.468678 
2291 -0.943876 
2292 1.432987 
2293 -1.386878 
2294 1.407987 
2295 1.891309 
2296 -1.495956 
2297 -0.681430 
2298 2.301588 
2299 -1.484230 
2300 -1.432992 
2301 -1.388484 
2302 -1.054986 
2303 1.657779 
2304 -1.432863 
2305 -1.232626 
2306 -1.053303 
2307 -1.461922 
2308 -1.542058 
2309 -1.737210 
2310 -0.621458 
2311 -1.069862 
2312 -2.347055 
2313 -1.773221 
