5962 1
0 -0.403446 
1 -0.403446 
2 0.004375 
3 0.004375 
4 0.004375 
5 0.004375 
6 0.004375 
7 0.004375 
8 -0.012985 
9 -0.012985 
10 -0.012985 
11 -0.012985 
12 -0.012985 
13 -0.012985 
14 -0.012985 
15 -0.012985 
16 0.393944 
17 0.393944 
18 0.393944 
19 0.393944 
20 0.393944 
21 0.393944 
22 -0.184974 
23 -0.184974 
24 -0.184974 
25 -0.184974 
26 -0.490638 
27 -0.490638 
28 -0.403446 
29 -0.490638 
30 -0.490638 
31 0.004375 
32 0.004375 
33 0.004375 
34 0.004375 
35 0.004375 
36 0.004375 
37 0.004375 
38 -0.012985 
39 -0.012985 
40 -0.012985 
41 -0.012985 
42 -0.012985 
43 -0.012985 
44 -0.012985 
45 -0.012985 
46 -0.012985 
47 -0.012985 
48 -0.012985 
49 -0.012985 
50 -0.012985 
51 -0.012985 
52 0.393944 
53 0.393944 
54 0.393944 
55 0.393944 
56 0.393944 
57 0.393944 
58 0.393944 
59 0.393944 
60 0.393944 
61 -0.184974 
62 -0.184974 
63 -0.490638 
64 -0.490638 
65 -0.490638 
66 -0.490638 
67 -0.490638 
68 0.004375 
69 0.004375 
70 0.004375 
71 0.004375 
72 0.004375 
73 0.004375 
74 0.004375 
75 0.004375 
76 0.004375 
77 -0.012985 
78 0.004375 
79 0.004375 
80 -0.012985 
81 -0.012985 
82 -0.012985 
83 -0.012985 
84 -0.012985 
85 -0.012985 
86 -0.012985 
87 -0.012985 
88 -0.012985 
89 -0.012985 
90 -0.012985 
91 -0.012985 
92 0.393944 
93 -0.012985 
94 -0.012985 
95 0.393944 
96 0.393944 
97 0.393944 
98 0.393944 
99 0.393944 
100 -0.490638 
101 -0.490638 
102 -0.490638 
103 -0.490638 
104 -0.490638 
105 -0.490638 
106 -0.490638 
107 -0.490638 
108 0.004375 
109 0.004375 
110 0.004375 
111 0.004375 
112 0.004375 
113 0.004375 
114 0.004375 
115 0.004375 
116 0.004375 
117 0.004375 
118 -0.012985 
119 -0.012985 
120 -0.012985 
121 -0.012985 
122 -0.012985 
123 -0.012985 
124 -0.012985 
125 -0.012985 
126 -0.012985 
127 -0.012985 
128 -0.012985 
129 -0.012985 
130 -0.012985 
131 -0.012985 
132 -0.012985 
133 -0.012985 
134 -0.012985 
135 -0.012985 
136 -0.012985 
137 -0.490638 
138 -0.490638 
139 -0.490638 
140 -0.490638 
141 -0.490638 
142 -0.490638 
143 -0.490638 
144 -0.490638 
145 -0.490638 
146 -0.490638 
147 -0.490638 
148 0.004375 
149 0.004375 
150 0.004375 
151 0.004375 
152 0.004375 
153 0.004375 
154 -0.382765 
155 0.004375 
156 0.004375 
157 -0.012985 
158 -0.012985 
159 -0.012985 
160 -0.012985 
161 -0.012985 
162 -0.012985 
163 -0.012985 
164 -0.012985 
165 -0.012985 
166 -0.012985 
167 -0.012985 
168 -0.012985 
169 -0.012985 
170 -0.012985 
171 -0.012985 
172 -0.012985 
173 -0.012985 
174 0.044680 
175 0.044680 
176 -0.490638 
177 -0.490638 
178 -0.490638 
179 -0.490638 
180 -0.490638 
181 -0.490638 
182 -0.490638 
183 -0.490638 
184 -0.490638 
185 -0.490638 
186 -0.490638 
187 -0.490638 
188 -0.490638 
189 -0.490638 
190 -0.490638 
191 -0.490638 
192 -0.012985 
193 -0.012985 
194 -0.012985 
195 -0.012985 
196 -0.012985 
197 -0.012985 
198 -0.012985 
199 -0.012985 
200 -0.012985 
201 -0.012985 
202 -0.012985 
203 -0.012985 
204 -0.012985 
205 -0.012985 
206 -0.012985 
207 -0.012985 
208 -0.012985 
209 -0.012985 
210 -0.012985 
211 0.044680 
212 0.044680 
213 0.044680 
214 -0.490638 
215 -0.490638 
216 -0.490638 
217 -0.490638 
218 -0.490638 
219 -0.490638 
220 -0.490638 
221 -0.490638 
222 -0.490638 
223 -0.490638 
224 -0.490638 
225 -0.490638 
226 -0.490638 
227 -0.490638 
228 -0.490638 
229 -0.012985 
230 -0.012985 
231 -0.012985 
232 -0.012985 
233 -0.012985 
234 -0.012985 
235 -0.012985 
236 -0.012985 
237 -0.012985 
238 -0.012985 
239 -0.012985 
240 -0.012985 
241 -0.012985 
242 -0.012985 
243 -0.012985 
244 -0.012985 
245 -0.012985 
246 -0.012985 
247 -0.012985 
248 -0.490638 
249 -0.490638 
250 0.044680 
251 -0.490638 
252 -0.490638 
253 -0.490638 
254 -0.490638 
255 -0.490638 
256 -0.490638 
257 -0.490638 
258 -0.490638 
259 -0.490638 
260 -0.490638 
261 -0.490638 
262 -0.490638 
263 -0.490638 
264 -0.490638 
265 -0.490638 
266 -0.012985 
267 -0.012985 
268 -0.012985 
269 -0.012985 
270 -0.012985 
271 -0.012985 
272 -0.012985 
273 -0.012985 
274 -0.012985 
275 -0.012985 
276 -0.012985 
277 -0.012985 
278 -0.012985 
279 -0.012985 
280 -0.012985 
281 -0.012985 
282 -0.012985 
283 0.337573 
284 0.337573 
285 -0.490638 
286 -0.490638 
287 -0.490638 
288 -0.490638 
289 -0.490638 
290 -0.490638 
291 -0.490638 
292 -0.490638 
293 -0.490638 
294 -0.490638 
295 -0.490638 
296 -0.490638 
297 -0.490638 
298 -0.490638 
299 -0.490638 
300 -0.490638 
301 -0.490638 
302 -0.490638 
303 -0.490638 
304 -0.490638 
305 -0.490638 
306 -0.012985 
307 -0.012985 
308 -0.490638 
309 -0.012985 
310 -0.012985 
311 -0.012985 
312 -0.012985 
313 -0.012985 
314 -0.012985 
315 -0.012985 
316 -0.012985 
317 -0.012985 
318 -0.012985 
319 -0.012985 
320 0.337573 
321 0.337573 
322 -0.490638 
323 -0.490638 
324 -0.490638 
325 -0.490638 
326 -0.490638 
327 -0.490638 
328 -0.490638 
329 -0.490638 
330 -0.490638 
331 -0.490638 
332 -0.490638 
333 -0.490638 
334 -0.490638 
335 -0.490638 
336 -0.490638 
337 -0.490638 
338 -0.490638 
339 -0.490638 
340 -0.490638 
341 -0.490638 
342 -0.490638 
343 -0.490638 
344 -0.490638 
345 -0.490638 
346 0.337573 
347 0.337573 
348 -0.490638 
349 0.337573 
350 0.337573 
351 -0.012985 
352 0.337573 
353 0.337573 
354 0.337573 
355 -0.012985 
356 -0.012985 
357 0.337573 
358 0.337573 
359 -0.490638 
360 -0.490638 
361 -0.490638 
362 -0.490638 
363 -0.490638 
364 -0.490638 
365 -0.490638 
366 -0.490638 
367 -0.490638 
368 -0.490638 
369 -0.490638 
370 -0.490638 
371 -0.490638 
372 -0.490638 
373 -0.490638 
374 -0.490638 
375 -0.490638 
376 -0.490638 
377 -0.490638 
378 -0.490638 
379 -0.490638 
380 -0.490638 
381 -0.490638 
382 -0.490638 
383 0.337573 
384 0.337573 
385 0.337573 
386 0.337573 
387 0.337573 
388 0.337573 
389 0.337573 
390 0.337573 
391 0.337573 
392 0.337573 
393 0.337573 
394 0.337573 
395 0.337573 
396 -0.490638 
397 -0.490638 
398 -0.490638 
399 -0.490638 
400 -0.490638 
401 -0.490638 
402 -0.490638 
403 -0.490638 
404 -0.490638 
405 -0.490638 
406 -0.490638 
407 -0.490638 
408 -0.490638 
409 -0.490638 
410 -0.490638 
411 -0.490638 
412 -0.490638 
413 -0.490638 
414 -0.490638 
415 -0.490638 
416 -0.490638 
417 -0.490638 
418 -0.490638 
419 0.337573 
420 -0.490638 
421 -0.490638 
422 0.337573 
423 0.337573 
424 0.337573 
425 0.337573 
426 0.337573 
427 0.337573 
428 0.337573 
429 0.337573 
430 0.337573 
431 0.337573 
432 0.337573 
433 0.284545 
434 0.284545 
435 -0.490638 
436 -0.490638 
437 -0.490638 
438 -0.490638 
439 -0.490638 
440 -0.490638 
441 -0.490638 
442 -0.490638 
443 -0.490638 
444 -0.490638 
445 -0.490638 
446 -0.490638 
447 -0.490638 
448 -0.490638 
449 0.337573 
450 0.337573 
451 0.337573 
452 0.337573 
453 0.337573 
454 0.337573 
455 0.337573 
456 0.337573 
457 0.337573 
458 0.337573 
459 -0.403446 
460 0.004375 
461 0.004375 
462 0.004375 
463 -0.012985 
464 -0.012985 
465 -0.012985 
466 -0.012985 
467 0.393944 
468 0.393944 
469 0.393944 
470 -0.285444 
471 -0.285444 
472 -0.490638 
473 -0.490638 
474 0.004375 
475 0.004375 
476 -0.012985 
477 -0.012985 
478 -0.012985 
479 -0.012985 
480 -0.012985 
481 0.393944 
482 0.393944 
483 0.393944 
484 -0.285444 
485 -0.490638 
486 -0.490638 
487 0.004375 
488 0.004375 
489 0.004375 
490 0.004375 
491 -0.012985 
492 -0.012985 
493 -0.012985 
494 -0.012985 
495 0.393944 
496 0.393944 
497 0.393944 
498 -0.490638 
499 -0.490638 
500 0.004375 
501 0.004375 
502 0.004375 
503 0.004375 
504 -0.012985 
505 -0.012985 
506 -0.012985 
507 -0.012985 
508 -0.012985 
509 0.393944 
510 -0.012985 
511 -0.490638 
512 -0.490638 
513 -0.490638 
514 0.004375 
515 0.004375 
516 0.004375 
517 0.004375 
518 -0.012985 
519 -0.012985 
520 -0.012985 
521 -0.012985 
522 -0.012985 
523 -0.012985 
524 0.044680 
525 -0.490638 
526 -0.490638 
527 -0.490638 
528 -0.490638 
529 -0.490638 
530 -0.012985 
531 -0.012985 
532 -0.012985 
533 -0.012985 
534 -0.012985 
535 -0.012985 
536 0.393944 
537 0.044680 
538 -0.490638 
539 -0.490638 
540 -0.490638 
541 -0.490638 
542 -0.490638 
543 -0.490638 
544 -0.012985 
545 -0.012985 
546 -0.012985 
547 -0.012985 
548 -0.012985 
549 0.393944 
550 0.044680 
551 -0.490638 
552 -0.490638 
553 -0.490638 
554 -0.490638 
555 -0.490638 
556 -0.490638 
557 -0.490638 
558 -0.012985 
559 -0.012985 
560 -0.012985 
561 -0.012985 
562 -0.364756 
563 0.044680 
564 -0.490638 
565 -0.490638 
566 -0.490638 
567 -0.490638 
568 -0.490638 
569 -0.490638 
570 -0.490638 
571 -0.490638 
572 -0.012985 
573 -0.012985 
574 -0.012985 
575 -0.364756 
576 -0.490638 
577 -0.490638 
578 -0.490638 
579 -0.490638 
580 -0.490638 
581 -0.490638 
582 -0.490638 
583 -0.490638 
584 0.337573 
585 0.337573 
586 -0.012985 
587 -0.012985 
588 -0.364756 
589 -0.490638 
590 -0.490638 
591 -0.490638 
592 -0.490638 
593 -0.490638 
594 -0.490638 
595 -0.490638 
596 -0.490638 
597 0.337573 
598 0.337573 
599 0.337573 
600 -0.012985 
601 -0.364756 
602 0.237690 
603 0.237690 
604 -0.490638 
605 -0.490638 
606 -0.490638 
607 -0.490638 
608 -0.490638 
609 -0.490638 
610 -0.490638 
611 0.337573 
612 0.337573 
613 0.337573 
614 0.337573 
615 -0.417581 
616 0.237690 
617 -0.442198 
618 -0.490638 
619 -0.490638 
620 -0.490638 
621 -0.490638 
622 -0.490638 
623 0.337573 
624 0.337573 
625 0.337573 
626 0.337573 
627 0.337573 
628 0.004375 
629 0.004375 
630 0.004375 
631 -0.201598 
632 -0.432900 
633 -0.012985 
634 -0.328679 
635 -0.176936 
636 0.227197 
637 0.123663 
638 0.123278 
639 -0.285444 
640 -0.234053 
641 0.004375 
642 0.004375 
643 0.004375 
644 -0.432900 
645 -0.432900 
646 -0.328679 
647 -0.328679 
648 0.227197 
649 0.227197 
650 0.123278 
651 0.123278 
652 0.123278 
653 -0.285444 
654 -0.012985 
655 -0.012985 
656 0.004375 
657 -0.060429 
658 -0.432900 
659 -0.072192 
660 0.387472 
661 0.334345 
662 -0.241159 
663 0.123278 
664 0.393944 
665 0.123278 
666 0.123278 
667 -0.012985 
668 -0.490638 
669 0.334345 
670 0.004375 
671 -0.273627 
672 0.004375 
673 0.387472 
674 0.302602 
675 -0.241159 
676 -0.045755 
677 0.393944 
678 0.393944 
679 0.123278 
680 -0.490638 
681 -0.490638 
682 0.040655 
683 0.004375 
684 0.004375 
685 0.004375 
686 0.302602 
687 0.302602 
688 -0.045755 
689 -0.045755 
690 -0.045755 
691 0.393944 
692 0.393944 
693 0.044680 
694 -0.490638 
695 0.040655 
696 -0.241159 
697 0.109617 
698 0.471757 
699 0.471757 
700 0.210965 
701 -0.012985 
702 -0.012985 
703 -0.447661 
704 -0.012985 
705 0.393944 
706 -0.490638 
707 -0.490638 
708 -0.449618 
709 -0.241159 
710 0.476035 
711 0.471757 
712 -0.378758 
713 0.210965 
714 -0.176756 
715 -0.012985 
716 -0.012985 
717 -0.012985 
718 -0.012985 
719 -0.449618 
720 -0.449618 
721 -0.449618 
722 0.476035 
723 0.476035 
724 -0.378758 
725 -0.378758 
726 -0.176756 
727 -0.176756 
728 -0.176756 
729 -0.012985 
730 -0.012985 
731 0.458638 
732 0.476035 
733 0.476035 
734 -0.449618 
735 0.476035 
736 0.476035 
737 0.128958 
738 -0.378758 
739 0.160243 
740 -0.176756 
741 -0.233950 
742 -0.012985 
743 0.436324 
744 -0.364756 
745 -0.490638 
746 -0.490638 
747 -0.435905 
748 -0.267815 
749 -0.490638 
750 -0.284056 
751 -0.273627 
752 0.237125 
753 -0.233950 
754 -0.233950 
755 0.436324 
756 0.436324 
757 0.436324 
758 -0.490638 
759 -0.490638 
760 -0.267815 
761 -0.267815 
762 -0.284056 
763 -0.284056 
764 0.237125 
765 0.237125 
766 0.237125 
767 -0.053152 
768 0.300615 
769 -0.364756 
770 -0.364756 
771 -0.490638 
772 0.237690 
773 0.237690 
774 -0.267815 
775 -0.490638 
776 -0.284056 
777 0.159186 
778 0.237125 
779 -0.053152 
780 -0.053152 
781 -0.364756 
782 -0.364756 
783 -0.364756 
784 -0.414004 
785 -0.231050 
786 0.237690 
787 0.237690 
788 -0.490638 
789 -0.490638 
790 0.159186 
791 0.004375 
792 0.004375 
793 -0.053152 
794 -0.053152 
795 -0.364756 
796 0.074015 
797 0.225024 
798 -0.060429 
799 -0.060429 
800 -0.201598 
801 -0.201598 
802 -0.012985 
803 -0.328679 
804 0.159186 
805 0.227197 
806 0.159186 
807 0.159186 
808 -0.442198 
809 -0.234053 
810 0.004375 
811 0.004375 
812 0.004375 
813 -0.432900 
814 0.123663 
815 0.427404 
816 0.427404 
817 0.123278 
818 0.123278 
819 0.123278 
820 0.123278 
821 0.123278 
822 -0.442198 
823 -0.012985 
824 0.004375 
825 -0.066562 
826 -0.060429 
827 0.387472 
828 -0.072192 
829 0.387472 
830 0.334345 
831 -0.241159 
832 0.123278 
833 0.000900 
834 0.123278 
835 0.123278 
836 -0.012985 
837 -0.325038 
838 0.334345 
839 -0.233950 
840 -0.072192 
841 -0.415028 
842 0.263827 
843 0.427404 
844 0.427404 
845 -0.148686 
846 0.230065 
847 0.123278 
848 0.123278 
849 -0.176936 
850 -0.490638 
851 0.040655 
852 -0.241759 
853 -0.426143 
854 0.013121 
855 -0.340957 
856 0.302602 
857 -0.045755 
858 -0.229348 
859 -0.272371 
860 0.123278 
861 -0.090181 
862 -0.490638 
863 -0.490638 
864 -0.184974 
865 -0.241159 
866 0.109617 
867 0.471757 
868 0.471757 
869 0.210965 
870 0.063840 
871 0.204521 
872 -0.447661 
873 0.230065 
874 -0.447661 
875 0.241682 
876 0.461748 
877 -0.449618 
878 -0.241159 
879 0.387472 
880 -0.272371 
881 -0.224804 
882 -0.020275 
883 0.026574 
884 -0.036140 
885 -0.472114 
886 -0.364756 
887 0.458638 
888 0.241682 
889 0.461748 
890 0.130931 
891 0.387472 
892 0.387472 
893 0.387472 
894 0.160243 
895 0.223751 
896 0.160243 
897 -0.176756 
898 -0.364756 
899 -0.364756 
900 0.458638 
901 -0.435905 
902 0.476035 
903 0.461748 
904 -0.357507 
905 0.476035 
906 0.128958 
907 -0.378758 
908 0.160243 
909 0.160243 
910 -0.233950 
911 0.040655 
912 -0.364756 
913 -0.364756 
914 -0.218189 
915 -0.218189 
916 -0.435905 
917 -0.267815 
918 -0.490638 
919 -0.247449 
920 -0.273627 
921 0.387472 
922 -0.168609 
923 0.194691 
924 0.436324 
925 -0.168609 
926 -0.364756 
927 -0.218189 
928 -0.218189 
929 0.237690 
930 0.237690 
931 -0.284056 
932 0.196148 
933 -0.442198 
934 -0.369354 
935 -0.168609 
936 -0.432900 
937 0.300615 
938 -0.168609 
939 -0.364756 
940 -0.218189 
941 0.237690 
942 -0.218189 
943 -0.218189 
944 -0.490638 
945 -0.490638 
946 -0.176756 
947 0.237125 
948 0.079172 
949 -0.168609 
950 -0.168609 
951 -0.168609 
952 -0.364756 
953 -0.414004 
954 -0.218189 
955 0.237690 
956 0.237690 
957 0.237690 
958 0.237690 
959 0.159186 
960 0.004375 
961 -0.036404 
962 -0.053152 
963 -0.053152 
964 -0.053152 
965 -0.490638 
966 -0.327259 
967 -0.201598 
968 -0.201598 
969 -0.201598 
970 -0.201598 
971 -0.201598 
972 -0.201598 
973 -0.201598 
974 0.200691 
975 -0.012985 
976 0.124878 
977 -0.328679 
978 0.263827 
979 0.159186 
980 -0.036077 
981 0.227197 
982 0.159186 
983 0.159186 
984 -0.442198 
985 0.159186 
986 -0.442198 
987 -0.442198 
988 -0.442198 
989 -0.234053 
990 0.004375 
991 0.225024 
992 0.225024 
993 -0.233950 
994 0.225024 
995 -0.060429 
996 -0.060429 
997 0.004375 
998 -0.060429 
999 -0.060429 
1000 -0.432900 
1001 0.200691 
1002 -0.201598 
1003 0.200691 
1004 0.200691 
1005 0.200691 
1006 -0.183825 
1007 0.124878 
1008 -0.012985 
1009 -0.183825 
1010 -0.036077 
1011 -0.328679 
1012 0.124878 
1013 0.159186 
1014 0.159186 
1015 0.159186 
1016 0.159186 
1017 0.227197 
1018 0.159186 
1019 -0.442198 
1020 0.159186 
1021 0.159186 
1022 -0.442198 
1023 -0.442198 
1024 -0.442198 
1025 -0.442198 
1026 -0.442198 
1027 -0.012985 
1028 0.002778 
1029 0.004375 
1030 0.380283 
1031 -0.012985 
1032 0.004375 
1033 0.380283 
1034 0.461748 
1035 0.486806 
1036 0.486806 
1037 0.040655 
1038 0.486806 
1039 -0.432900 
1040 -0.201598 
1041 0.334662 
1042 0.123663 
1043 -0.201598 
1044 0.427404 
1045 0.427404 
1046 0.123663 
1047 0.427404 
1048 0.427404 
1049 0.427404 
1050 0.093159 
1051 0.123278 
1052 -0.193080 
1053 -0.090181 
1054 -0.090181 
1055 0.123278 
1056 -0.090181 
1057 0.123278 
1058 -0.193080 
1059 0.123278 
1060 -0.193080 
1061 -0.442198 
1062 -0.234053 
1063 -0.442198 
1064 -0.012985 
1065 0.002778 
1066 -0.012985 
1067 0.040655 
1068 0.380283 
1069 0.040655 
1070 0.040655 
1071 0.380283 
1072 0.380283 
1073 0.380283 
1074 0.461748 
1075 -0.156230 
1076 -0.060429 
1077 0.486806 
1078 0.486806 
1079 0.123663 
1080 0.123663 
1081 0.302602 
1082 0.302602 
1083 0.427404 
1084 0.302602 
1085 0.302602 
1086 0.427404 
1087 0.093159 
1088 0.093159 
1089 0.379102 
1090 0.093159 
1091 0.093159 
1092 -0.193080 
1093 0.123278 
1094 -0.272371 
1095 -0.090181 
1096 -0.090181 
1097 -0.090181 
1098 0.230065 
1099 -0.234053 
1100 -0.442198 
1101 -0.176936 
1102 -0.447661 
1103 0.040655 
1104 0.040655 
1105 -0.490638 
1106 0.380283 
1107 -0.325038 
1108 -0.176936 
1109 0.109617 
1110 0.109617 
1111 -0.325038 
1112 0.109617 
1113 0.109617 
1114 0.002942 
1115 0.486806 
1116 0.486806 
1117 -0.225349 
1118 0.302602 
1119 0.302602 
1120 0.002942 
1121 0.302602 
1122 -0.045755 
1123 0.379102 
1124 0.302602 
1125 0.302602 
1126 -0.033680 
1127 -0.447661 
1128 -0.447661 
1129 0.379102 
1130 -0.447661 
1131 -0.447661 
1132 0.458638 
1133 -0.090181 
1134 0.230065 
1135 -0.476270 
1136 0.230065 
1137 0.230065 
1138 -0.490638 
1139 -0.279461 
1140 -0.176936 
1141 -0.490638 
1142 0.142676 
1143 0.040655 
1144 -0.490638 
1145 -0.176936 
1146 -0.014653 
1147 -0.014653 
1148 -0.176936 
1149 -0.014653 
1150 -0.014653 
1151 -0.286150 
1152 0.109617 
1153 0.109617 
1154 0.471757 
1155 0.210965 
1156 0.210965 
1157 0.471757 
1158 0.302602 
1159 0.302602 
1160 -0.376399 
1161 0.302602 
1162 0.302602 
1163 0.379102 
1164 -0.447661 
1165 -0.447661 
1166 0.458638 
1167 0.400052 
1168 0.230065 
1169 0.458638 
1170 -0.447661 
1171 -0.447661 
1172 0.230065 
1173 0.230065 
1174 0.458638 
1175 0.241682 
1176 -0.279461 
1177 -0.490638 
1178 -0.490638 
1179 0.142676 
1180 -0.490638 
1181 0.142676 
1182 -0.176936 
1183 -0.291618 
1184 -0.291618 
1185 0.387472 
1186 -0.291618 
1187 -0.291618 
1188 -0.014653 
1189 0.109617 
1190 0.109617 
1191 0.387472 
1192 0.471757 
1193 -0.221268 
1194 0.387472 
1195 0.210965 
1196 0.210965 
1197 0.471757 
1198 -0.176756 
1199 -0.176756 
1200 -0.036140 
1201 -0.176756 
1202 -0.176756 
1203 -0.036140 
1204 -0.364756 
1205 -0.447661 
1206 0.400052 
1207 0.458638 
1208 -0.447661 
1209 0.400052 
1210 0.458638 
1211 0.458638 
1212 0.241682 
1213 0.237690 
1214 0.241682 
1215 0.380544 
1216 0.380544 
1217 0.476035 
1218 0.461748 
1219 0.380544 
1220 -0.291618 
1221 -0.291618 
1222 0.387472 
1223 0.387472 
1224 0.387472 
1225 -0.291618 
1226 -0.291618 
1227 -0.291618 
1228 0.387472 
1229 0.387472 
1230 0.387472 
1231 -0.221268 
1232 -0.340957 
1233 -0.221268 
1234 0.387472 
1235 -0.176756 
1236 -0.176756 
1237 0.393238 
1238 -0.228850 
1239 -0.176756 
1240 -0.036140 
1241 -0.176756 
1242 -0.176756 
1243 -0.364756 
1244 0.400052 
1245 0.400052 
1246 0.002942 
1247 0.458638 
1248 -0.364756 
1249 -0.435905 
1250 -0.218189 
1251 -0.435905 
1252 -0.435905 
1253 0.163010 
1254 -0.435905 
1255 0.476035 
1256 0.163010 
1257 0.476035 
1258 0.476035 
1259 0.163010 
1260 -0.291618 
1261 0.018400 
1262 0.387472 
1263 -0.291618 
1264 -0.291618 
1265 0.387472 
1266 0.128958 
1267 0.387472 
1268 0.387472 
1269 -0.338872 
1270 -0.338872 
1271 0.387472 
1272 -0.338872 
1273 -0.338872 
1274 0.393238 
1275 -0.176756 
1276 -0.176756 
1277 -0.168609 
1278 -0.364756 
1279 -0.176756 
1280 -0.364756 
1281 -0.364756 
1282 -0.364756 
1283 0.002942 
1284 -0.364756 
1285 -0.364756 
1286 -0.218189 
1287 -0.218189 
1288 -0.435905 
1289 -0.435905 
1290 0.237690 
1291 -0.033680 
1292 -0.033680 
1293 0.163010 
1294 -0.435905 
1295 -0.435905 
1296 0.333489 
1297 -0.201598 
1298 -0.447661 
1299 -0.233039 
1300 -0.369354 
1301 -0.369354 
1302 -0.233039 
1303 -0.369354 
1304 -0.369354 
1305 0.387472 
1306 -0.338872 
1307 -0.338872 
1308 0.387472 
1309 -0.168609 
1310 -0.168609 
1311 -0.338872 
1312 -0.338872 
1313 -0.338872 
1314 -0.168609 
1315 -0.168609 
1316 -0.168609 
1317 -0.241759 
1318 -0.364756 
1319 -0.241759 
1320 -0.241759 
1321 -0.364756 
1322 -0.364756 
1323 -0.218189 
1324 -0.218189 
1325 -0.218189 
1326 -0.218189 
1327 -0.218189 
1328 -0.435905 
1329 -0.218189 
1330 -0.176936 
1331 -0.435905 
1332 -0.435905 
1333 -0.033680 
1334 -0.033680 
1335 -0.490638 
1336 -0.327259 
1337 0.159186 
1338 -0.369354 
1339 -0.176756 
1340 0.159186 
1341 -0.176756 
1342 -0.369354 
1343 -0.369354 
1344 0.237125 
1345 -0.036404 
1346 -0.338872 
1347 0.079172 
1348 -0.168609 
1349 -0.168609 
1350 -0.168609 
1351 0.256925 
1352 -0.168609 
1353 -0.168609 
1354 -0.490638 
1355 -0.364756 
1356 -0.241759 
1357 -0.490638 
1358 -0.364756 
1359 -0.260586 
1360 -0.218189 
1361 -0.218189 
1362 -0.218189 
1363 -0.218189 
1364 -0.218189 
1365 -0.176936 
1366 0.237690 
1367 -0.176936 
1368 -0.033680 
1369 -0.033680 
1370 -0.033680 
1371 -0.033680 
1372 0.237690 
1373 -0.327259 
1374 0.159186 
1375 0.159186 
1376 0.159186 
1377 0.159186 
1378 0.159186 
1379 -0.369354 
1380 0.159186 
1381 0.004375 
1382 0.159186 
1383 0.237125 
1384 -0.036404 
1385 0.237125 
1386 -0.053152 
1387 -0.053152 
1388 0.079172 
1389 -0.053152 
1390 -0.053152 
1391 -0.053152 
1392 -0.490638 
1393 -0.490638 
1394 0.362234 
1395 -0.364756 
1396 -0.260586 
1397 -0.414004 
1398 -0.218189 
1399 -0.218189 
1400 0.237690 
1401 -0.218189 
1402 0.237690 
1403 -0.176936 
1404 0.237690 
1405 -0.176936 
1406 0.237690 
1407 -0.233039 
1408 0.159186 
1409 -0.129560 
1410 0.004375 
1411 -0.129560 
1412 -0.036404 
1413 -0.036404 
1414 -0.053152 
1415 0.471757 
1416 -0.053152 
1417 0.471757 
1418 -0.053152 
1419 0.471757 
1420 -0.490638 
1421 -0.233950 
1422 -0.201598 
1423 -0.066562 
1424 -0.201598 
1425 0.330599 
1426 -0.201598 
1427 0.263827 
1428 0.200691 
1429 0.263827 
1430 0.124878 
1431 0.387472 
1432 0.263827 
1433 0.334345 
1434 -0.036077 
1435 -0.107126 
1436 0.159186 
1437 -0.107126 
1438 -0.442198 
1439 -0.234053 
1440 -0.442198 
1441 -0.234053 
1442 -0.442198 
1443 -0.234053 
1444 -0.234053 
1445 0.225024 
1446 -0.233950 
1447 -0.327259 
1448 -0.327259 
1449 -0.233950 
1450 0.215818 
1451 -0.201598 
1452 -0.201598 
1453 0.215818 
1454 0.215818 
1455 -0.228850 
1456 0.428719 
1457 -0.201598 
1458 0.334662 
1459 0.428719 
1460 0.200691 
1461 -0.183825 
1462 -0.183825 
1463 0.124878 
1464 -0.328679 
1465 0.124878 
1466 0.263827 
1467 -0.328679 
1468 0.159186 
1469 -0.036077 
1470 -0.328679 
1471 0.159186 
1472 0.159186 
1473 0.227197 
1474 0.159186 
1475 -0.442198 
1476 0.227197 
1477 -0.442198 
1478 -0.442198 
1479 -0.442198 
1480 -0.442198 
1481 -0.234053 
1482 0.002778 
1483 0.113638 
1484 0.225024 
1485 0.380283 
1486 -0.012985 
1487 0.040655 
1488 -0.208452 
1489 -0.066562 
1490 0.040655 
1491 0.040655 
1492 -0.060429 
1493 -0.072192 
1494 -0.201598 
1495 0.387472 
1496 -0.201598 
1497 -0.168609 
1498 -0.072192 
1499 0.427404 
1500 -0.183825 
1501 0.387472 
1502 0.427404 
1503 -0.020275 
1504 0.334345 
1505 -0.193080 
1506 -0.193080 
1507 -0.241159 
1508 -0.193080 
1509 -0.240080 
1510 0.123278 
1511 -0.193080 
1512 -0.193080 
1513 0.000900 
1514 -0.442198 
1515 -0.442198 
1516 -0.234053 
1517 -0.442198 
1518 -0.234053 
1519 0.002778 
1520 0.113638 
1521 0.002778 
1522 0.380283 
1523 -0.377503 
1524 0.233581 
1525 0.461748 
1526 0.334345 
1527 0.233581 
1528 0.233581 
1529 -0.233950 
1530 -0.156230 
1531 0.054545 
1532 -0.072192 
1533 0.002942 
1534 0.002942 
1535 -0.415028 
1536 0.427404 
1537 0.427404 
1538 0.263827 
1539 0.379102 
1540 0.379102 
1541 0.427404 
1542 0.427404 
1543 0.427404 
1544 0.427404 
1545 -0.193080 
1546 -0.193080 
1547 -0.148686 
1548 -0.442198 
1549 -0.442198 
1550 0.230065 
1551 0.086545 
1552 0.086545 
1553 -0.234053 
1554 -0.442198 
1555 0.348981 
1556 -0.447661 
1557 -0.279461 
1558 -0.447661 
1559 -0.447661 
1560 0.040655 
1561 0.145837 
1562 -0.325038 
1563 0.040655 
1564 -0.445531 
1565 0.400052 
1566 -0.241759 
1567 0.054545 
1568 -0.445531 
1569 -0.426143 
1570 0.002942 
1571 0.002942 
1572 0.013121 
1573 -0.435905 
1574 -0.376399 
1575 -0.340957 
1576 0.427404 
1577 0.427404 
1578 0.302602 
1579 0.379102 
1580 0.379102 
1581 -0.045755 
1582 0.458638 
1583 0.458638 
1584 -0.229348 
1585 0.458638 
1586 -0.476270 
1587 -0.272371 
1588 0.086545 
1589 0.230065 
1590 0.230065 
1591 0.230065 
1592 0.348981 
1593 -0.279461 
1594 -0.279461 
1595 -0.447661 
1596 -0.447661 
1597 -0.490638 
1598 -0.231050 
1599 -0.241159 
1600 -0.184974 
1601 0.113638 
1602 -0.045755 
1603 -0.241159 
1604 -0.188788 
1605 -0.066491 
1606 0.109617 
1607 0.140616 
1608 0.313853 
1609 0.471757 
1610 0.471757 
1611 0.471757 
1612 0.471757 
1613 -0.392787 
1614 -0.392787 
1615 0.210965 
1616 -0.036140 
1617 -0.036140 
1618 0.063840 
1619 -0.036140 
1620 0.458638 
1621 0.204521 
1622 0.317006 
1623 0.317006 
1624 -0.447661 
1625 0.458638 
1626 0.334662 
1627 -0.447661 
1628 0.458638 
1629 0.214267 
1630 -0.279461 
1631 0.486806 
1632 -0.279461 
1633 0.142676 
1634 0.486806 
1635 0.352435 
1636 0.142676 
1637 -0.449618 
1638 0.193708 
1639 0.145837 
1640 -0.241159 
1641 -0.208452 
1642 0.284545 
1643 0.387472 
1644 0.387472 
1645 0.387472 
1646 -0.272371 
1647 0.471757 
1648 0.471757 
1649 -0.224804 
1650 0.471757 
1651 0.471757 
1652 -0.020275 
1653 -0.036140 
1654 -0.036140 
1655 0.026574 
1656 -0.415028 
1657 -0.415028 
1658 -0.036140 
1659 0.458638 
1660 0.458638 
1661 -0.472114 
1662 0.400052 
1663 0.400052 
1664 0.458638 
1665 0.458638 
1666 -0.364756 
1667 0.237690 
1668 -0.414004 
1669 0.380544 
1670 0.380544 
1671 0.486806 
1672 0.333489 
1673 0.461748 
1674 0.130931 
1675 0.333489 
1676 -0.208423 
1677 0.387472 
1678 0.387472 
1679 0.387472 
1680 0.387472 
1681 0.366642 
1682 0.063840 
1683 0.387472 
1684 0.387472 
1685 0.387472 
1686 0.160243 
1687 -0.340957 
1688 0.393238 
1689 0.223751 
1690 0.393238 
1691 0.223751 
1692 0.160243 
1693 -0.228850 
1694 -0.036140 
1695 -0.176756 
1696 0.002942 
1697 0.317006 
1698 -0.364756 
1699 -0.364756 
1700 0.002942 
1701 -0.349578 
1702 -0.364756 
1703 -0.364756 
1704 -0.218189 
1705 -0.414004 
1706 0.237690 
1707 0.330599 
1708 0.486806 
1709 0.461748 
1710 0.163010 
1711 0.461748 
1712 0.423319 
1713 0.333489 
1714 -0.357507 
1715 -0.208423 
1716 0.018400 
1717 0.476035 
1718 -0.273627 
1719 -0.273627 
1720 0.128958 
1721 0.393238 
1722 0.366642 
1723 -0.378758 
1724 -0.340957 
1725 -0.340957 
1726 0.160243 
1727 -0.168609 
1728 -0.168609 
1729 0.160243 
1730 -0.168609 
1731 -0.168609 
1732 -0.233950 
1733 0.436324 
1734 -0.036404 
1735 0.040655 
1736 -0.364756 
1737 0.002942 
1738 -0.349578 
1739 -0.364756 
1740 -0.364756 
1741 -0.218189 
1742 0.109617 
1743 -0.218189 
1744 0.237690 
1745 -0.435905 
1746 0.163010 
1747 0.163010 
1748 -0.435905 
1749 0.163010 
1750 -0.285444 
1751 -0.267815 
1752 -0.201598 
1753 -0.447661 
1754 -0.490638 
1755 -0.129560 
1756 -0.129560 
1757 -0.247449 
1758 -0.129560 
1759 -0.129560 
1760 -0.273627 
1761 -0.273627 
1762 -0.273627 
1763 0.387472 
1764 -0.036140 
1765 -0.168609 
1766 -0.168609 
1767 0.471757 
1768 0.471757 
1769 0.194691 
1770 -0.168609 
1771 -0.088206 
1772 0.436324 
1773 -0.036404 
1774 -0.241759 
1775 -0.260586 
1776 -0.364756 
1777 -0.364756 
1778 -0.218189 
1779 0.109617 
1780 -0.218189 
1781 -0.218189 
1782 -0.218189 
1783 -0.218189 
1784 -0.218189 
1785 0.237690 
1786 0.163010 
1787 0.204521 
1788 0.237690 
1789 -0.233039 
1790 -0.233039 
1791 -0.284056 
1792 -0.233039 
1793 -0.129560 
1794 0.196148 
1795 -0.233039 
1796 -0.233039 
1797 -0.442198 
1798 -0.129560 
1799 0.074015 
1800 -0.369354 
1801 0.471757 
1802 0.471757 
1803 -0.168609 
1804 0.434576 
1805 0.020415 
1806 -0.432900 
1807 0.362234 
1808 -0.168609 
1809 0.300615 
1810 -0.260586 
1811 -0.241759 
1812 -0.476270 
1813 -0.260586 
1814 -0.260586 
1815 -0.218189 
1816 -0.414004 
1817 -0.218189 
1818 -0.218189 
1819 -0.218189 
1820 -0.176936 
1821 -0.218189 
1822 0.237690 
1823 -0.033680 
1824 -0.176936 
1825 -0.188788 
1826 -0.033680 
1827 -0.033680 
1828 -0.188788 
1829 -0.327259 
1830 -0.233039 
1831 0.159186 
1832 -0.369354 
1833 -0.129560 
1834 0.159186 
1835 -0.369354 
1836 -0.129560 
1837 0.159186 
1838 0.074015 
1839 -0.036404 
1840 0.237125 
1841 0.256925 
1842 0.471757 
1843 0.079172 
1844 0.256925 
1845 0.471757 
1846 -0.053152 
1847 -0.490638 
1848 -0.490638 
1849 -0.476270 
1850 -0.260586 
1851 -0.260586 
1852 -0.414004 
1853 -0.218189 
1854 -0.414004 
1855 -0.218189 
1856 0.237690 
1857 -0.176936 
1858 0.237690 
1859 -0.176936 
1860 0.237690 
1861 -0.233039 
1862 0.154386 
1863 -0.129560 
1864 0.004375 
1865 -0.129560 
1866 0.302602 
1867 -0.036404 
1868 0.359302 
1869 0.471757 
1870 0.302602 
1871 0.471757 
1872 0.302602 
1873 0.471757 
1874 0.302602 
1875 0.051339 
1876 -0.327259 
1877 -0.066562 
1878 -0.201598 
1879 0.330599 
1880 -0.201598 
1881 0.263827 
1882 -0.201598 
1883 0.263827 
1884 -0.201598 
1885 0.387472 
1886 0.068479 
1887 0.334345 
1888 0.068479 
1889 -0.107126 
1890 0.263827 
1891 -0.107126 
1892 -0.442198 
1893 -0.234053 
1894 -0.234053 
1895 -0.234053 
1896 -0.234053 
1897 -0.234053 
1898 -0.234053 
1899 -0.234053 
1900 0.225024 
1901 -0.239003 
1902 -0.233950 
1903 -0.233950 
1904 0.225024 
1905 0.215818 
1906 -0.066562 
1907 -0.327259 
1908 -0.228850 
1909 0.330599 
1910 0.215818 
1911 0.428719 
1912 0.263827 
1913 -0.201598 
1914 0.428719 
1915 0.387472 
1916 0.428719 
1917 0.451072 
1918 0.124878 
1919 0.026574 
1920 0.451072 
1921 0.334345 
1922 0.026574 
1923 0.276864 
1924 -0.107126 
1925 0.453360 
1926 0.348981 
1927 0.159186 
1928 0.453360 
1929 0.281309 
1930 -0.234053 
1931 0.159186 
1932 -0.234053 
1933 -0.234053 
1934 -0.442198 
1935 -0.234053 
1936 -0.234053 
1937 0.040655 
1938 -0.239003 
1939 0.225024 
1940 -0.233950 
1941 -0.327259 
1942 0.334345 
1943 0.334345 
1944 -0.327259 
1945 -0.228850 
1946 -0.072192 
1947 0.215818 
1948 -0.072192 
1949 -0.060429 
1950 -0.072192 
1951 0.387472 
1952 0.387472 
1953 0.428719 
1954 0.387472 
1955 0.405209 
1956 0.193708 
1957 -0.403446 
1958 -0.090181 
1959 0.022227 
1960 -0.107126 
1961 -0.176756 
1962 -0.014653 
1963 -0.193080 
1964 0.055466 
1965 -0.040822 
1966 -0.107126 
1967 -0.284994 
1968 -0.442198 
1969 -0.442198 
1970 -0.234053 
1971 -0.234053 
1972 -0.234053 
1973 -0.234053 
1974 0.113638 
1975 0.002942 
1976 0.040655 
1977 0.113638 
1978 -0.175150 
1979 -0.066562 
1980 -0.349578 
1981 0.002778 
1982 0.380544 
1983 -0.073063 
1984 -0.241159 
1985 -0.156492 
1986 -0.472471 
1987 0.254179 
1988 0.387472 
1989 -0.072192 
1990 -0.057570 
1991 -0.147769 
1992 -0.147769 
1993 -0.193080 
1994 -0.147769 
1995 -0.130491 
1996 0.097918 
1997 -0.279461 
1998 -0.364756 
1999 0.055466 
2000 0.444533 
2001 -0.328679 
2002 0.378887 
2003 -0.107126 
2004 -0.107126 
2005 0.086545 
2006 0.348981 
2007 0.276864 
2008 0.086545 
2009 0.348981 
2010 -0.234053 
2011 -0.279461 
2012 0.002942 
2013 0.113638 
2014 0.040655 
2015 -0.447661 
2016 0.113638 
2017 -0.377503 
2018 0.337573 
2019 -0.241759 
2020 -0.241759 
2021 0.233581 
2022 -0.241759 
2023 -0.241759 
2024 0.103803 
2025 0.248749 
2026 0.248749 
2027 0.205614 
2028 -0.053152 
2029 -0.147769 
2030 -0.470439 
2031 0.063840 
2032 0.248749 
2033 0.452477 
2034 -0.147769 
2035 -0.147769 
2036 0.010425 
2037 -0.229348 
2038 0.380544 
2039 -0.020275 
2040 -0.229348 
2041 -0.229348 
2042 0.334662 
2043 0.348981 
2044 0.230065 
2045 -0.193080 
2046 0.348981 
2047 0.348981 
2048 -0.279461 
2049 -0.279461 
2050 -0.279461 
2051 -0.279461 
2052 0.142676 
2053 0.471757 
2054 -0.279461 
2055 0.145837 
2056 -0.106415 
2057 -0.486450 
2058 -0.369354 
2059 0.302602 
2060 -0.193080 
2061 0.313853 
2062 -0.449873 
2063 0.444533 
2064 0.378887 
2065 0.248749 
2066 -0.340957 
2067 -0.272333 
2068 -0.147769 
2069 -0.147769 
2070 -0.376399 
2071 -0.147769 
2072 -0.147769 
2073 0.297316 
2074 -0.229348 
2075 -0.229348 
2076 -0.301872 
2077 0.214267 
2078 0.214267 
2079 0.267211 
2080 0.214267 
2081 -0.447661 
2082 -0.193080 
2083 0.214267 
2084 0.444312 
2085 0.486806 
2086 -0.279461 
2087 -0.279461 
2088 -0.279461 
2089 0.142676 
2090 -0.279461 
2091 -0.106415 
2092 0.270581 
2093 0.200691 
2094 0.183861 
2095 0.428719 
2096 0.281309 
2097 0.243075 
2098 -0.280221 
2099 0.149070 
2100 0.149070 
2101 -0.369354 
2102 0.471757 
2103 0.160243 
2104 0.101838 
2105 0.160243 
2106 0.160243 
2107 -0.325038 
2108 0.223751 
2109 0.223751 
2110 -0.359470 
2111 -0.125055 
2112 -0.125055 
2113 0.208828 
2114 0.214267 
2115 0.214267 
2116 0.109617 
2117 -0.364756 
2118 -0.447661 
2119 0.444312 
2120 -0.364756 
2121 0.081199 
2122 -0.414004 
2123 0.152735 
2124 0.486806 
2125 0.486806 
2126 0.237690 
2127 -0.225349 
2128 -0.279461 
2129 -0.046359 
2130 -0.279461 
2131 -0.279461 
2132 0.243849 
2133 -0.426143 
2134 -0.221268 
2135 0.163029 
2136 -0.247449 
2137 -0.247449 
2138 -0.240648 
2139 0.114986 
2140 0.160243 
2141 0.063840 
2142 0.160243 
2143 0.223751 
2144 -0.263871 
2145 0.223751 
2146 0.223751 
2147 0.009950 
2148 0.223751 
2149 0.223751 
2150 -0.250418 
2151 0.214267 
2152 -0.349578 
2153 -0.263871 
2154 -0.349578 
2155 -0.349578 
2156 0.002942 
2157 -0.364756 
2158 -0.470439 
2159 -0.414004 
2160 0.152735 
2161 -0.414004 
2162 -0.435905 
2163 0.330599 
2164 -0.414004 
2165 -0.414004 
2166 0.330599 
2167 -0.414004 
2168 -0.414004 
2169 0.086545 
2170 0.349282 
2171 -0.221268 
2172 0.194198 
2173 -0.247449 
2174 -0.247449 
2175 -0.065472 
2176 0.393238 
2177 -0.247449 
2178 0.123278 
2179 0.313853 
2180 0.313853 
2181 0.206869 
2182 0.313853 
2183 0.313853 
2184 -0.325038 
2185 -0.041541 
2186 -0.125055 
2187 0.091455 
2188 -0.041541 
2189 -0.041541 
2190 -0.263871 
2191 -0.364756 
2192 -0.065472 
2193 0.002942 
2194 -0.364756 
2195 -0.260586 
2196 0.109617 
2197 0.152735 
2198 -0.435905 
2199 -0.435905 
2200 0.101838 
2201 -0.414004 
2202 -0.414004 
2203 0.034475 
2204 0.163010 
2205 0.334345 
2206 -0.065472 
2207 -0.221268 
2208 0.196148 
2209 0.070151 
2210 -0.247449 
2211 0.000773 
2212 -0.455955 
2213 -0.247449 
2214 -0.369354 
2215 -0.273627 
2216 0.166889 
2217 0.393238 
2218 -0.208452 
2219 0.313853 
2220 0.166889 
2221 0.458638 
2222 0.313853 
2223 0.313853 
2224 -0.099029 
2225 -0.041541 
2226 -0.041541 
2227 -0.260586 
2228 -0.364756 
2229 -0.065472 
2230 0.152735 
2231 -0.364756 
2232 -0.260586 
2233 0.109617 
2234 -0.218189 
2235 0.109617 
2236 -0.017433 
2237 0.101838 
2238 0.237690 
2239 -0.218189 
2240 -0.176936 
2241 -0.188788 
2242 0.237690 
2243 0.163010 
2244 0.196148 
2245 0.196148 
2246 0.163010 
2247 -0.233039 
2248 0.004375 
2249 0.152735 
2250 -0.369354 
2251 -0.369354 
2252 -0.129560 
2253 0.166889 
2254 0.004375 
2255 -0.129560 
2256 0.359302 
2257 0.313853 
2258 0.045884 
2259 0.045884 
2260 0.313853 
2261 0.471757 
2262 -0.476270 
2263 -0.041541 
2264 -0.260586 
2265 -0.260586 
2266 0.051339 
2267 -0.088206 
2268 -0.260586 
2269 -0.260586 
2270 -0.414004 
2271 0.101838 
2272 -0.414004 
2273 -0.414004 
2274 -0.176936 
2275 -0.017433 
2276 0.237690 
2277 0.101838 
2278 -0.188788 
2279 0.237690 
2280 0.101838 
2281 0.154386 
2282 -0.188788 
2283 -0.284056 
2284 0.154386 
2285 0.154386 
2286 -0.233039 
2287 0.154386 
2288 0.004375 
2289 0.068479 
2290 0.359302 
2291 0.302602 
2292 0.068479 
2293 0.359302 
2294 0.359302 
2295 0.183861 
2296 0.359302 
2297 0.302602 
2298 0.183861 
2299 0.051339 
2300 0.302602 
2301 0.434576 
2302 0.051339 
2303 0.051339 
2304 0.362234 
2305 -0.260586 
2306 -0.260586 
2307 -0.414004 
2308 -0.414004 
2309 0.101838 
2310 0.237690 
2311 -0.218189 
2312 0.237690 
2313 -0.176936 
2314 0.237690 
2315 -0.176936 
2316 0.154386 
2317 0.237690 
2318 0.004375 
2319 -0.129560 
2320 0.302602 
2321 -0.129560 
2322 0.359302 
2323 0.302602 
2324 0.302602 
2325 0.045884 
2326 0.302602 
2327 0.045884 
2328 0.302602 
2329 0.045884 
2330 0.476035 
2331 -0.086154 
2332 0.210965 
2333 -0.066562 
2334 0.210965 
2335 0.330599 
2336 -0.201598 
2337 0.263827 
2338 -0.201598 
2339 0.263827 
2340 0.068479 
2341 0.208437 
2342 0.068479 
2343 0.208437 
2344 0.263827 
2345 -0.107126 
2346 -0.442198 
2347 -0.107126 
2348 -0.234053 
2349 0.154386 
2350 -0.234053 
2351 0.154386 
2352 -0.234053 
2353 0.154386 
2354 -0.234053 
2355 -0.239003 
2356 -0.066562 
2357 -0.327259 
2358 -0.327259 
2359 -0.233950 
2360 0.215818 
2361 0.210965 
2362 -0.228850 
2363 -0.201598 
2364 0.215818 
2365 -0.228850 
2366 0.428719 
2367 0.428719 
2368 -0.138737 
2369 -0.201598 
2370 0.428719 
2371 -0.138737 
2372 0.026574 
2373 0.068479 
2374 0.026574 
2375 0.026574 
2376 0.068479 
2377 0.276864 
2378 0.453360 
2379 0.263827 
2380 0.205614 
2381 0.453360 
2382 -0.442198 
2383 0.348981 
2384 -0.426143 
2385 -0.234053 
2386 0.348981 
2387 -0.234053 
2388 -0.234053 
2389 -0.234053 
2390 -0.234053 
2391 0.154386 
2392 -0.239003 
2393 -0.060827 
2394 -0.239003 
2395 -0.327259 
2396 -0.304273 
2397 -0.066562 
2398 0.334345 
2399 -0.066562 
2400 0.210965 
2401 -0.472114 
2402 -0.306548 
2403 -0.072192 
2404 0.210965 
2405 0.017561 
2406 -0.359470 
2407 0.387472 
2408 -0.072192 
2409 0.068479 
2410 0.068479 
2411 -0.385973 
2412 0.068479 
2413 0.026574 
2414 0.451072 
2415 -0.279461 
2416 -0.279461 
2417 -0.107126 
2418 -0.442198 
2419 0.453360 
2420 -0.107126 
2421 -0.234053 
2422 -0.426143 
2423 -0.040822 
2424 -0.234053 
2425 -0.426143 
2426 0.281309 
2427 -0.234053 
2428 0.154386 
2429 -0.364756 
2430 -0.060827 
2431 -0.364756 
2432 -0.364756 
2433 -0.304273 
2434 -0.219877 
2435 -0.219877 
2436 -0.060827 
2437 0.233581 
2438 0.233581 
2439 -0.040822 
2440 -0.306548 
2441 -0.266348 
2442 0.000773 
2443 0.428719 
2444 -0.359470 
2445 -0.286333 
2446 -0.359470 
2447 -0.359470 
2448 -0.194068 
2449 -0.279461 
2450 -0.279461 
2451 0.101838 
2452 -0.279461 
2453 -0.168609 
2454 -0.229348 
2455 -0.279461 
2456 -0.279461 
2457 -0.432632 
2458 -0.040822 
2459 0.348981 
2460 0.276864 
2461 0.348981 
2462 0.086545 
2463 0.276864 
2464 -0.234053 
2465 0.154386 
2466 0.002942 
2467 -0.279461 
2468 -0.364756 
2469 0.002942 
2470 -0.364756 
2471 -0.175150 
2472 -0.060827 
2473 0.149070 
2474 0.313853 
2475 0.313853 
2476 -0.355175 
2477 0.313853 
2478 0.313853 
2479 -0.327259 
2480 -0.357507 
2481 -0.357507 
2482 -0.073063 
2483 0.160243 
2484 0.193708 
2485 0.248749 
2486 0.160243 
2487 0.361703 
2488 -0.147769 
2489 -0.415028 
2490 -0.279461 
2491 -0.175425 
2492 0.267211 
2493 -0.279461 
2494 -0.229348 
2495 0.026574 
2496 -0.193080 
2497 0.163010 
2498 0.086545 
2499 0.086545 
2500 -0.193080 
2501 0.348981 
2502 0.348981 
2503 -0.279461 
2504 -0.279461 
2505 -0.364756 
2506 -0.364756 
2507 -0.279461 
2508 0.337573 
2509 -0.107126 
2510 -0.417581 
2511 0.313853 
2512 0.313853 
2513 0.141089 
2514 0.313853 
2515 0.313853 
2516 0.042927 
2517 0.313853 
2518 0.313853 
2519 0.442773 
2520 0.160243 
2521 0.160243 
2522 0.327395 
2523 -0.374040 
2524 -0.374040 
2525 0.064014 
2526 0.020415 
2527 0.160243 
2528 -0.068993 
2529 0.267211 
2530 0.393944 
2531 0.044680 
2532 0.267211 
2533 0.267211 
2534 0.183861 
2535 0.444312 
2536 -0.193080 
2537 -0.193080 
2538 0.444312 
2539 0.214267 
2540 -0.279461 
2541 -0.279461 
2542 -0.279461 
2543 -0.279461 
2544 -0.279461 
2545 0.002942 
2546 0.002942 
2547 -0.279461 
2548 -0.376399 
2549 -0.376399 
2550 -0.106415 
2551 -0.045755 
2552 -0.286150 
2553 -0.447661 
2554 -0.107126 
2555 0.114986 
2556 -0.156230 
2557 0.114986 
2558 0.114986 
2559 -0.147689 
2560 0.160243 
2561 0.160243 
2562 -0.057570 
2563 0.160243 
2564 0.160243 
2565 0.225024 
2566 -0.263871 
2567 -0.263871 
2568 -0.279461 
2569 0.214267 
2570 0.163029 
2571 -0.472114 
2572 0.081199 
2573 -0.193080 
2574 0.214267 
2575 0.081199 
2576 0.074015 
2577 0.152735 
2578 -0.279461 
2579 0.486806 
2580 0.330599 
2581 0.486806 
2582 -0.046359 
2583 -0.382765 
2584 -0.279461 
2585 -0.046359 
2586 -0.046359 
2587 0.302602 
2588 -0.382765 
2589 -0.231050 
2590 -0.178412 
2591 0.114986 
2592 0.114986 
2593 0.093159 
2594 0.114986 
2595 0.114986 
2596 0.456664 
2597 0.114986 
2598 0.114986 
2599 0.054884 
2600 -0.263871 
2601 0.223751 
2602 0.317006 
2603 -0.374040 
2604 -0.263871 
2605 -0.125055 
2606 -0.470439 
2607 -0.263871 
2608 0.214267 
2609 -0.470439 
2610 0.152735 
2611 0.214267 
2612 -0.470439 
2613 0.074015 
2614 0.152735 
2615 -0.129560 
2616 0.152735 
2617 0.101838 
2618 0.486806 
2619 0.334345 
2620 -0.414004 
2621 -0.130491 
2622 -0.328679 
2623 0.200691 
2624 0.248749 
2625 0.000773 
2626 -0.036077 
2627 -0.298377 
2628 0.000773 
2629 0.000773 
2630 -0.072192 
2631 -0.273627 
2632 -0.273627 
2633 0.003785 
2634 0.097746 
2635 0.114986 
2636 0.165340 
2637 -0.374040 
2638 -0.374040 
2639 0.041718 
2640 -0.086154 
2641 0.243075 
2642 -0.418757 
2643 -0.263871 
2644 0.152735 
2645 -0.041541 
2646 -0.260586 
2647 0.152735 
2648 -0.065472 
2649 -0.260586 
2650 0.214267 
2651 0.152735 
2652 -0.471331 
2653 0.152735 
2654 0.101838 
2655 0.101838 
2656 -0.129560 
2657 0.334345 
2658 0.281309 
2659 0.461748 
2660 0.334345 
2661 -0.045677 
2662 0.000773 
2663 -0.267815 
2664 -0.221268 
2665 0.000773 
2666 0.000773 
2667 0.453360 
2668 0.000773 
2669 0.000773 
2670 0.054884 
2671 -0.273627 
2672 -0.273627 
2673 0.154386 
2674 -0.280221 
2675 0.045884 
2676 0.313853 
2677 0.045884 
2678 0.045884 
2679 0.145837 
2680 -0.260586 
2681 -0.186125 
2682 0.371364 
2683 -0.065472 
2684 0.152735 
2685 -0.065472 
2686 -0.260586 
2687 -0.065472 
2688 -0.218189 
2689 -0.471331 
2690 -0.218189 
2691 0.101838 
2692 0.101838 
2693 0.101838 
2694 0.101838 
2695 -0.017433 
2696 -0.284056 
2697 0.334345 
2698 -0.129560 
2699 0.334345 
2700 0.461748 
2701 -0.334460 
2702 0.000773 
2703 0.000773 
2704 -0.361932 
2705 0.068479 
2706 -0.273627 
2707 0.371364 
2708 -0.273627 
2709 -0.129560 
2710 -0.138737 
2711 0.045884 
2712 0.183861 
2713 0.393238 
2714 0.045884 
2715 0.045884 
2716 0.471757 
2717 -0.260586 
2718 -0.260586 
2719 0.051339 
2720 -0.260586 
2721 -0.260586 
2722 0.051339 
2723 -0.260586 
2724 -0.073063 
2725 0.101838 
2726 -0.471331 
2727 0.101838 
2728 0.101838 
2729 -0.218189 
2730 0.101838 
2731 -0.176936 
2732 -0.355175 
2733 0.101838 
2734 0.237690 
2735 -0.284056 
2736 -0.284056 
2737 0.237690 
2738 -0.284056 
2739 -0.284056 
2740 -0.284056 
2741 -0.046359 
2742 0.068479 
2743 -0.129560 
2744 0.154386 
2745 0.183861 
2746 -0.129560 
2747 0.359302 
2748 0.183861 
2749 0.302602 
2750 -0.479956 
2751 0.183861 
2752 0.045884 
2753 -0.479956 
2754 -0.086154 
2755 0.045884 
2756 0.051339 
2757 0.476035 
2758 0.476035 
2759 -0.073063 
2760 -0.260586 
2761 -0.073063 
2762 -0.471331 
2763 0.101838 
2764 -0.471331 
2765 -0.176936 
2766 -0.414004 
2767 0.237690 
2768 0.237690 
2769 0.237690 
2770 -0.046359 
2771 0.237690 
2772 0.034475 
2773 -0.129560 
2774 0.034475 
2775 -0.129560 
2776 0.451072 
2777 0.302602 
2778 0.302602 
2779 0.045884 
2780 0.302602 
2781 0.045884 
2782 -0.331047 
2783 0.045884 
2784 -0.331047 
2785 0.051339 
2786 -0.327259 
2787 -0.066562 
2788 0.254179 
2789 -0.138737 
2790 0.254179 
2791 -0.138737 
2792 -0.138737 
2793 0.208437 
2794 0.270581 
2795 0.208437 
2796 0.378887 
2797 0.208437 
2798 0.208437 
2799 -0.107126 
2800 0.405209 
2801 -0.107126 
2802 0.263827 
2803 0.154386 
2804 -0.234053 
2805 0.154386 
2806 -0.234053 
2807 0.154386 
2808 -0.234053 
2809 -0.234053 
2810 -0.066562 
2811 -0.239003 
2812 -0.086154 
2813 -0.086154 
2814 -0.417581 
2815 0.361703 
2816 -0.066562 
2817 -0.086154 
2818 -0.086154 
2819 -0.138737 
2820 -0.418757 
2821 -0.138737 
2822 -0.138737 
2823 0.270581 
2824 -0.138737 
2825 0.208437 
2826 -0.138737 
2827 0.208437 
2828 0.208437 
2829 0.026574 
2830 0.451072 
2831 0.208437 
2832 0.026574 
2833 -0.066562 
2834 -0.107126 
2835 0.453360 
2836 0.348981 
2837 0.348981 
2838 0.453360 
2839 0.281309 
2840 0.154386 
2841 -0.426143 
2842 -0.234053 
2843 0.154386 
2844 -0.234053 
2845 0.154386 
2846 -0.234053 
2847 -0.060827 
2848 -0.239003 
2849 -0.066562 
2850 -0.304273 
2851 0.423319 
2852 0.284585 
2853 0.284585 
2854 -0.066562 
2855 -0.066562 
2856 -0.066562 
2857 -0.306548 
2858 -0.138737 
2859 0.230065 
2860 0.387472 
2861 0.428719 
2862 -0.003513 
2863 -0.469835 
2864 -0.298377 
2865 0.451072 
2866 0.068479 
2867 0.068479 
2868 0.233182 
2869 -0.272371 
2870 -0.107126 
2871 0.317462 
2872 -0.279461 
2873 0.205614 
2874 -0.066562 
2875 0.405209 
2876 -0.040822 
2877 -0.040822 
2878 0.348981 
2879 0.154386 
2880 0.348981 
2881 -0.426143 
2882 0.154386 
2883 -0.234053 
2884 -0.060827 
2885 0.002942 
2886 -0.060827 
2887 -0.304273 
2888 0.423319 
2889 -0.304273 
2890 -0.060827 
2891 0.333489 
2892 -0.066562 
2893 -0.066562 
2894 -0.121203 
2895 0.428719 
2896 0.444533 
2897 -0.221268 
2898 0.428719 
2899 0.183861 
2900 0.476035 
2901 0.337573 
2902 -0.147769 
2903 0.465225 
2904 0.361703 
2905 0.361703 
2906 0.361703 
2907 0.393944 
2908 -0.218189 
2909 0.004375 
2910 0.253047 
2911 -0.040822 
2912 0.208828 
2913 -0.040822 
2914 -0.040822 
2915 -0.445531 
2916 -0.306548 
2917 -0.306548 
2918 -0.426143 
2919 0.154386 
2920 -0.234053 
2921 -0.279461 
2922 0.002942 
2923 -0.066491 
2924 -0.066491 
2925 -0.364756 
2926 -0.060827 
2927 -0.060827 
2928 -0.219877 
2929 -0.418757 
2930 -0.233039 
2931 -0.060827 
2932 0.313853 
2933 0.313853 
2934 -0.434168 
2935 -0.107126 
2936 0.237690 
2937 0.091455 
2938 0.361703 
2939 0.361703 
2940 -0.476270 
2941 0.163010 
2942 0.361703 
2943 -0.472471 
2944 0.393944 
2945 0.361703 
2946 -0.046359 
2947 0.393944 
2948 -0.175150 
2949 0.324872 
2950 -0.040822 
2951 -0.040822 
2952 0.473250 
2953 0.348981 
2954 0.276864 
2955 -0.193080 
2956 0.348981 
2957 -0.298377 
2958 -0.279461 
2959 -0.279461 
2960 -0.279461 
2961 -0.279461 
2962 -0.364756 
2963 -0.279461 
2964 -0.279461 
2965 0.002942 
2966 0.313853 
2967 0.313853 
2968 -0.072192 
2969 0.313853 
2970 -0.385973 
2971 0.317006 
2972 -0.107126 
2973 -0.107126 
2974 -0.186125 
2975 -0.138737 
2976 -0.286150 
2977 0.208437 
2978 0.361703 
2979 0.361703 
2980 0.160243 
2981 0.492216 
2982 0.492216 
2983 0.152735 
2984 0.492216 
2985 0.393944 
2986 0.187468 
2987 0.214267 
2988 0.070151 
2989 -0.184974 
2990 -0.306548 
2991 0.214267 
2992 -0.193080 
2993 0.214267 
2994 -0.298377 
2995 -0.279461 
2996 -0.279461 
2997 -0.279461 
2998 -0.279461 
2999 0.123663 
3000 -0.106415 
3001 -0.362926 
3002 0.324872 
3003 -0.469835 
3004 -0.279461 
3005 -0.174214 
3006 -0.107126 
3007 -0.107126 
3008 -0.376399 
3009 -0.107126 
3010 -0.107126 
3011 -0.374040 
3012 -0.107126 
3013 -0.107126 
3014 0.065374 
3015 0.210965 
3016 0.210965 
3017 0.145837 
3018 -0.392787 
3019 0.230065 
3020 0.130931 
3021 -0.066562 
3022 0.214267 
3023 -0.195946 
3024 0.214267 
3025 0.166889 
3026 -0.331047 
3027 0.074015 
3028 0.214267 
3029 -0.377503 
3030 0.074015 
3031 -0.285444 
3032 -0.279461 
3033 0.152735 
3034 -0.279461 
3035 0.380828 
3036 -0.087017 
3037 0.123663 
3038 -0.279461 
3039 0.124878 
3040 0.324872 
3041 -0.279461 
3042 0.241682 
3043 -0.129560 
3044 -0.065472 
3045 0.334378 
3046 -0.129560 
3047 0.400052 
3048 -0.306548 
3049 0.419562 
3050 -0.178412 
3051 0.165340 
3052 -0.208614 
3053 -0.208614 
3054 0.243849 
3055 -0.125055 
3056 -0.086154 
3057 -0.374040 
3058 0.492216 
3059 0.284545 
3060 0.483959 
3061 0.214267 
3062 0.492216 
3063 0.366642 
3064 0.166889 
3065 0.214267 
3066 -0.377503 
3067 0.074015 
3068 -0.470439 
3069 -0.129560 
3070 0.152735 
3071 0.380828 
3072 0.380828 
3073 0.282678 
3074 0.380828 
3075 0.091455 
3076 -0.276395 
3077 -0.279461 
3078 -0.279461 
3079 -0.148335 
3080 -0.129560 
3081 -0.129560 
3082 -0.284056 
3083 -0.331047 
3084 -0.252509 
3085 -0.359470 
3086 -0.129560 
3087 -0.276395 
3088 0.166889 
3089 0.045884 
3090 0.313853 
3091 -0.229348 
3092 0.313853 
3093 0.313853 
3094 -0.279461 
3095 -0.086154 
3096 0.026574 
3097 -0.059157 
3098 -0.041541 
3099 -0.086154 
3100 -0.263871 
3101 0.214267 
3102 -0.325038 
3103 0.233581 
3104 0.214267 
3105 -0.260586 
3106 -0.471331 
3107 0.152735 
3108 -0.129560 
3109 -0.017433 
3110 0.101838 
3111 -0.129560 
3112 -0.129560 
3113 -0.059157 
3114 -0.188788 
3115 -0.129560 
3116 -0.228850 
3117 -0.336441 
3118 0.141089 
3119 0.393238 
3120 -0.378758 
3121 -0.066491 
3122 0.483959 
3123 -0.129560 
3124 -0.129560 
3125 -0.334460 
3126 0.109617 
3127 0.313853 
3128 -0.280221 
3129 0.013121 
3130 -0.491155 
3131 -0.370711 
3132 0.313853 
3133 0.313853 
3134 0.372812 
3135 -0.331047 
3136 -0.086154 
3137 -0.260586 
3138 -0.065472 
3139 -0.325038 
3140 0.233581 
3141 -0.065472 
3142 -0.260586 
3143 -0.471331 
3144 -0.471331 
3145 -0.471331 
3146 -0.471331 
3147 0.101838 
3148 -0.129560 
3149 -0.355175 
3150 -0.059157 
3151 0.248749 
3152 -0.059157 
3153 0.334345 
3154 0.034475 
3155 0.034475 
3156 -0.059157 
3157 0.405209 
3158 0.034475 
3159 -0.252509 
3160 0.034475 
3161 0.034475 
3162 -0.186125 
3163 0.451072 
3164 0.451072 
3165 -0.376399 
3166 -0.479956 
3167 0.313853 
3168 0.101838 
3169 0.045884 
3170 0.313853 
3171 -0.449557 
3172 -0.331047 
3173 -0.427752 
3174 -0.260586 
3175 -0.073063 
3176 -0.065472 
3177 0.476035 
3178 -0.073063 
3179 -0.260586 
3180 -0.471331 
3181 0.113638 
3182 -0.471331 
3183 -0.471331 
3184 0.113638 
3185 -0.355175 
3186 -0.414004 
3187 0.101838 
3188 -0.046359 
3189 0.237690 
3190 0.101838 
3191 -0.046359 
3192 -0.046359 
3193 -0.284056 
3194 0.204521 
3195 0.034475 
3196 0.453360 
3197 0.451072 
3198 0.451072 
3199 -0.057570 
3200 0.451072 
3201 0.451072 
3202 -0.224075 
3203 -0.479956 
3204 0.302602 
3205 0.183861 
3206 -0.247449 
3207 -0.479956 
3208 0.183861 
3209 0.051339 
3210 -0.331047 
3211 -0.086154 
3212 0.051339 
3213 0.051339 
3214 0.476035 
3215 -0.073063 
3216 -0.260586 
3217 -0.471331 
3218 -0.471331 
3219 0.113638 
3220 -0.414004 
3221 0.113638 
3222 0.237690 
3223 -0.059157 
3224 -0.046359 
3225 -0.059157 
3226 0.034475 
3227 0.451072 
3228 0.034475 
3229 0.451072 
3230 0.451072 
3231 0.451072 
3232 0.302602 
3233 0.302602 
3234 0.302602 
3235 0.302602 
3236 -0.331047 
3237 -0.086154 
3238 -0.331047 
3239 -0.086154 
3240 0.476035 
3241 -0.086154 
3242 0.254179 
3243 -0.066562 
3244 0.254179 
3245 -0.138737 
3246 -0.138737 
3247 -0.138737 
3248 0.270581 
3249 -0.138737 
3250 0.378887 
3251 0.208437 
3252 0.208437 
3253 0.208437 
3254 0.405209 
3255 -0.107126 
3256 0.263827 
3257 -0.107126 
3258 -0.234053 
3259 0.154386 
3260 -0.234053 
3261 0.154386 
3262 0.141089 
3263 0.154386 
3264 -0.234053 
3265 0.423319 
3266 -0.066562 
3267 -0.239003 
3268 -0.086154 
3269 -0.086154 
3270 -0.417581 
3271 0.254179 
3272 -0.086154 
3273 -0.418757 
3274 -0.418757 
3275 -0.086154 
3276 -0.449873 
3277 -0.138737 
3278 -0.291618 
3279 0.270581 
3280 0.270581 
3281 -0.291618 
3282 0.270581 
3283 0.378887 
3284 0.160243 
3285 0.140616 
3286 0.208437 
3287 0.160243 
3288 0.141089 
3289 0.405209 
3290 0.282678 
3291 0.141089 
3292 0.263827 
3293 0.282678 
3294 0.141089 
3295 -0.234053 
3296 0.282678 
3297 0.141089 
3298 0.141089 
3299 0.154386 
3300 0.141089 
3301 0.154386 
3302 0.423319 
3303 -0.060827 
3304 0.423319 
3305 -0.240648 
3306 -0.304273 
3307 -0.417581 
3308 0.284585 
3309 0.361703 
3310 -0.418757 
3311 -0.263871 
3312 -0.273627 
3313 0.183861 
3314 -0.385973 
3315 0.428719 
3316 0.183861 
3317 0.378887 
3318 0.428719 
3319 0.372812 
3320 0.040655 
3321 0.371364 
3322 0.140616 
3323 0.405209 
3324 0.362234 
3325 -0.247449 
3326 0.405209 
3327 0.208437 
3328 0.405209 
3329 0.405209 
3330 -0.208423 
3331 0.334662 
3332 0.141089 
3333 -0.040822 
3334 0.141089 
3335 -0.234053 
3336 0.154386 
3337 -0.234053 
3338 0.154386 
3339 0.002942 
3340 -0.060827 
3341 0.423319 
3342 0.423319 
3343 -0.304273 
3344 -0.472114 
3345 -0.219877 
3346 0.214267 
3347 -0.410840 
3348 -0.472114 
3349 -0.130491 
3350 -0.067463 
3351 0.183861 
3352 0.034475 
3353 0.183861 
3354 0.183861 
3355 -0.486450 
3356 -0.370711 
3357 -0.014653 
3358 0.123278 
3359 -0.370711 
3360 -0.370711 
3361 0.361848 
3362 -0.086154 
3363 0.405209 
3364 -0.183825 
3365 0.405209 
3366 -0.132454 
3367 -0.334460 
3368 -0.040822 
3369 -0.285444 
3370 0.334662 
3371 0.205614 
3372 0.141089 
3373 -0.306548 
3374 0.205614 
3375 0.154386 
3376 0.002942 
3377 -0.279461 
3378 0.002942 
3379 0.423319 
3380 -0.364756 
3381 0.002942 
3382 -0.060827 
3383 -0.066491 
3384 -0.225349 
3385 -0.472114 
3386 0.214267 
3387 -0.072192 
3388 -0.072192 
3389 -0.099029 
3390 -0.491155 
3391 -0.156492 
3392 0.034475 
3393 0.225024 
3394 0.017561 
3395 -0.359470 
3396 -0.099029 
3397 0.013121 
3398 -0.370711 
3399 -0.148686 
3400 0.044680 
3401 0.378887 
3402 -0.435905 
3403 0.253047 
3404 0.453360 
3405 0.063840 
3406 -0.090181 
3407 -0.040822 
3408 -0.298377 
3409 0.473250 
3410 -0.306548 
3411 -0.298377 
3412 0.348981 
3413 0.123663 
3414 -0.279461 
3415 -0.364756 
3416 -0.364756 
3417 0.253047 
3418 0.253047 
3419 0.214267 
3420 0.214267 
3421 -0.486450 
3422 -0.449873 
3423 -0.041541 
3424 -0.046359 
3425 -0.072192 
3426 -0.313801 
3427 -0.036077 
3428 0.215818 
3429 0.313853 
3430 0.160243 
3431 0.160243 
3432 -0.276395 
3433 -0.304273 
3434 -0.370711 
3435 0.361703 
3436 -0.252509 
3437 -0.132454 
3438 0.393944 
3439 0.000773 
3440 -0.435905 
3441 0.054545 
3442 -0.435905 
3443 -0.435905 
3444 0.054884 
3445 -0.285444 
3446 -0.377503 
3447 -0.306548 
3448 -0.298377 
3449 0.214267 
3450 0.123663 
3451 -0.279461 
3452 0.123663 
3453 0.123663 
3454 -0.374040 
3455 0.123663 
3456 0.324872 
3457 -0.374040 
3458 0.145837 
3459 0.317006 
3460 -0.420558 
3461 0.423319 
3462 0.333489 
3463 0.241682 
3464 0.458638 
3465 -0.435905 
3466 0.465225 
3467 0.458638 
3468 0.458638 
3469 -0.107126 
3470 -0.364756 
3471 0.215818 
3472 0.034475 
3473 0.160243 
3474 0.160243 
3475 0.210965 
3476 -0.357507 
3477 -0.208423 
3478 0.492216 
3479 -0.435905 
3480 -0.377503 
3481 0.393944 
3482 -0.377503 
3483 -0.377503 
3484 0.214267 
3485 -0.285444 
3486 0.074015 
3487 -0.420558 
3488 -0.279461 
3489 0.123663 
3490 -0.087017 
3491 0.380828 
3492 0.123663 
3493 0.324872 
3494 0.243075 
3495 0.324872 
3496 0.324872 
3497 0.491986 
3498 -0.036140 
3499 0.428719 
3500 -0.331047 
3501 0.458638 
3502 0.458638 
3503 -0.304273 
3504 -0.306548 
3505 -0.088206 
3506 -0.107126 
3507 0.270581 
3508 0.270581 
3509 0.034475 
3510 0.270581 
3511 0.270581 
3512 -0.374040 
3513 -0.374040 
3514 -0.313801 
3515 0.393944 
3516 0.366642 
3517 0.393944 
3518 0.444312 
3519 -0.470439 
3520 0.233581 
3521 0.214267 
3522 -0.470439 
3523 0.074015 
3524 -0.355175 
3525 -0.129560 
3526 -0.420558 
3527 0.282678 
3528 -0.087017 
3529 -0.087017 
3530 0.123663 
3531 -0.129560 
3532 -0.392787 
3533 0.473250 
3534 -0.132454 
3535 -0.370711 
3536 -0.304273 
3537 0.140616 
3538 -0.306548 
3539 -0.306548 
3540 -0.129560 
3541 -0.280221 
3542 0.103803 
3543 -0.036404 
3544 0.101838 
3545 -0.432900 
3546 -0.208614 
3547 0.101838 
3548 0.101838 
3549 0.270581 
3550 0.270581 
3551 0.270581 
3552 0.045884 
3553 0.366642 
3554 0.233581 
3555 -0.325038 
3556 0.366642 
3557 -0.260586 
3558 0.393944 
3559 -0.260586 
3560 0.214267 
3561 -0.471331 
3562 -0.471331 
3563 -0.355175 
3564 0.282678 
3565 -0.355175 
3566 0.282678 
3567 0.248749 
3568 0.330599 
3569 -0.059157 
3570 -0.059157 
3571 -0.491155 
3572 0.362234 
3573 -0.241759 
3574 -0.156492 
3575 0.473250 
3576 0.070151 
3577 -0.414004 
3578 -0.376399 
3579 -0.376399 
3580 0.070151 
3581 -0.376399 
3582 0.101838 
3583 -0.284056 
3584 0.101838 
3585 0.101838 
3586 -0.201598 
3587 0.101838 
3588 0.380283 
3589 -0.086154 
3590 0.366642 
3591 0.366642 
3592 -0.086154 
3593 -0.065472 
3594 0.233581 
3595 -0.065472 
3596 0.366642 
3597 -0.065472 
3598 -0.471331 
3599 -0.471331 
3600 -0.471331 
3601 0.465225 
3602 -0.355175 
3603 -0.059157 
3604 -0.059157 
3605 -0.129560 
3606 0.248749 
3607 -0.059157 
3608 -0.129560 
3609 -0.059157 
3610 -0.059157 
3611 0.034475 
3612 -0.184258 
3613 -0.178412 
3614 0.204521 
3615 -0.057570 
3616 0.473250 
3617 0.451072 
3618 -0.376399 
3619 -0.224075 
3620 -0.284056 
3621 0.101838 
3622 0.215818 
3623 -0.284056 
3624 0.101838 
3625 -0.017433 
3626 -0.247449 
3627 -0.017433 
3628 -0.017433 
3629 -0.331047 
3630 -0.260586 
3631 0.233581 
3632 -0.065472 
3633 -0.260586 
3634 -0.073063 
3635 0.113638 
3636 -0.471331 
3637 0.113638 
3638 0.113638 
3639 -0.471331 
3640 0.113638 
3641 0.113638 
3642 -0.471331 
3643 0.113638 
3644 -0.059157 
3645 0.248749 
3646 -0.420558 
3647 -0.046359 
3648 0.149070 
3649 -0.178412 
3650 0.451072 
3651 0.204521 
3652 -0.224075 
3653 -0.224075 
3654 0.451072 
3655 -0.224075 
3656 0.451072 
3657 0.451072 
3658 -0.224075 
3659 0.302602 
3660 -0.479956 
3661 0.215818 
3662 0.215818 
3663 -0.247449 
3664 0.215818 
3665 -0.086154 
3666 -0.331047 
3667 0.476035 
3668 0.476035 
3669 -0.073063 
3670 -0.260586 
3671 -0.073063 
3672 -0.471331 
3673 0.113638 
3674 -0.471331 
3675 0.113638 
3676 -0.414004 
3677 -0.059157 
3678 0.237690 
3679 -0.059157 
3680 -0.046359 
3681 0.451072 
3682 0.034475 
3683 0.451072 
3684 0.034475 
3685 0.451072 
3686 0.451072 
3687 0.302602 
3688 0.302602 
3689 0.302602 
3690 0.302602 
3691 -0.086154 
3692 -0.331047 
3693 -0.086154 
3694 -0.331047 
3695 0.051339 
3696 -0.086154 
3697 -0.086154 
3698 0.254179 
3699 -0.086154 
3700 0.254179 
3701 -0.138737 
3702 -0.138737 
3703 -0.138737 
3704 -0.138737 
3705 0.378887 
3706 0.378887 
3707 0.160243 
3708 0.208437 
3709 0.282678 
3710 0.405209 
3711 0.282678 
3712 0.263827 
3713 0.154386 
3714 -0.234053 
3715 0.154386 
3716 -0.234053 
3717 0.154386 
3718 0.141089 
3719 -0.234053 
3720 -0.240648 
3721 -0.240648 
3722 -0.086154 
3723 -0.086154 
3724 -0.086154 
3725 -0.086154 
3726 -0.086154 
3727 -0.086154 
3728 -0.086154 
3729 -0.086154 
3730 -0.086154 
3731 -0.449873 
3732 -0.138737 
3733 -0.291618 
3734 -0.291618 
3735 -0.291618 
3736 -0.291618 
3737 0.160243 
3738 0.378887 
3739 0.160243 
3740 0.160243 
3741 0.160243 
3742 0.160243 
3743 0.282678 
3744 0.282678 
3745 0.282678 
3746 0.282678 
3747 0.282678 
3748 0.282678 
3749 0.282678 
3750 0.154386 
3751 0.282678 
3752 0.154386 
3753 0.154386 
3754 0.154386 
3755 0.154386 
3756 0.141089 
3757 -0.240648 
3758 0.423319 
3759 -0.240648 
3760 0.423319 
3761 0.423319 
3762 -0.086154 
3763 -0.263871 
3764 -0.263871 
3765 -0.086154 
3766 -0.263871 
3767 -0.067463 
3768 -0.291618 
3769 -0.403446 
3770 -0.449873 
3771 -0.291618 
3772 0.378887 
3773 0.378887 
3774 -0.291618 
3775 -0.291618 
3776 0.378887 
3777 0.378887 
3778 0.160243 
3779 0.378887 
3780 0.362234 
3781 -0.183825 
3782 0.444312 
3783 0.282678 
3784 0.282678 
3785 0.405209 
3786 0.334662 
3787 0.170139 
3788 0.205614 
3789 0.154386 
3790 0.154386 
3791 0.141089 
3792 0.154386 
3793 0.154386 
3794 0.214267 
3795 0.002942 
3796 0.423319 
3797 0.423319 
3798 0.423319 
3799 0.361703 
3800 0.361703 
3801 0.071560 
3802 -0.410840 
3803 0.214267 
3804 0.214267 
3805 -0.067463 
3806 -0.449873 
3807 0.183861 
3808 -0.359470 
3809 0.183861 
3810 -0.385973 
3811 -0.359470 
3812 -0.370711 
3813 0.378887 
3814 0.378887 
3815 0.378887 
3816 -0.370711 
3817 -0.196034 
3818 0.378887 
3819 0.405209 
3820 -0.196034 
3821 0.334662 
3822 0.405209 
3823 -0.306548 
3824 -0.306548 
3825 0.334662 
3826 0.205614 
3827 -0.306548 
3828 0.141089 
3829 0.205614 
3830 0.205614 
3831 0.214267 
3832 0.002942 
3833 0.214267 
3834 -0.066491 
3835 0.423319 
3836 0.214267 
3837 0.071560 
3838 0.214267 
3839 0.214267 
3840 0.214267 
3841 -0.072192 
3842 0.034475 
3843 0.214267 
3844 -0.072192 
3845 -0.359470 
3846 -0.359470 
3847 0.183861 
3848 -0.370711 
3849 -0.359470 
3850 -0.370711 
3851 0.378887 
3852 0.378887 
3853 -0.370711 
3854 -0.196034 
3855 -0.196034 
3856 -0.370711 
3857 0.378887 
3858 -0.196034 
3859 -0.435905 
3860 -0.196034 
3861 0.054884 
3862 -0.285444 
3863 -0.285444 
3864 0.170139 
3865 -0.306548 
3866 0.205614 
3867 -0.298377 
3868 0.055466 
3869 0.123663 
3870 -0.374040 
3871 -0.374040 
3872 0.253047 
3873 0.214267 
3874 0.214267 
3875 0.214267 
3876 0.214267 
3877 0.214267 
3878 -0.072192 
3879 0.214267 
3880 0.214267 
3881 0.214267 
3882 0.034475 
3883 0.034475 
3884 -0.072192 
3885 -0.359470 
3886 -0.359470 
3887 0.215818 
3888 -0.359470 
3889 -0.359470 
3890 -0.370711 
3891 0.378887 
3892 0.378887 
3893 -0.435905 
3894 -0.196034 
3895 -0.196034 
3896 0.054884 
3897 -0.196034 
3898 0.214267 
3899 -0.435905 
3900 -0.306548 
3901 -0.306548 
3902 0.214267 
3903 -0.285444 
3904 -0.298377 
3905 -0.420558 
3906 0.123663 
3907 0.055466 
3908 -0.374040 
3909 0.123663 
3910 0.243075 
3911 0.214267 
3912 0.324872 
3913 0.214267 
3914 0.214267 
3915 0.324872 
3916 0.214267 
3917 0.214267 
3918 -0.072192 
3919 0.034475 
3920 0.034475 
3921 -0.072192 
3922 0.034475 
3923 -0.218189 
3924 0.458638 
3925 -0.218189 
3926 -0.218189 
3927 0.034475 
3928 -0.218189 
3929 -0.218189 
3930 0.210965 
3931 0.444312 
3932 0.444312 
3933 0.492216 
3934 0.054884 
3935 0.492216 
3936 0.393944 
3937 0.054884 
3938 0.393944 
3939 -0.377503 
3940 0.393944 
3941 -0.285444 
3942 -0.420558 
3943 -0.420558 
3944 -0.420558 
3945 -0.420558 
3946 -0.087017 
3947 -0.374040 
3948 0.123663 
3949 0.324872 
3950 0.324872 
3951 -0.374040 
3952 0.434576 
3953 -0.129560 
3954 -0.129560 
3955 0.324872 
3956 0.223751 
3957 0.223751 
3958 0.458638 
3959 -0.240080 
3960 -0.240080 
3961 0.458638 
3962 -0.017433 
3963 -0.017433 
3964 0.034475 
3965 -0.176756 
3966 -0.176756 
3967 0.270581 
3968 -0.325038 
3969 -0.325038 
3970 0.393944 
3971 -0.325038 
3972 0.393944 
3973 0.366642 
3974 0.444312 
3975 0.393944 
3976 -0.377503 
3977 0.393944 
3978 -0.470439 
3979 -0.349578 
3980 -0.355175 
3981 -0.420558 
3982 -0.349578 
3983 0.282678 
3984 -0.029291 
3985 0.123663 
3986 0.123663 
3987 0.348981 
3988 -0.029291 
3989 0.324872 
3990 0.223751 
3991 0.223751 
3992 -0.240648 
3993 0.070151 
3994 0.070151 
3995 0.223751 
3996 -0.087017 
3997 0.103803 
3998 -0.240080 
3999 -0.087017 
4000 -0.087017 
4001 -0.017433 
4002 -0.378758 
4003 -0.378758 
4004 0.270581 
4005 -0.325038 
4006 -0.325038 
4007 -0.176756 
4008 -0.176756 
4009 0.393944 
4010 0.393944 
4011 -0.325038 
4012 -0.325038 
4013 0.233581 
4014 0.393944 
4015 -0.260586 
4016 -0.349578 
4017 -0.471331 
4018 0.465225 
4019 0.465225 
4020 0.282678 
4021 -0.029291 
4022 -0.029291 
4023 -0.059157 
4024 0.330599 
4025 -0.029291 
4026 -0.059157 
4027 0.070151 
4028 -0.029291 
4029 0.070151 
4030 0.070151 
4031 0.070151 
4032 -0.370711 
4033 -0.087017 
4034 -0.087017 
4035 0.070151 
4036 -0.284056 
4037 -0.378758 
4038 -0.087017 
4039 -0.087017 
4040 -0.087017 
4041 -0.378758 
4042 -0.378758 
4043 0.380283 
4044 0.101838 
4045 -0.325038 
4046 -0.325038 
4047 0.366642 
4048 -0.325038 
4049 -0.325038 
4050 0.233581 
4051 0.393944 
4052 -0.260586 
4053 -0.349578 
4054 -0.471331 
4055 -0.349578 
4056 -0.471331 
4057 0.113638 
4058 0.020415 
4059 0.149070 
4060 0.465225 
4061 0.149070 
4062 -0.029291 
4063 -0.420558 
4064 -0.029291 
4065 0.330599 
4066 -0.059157 
4067 0.451072 
4068 0.451072 
4069 0.070151 
4070 0.204521 
4071 0.204521 
4072 0.070151 
4073 -0.087017 
4074 -0.284056 
4075 -0.284056 
4076 -0.087017 
4077 -0.284056 
4078 0.101838 
4079 -0.378758 
4080 -0.378758 
4081 -0.284056 
4082 -0.472471 
4083 -0.247449 
4084 -0.331047 
4085 -0.331047 
4086 -0.073063 
4087 -0.472471 
4088 -0.331047 
4089 -0.260586 
4090 -0.471331 
4091 0.113638 
4092 -0.471331 
4093 -0.471331 
4094 0.113638 
4095 0.149070 
4096 -0.471331 
4097 -0.471331 
4098 0.149070 
4099 0.149070 
4100 0.149070 
4101 0.149070 
4102 0.149070 
4103 0.149070 
4104 0.204521 
4105 0.451072 
4106 -0.178412 
4107 0.451072 
4108 0.451072 
4109 -0.057570 
4110 0.451072 
4111 -0.284056 
4112 -0.224075 
4113 -0.284056 
4114 -0.284056 
4115 -0.224075 
4116 -0.247449 
4117 -0.247449 
4118 0.215818 
4119 -0.247449 
4120 -0.284056 
4121 -0.472471 
4122 -0.073063 
4123 -0.073063 
4124 -0.472471 
4125 -0.331047 
4126 -0.260586 
4127 -0.471331 
4128 -0.471331 
4129 0.113638 
4130 -0.471331 
4131 0.113638 
4132 0.248749 
4133 -0.059157 
4134 0.248749 
4135 -0.059157 
4136 0.451072 
4137 0.451072 
4138 0.451072 
4139 0.451072 
4140 -0.284056 
4141 0.451072 
4142 -0.284056 
4143 0.302602 
4144 -0.284056 
4145 0.302602 
4146 -0.284056 
4147 -0.086154 
4148 -0.284056 
4149 -0.086154 
4150 0.476035 
4151 -0.327259 
4152 -0.201598 
4153 -0.201598 
4154 -0.201598 
4155 0.200691 
4156 0.124878 
4157 0.263827 
4158 -0.036077 
4159 0.159186 
4160 -0.442198 
4161 -0.442198 
4162 -0.442198 
4163 -0.234053 
4164 0.225024 
4165 -0.208452 
4166 -0.208452 
4167 -0.201598 
4168 -0.168609 
4169 -0.183825 
4170 -0.020275 
4171 -0.020275 
4172 -0.240080 
4173 -0.193080 
4174 -0.193080 
4175 -0.442198 
4176 -0.442198 
4177 0.002778 
4178 -0.208452 
4179 -0.327259 
4180 -0.156230 
4181 -0.156230 
4182 0.200691 
4183 0.193708 
4184 -0.183825 
4185 -0.036077 
4186 -0.040822 
4187 0.000900 
4188 -0.193080 
4189 -0.442198 
4190 0.002778 
4191 -0.325038 
4192 0.380283 
4193 -0.208452 
4194 0.254179 
4195 -0.435905 
4196 0.263827 
4197 0.097918 
4198 0.055466 
4199 -0.148686 
4200 0.086545 
4201 -0.193080 
4202 -0.442198 
4203 -0.447661 
4204 -0.231050 
4205 0.040655 
4206 0.233581 
4207 0.103803 
4208 0.013121 
4209 -0.470439 
4210 0.452477 
4211 0.010425 
4212 -0.020275 
4213 0.334662 
4214 -0.476270 
4215 0.230065 
4216 -0.279461 
4217 0.352435 
4218 -0.184974 
4219 -0.231050 
4220 0.109617 
4221 0.471757 
4222 -0.272333 
4223 -0.376399 
4224 0.297316 
4225 -0.301872 
4226 -0.476270 
4227 -0.476270 
4228 0.458638 
4229 -0.279461 
4230 0.352435 
4231 0.270581 
4232 -0.241159 
4233 0.366642 
4234 -0.272371 
4235 -0.224804 
4236 -0.020275 
4237 0.026574 
4238 0.208828 
4239 0.109617 
4240 0.317006 
4241 0.458638 
4242 0.237690 
4243 0.461748 
4244 0.142676 
4245 0.352435 
4246 0.018400 
4247 -0.240648 
4248 0.063840 
4249 -0.263871 
4250 0.009950 
4251 -0.250418 
4252 0.002942 
4253 0.317006 
4254 -0.364756 
4255 -0.218189 
4256 0.163010 
4257 -0.285444 
4258 -0.357507 
4259 0.018400 
4260 -0.065472 
4261 0.123278 
4262 0.206869 
4263 -0.325038 
4264 0.091455 
4265 0.040655 
4266 0.436324 
4267 -0.364756 
4268 -0.218189 
4269 -0.218189 
4270 0.034475 
4271 -0.267815 
4272 0.018400 
4273 -0.455955 
4274 -0.273627 
4275 -0.208452 
4276 0.458638 
4277 0.194691 
4278 0.436324 
4279 0.436324 
4280 -0.364756 
4281 -0.218189 
4282 -0.218189 
4283 -0.176936 
4284 -0.033680 
4285 -0.201598 
4286 0.152735 
4287 -0.442198 
4288 -0.208452 
4289 -0.036140 
4290 -0.432900 
4291 0.300615 
4292 0.362234 
4293 -0.260586 
4294 -0.218189 
4295 -0.218189 
4296 -0.218189 
4297 0.204521 
4298 0.204521 
4299 -0.129560 
4300 -0.233039 
4301 0.074015 
4302 0.471757 
4303 0.020415 
4304 0.362234 
4305 0.362234 
4306 -0.260586 
4307 -0.414004 
4308 -0.218189 
4309 -0.218189 
4310 -0.176936 
4311 -0.176936 
4312 -0.233039 
4313 -0.129560 
4314 -0.129560 
4315 -0.036404 
4316 0.471757 
4317 0.471757 
4318 0.471757 
4319 -0.490638 
4320 -0.233950 
4321 -0.066562 
4322 0.330599 
4323 0.263827 
4324 0.263827 
4325 0.387472 
4326 0.334345 
4327 -0.107126 
4328 -0.107126 
4329 -0.234053 
4330 -0.234053 
4331 -0.234053 
4332 -0.234053 
4333 -0.233950 
4334 0.334345 
4335 0.330599 
4336 -0.060429 
4337 -0.060429 
4338 0.405209 
4339 -0.090181 
4340 -0.176756 
4341 0.055466 
4342 -0.284994 
4343 -0.284994 
4344 -0.234053 
4345 -0.234053 
4346 0.113638 
4347 -0.349578 
4348 -0.066562 
4349 0.215818 
4350 0.017561 
4351 0.428719 
4352 0.193708 
4353 0.022227 
4354 -0.014653 
4355 -0.040822 
4356 0.000900 
4357 -0.284994 
4358 -0.234053 
4359 0.113638 
4360 -0.349578 
4361 -0.377503 
4362 -0.233950 
4363 0.000773 
4364 0.428719 
4365 0.263827 
4366 0.063840 
4367 0.380544 
4368 -0.148686 
4369 0.086545 
4370 -0.284994 
4371 0.348981 
4372 -0.279461 
4373 0.471757 
4374 0.149070 
4375 0.233581 
4376 0.103803 
4377 -0.053152 
4378 0.248749 
4379 0.302602 
4380 -0.045755 
4381 -0.229348 
4382 0.334662 
4383 -0.229348 
4384 0.348981 
4385 -0.279461 
4386 0.471757 
4387 -0.279461 
4388 -0.377503 
4389 0.109617 
4390 0.442773 
4391 0.327395 
4392 -0.053152 
4393 0.044680 
4394 0.044680 
4395 0.183861 
4396 -0.229348 
4397 0.214267 
4398 0.486806 
4399 -0.225349 
4400 -0.279461 
4401 -0.241159 
4402 -0.280221 
4403 -0.280221 
4404 -0.147689 
4405 -0.057570 
4406 0.225024 
4407 -0.279461 
4408 -0.472114 
4409 0.214267 
4410 -0.364756 
4411 -0.414004 
4412 -0.414004 
4413 0.130931 
4414 0.243849 
4415 0.163029 
4416 0.393238 
4417 0.456664 
4418 0.317006 
4419 0.317006 
4420 -0.125055 
4421 -0.349578 
4422 -0.349578 
4423 -0.364756 
4424 -0.414004 
4425 -0.414004 
4426 -0.130491 
4427 0.086545 
4428 -0.298377 
4429 0.393238 
4430 0.003785 
4431 0.165340 
4432 0.317006 
4433 -0.418757 
4434 -0.041541 
4435 -0.349578 
4436 -0.364756 
4437 0.109617 
4438 -0.414004 
4439 0.281309 
4440 -0.267815 
4441 0.070151 
4442 -0.455955 
4443 0.054884 
4444 0.154386 
4445 0.313853 
4446 0.145837 
4447 0.371364 
4448 -0.041541 
4449 -0.364756 
4450 0.109617 
4451 0.237690 
4452 0.237690 
4453 -0.188788 
4454 -0.334460 
4455 -0.361932 
4456 0.371364 
4457 -0.138737 
4458 0.393238 
4459 0.471757 
4460 0.051339 
4461 -0.041541 
4462 -0.260586 
4463 -0.414004 
4464 0.109617 
4465 0.237690 
4466 0.237690 
4467 0.237690 
4468 0.004375 
4469 -0.369354 
4470 0.004375 
4471 0.313853 
4472 0.313853 
4473 -0.041541 
4474 -0.041541 
4475 -0.260586 
4476 -0.414004 
4477 -0.414004 
4478 0.237690 
4479 0.237690 
4480 0.237690 
4481 0.154386 
4482 0.004375 
4483 0.302602 
4484 0.359302 
4485 0.302602 
4486 0.302602 
4487 0.302602 
4488 0.051339 
4489 -0.327259 
4490 0.210965 
4491 -0.201598 
4492 -0.201598 
4493 -0.201598 
4494 0.068479 
4495 0.068479 
4496 0.263827 
4497 -0.442198 
4498 -0.234053 
4499 -0.234053 
4500 -0.234053 
4501 -0.234053 
4502 -0.239003 
4503 -0.066562 
4504 0.210965 
4505 0.210965 
4506 0.210965 
4507 0.068479 
4508 0.026574 
4509 -0.279461 
4510 -0.279461 
4511 -0.234053 
4512 -0.234053 
4513 -0.234053 
4514 -0.234053 
4515 -0.239003 
4516 -0.066562 
4517 -0.327259 
4518 -0.266348 
4519 -0.266348 
4520 0.428719 
4521 0.193708 
4522 0.026574 
4523 0.453360 
4524 -0.040822 
4525 0.453360 
4526 -0.234053 
4527 -0.234053 
4528 0.002942 
4529 -0.239003 
4530 0.333489 
4531 -0.121203 
4532 -0.221268 
4533 -0.266348 
4534 0.465225 
4535 0.097918 
4536 0.055466 
4537 0.208828 
4538 0.453360 
4539 -0.234053 
4540 -0.234053 
4541 0.002942 
4542 -0.107126 
4543 -0.175150 
4544 -0.175150 
4545 0.103803 
4546 -0.266348 
4547 -0.476270 
4548 -0.472471 
4549 0.020415 
4550 0.324872 
4551 -0.193080 
4552 -0.193080 
4553 0.348981 
4554 -0.279461 
4555 -0.107126 
4556 -0.279461 
4557 -0.175150 
4558 0.313853 
4559 0.442773 
4560 0.208437 
4561 0.145837 
4562 -0.415028 
4563 0.187468 
4564 -0.184974 
4565 -0.193080 
4566 0.444312 
4567 -0.279461 
4568 -0.382765 
4569 -0.279461 
4570 -0.279461 
4571 -0.376399 
4572 -0.286150 
4573 0.065374 
4574 0.145837 
4575 0.130931 
4576 -0.195946 
4577 0.081199 
4578 0.163029 
4579 0.081199 
4580 0.152735 
4581 -0.382765 
4582 -0.279461 
4583 0.243849 
4584 0.334378 
4585 0.093159 
4586 0.165340 
4587 0.243849 
4588 0.317006 
4589 0.483959 
4590 0.152735 
4591 0.163029 
4592 -0.470439 
4593 0.152735 
4594 -0.129560 
4595 -0.130491 
4596 0.086545 
4597 0.194198 
4598 -0.072192 
4599 0.166889 
4600 -0.229348 
4601 0.041718 
4602 -0.059157 
4603 -0.325038 
4604 0.152735 
4605 -0.260586 
4606 0.152735 
4607 0.101838 
4608 0.281309 
4609 -0.045677 
4610 0.393238 
4611 -0.455955 
4612 -0.334460 
4613 -0.280221 
4614 -0.370711 
4615 0.372812 
4616 0.152735 
4617 -0.186125 
4618 -0.260586 
4619 -0.218189 
4620 0.101838 
4621 0.101838 
4622 0.101838 
4623 -0.284056 
4624 -0.267815 
4625 -0.186125 
4626 0.183861 
4627 0.183861 
4628 -0.449557 
4629 -0.260586 
4630 -0.186125 
4631 -0.260586 
4632 0.101838 
4633 -0.218189 
4634 0.101838 
4635 -0.284056 
4636 -0.284056 
4637 0.000773 
4638 -0.273627 
4639 -0.129560 
4640 0.183861 
4641 0.045884 
4642 -0.260586 
4643 -0.260586 
4644 -0.260586 
4645 -0.471331 
4646 0.101838 
4647 -0.176936 
4648 0.237690 
4649 0.237690 
4650 0.237690 
4651 -0.129560 
4652 -0.129560 
4653 0.302602 
4654 0.045884 
4655 0.045884 
4656 0.045884 
4657 0.476035 
4658 -0.086154 
4659 -0.066562 
4660 -0.138737 
4661 -0.138737 
4662 0.208437 
4663 0.208437 
4664 0.208437 
4665 -0.107126 
4666 -0.107126 
4667 0.154386 
4668 0.154386 
4669 0.154386 
4670 -0.234053 
4671 -0.066562 
4672 0.284585 
4673 -0.066562 
4674 0.230065 
4675 -0.003513 
4676 -0.003513 
4677 0.233182 
4678 0.317462 
4679 0.317462 
4680 -0.040822 
4681 -0.040822 
4682 0.154386 
4683 0.154386 
4684 -0.060827 
4685 0.284585 
4686 -0.304273 
4687 -0.273627 
4688 -0.221268 
4689 0.337573 
4690 0.371364 
4691 -0.298377 
4692 0.253047 
4693 -0.208423 
4694 0.205614 
4695 -0.040822 
4696 0.154386 
4697 -0.060827 
4698 -0.060827 
4699 0.333489 
4700 0.444533 
4701 -0.221268 
4702 -0.221268 
4703 0.123278 
4704 0.233182 
4705 -0.175150 
4706 -0.334460 
4707 -0.445531 
4708 -0.040822 
4709 0.154386 
4710 -0.279461 
4711 -0.279461 
4712 -0.219877 
4713 -0.304273 
4714 0.444533 
4715 -0.073063 
4716 -0.359470 
4717 0.163010 
4718 0.393944 
4719 0.453360 
4720 -0.175150 
4721 -0.040822 
4722 0.348981 
4723 -0.279461 
4724 -0.362926 
4725 -0.469835 
4726 -0.469835 
4727 -0.313801 
4728 -0.107126 
4729 -0.276395 
4730 0.163010 
4731 -0.068993 
4732 0.054545 
4733 -0.175150 
4734 0.070151 
4735 0.214267 
4736 -0.279461 
4737 -0.362926 
4738 -0.279461 
4739 -0.469835 
4740 -0.469835 
4741 -0.107126 
4742 -0.178412 
4743 0.145837 
4744 0.210965 
4745 0.284545 
4746 -0.066562 
4747 0.070151 
4748 0.074015 
4749 -0.279461 
4750 0.091455 
4751 -0.279461 
4752 0.491986 
4753 0.334378 
4754 0.093159 
4755 0.165340 
4756 0.317006 
4757 0.317006 
4758 0.483959 
4759 -0.066562 
4760 0.492216 
4761 0.074015 
4762 -0.129560 
4763 0.091455 
4764 0.380828 
4765 0.380828 
4766 -0.065472 
4767 -0.072192 
4768 -0.036404 
4769 0.419562 
4770 0.041718 
4771 0.045884 
4772 -0.325038 
4773 -0.041541 
4774 0.214267 
4775 -0.471331 
4776 -0.129560 
4777 0.281309 
4778 -0.045677 
4779 0.405209 
4780 -0.072192 
4781 0.109617 
4782 -0.280221 
4783 -0.201598 
4784 0.372812 
4785 -0.065472 
4786 -0.041541 
4787 -0.065472 
4788 -0.471331 
4789 -0.414004 
4790 -0.129560 
4791 -0.046359 
4792 -0.046359 
4793 -0.252509 
4794 -0.186125 
4795 -0.479956 
4796 -0.284056 
4797 -0.449557 
4798 0.051339 
4799 -0.427752 
4800 -0.073063 
4801 -0.471331 
4802 -0.414004 
4803 0.237690 
4804 -0.059157 
4805 0.034475 
4806 0.405209 
4807 0.405209 
4808 0.451072 
4809 0.313853 
4810 0.313853 
4811 -0.427752 
4812 -0.427752 
4813 -0.073063 
4814 -0.471331 
4815 -0.471331 
4816 -0.414004 
4817 0.237690 
4818 -0.046359 
4819 0.034475 
4820 0.034475 
4821 0.451072 
4822 0.302602 
4823 0.302602 
4824 -0.331047 
4825 -0.331047 
4826 0.051339 
4827 -0.086154 
4828 0.254179 
4829 0.254179 
4830 -0.138737 
4831 0.270581 
4832 0.378887 
4833 0.208437 
4834 0.405209 
4835 0.263827 
4836 -0.234053 
4837 -0.234053 
4838 0.141089 
4839 -0.234053 
4840 -0.240648 
4841 0.284585 
4842 -0.263871 
4843 -0.385973 
4844 0.378887 
4845 0.040655 
4846 0.405209 
4847 -0.247449 
4848 -0.247449 
4849 0.141089 
4850 0.141089 
4851 -0.234053 
4852 0.141089 
4853 0.423319 
4854 0.284585 
4855 -0.417581 
4856 -0.417581 
4857 0.387472 
4858 -0.469835 
4859 0.371364 
4860 0.140616 
4861 0.140616 
4862 -0.208423 
4863 0.348981 
4864 0.141089 
4865 -0.234053 
4866 0.002942 
4867 0.002942 
4868 0.333489 
4869 -0.121203 
4870 -0.221268 
4871 -0.486450 
4872 0.123278 
4873 0.361848 
4874 0.004375 
4875 -0.334460 
4876 -0.445531 
4877 -0.298377 
4878 0.205614 
4879 0.002942 
4880 0.253047 
4881 -0.219877 
4882 -0.060827 
4883 -0.099029 
4884 0.091455 
4885 -0.359470 
4886 -0.359470 
4887 0.378887 
4888 0.453360 
4889 0.473250 
4890 0.063840 
4891 -0.298377 
4892 0.123663 
4893 0.253047 
4894 0.002942 
4895 -0.041541 
4896 -0.313801 
4897 -0.186125 
4898 -0.276395 
4899 0.145837 
4900 -0.304273 
4901 0.054545 
4902 0.054884 
4903 0.063840 
4904 -0.298377 
4905 0.123663 
4906 0.123663 
4907 -0.279461 
4908 -0.420558 
4909 0.241682 
4910 0.465225 
4911 -0.088206 
4912 0.145837 
4913 0.145837 
4914 -0.313801 
4915 -0.331047 
4916 -0.377503 
4917 -0.285444 
4918 -0.420558 
4919 0.123663 
4920 0.124878 
4921 0.491986 
4922 0.334378 
4923 0.103803 
4924 0.165340 
4925 -0.432900 
4926 -0.313801 
4927 0.483959 
4928 0.233581 
4929 -0.377503 
4930 -0.470439 
4931 -0.355175 
4932 -0.087017 
4933 -0.392787 
4934 -0.132454 
4935 -0.284056 
4936 0.103803 
4937 -0.036404 
4938 -0.088206 
4939 0.380283 
4940 0.045884 
4941 -0.325038 
4942 0.233581 
4943 -0.260586 
4944 -0.471331 
4945 -0.059157 
4946 0.282678 
4947 -0.491155 
4948 -0.156492 
4949 -0.414004 
4950 -0.334460 
4951 -0.280221 
4952 0.380283 
4953 0.372812 
4954 -0.260586 
4955 0.233581 
4956 -0.260586 
4957 -0.471331 
4958 -0.059157 
4959 0.113638 
4960 0.282678 
4961 0.362234 
4962 -0.252509 
4963 -0.186125 
4964 -0.224075 
4965 -0.224075 
4966 -0.449557 
4967 0.380283 
4968 0.366642 
4969 -0.260586 
4970 0.113638 
4971 -0.471331 
4972 -0.059157 
4973 0.248749 
4974 0.248749 
4975 -0.184258 
4976 -0.184258 
4977 -0.224075 
4978 0.215818 
4979 0.215818 
4980 -0.017433 
4981 -0.017433 
4982 -0.260586 
4983 -0.471331 
4984 0.113638 
4985 0.113638 
4986 -0.059157 
4987 -0.059157 
4988 0.451072 
4989 0.451072 
4990 0.451072 
4991 0.302602 
4992 0.302602 
4993 -0.086154 
4994 -0.086154 
4995 0.476035 
4996 -0.086154 
4997 -0.086154 
4998 -0.086154 
4999 -0.138737 
5000 -0.138737 
5001 0.378887 
5002 0.160243 
5003 0.282678 
5004 0.282678 
5005 0.154386 
5006 0.154386 
5007 0.154386 
5008 -0.234053 
5009 -0.240648 
5010 -0.263871 
5011 -0.263871 
5012 -0.403446 
5013 -0.403446 
5014 0.378887 
5015 0.378887 
5016 0.362234 
5017 0.362234 
5018 0.170139 
5019 0.170139 
5020 0.154386 
5021 0.154386 
5022 -0.240648 
5023 -0.263871 
5024 0.361703 
5025 -0.273627 
5026 0.428719 
5027 0.428719 
5028 0.371364 
5029 0.362234 
5030 0.208437 
5031 -0.208423 
5032 -0.040822 
5033 0.170139 
5034 0.154386 
5035 0.214267 
5036 0.214267 
5037 0.214267 
5038 -0.130491 
5039 -0.403446 
5040 -0.486450 
5041 0.123278 
5042 0.361848 
5043 -0.183825 
5044 -0.334460 
5045 0.334662 
5046 0.170139 
5047 0.205614 
5048 0.214267 
5049 0.214267 
5050 -0.066491 
5051 0.214267 
5052 -0.099029 
5053 0.034475 
5054 -0.359470 
5055 -0.370711 
5056 0.378887 
5057 0.453360 
5058 -0.040822 
5059 0.054884 
5060 0.205614 
5061 0.055466 
5062 0.214267 
5063 0.214267 
5064 -0.041541 
5065 -0.313801 
5066 0.313853 
5067 -0.276395 
5068 0.361703 
5069 0.393944 
5070 0.054545 
5071 0.054884 
5072 0.054884 
5073 -0.285444 
5074 -0.420558 
5075 0.123663 
5076 -0.374040 
5077 -0.420558 
5078 0.241682 
5079 0.465225 
5080 -0.107126 
5081 0.034475 
5082 0.210965 
5083 0.492216 
5084 0.393944 
5085 0.492216 
5086 0.393944 
5087 -0.349578 
5088 0.123663 
5089 0.243075 
5090 0.491986 
5091 -0.331047 
5092 -0.304273 
5093 -0.107126 
5094 0.034475 
5095 -0.374040 
5096 0.393944 
5097 0.444312 
5098 0.393944 
5099 0.393944 
5100 -0.349578 
5101 0.123663 
5102 -0.129560 
5103 -0.132454 
5104 0.348981 
5105 -0.129560 
5106 -0.036404 
5107 -0.208614 
5108 0.270581 
5109 0.045884 
5110 -0.325038 
5111 0.393944 
5112 -0.325038 
5113 -0.349578 
5114 0.020415 
5115 0.330599 
5116 -0.491155 
5117 -0.156492 
5118 -0.414004 
5119 0.070151 
5120 -0.284056 
5121 -0.201598 
5122 -0.086154 
5123 -0.086154 
5124 0.393944 
5125 -0.325038 
5126 -0.349578 
5127 0.020415 
5128 -0.129560 
5129 -0.129560 
5130 0.034475 
5131 0.204521 
5132 0.451072 
5133 -0.284056 
5134 -0.284056 
5135 -0.247449 
5136 -0.331047 
5137 -0.472471 
5138 -0.331047 
5139 -0.471331 
5140 -0.471331 
5141 0.020415 
5142 0.149070 
5143 0.149070 
5144 0.330599 
5145 -0.284056 
5146 -0.284056 
5147 -0.284056 
5148 -0.284056 
5149 -0.472471 
5150 -0.472471 
5151 -0.331047 
5152 -0.471331 
5153 -0.471331 
5154 -0.471331 
5155 0.149070 
5156 0.149070 
5157 0.451072 
5158 0.451072 
5159 -0.284056 
5160 -0.284056 
5161 -0.284056 
5162 -0.284056 
5163 -0.284056 
5164 -0.073063 
5165 0.434576 
5166 -0.263871 
5167 0.124878 
5168 0.124878 
5169 -0.403446 
5170 0.163029 
5171 0.160243 
5172 0.254179 
5173 0.282678 
5174 0.154386 
5175 0.170139 
5176 -0.470439 
5177 -0.234053 
5178 -0.263871 
5179 -0.263871 
5180 0.361703 
5181 -0.403446 
5182 -0.403446 
5183 0.378887 
5184 0.160243 
5185 0.362234 
5186 0.282678 
5187 0.170139 
5188 0.170139 
5189 0.170139 
5190 -0.234053 
5191 -0.240648 
5192 -0.263871 
5193 0.361703 
5194 -0.273627 
5195 0.378887 
5196 0.378887 
5197 0.371364 
5198 0.362234 
5199 -0.183825 
5200 0.170139 
5201 0.334662 
5202 0.170139 
5203 0.170139 
5204 -0.263871 
5205 -0.263871 
5206 -0.066491 
5207 -0.273627 
5208 -0.403446 
5209 0.371364 
5210 0.371364 
5211 -0.359470 
5212 -0.183825 
5213 0.378887 
5214 0.334662 
5215 0.170139 
5216 0.205614 
5217 0.214267 
5218 0.123663 
5219 -0.066491 
5220 -0.041541 
5221 -0.403446 
5222 -0.313801 
5223 -0.359470 
5224 -0.359470 
5225 0.378887 
5226 0.378887 
5227 0.170139 
5228 0.170139 
5229 0.170139 
5230 0.123663 
5231 0.123663 
5232 -0.041541 
5233 -0.041541 
5234 -0.313801 
5235 -0.313801 
5236 -0.313801 
5237 -0.359470 
5238 0.210965 
5239 0.378887 
5240 0.054884 
5241 0.170139 
5242 -0.285444 
5243 -0.059157 
5244 0.123663 
5245 -0.374040 
5246 -0.041541 
5247 -0.331047 
5248 -0.313801 
5249 -0.107126 
5250 -0.233039 
5251 0.210965 
5252 -0.233039 
5253 0.054884 
5254 0.444312 
5255 -0.285444 
5256 0.123663 
5257 0.123663 
5258 0.243075 
5259 0.491986 
5260 -0.331047 
5261 -0.060827 
5262 -0.233039 
5263 -0.233039 
5264 -0.233039 
5265 -0.233039 
5266 0.444312 
5267 0.444312 
5268 0.444312 
5269 -0.349578 
5270 0.243075 
5271 0.243075 
5272 -0.331047 
5273 -0.331047 
5274 -0.331047 
5275 -0.036404 
5276 -0.233039 
5277 -0.233039 
5278 -0.233039 
5279 -0.325038 
5280 0.444312 
5281 -0.325038 
5282 -0.349578 
5283 0.020415 
5284 0.243075 
5285 -0.491155 
5286 -0.331047 
5287 -0.414004 
5288 0.451072 
5289 -0.233039 
5290 -0.201598 
5291 -0.325038 
5292 -0.325038 
5293 -0.472471 
5294 -0.325038 
5295 -0.349578 
5296 0.020415 
5297 -0.349578 
5298 0.149070 
5299 0.034475 
5300 0.204521 
5301 0.451072 
5302 -0.284056 
5303 -0.201598 
5304 -0.247449 
5305 -0.472471 
5306 -0.472471 
5307 -0.472471 
5308 0.020415 
5309 0.020415 
5310 0.149070 
5311 0.149070 
5312 0.149070 
5313 0.204521 
5314 -0.284056 
5315 -0.284056 
5316 -0.247449 
5317 -0.247449 
5318 -0.472471 
5319 -0.472471 
5320 -0.472471 
5321 -0.471331 
5322 0.020415 
5323 -0.349578 
5324 0.149070 
5325 -0.349578 
5326 0.204521 
5327 0.451072 
5328 -0.284056 
5329 -0.284056 
5330 -0.247449 
5331 -0.284056 
5332 -0.472471 
5333 0.208437 
5334 0.434576 
5335 0.434576 
5336 0.124878 
5337 0.124878 
5338 0.124878 
5339 0.163029 
5340 0.254179 
5341 0.254179 
5342 0.254179 
5343 -0.148686 
5344 -0.148686 
5345 -0.234053 
5346 -0.240080 
5347 0.434576 
5348 0.434576 
5349 -0.359470 
5350 -0.359470 
5351 0.124878 
5352 0.124878 
5353 -0.359470 
5354 -0.359470 
5355 0.254179 
5356 0.254179 
5357 0.254179 
5358 -0.148686 
5359 -0.234053 
5360 -0.349578 
5361 0.434576 
5362 0.434576 
5363 -0.359470 
5364 -0.359470 
5365 0.124878 
5366 -0.359470 
5367 -0.359470 
5368 -0.359470 
5369 -0.359470 
5370 -0.359470 
5371 0.254179 
5372 -0.148686 
5373 -0.349578 
5374 -0.349578 
5375 -0.349578 
5376 -0.359470 
5377 -0.359470 
5378 -0.359470 
5379 -0.359470 
5380 -0.359470 
5381 -0.359470 
5382 -0.359470 
5383 -0.359470 
5384 -0.359470 
5385 -0.148686 
5386 -0.349578 
5387 -0.349578 
5388 -0.060429 
5389 -0.060429 
5390 -0.359470 
5391 -0.359470 
5392 -0.359470 
5393 -0.359470 
5394 -0.359470 
5395 -0.359470 
5396 -0.359470 
5397 -0.359470 
5398 -0.359470 
5399 -0.349578 
5400 -0.349578 
5401 -0.060429 
5402 -0.060429 
5403 -0.060429 
5404 -0.359470 
5405 -0.359470 
5406 -0.359470 
5407 -0.359470 
5408 -0.359470 
5409 -0.359470 
5410 -0.359470 
5411 -0.359470 
5412 -0.349578 
5413 -0.349578 
5414 -0.349578 
5415 -0.060429 
5416 -0.060429 
5417 -0.233039 
5418 -0.233039 
5419 -0.233039 
5420 -0.233039 
5421 -0.233039 
5422 -0.233039 
5423 -0.359470 
5424 -0.359470 
5425 -0.349578 
5426 -0.349578 
5427 -0.349578 
5428 -0.349578 
5429 -0.349578 
5430 -0.233039 
5431 -0.233039 
5432 -0.233039 
5433 -0.233039 
5434 -0.233039 
5435 -0.233039 
5436 -0.233039 
5437 -0.325038 
5438 -0.349578 
5439 -0.349578 
5440 -0.349578 
5441 -0.349578 
5442 -0.349578 
5443 -0.233039 
5444 -0.233039 
5445 -0.233039 
5446 -0.233039 
5447 -0.233039 
5448 -0.233039 
5449 -0.233039 
5450 -0.325038 
5451 -0.349578 
5452 -0.349578 
5453 -0.349578 
5454 -0.349578 
5455 -0.349578 
5456 -0.349578 
5457 -0.233039 
5458 -0.233039 
5459 -0.233039 
5460 -0.233039 
5461 -0.233039 
5462 -0.233039 
5463 -0.325038 
5464 -0.349578 
5465 -0.349578 
5466 -0.349578 
5467 -0.349578 
5468 -0.349578 
5469 -0.349578 
5470 -0.349578 
5471 -0.233039 
5472 -0.233039 
5473 -0.233039 
5474 -0.233039 
5475 -0.233039 
5476 0.208437 
5477 -0.349578 
5478 -0.349578 
5479 -0.349578 
5480 -0.349578 
5481 -0.349578 
5482 -0.349578 
5483 -0.349578 
5484 -0.349578 
5485 -0.233039 
5486 -0.233039 
5487 -0.233039 
5488 -0.233039 
5489 0.208437 
5490 -0.349578 
5491 -0.349578 
5492 -0.349578 
5493 -0.349578 
5494 -0.349578 
5495 0.451072 
5496 0.451072 
5497 -0.284056 
5498 -0.284056 
5499 -0.284056 
5500 -0.284056 
5501 0.208437 
5502 0.208437 
5503 0.434576 
5504 0.434576 
5505 0.434576 
5506 0.434576 
5507 0.124878 
5508 0.124878 
5509 0.124878 
5510 0.124878 
5511 0.124878 
5512 0.124878 
5513 0.163029 
5514 0.163029 
5515 0.254179 
5516 0.254179 
5517 0.254179 
5518 0.254179 
5519 0.254179 
5520 0.254179 
5521 -0.148686 
5522 -0.148686 
5523 -0.148686 
5524 -0.148686 
5525 -0.234053 
5526 -0.234053 
5527 0.017561 
5528 0.017561 
5529 0.434576 
5530 0.434576 
5531 0.434576 
5532 0.434576 
5533 0.434576 
5534 0.434576 
5535 -0.359470 
5536 -0.359470 
5537 0.124878 
5538 -0.359470 
5539 -0.359470 
5540 0.124878 
5541 0.124878 
5542 0.124878 
5543 0.124878 
5544 0.124878 
5545 0.124878 
5546 0.163029 
5547 -0.359470 
5548 -0.359470 
5549 0.254179 
5550 -0.359470 
5551 -0.359470 
5552 0.254179 
5553 0.254179 
5554 0.254179 
5555 0.254179 
5556 0.254179 
5557 0.254179 
5558 -0.148686 
5559 0.254179 
5560 0.254179 
5561 -0.234053 
5562 -0.148686 
5563 -0.148686 
5564 -0.234053 
5565 -0.234053 
5566 -0.349578 
5567 -0.349578 
5568 0.434576 
5569 0.434576 
5570 0.434576 
5571 0.434576 
5572 0.434576 
5573 0.434576 
5574 -0.359470 
5575 -0.359470 
5576 -0.359470 
5577 -0.359470 
5578 -0.359470 
5579 -0.359470 
5580 0.124878 
5581 0.124878 
5582 0.124878 
5583 0.124878 
5584 -0.359470 
5585 -0.359470 
5586 -0.359470 
5587 -0.359470 
5588 -0.359470 
5589 -0.359470 
5590 -0.359470 
5591 -0.359470 
5592 0.254179 
5593 -0.359470 
5594 -0.359470 
5595 0.254179 
5596 -0.359470 
5597 -0.359470 
5598 -0.148686 
5599 0.254179 
5600 0.254179 
5601 -0.148686 
5602 -0.148686 
5603 -0.349578 
5604 -0.349578 
5605 -0.349578 
5606 -0.349578 
5607 -0.349578 
5608 0.434576 
5609 -0.349578 
5610 -0.349578 
5611 0.434576 
5612 -0.359470 
5613 -0.359470 
5614 -0.359470 
5615 -0.359470 
5616 -0.359470 
5617 -0.359470 
5618 -0.359470 
5619 -0.359470 
5620 0.124878 
5621 -0.359470 
5622 -0.359470 
5623 -0.359470 
5624 -0.359470 
5625 -0.359470 
5626 -0.359470 
5627 -0.359470 
5628 -0.359470 
5629 -0.359470 
5630 -0.359470 
5631 -0.359470 
5632 -0.359470 
5633 -0.359470 
5634 -0.359470 
5635 -0.148686 
5636 -0.359470 
5637 -0.359470 
5638 -0.148686 
5639 -0.148686 
5640 -0.349578 
5641 -0.349578 
5642 -0.349578 
5643 -0.349578 
5644 -0.349578 
5645 -0.349578 
5646 -0.060429 
5647 -0.060429 
5648 -0.349578 
5649 -0.060429 
5650 -0.060429 
5651 -0.359470 
5652 -0.359470 
5653 -0.359470 
5654 -0.359470 
5655 -0.359470 
5656 -0.359470 
5657 -0.359470 
5658 -0.359470 
5659 -0.359470 
5660 -0.359470 
5661 -0.359470 
5662 -0.359470 
5663 -0.359470 
5664 -0.359470 
5665 -0.359470 
5666 -0.359470 
5667 -0.359470 
5668 -0.359470 
5669 -0.359470 
5670 -0.359470 
5671 -0.359470 
5672 -0.359470 
5673 -0.359470 
5674 -0.359470 
5675 -0.359470 
5676 -0.359470 
5677 -0.349578 
5678 -0.349578 
5679 -0.349578 
5680 -0.349578 
5681 -0.349578 
5682 -0.349578 
5683 -0.060429 
5684 -0.060429 
5685 -0.060429 
5686 -0.060429 
5687 -0.349578 
5688 -0.349578 
5689 -0.349578 
5690 -0.349578 
5691 -0.359470 
5692 -0.233039 
5693 -0.233039 
5694 -0.359470 
5695 -0.233039 
5696 -0.359470 
5697 0.208828 
5698 -0.359470 
5699 -0.359470 
5700 -0.359470 
5701 -0.359470 
5702 -0.359470 
5703 -0.359470 
5704 -0.359470 
5705 -0.359470 
5706 -0.359470 
5707 -0.359470 
5708 -0.359470 
5709 -0.359470 
5710 -0.359470 
5711 -0.359470 
5712 -0.359470 
5713 -0.359470 
5714 -0.349578 
5715 -0.349578 
5716 -0.349578 
5717 -0.349578 
5718 -0.349578 
5719 -0.349578 
5720 -0.349578 
5721 -0.349578 
5722 -0.349578 
5723 -0.349578 
5724 -0.349578 
5725 -0.349578 
5726 -0.349578 
5727 -0.349578 
5728 -0.349578 
5729 -0.233039 
5730 -0.233039 
5731 -0.233039 
5732 -0.233039 
5733 -0.233039 
5734 -0.233039 
5735 -0.233039 
5736 -0.233039 
5737 -0.233039 
5738 -0.233039 
5739 -0.233039 
5740 -0.359470 
5741 -0.233039 
5742 -0.233039 
5743 -0.359470 
5744 -0.233039 
5745 -0.233039 
5746 -0.359470 
5747 -0.359470 
5748 -0.359470 
5749 -0.359470 
5750 -0.359470 
5751 -0.349578 
5752 -0.349578 
5753 -0.349578 
5754 -0.349578 
5755 -0.349578 
5756 -0.349578 
5757 -0.349578 
5758 -0.349578 
5759 -0.349578 
5760 -0.349578 
5761 -0.349578 
5762 -0.349578 
5763 -0.349578 
5764 -0.349578 
5765 -0.349578 
5766 -0.233039 
5767 -0.233039 
5768 -0.233039 
5769 -0.233039 
5770 -0.233039 
5771 -0.233039 
5772 -0.233039 
5773 -0.233039 
5774 -0.233039 
5775 -0.233039 
5776 -0.233039 
5777 -0.233039 
5778 -0.233039 
5779 -0.233039 
5780 -0.233039 
5781 -0.233039 
5782 -0.233039 
5783 -0.325038 
5784 -0.359470 
5785 -0.359470 
5786 -0.325038 
5787 -0.325038 
5788 -0.349578 
5789 -0.349578 
5790 -0.349578 
5791 -0.349578 
5792 -0.349578 
5793 -0.349578 
5794 -0.349578 
5795 -0.349578 
5796 -0.349578 
5797 -0.349578 
5798 -0.349578 
5799 -0.349578 
5800 -0.349578 
5801 -0.349578 
5802 -0.349578 
5803 -0.233039 
5804 -0.233039 
5805 -0.233039 
5806 -0.233039 
5807 -0.233039 
5808 -0.233039 
5809 -0.233039 
5810 -0.233039 
5811 -0.233039 
5812 -0.233039 
5813 -0.233039 
5814 -0.233039 
5815 -0.233039 
5816 -0.233039 
5817 -0.233039 
5818 -0.233039 
5819 -0.233039 
5820 -0.325038 
5821 -0.233039 
5822 -0.233039 
5823 -0.325038 
5824 -0.325038 
5825 -0.349578 
5826 -0.349578 
5827 -0.349578 
5828 -0.349578 
5829 -0.349578 
5830 -0.349578 
5831 -0.349578 
5832 -0.349578 
5833 -0.349578 
5834 -0.349578 
5835 -0.349578 
5836 -0.349578 
5837 -0.349578 
5838 -0.349578 
5839 -0.349578 
5840 -0.349578 
5841 -0.349578 
5842 0.130931 
5843 -0.233039 
5844 -0.233039 
5845 -0.233039 
5846 -0.233039 
5847 -0.233039 
5848 -0.233039 
5849 -0.233039 
5850 -0.233039 
5851 -0.233039 
5852 -0.233039 
5853 -0.233039 
5854 -0.233039 
5855 -0.233039 
5856 -0.233039 
5857 -0.325038 
5858 -0.233039 
5859 -0.233039 
5860 -0.325038 
5861 -0.325038 
5862 -0.349578 
5863 -0.349578 
5864 -0.349578 
5865 -0.349578 
5866 -0.349578 
5867 -0.349578 
5868 -0.349578 
5869 -0.349578 
5870 -0.349578 
5871 -0.349578 
5872 -0.349578 
5873 -0.349578 
5874 -0.349578 
5875 -0.349578 
5876 -0.349578 
5877 -0.349578 
5878 -0.349578 
5879 -0.349578 
5880 -0.349578 
5881 -0.349578 
5882 -0.349578 
5883 -0.233039 
5884 -0.233039 
5885 -0.233039 
5886 -0.233039 
5887 -0.233039 
5888 -0.233039 
5889 -0.233039 
5890 -0.233039 
5891 -0.233039 
5892 -0.233039 
5893 -0.233039 
5894 0.208437 
5895 -0.233039 
5896 -0.233039 
5897 -0.325038 
5898 -0.325038 
5899 -0.349578 
5900 -0.349578 
5901 -0.349578 
5902 -0.349578 
5903 -0.349578 
5904 -0.349578 
5905 -0.349578 
5906 -0.349578 
5907 -0.349578 
5908 -0.349578 
5909 -0.349578 
5910 -0.349578 
5911 -0.349578 
5912 -0.349578 
5913 -0.349578 
5914 -0.349578 
5915 -0.349578 
5916 -0.349578 
5917 -0.349578 
5918 -0.349578 
5919 0.208437 
5920 -0.349578 
5921 -0.349578 
5922 0.208437 
5923 -0.233039 
5924 -0.233039 
5925 0.208437 
5926 -0.233039 
5927 -0.233039 
5928 0.208437 
5929 -0.233039 
5930 -0.233039 
5931 0.208437 
5932 0.208437 
5933 0.208437 
5934 0.208437 
5935 0.208437 
5936 -0.349578 
5937 -0.349578 
5938 -0.349578 
5939 -0.349578 
5940 -0.349578 
5941 -0.349578 
5942 -0.349578 
5943 -0.349578 
5944 -0.349578 
5945 -0.349578 
5946 -0.349578 
5947 -0.349578 
5948 -0.349578 
5949 -0.349578 
5950 -0.349578 
5951 -0.349578 
5952 -0.349578 
5953 -0.349578 
5954 0.208437 
5955 0.208437 
5956 0.208437 
5957 0.208437 
5958 0.208437 
5959 0.208437 
5960 0.208437 
5961 0.208437 
