39 1
0 0.167553 
1 -0.362256 
2 -0.475213 
3 -0.357443 
4 0.354721 
5 -0.456727 
6 0.038508 
7 0.114431 
8 -0.380179 
9 0.200465 
10 0.446696 
11 -0.447195 
12 0.002303 
13 0.141402 
14 0.413167 
15 0.172264 
16 -0.138915 
17 -0.377318 
18 0.150710 
19 -0.403901 
20 0.194032 
21 0.107560 
22 -0.149457 
23 0.144853 
24 -0.482489 
25 0.238671 
26 0.461902 
27 0.302842 
28 0.183778 
29 -0.239535 
30 -0.042921 
31 -0.375472 
32 0.167553 
33 -0.362256 
34 -0.475213 
35 -0.357443 
36 0.354721 
37 -0.456727 
38 0.038508 
