1446 1
0 -0.347170 
1 -0.444119 
2 -0.281397 
3 0.359916 
4 -0.017693 
5 0.234760 
6 -0.060255 
7 0.079108 
8 -0.013880 
9 -0.452513 
10 -0.061513 
11 0.073516 
12 0.326923 
13 0.234760 
14 -0.444119 
15 0.394981 
16 0.021309 
17 0.468411 
18 0.386727 
19 -0.452513 
20 -0.356518 
21 0.133817 
22 -0.452513 
23 -0.189921 
24 0.073516 
25 -0.145834 
26 -0.299046 
27 0.410985 
28 0.419498 
29 0.026868 
30 0.243063 
31 0.028982 
32 0.419498 
33 0.017906 
34 0.318906 
35 0.390848 
36 0.271243 
37 0.383070 
38 -0.395143 
39 -0.469072 
40 -0.489922 
41 -0.444119 
42 -0.444119 
43 -0.475728 
44 -0.434718 
45 0.141627 
46 -0.407239 
47 0.094212 
48 -0.395143 
49 -0.286099 
50 0.107782 
51 -0.395143 
52 0.326796 
53 0.125186 
54 0.386727 
55 -0.183604 
56 0.234760 
57 -0.434718 
58 0.107782 
59 -0.488019 
60 -0.066739 
61 -0.214171 
62 -0.251768 
63 0.419498 
64 0.021309 
65 0.243063 
66 0.342242 
67 -0.066633 
68 0.107782 
69 0.021309 
70 0.187485 
71 -0.279246 
72 0.246856 
73 0.353227 
74 0.389701 
75 -0.183604 
76 0.330872 
77 0.073516 
78 -0.161219 
79 -0.279246 
80 -0.488019 
81 -0.169674 
82 0.017347 
83 0.389701 
84 -0.479573 
85 -0.183604 
86 -0.051254 
87 0.041008 
88 -0.245373 
89 -0.356518 
90 -0.347170 
91 -0.395143 
92 -0.049606 
93 -0.434718 
94 0.246856 
95 -0.049606 
96 -0.356518 
97 0.470933 
98 0.473924 
99 -0.327351 
100 -0.100504 
101 0.440202 
102 0.130384 
103 0.089752 
104 0.117842 
105 0.010814 
106 0.030144 
107 0.383070 
108 -0.099898 
109 -0.488019 
110 -0.402373 
111 0.370089 
112 -0.169674 
113 0.353227 
114 -0.029751 
115 0.163392 
116 -0.299046 
117 0.342242 
118 0.016871 
119 0.141627 
120 0.460342 
121 -0.049606 
122 0.246856 
123 0.143538 
124 -0.407239 
125 -0.132554 
126 -0.190452 
127 -0.245373 
128 -0.214171 
129 -0.190452 
130 0.395362 
131 -0.051254 
132 0.454485 
133 0.383070 
134 0.383070 
135 -0.303584 
136 -0.271620 
137 0.125186 
138 -0.020350 
139 0.342242 
140 -0.165361 
141 0.353227 
142 -0.265653 
143 -0.214321 
144 0.243063 
145 -0.251768 
146 -0.066633 
147 -0.131265 
148 0.473924 
149 0.132822 
150 0.460358 
151 -0.132554 
152 -0.480830 
153 0.277765 
154 0.184964 
155 -0.214321 
156 -0.027564 
157 -0.049606 
158 -0.416429 
159 0.423694 
160 -0.266059 
161 -0.303584 
162 -0.136177 
163 -0.245373 
164 -0.303584 
165 0.386727 
166 0.036519 
167 0.067627 
168 0.264802 
169 0.135595 
170 -0.182535 
171 0.056431 
172 -0.279246 
173 0.413583 
174 0.163392 
175 0.259507 
176 -0.301128 
177 -0.009455 
178 0.257683 
179 0.187485 
180 0.487449 
181 -0.251768 
182 -0.060255 
183 -0.301128 
184 -0.100504 
185 0.360160 
186 0.187485 
187 -0.132554 
188 -0.266059 
189 -0.347170 
190 -0.169108 
191 -0.356518 
192 0.383070 
193 -0.100504 
194 0.431355 
195 -0.214321 
196 -0.027564 
197 -0.496448 
198 -0.496448 
199 0.398668 
200 -0.271620 
201 -0.168307 
202 0.338033 
203 0.163392 
204 0.172202 
205 -0.182535 
206 -0.214171 
207 -0.332875 
208 0.010406 
209 0.440202 
210 -0.275127 
211 -0.161967 
212 -0.423646 
213 0.244375 
214 -0.301128 
215 0.051891 
216 -0.327351 
217 -0.266059 
218 0.326796 
219 0.067627 
220 0.044257 
221 -0.058025 
222 0.131428 
223 -0.068717 
224 -0.012657 
225 0.242433 
226 -0.475728 
227 0.141627 
228 -0.032123 
229 -0.180531 
230 -0.449080 
231 -0.182535 
232 -0.136177 
233 0.133817 
234 0.393391 
235 -0.051254 
236 -0.058025 
237 0.359916 
238 0.419878 
239 -0.475728 
240 0.146640 
241 0.026868 
242 -0.477727 
243 -0.416429 
244 -0.214171 
245 -0.060255 
246 0.013450 
247 0.003146 
248 0.152843 
249 -0.066633 
250 -0.197472 
251 0.321499 
252 -0.168307 
253 0.141627 
254 -0.387320 
255 -0.325174 
256 0.234760 
257 -0.427055 
258 -0.475728 
259 0.496300 
260 -0.407239 
261 0.010906 
262 0.219085 
263 -0.294934 
264 -0.417116 
265 0.359916 
266 0.423241 
267 0.092101 
268 -0.271620 
269 -0.271620 
270 -0.248150 
271 -0.136177 
272 -0.093086 
273 -0.253552 
274 -0.437977 
275 -0.100504 
276 0.300730 
277 -0.226191 
278 -0.387320 
279 0.010552 
280 -0.036811 
281 0.252329 
282 -0.020350 
283 0.159222 
284 -0.416429 
285 -0.168307 
286 0.271243 
287 -0.012657 
288 0.067627 
289 -0.332875 
290 0.333790 
291 -0.241341 
292 -0.078112 
293 0.258967 
294 -0.327351 
295 -0.251768 
296 -0.378491 
297 0.413583 
298 0.326796 
299 0.410788 
300 -0.180531 
301 -0.388190 
302 -0.299046 
303 0.062396 
304 0.010552 
305 0.321499 
306 0.328049 
307 -0.388190 
308 -0.169108 
309 0.051700 
310 -0.169674 
311 0.010406 
312 -0.055033 
313 0.141627 
314 -0.327351 
315 -0.016657 
316 -0.019677 
317 -0.332875 
318 -0.430048 
319 -0.436436 
320 -0.496448 
321 -0.332875 
322 0.389701 
323 -0.078112 
324 0.117842 
325 0.133817 
326 -0.111922 
327 -0.169108 
328 0.410985 
329 -0.301128 
330 0.333790 
331 -0.384049 
332 -0.180531 
333 0.468411 
334 0.280355 
335 -0.347170 
336 0.010906 
337 -0.484639 
338 0.134776 
339 -0.162350 
340 0.166254 
341 -0.198423 
342 -0.496150 
343 -0.265020 
344 -0.060255 
345 0.258967 
346 0.026868 
347 -0.299046 
348 0.264003 
349 0.159222 
350 -0.066633 
351 -0.183604 
352 -0.390613 
353 -0.384049 
354 0.448920 
355 0.333314 
356 0.350379 
357 0.131428 
358 -0.012551 
359 0.026868 
360 0.070959 
361 -0.407239 
362 -0.180531 
363 0.258967 
364 -0.472940 
365 -0.364516 
366 0.423247 
367 -0.197472 
368 0.271243 
369 -0.093086 
370 0.389701 
371 0.070959 
372 0.359916 
373 -0.436436 
374 0.205925 
375 -0.367133 
376 0.010552 
377 0.359916 
378 -0.299046 
379 0.010906 
380 -0.436436 
381 0.473924 
382 0.131428 
383 0.159222 
384 -0.205319 
385 -0.031869 
386 0.133817 
387 0.321499 
388 0.092101 
389 0.389701 
390 0.133817 
391 -0.221104 
392 -0.436436 
393 -0.331281 
394 0.092101 
395 0.250847 
396 -0.299046 
397 -0.305059 
398 0.300730 
399 0.451399 
400 -0.181690 
401 -0.180531 
402 -0.078112 
403 -0.434717 
404 -0.327437 
405 -0.475728 
406 0.280355 
407 -0.303584 
408 -0.482046 
409 -0.327351 
410 -0.393235 
411 -0.400565 
412 0.050326 
413 -0.018425 
414 0.040617 
415 0.180292 
416 0.010906 
417 0.004984 
418 -0.018425 
419 -0.127604 
420 0.015724 
421 -0.393235 
422 -0.078112 
423 0.385550 
424 -0.180531 
425 0.359916 
426 -0.331796 
427 0.131428 
428 0.258967 
429 -0.475728 
430 -0.387446 
431 0.468411 
432 0.390848 
433 -0.303584 
434 0.010552 
435 0.468411 
436 -0.077249 
437 0.050326 
438 0.389701 
439 -0.250868 
440 -0.058025 
441 -0.170405 
442 -0.058025 
443 0.460342 
444 -0.020350 
445 -0.489922 
446 0.370089 
447 -0.475728 
448 0.007304 
449 0.460342 
450 0.130996 
451 0.067627 
452 0.377890 
453 -0.058025 
454 0.250847 
455 -0.393235 
456 -0.277134 
457 -0.396931 
458 -0.299046 
459 -0.364656 
460 -0.463678 
461 0.152843 
462 0.300730 
463 0.383870 
464 -0.265653 
465 0.194579 
466 0.393391 
467 0.092101 
468 0.050326 
469 -0.483078 
470 -0.104779 
471 0.040617 
472 -0.036811 
473 -0.093086 
474 -0.239526 
475 -0.138514 
476 -0.049400 
477 -0.384049 
478 0.131428 
479 0.192920 
480 -0.198423 
481 0.005960 
482 -0.101118 
483 -0.234301 
484 0.473924 
485 0.229908 
486 -0.008403 
487 -0.221173 
488 -0.375268 
489 0.350379 
490 0.021309 
491 0.022694 
492 0.131428 
493 0.404712 
494 -0.018425 
495 0.359916 
496 0.010552 
497 0.411935 
498 0.312847 
499 0.280355 
500 0.040617 
501 0.146640 
502 0.248142 
503 -0.327351 
504 -0.423646 
505 -0.332875 
506 0.131428 
507 0.131428 
508 -0.390532 
509 0.243063 
510 -0.277134 
511 -0.012657 
512 -0.430048 
513 -0.481307 
514 -0.482046 
515 0.359916 
516 0.264003 
517 -0.484669 
518 -0.402146 
519 0.180292 
520 -0.475856 
521 -0.427055 
522 -0.189772 
523 -0.044107 
524 -0.327351 
525 0.180292 
526 -0.165361 
527 0.134776 
528 0.258967 
529 -0.390532 
530 -0.303584 
531 0.089752 
532 0.447465 
533 -0.384049 
534 -0.384049 
535 0.134776 
536 -0.018425 
537 -0.331281 
538 0.056431 
539 -0.068717 
540 0.040617 
541 -0.107895 
542 -0.159727 
543 -0.355531 
544 -0.162350 
545 -0.393235 
546 0.065247 
547 0.146640 
548 -0.496237 
549 0.131428 
550 -0.058025 
551 -0.198861 
552 -0.384049 
553 -0.327437 
554 -0.020350 
555 0.295416 
556 -0.483078 
557 -0.381962 
558 -0.265653 
559 -0.214868 
560 -0.430048 
561 -0.380800 
562 -0.036811 
563 -0.487785 
564 0.390848 
565 -0.169108 
566 0.393391 
567 -0.432953 
568 0.370089 
569 -0.141423 
570 0.116994 
571 0.095775 
572 0.487941 
573 -0.479573 
574 0.193425 
575 -0.488019 
576 0.426427 
577 -0.415848 
578 -0.264448 
579 -0.214868 
580 -0.475856 
581 -0.331281 
582 -0.184819 
583 0.383070 
584 -0.378491 
585 0.326923 
586 -0.332875 
587 0.329816 
588 -0.066739 
589 0.056431 
590 0.384086 
591 0.496300 
592 -0.327437 
593 -0.482046 
594 0.390848 
595 -0.325174 
596 0.250847 
597 0.131428 
598 -0.066739 
599 0.370089 
600 0.321499 
601 0.011896 
602 -0.303584 
603 0.346374 
604 0.352906 
605 0.024029 
606 -0.487279 
607 -0.325174 
608 0.125186 
609 0.370089 
610 -0.187083 
611 0.133817 
612 0.056431 
613 0.092101 
614 0.056431 
615 -0.208974 
616 0.277765 
617 -0.198861 
618 0.107782 
619 0.413583 
620 -0.112677 
621 -0.068717 
622 0.131428 
623 0.255360 
624 -0.487279 
625 0.350379 
626 -0.214868 
627 -0.165361 
628 0.278105 
629 0.280355 
630 0.264003 
631 0.116994 
632 -0.297571 
633 0.393391 
634 -0.416429 
635 0.092101 
636 0.069289 
637 -0.351215 
638 -0.042889 
639 -0.020350 
640 0.330872 
641 0.278105 
642 -0.487279 
643 -0.126307 
644 0.095242 
645 0.274190 
646 -0.012551 
647 0.194579 
648 -0.499000 
649 -0.488952 
650 -0.198861 
651 -0.483078 
652 0.144921 
653 0.258967 
654 -0.198861 
655 -0.012551 
656 -0.202381 
657 -0.029751 
658 -0.482046 
659 0.386727 
660 -0.012551 
661 -0.224683 
662 0.274190 
663 -0.087795 
664 0.383870 
665 0.034555 
666 0.264003 
667 0.321676 
668 0.092101 
669 -0.078766 
670 -0.066739 
671 -0.434718 
672 0.213597 
673 -0.365565 
674 -0.169674 
675 -0.405580 
676 -0.241341 
677 0.120156 
678 0.246856 
679 -0.327437 
680 -0.029751 
681 0.278105 
682 0.359916 
683 -0.264448 
684 -0.169674 
685 0.384086 
686 -0.393235 
687 0.384086 
688 0.410985 
689 -0.351215 
690 -0.078766 
691 -0.018170 
692 0.250847 
693 0.334592 
694 0.010814 
695 0.015724 
696 -0.487785 
697 0.184996 
698 -0.214868 
699 0.468411 
700 0.134776 
701 0.413583 
702 -0.354515 
703 -0.075540 
704 0.342242 
705 0.194579 
706 -0.104779 
707 0.009625 
708 0.146640 
709 -0.193011 
710 0.012985 
711 0.271243 
712 -0.351215 
713 -0.221173 
714 -0.014350 
715 -0.044107 
716 0.089640 
717 -0.384049 
718 -0.019176 
719 -0.020350 
720 0.075088 
721 -0.205319 
722 0.116994 
723 0.141627 
724 -0.489468 
725 -0.277134 
726 -0.365430 
727 -0.430048 
728 -0.475856 
729 -0.327057 
730 -0.477727 
731 -0.018425 
732 0.318906 
733 -0.389835 
734 -0.477727 
735 -0.098390 
736 0.009625 
737 -0.295920 
738 0.259507 
739 0.413583 
740 -0.327351 
741 -0.482046 
742 -0.169674 
743 -0.475856 
744 0.119711 
745 0.119711 
746 0.172202 
747 -0.127055 
748 0.419180 
749 0.330872 
750 0.009625 
751 -0.044107 
752 -0.264448 
753 -0.218215 
754 0.092101 
755 0.089640 
756 -0.161967 
757 0.116994 
758 0.360160 
759 0.468411 
760 -0.301900 
761 -0.487785 
762 -0.405724 
763 -0.427055 
764 0.119711 
765 -0.214321 
766 -0.430048 
767 0.419498 
768 -0.162350 
769 0.300874 
770 0.102713 
771 0.468411 
772 0.063092 
773 0.170065 
774 -0.018084 
775 -0.469072 
776 0.130384 
777 -0.389835 
778 0.015724 
779 -0.029751 
780 -0.234301 
781 -0.301900 
782 -0.342947 
783 -0.389835 
784 -0.018425 
785 0.030582 
786 -0.012657 
787 0.314602 
788 -0.351215 
789 -0.119510 
790 0.350379 
791 -0.012551 
792 -0.161967 
793 -0.018425 
794 -0.464607 
795 0.330872 
796 0.383070 
797 0.383070 
798 0.419180 
799 0.065247 
800 0.350379 
801 -0.108156 
802 0.125186 
803 0.326796 
804 0.328049 
805 -0.481307 
806 -0.482046 
807 0.009625 
808 -0.202409 
809 0.017347 
810 0.347184 
811 0.423247 
812 0.144921 
813 0.462095 
814 0.413583 
815 -0.277134 
816 0.146640 
817 -0.104779 
818 0.360160 
819 0.056431 
820 0.007304 
821 0.130996 
822 0.370089 
823 0.326923 
824 -0.068903 
825 -0.482046 
826 0.092101 
827 -0.387320 
828 0.065247 
829 -0.487785 
830 -0.405724 
831 0.130996 
832 0.350379 
833 -0.111922 
834 -0.477727 
835 -0.248150 
836 0.398668 
837 -0.286221 
838 0.360160 
839 -0.250868 
840 0.130996 
841 -0.487785 
842 -0.205319 
843 0.360160 
844 -0.482046 
845 0.056431 
846 -0.197472 
847 -0.486184 
848 0.360160 
849 -0.012551 
850 0.417004 
851 -0.297571 
852 0.092101 
853 -0.297571 
854 -0.061513 
855 -0.329026 
856 0.333314 
857 -0.012551 
858 0.010406 
859 -0.452513 
860 -0.477727 
861 -0.141423 
862 0.350379 
863 -0.098390 
864 0.065247 
865 -0.214321 
866 0.213597 
867 0.328049 
868 0.460342 
869 0.242433 
870 -0.161967 
871 0.326923 
872 0.487449 
873 0.259507 
874 -0.239434 
875 -0.281397 
876 -0.432540 
877 -0.234301 
878 0.061844 
879 0.152843 
880 0.025654 
881 0.342242 
882 -0.012551 
883 0.350379 
884 -0.342947 
885 0.383070 
886 -0.020350 
887 -0.018084 
888 -0.012657 
889 0.411935 
890 0.370089 
891 -0.483078 
892 -0.165361 
893 -0.275257 
894 -0.066633 
895 -0.018084 
896 0.119711 
897 0.383070 
898 0.360160 
899 -0.162350 
900 0.123789 
901 0.180292 
902 -0.266059 
903 0.383070 
904 -0.481088 
905 0.487449 
906 -0.141423 
907 -0.162350 
908 0.350379 
909 0.360160 
910 -0.078766 
911 0.398668 
912 0.007304 
913 -0.169674 
914 0.295416 
915 0.194579 
916 -0.389835 
917 0.433955 
918 0.278105 
919 0.426427 
920 0.092101 
921 0.385550 
922 -0.221173 
923 -0.475856 
924 0.119711 
925 -0.159727 
926 -0.169674 
927 -0.499000 
928 0.007304 
929 -0.234301 
930 0.010406 
931 0.007304 
932 -0.008331 
933 0.447465 
934 0.370089 
935 0.123789 
936 0.433955 
937 0.383070 
938 0.119711 
939 0.051700 
940 -0.041437 
941 -0.487279 
942 -0.436734 
943 -0.325174 
944 -0.275257 
945 -0.029751 
946 -0.184020 
947 -0.487785 
948 0.225049 
949 -0.487785 
950 0.069289 
951 -0.487785 
952 -0.193011 
953 -0.098390 
954 0.030582 
955 0.051235 
956 -0.387320 
957 -0.126307 
958 -0.478705 
959 0.095775 
960 -0.141423 
961 0.030582 
962 0.487449 
963 -0.475856 
964 0.050326 
965 0.411935 
966 -0.281397 
967 0.460342 
968 0.025152 
969 -0.475856 
970 0.333790 
971 -0.205694 
972 -0.277068 
973 0.115501 
974 0.487941 
975 0.004984 
976 0.004984 
977 -0.475856 
978 -0.239434 
979 0.359309 
980 -0.218215 
981 0.312847 
982 -0.250868 
983 0.007304 
984 0.095242 
985 -0.487785 
986 0.069289 
987 -0.480029 
988 0.119711 
989 0.144921 
990 -0.014707 
991 -0.126307 
992 0.152843 
993 -0.248150 
994 0.194579 
995 -0.354515 
996 -0.430527 
997 0.213597 
998 0.155970 
999 0.007304 
1000 -0.281397 
1001 -0.162350 
1002 -0.107895 
1003 0.342242 
1004 -0.029751 
1005 -0.218215 
1006 0.255360 
1007 -0.250868 
1008 0.011896 
1009 -0.190452 
1010 0.120156 
1011 0.125186 
1012 0.478162 
1013 -0.119510 
1014 -0.342947 
1015 -0.009455 
1016 -0.478705 
1017 -0.388190 
1018 -0.482046 
1019 -0.303954 
1020 0.146640 
1021 -0.187083 
1022 0.079698 
1023 0.146640 
1024 -0.205319 
1025 0.159222 
1026 0.089752 
1027 -0.066633 
1028 -0.020350 
1029 0.146640 
1030 0.017906 
1031 0.089752 
1032 -0.012551 
1033 0.288764 
1034 0.007304 
1035 -0.160801 
1036 0.120156 
1037 0.255360 
1038 -0.327057 
1039 -0.029751 
1040 -0.018084 
1041 -0.132554 
1042 0.005960 
1043 0.037666 
1044 0.120156 
1045 -0.299046 
1046 0.069289 
1047 0.096354 
1048 -0.303584 
1049 0.380611 
1050 0.213597 
1051 0.030582 
1052 -0.375268 
1053 0.010906 
1054 0.123789 
1055 0.163392 
1056 -0.119510 
1057 -0.475728 
1058 0.447465 
1059 0.125186 
1060 0.244375 
1061 -0.475856 
1062 0.426427 
1063 0.411935 
1064 -0.250868 
1065 -0.300012 
1066 -0.354515 
1067 0.303542 
1068 -0.281397 
1069 0.353227 
1070 -0.305218 
1071 0.051700 
1072 -0.397899 
1073 0.094212 
1074 0.209074 
1075 -0.391045 
1076 0.352906 
1077 -0.279246 
1078 0.300874 
1079 0.370089 
1080 -0.328915 
1081 0.384086 
1082 0.300874 
1083 -0.234301 
1084 -0.261916 
1085 0.123789 
1086 -0.184819 
1087 0.125186 
1088 0.433955 
1089 -0.478705 
1090 0.116994 
1091 -0.202381 
1092 -0.387320 
1093 -0.167566 
1094 -0.100791 
1095 0.096354 
1096 0.359309 
1097 -0.388190 
1098 0.383870 
1099 0.069289 
1100 0.011896 
1101 0.025152 
1102 -0.160801 
1103 -0.328915 
1104 0.321499 
1105 0.170065 
1106 0.411935 
1107 0.255360 
1108 0.419180 
1109 0.034555 
1110 0.120156 
1111 -0.214868 
1112 0.333790 
1113 0.328049 
1114 -0.475728 
1115 0.436084 
1116 -0.018170 
1117 0.131428 
1118 0.010552 
1119 -0.018170 
1120 0.120156 
1121 0.184051 
1122 0.065247 
1123 -0.250868 
1124 -0.245979 
1125 0.271362 
1126 -0.066633 
1127 -0.187083 
1128 0.011896 
1129 -0.496150 
1130 -0.103155 
1131 -0.237476 
1132 0.123789 
1133 -0.082684 
1134 0.433955 
1135 -0.144370 
1136 -0.018170 
1137 -0.008331 
1138 -0.245373 
1139 -0.231969 
1140 0.017347 
1141 0.152843 
1142 0.120156 
1143 0.299751 
1144 0.300730 
1145 -0.294934 
1146 -0.281397 
1147 0.352906 
1148 0.460358 
1149 0.269473 
1150 -0.098390 
1151 0.125186 
1152 -0.012296 
1153 -0.482046 
1154 0.172202 
1155 -0.160801 
1156 0.370089 
1157 -0.182535 
1158 -0.012296 
1159 -0.294934 
1160 -0.354515 
1161 0.187485 
1162 0.295416 
1163 0.328049 
1164 0.447465 
1165 0.295416 
1166 -0.202381 
1167 -0.475856 
1168 -0.294934 
1169 0.144728 
1170 -0.393235 
1171 -0.180531 
1172 0.300874 
1173 0.288764 
1174 -0.041437 
1175 -0.476371 
1176 0.155970 
1177 -0.464607 
1178 0.146640 
1179 -0.202381 
1180 -0.122181 
1181 0.010406 
1182 0.352906 
1183 -0.403388 
1184 -0.469967 
1185 -0.364656 
1186 0.152843 
1187 -0.197472 
1188 0.116994 
1189 0.073516 
1190 -0.483078 
1191 0.460342 
1192 0.152843 
1193 -0.281397 
1194 0.333790 
1195 -0.354515 
1196 0.413583 
1197 0.370089 
1198 -0.328915 
1199 -0.329026 
1200 0.068943 
1201 -0.427055 
1202 0.095775 
1203 -0.275257 
1204 -0.342947 
1205 0.144728 
1206 0.015724 
1207 0.252329 
1208 -0.478705 
1209 0.119711 
1210 -0.454331 
1211 -0.375268 
1212 0.007304 
1213 -0.496448 
1214 0.010906 
1215 -0.093086 
1216 -0.029751 
1217 -0.098390 
1218 0.385550 
1219 -0.205694 
1220 -0.224683 
1221 -0.170405 
1222 0.359309 
1223 -0.478705 
1224 0.359309 
1225 0.460342 
1226 0.338033 
1227 0.116994 
1228 -0.375268 
1229 0.155970 
1230 0.394981 
1231 -0.051254 
1232 0.051700 
1233 0.413583 
1234 -0.329026 
1235 -0.159727 
1236 0.229908 
1237 0.119711 
1238 0.347184 
1239 -0.066633 
1240 -0.098390 
1241 -0.078766 
1242 0.102713 
1243 -0.012296 
1244 0.271243 
1245 -0.328915 
1246 0.037666 
1247 0.487941 
1248 -0.325174 
1249 -0.022041 
1250 0.152843 
1251 0.120679 
1252 -0.482046 
1253 0.321676 
1254 0.155970 
1255 -0.190452 
1256 0.244375 
1257 0.383870 
1258 0.007304 
1259 0.125186 
1260 0.007304 
1261 0.184051 
1262 0.144728 
1263 0.194579 
1264 -0.248150 
1265 0.050326 
1266 -0.423646 
1267 0.338033 
1268 -0.126307 
1269 0.398668 
1270 -0.423646 
1271 0.095242 
1272 -0.475856 
1273 -0.224683 
1274 -0.303954 
1275 -0.234301 
1276 -0.325174 
1277 0.017347 
1278 0.004984 
1279 0.092101 
1280 0.312847 
1281 0.468411 
1282 0.338033 
1283 -0.483078 
1284 -0.483078 
1285 -0.482046 
1286 0.126985 
1287 0.144728 
1288 -0.246035 
1289 -0.230266 
1290 -0.465812 
1291 -0.036811 
1292 -0.262915 
1293 -0.187621 
1294 -0.234301 
1295 0.120156 
1296 0.269473 
1297 0.269473 
1298 -0.354515 
1299 0.295416 
1300 0.069289 
1301 -0.107895 
1302 -0.423646 
1303 -0.427055 
1304 -0.044107 
1305 0.329816 
1306 -0.012296 
1307 0.338033 
1308 -0.098390 
1309 0.025168 
1310 -0.205694 
1311 -0.464607 
1312 0.152843 
1313 0.312847 
1314 0.093850 
1315 0.065247 
1316 -0.399901 
1317 -0.234301 
1318 -0.496448 
1319 0.068943 
1320 0.487449 
1321 0.172202 
1322 -0.388190 
1323 -0.193011 
1324 -0.483078 
1325 0.347184 
1326 0.385550 
1327 0.460358 
1328 -0.009801 
1329 -0.068594 
1330 -0.104779 
1331 -0.464607 
1332 -0.425591 
1333 -0.425591 
1334 -0.423646 
1335 0.096925 
1336 -0.423646 
1337 -0.231969 
1338 0.069289 
1339 0.102713 
1340 -0.464607 
1341 0.004984 
1342 -0.489468 
1343 0.136578 
1344 -0.087795 
1345 -0.245979 
1346 -0.405580 
1347 -0.397899 
1348 -0.477727 
1349 -0.423646 
1350 -0.265653 
1351 0.460342 
1352 -0.489468 
1353 -0.098390 
1354 -0.425591 
1355 0.413583 
1356 0.068943 
1357 0.338033 
1358 -0.018170 
1359 -0.387320 
1360 -0.354515 
1361 -0.354515 
1362 0.094212 
1363 -0.325174 
1364 -0.432953 
1365 0.022694 
1366 0.056431 
1367 -0.264448 
1368 -0.214321 
1369 -0.489922 
1370 -0.234301 
1371 -0.112677 
1372 -0.430048 
1373 -0.250868 
1374 -0.430048 
1375 0.234958 
1376 -0.427055 
1377 0.063092 
1378 -0.396931 
1379 -0.327351 
1380 0.468411 
1381 -0.205694 
1382 -0.184819 
1383 -0.214321 
1384 -0.018425 
1385 -0.168307 
1386 -0.160801 
1387 -0.465812 
1388 -0.365565 
1389 0.120156 
1390 0.353615 
1391 0.015724 
1392 0.333790 
1393 -0.098390 
1394 0.221362 
1395 -0.202381 
1396 -0.136177 
1397 -0.213339 
1398 0.358855 
1399 0.172202 
1400 -0.068717 
1401 -0.384049 
1402 0.221293 
1403 -0.193011 
1404 -0.430048 
1405 -0.107895 
1406 -0.325174 
1407 0.269473 
1408 -0.436734 
1409 0.259507 
1410 0.017347 
1411 0.144921 
1412 0.007304 
1413 0.056710 
1414 0.152843 
1415 0.184051 
1416 0.326923 
1417 -0.475856 
1418 0.063092 
1419 0.347184 
1420 -0.224683 
1421 0.050326 
1422 -0.202381 
1423 0.056431 
1424 0.015724 
1425 0.271243 
1426 -0.432540 
1427 -0.354515 
1428 -0.214321 
1429 0.174823 
1430 0.370089 
1431 0.116994 
1432 -0.058025 
1433 -0.489468 
1434 -0.281397 
1435 0.440202 
1436 -0.162350 
1437 -0.187083 
1438 -0.331281 
1439 0.334592 
1440 -0.221173 
1441 -0.202381 
1442 -0.297571 
1443 -0.032123 
1444 0.321499 
1445 -0.119510 
