3031 1
0 0.141492 
1 0.441732 
2 0.372360 
3 -0.283932 
4 0.303212 
5 0.025101 
6 0.218681 
7 -0.037184 
8 0.138944 
9 -0.327961 
10 0.014252 
11 -0.130241 
12 -0.316818 
13 -0.130241 
14 -0.130241 
15 -0.130241 
16 0.357393 
17 0.273219 
18 0.416400 
19 -0.428830 
20 -0.119373 
21 -0.183803 
22 -0.287976 
23 -0.407068 
24 0.398050 
25 0.260670 
26 -0.069402 
27 -0.356454 
28 0.206744 
29 0.144097 
30 0.191045 
31 -0.130241 
32 -0.130241 
33 -0.130241 
34 0.001367 
35 0.210565 
36 -0.140805 
37 -0.463270 
38 0.467917 
39 0.207690 
40 -0.381709 
41 -0.456395 
42 -0.290998 
43 -0.375604 
44 -0.296476 
45 -0.206624 
46 0.101051 
47 0.495589 
48 0.361854 
49 0.410894 
50 -0.406394 
51 -0.225432 
52 -0.125047 
53 0.356713 
54 0.448756 
55 0.077597 
56 -0.485578 
57 -0.283173 
58 0.074554 
59 -0.400396 
60 0.203712 
61 0.179595 
62 0.112009 
63 -0.180163 
64 0.203404 
65 0.484863 
66 -0.097009 
67 -0.130241 
68 0.023438 
69 -0.283173 
70 0.468141 
71 0.357393 
72 0.201433 
73 -0.294359 
74 -0.264640 
75 -0.137633 
76 -0.347323 
77 0.000134 
78 -0.483623 
79 0.113993 
80 -0.348570 
81 0.268105 
82 -0.286991 
83 0.094045 
84 -0.269203 
85 0.142748 
86 -0.467535 
87 -0.433675 
88 0.302435 
89 0.372360 
90 0.273219 
91 0.273219 
92 -0.212498 
93 0.273219 
94 0.273219 
95 0.273219 
96 0.273219 
97 0.273219 
98 0.273219 
99 0.273219 
100 0.273219 
101 0.273219 
102 0.273219 
103 -0.137633 
104 0.315457 
105 0.291369 
106 -0.397611 
107 0.413332 
108 0.273219 
109 0.273219 
110 0.273219 
111 0.273219 
112 0.273219 
113 0.273219 
114 0.273219 
115 0.273219 
116 0.273219 
117 -0.051147 
118 -0.479578 
119 -0.125491 
120 -0.008937 
121 -0.295133 
122 -0.060056 
123 -0.447542 
124 -0.479578 
125 -0.333200 
126 -0.362083 
127 -0.308675 
128 0.212050 
129 0.393272 
130 -0.057496 
131 -0.421266 
132 -0.286825 
133 0.075497 
134 -0.369668 
135 0.334411 
136 0.273219 
137 -0.051147 
138 -0.125491 
139 -0.008937 
140 -0.295133 
141 -0.060056 
142 -0.333200 
143 -0.362083 
144 -0.308675 
145 0.212050 
146 -0.318360 
147 0.264052 
148 -0.316818 
149 -0.449919 
150 -0.399737 
151 -0.142482 
152 0.308295 
153 -0.240809 
154 -0.047141 
155 -0.389786 
156 -0.231860 
157 0.016657 
158 -0.008667 
159 0.024553 
160 0.431883 
161 0.210330 
162 0.413580 
163 0.413580 
164 -0.389786 
165 0.196724 
166 -0.413006 
167 -0.070622 
168 -0.273375 
169 0.302435 
170 0.245579 
171 -0.019092 
172 -0.212498 
173 -0.389786 
174 0.067779 
175 -0.207926 
176 0.255433 
177 0.331916 
178 0.399204 
179 -0.234772 
180 0.152932 
181 0.266051 
182 -0.198217 
183 0.021427 
184 0.331292 
185 0.112917 
186 0.481656 
187 0.380469 
188 -0.377224 
189 -0.231460 
190 0.036949 
191 0.203369 
192 -0.466584 
193 -0.289604 
194 0.116275 
195 -0.120867 
196 0.293809 
197 -0.399944 
198 0.310132 
199 0.287897 
200 -0.241333 
201 0.203634 
202 0.148434 
203 0.102588 
204 -0.046198 
205 0.130500 
206 0.080136 
207 -0.327459 
208 0.200314 
209 0.167782 
210 0.054302 
211 0.054302 
212 0.302754 
213 0.302754 
214 0.302754 
215 0.302754 
216 0.302754 
217 0.302754 
218 0.302754 
219 0.302754 
220 0.302754 
221 0.302754 
222 0.302754 
223 0.302754 
224 0.302754 
225 0.302754 
226 0.302754 
227 0.302754 
228 0.302754 
229 -0.433675 
230 0.229105 
231 -0.433675 
232 -0.433675 
233 -0.433675 
234 -0.389786 
235 -0.066697 
236 0.474789 
237 -0.316818 
238 -0.432307 
239 -0.432307 
240 -0.019092 
241 -0.400396 
242 0.398416 
243 -0.342280 
244 -0.276061 
245 0.059176 
246 -0.350301 
247 -0.055243 
248 0.169867 
249 -0.498516 
250 -0.311418 
251 -0.414350 
252 0.141594 
253 0.373506 
254 0.299144 
255 0.059118 
256 -0.107795 
257 0.328737 
258 -0.414466 
259 0.023073 
260 0.262260 
261 0.384364 
262 -0.244737 
263 -0.026299 
264 0.407155 
265 -0.275842 
266 -0.042391 
267 -0.283597 
268 0.117649 
269 -0.339569 
270 -0.497089 
271 0.101222 
272 0.249685 
273 -0.316818 
274 -0.387151 
275 -0.324357 
276 -0.333865 
277 0.278311 
278 -0.376812 
279 0.016776 
280 -0.303295 
281 -0.467241 
282 -0.254904 
283 0.331062 
284 -0.497089 
285 -0.339569 
286 -0.377664 
287 0.224041 
288 -0.155034 
289 0.023438 
290 -0.283173 
291 -0.283173 
292 0.468141 
293 0.357393 
294 0.201433 
295 0.201433 
296 0.201433 
297 0.201433 
298 0.201433 
299 0.201433 
300 0.201433 
301 0.120807 
302 -0.231860 
303 -0.231860 
304 -0.137633 
305 -0.280435 
306 -0.231860 
307 0.357393 
308 -0.483623 
309 0.229352 
310 0.357393 
311 0.357393 
312 0.062303 
313 0.268105 
314 0.273219 
315 0.073291 
316 -0.438765 
317 0.357393 
318 0.413580 
319 -0.363213 
320 0.357393 
321 0.273219 
322 0.142748 
323 0.273219 
324 0.273219 
325 0.273219 
326 -0.433675 
327 0.302435 
328 0.372360 
329 0.273219 
330 0.273219 
331 -0.461865 
332 -0.212498 
333 0.273219 
334 0.273219 
335 0.273219 
336 0.273219 
337 0.273219 
338 0.273219 
339 0.273219 
340 0.273219 
341 0.273219 
342 0.273219 
343 -0.137633 
344 0.315457 
345 0.315457 
346 0.291369 
347 -0.397611 
348 0.273219 
349 0.273219 
350 0.273219 
351 0.273219 
352 0.273219 
353 0.273219 
354 0.273219 
355 0.273219 
356 0.273219 
357 0.273219 
358 -0.051147 
359 0.264052 
360 -0.125491 
361 -0.008937 
362 -0.295133 
363 -0.060056 
364 -0.447542 
365 -0.479578 
366 -0.333200 
367 -0.362083 
368 -0.308675 
369 0.212050 
370 0.393272 
371 -0.057496 
372 -0.421266 
373 -0.286825 
374 0.075497 
375 -0.369668 
376 0.334411 
377 0.273219 
378 -0.051147 
379 -0.125491 
380 -0.008937 
381 -0.295133 
382 -0.060056 
383 -0.333200 
384 -0.362083 
385 -0.308675 
386 0.212050 
387 -0.318360 
388 -0.318360 
389 0.264052 
390 -0.316818 
391 0.379195 
392 0.141133 
393 0.245839 
394 -0.449919 
395 -0.093146 
396 0.331637 
397 -0.026843 
398 0.048484 
399 -0.124392 
400 0.268105 
401 -0.231860 
402 -0.231860 
403 -0.231860 
404 -0.389786 
405 -0.389786 
406 -0.389786 
407 -0.389786 
408 -0.389786 
409 -0.389786 
410 -0.389786 
411 -0.231860 
412 0.016657 
413 -0.008667 
414 0.024553 
415 0.024553 
416 0.024553 
417 0.024553 
418 0.431883 
419 0.264052 
420 0.413580 
421 0.413580 
422 -0.389786 
423 -0.389786 
424 -0.389786 
425 -0.389786 
426 -0.389786 
427 -0.389786 
428 -0.389786 
429 -0.389786 
430 -0.276061 
431 -0.276061 
432 -0.276061 
433 -0.276061 
434 -0.276061 
435 -0.276061 
436 -0.276061 
437 -0.389786 
438 -0.389786 
439 0.196724 
440 0.196724 
441 0.196724 
442 0.196724 
443 0.196724 
444 0.196724 
445 0.196724 
446 0.196724 
447 0.196724 
448 0.196724 
449 0.196724 
450 0.196724 
451 0.196724 
452 0.196724 
453 0.196724 
454 -0.389786 
455 -0.389786 
456 -0.389786 
457 -0.413006 
458 -0.413006 
459 -0.413006 
460 -0.413006 
461 -0.413006 
462 -0.413006 
463 -0.231860 
464 -0.231860 
465 -0.231860 
466 -0.231860 
467 -0.231860 
468 -0.231860 
469 0.380469 
470 0.380469 
471 0.380469 
472 0.380469 
473 0.380469 
474 0.351370 
475 0.351370 
476 0.351370 
477 -0.263129 
478 -0.263129 
479 -0.263129 
480 -0.263129 
481 -0.107086 
482 -0.107086 
483 -0.107086 
484 -0.107086 
485 0.456792 
486 0.456792 
487 0.456792 
488 0.456792 
489 -0.089475 
490 -0.089475 
491 -0.089475 
492 -0.089475 
493 -0.178066 
494 -0.178066 
495 -0.178066 
496 -0.178066 
497 0.314027 
498 0.314027 
499 0.314027 
500 0.314027 
501 0.144424 
502 0.144424 
503 0.144424 
504 0.144424 
505 0.144424 
506 -0.069402 
507 -0.069402 
508 -0.069402 
509 -0.413006 
510 -0.389786 
511 -0.389786 
512 -0.389786 
513 -0.389786 
514 -0.389786 
515 -0.070622 
516 -0.070622 
517 -0.070622 
518 -0.070622 
519 -0.070622 
520 -0.070622 
521 -0.474695 
522 -0.474695 
523 -0.474695 
524 -0.474695 
525 0.420495 
526 0.420495 
527 0.420495 
528 0.420495 
529 0.316336 
530 0.316336 
531 0.316336 
532 0.316336 
533 0.372360 
534 0.372360 
535 0.372360 
536 0.372360 
537 0.372360 
538 0.372360 
539 -0.212498 
540 -0.212498 
541 -0.212498 
542 -0.212498 
543 -0.137633 
544 -0.137633 
545 -0.137633 
546 -0.137633 
547 -0.356454 
548 -0.356454 
549 -0.070622 
550 -0.389786 
551 -0.273375 
552 -0.273375 
553 -0.273375 
554 -0.273375 
555 -0.273375 
556 -0.273375 
557 -0.273375 
558 -0.273375 
559 -0.273375 
560 -0.273375 
561 -0.273375 
562 -0.273375 
563 -0.273375 
564 -0.273375 
565 -0.273375 
566 -0.273375 
567 -0.273375 
568 -0.273375 
569 -0.273375 
570 -0.273375 
571 -0.273375 
572 -0.273375 
573 -0.273375 
574 -0.273375 
575 -0.273375 
576 -0.273375 
577 -0.273375 
578 -0.273375 
579 -0.273375 
580 -0.273375 
581 -0.273375 
582 -0.273375 
583 -0.273375 
584 -0.273375 
585 -0.273375 
586 -0.273375 
587 -0.273375 
588 -0.273375 
589 -0.273375 
590 -0.273375 
591 -0.273375 
592 -0.273375 
593 -0.273375 
594 -0.273375 
595 -0.273375 
596 -0.273375 
597 -0.273375 
598 -0.273375 
599 -0.273375 
600 -0.273375 
601 -0.273375 
602 0.302435 
603 0.302435 
604 0.302435 
605 0.302435 
606 0.302435 
607 0.302435 
608 -0.245768 
609 -0.245768 
610 -0.245768 
611 -0.245768 
612 -0.245768 
613 -0.245768 
614 -0.039530 
615 -0.039530 
616 -0.039530 
617 -0.039530 
618 -0.039530 
619 -0.039530 
620 -0.039530 
621 0.057062 
622 0.057062 
623 0.057062 
624 0.057062 
625 0.330895 
626 0.330895 
627 0.330895 
628 0.330895 
629 0.022179 
630 0.022179 
631 0.022179 
632 0.022179 
633 0.022179 
634 0.302435 
635 0.245579 
636 0.245579 
637 0.245579 
638 0.245579 
639 0.245579 
640 0.245579 
641 -0.217570 
642 -0.217570 
643 -0.217570 
644 -0.217570 
645 -0.217570 
646 -0.217570 
647 -0.105667 
648 -0.105667 
649 -0.105667 
650 -0.105667 
651 -0.105667 
652 0.432442 
653 0.432442 
654 0.432442 
655 0.115378 
656 0.115378 
657 0.115378 
658 0.115378 
659 -0.239625 
660 -0.239625 
661 -0.239625 
662 -0.239625 
663 0.308835 
664 0.308835 
665 0.308835 
666 0.308835 
667 -0.174181 
668 -0.174181 
669 -0.174181 
670 -0.174181 
671 -0.413322 
672 -0.413322 
673 -0.413322 
674 -0.413322 
675 -0.413322 
676 -0.413322 
677 -0.345758 
678 -0.345758 
679 -0.345758 
680 -0.345758 
681 0.054976 
682 0.054976 
683 0.054976 
684 0.054976 
685 0.245579 
686 -0.389786 
687 -0.019092 
688 -0.019092 
689 -0.019092 
690 -0.019092 
691 -0.019092 
692 -0.019092 
693 -0.466584 
694 -0.466584 
695 -0.466584 
696 -0.466584 
697 -0.466584 
698 -0.350301 
699 -0.350301 
700 -0.350301 
701 -0.350301 
702 -0.055243 
703 -0.055243 
704 -0.055243 
705 -0.055243 
706 0.169867 
707 0.169867 
708 0.169867 
709 0.169867 
710 0.169867 
711 -0.019092 
712 -0.389786 
713 -0.389786 
714 -0.318360 
715 -0.389786 
716 -0.389786 
717 -0.389786 
718 -0.212498 
719 -0.212498 
720 -0.212498 
721 -0.212498 
722 -0.212498 
723 -0.212498 
724 -0.134936 
725 -0.134936 
726 0.054976 
727 0.054976 
728 0.054976 
729 0.054976 
730 0.054976 
731 0.054976 
732 -0.132075 
733 -0.132075 
734 -0.132075 
735 -0.132075 
736 0.183578 
737 0.183578 
738 0.183578 
739 0.183578 
740 0.174342 
741 0.174342 
742 0.174342 
743 0.174342 
744 -0.212498 
745 -0.389786 
746 -0.389786 
747 -0.389786 
748 -0.389786 
749 -0.389786 
750 -0.389786 
751 -0.004622 
752 -0.004622 
753 -0.004622 
754 -0.389786 
755 -0.389786 
756 0.067779 
757 0.067779 
758 0.067779 
759 0.067779 
760 0.067779 
761 0.067779 
762 -0.413286 
763 -0.413286 
764 -0.413286 
765 -0.304028 
766 -0.304028 
767 -0.304028 
768 -0.456134 
769 -0.456134 
770 -0.456134 
771 -0.285343 
772 -0.285343 
773 -0.285343 
774 -0.285343 
775 0.457038 
776 0.457038 
777 0.457038 
778 0.457038 
779 0.365968 
780 0.365968 
781 0.365968 
782 0.365968 
783 -0.194960 
784 -0.194960 
785 -0.194960 
786 -0.194960 
787 -0.381800 
788 -0.381800 
789 -0.381800 
790 -0.381800 
791 -0.288142 
792 -0.288142 
793 -0.288142 
794 -0.288142 
795 0.180493 
796 0.180493 
797 -0.009541 
798 -0.009541 
799 -0.009541 
800 -0.009541 
801 -0.009541 
802 -0.009541 
803 -0.009541 
804 -0.250291 
805 -0.250291 
806 0.454699 
807 0.454699 
808 0.454699 
809 0.454699 
810 0.454699 
811 0.067779 
812 -0.207926 
813 -0.207926 
814 -0.207926 
815 -0.207926 
816 -0.207926 
817 -0.207926 
818 -0.207926 
819 -0.207926 
820 -0.207926 
821 -0.207926 
822 -0.207926 
823 -0.207926 
824 -0.207926 
825 -0.207926 
826 -0.207926 
827 -0.207926 
828 -0.207926 
829 -0.207926 
830 -0.207926 
831 -0.207926 
832 -0.207926 
833 -0.207926 
834 -0.207926 
835 -0.207926 
836 -0.207926 
837 -0.207926 
838 -0.207926 
839 -0.207926 
840 -0.207926 
841 0.320519 
842 0.320519 
843 0.320519 
844 0.320519 
845 -0.207926 
846 -0.207926 
847 -0.207926 
848 -0.207926 
849 -0.207926 
850 -0.207926 
851 -0.207926 
852 -0.207926 
853 -0.207926 
854 -0.207926 
855 -0.207926 
856 -0.207926 
857 -0.207926 
858 -0.207926 
859 -0.207926 
860 -0.207926 
861 -0.207926 
862 -0.207926 
863 -0.389786 
864 -0.389786 
865 -0.389786 
866 -0.389786 
867 -0.389786 
868 -0.389786 
869 -0.389786 
870 -0.389786 
871 -0.389786 
872 0.255433 
873 0.255433 
874 0.255433 
875 0.255433 
876 0.255433 
877 0.255433 
878 0.072566 
879 0.072566 
880 0.072566 
881 0.072566 
882 0.043791 
883 0.043791 
884 0.043791 
885 0.043791 
886 -0.286650 
887 -0.286650 
888 -0.286650 
889 -0.286650 
890 0.053267 
891 0.053267 
892 0.255433 
893 0.255433 
894 0.255433 
895 0.255433 
896 0.255433 
897 0.255433 
898 0.255433 
899 0.255433 
900 0.255433 
901 0.255433 
902 0.255433 
903 0.255433 
904 0.255433 
905 0.255433 
906 0.255433 
907 0.255433 
908 0.331057 
909 0.331057 
910 0.331057 
911 0.331057 
912 0.331057 
913 0.331057 
914 0.331057 
915 -0.098416 
916 -0.098416 
917 -0.098416 
918 -0.098416 
919 -0.203256 
920 -0.203256 
921 -0.203256 
922 -0.203256 
923 0.165050 
924 0.165050 
925 -0.287976 
926 -0.287976 
927 -0.287976 
928 -0.287976 
929 -0.287976 
930 0.255433 
931 -0.389786 
932 -0.325832 
933 0.331916 
934 0.331916 
935 0.331916 
936 0.331916 
937 0.331916 
938 0.331916 
939 -0.407068 
940 -0.407068 
941 -0.407068 
942 -0.407068 
943 0.365608 
944 0.365608 
945 -0.218905 
946 -0.218905 
947 -0.218905 
948 -0.218905 
949 -0.218905 
950 -0.218905 
951 0.006284 
952 0.006284 
953 0.006284 
954 0.006284 
955 -0.289850 
956 -0.289850 
957 -0.289850 
958 -0.289850 
959 0.320150 
960 0.320150 
961 0.320150 
962 0.320150 
963 -0.149134 
964 -0.149134 
965 -0.149134 
966 -0.149134 
967 0.443495 
968 0.443495 
969 0.443495 
970 0.443495 
971 0.115104 
972 0.115104 
973 0.115104 
974 0.115104 
975 -0.480282 
976 -0.480282 
977 -0.480282 
978 -0.480282 
979 -0.480282 
980 0.476107 
981 0.476107 
982 -0.435303 
983 -0.435303 
984 0.331916 
985 0.399204 
986 0.399204 
987 0.399204 
988 0.399204 
989 0.399204 
990 0.399204 
991 0.344173 
992 0.344173 
993 0.344173 
994 0.136165 
995 0.136165 
996 0.136165 
997 0.136165 
998 0.436801 
999 0.436801 
1000 0.436801 
1001 0.436801 
1002 -0.426621 
1003 -0.426621 
1004 -0.426621 
1005 -0.426621 
1006 0.489871 
1007 0.489871 
1008 -0.069183 
1009 -0.069183 
1010 -0.069183 
1011 -0.069183 
1012 -0.069183 
1013 -0.069183 
1014 -0.069183 
1015 0.142748 
1016 0.142748 
1017 0.142748 
1018 -0.433675 
1019 -0.433675 
1020 -0.433675 
1021 -0.433675 
1022 0.302435 
1023 0.302435 
1024 0.302435 
1025 0.302435 
1026 0.025101 
1027 0.025101 
1028 0.025101 
1029 0.025101 
1030 0.025101 
1031 0.025101 
1032 0.218681 
1033 0.218681 
1034 0.218681 
1035 0.218681 
1036 0.218681 
1037 0.399204 
1038 -0.234772 
1039 -0.234772 
1040 -0.234772 
1041 -0.234772 
1042 -0.234772 
1043 -0.234772 
1044 -0.037184 
1045 -0.037184 
1046 -0.037184 
1047 -0.037184 
1048 -0.037184 
1049 -0.037184 
1050 0.192534 
1051 0.192534 
1052 0.192534 
1053 -0.107795 
1054 -0.107795 
1055 -0.107795 
1056 -0.107795 
1057 0.249685 
1058 0.249685 
1059 0.249685 
1060 0.249685 
1061 -0.387151 
1062 -0.387151 
1063 -0.387151 
1064 -0.387151 
1065 -0.377664 
1066 -0.377664 
1067 -0.377664 
1068 -0.377664 
1069 0.224041 
1070 0.224041 
1071 0.224041 
1072 0.224041 
1073 -0.155034 
1074 -0.155034 
1075 -0.155034 
1076 -0.155034 
1077 -0.382638 
1078 -0.382638 
1079 -0.382638 
1080 -0.382638 
1081 -0.382638 
1082 -0.382638 
1083 -0.480890 
1084 -0.480890 
1085 -0.480890 
1086 -0.480890 
1087 -0.480890 
1088 -0.234772 
1089 -0.185268 
1090 0.104560 
1091 0.152932 
1092 0.152932 
1093 0.152932 
1094 0.152932 
1095 0.152932 
1096 0.152932 
1097 0.278872 
1098 0.278872 
1099 0.278872 
1100 0.278872 
1101 0.278872 
1102 0.102300 
1103 0.102300 
1104 0.102300 
1105 0.102300 
1106 0.342782 
1107 0.342782 
1108 0.342782 
1109 0.342782 
1110 0.329696 
1111 0.329696 
1112 0.329696 
1113 0.329696 
1114 -0.445858 
1115 -0.445858 
1116 -0.090391 
1117 -0.090391 
1118 -0.090391 
1119 -0.090391 
1120 -0.090391 
1121 -0.090391 
1122 -0.090391 
1123 -0.353991 
1124 -0.353991 
1125 -0.353991 
1126 -0.353991 
1127 -0.421818 
1128 -0.421818 
1129 -0.421818 
1130 -0.421818 
1131 0.312431 
1132 0.312431 
1133 0.312431 
1134 0.312431 
1135 0.312431 
1136 0.152932 
1137 0.266051 
1138 0.266051 
1139 0.266051 
1140 0.266051 
1141 0.266051 
1142 0.266051 
1143 0.263044 
1144 0.263044 
1145 0.263044 
1146 0.263044 
1147 -0.258300 
1148 -0.258300 
1149 -0.258300 
1150 -0.258300 
1151 0.384364 
1152 0.384364 
1153 0.384364 
1154 0.384364 
1155 0.384364 
1156 0.384364 
1157 -0.244737 
1158 -0.244737 
1159 -0.244737 
1160 -0.244737 
1161 -0.026299 
1162 -0.026299 
1163 -0.026299 
1164 -0.026299 
1165 0.407155 
1166 0.407155 
1167 0.407155 
1168 0.407155 
1169 -0.275842 
1170 -0.275842 
1171 -0.275842 
1172 -0.275842 
1173 -0.042391 
1174 -0.042391 
1175 -0.042391 
1176 -0.042391 
1177 -0.283597 
1178 -0.283597 
1179 -0.283597 
1180 -0.283597 
1181 -0.333865 
1182 -0.333865 
1183 -0.333865 
1184 -0.333865 
1185 -0.333865 
1186 -0.297571 
1187 0.266051 
1188 -0.198217 
1189 -0.198217 
1190 -0.198217 
1191 -0.198217 
1192 -0.198217 
1193 -0.198217 
1194 0.138944 
1195 0.138944 
1196 0.138944 
1197 0.138944 
1198 0.138944 
1199 0.138944 
1200 0.107188 
1201 0.107188 
1202 0.107188 
1203 0.107188 
1204 0.052044 
1205 0.052044 
1206 0.052044 
1207 0.052044 
1208 0.386453 
1209 0.386453 
1210 0.386453 
1211 0.386453 
1212 -0.245768 
1213 -0.245768 
1214 -0.245768 
1215 -0.245768 
1216 -0.190743 
1217 -0.190743 
1218 -0.085849 
1219 -0.085849 
1220 -0.085849 
1221 -0.085849 
1222 -0.085849 
1223 -0.085849 
1224 -0.448397 
1225 -0.448397 
1226 -0.448397 
1227 -0.448397 
1228 -0.217892 
1229 -0.217892 
1230 -0.217892 
1231 -0.217892 
1232 0.350558 
1233 0.350558 
1234 0.439643 
1235 0.439643 
1236 0.439643 
1237 0.439643 
1238 0.439643 
1239 -0.198217 
1240 -0.329159 
1241 -0.329159 
1242 -0.329159 
1243 -0.329159 
1244 -0.329159 
1245 -0.329159 
1246 -0.329159 
1247 0.277577 
1248 0.277577 
1249 0.277577 
1250 0.277577 
1251 -0.242294 
1252 -0.242294 
1253 0.299144 
1254 0.299144 
1255 0.299144 
1256 0.299144 
1257 0.299144 
1258 0.299144 
1259 0.487257 
1260 0.487257 
1261 0.487257 
1262 0.487257 
1263 0.487257 
1264 0.487257 
1265 -0.480316 
1266 -0.480316 
1267 -0.480316 
1268 -0.480316 
1269 0.352593 
1270 0.352593 
1271 0.352593 
1272 0.352593 
1273 0.102647 
1274 0.102647 
1275 0.102647 
1276 0.102647 
1277 0.047518 
1278 0.047518 
1279 0.047518 
1280 0.047518 
1281 -0.086164 
1282 -0.086164 
1283 -0.086164 
1284 -0.086164 
1285 -0.382638 
1286 -0.382638 
1287 -0.382638 
1288 -0.382638 
1289 -0.382638 
1290 -0.382638 
1291 -0.329159 
1292 0.021427 
1293 0.021427 
1294 0.021427 
1295 0.021427 
1296 0.021427 
1297 0.021427 
1298 -0.190743 
1299 -0.190743 
1300 -0.190743 
1301 -0.190743 
1302 -0.190743 
1303 -0.190743 
1304 -0.158822 
1305 -0.158822 
1306 -0.051147 
1307 -0.051147 
1308 -0.051147 
1309 -0.051147 
1310 -0.051147 
1311 -0.051147 
1312 -0.125491 
1313 -0.125491 
1314 -0.125491 
1315 -0.125491 
1316 -0.008937 
1317 -0.008937 
1318 -0.008937 
1319 -0.008937 
1320 -0.295133 
1321 -0.295133 
1322 -0.295133 
1323 0.269886 
1324 0.269886 
1325 0.269886 
1326 -0.411967 
1327 -0.411967 
1328 -0.411967 
1329 -0.411967 
1330 -0.265370 
1331 -0.265370 
1332 -0.265370 
1333 -0.265370 
1334 0.190632 
1335 0.190632 
1336 0.190632 
1337 0.190632 
1338 0.190632 
1339 -0.212804 
1340 -0.212804 
1341 -0.212804 
1342 -0.212804 
1343 -0.212804 
1344 -0.212804 
1345 -0.212804 
1346 0.021427 
1347 0.331292 
1348 0.331292 
1349 0.331292 
1350 0.331292 
1351 0.331292 
1352 0.331292 
1353 0.331292 
1354 0.331292 
1355 0.331292 
1356 0.331292 
1357 0.331292 
1358 0.331292 
1359 0.331292 
1360 0.331292 
1361 0.331292 
1362 0.331292 
1363 0.331292 
1364 0.331292 
1365 0.331292 
1366 0.331292 
1367 0.331292 
1368 0.331292 
1369 0.331292 
1370 0.331292 
1371 0.331292 
1372 0.331292 
1373 0.326656 
1374 0.326656 
1375 0.326656 
1376 0.326656 
1377 0.326656 
1378 0.326656 
1379 -0.122351 
1380 -0.122351 
1381 -0.122351 
1382 -0.122351 
1383 -0.137880 
1384 -0.137880 
1385 -0.137880 
1386 -0.137880 
1387 0.203599 
1388 0.203599 
1389 0.203599 
1390 0.203599 
1391 0.203599 
1392 0.331292 
1393 0.331292 
1394 0.331292 
1395 0.331292 
1396 0.331292 
1397 0.331292 
1398 0.112917 
1399 0.112917 
1400 0.112917 
1401 0.112917 
1402 0.112917 
1403 0.112917 
1404 -0.498516 
1405 -0.498516 
1406 -0.498516 
1407 -0.498516 
1408 -0.498516 
1409 -0.498516 
1410 -0.311418 
1411 -0.311418 
1412 -0.311418 
1413 -0.311418 
1414 -0.414350 
1415 -0.414350 
1416 -0.414350 
1417 -0.414350 
1418 0.141594 
1419 0.141594 
1420 0.141594 
1421 0.141594 
1422 0.373506 
1423 0.373506 
1424 0.373506 
1425 0.373506 
1426 0.373506 
1427 -0.004367 
1428 -0.004367 
1429 -0.004367 
1430 0.171901 
1431 0.171901 
1432 0.171901 
1433 0.171901 
1434 0.192534 
1435 0.192534 
1436 0.192534 
1437 0.192534 
1438 -0.107795 
1439 -0.107795 
1440 -0.107795 
1441 -0.107795 
1442 0.249685 
1443 0.249685 
1444 0.249685 
1445 0.249685 
1446 0.017510 
1447 0.017510 
1448 0.017510 
1449 0.017510 
1450 0.017510 
1451 0.112917 
1452 0.481656 
1453 0.481656 
1454 0.481656 
1455 0.481656 
1456 0.481656 
1457 0.481656 
1458 0.490856 
1459 0.490856 
1460 0.490856 
1461 0.490856 
1462 -0.459329 
1463 -0.459329 
1464 -0.459329 
1465 -0.169619 
1466 -0.169619 
1467 -0.169619 
1468 -0.169619 
1469 -0.362971 
1470 -0.362971 
1471 -0.362971 
1472 -0.362971 
1473 0.107188 
1474 0.107188 
1475 0.107188 
1476 0.107188 
1477 0.107188 
1478 0.107188 
1479 0.052044 
1480 0.052044 
1481 0.052044 
1482 0.052044 
1483 0.386453 
1484 0.386453 
1485 0.386453 
1486 0.386453 
1487 -0.245768 
1488 -0.245768 
1489 -0.245768 
1490 -0.245768 
1491 -0.190743 
1492 -0.190743 
1493 -0.190743 
1494 -0.190743 
1495 -0.190743 
1496 -0.283173 
1497 -0.283173 
1498 0.206744 
1499 0.206744 
1500 0.206744 
1501 0.206744 
1502 0.206744 
1503 0.481656 
1504 0.380469 
1505 0.380469 
1506 0.380469 
1507 0.380469 
1508 0.380469 
1509 0.380469 
1510 0.144097 
1511 0.144097 
1512 0.144097 
1513 0.144097 
1514 0.487257 
1515 0.487257 
1516 0.487257 
1517 0.487257 
1518 -0.480316 
1519 -0.480316 
1520 -0.480316 
1521 -0.480316 
1522 0.352593 
1523 0.352593 
1524 0.352593 
1525 0.352593 
1526 -0.386392 
1527 -0.386392 
1528 -0.386392 
1529 -0.386392 
1530 -0.386392 
1531 -0.386392 
1532 0.499621 
1533 0.499621 
1534 0.499621 
1535 0.499621 
1536 0.496025 
1537 0.496025 
1538 0.496025 
1539 0.496025 
1540 0.372305 
1541 0.372305 
1542 0.372305 
1543 0.372305 
1544 0.476107 
1545 0.476107 
1546 0.476107 
1547 0.476107 
1548 0.136165 
1549 0.136165 
1550 -0.057496 
1551 -0.057496 
1552 -0.057496 
1553 -0.057496 
1554 -0.057496 
1555 -0.057496 
1556 -0.421266 
1557 -0.421266 
1558 -0.421266 
1559 -0.421266 
1560 -0.421266 
1561 0.313949 
1562 0.313949 
1563 0.313949 
1564 0.313949 
1565 -0.149487 
1566 -0.149487 
1567 -0.149487 
1568 -0.149487 
1569 0.170308 
1570 0.170308 
1571 0.170308 
1572 0.170308 
1573 0.170308 
1574 0.380469 
1575 -0.377224 
1576 -0.377224 
1577 -0.377224 
1578 -0.377224 
1579 -0.377224 
1580 -0.377224 
1581 -0.072463 
1582 -0.072463 
1583 -0.006454 
1584 -0.006454 
1585 -0.006454 
1586 -0.006454 
1587 -0.006454 
1588 -0.006454 
1589 0.104148 
1590 0.104148 
1591 0.104148 
1592 0.104148 
1593 0.368141 
1594 0.368141 
1595 0.368141 
1596 0.368141 
1597 0.291369 
1598 0.291369 
1599 0.291369 
1600 0.291369 
1601 -0.397611 
1602 -0.397611 
1603 -0.397611 
1604 -0.397611 
1605 -0.019092 
1606 -0.019092 
1607 -0.019092 
1608 -0.019092 
1609 -0.400396 
1610 -0.400396 
1611 -0.400396 
1612 -0.400396 
1613 0.398416 
1614 0.398416 
1615 0.398416 
1616 0.398416 
1617 -0.342280 
1618 -0.342280 
1619 -0.342280 
1620 -0.342280 
1621 0.441732 
1622 0.441732 
1623 0.441732 
1624 0.441732 
1625 0.424893 
1626 0.424893 
1627 0.424893 
1628 0.424893 
1629 0.424893 
1630 -0.377224 
1631 -0.231460 
1632 -0.231460 
1633 -0.231460 
1634 -0.231460 
1635 -0.231460 
1636 -0.231460 
1637 0.355704 
1638 0.355704 
1639 0.355704 
1640 0.387601 
1641 0.387601 
1642 0.387601 
1643 0.387601 
1644 0.387601 
1645 0.387601 
1646 0.219832 
1647 0.219832 
1648 0.219832 
1649 0.219832 
1650 0.242201 
1651 0.242201 
1652 0.242201 
1653 0.242201 
1654 0.274434 
1655 0.274434 
1656 0.274434 
1657 0.274434 
1658 0.367762 
1659 0.367762 
1660 0.367762 
1661 0.367762 
1662 0.367762 
1663 -0.090708 
1664 -0.090708 
1665 -0.090708 
1666 0.355593 
1667 0.355593 
1668 0.355593 
1669 0.355593 
1670 0.073291 
1671 0.073291 
1672 0.073291 
1673 0.073291 
1674 0.073291 
1675 0.073291 
1676 -0.438765 
1677 -0.438765 
1678 -0.438765 
1679 -0.438765 
1680 -0.438765 
1681 -0.231460 
1682 0.036949 
1683 0.036949 
1684 0.036949 
1685 0.036949 
1686 0.036949 
1687 0.036949 
1688 -0.070622 
1689 -0.070622 
1690 -0.070622 
1691 -0.070622 
1692 -0.070622 
1693 0.023438 
1694 0.023438 
1695 0.023438 
1696 0.023438 
1697 0.023438 
1698 -0.158822 
1699 -0.158822 
1700 -0.158822 
1701 -0.069183 
1702 -0.069183 
1703 -0.069183 
1704 -0.069183 
1705 -0.357439 
1706 -0.357439 
1707 -0.357439 
1708 -0.357439 
1709 0.060121 
1710 0.060121 
1711 0.060121 
1712 0.060121 
1713 0.144388 
1714 0.144388 
1715 0.144388 
1716 0.144388 
1717 -0.435798 
1718 -0.435798 
1719 -0.435798 
1720 -0.435798 
1721 0.067899 
1722 0.067899 
1723 0.067899 
1724 0.067899 
1725 -0.127853 
1726 -0.127853 
1727 -0.127853 
1728 -0.127853 
1729 -0.127853 
1730 -0.127853 
1731 -0.127853 
1732 0.036949 
1733 0.203369 
1734 0.203369 
1735 0.203369 
1736 0.203369 
1737 0.203369 
1738 0.203369 
1739 0.157659 
1740 0.157659 
1741 0.157659 
1742 0.157659 
1743 0.157659 
1744 -0.241575 
1745 -0.241575 
1746 -0.241575 
1747 -0.241575 
1748 0.043893 
1749 0.043893 
1750 0.043893 
1751 0.043893 
1752 0.476823 
1753 0.476823 
1754 0.476823 
1755 0.476823 
1756 0.203369 
1757 0.203369 
1758 0.203369 
1759 0.203369 
1760 0.203369 
1761 0.203369 
1762 0.203369 
1763 0.203369 
1764 0.203369 
1765 0.203369 
1766 0.203369 
1767 0.203369 
1768 0.203369 
1769 0.203369 
1770 0.203369 
1771 0.203369 
1772 0.203369 
1773 0.203369 
1774 0.203369 
1775 0.203369 
1776 0.203369 
1777 0.203369 
1778 0.203369 
1779 0.247895 
1780 0.247895 
1781 0.247895 
1782 0.247895 
1783 0.247895 
1784 0.203369 
1785 -0.466584 
1786 -0.466584 
1787 -0.466584 
1788 -0.466584 
1789 -0.466584 
1790 -0.466584 
1791 0.115144 
1792 0.115144 
1793 0.115144 
1794 0.115144 
1795 -0.321461 
1796 -0.321461 
1797 -0.355067 
1798 -0.355067 
1799 -0.355067 
1800 -0.355067 
1801 -0.355067 
1802 -0.355067 
1803 -0.348066 
1804 -0.348066 
1805 -0.348066 
1806 -0.348066 
1807 -0.459914 
1808 -0.459914 
1809 -0.459914 
1810 -0.459914 
1811 0.066847 
1812 0.066847 
1813 0.066847 
1814 0.066847 
1815 -0.181802 
1816 -0.181802 
1817 -0.181802 
1818 -0.181802 
1819 0.065611 
1820 0.065611 
1821 0.065611 
1822 0.065611 
1823 0.216031 
1824 0.216031 
1825 0.216031 
1826 0.216031 
1827 0.171024 
1828 0.171024 
1829 -0.357439 
1830 -0.357439 
1831 -0.357439 
1832 -0.357439 
1833 -0.357439 
1834 -0.357439 
1835 0.060121 
1836 0.060121 
1837 0.060121 
1838 0.060121 
1839 -0.378840 
1840 -0.378840 
1841 -0.378840 
1842 -0.378840 
1843 0.247540 
1844 0.247540 
1845 0.247540 
1846 0.247540 
1847 0.247540 
1848 -0.466584 
1849 -0.289604 
1850 -0.289604 
1851 -0.289604 
1852 -0.289604 
1853 -0.289604 
1854 -0.289604 
1855 0.342548 
1856 0.342548 
1857 0.342548 
1858 0.342548 
1859 0.342548 
1860 -0.437315 
1861 -0.437315 
1862 -0.437315 
1863 -0.437315 
1864 -0.209334 
1865 -0.209334 
1866 -0.209334 
1867 -0.270158 
1868 -0.270158 
1869 -0.270158 
1870 0.006150 
1871 0.006150 
1872 0.006150 
1873 0.006150 
1874 -0.294359 
1875 -0.294359 
1876 -0.294359 
1877 -0.294359 
1878 -0.264640 
1879 -0.264640 
1880 -0.264640 
1881 -0.264640 
1882 -0.347323 
1883 -0.347323 
1884 -0.347323 
1885 -0.347323 
1886 0.000134 
1887 0.000134 
1888 0.000134 
1889 0.000134 
1890 0.165050 
1891 0.165050 
1892 0.165050 
1893 0.165050 
1894 0.365608 
1895 0.365608 
1896 -0.132075 
1897 -0.132075 
1898 -0.132075 
1899 -0.132075 
1900 -0.132075 
1901 -0.132075 
1902 0.476823 
1903 0.476823 
1904 0.476823 
1905 -0.289604 
1906 0.116275 
1907 0.116275 
1908 0.116275 
1909 0.116275 
1910 0.116275 
1911 0.116275 
1912 0.183578 
1913 0.183578 
1914 0.183578 
1915 0.183578 
1916 0.183578 
1917 0.174342 
1918 0.174342 
1919 0.174342 
1920 0.174342 
1921 -0.304028 
1922 -0.304028 
1923 -0.304028 
1924 -0.304028 
1925 -0.004367 
1926 -0.004367 
1927 -0.004367 
1928 -0.004367 
1929 0.171901 
1930 0.171901 
1931 0.171901 
1932 0.171901 
1933 0.171901 
1934 0.278311 
1935 0.278311 
1936 0.278311 
1937 -0.376812 
1938 -0.376812 
1939 -0.376812 
1940 -0.376812 
1941 0.016776 
1942 0.016776 
1943 0.016776 
1944 0.016776 
1945 -0.303295 
1946 -0.303295 
1947 0.243144 
1948 0.243144 
1949 0.243144 
1950 0.243144 
1951 0.243144 
1952 0.243144 
1953 0.191045 
1954 0.191045 
1955 0.191045 
1956 0.116275 
1957 -0.120867 
1958 -0.120867 
1959 -0.120867 
1960 -0.120867 
1961 -0.120867 
1962 -0.120867 
1963 0.479070 
1964 0.479070 
1965 0.479070 
1966 0.479070 
1967 0.479070 
1968 0.479070 
1969 -0.158822 
1970 -0.158822 
1971 -0.158822 
1972 -0.069183 
1973 -0.069183 
1974 -0.069183 
1975 -0.069183 
1976 -0.357439 
1977 -0.357439 
1978 -0.357439 
1979 -0.357439 
1980 0.060121 
1981 0.060121 
1982 0.060121 
1983 0.060121 
1984 0.144388 
1985 0.144388 
1986 0.144388 
1987 0.144388 
1988 -0.435798 
1989 -0.435798 
1990 -0.435798 
1991 -0.435798 
1992 0.067899 
1993 0.067899 
1994 0.067899 
1995 0.067899 
1996 0.258684 
1997 0.258684 
1998 -0.286825 
1999 -0.286825 
2000 -0.286825 
2001 -0.286825 
2002 -0.286825 
2003 -0.286825 
2004 0.073099 
2005 0.073099 
2006 0.073099 
2007 -0.120867 
2008 0.293809 
2009 0.293809 
2010 0.293809 
2011 0.293809 
2012 0.293809 
2013 0.293809 
2014 0.075497 
2015 0.075497 
2016 0.075497 
2017 0.075497 
2018 0.075497 
2019 -0.369668 
2020 -0.369668 
2021 -0.369668 
2022 -0.369668 
2023 -0.413322 
2024 -0.413322 
2025 -0.413322 
2026 -0.413322 
2027 -0.345758 
2028 -0.345758 
2029 -0.345758 
2030 -0.345758 
2031 0.263044 
2032 0.263044 
2033 0.263044 
2034 0.263044 
2035 0.263044 
2036 -0.387151 
2037 -0.387151 
2038 -0.387151 
2039 -0.377664 
2040 -0.377664 
2041 -0.377664 
2042 -0.377664 
2043 0.224041 
2044 0.224041 
2045 0.224041 
2046 0.224041 
2047 -0.155034 
2048 -0.155034 
2049 -0.283932 
2050 -0.283932 
2051 -0.283932 
2052 -0.283932 
2053 -0.283932 
2054 -0.283932 
2055 -0.173247 
2056 -0.173247 
2057 -0.173247 
2058 0.293809 
2059 -0.399944 
2060 -0.399944 
2061 -0.399944 
2062 -0.399944 
2063 -0.399944 
2064 -0.399944 
2065 0.303212 
2066 0.303212 
2067 0.303212 
2068 0.303212 
2069 0.303212 
2070 0.303212 
2071 -0.060056 
2072 -0.060056 
2073 -0.060056 
2074 -0.479578 
2075 -0.479578 
2076 -0.479578 
2077 -0.479578 
2078 -0.333200 
2079 -0.333200 
2080 -0.333200 
2081 -0.333200 
2082 -0.362083 
2083 -0.362083 
2084 -0.362083 
2085 -0.362083 
2086 -0.308675 
2087 -0.308675 
2088 -0.308675 
2089 -0.308675 
2090 0.212050 
2091 0.212050 
2092 0.212050 
2093 0.212050 
2094 0.393272 
2095 0.393272 
2096 0.393272 
2097 0.393272 
2098 -0.057496 
2099 -0.057496 
2100 -0.057496 
2101 -0.057496 
2102 -0.057496 
2103 0.157659 
2104 0.157659 
2105 0.157659 
2106 0.157659 
2107 -0.399944 
2108 -0.399944 
2109 -0.399944 
2110 -0.399944 
2111 0.310132 
2112 0.310132 
2113 0.310132 
2114 0.310132 
2115 0.310132 
2116 0.310132 
2117 -0.241575 
2118 -0.241575 
2119 -0.241575 
2120 -0.241575 
2121 -0.241575 
2122 -0.241575 
2123 0.043893 
2124 0.043893 
2125 0.310132 
2126 0.310132 
2127 0.310132 
2128 0.310132 
2129 0.310132 
2130 0.310132 
2131 0.310132 
2132 0.310132 
2133 0.310132 
2134 0.310132 
2135 0.478045 
2136 0.478045 
2137 0.478045 
2138 0.478045 
2139 0.478045 
2140 0.478045 
2141 0.478045 
2142 0.326656 
2143 0.326656 
2144 0.326656 
2145 0.326656 
2146 -0.122351 
2147 -0.122351 
2148 -0.122351 
2149 -0.122351 
2150 -0.137880 
2151 -0.137880 
2152 -0.137880 
2153 -0.137880 
2154 0.203599 
2155 0.203599 
2156 0.203599 
2157 0.203599 
2158 0.310132 
2159 0.310132 
2160 0.310132 
2161 0.310132 
2162 0.287897 
2163 0.287897 
2164 0.287897 
2165 0.287897 
2166 0.287897 
2167 0.287897 
2168 -0.094383 
2169 -0.094383 
2170 -0.180606 
2171 -0.180606 
2172 -0.180606 
2173 -0.180606 
2174 -0.180606 
2175 -0.180606 
2176 0.324339 
2177 0.324339 
2178 0.324339 
2179 0.324339 
2180 0.327314 
2181 0.327314 
2182 0.327314 
2183 0.327314 
2184 -0.115086 
2185 -0.115086 
2186 -0.115086 
2187 -0.115086 
2188 -0.130945 
2189 -0.130945 
2190 -0.130945 
2191 -0.130945 
2192 0.123454 
2193 0.123454 
2194 0.123454 
2195 0.123454 
2196 0.369245 
2197 0.369245 
2198 0.369245 
2199 0.369245 
2200 0.414725 
2201 0.414725 
2202 0.414725 
2203 0.414725 
2204 0.414725 
2205 0.287897 
2206 0.287897 
2207 0.287897 
2208 0.287897 
2209 0.287897 
2210 0.287897 
2211 0.287897 
2212 0.287897 
2213 -0.241333 
2214 -0.241333 
2215 -0.241333 
2216 -0.241333 
2217 -0.241333 
2218 -0.241333 
2219 -0.241333 
2220 -0.241333 
2221 0.059118 
2222 0.059118 
2223 0.059118 
2224 0.059118 
2225 0.059118 
2226 0.059118 
2227 -0.414466 
2228 -0.414466 
2229 -0.414466 
2230 -0.414466 
2231 0.023073 
2232 0.023073 
2233 0.023073 
2234 0.023073 
2235 0.262260 
2236 0.262260 
2237 0.262260 
2238 0.262260 
2239 0.262260 
2240 0.395083 
2241 0.395083 
2242 0.395083 
2243 0.395083 
2244 0.395336 
2245 0.395336 
2246 0.395336 
2247 0.395336 
2248 -0.261901 
2249 -0.261901 
2250 -0.261901 
2251 -0.261901 
2252 -0.341750 
2253 -0.341750 
2254 -0.341750 
2255 -0.341750 
2256 0.199252 
2257 0.199252 
2258 0.226460 
2259 0.226460 
2260 0.226460 
2261 0.226460 
2262 0.226460 
2263 -0.241333 
2264 0.203634 
2265 0.203634 
2266 0.203634 
2267 0.203634 
2268 0.203634 
2269 0.203634 
2270 0.203634 
2271 0.203634 
2272 0.463906 
2273 0.463906 
2274 0.463906 
2275 0.463906 
2276 0.463906 
2277 0.463906 
2278 -0.448687 
2279 -0.448687 
2280 -0.448687 
2281 -0.448687 
2282 0.440480 
2283 0.440480 
2284 0.440480 
2285 0.440480 
2286 0.234658 
2287 0.234658 
2288 0.234658 
2289 0.234658 
2290 0.287614 
2291 0.287614 
2292 0.287614 
2293 0.287614 
2294 0.495989 
2295 0.495989 
2296 0.495989 
2297 0.495989 
2298 0.169137 
2299 0.169137 
2300 0.169137 
2301 0.169137 
2302 -0.385008 
2303 -0.385008 
2304 0.468141 
2305 0.468141 
2306 0.468141 
2307 0.468141 
2308 0.468141 
2309 0.468141 
2310 0.468141 
2311 0.398050 
2312 0.398050 
2313 0.398050 
2314 0.203634 
2315 0.148434 
2316 0.148434 
2317 0.148434 
2318 0.148434 
2319 0.148434 
2320 0.148434 
2321 0.260670 
2322 0.260670 
2323 -0.483623 
2324 -0.483623 
2325 -0.483623 
2326 -0.483623 
2327 0.474789 
2328 0.474789 
2329 0.474789 
2330 0.474789 
2331 0.117649 
2332 0.117649 
2333 0.117649 
2334 0.117649 
2335 0.268105 
2336 0.268105 
2337 0.268105 
2338 0.268105 
2339 -0.433758 
2340 -0.433758 
2341 -0.433758 
2342 -0.433758 
2343 -0.433758 
2344 -0.433758 
2345 -0.433758 
2346 0.264441 
2347 0.264441 
2348 0.264441 
2349 0.264441 
2350 -0.298333 
2351 -0.298333 
2352 0.320519 
2353 0.320519 
2354 0.320519 
2355 0.320519 
2356 0.320519 
2357 0.320519 
2358 -0.039530 
2359 -0.039530 
2360 -0.039530 
2361 -0.039530 
2362 0.057062 
2363 0.057062 
2364 0.057062 
2365 0.057062 
2366 0.330895 
2367 0.330895 
2368 0.330895 
2369 0.330895 
2370 0.330895 
2371 0.148434 
2372 0.102588 
2373 0.102588 
2374 0.102588 
2375 0.102588 
2376 0.102588 
2377 0.102588 
2378 -0.090391 
2379 -0.090391 
2380 -0.090391 
2381 -0.090391 
2382 -0.090391 
2383 -0.090391 
2384 -0.353991 
2385 -0.353991 
2386 -0.353991 
2387 -0.353991 
2388 -0.421818 
2389 -0.421818 
2390 -0.421818 
2391 -0.421818 
2392 -0.258300 
2393 -0.258300 
2394 -0.258300 
2395 -0.258300 
2396 -0.321461 
2397 -0.321461 
2398 -0.321461 
2399 -0.321461 
2400 -0.447542 
2401 -0.447542 
2402 -0.447542 
2403 -0.447542 
2404 0.334411 
2405 0.334411 
2406 -0.283932 
2407 -0.283932 
2408 -0.283932 
2409 -0.283932 
2410 -0.283932 
2411 -0.283932 
2412 -0.283932 
2413 0.303212 
2414 0.303212 
2415 0.303212 
2416 0.303212 
2417 -0.277471 
2418 -0.277471 
2419 -0.277471 
2420 -0.277471 
2421 -0.277471 
2422 0.102588 
2423 -0.046198 
2424 -0.046198 
2425 -0.046198 
2426 -0.046198 
2427 -0.046198 
2428 -0.046198 
2429 0.000559 
2430 0.000559 
2431 0.000559 
2432 0.000559 
2433 -0.046198 
2434 -0.046198 
2435 -0.046198 
2436 -0.046198 
2437 -0.046198 
2438 -0.046198 
2439 -0.046198 
2440 -0.046198 
2441 -0.090708 
2442 -0.090708 
2443 -0.090708 
2444 -0.090708 
2445 -0.090708 
2446 -0.090708 
2447 0.355593 
2448 0.355593 
2449 -0.480281 
2450 -0.480281 
2451 -0.480281 
2452 -0.480281 
2453 -0.480281 
2454 -0.480281 
2455 0.410481 
2456 0.410481 
2457 0.410481 
2458 0.410481 
2459 -0.293286 
2460 -0.293286 
2461 -0.293286 
2462 -0.293286 
2463 -0.286575 
2464 -0.286575 
2465 -0.046198 
2466 -0.046198 
2467 -0.046198 
2468 -0.046198 
2469 0.484963 
2470 0.484963 
2471 0.484963 
2472 0.484963 
2473 0.484963 
2474 -0.046198 
2475 0.130500 
2476 0.130500 
2477 0.130500 
2478 0.130500 
2479 0.130500 
2480 0.130500 
2481 0.158794 
2482 0.158794 
2483 0.158794 
2484 0.158794 
2485 0.158794 
2486 0.158794 
2487 0.158794 
2488 0.454699 
2489 0.454699 
2490 0.454699 
2491 0.454699 
2492 0.162157 
2493 0.162157 
2494 0.162157 
2495 0.162157 
2496 0.445829 
2497 0.445829 
2498 0.445829 
2499 0.445829 
2500 0.499969 
2501 0.499969 
2502 0.499969 
2503 0.499969 
2504 0.258709 
2505 0.258709 
2506 0.258709 
2507 0.258709 
2508 0.247895 
2509 0.247895 
2510 0.247895 
2511 0.247895 
2512 0.247895 
2513 0.247895 
2514 0.115144 
2515 0.115144 
2516 0.115144 
2517 0.115144 
2518 0.344173 
2519 0.344173 
2520 0.344173 
2521 0.344173 
2522 0.344173 
2523 0.417638 
2524 0.130500 
2525 0.080136 
2526 0.080136 
2527 0.080136 
2528 0.080136 
2529 0.080136 
2530 0.080136 
2531 0.424893 
2532 0.424893 
2533 0.424893 
2534 0.424893 
2535 0.424893 
2536 0.355704 
2537 0.355704 
2538 0.355704 
2539 0.355704 
2540 0.226460 
2541 0.226460 
2542 0.226460 
2543 0.226460 
2544 0.025101 
2545 0.025101 
2546 0.025101 
2547 0.025101 
2548 0.025101 
2549 0.025101 
2550 0.218681 
2551 0.218681 
2552 0.218681 
2553 0.218681 
2554 -0.037184 
2555 -0.037184 
2556 -0.037184 
2557 -0.037184 
2558 0.138944 
2559 0.138944 
2560 0.138944 
2561 0.138944 
2562 0.107188 
2563 0.107188 
2564 0.107188 
2565 0.107188 
2566 0.052044 
2567 0.052044 
2568 0.052044 
2569 0.052044 
2570 0.386453 
2571 0.386453 
2572 0.386453 
2573 0.386453 
2574 0.386453 
2575 0.080136 
2576 -0.327459 
2577 -0.327459 
2578 -0.327459 
2579 -0.327459 
2580 -0.327459 
2581 -0.327459 
2582 -0.004622 
2583 -0.004622 
2584 -0.004622 
2585 -0.004622 
2586 -0.004622 
2587 -0.413286 
2588 -0.413286 
2589 -0.413286 
2590 -0.413286 
2591 0.017510 
2592 0.017510 
2593 -0.183084 
2594 -0.183084 
2595 -0.183084 
2596 -0.183084 
2597 -0.183084 
2598 -0.183084 
2599 0.434688 
2600 0.434688 
2601 0.434688 
2602 0.434688 
2603 -0.064963 
2604 -0.064963 
2605 -0.064963 
2606 -0.064963 
2607 0.485396 
2608 0.485396 
2609 0.485396 
2610 0.485396 
2611 0.404800 
2612 0.404800 
2613 0.404800 
2614 0.404800 
2615 -0.421266 
2616 -0.421266 
2617 -0.421266 
2618 -0.421266 
2619 -0.286825 
2620 -0.286825 
2621 -0.286825 
2622 -0.286825 
2623 -0.098925 
2624 -0.098925 
2625 -0.098925 
2626 -0.327459 
2627 0.200314 
2628 0.200314 
2629 0.200314 
2630 0.200314 
2631 0.200314 
2632 0.200314 
2633 0.075497 
2634 0.075497 
2635 0.075497 
2636 0.075497 
2637 0.075497 
2638 -0.369668 
2639 -0.369668 
2640 0.273219 
2641 0.273219 
2642 0.273219 
2643 0.273219 
2644 0.273219 
2645 0.273219 
2646 0.357393 
2647 0.357393 
2648 0.357393 
2649 0.357393 
2650 0.266338 
2651 0.266338 
2652 0.266338 
2653 0.266338 
2654 0.227803 
2655 0.227803 
2656 0.227803 
2657 0.227803 
2658 0.297472 
2659 0.297472 
2660 0.297472 
2661 0.297472 
2662 -0.470151 
2663 -0.470151 
2664 -0.470151 
2665 -0.470151 
2666 -0.337283 
2667 -0.337283 
2668 -0.337283 
2669 -0.337283 
2670 -0.494550 
2671 -0.494550 
2672 -0.233765 
2673 -0.233765 
2674 -0.233765 
2675 -0.233765 
2676 -0.233765 
2677 0.200314 
2678 0.167782 
2679 0.167782 
2680 0.167782 
2681 0.167782 
2682 0.167782 
2683 0.167782 
2684 0.022179 
2685 0.022179 
2686 0.022179 
2687 0.022179 
2688 0.022179 
2689 -0.217570 
2690 -0.217570 
2691 -0.217570 
2692 -0.217570 
2693 -0.105667 
2694 -0.105667 
2695 -0.105667 
2696 -0.105667 
2697 -0.386392 
2698 -0.386392 
2699 -0.386392 
2700 -0.386392 
2701 0.499621 
2702 0.499621 
2703 0.499621 
2704 0.499621 
2705 0.496025 
2706 0.496025 
2707 0.496025 
2708 0.496025 
2709 0.372305 
2710 0.372305 
2711 0.372305 
2712 0.372305 
2713 -0.127853 
2714 -0.127853 
2715 -0.127853 
2716 -0.127853 
2717 -0.127853 
2718 -0.127853 
2719 0.478045 
2720 0.478045 
2721 -0.413322 
2722 -0.413322 
2723 -0.413322 
2724 -0.413322 
2725 -0.413322 
2726 -0.413322 
2727 -0.137978 
2728 -0.137978 
2729 -0.137978 
2730 0.167782 
2731 0.054302 
2732 0.054302 
2733 0.054302 
2734 0.054302 
2735 0.054302 
2736 0.054302 
2737 0.054302 
2738 0.054302 
2739 0.302754 
2740 0.302754 
2741 0.302754 
2742 0.302754 
2743 0.302754 
2744 0.302754 
2745 -0.345758 
2746 -0.345758 
2747 -0.345758 
2748 -0.345758 
2749 -0.345758 
2750 -0.345758 
2751 -0.345758 
2752 0.302754 
2753 0.302754 
2754 0.302754 
2755 0.302754 
2756 0.302754 
2757 0.302754 
2758 0.302754 
2759 0.302754 
2760 0.302754 
2761 0.302754 
2762 0.302754 
2763 0.302754 
2764 0.302754 
2765 0.302754 
2766 0.302754 
2767 0.302754 
2768 0.302754 
2769 0.302754 
2770 0.302754 
2771 0.302754 
2772 0.302754 
2773 0.302754 
2774 0.302754 
2775 0.302754 
2776 0.302754 
2777 0.302754 
2778 0.302754 
2779 0.302754 
2780 0.302754 
2781 0.302754 
2782 0.302754 
2783 0.302754 
2784 0.302754 
2785 0.302754 
2786 0.302754 
2787 0.302754 
2788 0.302754 
2789 0.302754 
2790 0.302754 
2791 0.302754 
2792 -0.433675 
2793 -0.433675 
2794 -0.433675 
2795 -0.433675 
2796 -0.433675 
2797 -0.433675 
2798 0.229105 
2799 0.229105 
2800 -0.433675 
2801 -0.433675 
2802 -0.433675 
2803 -0.433675 
2804 -0.433675 
2805 -0.433675 
2806 -0.433675 
2807 -0.433675 
2808 -0.433675 
2809 -0.433675 
2810 -0.433675 
2811 -0.433675 
2812 -0.433675 
2813 0.413580 
2814 -0.433675 
2815 -0.433675 
2816 0.441732 
2817 -0.389786 
2818 -0.066697 
2819 0.474789 
2820 -0.316818 
2821 -0.316818 
2822 -0.316818 
2823 -0.316818 
2824 -0.316818 
2825 -0.316818 
2826 0.102647 
2827 0.047518 
2828 -0.276061 
2829 -0.432307 
2830 -0.432307 
2831 -0.432307 
2832 -0.432307 
2833 -0.432307 
2834 -0.432307 
2835 -0.432307 
2836 -0.432307 
2837 -0.432307 
2838 -0.432307 
2839 -0.432307 
2840 -0.432307 
2841 -0.276061 
2842 -0.276061 
2843 -0.276061 
2844 -0.276061 
2845 -0.276061 
2846 -0.276061 
2847 -0.350301 
2848 -0.055243 
2849 0.169867 
2850 -0.498516 
2851 -0.311418 
2852 -0.414350 
2853 0.141594 
2854 0.373506 
2855 0.299144 
2856 0.059118 
2857 -0.107795 
2858 0.328737 
2859 -0.414466 
2860 0.023073 
2861 0.262260 
2862 0.384364 
2863 -0.244737 
2864 -0.026299 
2865 0.407155 
2866 -0.275842 
2867 -0.042391 
2868 -0.283597 
2869 0.490856 
2870 -0.173247 
2871 -0.098925 
2872 -0.134936 
2873 0.117649 
2874 -0.054673 
2875 -0.127456 
2876 -0.435303 
2877 -0.297571 
2878 0.312431 
2879 0.144388 
2880 -0.435798 
2881 0.067899 
2882 0.258684 
2883 0.142748 
2884 -0.339569 
2885 -0.497089 
2886 0.101222 
2887 0.249685 
2888 -0.316818 
2889 -0.387151 
2890 -0.324357 
2891 -0.324357 
2892 -0.333865 
2893 0.278311 
2894 -0.376812 
2895 0.016776 
2896 -0.303295 
2897 -0.467241 
2898 -0.254904 
2899 0.331062 
2900 -0.497089 
2901 -0.339569 
2902 -0.377664 
2903 0.224041 
2904 -0.054673 
2905 -0.155034 
2906 0.394977 
2907 -0.342280 
2908 0.141492 
2909 -0.086164 
2910 0.398416 
2911 -0.020332 
2912 0.238423 
2913 0.238423 
2914 0.178289 
2915 -0.329609 
2916 0.178289 
2917 0.269375 
2918 0.269375 
2919 0.029357 
2920 0.178289 
2921 0.488047 
2922 0.128729 
2923 0.178289 
2924 0.486741 
2925 0.291369 
2926 0.141492 
2927 0.141492 
2928 0.141492 
2929 -0.389786 
2930 0.141492 
2931 -0.342280 
2932 0.141492 
2933 -0.342280 
2934 -0.342280 
2935 -0.397611 
2936 0.141492 
2937 0.054976 
2938 -0.127456 
2939 0.393272 
2940 0.393272 
2941 0.393272 
2942 -0.127456 
2943 0.393272 
2944 -0.132075 
2945 0.291369 
2946 -0.342280 
2947 -0.397611 
2948 -0.342280 
2949 0.183578 
2950 0.394977 
2951 0.174342 
2952 -0.304028 
2953 -0.004367 
2954 -0.397611 
2955 -0.342280 
2956 0.171901 
2957 0.192534 
2958 0.301329 
2959 -0.397611 
2960 -0.342280 
2961 0.301329 
2962 0.291369 
2963 0.358607 
2964 0.486391 
2965 0.486391 
2966 0.486391 
2967 0.486391 
2968 0.486391 
2969 0.486391 
2970 0.486391 
2971 0.486391 
2972 -0.441566 
2973 0.368506 
2974 -0.144154 
2975 0.339045 
2976 0.268669 
2977 -0.313950 
2978 -0.311855 
2979 0.181722 
2980 0.107543 
2981 0.486391 
2982 0.486391 
2983 0.486391 
2984 0.486391 
2985 0.486391 
2986 0.436801 
2987 -0.426621 
2988 0.489871 
2989 -0.480890 
2990 0.358607 
2991 0.358607 
2992 0.358607 
2993 0.358607 
2994 0.358607 
2995 0.358607 
2996 0.370288 
2997 0.278872 
2998 0.102300 
2999 0.342782 
3000 0.264781 
3001 0.370288 
3002 0.329696 
3003 -0.445858 
3004 -0.445858 
3005 -0.445858 
3006 -0.270158 
3007 0.291369 
3008 0.332564 
3009 0.332564 
3010 0.332564 
3011 -0.389786 
3012 0.370288 
3013 0.141492 
3014 -0.278594 
3015 0.264781 
3016 -0.397611 
3017 -0.397611 
3018 0.394977 
3019 0.141492 
3020 0.394977 
3021 0.394977 
3022 0.006150 
3023 0.264781 
3024 0.291369 
3025 0.332564 
3026 0.332564 
3027 0.394977 
3028 -0.278594 
3029 0.394977 
3030 0.258684 
