39 1
0 0.276504 
1 -0.136763 
2 0.157071 
3 0.315960 
4 0.496754 
5 0.198089 
6 0.018817 
7 -0.427413 
8 0.453518 
9 0.237218 
10 0.102633 
11 -0.250806 
12 -0.014988 
13 0.197392 
14 0.445004 
15 -0.147494 
16 0.487261 
17 0.002640 
18 0.202930 
19 0.197457 
20 -0.319337 
21 0.342413 
22 0.217537 
23 -0.421125 
24 -0.108115 
25 0.181151 
26 0.327908 
27 0.322010 
28 -0.396405 
29 -0.269131 
30 0.095426 
31 0.407989 
32 0.276504 
33 -0.136763 
34 0.157071 
35 0.315960 
36 0.496754 
37 0.198089 
38 0.018817 
