3031 1
0 0.056224 
1 -0.074443 
2 -0.266511 
3 0.086612 
4 -0.208532 
5 -0.295132 
6 -0.386236 
7 -0.474671 
8 -0.052581 
9 0.024510 
10 -0.209741 
11 -0.000716 
12 0.240237 
13 -0.000716 
14 -0.000716 
15 -0.000716 
16 -0.007565 
17 -0.172700 
18 0.269999 
19 -0.031450 
20 0.275572 
21 -0.485022 
22 0.142588 
23 0.068085 
24 0.283515 
25 -0.120912 
26 -0.425395 
27 0.314665 
28 -0.370611 
29 -0.017160 
30 0.439389 
31 -0.000716 
32 -0.000716 
33 -0.000716 
34 -0.231550 
35 0.287934 
36 -0.416263 
37 0.390566 
38 0.263050 
39 -0.055239 
40 -0.430369 
41 -0.074653 
42 0.468464 
43 -0.481469 
44 -0.237078 
45 0.456016 
46 0.394735 
47 -0.139591 
48 -0.093096 
49 -0.491721 
50 0.172584 
51 0.078220 
52 0.476575 
53 -0.372228 
54 -0.064050 
55 0.451486 
56 -0.005010 
57 -0.073443 
58 0.434072 
59 -0.431325 
60 -0.327900 
61 0.254205 
62 0.478283 
63 0.053449 
64 0.497283 
65 -0.108369 
66 0.245205 
67 -0.000716 
68 0.474585 
69 -0.073443 
70 0.066864 
71 -0.007565 
72 -0.414067 
73 0.045838 
74 0.481661 
75 -0.280084 
76 -0.442983 
77 -0.007565 
78 0.360581 
79 -0.007565 
80 -0.007565 
81 0.424891 
82 0.204075 
83 -0.007565 
84 0.375920 
85 -0.380270 
86 0.499509 
87 -0.172700 
88 -0.172700 
89 -0.172700 
90 -0.172700 
91 -0.172700 
92 -0.172700 
93 -0.172700 
94 -0.172700 
95 -0.172700 
96 -0.172700 
97 -0.172700 
98 -0.172700 
99 -0.172700 
100 -0.172700 
101 -0.172700 
102 -0.172700 
103 -0.172700 
104 0.208789 
105 -0.172700 
106 -0.172700 
107 -0.172700 
108 0.054505 
109 -0.172700 
110 -0.172700 
111 -0.172700 
112 0.381858 
113 -0.366788 
114 0.114106 
115 -0.246555 
116 -0.108798 
117 -0.172700 
118 -0.098752 
119 -0.172700 
120 -0.172700 
121 -0.172700 
122 -0.172700 
123 -0.172700 
124 0.432725 
125 -0.459289 
126 0.422223 
127 -0.063094 
128 -0.378669 
129 -0.070208 
130 -0.342877 
131 -0.486140 
132 0.404354 
133 -0.329534 
134 -0.088301 
135 -0.414067 
136 -0.127928 
137 0.498405 
138 0.303070 
139 0.139712 
140 -0.175170 
141 -0.324927 
142 -0.134527 
143 -0.307848 
144 -0.152497 
145 0.447051 
146 -0.020295 
147 0.099866 
148 -0.222254 
149 0.476601 
150 0.179703 
151 -0.491836 
152 0.053859 
153 0.016400 
154 0.273904 
155 -0.235304 
156 0.421663 
157 -0.295016 
158 -0.048521 
159 0.285105 
160 -0.043432 
161 0.329264 
162 0.174083 
163 -0.241433 
164 -0.235304 
165 -0.063380 
166 0.052595 
167 -0.063324 
168 0.058648 
169 0.347280 
170 0.486858 
171 0.253414 
172 0.126635 
173 -0.235304 
174 -0.411424 
175 0.259086 
176 0.214299 
177 0.142340 
178 0.267505 
179 0.162809 
180 0.240073 
181 -0.032213 
182 -0.480311 
183 0.246681 
184 0.419751 
185 -0.229640 
186 0.293417 
187 0.441135 
188 -0.221756 
189 0.130872 
190 0.226663 
191 -0.022806 
192 -0.279462 
193 -0.452442 
194 0.085077 
195 -0.059721 
196 0.053410 
197 0.029908 
198 0.244487 
199 -0.023582 
200 -0.415463 
201 0.352961 
202 0.235401 
203 -0.099069 
204 -0.149238 
205 0.123699 
206 0.479493 
207 -0.106143 
208 0.211791 
209 -0.322342 
210 -0.285299 
211 -0.285299 
212 -0.288173 
213 -0.288173 
214 -0.288173 
215 -0.288173 
216 -0.288173 
217 -0.288173 
218 -0.288173 
219 -0.193902 
220 -0.316756 
221 -0.288173 
222 -0.288173 
223 -0.288173 
224 -0.288173 
225 -0.288173 
226 -0.288173 
227 -0.288173 
228 -0.288173 
229 -0.241433 
230 -0.241433 
231 -0.241433 
232 -0.241433 
233 -0.241433 
234 -0.235304 
235 -0.454757 
236 -0.121560 
237 0.240237 
238 -0.482345 
239 -0.482345 
240 -0.433419 
241 -0.108648 
242 -0.328067 
243 -0.260437 
244 -0.456204 
245 -0.456204 
246 -0.428763 
247 -0.374431 
248 0.175300 
249 0.147269 
250 0.422510 
251 0.213585 
252 0.320405 
253 0.319286 
254 0.012194 
255 0.334330 
256 0.056648 
257 0.470073 
258 -0.083345 
259 -0.288378 
260 -0.351605 
261 0.468524 
262 0.425456 
263 -0.317109 
264 0.331428 
265 -0.052945 
266 0.278591 
267 0.399691 
268 -0.343900 
269 0.095284 
270 0.185485 
271 0.291435 
272 -0.412789 
273 -0.372080 
274 -0.244787 
275 -0.414067 
276 0.035899 
277 -0.367495 
278 -0.349427 
279 0.376354 
280 0.129969 
281 -0.407020 
282 0.478725 
283 0.225119 
284 0.185485 
285 0.095284 
286 -0.084281 
287 0.243456 
288 -0.007565 
289 0.474585 
290 -0.073443 
291 -0.073443 
292 0.066864 
293 -0.007565 
294 -0.414067 
295 -0.414067 
296 -0.414067 
297 -0.414067 
298 -0.414067 
299 -0.414067 
300 -0.414067 
301 -0.001602 
302 0.421663 
303 0.421663 
304 -0.280084 
305 -0.160620 
306 0.421663 
307 -0.007565 
308 0.360581 
309 -0.050405 
310 -0.007565 
311 -0.007565 
312 0.259234 
313 0.424891 
314 -0.172700 
315 0.407194 
316 -0.169206 
317 -0.007565 
318 -0.241433 
319 0.467623 
320 -0.007565 
321 -0.172700 
322 -0.380270 
323 -0.172700 
324 -0.172700 
325 -0.172700 
326 -0.172700 
327 -0.172700 
328 -0.172700 
329 -0.172700 
330 -0.172700 
331 -0.172700 
332 -0.172700 
333 -0.172700 
334 -0.172700 
335 -0.172700 
336 -0.172700 
337 -0.172700 
338 -0.172700 
339 -0.172700 
340 -0.172700 
341 -0.172700 
342 -0.172700 
343 -0.172700 
344 0.208789 
345 0.208789 
346 -0.172700 
347 -0.172700 
348 -0.172700 
349 0.054505 
350 -0.172700 
351 -0.172700 
352 -0.172700 
353 0.381858 
354 -0.366788 
355 0.114106 
356 -0.246555 
357 -0.108798 
358 -0.172700 
359 0.099866 
360 -0.172700 
361 -0.172700 
362 -0.172700 
363 -0.172700 
364 -0.172700 
365 0.432725 
366 -0.459289 
367 0.422223 
368 -0.063094 
369 -0.378669 
370 -0.070208 
371 -0.342877 
372 -0.486140 
373 0.404354 
374 -0.329534 
375 -0.088301 
376 -0.414067 
377 -0.127928 
378 0.498405 
379 0.303070 
380 0.139712 
381 -0.175170 
382 -0.324927 
383 -0.134527 
384 -0.307848 
385 -0.152497 
386 0.447051 
387 -0.020295 
388 -0.020295 
389 0.099866 
390 -0.222254 
391 -0.369966 
392 -0.432141 
393 -0.113372 
394 0.476601 
395 -0.209282 
396 0.373905 
397 0.174083 
398 -0.285299 
399 0.327023 
400 0.424891 
401 0.421663 
402 0.421663 
403 0.421663 
404 -0.235304 
405 -0.235304 
406 -0.235304 
407 -0.235304 
408 -0.235304 
409 -0.235304 
410 -0.235304 
411 0.421663 
412 -0.295016 
413 -0.048521 
414 0.285105 
415 0.285105 
416 0.285105 
417 0.285105 
418 -0.043432 
419 0.099866 
420 0.174083 
421 -0.241433 
422 -0.235304 
423 -0.235304 
424 -0.235304 
425 -0.235304 
426 -0.235304 
427 -0.235304 
428 -0.235304 
429 -0.235304 
430 -0.447015 
431 -0.447015 
432 -0.447015 
433 -0.447015 
434 -0.447015 
435 -0.447015 
436 -0.447015 
437 -0.235304 
438 -0.235304 
439 -0.063380 
440 -0.063380 
441 -0.063380 
442 -0.063380 
443 -0.063380 
444 -0.063380 
445 -0.063380 
446 -0.063380 
447 -0.063380 
448 -0.063380 
449 -0.063380 
450 -0.063380 
451 -0.063380 
452 -0.063380 
453 -0.063380 
454 -0.235304 
455 -0.235304 
456 -0.235304 
457 0.052595 
458 0.052595 
459 0.052595 
460 0.052595 
461 0.052595 
462 0.052595 
463 0.006835 
464 0.006835 
465 0.110175 
466 0.110175 
467 0.110175 
468 0.110175 
469 -0.278601 
470 -0.278601 
471 -0.249502 
472 -0.249502 
473 -0.249502 
474 -0.249502 
475 -0.249502 
476 -0.249502 
477 -0.393934 
478 -0.393934 
479 -0.393934 
480 -0.393934 
481 0.332566 
482 0.332566 
483 0.332566 
484 0.332566 
485 -0.411503 
486 -0.411503 
487 -0.411503 
488 -0.411503 
489 -0.020631 
490 -0.020631 
491 -0.020631 
492 -0.020631 
493 0.413798 
494 0.413798 
495 0.413798 
496 0.413798 
497 -0.136013 
498 -0.136013 
499 -0.136013 
500 -0.136013 
501 0.168499 
502 0.168499 
503 -0.008265 
504 -0.008265 
505 -0.008265 
506 -0.008265 
507 -0.008265 
508 -0.008265 
509 0.052595 
510 -0.235304 
511 -0.235304 
512 -0.235304 
513 -0.235304 
514 -0.235304 
515 -0.063324 
516 -0.063324 
517 -0.063324 
518 -0.063324 
519 -0.063324 
520 -0.063324 
521 -0.063324 
522 -0.063324 
523 -0.063324 
524 -0.063324 
525 -0.063324 
526 -0.063324 
527 -0.063324 
528 -0.063324 
529 -0.063324 
530 -0.063324 
531 -0.063324 
532 -0.063324 
533 -0.063324 
534 -0.063324 
535 -0.063324 
536 -0.063324 
537 -0.063324 
538 -0.063324 
539 -0.063324 
540 -0.063324 
541 -0.063324 
542 -0.063324 
543 -0.063324 
544 -0.063324 
545 -0.063324 
546 -0.063324 
547 -0.063324 
548 -0.063324 
549 -0.063324 
550 -0.235304 
551 0.058648 
552 0.058648 
553 0.058648 
554 0.058648 
555 0.058648 
556 0.058648 
557 0.058648 
558 0.058648 
559 0.058648 
560 0.058648 
561 0.058648 
562 0.058648 
563 -0.063324 
564 -0.063324 
565 0.058648 
566 0.058648 
567 0.058648 
568 0.058648 
569 0.058648 
570 0.058648 
571 0.058648 
572 0.058648 
573 0.058648 
574 0.058648 
575 0.058648 
576 0.058648 
577 0.058648 
578 0.058648 
579 0.260114 
580 0.260114 
581 0.260114 
582 -0.266511 
583 -0.266511 
584 0.058648 
585 0.058648 
586 0.058648 
587 0.058648 
588 0.058648 
589 0.058648 
590 0.058648 
591 0.058648 
592 0.058648 
593 0.058648 
594 0.058648 
595 0.058648 
596 0.058648 
597 0.058648 
598 0.058648 
599 0.058648 
600 0.058648 
601 0.058648 
602 0.347280 
603 0.347280 
604 0.347280 
605 0.347280 
606 0.347280 
607 0.347280 
608 -0.315339 
609 -0.315339 
610 -0.315339 
611 -0.315339 
612 -0.315339 
613 -0.315339 
614 -0.431325 
615 -0.431325 
616 -0.431325 
617 -0.431325 
618 -0.431325 
619 0.347280 
620 0.347280 
621 0.347280 
622 0.347280 
623 0.347280 
624 0.347280 
625 0.347280 
626 0.347280 
627 0.347280 
628 0.347280 
629 0.347280 
630 0.347280 
631 0.340524 
632 0.340524 
633 0.340524 
634 0.347280 
635 0.486858 
636 0.486858 
637 0.486858 
638 0.486858 
639 0.486858 
640 0.486858 
641 -0.411264 
642 -0.411264 
643 -0.108798 
644 -0.108798 
645 -0.108798 
646 -0.108798 
647 -0.108798 
648 -0.108798 
649 0.347280 
650 0.347280 
651 0.347280 
652 0.347280 
653 0.327023 
654 0.327023 
655 0.327023 
656 0.327023 
657 0.434047 
658 0.434047 
659 0.434047 
660 0.434047 
661 0.434047 
662 0.434047 
663 0.211328 
664 0.211328 
665 0.211328 
666 0.211328 
667 0.491908 
668 0.491908 
669 0.491908 
670 0.491908 
671 -0.194767 
672 -0.194767 
673 -0.194767 
674 -0.194767 
675 0.082040 
676 0.082040 
677 0.082040 
678 0.082040 
679 0.030143 
680 0.030143 
681 0.030143 
682 0.030143 
683 0.030143 
684 0.028531 
685 0.486858 
686 -0.235304 
687 0.253414 
688 0.253414 
689 0.253414 
690 0.253414 
691 0.253414 
692 0.253414 
693 0.115878 
694 0.115878 
695 0.115878 
696 0.115878 
697 0.115878 
698 -0.471263 
699 -0.471263 
700 -0.471263 
701 -0.471263 
702 0.156788 
703 0.156788 
704 0.156788 
705 0.156788 
706 0.304445 
707 0.304445 
708 0.304445 
709 0.304445 
710 0.304445 
711 0.253414 
712 -0.235304 
713 -0.235304 
714 -0.020295 
715 -0.235304 
716 -0.235304 
717 -0.235304 
718 0.126635 
719 0.126635 
720 0.126635 
721 0.126635 
722 0.126635 
723 0.126635 
724 -0.033898 
725 -0.033898 
726 -0.327900 
727 -0.327900 
728 -0.327900 
729 -0.327900 
730 -0.327900 
731 -0.327900 
732 -0.327900 
733 0.254205 
734 0.254205 
735 0.254205 
736 0.254205 
737 0.478283 
738 0.478283 
739 0.478283 
740 0.478283 
741 0.002381 
742 0.002381 
743 0.002381 
744 0.126635 
745 -0.235304 
746 -0.235304 
747 -0.235304 
748 -0.235304 
749 -0.235304 
750 -0.235304 
751 -0.042432 
752 -0.042432 
753 -0.042432 
754 -0.235304 
755 -0.235304 
756 -0.411424 
757 -0.411424 
758 -0.411424 
759 -0.411424 
760 -0.411424 
761 -0.411424 
762 0.053449 
763 0.053449 
764 0.053449 
765 -0.471747 
766 -0.471747 
767 -0.471747 
768 -0.471747 
769 -0.471747 
770 -0.471747 
771 -0.358168 
772 -0.358168 
773 -0.358168 
774 -0.358168 
775 0.190084 
776 0.190084 
777 0.190084 
778 0.190084 
779 -0.414491 
780 -0.414491 
781 -0.414491 
782 -0.414491 
783 0.173983 
784 0.173983 
785 0.173983 
786 0.173983 
787 0.480023 
788 0.480023 
789 0.480023 
790 0.480023 
791 -0.000368 
792 -0.000368 
793 -0.000368 
794 -0.000368 
795 0.066873 
796 0.066873 
797 -0.497587 
798 -0.497587 
799 -0.497587 
800 -0.497587 
801 -0.497587 
802 -0.497587 
803 -0.497587 
804 -0.210923 
805 -0.210923 
806 -0.210923 
807 -0.210923 
808 0.497264 
809 0.497264 
810 0.497264 
811 -0.411424 
812 0.259086 
813 0.259086 
814 0.259086 
815 0.259086 
816 0.259086 
817 0.259086 
818 0.259086 
819 0.259086 
820 0.259086 
821 0.259086 
822 0.259086 
823 0.259086 
824 0.259086 
825 0.259086 
826 0.259086 
827 0.259086 
828 0.259086 
829 0.259086 
830 0.259086 
831 0.259086 
832 0.191602 
833 0.191602 
834 0.191602 
835 0.191602 
836 0.191602 
837 0.191602 
838 0.191602 
839 -0.028566 
840 -0.028566 
841 -0.028566 
842 -0.028566 
843 -0.499218 
844 -0.499218 
845 -0.499218 
846 -0.499218 
847 0.401959 
848 0.401959 
849 0.401959 
850 0.401959 
851 -0.267142 
852 -0.267142 
853 -0.267142 
854 -0.267142 
855 0.259086 
856 0.259086 
857 0.207786 
858 0.207786 
859 0.207786 
860 0.207786 
861 0.207786 
862 0.259086 
863 -0.235304 
864 -0.235304 
865 -0.235304 
866 -0.235304 
867 -0.235304 
868 -0.235304 
869 -0.235304 
870 -0.235304 
871 -0.235304 
872 0.214299 
873 0.214299 
874 0.214299 
875 0.214299 
876 0.214299 
877 0.214299 
878 0.289767 
879 0.289767 
880 0.289767 
881 0.289767 
882 0.289767 
883 0.289767 
884 0.005135 
885 0.005135 
886 0.005135 
887 0.005135 
888 -0.058071 
889 -0.058071 
890 -0.058071 
891 -0.058071 
892 0.461168 
893 0.461168 
894 0.461168 
895 0.461168 
896 -0.108100 
897 -0.108100 
898 -0.108100 
899 -0.108100 
900 0.263777 
901 0.263777 
902 0.263777 
903 0.263777 
904 -0.147711 
905 -0.147711 
906 -0.147711 
907 -0.147711 
908 -0.147711 
909 -0.147711 
910 -0.147711 
911 -0.186366 
912 -0.186366 
913 -0.186366 
914 -0.186366 
915 -0.420945 
916 -0.420945 
917 -0.420945 
918 -0.420945 
919 -0.256516 
920 -0.256516 
921 -0.256516 
922 -0.256516 
923 0.323467 
924 0.323467 
925 0.323467 
926 0.323467 
927 0.221530 
928 0.221530 
929 0.221530 
930 0.214299 
931 -0.235304 
932 0.347280 
933 0.142340 
934 0.142340 
935 0.142340 
936 0.142340 
937 0.142340 
938 0.142340 
939 0.000269 
940 0.000269 
941 0.000269 
942 0.000269 
943 0.000269 
944 0.000269 
945 -0.022539 
946 -0.022539 
947 -0.022539 
948 -0.022539 
949 0.018435 
950 0.018435 
951 0.018435 
952 0.018435 
953 0.109110 
954 0.109110 
955 0.109110 
956 0.109110 
957 -0.402920 
958 -0.402920 
959 -0.402920 
960 -0.402920 
961 -0.050779 
962 -0.050779 
963 -0.050779 
964 -0.050779 
965 -0.005972 
966 -0.005972 
967 -0.005972 
968 -0.005972 
969 0.091042 
970 0.091042 
971 0.091042 
972 0.091042 
973 0.091042 
974 0.091042 
975 -0.410933 
976 -0.410933 
977 -0.410933 
978 -0.410933 
979 -0.410933 
980 -0.352093 
981 -0.352093 
982 -0.352093 
983 -0.352093 
984 0.142340 
985 0.267505 
986 0.267505 
987 0.267505 
988 0.267505 
989 0.267505 
990 0.267505 
991 -0.332189 
992 -0.332189 
993 -0.332189 
994 0.086612 
995 0.086612 
996 0.086612 
997 0.086612 
998 -0.208532 
999 -0.208532 
1000 -0.208532 
1001 -0.208532 
1002 -0.295132 
1003 -0.295132 
1004 -0.295132 
1005 -0.295132 
1006 -0.386236 
1007 -0.386236 
1008 -0.386236 
1009 -0.386236 
1010 -0.474671 
1011 -0.474671 
1012 -0.497587 
1013 -0.497587 
1014 -0.497587 
1015 -0.497587 
1016 -0.497587 
1017 -0.497587 
1018 -0.210923 
1019 -0.210923 
1020 -0.210923 
1021 -0.210923 
1022 0.309750 
1023 0.309750 
1024 -0.154085 
1025 -0.154085 
1026 -0.154085 
1027 -0.154085 
1028 -0.154085 
1029 -0.154085 
1030 -0.242292 
1031 -0.242292 
1032 -0.242292 
1033 -0.242292 
1034 -0.120311 
1035 -0.120311 
1036 -0.120311 
1037 0.267505 
1038 0.162809 
1039 0.162809 
1040 0.162809 
1041 0.162809 
1042 0.162809 
1043 0.162809 
1044 -0.407628 
1045 -0.407628 
1046 -0.407628 
1047 0.497264 
1048 0.497264 
1049 0.497264 
1050 0.497264 
1051 0.497264 
1052 0.497264 
1053 -0.384566 
1054 -0.384566 
1055 -0.384566 
1056 -0.384566 
1057 0.092311 
1058 0.092311 
1059 0.092311 
1060 0.092311 
1061 -0.153352 
1062 -0.153352 
1063 -0.153352 
1064 -0.153352 
1065 -0.459742 
1066 -0.459742 
1067 -0.459742 
1068 -0.459742 
1069 -0.236746 
1070 -0.236746 
1071 -0.236746 
1072 -0.236746 
1073 -0.459868 
1074 -0.459868 
1075 -0.459868 
1076 -0.459868 
1077 -0.178760 
1078 -0.178760 
1079 -0.178760 
1080 -0.178760 
1081 -0.178760 
1082 -0.085458 
1083 -0.085458 
1084 -0.085458 
1085 0.099130 
1086 0.099130 
1087 0.099130 
1088 0.162809 
1089 -0.266511 
1090 -0.315339 
1091 0.240073 
1092 0.240073 
1093 0.240073 
1094 0.240073 
1095 0.240073 
1096 0.240073 
1097 -0.280084 
1098 -0.280084 
1099 -0.280084 
1100 -0.280084 
1101 -0.280084 
1102 0.402685 
1103 0.402685 
1104 0.402685 
1105 0.402685 
1106 0.253414 
1107 0.253414 
1108 0.253414 
1109 0.253414 
1110 0.126635 
1111 0.126635 
1112 0.126635 
1113 0.126635 
1114 -0.074443 
1115 -0.074443 
1116 0.092311 
1117 0.092311 
1118 0.092311 
1119 0.092311 
1120 0.092311 
1121 0.092311 
1122 0.092311 
1123 -0.153352 
1124 -0.153352 
1125 -0.153352 
1126 -0.153352 
1127 -0.459742 
1128 -0.459742 
1129 -0.459742 
1130 -0.459742 
1131 -0.236746 
1132 -0.236746 
1133 -0.236746 
1134 -0.236746 
1135 -0.236746 
1136 0.240073 
1137 -0.032213 
1138 -0.032213 
1139 -0.032213 
1140 -0.032213 
1141 -0.032213 
1142 -0.032213 
1143 -0.459868 
1144 -0.459868 
1145 -0.459868 
1146 -0.459868 
1147 -0.459868 
1148 -0.459868 
1149 -0.178760 
1150 -0.178760 
1151 -0.178760 
1152 -0.178760 
1153 -0.178760 
1154 0.468951 
1155 -0.035093 
1156 -0.035093 
1157 -0.035093 
1158 -0.035093 
1159 -0.035093 
1160 -0.035093 
1161 0.452390 
1162 0.452390 
1163 0.452390 
1164 0.452390 
1165 0.444718 
1166 0.444718 
1167 0.444718 
1168 0.444718 
1169 -0.339805 
1170 -0.339805 
1171 -0.339805 
1172 -0.339805 
1173 -0.022492 
1174 -0.022492 
1175 -0.022492 
1176 -0.022492 
1177 -0.193446 
1178 -0.193446 
1179 -0.193446 
1180 -0.193446 
1181 -0.330331 
1182 -0.330331 
1183 -0.330331 
1184 -0.330331 
1185 -0.330331 
1186 -0.255344 
1187 -0.032213 
1188 -0.480311 
1189 -0.480311 
1190 -0.480311 
1191 -0.480311 
1192 -0.480311 
1193 -0.480311 
1194 -0.373769 
1195 -0.373769 
1196 -0.416858 
1197 -0.416858 
1198 -0.416858 
1199 -0.416858 
1200 0.387677 
1201 0.387677 
1202 0.387677 
1203 0.387677 
1204 -0.329478 
1205 -0.329478 
1206 -0.329478 
1207 -0.329478 
1208 -0.386423 
1209 -0.386423 
1210 -0.386423 
1211 -0.386423 
1212 -0.386423 
1213 -0.386423 
1214 -0.093145 
1215 -0.093145 
1216 -0.093145 
1217 -0.093145 
1218 0.404660 
1219 0.404660 
1220 0.404660 
1221 0.404660 
1222 -0.434064 
1223 -0.434064 
1224 -0.434064 
1225 -0.434064 
1226 0.338066 
1227 0.338066 
1228 0.338066 
1229 0.338066 
1230 -0.060592 
1231 -0.060592 
1232 -0.060592 
1233 -0.060592 
1234 0.141794 
1235 0.141794 
1236 0.141794 
1237 0.141794 
1238 0.141794 
1239 -0.480311 
1240 -0.068879 
1241 -0.068879 
1242 -0.068879 
1243 -0.068879 
1244 -0.068879 
1245 -0.068879 
1246 -0.068879 
1247 0.367417 
1248 0.367417 
1249 0.367417 
1250 0.367417 
1251 0.348473 
1252 0.348473 
1253 0.497283 
1254 0.497283 
1255 0.497283 
1256 0.497283 
1257 0.497283 
1258 0.497283 
1259 -0.108369 
1260 -0.108369 
1261 -0.108369 
1262 -0.108369 
1263 0.245205 
1264 0.245205 
1265 0.245205 
1266 0.245205 
1267 0.467623 
1268 0.467623 
1269 0.467623 
1270 0.467623 
1271 0.143083 
1272 0.143083 
1273 0.143083 
1274 0.143083 
1275 0.117148 
1276 0.117148 
1277 0.117148 
1278 0.117148 
1279 -0.323498 
1280 -0.323498 
1281 -0.323498 
1282 -0.323498 
1283 -0.189641 
1284 -0.189641 
1285 -0.427053 
1286 -0.427053 
1287 -0.427053 
1288 -0.427053 
1289 -0.427053 
1290 -0.427053 
1291 -0.068879 
1292 0.246681 
1293 0.246681 
1294 0.246681 
1295 0.246681 
1296 0.246681 
1297 0.246681 
1298 0.111084 
1299 0.111084 
1300 0.111084 
1301 0.111084 
1302 0.309750 
1303 0.309750 
1304 0.309750 
1305 0.309750 
1306 -0.412789 
1307 -0.412789 
1308 -0.412789 
1309 -0.412789 
1310 -0.244787 
1311 -0.244787 
1312 -0.244787 
1313 -0.244787 
1314 -0.001602 
1315 -0.001602 
1316 -0.001602 
1317 -0.001602 
1318 -0.160620 
1319 -0.160620 
1320 -0.160620 
1321 -0.160620 
1322 -0.160620 
1323 -0.275461 
1324 -0.275461 
1325 -0.275461 
1326 -0.410024 
1327 -0.410024 
1328 -0.410024 
1329 -0.410024 
1330 -0.406783 
1331 -0.406783 
1332 -0.406783 
1333 -0.406783 
1334 -0.079140 
1335 -0.079140 
1336 -0.079140 
1337 -0.079140 
1338 -0.079140 
1339 -0.147711 
1340 -0.147711 
1341 -0.147711 
1342 -0.147711 
1343 -0.147711 
1344 -0.147711 
1345 -0.147711 
1346 0.246681 
1347 0.419751 
1348 0.419751 
1349 0.419751 
1350 0.419751 
1351 0.419751 
1352 0.419751 
1353 -0.155579 
1354 -0.155579 
1355 -0.155579 
1356 -0.155579 
1357 -0.155579 
1358 -0.155579 
1359 -0.155579 
1360 0.277583 
1361 0.277583 
1362 0.277583 
1363 -0.197690 
1364 -0.197690 
1365 -0.197690 
1366 -0.197690 
1367 0.361462 
1368 0.361462 
1369 0.361462 
1370 0.361462 
1371 -0.260459 
1372 -0.260459 
1373 -0.295132 
1374 -0.295132 
1375 -0.295132 
1376 -0.295132 
1377 -0.295132 
1378 -0.295132 
1379 -0.386236 
1380 -0.386236 
1381 -0.386236 
1382 -0.386236 
1383 -0.474671 
1384 -0.474671 
1385 -0.474671 
1386 -0.474671 
1387 -0.052581 
1388 -0.052581 
1389 0.046150 
1390 0.046150 
1391 0.046150 
1392 0.046150 
1393 0.046150 
1394 0.046150 
1395 0.046150 
1396 0.046150 
1397 0.419751 
1398 -0.229640 
1399 -0.229640 
1400 -0.229640 
1401 -0.229640 
1402 -0.229640 
1403 -0.229640 
1404 0.245072 
1405 0.245072 
1406 0.245072 
1407 0.245072 
1408 0.245072 
1409 0.245072 
1410 0.307409 
1411 0.307409 
1412 0.307409 
1413 0.307409 
1414 0.018435 
1415 0.018435 
1416 0.018435 
1417 0.018435 
1418 0.109110 
1419 0.109110 
1420 0.109110 
1421 0.109110 
1422 -0.402920 
1423 -0.402920 
1424 -0.402920 
1425 -0.402920 
1426 -0.402920 
1427 0.171044 
1428 0.171044 
1429 0.171044 
1430 0.069532 
1431 0.069532 
1432 -0.209741 
1433 -0.209741 
1434 -0.209741 
1435 -0.209741 
1436 -0.209741 
1437 -0.209741 
1438 0.476601 
1439 0.476601 
1440 0.476601 
1441 0.476601 
1442 0.124724 
1443 0.124724 
1444 0.124724 
1445 0.124724 
1446 0.434072 
1447 0.434072 
1448 0.434072 
1449 0.434072 
1450 0.434072 
1451 -0.229640 
1452 0.293417 
1453 0.293417 
1454 0.293417 
1455 0.293417 
1456 0.293417 
1457 0.293417 
1458 -0.324819 
1459 -0.155579 
1460 -0.155579 
1461 -0.155579 
1462 -0.155579 
1463 -0.155579 
1464 -0.155579 
1465 -0.217524 
1466 -0.217524 
1467 -0.217524 
1468 -0.217524 
1469 -0.085036 
1470 -0.085036 
1471 -0.085036 
1472 -0.085036 
1473 0.048627 
1474 0.048627 
1475 0.048627 
1476 0.048627 
1477 0.437753 
1478 0.437753 
1479 0.437753 
1480 0.437753 
1481 -0.202264 
1482 -0.202264 
1483 -0.202264 
1484 -0.202264 
1485 0.473815 
1486 0.473815 
1487 0.473815 
1488 0.473815 
1489 0.497468 
1490 0.497468 
1491 0.497468 
1492 0.497468 
1493 0.497468 
1494 -0.052581 
1495 -0.052581 
1496 -0.052581 
1497 -0.052581 
1498 0.295851 
1499 0.295851 
1500 0.295851 
1501 0.295851 
1502 0.295851 
1503 0.293417 
1504 0.441135 
1505 0.441135 
1506 0.441135 
1507 0.441135 
1508 0.441135 
1509 0.441135 
1510 -0.044251 
1511 -0.044251 
1512 -0.044251 
1513 -0.044251 
1514 0.024510 
1515 0.024510 
1516 -0.036348 
1517 -0.036348 
1518 -0.036348 
1519 -0.036348 
1520 -0.036348 
1521 -0.036348 
1522 -0.046241 
1523 -0.046241 
1524 -0.046241 
1525 -0.046241 
1526 -0.400495 
1527 -0.400495 
1528 -0.400495 
1529 -0.400495 
1530 0.399011 
1531 0.399011 
1532 0.399011 
1533 0.399011 
1534 0.483594 
1535 0.483594 
1536 0.483594 
1537 0.483594 
1538 0.062497 
1539 0.062497 
1540 0.062497 
1541 0.062497 
1542 0.266372 
1543 0.266372 
1544 0.266372 
1545 0.266372 
1546 -0.268093 
1547 -0.268093 
1548 -0.268093 
1549 -0.268093 
1550 -0.238779 
1551 -0.238779 
1552 -0.238779 
1553 -0.238779 
1554 0.416765 
1555 0.416765 
1556 0.416765 
1557 0.416765 
1558 -0.381694 
1559 -0.381694 
1560 -0.381694 
1561 -0.381694 
1562 -0.381694 
1563 -0.381694 
1564 -0.381694 
1565 -0.413372 
1566 -0.413372 
1567 -0.413372 
1568 -0.413372 
1569 -0.308797 
1570 -0.308797 
1571 -0.308797 
1572 -0.308797 
1573 -0.308797 
1574 0.441135 
1575 -0.221756 
1576 -0.221756 
1577 -0.221756 
1578 -0.221756 
1579 -0.221756 
1580 -0.221756 
1581 0.443217 
1582 0.443217 
1583 0.443217 
1584 0.443217 
1585 0.443217 
1586 0.443217 
1587 -0.348097 
1588 -0.348097 
1589 -0.348097 
1590 -0.348097 
1591 0.239722 
1592 0.239722 
1593 0.164276 
1594 0.164276 
1595 0.164276 
1596 0.164276 
1597 0.164276 
1598 0.164276 
1599 -0.161936 
1600 -0.161936 
1601 -0.161936 
1602 -0.161936 
1603 0.260376 
1604 0.260376 
1605 0.260376 
1606 0.260376 
1607 -0.297839 
1608 -0.297839 
1609 -0.297839 
1610 -0.297839 
1611 0.185869 
1612 0.185869 
1613 0.185869 
1614 0.185869 
1615 0.185869 
1616 0.185869 
1617 -0.143218 
1618 -0.143218 
1619 -0.143218 
1620 -0.143218 
1621 -0.373534 
1622 -0.373534 
1623 -0.373534 
1624 -0.373534 
1625 0.127866 
1626 0.127866 
1627 0.127866 
1628 0.127866 
1629 0.127866 
1630 -0.221756 
1631 0.130872 
1632 0.130872 
1633 0.130872 
1634 0.130872 
1635 0.130872 
1636 0.130872 
1637 -0.123680 
1638 -0.123680 
1639 -0.123680 
1640 -0.123680 
1641 -0.123680 
1642 0.070855 
1643 0.070855 
1644 0.070855 
1645 0.070855 
1646 -0.179775 
1647 -0.179775 
1648 -0.179775 
1649 -0.179775 
1650 0.205281 
1651 0.205281 
1652 0.205281 
1653 0.205281 
1654 0.058222 
1655 0.058222 
1656 0.058222 
1657 0.058222 
1658 -0.424931 
1659 -0.424931 
1660 0.468902 
1661 0.468902 
1662 0.468902 
1663 0.468902 
1664 0.468902 
1665 0.468902 
1666 -0.036305 
1667 -0.036305 
1668 -0.036305 
1669 -0.036305 
1670 -0.210135 
1671 -0.210135 
1672 -0.210135 
1673 -0.210135 
1674 -0.380607 
1675 -0.380607 
1676 -0.380607 
1677 -0.380607 
1678 0.056023 
1679 0.056023 
1680 0.056023 
1681 0.130872 
1682 0.226663 
1683 0.226663 
1684 0.226663 
1685 0.226663 
1686 0.226663 
1687 0.226663 
1688 0.359313 
1689 0.359313 
1690 0.359313 
1691 0.359313 
1692 0.359313 
1693 -0.016272 
1694 -0.016272 
1695 0.399011 
1696 0.399011 
1697 0.399011 
1698 0.399011 
1699 0.399011 
1700 0.399011 
1701 0.483594 
1702 0.483594 
1703 0.483594 
1704 0.483594 
1705 0.062497 
1706 0.062497 
1707 0.062497 
1708 0.062497 
1709 0.266372 
1710 0.266372 
1711 0.266372 
1712 0.266372 
1713 -0.268093 
1714 -0.268093 
1715 -0.268093 
1716 -0.268093 
1717 -0.238779 
1718 -0.238779 
1719 -0.238779 
1720 -0.238779 
1721 0.416765 
1722 0.416765 
1723 0.416765 
1724 0.416765 
1725 0.135014 
1726 0.135014 
1727 0.135014 
1728 0.135014 
1729 0.135014 
1730 -0.089511 
1731 -0.089511 
1732 0.226663 
1733 -0.022806 
1734 -0.022806 
1735 -0.022806 
1736 -0.022806 
1737 -0.022806 
1738 -0.022806 
1739 -0.022806 
1740 0.086612 
1741 0.086612 
1742 0.086612 
1743 0.086612 
1744 -0.208532 
1745 -0.208532 
1746 -0.022806 
1747 -0.022806 
1748 -0.022806 
1749 -0.022806 
1750 -0.435125 
1751 -0.435125 
1752 -0.435125 
1753 -0.435125 
1754 -0.435125 
1755 -0.435125 
1756 0.041484 
1757 0.041484 
1758 0.041484 
1759 0.041484 
1760 -0.420615 
1761 -0.420615 
1762 -0.420615 
1763 -0.420615 
1764 -0.420615 
1765 -0.050405 
1766 -0.050405 
1767 -0.050405 
1768 -0.050405 
1769 0.259234 
1770 0.259234 
1771 0.259234 
1772 0.259234 
1773 -0.467155 
1774 -0.467155 
1775 -0.022806 
1776 -0.022806 
1777 -0.022806 
1778 -0.022806 
1779 0.430056 
1780 0.430056 
1781 0.430056 
1782 0.430056 
1783 0.430056 
1784 -0.022806 
1785 -0.279462 
1786 -0.279462 
1787 -0.279462 
1788 -0.279462 
1789 -0.279462 
1790 -0.279462 
1791 0.046980 
1792 0.046980 
1793 0.046980 
1794 0.046980 
1795 0.046980 
1796 0.046980 
1797 -0.366601 
1798 -0.366601 
1799 -0.366601 
1800 -0.366601 
1801 -0.490639 
1802 -0.490639 
1803 -0.490639 
1804 -0.490639 
1805 0.182176 
1806 0.182176 
1807 0.182176 
1808 0.182176 
1809 0.174555 
1810 0.174555 
1811 0.174555 
1812 0.174555 
1813 -0.066522 
1814 -0.066522 
1815 -0.066522 
1816 -0.066522 
1817 0.202248 
1818 0.202248 
1819 0.202248 
1820 0.202248 
1821 0.154377 
1822 0.154377 
1823 0.154377 
1824 0.154377 
1825 -0.466518 
1826 -0.466518 
1827 -0.466518 
1828 -0.466518 
1829 -0.026227 
1830 -0.026227 
1831 -0.026227 
1832 -0.026227 
1833 -0.026227 
1834 -0.026227 
1835 0.261597 
1836 0.261597 
1837 0.261597 
1838 0.261597 
1839 -0.034520 
1840 -0.034520 
1841 -0.034520 
1842 -0.034520 
1843 0.248530 
1844 0.248530 
1845 0.248530 
1846 0.248530 
1847 0.248530 
1848 -0.279462 
1849 -0.452442 
1850 -0.452442 
1851 -0.452442 
1852 -0.452442 
1853 -0.452442 
1854 -0.452442 
1855 -0.424520 
1856 -0.424520 
1857 -0.424520 
1858 -0.424520 
1859 -0.424520 
1860 0.128625 
1861 0.128625 
1862 0.128625 
1863 0.128625 
1864 -0.217524 
1865 -0.217524 
1866 -0.217524 
1867 -0.217524 
1868 -0.217524 
1869 -0.217524 
1870 -0.085036 
1871 -0.085036 
1872 -0.085036 
1873 -0.085036 
1874 0.048627 
1875 0.048627 
1876 0.048627 
1877 0.048627 
1878 0.437753 
1879 0.437753 
1880 0.437753 
1881 0.437753 
1882 -0.202264 
1883 -0.202264 
1884 -0.202264 
1885 -0.202264 
1886 0.031844 
1887 0.031844 
1888 0.031844 
1889 0.031844 
1890 -0.282176 
1891 -0.282176 
1892 -0.282176 
1893 -0.282176 
1894 0.028531 
1895 0.028531 
1896 -0.050779 
1897 -0.050779 
1898 -0.050779 
1899 -0.050779 
1900 -0.050779 
1901 -0.050779 
1902 0.474859 
1903 0.474859 
1904 0.474859 
1905 -0.452442 
1906 0.085077 
1907 0.085077 
1908 0.085077 
1909 0.085077 
1910 0.085077 
1911 0.085077 
1912 0.237533 
1913 0.237533 
1914 0.237533 
1915 0.237533 
1916 0.237533 
1917 0.381858 
1918 0.381858 
1919 0.381858 
1920 0.381858 
1921 -0.366788 
1922 -0.366788 
1923 -0.366788 
1924 -0.366788 
1925 0.114106 
1926 0.114106 
1927 0.114106 
1928 0.114106 
1929 -0.246555 
1930 -0.246555 
1931 0.024510 
1932 0.024510 
1933 0.024510 
1934 0.024510 
1935 0.024510 
1936 0.024510 
1937 -0.063324 
1938 -0.063324 
1939 -0.063324 
1940 -0.063324 
1941 0.260114 
1942 0.260114 
1943 0.260114 
1944 0.260114 
1945 0.046150 
1946 0.046150 
1947 0.046150 
1948 0.046150 
1949 0.245072 
1950 0.245072 
1951 0.245072 
1952 0.245072 
1953 0.332048 
1954 0.332048 
1955 0.332048 
1956 0.085077 
1957 -0.059721 
1958 -0.059721 
1959 -0.059721 
1960 -0.059721 
1961 -0.059721 
1962 -0.059721 
1963 0.307409 
1964 0.307409 
1965 0.307409 
1966 0.147099 
1967 0.147099 
1968 0.147099 
1969 0.147099 
1970 0.147099 
1971 0.147099 
1972 -0.474266 
1973 -0.474266 
1974 -0.474266 
1975 -0.474266 
1976 -0.213160 
1977 -0.213160 
1978 -0.213160 
1979 -0.213160 
1980 -0.412361 
1981 -0.412361 
1982 -0.412361 
1983 -0.412361 
1984 0.473109 
1985 0.473109 
1986 0.473109 
1987 0.473109 
1988 -0.467215 
1989 -0.467215 
1990 -0.467215 
1991 -0.467215 
1992 -0.104112 
1993 -0.104112 
1994 -0.104112 
1995 -0.104112 
1996 -0.193232 
1997 -0.193232 
1998 -0.045284 
1999 -0.045284 
2000 -0.045284 
2001 -0.045284 
2002 -0.045284 
2003 -0.045284 
2004 -0.453043 
2005 -0.453043 
2006 -0.453043 
2007 -0.059721 
2008 0.053410 
2009 0.053410 
2010 0.053410 
2011 0.053410 
2012 0.053410 
2013 0.053410 
2014 -0.369966 
2015 -0.369966 
2016 -0.369966 
2017 -0.369966 
2018 -0.369966 
2019 -0.432141 
2020 -0.432141 
2021 -0.432141 
2022 -0.432141 
2023 -0.113372 
2024 -0.113372 
2025 -0.113372 
2026 -0.113372 
2027 -0.209282 
2028 -0.209282 
2029 -0.209282 
2030 -0.209282 
2031 0.373905 
2032 0.373905 
2033 0.373905 
2034 0.373905 
2035 0.373905 
2036 0.135014 
2037 0.135014 
2038 0.135014 
2039 0.404967 
2040 0.404967 
2041 0.404967 
2042 0.404967 
2043 0.404967 
2044 0.404967 
2045 -0.183005 
2046 -0.183005 
2047 -0.183005 
2048 -0.183005 
2049 0.014306 
2050 0.014306 
2051 0.014306 
2052 0.014306 
2053 0.445562 
2054 0.445562 
2055 0.445562 
2056 0.445562 
2057 0.445562 
2058 0.053410 
2059 0.029908 
2060 0.029908 
2061 0.029908 
2062 0.029908 
2063 0.029908 
2064 0.029908 
2065 -0.033602 
2066 -0.033602 
2067 -0.033602 
2068 -0.033602 
2069 -0.033602 
2070 -0.033602 
2071 -0.061309 
2072 -0.061309 
2073 -0.061309 
2074 0.146019 
2075 0.146019 
2076 0.146019 
2077 0.146019 
2078 -0.322992 
2079 -0.322992 
2080 -0.322992 
2081 -0.322992 
2082 0.033469 
2083 0.033469 
2084 0.033469 
2085 0.033469 
2086 0.363158 
2087 0.363158 
2088 0.363158 
2089 0.363158 
2090 -0.044295 
2091 -0.044295 
2092 -0.044295 
2093 -0.044295 
2094 0.490847 
2095 0.490847 
2096 -0.167333 
2097 -0.167333 
2098 -0.167333 
2099 -0.167333 
2100 -0.167333 
2101 -0.167333 
2102 -0.167333 
2103 0.040833 
2104 0.040833 
2105 0.040833 
2106 0.040833 
2107 0.380794 
2108 0.380794 
2109 0.380794 
2110 0.029908 
2111 0.244487 
2112 0.244487 
2113 0.244487 
2114 0.244487 
2115 0.244487 
2116 0.244487 
2117 0.170309 
2118 0.170309 
2119 0.170309 
2120 0.170309 
2121 0.170309 
2122 0.170309 
2123 0.030659 
2124 0.030659 
2125 0.030659 
2126 0.030659 
2127 -0.300833 
2128 -0.300833 
2129 -0.300833 
2130 -0.300833 
2131 -0.412492 
2132 -0.412492 
2133 -0.412492 
2134 -0.412492 
2135 -0.227800 
2136 -0.227800 
2137 -0.227800 
2138 -0.227800 
2139 -0.227800 
2140 -0.227800 
2141 -0.227800 
2142 0.246397 
2143 0.246397 
2144 0.246397 
2145 0.246397 
2146 0.388215 
2147 0.388215 
2148 0.388215 
2149 0.388215 
2150 -0.205207 
2151 -0.205207 
2152 -0.205207 
2153 -0.205207 
2154 0.061128 
2155 0.061128 
2156 0.061128 
2157 0.061128 
2158 -0.361381 
2159 -0.361381 
2160 -0.361381 
2161 0.244487 
2162 -0.023582 
2163 -0.023582 
2164 -0.023582 
2165 -0.023582 
2166 -0.023582 
2167 -0.023582 
2168 -0.047756 
2169 -0.047756 
2170 -0.003993 
2171 -0.003993 
2172 -0.003993 
2173 -0.003993 
2174 -0.003993 
2175 -0.003993 
2176 -0.241568 
2177 -0.241568 
2178 -0.241568 
2179 -0.241568 
2180 0.200466 
2181 0.200466 
2182 0.200466 
2183 0.200466 
2184 0.496060 
2185 0.496060 
2186 0.496060 
2187 0.496060 
2188 -0.230853 
2189 -0.230853 
2190 -0.230853 
2191 -0.230853 
2192 -0.116228 
2193 -0.116228 
2194 -0.116228 
2195 -0.116228 
2196 -0.367715 
2197 -0.367715 
2198 -0.367715 
2199 -0.367715 
2200 -0.207147 
2201 -0.207147 
2202 -0.173117 
2203 -0.173117 
2204 -0.173117 
2205 -0.173117 
2206 -0.173117 
2207 -0.173117 
2208 -0.173117 
2209 -0.012401 
2210 -0.012401 
2211 -0.012401 
2212 -0.023582 
2213 -0.415463 
2214 -0.415463 
2215 -0.415463 
2216 -0.415463 
2217 -0.415463 
2218 -0.415463 
2219 0.242138 
2220 0.242138 
2221 0.242138 
2222 0.242138 
2223 0.242138 
2224 0.242138 
2225 -0.466515 
2226 -0.466515 
2227 -0.466515 
2228 -0.466515 
2229 0.415583 
2230 0.415583 
2231 0.415583 
2232 0.415583 
2233 0.005926 
2234 0.005926 
2235 0.005926 
2236 0.005926 
2237 0.485462 
2238 0.485462 
2239 0.485462 
2240 -0.178480 
2241 -0.178480 
2242 -0.178480 
2243 -0.178480 
2244 0.099730 
2245 0.099730 
2246 0.099730 
2247 0.099730 
2248 0.131068 
2249 0.131068 
2250 0.131068 
2251 0.131068 
2252 0.133805 
2253 0.133805 
2254 0.133805 
2255 0.133805 
2256 0.423603 
2257 0.423603 
2258 0.381715 
2259 0.381715 
2260 0.381715 
2261 0.381715 
2262 0.381715 
2263 -0.415463 
2264 0.352961 
2265 0.352961 
2266 0.352961 
2267 0.352961 
2268 0.352961 
2269 0.352961 
2270 0.031844 
2271 0.031844 
2272 0.031844 
2273 0.031844 
2274 0.031844 
2275 0.376219 
2276 0.376219 
2277 0.376219 
2278 -0.482541 
2279 -0.482541 
2280 -0.482541 
2281 -0.482541 
2282 0.276297 
2283 0.276297 
2284 0.276297 
2285 0.276297 
2286 0.344366 
2287 0.344366 
2288 0.344366 
2289 0.344366 
2290 -0.296867 
2291 -0.296867 
2292 -0.296867 
2293 -0.296867 
2294 -0.115445 
2295 -0.115445 
2296 -0.115445 
2297 -0.115445 
2298 -0.017854 
2299 -0.017854 
2300 -0.017854 
2301 -0.017854 
2302 -0.291203 
2303 -0.291203 
2304 -0.291203 
2305 -0.291203 
2306 -0.291203 
2307 -0.067118 
2308 -0.067118 
2309 -0.315837 
2310 -0.315837 
2311 -0.315837 
2312 -0.315837 
2313 -0.315837 
2314 0.352961 
2315 0.235401 
2316 0.235401 
2317 0.235401 
2318 0.235401 
2319 0.235401 
2320 0.235401 
2321 0.014488 
2322 0.014488 
2323 0.014488 
2324 0.014488 
2325 0.014488 
2326 0.014488 
2327 -0.128410 
2328 -0.128410 
2329 -0.128410 
2330 -0.128410 
2331 -0.021355 
2332 -0.021355 
2333 -0.021355 
2334 -0.021355 
2335 -0.310142 
2336 -0.310142 
2337 -0.310142 
2338 -0.310142 
2339 0.370491 
2340 0.370491 
2341 0.370491 
2342 0.370491 
2343 0.370491 
2344 -0.223236 
2345 -0.223236 
2346 -0.223236 
2347 -0.223236 
2348 -0.237152 
2349 -0.237152 
2350 -0.237152 
2351 -0.237152 
2352 0.110338 
2353 0.110338 
2354 0.110338 
2355 0.110338 
2356 -0.290045 
2357 -0.290045 
2358 -0.290045 
2359 -0.290045 
2360 0.312951 
2361 0.312951 
2362 -0.384566 
2363 -0.384566 
2364 -0.384566 
2365 -0.384566 
2366 -0.384566 
2367 -0.384566 
2368 0.044795 
2369 0.044795 
2370 0.044795 
2371 0.235401 
2372 -0.099069 
2373 -0.099069 
2374 -0.099069 
2375 -0.099069 
2376 -0.099069 
2377 -0.099069 
2378 0.254517 
2379 0.254517 
2380 0.254517 
2381 0.254517 
2382 0.254517 
2383 0.254517 
2384 -0.115811 
2385 -0.115811 
2386 -0.115811 
2387 -0.115811 
2388 -0.233954 
2389 -0.233954 
2390 -0.233954 
2391 -0.233954 
2392 -0.059721 
2393 -0.059721 
2394 -0.059721 
2395 -0.059721 
2396 0.479493 
2397 0.479493 
2398 0.479493 
2399 0.479493 
2400 -0.106143 
2401 -0.106143 
2402 -0.106143 
2403 -0.106143 
2404 -0.167333 
2405 -0.167333 
2406 -0.167333 
2407 -0.167333 
2408 -0.167333 
2409 -0.374801 
2410 -0.374801 
2411 -0.374801 
2412 -0.374801 
2413 0.192171 
2414 0.192171 
2415 0.192171 
2416 0.192171 
2417 0.116598 
2418 0.116598 
2419 0.116598 
2420 0.116598 
2421 0.116598 
2422 -0.099069 
2423 -0.149238 
2424 -0.149238 
2425 -0.149238 
2426 -0.149238 
2427 -0.149238 
2428 -0.149238 
2429 0.257686 
2430 0.257686 
2431 0.257686 
2432 0.257686 
2433 -0.473725 
2434 -0.473725 
2435 -0.473725 
2436 -0.473725 
2437 -0.054754 
2438 -0.054754 
2439 -0.054754 
2440 -0.054754 
2441 -0.315837 
2442 -0.315837 
2443 -0.315837 
2444 -0.315837 
2445 -0.315837 
2446 -0.315837 
2447 -0.079140 
2448 -0.079140 
2449 -0.079140 
2450 -0.079140 
2451 -0.008265 
2452 -0.008265 
2453 -0.008265 
2454 -0.008265 
2455 -0.324819 
2456 -0.324819 
2457 -0.324819 
2458 -0.324819 
2459 0.002381 
2460 0.002381 
2461 0.002381 
2462 0.002381 
2463 -0.120311 
2464 -0.120311 
2465 -0.120311 
2466 -0.120311 
2467 -0.227049 
2468 -0.227049 
2469 -0.227049 
2470 -0.227049 
2471 -0.227049 
2472 -0.227049 
2473 -0.227049 
2474 -0.149238 
2475 0.123699 
2476 0.123699 
2477 0.123699 
2478 0.123699 
2479 0.123699 
2480 0.123699 
2481 -0.431325 
2482 -0.431325 
2483 -0.431325 
2484 -0.431325 
2485 -0.431325 
2486 -0.085458 
2487 -0.085458 
2488 -0.085458 
2489 -0.085458 
2490 -0.280084 
2491 -0.280084 
2492 -0.280084 
2493 -0.280084 
2494 0.402685 
2495 0.402685 
2496 0.402685 
2497 0.402685 
2498 0.253414 
2499 0.253414 
2500 0.253414 
2501 0.253414 
2502 0.126635 
2503 0.126635 
2504 0.126635 
2505 0.126635 
2506 -0.074443 
2507 -0.074443 
2508 -0.074443 
2509 -0.074443 
2510 0.237533 
2511 0.237533 
2512 -0.345646 
2513 -0.345646 
2514 -0.345646 
2515 -0.345646 
2516 -0.345646 
2517 -0.345646 
2518 0.155800 
2519 0.155800 
2520 0.155800 
2521 0.155800 
2522 0.155800 
2523 -0.095187 
2524 0.123699 
2525 0.479493 
2526 0.479493 
2527 0.479493 
2528 0.479493 
2529 0.479493 
2530 0.479493 
2531 -0.320945 
2532 -0.320945 
2533 -0.320945 
2534 -0.320945 
2535 -0.320945 
2536 -0.104858 
2537 -0.104858 
2538 -0.104858 
2539 -0.104858 
2540 -0.454087 
2541 -0.454087 
2542 -0.454087 
2543 -0.454087 
2544 -0.328418 
2545 -0.328418 
2546 -0.328418 
2547 -0.328418 
2548 -0.021792 
2549 -0.021792 
2550 -0.021792 
2551 -0.021792 
2552 -0.239799 
2553 -0.239799 
2554 -0.239799 
2555 -0.239799 
2556 -0.019438 
2557 -0.019438 
2558 -0.019438 
2559 -0.019438 
2560 0.260497 
2561 0.260497 
2562 0.260497 
2563 0.260497 
2564 -0.196541 
2565 -0.196541 
2566 -0.196541 
2567 -0.196541 
2568 -0.126130 
2569 -0.126130 
2570 -0.014858 
2571 -0.014858 
2572 -0.014858 
2573 -0.014858 
2574 -0.014858 
2575 0.479493 
2576 -0.106143 
2577 -0.106143 
2578 -0.106143 
2579 -0.106143 
2580 -0.106143 
2581 -0.106143 
2582 0.496098 
2583 0.496098 
2584 0.496098 
2585 0.496098 
2586 0.496098 
2587 -0.113587 
2588 -0.113587 
2589 -0.113587 
2590 -0.113587 
2591 0.314978 
2592 0.314978 
2593 0.314978 
2594 0.314978 
2595 -0.096750 
2596 -0.096750 
2597 -0.096750 
2598 -0.096750 
2599 0.113178 
2600 0.113178 
2601 0.113178 
2602 0.113178 
2603 -0.141981 
2604 -0.141981 
2605 -0.141981 
2606 -0.141981 
2607 -0.076697 
2608 -0.076697 
2609 -0.076697 
2610 -0.076697 
2611 0.012674 
2612 0.012674 
2613 0.012674 
2614 0.012674 
2615 0.012674 
2616 0.012674 
2617 -0.297935 
2618 -0.297935 
2619 -0.297935 
2620 -0.297935 
2621 -0.079714 
2622 -0.079714 
2623 -0.079714 
2624 -0.079714 
2625 -0.079714 
2626 -0.106143 
2627 0.211791 
2628 0.211791 
2629 0.211791 
2630 0.211791 
2631 0.211791 
2632 0.211791 
2633 -0.479350 
2634 -0.479350 
2635 -0.479350 
2636 -0.479350 
2637 -0.479350 
2638 -0.029062 
2639 -0.029062 
2640 -0.029062 
2641 -0.029062 
2642 0.025842 
2643 0.025842 
2644 0.025842 
2645 0.025842 
2646 0.456297 
2647 0.456297 
2648 0.456297 
2649 0.456297 
2650 0.456297 
2651 0.456297 
2652 0.013028 
2653 0.013028 
2654 0.013028 
2655 0.013028 
2656 0.172245 
2657 0.172245 
2658 0.172245 
2659 0.172245 
2660 0.111743 
2661 0.111743 
2662 0.111743 
2663 0.111743 
2664 0.394243 
2665 0.394243 
2666 0.394243 
2667 0.394243 
2668 0.393440 
2669 0.393440 
2670 0.393440 
2671 0.393440 
2672 -0.282176 
2673 -0.282176 
2674 -0.282176 
2675 -0.282176 
2676 -0.282176 
2677 0.211791 
2678 -0.322342 
2679 -0.322342 
2680 -0.322342 
2681 -0.322342 
2682 -0.322342 
2683 -0.322342 
2684 -0.435331 
2685 -0.435331 
2686 -0.435331 
2687 0.027126 
2688 0.027126 
2689 0.027126 
2690 0.027126 
2691 0.340466 
2692 0.340466 
2693 0.340466 
2694 0.340466 
2695 0.273101 
2696 0.273101 
2697 0.273101 
2698 0.273101 
2699 0.187823 
2700 0.187823 
2701 -0.177639 
2702 -0.177639 
2703 -0.177639 
2704 -0.177639 
2705 -0.177639 
2706 -0.177639 
2707 0.133155 
2708 0.133155 
2709 0.133155 
2710 0.133155 
2711 0.278924 
2712 0.278924 
2713 -0.135258 
2714 -0.135258 
2715 -0.135258 
2716 -0.135258 
2717 -0.135258 
2718 -0.135258 
2719 0.352904 
2720 0.352904 
2721 0.352904 
2722 0.352904 
2723 -0.303138 
2724 -0.303138 
2725 -0.089130 
2726 -0.089130 
2727 -0.089130 
2728 -0.089130 
2729 -0.089130 
2730 -0.322342 
2731 -0.285299 
2732 -0.285299 
2733 -0.285299 
2734 -0.285299 
2735 -0.285299 
2736 -0.285299 
2737 -0.285299 
2738 -0.285299 
2739 -0.288173 
2740 -0.288173 
2741 -0.288173 
2742 -0.288173 
2743 -0.288173 
2744 -0.288173 
2745 -0.288173 
2746 -0.288173 
2747 -0.288173 
2748 -0.288173 
2749 -0.018784 
2750 -0.018784 
2751 -0.018784 
2752 -0.288173 
2753 -0.288173 
2754 -0.288173 
2755 -0.288173 
2756 -0.288173 
2757 -0.288173 
2758 -0.288173 
2759 -0.288173 
2760 -0.288173 
2761 -0.288173 
2762 -0.288173 
2763 -0.288173 
2764 -0.288173 
2765 -0.288173 
2766 -0.288173 
2767 -0.288173 
2768 -0.288173 
2769 -0.288173 
2770 -0.193902 
2771 -0.193902 
2772 -0.316756 
2773 -0.316756 
2774 -0.288173 
2775 -0.288173 
2776 -0.288173 
2777 -0.288173 
2778 -0.288173 
2779 -0.288173 
2780 0.231601 
2781 -0.288173 
2782 -0.288173 
2783 -0.288173 
2784 -0.288173 
2785 -0.288173 
2786 -0.288173 
2787 -0.288173 
2788 -0.288173 
2789 -0.431697 
2790 -0.288173 
2791 -0.288173 
2792 -0.241433 
2793 -0.241433 
2794 -0.241433 
2795 -0.241433 
2796 -0.241433 
2797 -0.241433 
2798 -0.241433 
2799 -0.241433 
2800 -0.241433 
2801 -0.241433 
2802 -0.241433 
2803 -0.241433 
2804 -0.241433 
2805 -0.241433 
2806 -0.241433 
2807 -0.241433 
2808 -0.241433 
2809 -0.241433 
2810 -0.241433 
2811 -0.241433 
2812 -0.241433 
2813 -0.241433 
2814 -0.241433 
2815 -0.241433 
2816 -0.497998 
2817 -0.235304 
2818 -0.454757 
2819 -0.121560 
2820 0.240237 
2821 0.240237 
2822 0.240237 
2823 0.240237 
2824 0.240237 
2825 0.240237 
2826 0.449989 
2827 0.127225 
2828 -0.456204 
2829 -0.482345 
2830 -0.482345 
2831 -0.482345 
2832 -0.482345 
2833 -0.482345 
2834 -0.482345 
2835 -0.482345 
2836 -0.482345 
2837 -0.482345 
2838 -0.482345 
2839 -0.482345 
2840 -0.482345 
2841 -0.456204 
2842 -0.456204 
2843 -0.456204 
2844 -0.456204 
2845 -0.456204 
2846 -0.456204 
2847 -0.428763 
2848 -0.374431 
2849 0.175300 
2850 0.147269 
2851 0.422510 
2852 0.213585 
2853 0.320405 
2854 0.319286 
2855 0.012194 
2856 0.334330 
2857 0.056648 
2858 0.470073 
2859 -0.083345 
2860 -0.288378 
2861 -0.351605 
2862 0.468524 
2863 0.425456 
2864 -0.317109 
2865 0.331428 
2866 -0.052945 
2867 0.278591 
2868 0.399691 
2869 0.260114 
2870 0.046150 
2871 0.245072 
2872 0.307409 
2873 -0.343900 
2874 0.018435 
2875 0.109110 
2876 -0.402920 
2877 -0.050779 
2878 0.237533 
2879 0.381858 
2880 -0.366788 
2881 0.114106 
2882 -0.246555 
2883 -0.108798 
2884 0.095284 
2885 0.185485 
2886 0.291435 
2887 -0.412789 
2888 -0.372080 
2889 -0.244787 
2890 -0.414067 
2891 -0.414067 
2892 0.035899 
2893 -0.367495 
2894 -0.349427 
2895 0.376354 
2896 0.129969 
2897 -0.407020 
2898 0.478725 
2899 0.225119 
2900 0.185485 
2901 0.095284 
2902 -0.084281 
2903 0.243456 
2904 -0.007565 
2905 -0.007565 
2906 -0.045284 
2907 0.124724 
2908 0.056224 
2909 -0.470653 
2910 -0.085458 
2911 0.143083 
2912 -0.413372 
2913 -0.413372 
2914 0.443217 
2915 0.340524 
2916 0.443217 
2917 -0.308797 
2918 -0.308797 
2919 -0.411264 
2920 0.443217 
2921 0.099130 
2922 -0.089511 
2923 0.443217 
2924 -0.381694 
2925 0.402685 
2926 -0.310252 
2927 0.056224 
2928 0.056224 
2929 0.124724 
2930 0.056224 
2931 0.124724 
2932 0.056224 
2933 0.124724 
2934 0.124724 
2935 -0.315339 
2936 0.056224 
2937 -0.307113 
2938 0.046290 
2939 0.046290 
2940 0.046290 
2941 0.046290 
2942 0.046290 
2943 0.046290 
2944 0.056224 
2945 0.402685 
2946 0.124724 
2947 -0.315339 
2948 -0.315339 
2949 0.056224 
2950 -0.315339 
2951 0.056224 
2952 0.056224 
2953 0.056224 
2954 -0.315339 
2955 -0.315339 
2956 0.056224 
2957 0.056224 
2958 -0.348842 
2959 -0.315339 
2960 -0.348842 
2961 -0.348842 
2962 0.402685 
2963 0.213558 
2964 0.057800 
2965 0.057800 
2966 0.057800 
2967 0.057800 
2968 0.057800 
2969 0.057800 
2970 0.057800 
2971 0.057800 
2972 0.217884 
2973 -0.302571 
2974 -0.081298 
2975 0.476663 
2976 -0.106118 
2977 -0.187576 
2978 0.268055 
2979 -0.305745 
2980 0.198556 
2981 0.254612 
2982 -0.499660 
2983 0.372299 
2984 -0.241148 
2985 -0.017657 
2986 -0.420650 
2987 -0.296360 
2988 0.160504 
2989 -0.424314 
2990 0.213558 
2991 0.213558 
2992 0.213558 
2993 0.213558 
2994 0.213558 
2995 0.213558 
2996 0.092028 
2997 -0.349744 
2998 -0.093837 
2999 -0.297163 
3000 -0.348097 
3001 0.092028 
3002 0.193857 
3003 0.063308 
3004 0.063308 
3005 0.063308 
3006 0.282790 
3007 0.402685 
3008 0.239722 
3009 0.239722 
3010 0.239722 
3011 0.124724 
3012 0.092028 
3013 0.056224 
3014 0.432084 
3015 -0.348097 
3016 -0.315339 
3017 0.062910 
3018 -0.045284 
3019 -0.310252 
3020 -0.045284 
3021 -0.045284 
3022 -0.029320 
3023 -0.348097 
3024 0.402685 
3025 0.239722 
3026 0.239722 
3027 -0.045284 
3028 0.432084 
3029 -0.045284 
3030 0.461696 
