2314 1
0 -0.076687 
1 0.406882 
2 0.318897 
3 0.244473 
4 0.137124 
5 0.370155 
6 0.413526 
7 -0.187567 
8 -0.468786 
9 0.031086 
10 0.043769 
11 0.031086 
12 0.043769 
13 0.064427 
14 0.174131 
15 0.351630 
16 -0.146259 
17 -0.051983 
18 -0.179388 
19 0.031086 
20 0.484625 
21 -0.113929 
22 0.410585 
23 -0.087132 
24 0.219658 
25 -0.400749 
26 0.012241 
27 0.194780 
28 0.267998 
29 0.097648 
30 0.413526 
31 0.047610 
32 -0.015995 
33 0.047610 
34 -0.113929 
35 -0.187567 
36 -0.076687 
37 0.384320 
38 -0.051983 
39 -0.024122 
40 0.384320 
41 0.043769 
42 0.193046 
43 0.043769 
44 -0.372153 
45 0.031086 
46 -0.053567 
47 -0.367359 
48 0.345599 
49 0.043769 
50 -0.462062 
51 0.351630 
52 0.413526 
53 0.400353 
54 0.413526 
55 -0.078082 
56 0.047610 
57 0.413526 
58 -0.015995 
59 0.031086 
60 0.053730 
61 0.031086 
62 -0.421587 
63 0.031086 
64 0.060128 
65 -0.146694 
66 0.031086 
67 -0.076687 
68 0.031086 
69 0.097648 
70 -0.015995 
71 -0.146259 
72 0.012241 
73 -0.301271 
74 -0.015995 
75 -0.076687 
76 -0.301271 
77 0.417178 
78 -0.015995 
79 -0.076687 
80 -0.168864 
81 0.321186 
82 0.209893 
83 -0.167104 
84 0.297549 
85 -0.146259 
86 0.046648 
87 -0.414195 
88 -0.473572 
89 0.209893 
90 0.174005 
91 -0.459387 
92 0.244473 
93 0.236636 
94 -0.015995 
95 -0.040483 
96 0.046648 
97 0.247874 
98 -0.015819 
99 0.496680 
100 0.186033 
101 0.342507 
102 -0.024122 
103 -0.497013 
104 -0.187567 
105 -0.179388 
106 -0.179388 
107 -0.015819 
108 0.219658 
109 -0.168864 
110 -0.168864 
111 -0.187567 
112 -0.473572 
113 -0.134235 
114 0.340435 
115 0.410585 
116 0.047610 
117 -0.187567 
118 -0.400749 
119 -0.015995 
120 -0.051983 
121 0.186033 
122 -0.015819 
123 -0.134235 
124 0.047610 
125 -0.146259 
126 -0.372153 
127 0.097648 
128 -0.382861 
129 -0.398630 
130 -0.229051 
131 0.452540 
132 -0.231232 
133 -0.026874 
134 -0.026874 
135 -0.421587 
136 0.209893 
137 -0.092178 
138 0.174005 
139 -0.026874 
140 -0.168864 
141 0.384320 
142 0.469959 
143 0.432648 
144 0.097648 
145 -0.482428 
146 0.209893 
147 0.209893 
148 -0.146259 
149 -0.117577 
150 0.031086 
151 0.129921 
152 0.284550 
153 -0.372153 
154 0.219658 
155 -0.146259 
156 -0.478215 
157 0.413526 
158 0.336999 
159 -0.301271 
160 -0.198767 
161 0.000094 
162 -0.167104 
163 -0.245313 
164 -0.179388 
165 -0.400749 
166 0.078832 
167 0.432648 
168 -0.167104 
169 0.342507 
170 -0.383496 
171 0.244473 
172 0.423432 
173 0.202170 
174 -0.024122 
175 0.469959 
176 -0.301271 
177 0.244473 
178 -0.136726 
179 -0.303888 
180 -0.323194 
181 -0.051983 
182 -0.015995 
183 0.012241 
184 0.318897 
185 0.370155 
186 -0.372153 
187 0.219658 
188 -0.055864 
189 0.209893 
190 0.031086 
191 0.384320 
192 0.384320 
193 0.012241 
194 -0.078765 
195 0.031086 
196 0.194780 
197 0.410585 
198 0.384320 
199 -0.179388 
200 0.133461 
201 0.384320 
202 -0.070342 
203 0.400353 
204 0.097648 
205 -0.117577 
206 -0.259768 
207 -0.134235 
208 0.202170 
209 -0.419226 
210 -0.323807 
211 0.214277 
212 -0.403261 
213 -0.473572 
214 0.186033 
215 0.432648 
216 0.392779 
217 -0.180453 
218 0.432648 
219 0.318897 
220 0.174131 
221 0.432672 
222 -0.391328 
223 0.244473 
224 0.219658 
225 0.320773 
226 0.155063 
227 -0.015995 
228 -0.051983 
229 0.422725 
230 0.403137 
231 -0.168864 
232 0.053730 
233 0.400353 
234 -0.383496 
235 0.194780 
236 0.194780 
237 0.113099 
238 0.384320 
239 0.400353 
240 -0.082100 
241 0.400353 
242 0.097648 
243 -0.421587 
244 -0.498194 
245 -0.301271 
246 -0.482428 
247 0.384320 
248 0.066767 
249 -0.323807 
250 0.050394 
251 0.306282 
252 0.194780 
253 -0.015995 
254 -0.383496 
255 -0.421587 
256 0.345599 
257 0.432648 
258 -0.182235 
259 0.194780 
260 0.182781 
261 0.097648 
262 -0.134235 
263 0.247874 
264 0.422725 
265 0.422351 
266 0.489878 
267 0.020807 
268 -0.497013 
269 0.020807 
270 -0.041944 
271 -0.417456 
272 -0.473572 
273 -0.400749 
274 0.133461 
275 -0.174812 
276 0.469959 
277 -0.015995 
278 0.050394 
279 0.050394 
280 -0.372153 
281 0.345599 
282 0.384320 
283 -0.421587 
284 -0.113929 
285 -0.323807 
286 0.408226 
287 0.053730 
288 0.345599 
289 0.050394 
290 0.247874 
291 -0.015995 
292 0.318897 
293 0.214277 
294 0.345599 
295 0.384320 
296 0.174131 
297 -0.056801 
298 -0.490897 
299 0.046648 
300 0.469959 
301 -0.146259 
302 0.319963 
303 0.244473 
304 0.194780 
305 0.392779 
306 0.267998 
307 0.284550 
308 0.133461 
309 0.236636 
310 0.392779 
311 -0.473572 
312 0.318897 
313 -0.323807 
314 0.099989 
315 -0.301271 
316 -0.146259 
317 0.318897 
318 0.021671 
319 -0.015995 
320 0.387363 
321 -0.491930 
322 0.392229 
323 0.317040 
324 -0.015995 
325 0.133461 
326 -0.323807 
327 -0.383496 
328 0.097648 
329 0.194780 
330 0.174005 
331 0.313332 
332 0.174005 
333 0.094812 
334 -0.070342 
335 0.392779 
336 0.097648 
337 0.097648 
338 0.031086 
339 -0.015995 
340 -0.417456 
341 0.174131 
342 -0.015995 
343 0.194780 
344 0.046648 
345 0.202170 
346 0.422725 
347 0.422351 
348 0.031086 
349 0.403137 
350 0.020807 
351 -0.024122 
352 -0.269460 
353 0.194780 
354 -0.303888 
355 0.319963 
356 0.194780 
357 -0.015995 
358 -0.070342 
359 -0.383496 
360 -0.077932 
361 -0.146259 
362 -0.015995 
363 0.354551 
364 0.469959 
365 -0.015995 
366 0.194780 
367 0.403137 
368 0.020807 
369 -0.146259 
370 -0.051983 
371 -0.087132 
372 -0.383496 
373 0.113777 
374 0.129921 
375 0.133666 
376 0.099989 
377 -0.233224 
378 -0.217638 
379 0.336999 
380 0.194780 
381 0.410585 
382 0.469959 
383 -0.146259 
384 -0.015995 
385 -0.070342 
386 -0.462062 
387 0.403137 
388 0.099989 
389 -0.015995 
390 -0.070342 
391 -0.015819 
392 -0.015819 
393 0.491744 
394 -0.015819 
395 0.194780 
396 0.050394 
397 -0.490897 
398 0.097648 
399 0.329365 
400 0.489878 
401 0.133461 
402 0.099989 
403 0.403137 
404 0.384320 
405 -0.024122 
406 -0.358001 
407 -0.082100 
408 0.031086 
409 0.247874 
410 -0.082100 
411 0.021671 
412 0.060128 
413 0.087287 
414 0.194780 
415 -0.024122 
416 0.354551 
417 0.053730 
418 -0.015995 
419 -0.422129 
420 0.097648 
421 0.186033 
422 0.099989 
423 0.138678 
424 0.417178 
425 0.354305 
426 0.484625 
427 0.236636 
428 -0.462062 
429 0.133461 
430 0.417178 
431 -0.051983 
432 -0.113929 
433 -0.015995 
434 0.097648 
435 0.248262 
436 -0.024122 
437 0.244473 
438 0.467105 
439 0.384320 
440 0.034864 
441 -0.154378 
442 0.050394 
443 -0.087132 
444 -0.382861 
445 0.247874 
446 -0.383496 
447 -0.419226 
448 -0.224885 
449 0.021671 
450 0.491744 
451 0.097648 
452 0.031086 
453 -0.027422 
454 0.417178 
455 -0.082100 
456 0.351630 
457 0.340435 
458 0.422351 
459 -0.419226 
460 -0.146259 
461 0.239657 
462 0.186033 
463 -0.419226 
464 -0.473572 
465 0.491744 
466 0.020807 
467 0.340435 
468 -0.015995 
469 0.050394 
470 0.248262 
471 -0.082100 
472 0.031086 
473 -0.419226 
474 0.489878 
475 -0.303888 
476 0.046648 
477 0.392779 
478 -0.414195 
479 0.417178 
480 -0.419226 
481 0.267998 
482 0.351630 
483 -0.015995 
484 0.031086 
485 0.489878 
486 -0.136726 
487 -0.228110 
488 0.489878 
489 0.097648 
490 -0.016036 
491 0.384320 
492 0.384320 
493 0.340435 
494 0.194780 
495 0.284550 
496 -0.053567 
497 -0.053567 
498 -0.473572 
499 0.021671 
500 0.340435 
501 0.417178 
502 -0.282022 
503 -0.078765 
504 0.099989 
505 0.410585 
506 -0.414195 
507 0.099989 
508 -0.245313 
509 0.422725 
510 -0.136726 
511 0.432648 
512 0.050394 
513 0.174005 
514 0.050394 
515 0.113777 
516 0.384320 
517 0.321186 
518 -0.217638 
519 -0.231232 
520 0.340435 
521 0.236636 
522 -0.146259 
523 0.384320 
524 0.394864 
525 0.351630 
526 0.128830 
527 -0.026874 
528 0.417178 
529 0.202170 
530 0.046648 
531 0.050394 
532 -0.016036 
533 0.050394 
534 0.186033 
535 0.155063 
536 -0.056801 
537 -0.078082 
538 0.146570 
539 -0.146259 
540 0.336999 
541 -0.382861 
542 -0.491930 
543 -0.026874 
544 -0.208084 
545 0.236636 
546 0.403137 
547 0.021671 
548 -0.321340 
549 0.186033 
550 -0.187567 
551 0.394864 
552 -0.015995 
553 -0.015995 
554 0.113777 
555 -0.146259 
556 -0.038875 
557 0.394864 
558 0.317040 
559 0.422351 
560 0.403137 
561 -0.245313 
562 0.031086 
563 -0.146259 
564 0.403137 
565 0.320773 
566 -0.462062 
567 0.201237 
568 -0.026874 
569 -0.269460 
570 0.133656 
571 -0.490897 
572 0.354305 
573 -0.245313 
574 -0.245313 
575 0.020807 
576 0.342507 
577 0.163664 
578 -0.136726 
579 0.336999 
580 -0.146259 
581 -0.146259 
582 0.284550 
583 -0.383496 
584 -0.024122 
585 0.031086 
586 0.050394 
587 0.087287 
588 -0.224885 
589 -0.134235 
590 0.321186 
591 0.186033 
592 0.138678 
593 0.422725 
594 -0.146259 
595 0.133666 
596 -0.400749 
597 0.394864 
598 0.097648 
599 0.351630 
600 0.284550 
601 -0.146259 
602 -0.425480 
603 -0.462062 
604 0.193873 
605 0.202170 
606 0.060128 
607 -0.146259 
608 0.060128 
609 -0.146259 
610 0.133656 
611 -0.134235 
612 -0.015995 
613 0.194780 
614 -0.269460 
615 0.194780 
616 0.174005 
617 -0.146259 
618 0.097648 
619 -0.038875 
620 0.396127 
621 0.106141 
622 0.060128 
623 -0.126279 
624 0.087287 
625 -0.462062 
626 -0.233224 
627 -0.217638 
628 -0.224885 
629 -0.078082 
630 0.194780 
631 0.332746 
632 0.417178 
633 0.359676 
634 -0.233224 
635 0.267998 
636 -0.490897 
637 -0.426394 
638 -0.026874 
639 0.031086 
640 0.467105 
641 -0.414195 
642 0.050394 
643 0.417178 
644 -0.426394 
645 -0.015995 
646 0.403137 
647 0.129921 
648 0.422725 
649 0.060128 
650 0.094812 
651 0.370155 
652 0.186033 
653 0.211641 
654 -0.259768 
655 -0.259768 
656 -0.259768 
657 0.403137 
658 0.467105 
659 0.403137 
660 0.417178 
661 0.384320 
662 0.163664 
663 0.403137 
664 0.211641 
665 -0.051983 
666 0.282720 
667 0.396127 
668 -0.490897 
669 -0.342363 
670 -0.462062 
671 0.031086 
672 0.174131 
673 -0.024122 
674 0.174005 
675 -0.490897 
676 -0.228934 
677 -0.015995 
678 -0.229051 
679 -0.417456 
680 -0.383496 
681 0.354551 
682 -0.078765 
683 -0.136726 
684 0.113099 
685 -0.420462 
686 0.396127 
687 -0.146259 
688 0.133666 
689 0.211641 
690 0.097648 
691 0.194780 
692 0.248262 
693 0.097648 
694 -0.015995 
695 0.174131 
696 0.097648 
697 -0.217638 
698 0.133666 
699 0.392779 
700 0.099989 
701 -0.146259 
702 0.194780 
703 0.186033 
704 -0.134235 
705 0.496680 
706 0.351630 
707 -0.134235 
708 0.186033 
709 0.129921 
710 0.317040 
711 -0.016036 
712 0.201754 
713 -0.482428 
714 0.289608 
715 0.129921 
716 0.050394 
717 0.392229 
718 0.097648 
719 0.012241 
720 -0.146259 
721 0.133666 
722 0.422351 
723 0.354551 
724 0.046648 
725 -0.078082 
726 -0.417456 
727 0.417178 
728 -0.402929 
729 -0.026874 
730 -0.015995 
731 -0.409698 
732 0.267998 
733 -0.323194 
734 -0.228110 
735 0.050394 
736 -0.446193 
737 0.174005 
738 0.417178 
739 0.283955 
740 -0.300704 
741 -0.468786 
742 0.097648 
743 0.392229 
744 0.394864 
745 0.319963 
746 0.336999 
747 0.046648 
748 -0.269460 
749 0.489878 
750 0.354551 
751 0.133666 
752 0.446190 
753 -0.358281 
754 0.446190 
755 -0.169914 
756 -0.070342 
757 0.193046 
758 -0.259768 
759 -0.233854 
760 -0.231232 
761 -0.462062 
762 -0.269460 
763 -0.321340 
764 -0.015995 
765 0.050394 
766 -0.055864 
767 -0.191042 
768 0.370155 
769 -0.167104 
770 0.113777 
771 0.244473 
772 0.392229 
773 -0.087132 
774 0.481298 
775 -0.146259 
776 0.383245 
777 -0.055864 
778 0.336999 
779 0.000094 
780 -0.414195 
781 0.329365 
782 -0.496326 
783 0.097648 
784 -0.167104 
785 0.321186 
786 0.422725 
787 -0.259768 
788 0.422351 
789 -0.038875 
790 -0.015995 
791 0.242274 
792 0.047610 
793 -0.167104 
794 -0.078082 
795 -0.073667 
796 0.441942 
797 0.396127 
798 -0.400749 
799 0.193046 
800 -0.231232 
801 -0.426394 
802 0.211641 
803 -0.259768 
804 -0.321340 
805 0.113777 
806 -0.383496 
807 0.422351 
808 0.282891 
809 0.351630 
810 0.354305 
811 -0.240561 
812 0.012241 
813 0.320773 
814 -0.231232 
815 0.354551 
816 -0.015995 
817 -0.229051 
818 -0.321340 
819 -0.490897 
820 -0.205828 
821 -0.303888 
822 -0.146259 
823 -0.078765 
824 0.177333 
825 0.467105 
826 0.392229 
827 0.211641 
828 0.489878 
829 -0.473572 
830 -0.154378 
831 0.099989 
832 0.384320 
833 0.467105 
834 0.193046 
835 -0.015995 
836 0.156947 
837 -0.400749 
838 0.384320 
839 -0.445877 
840 -0.498194 
841 -0.231232 
842 -0.117577 
843 0.487438 
844 0.094812 
845 0.242274 
846 -0.321340 
847 0.318897 
848 -0.372153 
849 0.050394 
850 0.186033 
851 -0.052569 
852 -0.303888 
853 0.174005 
854 -0.233224 
855 0.359676 
856 0.236636 
857 -0.417456 
858 -0.024122 
859 -0.482428 
860 0.031086 
861 0.434488 
862 0.248262 
863 0.406882 
864 -0.015819 
865 0.012241 
866 -0.041944 
867 0.491744 
868 0.329365 
869 -0.337737 
870 0.193046 
871 0.053730 
872 0.194780 
873 0.214277 
874 0.174005 
875 -0.426702 
876 0.284550 
877 0.467105 
878 0.392779 
879 0.050394 
880 0.137124 
881 0.384320 
882 0.128830 
883 0.400353 
884 -0.386903 
885 0.202170 
886 -0.217638 
887 -0.382861 
888 0.020807 
889 0.133666 
890 -0.154378 
891 -0.087132 
892 0.351630 
893 -0.462062 
894 0.239657 
895 -0.087132 
896 0.078832 
897 -0.300704 
898 0.485938 
899 0.485938 
900 0.392779 
901 -0.224885 
902 -0.282022 
903 0.370155 
904 0.422351 
905 -0.233224 
906 0.186033 
907 -0.015995 
908 -0.259768 
909 0.174005 
910 -0.426394 
911 0.306282 
912 -0.078082 
913 0.370155 
914 0.097648 
915 0.163664 
916 0.248262 
917 -0.229051 
918 0.317040 
919 0.129921 
920 0.053730 
921 -0.056801 
922 -0.229051 
923 -0.259768 
924 0.384320 
925 0.078832 
926 0.163664 
927 0.012241 
928 -0.409698 
929 0.078832 
930 0.236636 
931 -0.154378 
932 0.466626 
933 0.404118 
934 0.354551 
935 -0.498194 
936 0.046648 
937 0.384320 
938 0.321186 
939 -0.498194 
940 -0.154378 
941 0.031086 
942 -0.425480 
943 0.491744 
944 0.050394 
945 0.422725 
946 -0.053567 
947 0.194780 
948 0.329365 
949 0.332746 
950 0.031086 
951 -0.040483 
952 0.282720 
953 0.487438 
954 0.194780 
955 -0.117577 
956 0.193046 
957 -0.015995 
958 0.354305 
959 0.194780 
960 0.199617 
961 0.129921 
962 -0.383496 
963 0.406882 
964 0.106034 
965 -0.391328 
966 -0.245313 
967 -0.024122 
968 -0.426394 
969 0.354551 
970 0.392779 
971 0.174005 
972 0.046648 
973 -0.383496 
974 0.236636 
975 0.317040 
976 -0.126279 
977 -0.231232 
978 -0.015995 
979 -0.087132 
980 -0.024122 
981 -0.055864 
982 0.354305 
983 0.354305 
984 0.046648 
985 0.066767 
986 0.370155 
987 0.078832 
988 0.354305 
989 0.236636 
990 -0.303888 
991 -0.024122 
992 0.119261 
993 0.163664 
994 0.012241 
995 -0.073667 
996 0.336999 
997 -0.117577 
998 0.404118 
999 0.133666 
1000 -0.490897 
1001 0.396127 
1002 -0.445141 
1003 0.422725 
1004 0.336999 
1005 -0.087132 
1006 -0.172143 
1007 -0.191037 
1008 0.053730 
1009 0.467105 
1010 0.336999 
1011 0.020807 
1012 -0.084800 
1013 0.228901 
1014 -0.224885 
1015 -0.055864 
1016 0.422351 
1017 -0.425480 
1018 0.491744 
1019 -0.037582 
1020 0.422351 
1021 0.354551 
1022 -0.172143 
1023 -0.015995 
1024 0.046648 
1025 0.236636 
1026 0.133666 
1027 -0.426702 
1028 0.485938 
1029 -0.024122 
1030 -0.426702 
1031 -0.015995 
1032 -0.498194 
1033 -0.316961 
1034 0.097648 
1035 -0.342363 
1036 -0.015995 
1037 -0.040483 
1038 -0.231232 
1039 0.403137 
1040 0.351630 
1041 0.441942 
1042 -0.282022 
1043 0.392229 
1044 -0.040483 
1045 -0.409698 
1046 0.467105 
1047 0.491744 
1048 0.351630 
1049 0.422725 
1050 0.097648 
1051 0.087287 
1052 -0.051983 
1053 -0.024122 
1054 -0.425480 
1055 -0.303888 
1056 0.128830 
1057 -0.041944 
1058 0.050394 
1059 0.138678 
1060 0.053730 
1061 0.194780 
1062 0.113099 
1063 0.321186 
1064 -0.182235 
1065 -0.026874 
1066 -0.087132 
1067 0.050394 
1068 -0.078765 
1069 -0.015995 
1070 -0.231232 
1071 -0.231232 
1072 0.020807 
1073 -0.055864 
1074 0.163664 
1075 0.050394 
1076 -0.015995 
1077 0.097648 
1078 0.053730 
1079 -0.040483 
1080 -0.282022 
1081 0.236636 
1082 -0.482428 
1083 -0.016036 
1084 -0.334370 
1085 0.050394 
1086 0.129921 
1087 -0.015819 
1088 0.106141 
1089 0.384320 
1090 0.012241 
1091 -0.446193 
1092 -0.303888 
1093 0.119261 
1094 -0.055864 
1095 -0.117577 
1096 -0.205828 
1097 -0.282022 
1098 -0.016036 
1099 -0.040483 
1100 -0.382861 
1101 -0.024122 
1102 -0.053567 
1103 -0.426394 
1104 -0.383496 
1105 -0.015995 
1106 -0.398630 
1107 -0.016036 
1108 0.097648 
1109 -0.037582 
1110 0.094812 
1111 -0.055864 
1112 0.087287 
1113 0.174131 
1114 -0.462062 
1115 0.133666 
1116 -0.425480 
1117 -0.015995 
1118 -0.482428 
1119 0.163664 
1120 0.202170 
1121 0.354551 
1122 0.174131 
1123 -0.205828 
1124 -0.117577 
1125 -0.154378 
1126 0.392779 
1127 -0.300704 
1128 0.354551 
1129 -0.041944 
1130 -0.037582 
1131 0.422351 
1132 0.156947 
1133 0.113099 
1134 0.008273 
1135 0.422351 
1136 0.012241 
1137 0.422725 
1138 -0.015995 
1139 0.282720 
1140 0.446190 
1141 0.031086 
1142 0.133666 
1143 -0.422129 
1144 -0.078082 
1145 0.329365 
1146 0.422351 
1147 0.097648 
1148 -0.231232 
1149 0.351630 
1150 0.012241 
1151 -0.015995 
1152 -0.473572 
1153 0.020807 
1154 0.319963 
1155 0.186033 
1156 -0.087132 
1157 -0.043951 
1158 -0.165350 
1159 0.392779 
1160 -0.015995 
1161 -0.382861 
1162 -0.231232 
1163 0.351630 
1164 -0.146259 
1165 0.422725 
1166 0.392779 
1167 -0.053567 
1168 -0.303888 
1169 0.087287 
1170 0.194780 
1171 0.320773 
1172 0.282720 
1173 0.332746 
1174 0.434488 
1175 0.146570 
1176 0.392779 
1177 0.194780 
1178 0.239561 
1179 -0.411815 
1180 0.094812 
1181 -0.208864 
1182 -0.383496 
1183 0.236636 
1184 0.491744 
1185 0.087287 
1186 -0.445877 
1187 0.113099 
1188 0.084372 
1189 0.174131 
1190 -0.073667 
1191 0.422351 
1192 0.128830 
1193 0.489878 
1194 -0.191042 
1195 -0.015995 
1196 -0.300704 
1197 0.106141 
1198 0.214277 
1199 0.422725 
1200 -0.409698 
1201 0.050394 
1202 0.106141 
1203 -0.053567 
1204 -0.445141 
1205 -0.053567 
1206 0.318897 
1207 -0.051983 
1208 -0.417456 
1209 0.351630 
1210 -0.457880 
1211 -0.191042 
1212 0.384320 
1213 -0.015995 
1214 0.119261 
1215 0.329365 
1216 0.137124 
1217 0.138678 
1218 -0.205828 
1219 -0.342363 
1220 0.194780 
1221 -0.498194 
1222 -0.398630 
1223 0.491744 
1224 0.485938 
1225 0.113099 
1226 0.087287 
1227 0.097648 
1228 0.099989 
1229 -0.015995 
1230 -0.084800 
1231 -0.015995 
1232 0.491744 
1233 0.354551 
1234 -0.208084 
1235 -0.342363 
1236 -0.015819 
1237 0.351630 
1238 0.214277 
1239 -0.174812 
1240 -0.300704 
1241 0.422351 
1242 -0.055864 
1243 0.297549 
1244 0.097648 
1245 0.194780 
1246 -0.426702 
1247 -0.205828 
1248 0.106141 
1249 0.186033 
1250 -0.231232 
1251 0.359676 
1252 0.174005 
1253 -0.053567 
1254 0.383245 
1255 0.392779 
1256 0.244473 
1257 -0.462062 
1258 0.236636 
1259 -0.478215 
1260 0.174005 
1261 -0.073667 
1262 0.370155 
1263 -0.282022 
1264 0.186033 
1265 0.282720 
1266 0.247874 
1267 -0.053567 
1268 0.354551 
1269 -0.038875 
1270 -0.409698 
1271 0.434488 
1272 0.467105 
1273 0.406882 
1274 0.351630 
1275 -0.078765 
1276 -0.245313 
1277 -0.016036 
1278 -0.208084 
1279 -0.053567 
1280 0.214277 
1281 0.452540 
1282 0.043769 
1283 0.129921 
1284 0.020807 
1285 0.099989 
1286 -0.491930 
1287 0.491744 
1288 0.097648 
1289 0.320773 
1290 -0.056801 
1291 0.084372 
1292 -0.316961 
1293 -0.205828 
1294 0.244473 
1295 -0.156660 
1296 -0.462062 
1297 -0.303888 
1298 0.193873 
1299 -0.426702 
1300 0.320773 
1301 -0.491930 
1302 0.359676 
1303 0.129921 
1304 -0.191042 
1305 0.446190 
1306 0.201754 
1307 0.422351 
1308 -0.053567 
1309 -0.323807 
1310 0.174005 
1311 -0.462062 
1312 -0.208084 
1313 -0.473572 
1314 -0.316961 
1315 -0.015819 
1316 0.297549 
1317 -0.073667 
1318 0.053730 
1319 0.354551 
1320 -0.000565 
1321 -0.180453 
1322 0.174131 
1323 0.174131 
1324 0.128830 
1325 0.020807 
1326 0.194780 
1327 -0.231232 
1328 -0.016036 
1329 0.267998 
1330 0.194780 
1331 -0.259768 
1332 -0.037582 
1333 -0.077932 
1334 0.050394 
1335 0.392779 
1336 0.129921 
1337 -0.303888 
1338 0.099482 
1339 -0.411815 
1340 -0.191042 
1341 0.174005 
1342 -0.303888 
1343 -0.073667 
1344 -0.208084 
1345 0.446190 
1346 -0.342363 
1347 0.422351 
1348 -0.446193 
1349 0.422725 
1350 -0.217638 
1351 -0.165350 
1352 -0.482428 
1353 0.422725 
1354 0.408226 
1355 -0.229051 
1356 -0.240561 
1357 -0.425480 
1358 0.137124 
1359 -0.358001 
1360 0.119261 
1361 0.050394 
1362 -0.065140 
1363 0.332746 
1364 -0.383496 
1365 0.318897 
1366 -0.316961 
1367 -0.016036 
1368 0.194780 
1369 0.422725 
1370 -0.174812 
1371 0.422351 
1372 0.267998 
1373 0.320773 
1374 -0.446193 
1375 0.193046 
1376 -0.037582 
1377 0.087287 
1378 0.174005 
1379 0.106141 
1380 0.020807 
1381 0.174005 
1382 0.491744 
1383 -0.334370 
1384 -0.398630 
1385 0.174005 
1386 0.248262 
1387 -0.217638 
1388 0.214277 
1389 0.194780 
1390 0.012241 
1391 -0.024122 
1392 0.097648 
1393 0.133666 
1394 -0.383496 
1395 0.194780 
1396 -0.482428 
1397 0.432672 
1398 -0.078765 
1399 -0.303888 
1400 -0.224885 
1401 0.354551 
1402 0.354551 
1403 -0.228110 
1404 0.297549 
1405 -0.217638 
1406 0.423432 
1407 0.129921 
1408 0.422351 
1409 -0.217638 
1410 -0.208864 
1411 -0.172143 
1412 -0.414195 
1413 -0.165350 
1414 0.422725 
1415 -0.172143 
1416 -0.409698 
1417 0.003719 
1418 0.236636 
1419 0.282720 
1420 0.496680 
1421 -0.462062 
1422 0.320773 
1423 0.128830 
1424 -0.016036 
1425 0.403137 
1426 -0.426702 
1427 0.392779 
1428 -0.053567 
1429 0.003719 
1430 0.422351 
1431 -0.015995 
1432 0.049219 
1433 -0.445141 
1434 0.244473 
1435 -0.024122 
1436 0.129921 
1437 -0.417456 
1438 0.467105 
1439 -0.398630 
1440 0.186033 
1441 0.186033 
1442 -0.146259 
1443 0.392779 
1444 -0.055864 
1445 0.354551 
1446 0.244473 
1447 0.283955 
1448 0.263825 
1449 0.422351 
1450 -0.024122 
1451 0.359676 
1452 0.392779 
1453 0.491744 
1454 -0.015995 
1455 -0.043951 
1456 -0.409698 
1457 -0.113929 
1458 -0.409698 
1459 -0.445141 
1460 0.129921 
1461 -0.208084 
1462 0.406882 
1463 -0.084800 
1464 0.003719 
1465 -0.015995 
1466 0.354551 
1467 0.467105 
1468 -0.172143 
1469 -0.217638 
1470 -0.165350 
1471 -0.391328 
1472 -0.084800 
1473 -0.073667 
1474 -0.113929 
1475 0.408226 
1476 -0.056801 
1477 0.097648 
1478 -0.245313 
1479 0.194780 
1480 0.020807 
1481 0.422725 
1482 0.193046 
1483 -0.323194 
1484 0.422351 
1485 0.003719 
1486 -0.076687 
1487 0.244473 
1488 -0.015995 
1489 0.359676 
1490 0.467105 
1491 -0.426702 
1492 0.336999 
1493 -0.446193 
1494 0.186033 
1495 0.177333 
1496 -0.092178 
1497 0.129921 
1498 0.186033 
1499 -0.468786 
1500 0.194780 
1501 0.354551 
1502 -0.462062 
1503 0.392779 
1504 0.392779 
1505 0.174005 
1506 0.351630 
1507 0.282891 
1508 0.313332 
1509 0.182781 
1510 -0.300704 
1511 -0.041944 
1512 -0.473572 
1513 -0.491930 
1514 0.432672 
1515 -0.024122 
1516 0.186033 
1517 0.392779 
1518 -0.491930 
1519 0.194780 
1520 -0.398630 
1521 0.481298 
1522 0.099989 
1523 -0.316961 
1524 0.496680 
1525 -0.240561 
1526 0.318897 
1527 0.332746 
1528 0.422351 
1529 0.496680 
1530 0.193046 
1531 0.487438 
1532 -0.053567 
1533 0.289608 
1534 0.194780 
1535 0.491744 
1536 -0.231232 
1537 -0.300704 
1538 -0.126279 
1539 -0.321340 
1540 -0.026874 
1541 0.392779 
1542 0.003719 
1543 -0.400749 
1544 -0.015995 
1545 -0.041944 
1546 -0.420462 
1547 0.194780 
1548 -0.015819 
1549 0.137124 
1550 -0.016036 
1551 -0.303888 
1552 0.392779 
1553 0.342507 
1554 -0.015995 
1555 0.392779 
1556 0.182781 
1557 0.050394 
1558 -0.426702 
1559 0.099482 
1560 0.053730 
1561 0.046648 
1562 -0.382861 
1563 0.487438 
1564 -0.082100 
1565 -0.191042 
1566 -0.024122 
1567 0.008273 
1568 -0.046992 
1569 0.194780 
1570 -0.056801 
1571 0.432672 
1572 -0.358281 
1573 -0.015819 
1574 -0.426702 
1575 0.084372 
1576 -0.445141 
1577 0.228901 
1578 -0.217638 
1579 -0.024122 
1580 -0.156660 
1581 0.422351 
1582 0.087287 
1583 0.228957 
1584 -0.143533 
1585 0.297549 
1586 0.306282 
1587 0.336999 
1588 0.282891 
1589 -0.024122 
1590 0.078832 
1591 0.317040 
1592 -0.473572 
1593 -0.217638 
1594 -0.186767 
1595 0.487438 
1596 0.336999 
1597 -0.233224 
1598 -0.015995 
1599 0.019199 
1600 -0.224885 
1601 -0.383496 
1602 -0.409698 
1603 0.097648 
1604 0.422351 
1605 -0.482428 
1606 -0.051983 
1607 0.422351 
1608 0.484625 
1609 0.491744 
1610 0.000094 
1611 0.306282 
1612 0.194780 
1613 0.174005 
1614 -0.015995 
1615 0.434488 
1616 -0.400749 
1617 0.489878 
1618 0.097648 
1619 -0.217638 
1620 0.320773 
1621 0.012241 
1622 0.078832 
1623 -0.052455 
1624 -0.383496 
1625 0.392779 
1626 0.417178 
1627 -0.323194 
1628 -0.459387 
1629 -0.174812 
1630 -0.409698 
1631 0.129921 
1632 0.137124 
1633 0.406882 
1634 0.406882 
1635 0.050394 
1636 -0.024122 
1637 0.097648 
1638 0.282891 
1639 -0.400749 
1640 -0.016036 
1641 0.174005 
1642 0.311930 
1643 -0.391328 
1644 0.012241 
1645 -0.409698 
1646 0.050394 
1647 -0.478215 
1648 -0.300704 
1649 -0.383496 
1650 0.020807 
1651 0.311930 
1652 -0.482428 
1653 -0.015819 
1654 -0.146694 
1655 -0.084800 
1656 -0.186767 
1657 -0.180453 
1658 0.342507 
1659 0.003719 
1660 0.384320 
1661 0.137124 
1662 -0.015995 
1663 0.491744 
1664 0.354305 
1665 0.342507 
1666 0.306282 
1667 0.097648 
1668 0.320773 
1669 0.408226 
1670 0.087287 
1671 0.422351 
1672 0.422725 
1673 0.174005 
1674 -0.240561 
1675 -0.051983 
1676 0.491744 
1677 0.268277 
1678 -0.342363 
1679 0.097648 
1680 0.396127 
1681 0.012241 
1682 0.158073 
1683 0.485938 
1684 -0.174812 
1685 -0.016036 
1686 0.297549 
1687 0.318897 
1688 -0.087132 
1689 -0.038875 
1690 -0.015819 
1691 -0.445141 
1692 -0.134560 
1693 -0.134235 
1694 -0.016036 
1695 0.406882 
1696 -0.134235 
1697 0.489878 
1698 0.413526 
1699 0.034864 
1700 0.177333 
1701 0.214277 
1702 -0.323194 
1703 -0.400749 
1704 0.087287 
1705 -0.228110 
1706 -0.055864 
1707 0.228957 
1708 0.354551 
1709 0.186033 
1710 -0.024122 
1711 -0.482428 
1712 0.489878 
1713 -0.224885 
1714 -0.426702 
1715 0.318897 
1716 0.496680 
1717 0.113099 
1718 0.163664 
1719 0.342507 
1720 0.031086 
1721 -0.015995 
1722 0.489878 
1723 -0.457880 
1724 0.228957 
1725 0.202170 
1726 -0.457880 
1727 -0.300704 
1728 -0.046992 
1729 -0.053567 
1730 -0.051983 
1731 -0.445877 
1732 -0.462062 
1733 0.342507 
1734 0.097648 
1735 -0.409698 
1736 -0.208864 
1737 0.491744 
1738 0.099482 
1739 0.012241 
1740 0.422351 
1741 0.403137 
1742 0.242274 
1743 -0.391328 
1744 0.384320 
1745 0.384320 
1746 0.228957 
1747 0.319963 
1748 -0.334039 
1749 0.012241 
1750 0.031086 
1751 -0.015995 
1752 0.282720 
1753 0.319963 
1754 -0.087132 
1755 -0.445877 
1756 -0.156660 
1757 -0.015819 
1758 0.485938 
1759 -0.015819 
1760 0.228901 
1761 -0.403261 
1762 0.000094 
1763 0.194780 
1764 0.263825 
1765 -0.027422 
1766 0.403137 
1767 0.194780 
1768 -0.026874 
1769 -0.052569 
1770 0.050394 
1771 -0.228934 
1772 -0.046992 
1773 0.003719 
1774 0.097648 
1775 0.354551 
1776 0.332746 
1777 -0.231232 
1778 -0.015995 
1779 0.194780 
1780 -0.445877 
1781 0.384320 
1782 -0.323194 
1783 -0.240561 
1784 -0.087132 
1785 -0.228934 
1786 -0.426702 
1787 0.174005 
1788 0.194780 
1789 0.012241 
1790 -0.055864 
1791 -0.382861 
1792 0.097648 
1793 0.422725 
1794 0.050394 
1795 0.097648 
1796 0.332746 
1797 -0.056801 
1798 0.199617 
1799 0.087287 
1800 0.354305 
1801 0.097648 
1802 -0.208864 
1803 -0.473572 
1804 -0.015995 
1805 -0.323194 
1806 0.384320 
1807 -0.316961 
1808 -0.165350 
1809 -0.046992 
1810 0.046648 
1811 -0.051983 
1812 -0.425480 
1813 0.097648 
1814 -0.015995 
1815 0.034864 
1816 0.354551 
1817 -0.073667 
1818 -0.473572 
1819 0.282838 
1820 0.491744 
1821 0.485938 
1822 0.050394 
1823 -0.259768 
1824 0.031086 
1825 0.128830 
1826 0.219658 
1827 0.193873 
1828 0.182781 
1829 -0.233224 
1830 0.129921 
1831 0.392779 
1832 0.012241 
1833 -0.055864 
1834 0.320773 
1835 -0.134235 
1836 -0.015995 
1837 -0.426702 
1838 0.174131 
1839 -0.015819 
1840 -0.046992 
1841 -0.169914 
1842 -0.259768 
1843 0.228957 
1844 0.174005 
1845 0.394864 
1846 -0.398630 
1847 0.491744 
1848 -0.316961 
1849 0.046648 
1850 -0.146694 
1851 0.186033 
1852 0.087287 
1853 -0.473572 
1854 0.491744 
1855 0.392779 
1856 0.097648 
1857 0.491744 
1858 0.020807 
1859 0.283955 
1860 -0.024122 
1861 0.050394 
1862 -0.191037 
1863 -0.015995 
1864 0.236636 
1865 -0.026484 
1866 0.318897 
1867 0.351630 
1868 -0.496326 
1869 0.422351 
1870 0.417178 
1871 -0.231232 
1872 -0.126279 
1873 0.491744 
1874 -0.179388 
1875 -0.269460 
1876 0.099989 
1877 0.129921 
1878 0.354551 
1879 0.194780 
1880 0.283955 
1881 0.282838 
1882 -0.146259 
1883 0.403137 
1884 0.318897 
1885 -0.055864 
1886 -0.334370 
1887 0.050394 
1888 0.087287 
1889 0.020807 
1890 -0.300704 
1891 0.146570 
1892 0.354551 
1893 0.491744 
1894 -0.016036 
1895 0.282891 
1896 -0.323194 
1897 0.422725 
1898 -0.126279 
1899 0.284550 
1900 0.174131 
1901 -0.473572 
1902 -0.174812 
1903 -0.300704 
1904 0.354551 
1905 -0.228934 
1906 0.491744 
1907 0.282838 
1908 0.467105 
1909 -0.259768 
1910 0.050394 
1911 0.236636 
1912 0.133666 
1913 -0.052569 
1914 0.342507 
1915 -0.208864 
1916 -0.015819 
1917 -0.391328 
1918 0.174005 
1919 -0.117577 
1920 -0.024122 
1921 -0.092178 
1922 0.053730 
1923 0.408226 
1924 -0.078765 
1925 -0.208864 
1926 0.194780 
1927 0.354551 
1928 -0.078082 
1929 0.336999 
1930 0.383245 
1931 0.097648 
1932 -0.421587 
1933 0.422351 
1934 0.012241 
1935 0.491744 
1936 -0.169914 
1937 -0.046992 
1938 -0.015995 
1939 0.002762 
1940 -0.169914 
1941 0.417178 
1942 0.354551 
1943 0.481298 
1944 0.012241 
1945 0.156947 
1946 0.282891 
1947 -0.259768 
1948 -0.420462 
1949 0.050394 
1950 -0.186767 
1951 0.053730 
1952 -0.457880 
1953 -0.457880 
1954 -0.459387 
1955 0.422725 
1956 0.392779 
1957 0.467105 
1958 -0.231232 
1959 0.408226 
1960 0.177333 
1961 0.128830 
1962 0.320773 
1963 0.403137 
1964 -0.168864 
1965 0.129921 
1966 0.020807 
1967 0.053730 
1968 0.392779 
1969 0.012241 
1970 0.174005 
1971 0.306282 
1972 -0.391328 
1973 -0.055864 
1974 0.000094 
1975 0.345599 
1976 0.496680 
1977 -0.482428 
1978 -0.037582 
1979 0.496680 
1980 0.384320 
1981 0.163664 
1982 0.182781 
1983 0.422725 
1984 0.228957 
1985 -0.402929 
1986 -0.077932 
1987 -0.015995 
1988 0.194780 
1989 0.236636 
1990 -0.092178 
1991 -0.053567 
1992 -0.426702 
1993 0.370155 
1994 0.000094 
1995 -0.174812 
1996 0.384320 
1997 0.034864 
1998 0.174005 
1999 -0.208864 
2000 0.211641 
2001 -0.180453 
2002 -0.300704 
2003 0.119261 
2004 0.467105 
2005 0.199617 
2006 0.177333 
2007 0.313332 
2008 0.320773 
2009 -0.016036 
2010 -0.245313 
2011 0.034864 
2012 -0.233854 
2013 0.392779 
2014 0.002762 
2015 -0.224885 
2016 -0.391328 
2017 0.332746 
2018 0.066767 
2019 0.491744 
2020 -0.208864 
2021 0.406882 
2022 0.174005 
2023 0.174131 
2024 0.320773 
2025 -0.445877 
2026 0.201754 
2027 -0.300704 
2028 0.384320 
2029 0.034864 
2030 -0.092178 
2031 -0.077932 
2032 0.129921 
2033 -0.367359 
2034 -0.409698 
2035 -0.053567 
2036 -0.367359 
2037 -0.224885 
2038 0.441942 
2039 -0.420462 
2040 -0.457880 
2041 0.050394 
2042 0.049219 
2043 0.282838 
2044 0.236636 
2045 -0.015819 
2046 0.422351 
2047 0.012241 
2048 0.002762 
2049 -0.165350 
2050 -0.224885 
2051 0.354551 
2052 0.053730 
2053 0.097648 
2054 0.049219 
2055 0.193046 
2056 0.467105 
2057 0.050394 
2058 0.066767 
2059 -0.400749 
2060 -0.015995 
2061 0.320773 
2062 0.423432 
2063 -0.426702 
2064 -0.358281 
2065 0.097648 
2066 0.422351 
2067 0.313332 
2068 0.392779 
2069 0.019199 
2070 0.050394 
2071 0.129921 
2072 0.046648 
2073 -0.208864 
2074 -0.191037 
2075 0.467105 
2076 -0.473572 
2077 -0.169914 
2078 -0.342363 
2079 -0.482428 
2080 0.392779 
2081 0.177333 
2082 0.370155 
2083 0.320773 
2084 -0.498194 
2085 -0.208864 
2086 0.050394 
2087 0.156947 
2088 0.392779 
2089 -0.053567 
2090 -0.187807 
2091 -0.228110 
2092 0.049219 
2093 -0.143533 
2094 0.422351 
2095 0.320773 
2096 0.193046 
2097 0.487438 
2098 0.050394 
2099 0.034864 
2100 -0.191037 
2101 -0.482428 
2102 0.053730 
2103 0.012241 
2104 0.158073 
2105 -0.065140 
2106 -0.180453 
2107 -0.180453 
2108 0.422351 
2109 -0.422129 
2110 -0.143533 
2111 0.174005 
2112 0.129921 
2113 0.156947 
2114 0.050394 
2115 0.097648 
2116 0.129921 
2117 -0.055864 
2118 -0.224885 
2119 -0.426702 
2120 -0.055864 
2121 0.353961 
2122 -0.053567 
2123 0.201754 
2124 0.432672 
2125 0.319963 
2126 0.034864 
2127 -0.459387 
2128 -0.224885 
2129 -0.409698 
2130 -0.015995 
2131 -0.015995 
2132 0.320773 
2133 -0.473572 
2134 0.087287 
2135 -0.303888 
2136 0.034864 
2137 0.020807 
2138 0.491744 
2139 -0.259768 
2140 0.383245 
2141 -0.446193 
2142 0.156947 
2143 0.049219 
2144 -0.136726 
2145 0.353961 
2146 0.012241 
2147 0.174005 
2148 -0.172143 
2149 -0.259768 
2150 -0.228110 
2151 0.452540 
2152 0.410585 
2153 0.306282 
2154 -0.015995 
2155 -0.024122 
2156 -0.411815 
2157 0.158073 
2158 -0.015995 
2159 0.342507 
2160 -0.077932 
2161 0.020807 
2162 0.193046 
2163 0.020807 
2164 0.422351 
2165 -0.457880 
2166 0.182781 
2167 0.133666 
2168 0.002762 
2169 -0.169914 
2170 -0.240561 
2171 0.201754 
2172 0.050394 
2173 0.408226 
2174 0.078832 
2175 -0.180453 
2176 0.050394 
2177 0.099482 
2178 -0.198767 
2179 -0.015995 
2180 0.012241 
2181 -0.482428 
2182 -0.386903 
2183 0.020807 
2184 0.201754 
2185 -0.143533 
2186 0.174005 
2187 0.452540 
2188 0.174005 
2189 -0.482428 
2190 -0.482428 
2191 0.194780 
2192 0.282838 
2193 -0.446193 
2194 0.319963 
2195 -0.233224 
2196 -0.334370 
2197 -0.077932 
2198 0.193873 
2199 0.467105 
2200 -0.482428 
2201 -0.457880 
2202 -0.043951 
2203 -0.473572 
2204 -0.478215 
2205 0.066126 
2206 -0.403261 
2207 0.318897 
2208 -0.210492 
2209 0.193873 
2210 -0.055864 
2211 -0.386903 
2212 -0.126279 
2213 0.487438 
2214 0.193873 
2215 0.129921 
2216 -0.231232 
2217 0.158073 
2218 0.491744 
2219 0.491744 
2220 0.452540 
2221 0.384320 
2222 -0.358281 
2223 0.129921 
2224 -0.337737 
2225 -0.342363 
2226 0.021671 
2227 -0.490897 
2228 -0.420462 
2229 -0.496326 
2230 -0.228934 
2231 -0.367359 
2232 0.484625 
2233 0.214277 
2234 0.336999 
2235 0.354551 
2236 -0.259768 
2237 0.267998 
2238 0.320773 
2239 -0.026874 
2240 0.491744 
2241 -0.084800 
2242 -0.055864 
2243 0.174131 
2244 -0.015995 
2245 0.163664 
2246 0.403137 
2247 0.491744 
2248 -0.024122 
2249 -0.422129 
2250 0.383245 
2251 -0.208864 
2252 -0.446193 
2253 0.099989 
2254 0.097648 
2255 -0.046992 
2256 -0.143533 
2257 -0.186767 
2258 -0.073667 
2259 -0.231232 
2260 0.384320 
2261 -0.026484 
2262 -0.337737 
2263 -0.143533 
2264 -0.490897 
2265 0.336999 
2266 0.113777 
2267 0.242274 
2268 0.417178 
2269 -0.425480 
2270 0.012241 
2271 -0.043951 
2272 0.129921 
2273 0.050394 
2274 -0.092178 
2275 0.244473 
2276 -0.055864 
2277 0.484625 
2278 0.194780 
2279 -0.228934 
2280 0.491744 
2281 0.099482 
2282 0.182781 
2283 -0.334039 
2284 -0.422129 
2285 0.050394 
2286 0.354551 
2287 0.186033 
2288 -0.300704 
2289 -0.228934 
2290 -0.409698 
2291 -0.367359 
2292 -0.165350 
2293 -0.497013 
2294 0.263825 
2295 0.097648 
2296 -0.334039 
2297 0.236636 
2298 0.049219 
2299 -0.043951 
2300 0.434488 
2301 -0.038875 
2302 -0.043951 
2303 -0.402929 
2304 0.129921 
2305 0.094812 
2306 0.484625 
2307 -0.078082 
2308 -0.134235 
2309 -0.337737 
2310 0.163664 
2311 0.283955 
2312 0.282838 
2313 0.119261 
