3031 1
0 -0.403451 
1 -0.206192 
2 -0.234001 
3 -0.481018 
4 0.354182 
5 0.238257 
6 -0.273015 
7 -0.342992 
8 -0.388247 
9 0.462558 
10 -0.161200 
11 -0.242980 
12 0.440083 
13 -0.242980 
14 0.486439 
15 -0.242980 
16 0.406547 
17 0.447920 
18 0.009827 
19 0.329311 
20 0.312207 
21 0.004152 
22 -0.005604 
23 0.432732 
24 -0.365980 
25 -0.151963 
26 0.327468 
27 0.385098 
28 -0.199425 
29 -0.095480 
30 -0.493465 
31 -0.242980 
32 -0.242980 
33 -0.242980 
34 -0.003656 
35 -0.010896 
36 0.035410 
37 -0.078576 
38 0.075424 
39 0.150973 
40 -0.309493 
41 -0.267036 
42 0.387095 
43 -0.477276 
44 -0.487598 
45 0.298446 
46 -0.226023 
47 -0.279861 
48 -0.456853 
49 -0.208171 
50 0.246128 
51 -0.491095 
52 0.045820 
53 -0.482869 
54 -0.485883 
55 0.343341 
56 -0.304330 
57 0.064688 
58 -0.032986 
59 -0.288555 
60 -0.430500 
61 0.367616 
62 0.048252 
63 0.419060 
64 -0.051064 
65 0.051295 
66 -0.403451 
67 -0.242980 
68 -0.364637 
69 0.064688 
70 -0.351760 
71 0.406547 
72 -0.331069 
73 0.458702 
74 -0.125099 
75 -0.357485 
76 0.281712 
77 -0.478544 
78 -0.111582 
79 -0.499536 
80 -0.454045 
81 0.441205 
82 0.453214 
83 0.058352 
84 0.221512 
85 0.278779 
86 -0.496170 
87 0.432429 
88 0.290914 
89 0.447920 
90 -0.196341 
91 0.102948 
92 -0.277500 
93 0.017891 
94 -0.061202 
95 0.447920 
96 -0.439390 
97 0.319619 
98 0.126459 
99 0.447920 
100 0.040690 
101 0.447920 
102 -0.011007 
103 0.369032 
104 -0.303125 
105 0.447920 
106 0.194251 
107 -0.323020 
108 -0.309003 
109 0.447775 
110 0.222421 
111 0.288495 
112 0.426383 
113 0.210338 
114 -0.215549 
115 -0.435105 
116 -0.211729 
117 0.466454 
118 0.453156 
119 -0.084919 
120 0.424850 
121 0.388343 
122 -0.268712 
123 -0.013659 
124 -0.193166 
125 0.066562 
126 -0.411622 
127 -0.320961 
128 0.038844 
129 0.485940 
130 -0.309297 
131 -0.066113 
132 0.439338 
133 -0.354046 
134 -0.491095 
135 -0.331069 
136 0.045820 
137 -0.482869 
138 -0.485883 
139 -0.331069 
140 0.447920 
141 0.447920 
142 -0.220194 
143 -0.395193 
144 -0.233656 
145 0.240117 
146 0.069208 
147 0.486439 
148 -0.481745 
149 -0.419694 
150 -0.443457 
151 -0.335873 
152 -0.159541 
153 0.258232 
154 0.413362 
155 -0.483484 
156 -0.464521 
157 -0.448418 
158 -0.331069 
159 0.120256 
160 0.348316 
161 -0.001604 
162 0.102948 
163 0.102948 
164 -0.165481 
165 0.029482 
166 -0.445079 
167 0.438179 
168 0.037480 
169 0.188740 
170 -0.380185 
171 -0.344590 
172 -0.013659 
173 -0.477276 
174 0.048252 
175 0.024186 
176 -0.051064 
177 0.457479 
178 -0.159365 
179 0.064078 
180 -0.356342 
181 0.290788 
182 -0.443607 
183 -0.052494 
184 -0.009367 
185 0.069953 
186 -0.151966 
187 -0.210182 
188 0.244276 
189 0.453653 
190 -0.237248 
191 -0.187080 
192 0.417557 
193 0.419060 
194 0.010361 
195 -0.498187 
196 -0.284931 
197 0.467509 
198 0.067692 
199 -0.209423 
200 0.359945 
201 -0.069733 
202 -0.102543 
203 0.292243 
204 0.171367 
205 0.437708 
206 -0.317750 
207 0.252328 
208 -0.172090 
209 0.367843 
210 -0.303125 
211 -0.303125 
212 -0.457712 
213 -0.198717 
214 0.110196 
215 0.011086 
216 0.051295 
217 0.441104 
218 -0.183178 
219 0.266440 
220 0.011870 
221 -0.061659 
222 0.485231 
223 0.361259 
224 0.440199 
225 -0.417923 
226 -0.100636 
227 -0.323450 
228 0.332650 
229 -0.061202 
230 0.120256 
231 -0.061202 
232 -0.061202 
233 -0.061202 
234 -0.483484 
235 0.447920 
236 0.325726 
237 0.440083 
238 0.024591 
239 0.354182 
240 0.446123 
241 -0.043376 
242 -0.095660 
243 0.119957 
244 0.342102 
245 0.440083 
246 0.355784 
247 -0.268071 
248 -0.359844 
249 0.254306 
250 -0.113704 
251 0.422325 
252 -0.080448 
253 -0.303855 
254 -0.361462 
255 -0.119069 
256 0.479375 
257 0.024591 
258 -0.014169 
259 -0.285503 
260 -0.040191 
261 -0.032986 
262 -0.430500 
263 0.367616 
264 -0.038301 
265 -0.103359 
266 0.347706 
267 -0.139958 
268 -0.043532 
269 0.064688 
270 0.163161 
271 -0.331069 
272 -0.413328 
273 0.440083 
274 0.039888 
275 -0.331069 
276 -0.255949 
277 -0.087913 
278 0.460592 
279 0.495372 
280 -0.025937 
281 -0.359931 
282 -0.480504 
283 -0.044612 
284 0.163161 
285 0.064688 
286 -0.247776 
287 0.246975 
288 -0.215207 
289 -0.364637 
290 0.064688 
291 0.064688 
292 -0.351760 
293 0.406547 
294 -0.331069 
295 -0.331069 
296 -0.331069 
297 -0.331069 
298 -0.331069 
299 -0.331069 
300 -0.331069 
301 -0.275253 
302 -0.464521 
303 -0.464521 
304 -0.357485 
305 -0.242980 
306 -0.464521 
307 0.406547 
308 -0.111582 
309 0.006236 
310 0.406547 
311 0.406547 
312 -0.151812 
313 0.441205 
314 0.447920 
315 -0.363818 
316 0.487641 
317 0.406547 
318 0.102948 
319 -0.159365 
320 0.406547 
321 0.447920 
322 0.278779 
323 0.447920 
324 0.447920 
325 0.447920 
326 0.432429 
327 0.290914 
328 0.447920 
329 -0.196341 
330 0.102948 
331 0.102948 
332 -0.277500 
333 0.017891 
334 -0.061202 
335 0.447920 
336 -0.439390 
337 0.319619 
338 0.126459 
339 0.447920 
340 0.040690 
341 0.447920 
342 -0.011007 
343 0.369032 
344 -0.303125 
345 -0.303125 
346 0.447920 
347 0.194251 
348 -0.323020 
349 -0.309003 
350 0.447775 
351 0.222421 
352 0.288495 
353 0.426383 
354 0.210338 
355 -0.215549 
356 -0.435105 
357 -0.211729 
358 0.466454 
359 0.486439 
360 -0.084919 
361 0.424850 
362 0.388343 
363 -0.268712 
364 -0.013659 
365 -0.193166 
366 0.066562 
367 -0.411622 
368 -0.320961 
369 0.038844 
370 0.485940 
371 -0.309297 
372 -0.066113 
373 0.439338 
374 -0.354046 
375 -0.491095 
376 -0.331069 
377 0.045820 
378 -0.482869 
379 -0.485883 
380 -0.331069 
381 0.447920 
382 0.447920 
383 -0.220194 
384 -0.395193 
385 -0.233656 
386 0.240117 
387 0.069208 
388 0.069208 
389 0.486439 
390 -0.481745 
391 0.453653 
392 0.438179 
393 -0.364637 
394 -0.419694 
395 -0.351760 
396 -0.111582 
397 0.325726 
398 -0.043532 
399 0.441205 
400 0.441205 
401 -0.464521 
402 -0.464521 
403 -0.464521 
404 -0.483484 
405 -0.483484 
406 -0.483484 
407 -0.483484 
408 -0.483484 
409 -0.483484 
410 -0.483484 
411 -0.464521 
412 -0.448418 
413 -0.331069 
414 0.120256 
415 0.120256 
416 0.120256 
417 0.120256 
418 0.348316 
419 0.486439 
420 0.102948 
421 0.102948 
422 -0.483484 
423 -0.483484 
424 -0.165481 
425 -0.165481 
426 -0.165481 
427 -0.165481 
428 -0.165481 
429 -0.165481 
430 -0.165481 
431 -0.165481 
432 -0.165481 
433 0.324201 
434 0.324201 
435 0.324201 
436 0.324201 
437 -0.165481 
438 -0.483484 
439 0.029482 
440 0.029482 
441 0.029482 
442 0.029482 
443 0.029482 
444 0.029482 
445 0.029482 
446 0.029482 
447 0.029482 
448 0.029482 
449 0.029482 
450 0.029482 
451 0.029482 
452 0.029482 
453 0.029482 
454 -0.483484 
455 -0.483484 
456 -0.483484 
457 -0.445079 
458 -0.445079 
459 -0.445079 
460 -0.445079 
461 -0.445079 
462 -0.445079 
463 0.024591 
464 0.024591 
465 0.024591 
466 0.024591 
467 -0.084919 
468 -0.084919 
469 -0.084919 
470 -0.084919 
471 0.401948 
472 0.401948 
473 0.401948 
474 0.401948 
475 0.401948 
476 0.401948 
477 -0.308429 
478 -0.308429 
479 -0.308429 
480 -0.308429 
481 0.165628 
482 0.165628 
483 0.165628 
484 0.165628 
485 -0.185895 
486 -0.185895 
487 -0.185895 
488 -0.185895 
489 -0.028679 
490 -0.028679 
491 -0.028679 
492 -0.028679 
493 0.301930 
494 0.301930 
495 0.301930 
496 0.301930 
497 0.450491 
498 0.450491 
499 0.450491 
500 0.450491 
501 0.342569 
502 0.342569 
503 -0.288555 
504 -0.288555 
505 -0.288555 
506 -0.288555 
507 -0.288555 
508 -0.288555 
509 -0.445079 
510 -0.483484 
511 -0.483484 
512 -0.483484 
513 -0.483484 
514 -0.483484 
515 0.438179 
516 0.438179 
517 0.438179 
518 0.438179 
519 0.438179 
520 0.438179 
521 -0.345625 
522 -0.345625 
523 -0.345625 
524 -0.345625 
525 0.355625 
526 0.355625 
527 0.355625 
528 0.355625 
529 -0.091111 
530 -0.091111 
531 -0.091111 
532 -0.091111 
533 0.224996 
534 0.224996 
535 0.224996 
536 0.224996 
537 -0.264726 
538 -0.264726 
539 -0.264726 
540 -0.264726 
541 0.016594 
542 0.016594 
543 0.016594 
544 0.016594 
545 0.016594 
546 0.498809 
547 0.498809 
548 0.498809 
549 0.438179 
550 -0.483484 
551 0.037480 
552 0.037480 
553 0.037480 
554 0.037480 
555 0.037480 
556 0.037480 
557 0.037480 
558 0.037480 
559 0.037480 
560 0.037480 
561 0.037480 
562 0.037480 
563 0.037480 
564 0.037480 
565 0.037480 
566 0.037480 
567 0.037480 
568 0.037480 
569 0.037480 
570 0.037480 
571 0.037480 
572 0.037480 
573 0.069953 
574 0.069953 
575 0.069953 
576 0.069953 
577 0.069953 
578 0.069953 
579 0.244276 
580 0.244276 
581 0.244276 
582 0.244276 
583 0.244276 
584 -0.176656 
585 -0.176656 
586 -0.176656 
587 -0.176656 
588 0.420358 
589 0.420358 
590 0.420358 
591 0.420358 
592 0.007521 
593 0.007521 
594 0.007521 
595 0.007521 
596 -0.160064 
597 -0.160064 
598 -0.160064 
599 -0.160064 
600 -0.160064 
601 0.037480 
602 0.188740 
603 0.188740 
604 0.188740 
605 0.188740 
606 0.188740 
607 0.188740 
608 -0.025937 
609 -0.025937 
610 0.230027 
611 0.230027 
612 0.230027 
613 0.230027 
614 0.246389 
615 0.246389 
616 0.246389 
617 -0.211969 
618 -0.211969 
619 -0.211969 
620 -0.099242 
621 -0.099242 
622 -0.099242 
623 -0.099242 
624 0.324201 
625 0.324201 
626 0.324201 
627 0.324201 
628 -0.130052 
629 -0.130052 
630 -0.130052 
631 -0.130052 
632 -0.130052 
633 -0.130052 
634 0.188740 
635 -0.380185 
636 -0.380185 
637 -0.380185 
638 -0.380185 
639 -0.380185 
640 -0.380185 
641 0.151670 
642 0.151670 
643 -0.220194 
644 -0.220194 
645 -0.220194 
646 -0.220194 
647 -0.220194 
648 -0.220194 
649 -0.395193 
650 -0.395193 
651 -0.395193 
652 -0.395193 
653 -0.099242 
654 -0.099242 
655 -0.099242 
656 -0.099242 
657 0.324201 
658 0.324201 
659 0.324201 
660 0.324201 
661 -0.130052 
662 -0.130052 
663 -0.130052 
664 -0.130052 
665 -0.464630 
666 -0.464630 
667 -0.464630 
668 -0.464630 
669 0.408737 
670 0.408737 
671 0.408737 
672 0.408737 
673 0.323462 
674 0.323462 
675 0.323462 
676 0.323462 
677 0.415571 
678 0.415571 
679 0.098437 
680 0.098437 
681 0.098437 
682 0.098437 
683 0.098437 
684 0.098437 
685 -0.380185 
686 -0.483484 
687 -0.344590 
688 -0.344590 
689 -0.344590 
690 -0.344590 
691 -0.344590 
692 -0.344590 
693 0.026770 
694 0.026770 
695 0.026770 
696 0.026770 
697 0.026770 
698 0.183231 
699 0.183231 
700 0.183231 
701 0.183231 
702 0.401948 
703 0.401948 
704 0.401948 
705 0.401948 
706 -0.308429 
707 -0.308429 
708 -0.332386 
709 -0.332386 
710 -0.332386 
711 -0.344590 
712 -0.483484 
713 -0.483484 
714 0.069208 
715 -0.483484 
716 -0.483484 
717 -0.483484 
718 -0.013659 
719 -0.013659 
720 -0.013659 
721 -0.013659 
722 -0.013659 
723 -0.013659 
724 0.410478 
725 0.410478 
726 -0.395193 
727 -0.395193 
728 -0.395193 
729 -0.395193 
730 -0.395193 
731 -0.395193 
732 -0.395193 
733 0.098437 
734 0.098437 
735 0.098437 
736 0.098437 
737 -0.420185 
738 -0.420185 
739 0.054194 
740 0.054194 
741 0.054194 
742 0.054194 
743 0.054194 
744 -0.013659 
745 -0.477276 
746 -0.477276 
747 -0.477276 
748 -0.477276 
749 -0.477276 
750 -0.477276 
751 -0.477276 
752 -0.477276 
753 -0.477276 
754 -0.477276 
755 -0.483484 
756 0.048252 
757 0.048252 
758 0.048252 
759 0.048252 
760 0.048252 
761 0.048252 
762 -0.211969 
763 -0.211969 
764 -0.211969 
765 0.048252 
766 0.048252 
767 0.048252 
768 -0.159365 
769 -0.159365 
770 -0.159365 
771 -0.159365 
772 -0.159365 
773 0.367843 
774 0.367843 
775 0.367843 
776 0.367843 
777 0.069953 
778 0.069953 
779 0.069953 
780 0.069953 
781 0.244276 
782 0.244276 
783 0.244276 
784 0.244276 
785 -0.102543 
786 -0.102543 
787 -0.102543 
788 -0.102543 
789 0.437708 
790 0.437708 
791 0.437708 
792 0.437708 
793 -0.380185 
794 -0.380185 
795 -0.380185 
796 -0.380185 
797 0.064078 
798 0.064078 
799 0.064078 
800 0.064078 
801 0.048252 
802 0.048252 
803 0.048252 
804 0.048252 
805 0.048252 
806 0.048252 
807 0.048252 
808 0.048252 
809 0.048252 
810 0.048252 
811 0.048252 
812 0.024186 
813 0.024186 
814 0.024186 
815 0.024186 
816 0.024186 
817 0.024186 
818 -0.487598 
819 -0.487598 
820 -0.487598 
821 -0.487598 
822 -0.487598 
823 -0.487598 
824 0.298446 
825 0.298446 
826 0.298446 
827 0.298446 
828 -0.226023 
829 -0.226023 
830 -0.226023 
831 -0.226023 
832 -0.481312 
833 -0.481312 
834 -0.481312 
835 -0.481312 
836 -0.481312 
837 -0.481312 
838 -0.481312 
839 -0.165481 
840 -0.165481 
841 -0.165481 
842 -0.165481 
843 0.029482 
844 0.029482 
845 0.029482 
846 0.029482 
847 -0.156173 
848 -0.156173 
849 -0.156173 
850 -0.156173 
851 -0.481745 
852 -0.481745 
853 -0.481745 
854 -0.481745 
855 0.355625 
856 0.355625 
857 0.212290 
858 0.212290 
859 0.212290 
860 0.212290 
861 0.212290 
862 0.024186 
863 -0.483484 
864 -0.483484 
865 -0.483484 
866 -0.497428 
867 0.054194 
868 -0.211969 
869 -0.284864 
870 0.017271 
871 0.153301 
872 -0.051064 
873 -0.051064 
874 -0.051064 
875 -0.051064 
876 -0.051064 
877 -0.051064 
878 -0.211498 
879 -0.211498 
880 -0.211498 
881 -0.211498 
882 -0.448418 
883 -0.448418 
884 -0.051064 
885 -0.051064 
886 0.348316 
887 0.348316 
888 0.348316 
889 0.348316 
890 -0.001604 
891 -0.001604 
892 -0.001604 
893 -0.001604 
894 -0.483484 
895 -0.483484 
896 -0.483484 
897 -0.483484 
898 -0.483484 
899 -0.483484 
900 0.447920 
901 0.447920 
902 0.447920 
903 0.447920 
904 0.406547 
905 0.406547 
906 0.406547 
907 0.406547 
908 0.165628 
909 0.165628 
910 0.165628 
911 0.165628 
912 0.165628 
913 0.165628 
914 0.165628 
915 -0.185895 
916 -0.185895 
917 -0.185895 
918 -0.185895 
919 -0.028679 
920 -0.028679 
921 -0.028679 
922 -0.028679 
923 0.301930 
924 0.301930 
925 0.301930 
926 0.301930 
927 -0.322947 
928 -0.322947 
929 -0.322947 
930 -0.051064 
931 -0.040371 
932 0.045661 
933 0.457479 
934 0.457479 
935 0.457479 
936 0.457479 
937 0.457479 
938 0.457479 
939 0.450491 
940 0.450491 
941 0.450491 
942 0.450491 
943 0.450491 
944 0.450491 
945 0.342569 
946 0.342569 
947 0.342569 
948 0.342569 
949 -0.084919 
950 -0.084919 
951 -0.084919 
952 -0.084919 
953 0.424850 
954 0.424850 
955 0.424850 
956 0.424850 
957 -0.220194 
958 -0.220194 
959 -0.220194 
960 -0.220194 
961 -0.395193 
962 -0.395193 
963 -0.395193 
964 -0.395193 
965 0.098437 
966 0.098437 
967 0.098437 
968 0.098437 
969 -0.420185 
970 -0.420185 
971 -0.420185 
972 -0.420185 
973 0.049661 
974 0.049661 
975 0.049661 
976 0.049661 
977 0.355509 
978 0.355509 
979 0.355509 
980 0.355509 
981 0.355509 
982 0.355509 
983 0.355509 
984 0.457479 
985 -0.159365 
986 -0.159365 
987 -0.159365 
988 -0.159365 
989 -0.159365 
990 -0.159365 
991 0.438179 
992 0.438179 
993 0.438179 
994 0.438179 
995 0.438179 
996 -0.364637 
997 -0.364637 
998 -0.364637 
999 -0.364637 
1000 -0.351760 
1001 -0.351760 
1002 -0.351760 
1003 -0.351760 
1004 -0.111582 
1005 -0.111582 
1006 -0.111582 
1007 -0.111582 
1008 0.325726 
1009 0.325726 
1010 0.325726 
1011 0.325726 
1012 -0.359844 
1013 -0.359844 
1014 -0.359844 
1015 -0.359844 
1016 -0.359844 
1017 -0.359844 
1018 0.254306 
1019 0.254306 
1020 0.254306 
1021 0.254306 
1022 -0.113704 
1023 -0.113704 
1024 -0.113704 
1025 -0.113704 
1026 0.422325 
1027 0.422325 
1028 0.422325 
1029 0.422325 
1030 -0.080448 
1031 -0.080448 
1032 -0.080448 
1033 -0.080448 
1034 -0.113704 
1035 -0.113704 
1036 -0.113704 
1037 -0.159365 
1038 0.064078 
1039 0.064078 
1040 0.064078 
1041 0.064078 
1042 0.064078 
1043 0.064078 
1044 -0.303855 
1045 -0.303855 
1046 -0.303855 
1047 -0.043532 
1048 -0.043532 
1049 -0.043532 
1050 -0.043532 
1051 -0.043532 
1052 -0.043532 
1053 0.441205 
1054 0.441205 
1055 0.441205 
1056 0.441205 
1057 0.462558 
1058 0.462558 
1059 0.462558 
1060 0.462558 
1061 -0.161200 
1062 -0.161200 
1063 -0.161200 
1064 -0.161200 
1065 -0.419694 
1066 -0.419694 
1067 -0.419694 
1068 -0.419694 
1069 0.468852 
1070 0.468852 
1071 0.468852 
1072 0.468852 
1073 -0.165474 
1074 -0.165474 
1075 -0.165474 
1076 -0.165474 
1077 0.147370 
1078 0.147370 
1079 -0.053212 
1080 -0.053212 
1081 -0.053212 
1082 -0.053212 
1083 -0.464630 
1084 -0.464630 
1085 -0.464630 
1086 -0.464630 
1087 -0.464630 
1088 0.064078 
1089 -0.488494 
1090 -0.462491 
1091 -0.356342 
1092 -0.356342 
1093 -0.356342 
1094 -0.356342 
1095 -0.356342 
1096 -0.356342 
1097 -0.080448 
1098 -0.080448 
1099 -0.080448 
1100 -0.080448 
1101 -0.080448 
1102 -0.303855 
1103 -0.303855 
1104 -0.303855 
1105 -0.303855 
1106 -0.361462 
1107 -0.361462 
1108 -0.361462 
1109 -0.361462 
1110 -0.119069 
1111 -0.119069 
1112 -0.119069 
1113 -0.119069 
1114 -0.014169 
1115 -0.014169 
1116 -0.014169 
1117 -0.014169 
1118 -0.014169 
1119 0.051295 
1120 0.051295 
1121 0.051295 
1122 0.051295 
1123 -0.403451 
1124 -0.403451 
1125 -0.403451 
1126 -0.403451 
1127 -0.159365 
1128 -0.159365 
1129 -0.159365 
1130 -0.159365 
1131 -0.486521 
1132 -0.486521 
1133 -0.486521 
1134 -0.486521 
1135 -0.486521 
1136 -0.356342 
1137 0.290788 
1138 0.290788 
1139 0.290788 
1140 0.290788 
1141 0.290788 
1142 0.290788 
1143 0.269203 
1144 0.269203 
1145 0.269203 
1146 0.269203 
1147 0.367843 
1148 0.367843 
1149 0.367843 
1150 0.367843 
1151 0.464888 
1152 0.464888 
1153 0.464888 
1154 0.464888 
1155 0.464888 
1156 0.464888 
1157 0.040519 
1158 0.040519 
1159 0.040519 
1160 0.040519 
1161 -0.496980 
1162 -0.496980 
1163 -0.496980 
1164 -0.496980 
1165 0.156979 
1166 0.156979 
1167 0.156979 
1168 0.156979 
1169 0.324522 
1170 0.324522 
1171 0.324522 
1172 0.324522 
1173 -0.290657 
1174 -0.290657 
1175 -0.290657 
1176 -0.290657 
1177 0.434499 
1178 0.434499 
1179 0.434499 
1180 0.434499 
1181 -0.108189 
1182 -0.108189 
1183 0.415571 
1184 0.415571 
1185 0.415571 
1186 0.415571 
1187 0.290788 
1188 -0.443607 
1189 -0.443607 
1190 -0.443607 
1191 -0.443607 
1192 -0.443607 
1193 -0.443607 
1194 -0.099242 
1195 -0.099242 
1196 -0.099242 
1197 -0.099242 
1198 0.049661 
1199 0.049661 
1200 0.049661 
1201 0.049661 
1202 0.178056 
1203 0.178056 
1204 0.178056 
1205 0.178056 
1206 0.026770 
1207 0.026770 
1208 0.026770 
1209 0.026770 
1210 0.183231 
1211 0.183231 
1212 0.183231 
1213 0.183231 
1214 0.401948 
1215 0.401948 
1216 0.401948 
1217 0.401948 
1218 -0.308429 
1219 -0.308429 
1220 -0.308429 
1221 -0.308429 
1222 0.055595 
1223 0.055595 
1224 0.055595 
1225 0.055595 
1226 -0.049345 
1227 -0.049345 
1228 -0.049345 
1229 -0.049345 
1230 -0.049345 
1231 -0.049345 
1232 0.144299 
1233 0.144299 
1234 0.144299 
1235 0.144299 
1236 -0.388247 
1237 -0.388247 
1238 -0.388247 
1239 -0.443607 
1240 -0.463839 
1241 -0.463839 
1242 -0.463839 
1243 -0.463839 
1244 -0.463839 
1245 -0.463839 
1246 -0.463839 
1247 -0.218387 
1248 -0.218387 
1249 -0.218387 
1250 -0.218387 
1251 -0.218387 
1252 -0.218387 
1253 -0.102543 
1254 -0.102543 
1255 -0.102543 
1256 -0.102543 
1257 -0.102543 
1258 -0.102543 
1259 0.437708 
1260 0.437708 
1261 0.437708 
1262 0.437708 
1263 -0.380185 
1264 -0.380185 
1265 -0.380185 
1266 -0.380185 
1267 0.064078 
1268 0.064078 
1269 0.064078 
1270 0.064078 
1271 0.290788 
1272 0.290788 
1273 0.290788 
1274 0.290788 
1275 0.453653 
1276 0.453653 
1277 0.453653 
1278 0.453653 
1279 -0.320961 
1280 -0.320961 
1281 -0.320961 
1282 -0.320961 
1283 0.038844 
1284 0.038844 
1285 -0.210182 
1286 -0.210182 
1287 -0.210182 
1288 -0.210182 
1289 -0.210182 
1290 -0.210182 
1291 -0.463839 
1292 -0.052494 
1293 -0.052494 
1294 -0.052494 
1295 -0.052494 
1296 -0.052494 
1297 -0.052494 
1298 0.417557 
1299 0.417557 
1300 0.417557 
1301 0.417557 
1302 0.417557 
1303 0.417557 
1304 -0.038301 
1305 -0.038301 
1306 -0.038301 
1307 -0.038301 
1308 -0.103359 
1309 -0.103359 
1310 -0.103359 
1311 -0.103359 
1312 0.347706 
1313 0.347706 
1314 0.347706 
1315 0.347706 
1316 -0.139958 
1317 -0.139958 
1318 -0.139958 
1319 -0.139958 
1320 0.098437 
1321 0.098437 
1322 0.098437 
1323 0.098437 
1324 0.098437 
1325 0.098437 
1326 -0.420185 
1327 -0.420185 
1328 -0.420185 
1329 -0.420185 
1330 0.049661 
1331 0.049661 
1332 0.049661 
1333 0.049661 
1334 0.178056 
1335 0.178056 
1336 0.178056 
1337 0.178056 
1338 0.178056 
1339 0.230286 
1340 0.230286 
1341 0.026770 
1342 0.026770 
1343 0.406907 
1344 0.406907 
1345 0.406907 
1346 -0.052494 
1347 -0.009367 
1348 -0.009367 
1349 -0.009367 
1350 -0.009367 
1351 -0.009367 
1352 -0.009367 
1353 0.340512 
1354 0.340512 
1355 0.183231 
1356 0.183231 
1357 0.183231 
1358 0.183231 
1359 0.183231 
1360 -0.009367 
1361 -0.009367 
1362 -0.009367 
1363 -0.009367 
1364 -0.009367 
1365 -0.009367 
1366 -0.009367 
1367 -0.009367 
1368 -0.009367 
1369 -0.009367 
1370 -0.009367 
1371 -0.009367 
1372 -0.009367 
1373 -0.009367 
1374 -0.009367 
1375 -0.498089 
1376 -0.498089 
1377 -0.009367 
1378 -0.009367 
1379 -0.009367 
1380 -0.009367 
1381 -0.299001 
1382 -0.299001 
1383 -0.299001 
1384 -0.299001 
1385 -0.299001 
1386 -0.299001 
1387 -0.313185 
1388 -0.313185 
1389 -0.313185 
1390 -0.313185 
1391 -0.313185 
1392 0.191325 
1393 0.191325 
1394 0.191325 
1395 0.191325 
1396 0.191325 
1397 -0.009367 
1398 0.069953 
1399 0.069953 
1400 0.069953 
1401 0.069953 
1402 0.069953 
1403 0.069953 
1404 0.259881 
1405 0.259881 
1406 0.259881 
1407 0.259881 
1408 -0.165474 
1409 -0.165474 
1410 -0.165474 
1411 -0.165474 
1412 -0.165474 
1413 -0.165474 
1414 0.147370 
1415 0.147370 
1416 0.147370 
1417 0.147370 
1418 -0.040191 
1419 -0.040191 
1420 -0.040191 
1421 -0.040191 
1422 -0.032986 
1423 -0.032986 
1424 -0.032986 
1425 -0.032986 
1426 -0.032986 
1427 0.369032 
1428 0.369032 
1429 0.369032 
1430 -0.321631 
1431 -0.321631 
1432 -0.321631 
1433 -0.321631 
1434 -0.274565 
1435 -0.274565 
1436 -0.274565 
1437 -0.274565 
1438 -0.176656 
1439 -0.176656 
1440 -0.176656 
1441 -0.176656 
1442 0.420358 
1443 0.420358 
1444 0.420358 
1445 0.420358 
1446 -0.206192 
1447 -0.206192 
1448 -0.206192 
1449 -0.206192 
1450 -0.206192 
1451 0.069953 
1452 -0.151966 
1453 -0.151966 
1454 -0.151966 
1455 -0.151966 
1456 -0.151966 
1457 -0.151966 
1458 -0.481018 
1459 -0.420185 
1460 -0.420185 
1461 -0.420185 
1462 -0.420185 
1463 -0.420185 
1464 -0.420185 
1465 0.049661 
1466 0.049661 
1467 0.049661 
1468 0.049661 
1469 0.178056 
1470 0.178056 
1471 0.178056 
1472 0.178056 
1473 0.026770 
1474 0.026770 
1475 0.026770 
1476 0.026770 
1477 0.183231 
1478 0.183231 
1479 0.183231 
1480 0.183231 
1481 0.401948 
1482 0.401948 
1483 0.401948 
1484 0.401948 
1485 -0.308429 
1486 -0.308429 
1487 -0.308429 
1488 -0.308429 
1489 0.165628 
1490 0.165628 
1491 0.165628 
1492 0.165628 
1493 0.165628 
1494 0.165628 
1495 0.165628 
1496 0.165628 
1497 0.165628 
1498 -0.084588 
1499 -0.084588 
1500 -0.084588 
1501 -0.084588 
1502 -0.084588 
1503 -0.151966 
1504 -0.210182 
1505 -0.210182 
1506 -0.210182 
1507 -0.210182 
1508 -0.210182 
1509 -0.210182 
1510 0.205630 
1511 0.205630 
1512 -0.185895 
1513 -0.185895 
1514 -0.185895 
1515 -0.185895 
1516 -0.028679 
1517 -0.028679 
1518 -0.028679 
1519 -0.028679 
1520 0.301930 
1521 0.301930 
1522 0.301930 
1523 0.301930 
1524 0.450491 
1525 0.450491 
1526 0.230286 
1527 0.230286 
1528 0.230286 
1529 0.230286 
1530 0.230286 
1531 0.230286 
1532 0.406907 
1533 0.406907 
1534 0.406907 
1535 0.406907 
1536 0.340512 
1537 0.340512 
1538 0.340512 
1539 0.340512 
1540 0.191325 
1541 0.191325 
1542 0.191325 
1543 0.191325 
1544 0.259881 
1545 0.259881 
1546 0.259881 
1547 0.259881 
1548 -0.101514 
1549 -0.101514 
1550 -0.101514 
1551 -0.101514 
1552 -0.453242 
1553 -0.453242 
1554 -0.453242 
1555 -0.453242 
1556 -0.486521 
1557 -0.486521 
1558 -0.279861 
1559 -0.279861 
1560 -0.279861 
1561 -0.279861 
1562 -0.279861 
1563 -0.279861 
1564 -0.279861 
1565 -0.456853 
1566 -0.456853 
1567 -0.456853 
1568 -0.456853 
1569 -0.208171 
1570 -0.208171 
1571 -0.208171 
1572 -0.208171 
1573 -0.208171 
1574 -0.210182 
1575 0.244276 
1576 0.244276 
1577 0.244276 
1578 0.244276 
1579 0.244276 
1580 0.244276 
1581 0.246128 
1582 0.246128 
1583 0.246128 
1584 0.246128 
1585 0.246128 
1586 0.246128 
1587 0.066562 
1588 0.066562 
1589 0.066562 
1590 0.066562 
1591 -0.411622 
1592 -0.411622 
1593 -0.043532 
1594 -0.043532 
1595 -0.043532 
1596 -0.043532 
1597 -0.043532 
1598 -0.043532 
1599 0.441205 
1600 0.441205 
1601 0.441205 
1602 0.441205 
1603 0.462558 
1604 0.462558 
1605 0.462558 
1606 0.462558 
1607 -0.161200 
1608 -0.161200 
1609 -0.161200 
1610 -0.161200 
1611 -0.419694 
1612 -0.419694 
1613 -0.419694 
1614 -0.419694 
1615 0.468852 
1616 0.468852 
1617 0.468852 
1618 0.468852 
1619 -0.321631 
1620 -0.321631 
1621 -0.321631 
1622 -0.321631 
1623 -0.321631 
1624 -0.321631 
1625 -0.274565 
1626 -0.274565 
1627 -0.274565 
1628 -0.274565 
1629 -0.274565 
1630 0.244276 
1631 0.453653 
1632 0.453653 
1633 0.453653 
1634 0.453653 
1635 0.453653 
1636 0.453653 
1637 0.342102 
1638 0.342102 
1639 0.342102 
1640 0.342102 
1641 0.342102 
1642 -0.464521 
1643 -0.464521 
1644 -0.464521 
1645 -0.464521 
1646 -0.210182 
1647 -0.210182 
1648 -0.210182 
1649 -0.210182 
1650 0.417557 
1651 0.417557 
1652 0.417557 
1653 0.417557 
1654 -0.038301 
1655 -0.038301 
1656 -0.038301 
1657 -0.038301 
1658 -0.103359 
1659 -0.103359 
1660 -0.103359 
1661 -0.103359 
1662 -0.103359 
1663 0.097451 
1664 0.097451 
1665 0.097451 
1666 -0.496390 
1667 -0.496390 
1668 -0.496390 
1669 -0.496390 
1670 0.144692 
1671 0.144692 
1672 0.144692 
1673 0.144692 
1674 0.388579 
1675 0.388579 
1676 -0.359931 
1677 -0.359931 
1678 -0.359931 
1679 -0.359931 
1680 -0.359931 
1681 0.453653 
1682 -0.237248 
1683 -0.237248 
1684 -0.237248 
1685 -0.237248 
1686 -0.237248 
1687 -0.237248 
1688 -0.480504 
1689 -0.480504 
1690 -0.480504 
1691 0.139210 
1692 0.139210 
1693 0.139210 
1694 0.139210 
1695 0.290788 
1696 0.290788 
1697 0.290788 
1698 0.290788 
1699 0.290788 
1700 0.290788 
1701 0.453653 
1702 0.453653 
1703 0.453653 
1704 0.453653 
1705 -0.241334 
1706 -0.241334 
1707 -0.241334 
1708 -0.241334 
1709 0.389624 
1710 0.389624 
1711 0.389624 
1712 0.389624 
1713 0.489607 
1714 0.489607 
1715 0.489607 
1716 0.489607 
1717 -0.187030 
1718 -0.187030 
1719 -0.187030 
1720 -0.187030 
1721 -0.434392 
1722 -0.434392 
1723 -0.434392 
1724 -0.434392 
1725 -0.302237 
1726 -0.302237 
1727 0.355784 
1728 0.355784 
1729 0.355784 
1730 0.355784 
1731 0.355784 
1732 -0.237248 
1733 -0.187080 
1734 -0.187080 
1735 -0.187080 
1736 -0.187080 
1737 -0.187080 
1738 -0.187080 
1739 -0.268071 
1740 -0.268071 
1741 -0.268071 
1742 0.424850 
1743 0.424850 
1744 0.424850 
1745 0.424850 
1746 0.447920 
1747 0.447920 
1748 0.447920 
1749 0.447920 
1750 0.447920 
1751 0.447920 
1752 0.406547 
1753 0.406547 
1754 0.406547 
1755 0.406547 
1756 0.342102 
1757 0.342102 
1758 0.342102 
1759 0.342102 
1760 -0.464521 
1761 -0.464521 
1762 -0.464521 
1763 -0.464521 
1764 -0.464521 
1765 -0.285503 
1766 -0.285503 
1767 -0.285503 
1768 -0.285503 
1769 -0.483484 
1770 -0.483484 
1771 -0.483484 
1772 -0.483484 
1773 0.447920 
1774 0.447920 
1775 0.447920 
1776 0.447920 
1777 0.406547 
1778 0.406547 
1779 0.408737 
1780 0.408737 
1781 0.408737 
1782 0.408737 
1783 0.408737 
1784 -0.187080 
1785 0.417557 
1786 0.417557 
1787 0.417557 
1788 0.417557 
1789 0.417557 
1790 0.417557 
1791 0.323462 
1792 0.323462 
1793 0.323462 
1794 0.323462 
1795 0.342102 
1796 0.342102 
1797 0.342102 
1798 0.342102 
1799 0.342102 
1800 -0.361462 
1801 -0.361462 
1802 -0.361462 
1803 -0.119069 
1804 -0.119069 
1805 -0.119069 
1806 -0.119069 
1807 -0.014169 
1808 -0.014169 
1809 -0.014169 
1810 -0.014169 
1811 -0.285503 
1812 -0.285503 
1813 -0.285503 
1814 -0.285503 
1815 -0.481917 
1816 -0.481917 
1817 -0.481917 
1818 -0.481917 
1819 -0.481917 
1820 -0.481917 
1821 0.163382 
1822 0.163382 
1823 0.163382 
1824 0.163382 
1825 0.080653 
1826 0.080653 
1827 0.080653 
1828 0.080653 
1829 -0.267036 
1830 -0.267036 
1831 -0.267036 
1832 -0.267036 
1833 0.327818 
1834 0.327818 
1835 0.327818 
1836 0.327818 
1837 0.055595 
1838 0.055595 
1839 0.055595 
1840 0.055595 
1841 -0.497428 
1842 -0.497428 
1843 -0.497428 
1844 -0.497428 
1845 0.105713 
1846 0.105713 
1847 0.105713 
1848 0.417557 
1849 0.419060 
1850 0.419060 
1851 0.419060 
1852 0.419060 
1853 0.419060 
1854 0.419060 
1855 0.419060 
1856 0.054194 
1857 0.054194 
1858 0.054194 
1859 0.054194 
1860 0.419060 
1861 0.419060 
1862 0.419060 
1863 0.419060 
1864 0.419060 
1865 0.419060 
1866 0.419060 
1867 0.419060 
1868 0.419060 
1869 0.419060 
1870 0.419060 
1871 0.419060 
1872 0.419060 
1873 0.419060 
1874 0.419060 
1875 0.419060 
1876 -0.234001 
1877 -0.234001 
1878 -0.234001 
1879 -0.234001 
1880 -0.234001 
1881 -0.234001 
1882 0.292854 
1883 0.292854 
1884 0.292854 
1885 0.292854 
1886 0.423757 
1887 0.423757 
1888 0.423757 
1889 0.423757 
1890 -0.357485 
1891 -0.357485 
1892 -0.357485 
1893 -0.357485 
1894 -0.496869 
1895 -0.496869 
1896 -0.496869 
1897 -0.496869 
1898 -0.496869 
1899 0.419060 
1900 0.419060 
1901 0.419060 
1902 0.419060 
1903 0.419060 
1904 0.419060 
1905 0.419060 
1906 0.010361 
1907 0.010361 
1908 0.010361 
1909 0.010361 
1910 0.010361 
1911 0.010361 
1912 0.498809 
1913 0.498809 
1914 0.498809 
1915 0.498809 
1916 0.498809 
1917 0.435098 
1918 0.435098 
1919 0.435098 
1920 0.435098 
1921 -0.481917 
1922 -0.481917 
1923 -0.481917 
1924 -0.481917 
1925 0.163382 
1926 0.163382 
1927 0.163382 
1928 0.163382 
1929 0.080653 
1930 0.080653 
1931 0.080653 
1932 0.080653 
1933 0.080653 
1934 0.485940 
1935 0.485940 
1936 0.485940 
1937 -0.309297 
1938 -0.309297 
1939 -0.309297 
1940 -0.309297 
1941 -0.066113 
1942 -0.066113 
1943 -0.066113 
1944 -0.066113 
1945 0.439338 
1946 0.439338 
1947 0.439338 
1948 0.439338 
1949 -0.354046 
1950 -0.354046 
1951 0.435098 
1952 0.435098 
1953 0.435098 
1954 0.435098 
1955 0.435098 
1956 0.010361 
1957 -0.498187 
1958 -0.498187 
1959 -0.498187 
1960 -0.498187 
1961 -0.498187 
1962 -0.498187 
1963 0.327818 
1964 0.327818 
1965 0.327818 
1966 -0.091111 
1967 -0.091111 
1968 -0.091111 
1969 -0.091111 
1970 -0.091111 
1971 -0.091111 
1972 0.224996 
1973 0.224996 
1974 0.224996 
1975 0.224996 
1976 -0.264726 
1977 -0.264726 
1978 -0.264726 
1979 -0.264726 
1980 0.016594 
1981 0.016594 
1982 0.016594 
1983 0.016594 
1984 -0.498089 
1985 -0.498089 
1986 -0.498089 
1987 -0.498089 
1988 0.479196 
1989 0.479196 
1990 0.479196 
1991 0.479196 
1992 0.069427 
1993 0.069427 
1994 0.178056 
1995 0.178056 
1996 0.178056 
1997 0.178056 
1998 0.178056 
1999 0.178056 
2000 0.178056 
2001 0.156593 
2002 -0.146131 
2003 -0.146131 
2004 -0.146131 
2005 -0.146131 
2006 -0.146131 
2007 -0.498187 
2008 -0.284931 
2009 -0.284931 
2010 -0.284931 
2011 -0.284931 
2012 -0.284931 
2013 -0.284931 
2014 0.104465 
2015 0.104465 
2016 0.104465 
2017 0.109092 
2018 0.109092 
2019 0.109092 
2020 0.109092 
2021 -0.012573 
2022 -0.012573 
2023 -0.012573 
2024 -0.012573 
2025 -0.012573 
2026 -0.012573 
2027 0.431381 
2028 0.431381 
2029 0.431381 
2030 0.431381 
2031 -0.193009 
2032 -0.193009 
2033 0.171233 
2034 0.171233 
2035 0.171233 
2036 0.171233 
2037 0.171233 
2038 0.171233 
2039 -0.439390 
2040 -0.439390 
2041 -0.439390 
2042 -0.439390 
2043 0.319619 
2044 0.319619 
2045 0.319619 
2046 0.319619 
2047 0.126459 
2048 0.126459 
2049 0.126459 
2050 0.126459 
2051 0.040690 
2052 0.040690 
2053 0.040690 
2054 0.040690 
2055 -0.344590 
2056 -0.344590 
2057 -0.344590 
2058 -0.284931 
2059 0.467509 
2060 0.467509 
2061 0.467509 
2062 0.467509 
2063 0.467509 
2064 0.467509 
2065 -0.011007 
2066 -0.011007 
2067 -0.011007 
2068 -0.011007 
2069 -0.011007 
2070 -0.011007 
2071 -0.406300 
2072 -0.406300 
2073 -0.406300 
2074 -0.406300 
2075 -0.406300 
2076 -0.488120 
2077 -0.488120 
2078 -0.488120 
2079 -0.488120 
2080 -0.085629 
2081 -0.085629 
2082 -0.085629 
2083 -0.085629 
2084 -0.285297 
2085 -0.285297 
2086 -0.285297 
2087 -0.285297 
2088 0.157008 
2089 0.157008 
2090 0.157008 
2091 0.157008 
2092 0.201308 
2093 0.201308 
2094 0.201308 
2095 0.201308 
2096 -0.201723 
2097 -0.201723 
2098 -0.201723 
2099 -0.201723 
2100 0.132911 
2101 0.132911 
2102 0.132911 
2103 -0.430500 
2104 -0.430500 
2105 -0.430500 
2106 -0.430500 
2107 -0.101514 
2108 -0.101514 
2109 -0.101514 
2110 0.467509 
2111 0.067692 
2112 0.067692 
2113 0.067692 
2114 0.067692 
2115 0.067692 
2116 0.067692 
2117 0.367616 
2118 0.367616 
2119 0.367616 
2120 0.367616 
2121 0.367616 
2122 0.367616 
2123 0.048252 
2124 0.048252 
2125 0.048252 
2126 0.048252 
2127 0.419060 
2128 0.419060 
2129 0.419060 
2130 0.419060 
2131 -0.051064 
2132 -0.051064 
2133 -0.051064 
2134 -0.051064 
2135 -0.185895 
2136 -0.185895 
2137 -0.185895 
2138 -0.185895 
2139 -0.185895 
2140 -0.185895 
2141 -0.185895 
2142 -0.028679 
2143 -0.028679 
2144 -0.028679 
2145 -0.028679 
2146 0.301930 
2147 0.301930 
2148 0.301930 
2149 0.301930 
2150 0.450491 
2151 0.450491 
2152 0.450491 
2153 0.450491 
2154 0.342569 
2155 0.342569 
2156 0.342569 
2157 0.342569 
2158 -0.273015 
2159 -0.273015 
2160 -0.273015 
2161 0.067692 
2162 -0.209423 
2163 -0.209423 
2164 -0.209423 
2165 -0.209423 
2166 -0.209423 
2167 -0.209423 
2168 -0.342992 
2169 -0.342992 
2170 0.327818 
2171 0.327818 
2172 0.327818 
2173 0.327818 
2174 0.007521 
2175 0.007521 
2176 0.007521 
2177 0.007521 
2178 -0.491834 
2179 -0.491834 
2180 -0.491834 
2181 -0.491834 
2182 -0.491834 
2183 -0.491834 
2184 0.001531 
2185 0.001531 
2186 0.001531 
2187 0.001531 
2188 -0.233656 
2189 -0.233656 
2190 -0.233656 
2191 -0.233656 
2192 0.240117 
2193 0.240117 
2194 0.240117 
2195 0.240117 
2196 -0.289767 
2197 -0.289767 
2198 -0.289767 
2199 -0.289767 
2200 -0.070953 
2201 -0.070953 
2202 -0.070953 
2203 -0.070953 
2204 -0.070953 
2205 0.342569 
2206 0.342569 
2207 -0.116290 
2208 -0.116290 
2209 -0.116290 
2210 -0.116290 
2211 -0.116290 
2212 -0.209423 
2213 0.359945 
2214 0.359945 
2215 0.359945 
2216 0.359945 
2217 0.359945 
2218 0.359945 
2219 -0.079639 
2220 -0.079639 
2221 -0.079639 
2222 -0.079639 
2223 0.327818 
2224 0.327818 
2225 0.327818 
2226 0.327818 
2227 0.055595 
2228 0.055595 
2229 0.055595 
2230 0.055595 
2231 -0.497428 
2232 -0.497428 
2233 -0.497428 
2234 -0.497428 
2235 0.054194 
2236 0.054194 
2237 0.097656 
2238 0.097656 
2239 0.097656 
2240 0.097656 
2241 0.097656 
2242 0.097656 
2243 0.097656 
2244 -0.012573 
2245 -0.012573 
2246 -0.012573 
2247 -0.012573 
2248 0.431381 
2249 0.431381 
2250 -0.211969 
2251 -0.211969 
2252 -0.211969 
2253 -0.211969 
2254 -0.211969 
2255 -0.211969 
2256 -0.099242 
2257 -0.099242 
2258 -0.099242 
2259 -0.099242 
2260 -0.044612 
2261 -0.044612 
2262 -0.044612 
2263 0.359945 
2264 -0.069733 
2265 -0.069733 
2266 -0.069733 
2267 -0.069733 
2268 -0.069733 
2269 -0.069733 
2270 0.324201 
2271 0.324201 
2272 0.324201 
2273 0.324201 
2274 0.324201 
2275 0.324201 
2276 -0.255949 
2277 -0.255949 
2278 -0.255949 
2279 -0.255949 
2280 -0.087913 
2281 -0.087913 
2282 -0.087913 
2283 -0.087913 
2284 0.460592 
2285 0.460592 
2286 0.460592 
2287 0.460592 
2288 0.495372 
2289 0.495372 
2290 0.495372 
2291 0.495372 
2292 -0.025937 
2293 -0.025937 
2294 -0.025937 
2295 -0.025937 
2296 -0.359931 
2297 -0.359931 
2298 -0.359931 
2299 -0.359931 
2300 -0.359931 
2301 -0.359931 
2302 -0.480504 
2303 -0.480504 
2304 -0.480504 
2305 -0.480504 
2306 -0.480504 
2307 -0.464630 
2308 -0.464630 
2309 -0.464630 
2310 -0.464630 
2311 -0.464630 
2312 -0.464630 
2313 -0.464630 
2314 -0.069733 
2315 -0.102543 
2316 -0.102543 
2317 -0.102543 
2318 -0.102543 
2319 -0.102543 
2320 -0.102543 
2321 0.408737 
2322 0.408737 
2323 0.408737 
2324 0.408737 
2325 0.408737 
2326 0.408737 
2327 0.323462 
2328 0.323462 
2329 0.323462 
2330 0.323462 
2331 0.415571 
2332 0.415571 
2333 0.415571 
2334 0.415571 
2335 0.466454 
2336 0.466454 
2337 0.466454 
2338 0.466454 
2339 0.453156 
2340 0.453156 
2341 0.453156 
2342 0.453156 
2343 0.453156 
2344 0.347706 
2345 0.347706 
2346 0.347706 
2347 0.347706 
2348 -0.139958 
2349 -0.139958 
2350 -0.139958 
2351 -0.139958 
2352 -0.255949 
2353 -0.255949 
2354 -0.255949 
2355 -0.255949 
2356 -0.087913 
2357 -0.087913 
2358 -0.087913 
2359 -0.087913 
2360 0.460592 
2361 0.460592 
2362 0.460592 
2363 0.460592 
2364 0.495372 
2365 0.495372 
2366 -0.115037 
2367 -0.115037 
2368 -0.115037 
2369 -0.115037 
2370 -0.115037 
2371 -0.102543 
2372 0.292243 
2373 0.292243 
2374 0.292243 
2375 0.292243 
2376 0.292243 
2377 0.292243 
2378 0.415451 
2379 0.415451 
2380 0.415451 
2381 0.415451 
2382 0.269203 
2383 0.269203 
2384 0.017271 
2385 0.017271 
2386 0.017271 
2387 0.017271 
2388 0.017271 
2389 0.017271 
2390 0.153301 
2391 0.153301 
2392 0.153301 
2393 0.153301 
2394 -0.040371 
2395 -0.040371 
2396 -0.040371 
2397 -0.040371 
2398 0.045661 
2399 0.045661 
2400 0.045661 
2401 0.045661 
2402 -0.488494 
2403 -0.488494 
2404 -0.488494 
2405 -0.488494 
2406 -0.462491 
2407 -0.462491 
2408 -0.462491 
2409 0.172591 
2410 0.172591 
2411 0.172591 
2412 0.172591 
2413 0.172591 
2414 0.172591 
2415 0.078986 
2416 0.078986 
2417 0.078986 
2418 0.078986 
2419 0.422325 
2420 0.422325 
2421 0.422325 
2422 0.292243 
2423 0.171367 
2424 0.171367 
2425 0.171367 
2426 0.171367 
2427 0.171367 
2428 0.171367 
2429 -0.381976 
2430 -0.381976 
2431 -0.381976 
2432 -0.381976 
2433 -0.291959 
2434 -0.291959 
2435 -0.291959 
2436 -0.291959 
2437 0.426097 
2438 0.426097 
2439 0.426097 
2440 0.426097 
2441 -0.336463 
2442 -0.336463 
2443 -0.336463 
2444 -0.336463 
2445 -0.464521 
2446 -0.464521 
2447 -0.464521 
2448 -0.464521 
2449 -0.210182 
2450 -0.210182 
2451 -0.210182 
2452 -0.210182 
2453 0.417557 
2454 0.417557 
2455 0.417557 
2456 0.417557 
2457 -0.038301 
2458 -0.038301 
2459 -0.038301 
2460 -0.038301 
2461 -0.284864 
2462 -0.284864 
2463 -0.160064 
2464 -0.160064 
2465 -0.160064 
2466 -0.160064 
2467 -0.160064 
2468 -0.160064 
2469 0.230027 
2470 0.230027 
2471 0.230027 
2472 0.230027 
2473 0.230027 
2474 0.171367 
2475 0.437708 
2476 0.437708 
2477 0.437708 
2478 0.437708 
2479 0.437708 
2480 0.437708 
2481 0.246389 
2482 0.246389 
2483 0.246389 
2484 0.246389 
2485 0.246389 
2486 0.097451 
2487 0.097451 
2488 0.097451 
2489 0.097451 
2490 -0.496390 
2491 -0.496390 
2492 -0.496390 
2493 -0.496390 
2494 0.144692 
2495 0.144692 
2496 0.144692 
2497 0.144692 
2498 0.388579 
2499 0.388579 
2500 0.388579 
2501 0.388579 
2502 0.139210 
2503 0.139210 
2504 0.139210 
2505 0.139210 
2506 0.097656 
2507 0.097656 
2508 0.097656 
2509 0.097656 
2510 0.097656 
2511 0.466454 
2512 0.466454 
2513 0.466454 
2514 0.466454 
2515 0.466454 
2516 0.453156 
2517 0.453156 
2518 0.453156 
2519 0.453156 
2520 0.055595 
2521 0.055595 
2522 0.055595 
2523 0.125818 
2524 0.437708 
2525 -0.317750 
2526 -0.317750 
2527 -0.317750 
2528 -0.317750 
2529 -0.317750 
2530 -0.317750 
2531 -0.497428 
2532 -0.084919 
2533 -0.084919 
2534 -0.084919 
2535 -0.084919 
2536 0.424850 
2537 0.424850 
2538 0.424850 
2539 0.424850 
2540 -0.220194 
2541 -0.220194 
2542 -0.220194 
2543 -0.220194 
2544 0.415451 
2545 0.415451 
2546 0.415451 
2547 0.415451 
2548 0.415451 
2549 0.415451 
2550 -0.213105 
2551 -0.213105 
2552 -0.213105 
2553 -0.213105 
2554 -0.211498 
2555 -0.211498 
2556 -0.211498 
2557 -0.211498 
2558 -0.115037 
2559 -0.115037 
2560 -0.115037 
2561 -0.115037 
2562 -0.322947 
2563 -0.322947 
2564 -0.322947 
2565 -0.322947 
2566 0.105713 
2567 0.105713 
2568 0.105713 
2569 0.105713 
2570 0.151670 
2571 0.151670 
2572 0.151670 
2573 0.151670 
2574 0.151670 
2575 -0.317750 
2576 0.252328 
2577 0.252328 
2578 0.252328 
2579 0.252328 
2580 0.252328 
2581 0.252328 
2582 0.252328 
2583 0.252328 
2584 0.252328 
2585 0.252328 
2586 0.252328 
2587 0.252328 
2588 0.252328 
2589 0.252328 
2590 0.252328 
2591 0.252328 
2592 0.252328 
2593 0.252328 
2594 0.252328 
2595 0.252328 
2596 0.252328 
2597 0.252328 
2598 0.252328 
2599 0.252328 
2600 0.252328 
2601 0.252328 
2602 0.252328 
2603 0.252328 
2604 0.252328 
2605 0.252328 
2606 0.252328 
2607 0.252328 
2608 0.252328 
2609 0.252328 
2610 0.252328 
2611 0.438179 
2612 0.438179 
2613 0.438179 
2614 0.438179 
2615 0.438179 
2616 0.438179 
2617 0.252328 
2618 0.252328 
2619 0.252328 
2620 0.252328 
2621 -0.364637 
2622 -0.364637 
2623 -0.364637 
2624 -0.364637 
2625 -0.364637 
2626 0.252328 
2627 -0.172090 
2628 -0.172090 
2629 -0.172090 
2630 -0.172090 
2631 -0.172090 
2632 -0.172090 
2633 -0.351760 
2634 -0.351760 
2635 -0.351760 
2636 -0.351760 
2637 -0.351760 
2638 -0.111582 
2639 -0.111582 
2640 -0.111582 
2641 -0.111582 
2642 0.325726 
2643 0.325726 
2644 0.325726 
2645 0.325726 
2646 0.125818 
2647 0.125818 
2648 0.125818 
2649 0.125818 
2650 0.125818 
2651 0.125818 
2652 -0.443457 
2653 -0.443457 
2654 -0.443457 
2655 -0.443457 
2656 -0.335873 
2657 -0.335873 
2658 -0.335873 
2659 -0.335873 
2660 -0.159541 
2661 -0.159541 
2662 -0.159541 
2663 -0.159541 
2664 0.258232 
2665 0.258232 
2666 0.258232 
2667 0.258232 
2668 0.413362 
2669 0.413362 
2670 0.413362 
2671 0.413362 
2672 -0.213105 
2673 -0.213105 
2674 -0.213105 
2675 -0.213105 
2676 -0.213105 
2677 -0.172090 
2678 0.367843 
2679 0.367843 
2680 0.367843 
2681 0.367843 
2682 0.367843 
2683 0.367843 
2684 -0.130052 
2685 -0.130052 
2686 -0.130052 
2687 -0.130052 
2688 -0.130052 
2689 -0.464630 
2690 -0.464630 
2691 -0.464630 
2692 -0.464630 
2693 0.408737 
2694 0.408737 
2695 0.408737 
2696 0.408737 
2697 0.323462 
2698 0.323462 
2699 0.323462 
2700 0.323462 
2701 0.415571 
2702 0.415571 
2703 0.415571 
2704 0.415571 
2705 0.466454 
2706 0.466454 
2707 0.466454 
2708 0.466454 
2709 0.453156 
2710 0.453156 
2711 0.453156 
2712 0.453156 
2713 -0.044612 
2714 -0.044612 
2715 -0.044612 
2716 -0.044612 
2717 -0.044612 
2718 -0.044612 
2719 0.024591 
2720 0.024591 
2721 0.024591 
2722 0.024591 
2723 0.355784 
2724 0.355784 
2725 0.355784 
2726 0.355784 
2727 -0.359844 
2728 -0.359844 
2729 -0.359844 
2730 0.367843 
2731 -0.303125 
2732 -0.303125 
2733 -0.303125 
2734 -0.303125 
2735 -0.303125 
2736 -0.303125 
2737 -0.303125 
2738 -0.303125 
2739 0.051295 
2740 0.254306 
2741 0.254306 
2742 0.254306 
2743 0.254306 
2744 0.254306 
2745 -0.268071 
2746 -0.268071 
2747 -0.268071 
2748 -0.268071 
2749 -0.268071 
2750 -0.268071 
2751 -0.268071 
2752 -0.457712 
2753 -0.457712 
2754 -0.198717 
2755 -0.198717 
2756 0.110196 
2757 0.110196 
2758 0.051295 
2759 0.011086 
2760 0.011086 
2761 0.051295 
2762 0.051295 
2763 0.051295 
2764 0.441104 
2765 0.441104 
2766 -0.183178 
2767 -0.183178 
2768 0.051295 
2769 0.051295 
2770 0.266440 
2771 0.266440 
2772 0.011870 
2773 0.011870 
2774 -0.061659 
2775 -0.061659 
2776 0.485231 
2777 0.485231 
2778 0.361259 
2779 0.361259 
2780 -0.299001 
2781 0.440199 
2782 0.440199 
2783 -0.417923 
2784 -0.417923 
2785 -0.100636 
2786 -0.100636 
2787 -0.323450 
2788 -0.323450 
2789 -0.313185 
2790 0.332650 
2791 0.332650 
2792 -0.061202 
2793 -0.061202 
2794 -0.061202 
2795 -0.061202 
2796 -0.061202 
2797 -0.061202 
2798 0.120256 
2799 0.120256 
2800 -0.061202 
2801 -0.061202 
2802 -0.061202 
2803 -0.061202 
2804 -0.061202 
2805 -0.061202 
2806 -0.061202 
2807 -0.103359 
2808 0.347706 
2809 -0.139958 
2810 -0.255949 
2811 -0.087913 
2812 0.460592 
2813 0.102948 
2814 0.495372 
2815 -0.025937 
2816 -0.359931 
2817 -0.483484 
2818 0.447920 
2819 0.325726 
2820 0.440083 
2821 0.440083 
2822 0.440083 
2823 0.440083 
2824 0.440083 
2825 0.440083 
2826 -0.480504 
2827 -0.044612 
2828 0.342102 
2829 0.024591 
2830 0.024591 
2831 0.024591 
2832 0.024591 
2833 0.024591 
2834 0.024591 
2835 0.024591 
2836 0.024591 
2837 0.354182 
2838 0.354182 
2839 0.355784 
2840 -0.268071 
2841 0.342102 
2842 0.342102 
2843 0.342102 
2844 0.342102 
2845 0.342102 
2846 0.342102 
2847 0.355784 
2848 -0.268071 
2849 -0.359844 
2850 0.254306 
2851 -0.113704 
2852 0.422325 
2853 -0.080448 
2854 -0.303855 
2855 -0.361462 
2856 -0.119069 
2857 0.479375 
2858 0.024591 
2859 -0.014169 
2860 -0.285503 
2861 -0.040191 
2862 -0.032986 
2863 -0.430500 
2864 0.367616 
2865 -0.038301 
2866 -0.103359 
2867 0.347706 
2868 -0.139958 
2869 0.163161 
2870 -0.413328 
2871 0.479375 
2872 0.039888 
2873 -0.043532 
2874 -0.247776 
2875 0.246975 
2876 -0.215207 
2877 0.278779 
2878 -0.496170 
2879 0.432429 
2880 0.290914 
2881 -0.196341 
2882 -0.277500 
2883 0.017891 
2884 0.064688 
2885 0.163161 
2886 -0.331069 
2887 -0.413328 
2888 0.440083 
2889 0.039888 
2890 -0.331069 
2891 -0.331069 
2892 -0.255949 
2893 -0.087913 
2894 0.460592 
2895 0.495372 
2896 -0.025937 
2897 -0.359931 
2898 -0.480504 
2899 -0.044612 
2900 0.163161 
2901 0.064688 
2902 -0.247776 
2903 0.246975 
2904 -0.453242 
2905 -0.215207 
2906 -0.040191 
2907 0.292854 
2908 0.292854 
2909 -0.359844 
2910 -0.345625 
2911 0.367843 
2912 0.064078 
2913 0.064078 
2914 0.468852 
2915 0.069953 
2916 0.468852 
2917 0.290788 
2918 0.290788 
2919 0.244276 
2920 0.468852 
2921 -0.102543 
2922 0.437708 
2923 0.468852 
2924 -0.380185 
2925 -0.496869 
2926 -0.070953 
2927 -0.403451 
2928 0.292854 
2929 -0.289767 
2930 -0.403451 
2931 0.292854 
2932 -0.403451 
2933 0.292854 
2934 0.292854 
2935 0.423757 
2936 -0.403451 
2937 -0.448047 
2938 -0.418067 
2939 -0.418067 
2940 -0.418067 
2941 -0.418067 
2942 -0.418067 
2943 -0.418067 
2944 -0.403451 
2945 -0.496869 
2946 0.292854 
2947 0.423757 
2948 0.292854 
2949 -0.403451 
2950 -0.040191 
2951 -0.403451 
2952 0.479196 
2953 0.069427 
2954 0.423757 
2955 -0.448047 
2956 -0.491834 
2957 0.001531 
2958 -0.481312 
2959 0.423757 
2960 -0.481312 
2961 -0.481312 
2962 -0.496869 
2963 0.238257 
2964 0.151967 
2965 0.151967 
2966 0.151967 
2967 0.151967 
2968 0.151967 
2969 0.151967 
2970 0.151967 
2971 0.151967 
2972 0.254306 
2973 -0.113704 
2974 0.422325 
2975 -0.080448 
2976 -0.303855 
2977 -0.361462 
2978 -0.119069 
2979 -0.014169 
2980 -0.285503 
2981 -0.483484 
2982 0.462558 
2983 -0.161200 
2984 -0.419694 
2985 0.468852 
2986 -0.165474 
2987 0.147370 
2988 -0.040191 
2989 -0.032986 
2990 0.238257 
2991 0.238257 
2992 0.238257 
2993 0.238257 
2994 0.238257 
2995 0.238257 
2996 -0.165474 
2997 -0.430500 
2998 0.367616 
2999 0.048252 
3000 -0.165474 
3001 -0.165474 
3002 0.419060 
3003 -0.051064 
3004 -0.051064 
3005 -0.051064 
3006 0.051295 
3007 -0.496869 
3008 0.147370 
3009 0.147370 
3010 0.147370 
3011 -0.289767 
3012 -0.156173 
3013 -0.403451 
3014 -0.193009 
3015 -0.165474 
3016 0.423757 
3017 0.423757 
3018 -0.040191 
3019 -0.070953 
3020 -0.040191 
3021 -0.040191 
3022 -0.403451 
3023 -0.165474 
3024 -0.496869 
3025 0.147370 
3026 0.147370 
3027 -0.040191 
3028 -0.193009 
3029 -0.040191 
3030 0.171233 
