1446 1
0 -0.003250 
1 -0.057090 
2 0.353821 
3 0.447360 
4 -0.342715 
5 -0.435012 
6 -0.140966 
7 0.289610 
8 -0.404156 
9 0.244194 
10 0.076527 
11 0.258103 
12 -0.023441 
13 -0.435012 
14 -0.057090 
15 0.154415 
16 -0.359515 
17 0.110309 
18 0.246490 
19 0.244194 
20 0.460694 
21 0.242362 
22 0.244194 
23 -0.342715 
24 0.258103 
25 -0.393598 
26 -0.130244 
27 0.354437 
28 0.223766 
29 -0.372724 
30 0.021047 
31 0.076527 
32 0.223766 
33 -0.069229 
34 0.107280 
35 0.224224 
36 0.137994 
37 -0.486723 
38 0.051745 
39 0.175901 
40 0.496950 
41 -0.057090 
42 -0.057090 
43 0.280165 
44 0.371573 
45 0.165586 
46 -0.309457 
47 0.153650 
48 0.051745 
49 0.061461 
50 -0.166808 
51 0.051745 
52 0.217717 
53 -0.369389 
54 0.246490 
55 -0.461036 
56 -0.435012 
57 0.371573 
58 -0.166808 
59 0.448000 
60 -0.404156 
61 0.244194 
62 0.322313 
63 0.223766 
64 -0.359515 
65 0.021047 
66 0.236246 
67 0.211039 
68 -0.166808 
69 -0.359515 
70 0.217791 
71 0.107244 
72 0.463444 
73 0.106009 
74 0.214396 
75 -0.461036 
76 -0.470242 
77 0.258103 
78 -0.398906 
79 0.107244 
80 0.448000 
81 -0.010072 
82 -0.115145 
83 0.088874 
84 -0.116471 
85 -0.461036 
86 0.211039 
87 0.110309 
88 -0.490981 
89 0.460694 
90 -0.003250 
91 0.051745 
92 -0.432668 
93 0.371573 
94 0.463444 
95 -0.432668 
96 0.460694 
97 -0.347253 
98 0.173592 
99 -0.468451 
100 -0.446291 
101 -0.402142 
102 -0.431426 
103 0.262367 
104 -0.360337 
105 -0.346667 
106 0.444533 
107 0.021113 
108 0.460853 
109 0.448000 
110 -0.113588 
111 0.279182 
112 -0.498699 
113 0.106009 
114 -0.243009 
115 -0.400726 
116 0.021113 
117 -0.057090 
118 -0.102530 
119 0.446942 
120 -0.218645 
121 -0.432668 
122 0.463444 
123 0.460853 
124 -0.309457 
125 -0.077990 
126 0.492828 
127 -0.490981 
128 0.244194 
129 -0.498457 
130 -0.003066 
131 0.328934 
132 0.285065 
133 0.021113 
134 -0.166808 
135 -0.057090 
136 -0.102530 
137 -0.096954 
138 -0.292836 
139 0.236246 
140 -0.448388 
141 0.106009 
142 -0.190600 
143 0.105719 
144 0.021047 
145 0.322313 
146 -0.234772 
147 -0.433004 
148 -0.399172 
149 0.217791 
150 -0.031076 
151 -0.077990 
152 0.194154 
153 0.034252 
154 0.264188 
155 0.113930 
156 -0.365534 
157 -0.432668 
158 0.087355 
159 -0.077990 
160 -0.089896 
161 0.361600 
162 0.262367 
163 -0.490981 
164 -0.136111 
165 0.246490 
166 0.459085 
167 0.130255 
168 0.261183 
169 -0.362570 
170 0.387170 
171 -0.061298 
172 0.107244 
173 0.220363 
174 -0.400726 
175 -0.440308 
176 0.159209 
177 0.204344 
178 0.489343 
179 0.217791 
180 -0.189191 
181 0.322313 
182 -0.140966 
183 0.159209 
184 -0.446291 
185 -0.102955 
186 0.217791 
187 -0.077990 
188 -0.089896 
189 -0.003250 
190 -0.306995 
191 0.460694 
192 0.021113 
193 -0.446291 
194 -0.069229 
195 0.413938 
196 -0.122174 
197 -0.204915 
198 -0.204915 
199 -0.190600 
200 -0.102530 
201 -0.057090 
202 0.201609 
203 -0.400726 
204 -0.285875 
205 0.387170 
206 -0.204915 
207 -0.496394 
208 0.140435 
209 0.040337 
210 -0.195304 
211 0.328911 
212 0.422400 
213 -0.321307 
214 0.159209 
215 -0.360337 
216 0.102150 
217 -0.089896 
218 0.217717 
219 0.130255 
220 0.399874 
221 -0.327240 
222 -0.285121 
223 0.448000 
224 -0.498457 
225 0.316890 
226 0.188997 
227 0.446942 
228 0.240995 
229 0.214396 
230 0.429474 
231 0.387170 
232 0.262367 
233 0.211039 
234 0.021113 
235 -0.448388 
236 -0.448388 
237 0.027760 
238 0.370543 
239 0.236246 
240 -0.361938 
241 -0.372724 
242 0.468255 
243 0.087355 
244 0.244194 
245 -0.140966 
246 0.217717 
247 -0.431426 
248 0.488579 
249 -0.234772 
250 0.189477 
251 0.214396 
252 -0.448388 
253 0.446942 
254 -0.318890 
255 0.494245 
256 -0.435012 
257 0.066840 
258 0.224224 
259 -0.108255 
260 0.463444 
261 -0.448388 
262 0.107244 
263 0.113930 
264 -0.400726 
265 0.447360 
266 0.224224 
267 0.391820 
268 -0.102530 
269 -0.102530 
270 0.024738 
271 0.373055 
272 -0.207470 
273 0.414787 
274 0.211039 
275 -0.446291 
276 -0.136111 
277 0.214396 
278 -0.383431 
279 0.209950 
280 -0.357150 
281 -0.498457 
282 0.147067 
283 -0.441332 
284 0.087355 
285 -0.359515 
286 0.137994 
287 -0.498457 
288 0.130255 
289 0.244194 
290 0.309053 
291 -0.064715 
292 0.188997 
293 0.148307 
294 0.149401 
295 0.322313 
296 0.218002 
297 0.220363 
298 0.217717 
299 -0.324618 
300 0.239371 
301 -0.469452 
302 0.328934 
303 -0.357150 
304 0.209950 
305 0.463444 
306 -0.179437 
307 0.222407 
308 -0.306995 
309 0.406596 
310 0.463444 
311 0.113930 
312 0.489937 
313 0.446942 
314 -0.292836 
315 0.381288 
316 0.034252 
317 -0.496394 
318 0.051745 
319 -0.285121 
320 0.188997 
321 -0.357150 
322 0.088874 
323 -0.357150 
324 -0.404156 
325 -0.360426 
326 0.183382 
327 -0.306995 
328 -0.053825 
329 0.159209 
330 -0.411344 
331 0.075516 
332 0.419872 
333 -0.143211 
334 -0.359515 
335 -0.003250 
336 -0.448388 
337 0.192092 
338 0.121187 
339 -0.346658 
340 -0.049970 
341 0.242647 
342 -0.477104 
343 0.371573 
344 -0.140966 
345 0.420187 
346 -0.372724 
347 -0.130244 
348 -0.186528 
349 -0.292836 
350 -0.136111 
351 -0.461036 
352 0.385376 
353 0.075516 
354 -0.221016 
355 -0.141899 
356 -0.065397 
357 -0.285121 
358 0.415880 
359 -0.372724 
360 0.413302 
361 -0.309457 
362 0.239371 
363 0.420187 
364 0.287724 
365 0.220363 
366 0.446547 
367 -0.178645 
368 0.137994 
369 -0.207470 
370 0.088874 
371 0.228008 
372 -0.298350 
373 -0.285121 
374 -0.369389 
375 -0.064715 
376 0.188997 
377 0.447360 
378 -0.327240 
379 -0.448388 
380 -0.285121 
381 0.332899 
382 -0.347650 
383 -0.234772 
384 0.051745 
385 0.240995 
386 -0.298350 
387 0.491559 
388 -0.143211 
389 0.097686 
390 0.347850 
391 0.175901 
392 -0.166808 
393 0.414787 
394 0.373055 
395 0.328934 
396 -0.130244 
397 -0.020850 
398 -0.359515 
399 0.316890 
400 -0.233853 
401 -0.309457 
402 -0.327240 
403 -0.176523 
404 0.223766 
405 0.228008 
406 0.087355 
407 0.361600 
408 0.262367 
409 0.381288 
410 -0.195304 
411 -0.264112 
412 -0.063850 
413 0.245278 
414 -0.166808 
415 0.149401 
416 -0.448388 
417 0.175901 
418 0.245278 
419 -0.096954 
420 -0.132000 
421 0.170738 
422 -0.496394 
423 0.103162 
424 0.051745 
425 0.361600 
426 0.414787 
427 -0.285121 
428 0.340354 
429 0.228008 
430 -0.372724 
431 0.088874 
432 0.224224 
433 -0.050009 
434 0.415473 
435 0.245278 
436 0.309053 
437 -0.063850 
438 -0.279343 
439 0.034547 
440 -0.327240 
441 0.357884 
442 -0.298350 
443 -0.218645 
444 -0.130244 
445 0.092875 
446 -0.496394 
447 0.228008 
448 -0.222690 
449 -0.218645 
450 0.159757 
451 0.130255 
452 -0.311513 
453 -0.166808 
454 -0.192348 
455 0.170738 
456 0.069608 
457 0.110309 
458 0.176741 
459 -0.472686 
460 -0.136111 
461 0.373055 
462 -0.204915 
463 0.489937 
464 0.361600 
465 -0.357150 
466 -0.158391 
467 -0.234772 
468 -0.063850 
469 0.069608 
470 -0.309457 
471 -0.143211 
472 -0.347650 
473 0.223766 
474 -0.363813 
475 0.463501 
476 -0.324618 
477 0.075516 
478 -0.435012 
479 -0.285875 
480 0.050503 
481 -0.418773 
482 -0.347253 
483 0.046303 
484 0.338115 
485 0.419219 
486 -0.346402 
487 -0.343565 
488 -0.063850 
489 -0.224079 
490 -0.359515 
491 0.174985 
492 -0.023441 
493 -0.461036 
494 0.422629 
495 0.240995 
496 -0.458957 
497 0.414787 
498 0.381389 
499 0.209950 
500 0.414787 
501 -0.116471 
502 0.258103 
503 0.381288 
504 -0.054413 
505 0.250571 
506 0.353821 
507 -0.251650 
508 -0.176523 
509 0.021047 
510 0.326662 
511 -0.498457 
512 -0.158391 
513 0.352308 
514 -0.143211 
515 0.240995 
516 -0.186528 
517 -0.023441 
518 0.110309 
519 0.410366 
520 0.102150 
521 0.404294 
522 0.021047 
523 -0.435012 
524 -0.404156 
525 0.102150 
526 0.176741 
527 -0.404156 
528 0.448000 
529 0.211039 
530 -0.404156 
531 -0.327240 
532 -0.470242 
533 -0.023441 
534 -0.142035 
535 0.121187 
536 0.422629 
537 0.489865 
538 0.315363 
539 0.448000 
540 0.360988 
541 -0.498457 
542 0.022506 
543 0.381288 
544 -0.229028 
545 0.170738 
546 -0.095444 
547 0.360197 
548 0.453548 
549 0.347850 
550 -0.448388 
551 -0.050009 
552 -0.298350 
553 0.223766 
554 -0.461036 
555 -0.457249 
556 0.337744 
557 0.246490 
558 -0.498699 
559 -0.204915 
560 -0.158391 
561 0.277527 
562 -0.285121 
563 0.302850 
564 0.180581 
565 -0.306995 
566 0.021113 
567 -0.085527 
568 0.414787 
569 0.102150 
570 0.300793 
571 -0.089697 
572 -0.298037 
573 -0.116471 
574 -0.369389 
575 0.448000 
576 -0.399172 
577 0.052772 
578 0.322313 
579 0.384968 
580 0.159757 
581 0.134228 
582 -0.367607 
583 -0.486723 
584 0.262246 
585 -0.023441 
586 0.289610 
587 0.233286 
588 -0.207470 
589 0.176741 
590 -0.435012 
591 -0.108255 
592 0.447360 
593 0.188997 
594 0.224224 
595 -0.004875 
596 -0.192348 
597 0.347850 
598 0.121386 
599 -0.063850 
600 0.176447 
601 0.404294 
602 -0.050009 
603 0.114661 
604 -0.063850 
605 0.240995 
606 0.188997 
607 0.494245 
608 0.423103 
609 -0.498699 
610 -0.152243 
611 0.347850 
612 0.315363 
613 0.460694 
614 0.175901 
615 0.024738 
616 -0.062338 
617 0.188997 
618 -0.166808 
619 -0.045462 
620 0.214396 
621 0.491559 
622 -0.347650 
623 0.322313 
624 -0.298350 
625 0.459085 
626 0.419421 
627 0.410366 
628 -0.204915 
629 0.087355 
630 -0.204915 
631 0.149401 
632 -0.045462 
633 0.021113 
634 0.087355 
635 0.460694 
636 0.360988 
637 -0.483911 
638 0.425231 
639 -0.327240 
640 0.420187 
641 -0.204915 
642 0.131912 
643 0.460694 
644 0.422433 
645 0.039161 
646 0.385376 
647 -0.390654 
648 -0.357150 
649 -0.346402 
650 -0.050009 
651 -0.200113 
652 0.360988 
653 0.429474 
654 -0.050009 
655 -0.045462 
656 -0.345336 
657 -0.243009 
658 -0.050009 
659 0.246490 
660 0.410366 
661 -0.289355 
662 -0.269740 
663 0.257896 
664 0.410366 
665 -0.433223 
666 0.420187 
667 0.357981 
668 0.131912 
669 -0.347650 
670 0.121386 
671 0.371573 
672 -0.243009 
673 0.106009 
674 0.175901 
675 -0.114071 
676 -0.018483 
677 0.280165 
678 0.463444 
679 0.223766 
680 0.157288 
681 0.180581 
682 0.340354 
683 0.410366 
684 0.180581 
685 -0.298350 
686 0.021113 
687 -0.136111 
688 -0.433004 
689 -0.483911 
690 0.121386 
691 0.384968 
692 -0.192348 
693 0.246490 
694 -0.266374 
695 -0.114071 
696 0.487924 
697 0.164314 
698 0.419421 
699 -0.448388 
700 0.121187 
701 -0.050009 
702 0.447360 
703 0.220363 
704 0.052058 
705 0.315363 
706 -0.498699 
707 -0.143211 
708 -0.403848 
709 -0.346658 
710 0.097686 
711 -0.067713 
712 -0.483911 
713 -0.387610 
714 0.343095 
715 0.157230 
716 0.160624 
717 -0.142035 
718 0.159209 
719 0.065707 
720 -0.084352 
721 -0.190600 
722 -0.190600 
723 -0.209107 
724 -0.410017 
725 0.069608 
726 0.242362 
727 0.108220 
728 0.108220 
729 -0.420247 
730 0.235356 
731 -0.347253 
732 0.319190 
733 0.113930 
734 0.353821 
735 -0.322784 
736 -0.143211 
737 0.228008 
738 -0.192348 
739 0.294994 
740 0.131912 
741 0.027760 
742 0.180581 
743 -0.441332 
744 0.087355 
745 -0.142035 
746 -0.056463 
747 0.228008 
748 -0.498457 
749 -0.470242 
750 0.410366 
751 -0.498457 
752 0.419421 
753 0.034092 
754 -0.490981 
755 -0.300749 
756 0.121386 
757 -0.186528 
758 0.340354 
759 0.121187 
760 0.408149 
761 0.240995 
762 0.443178 
763 0.454242 
764 0.180581 
765 0.413938 
766 -0.158391 
767 0.223766 
768 -0.093078 
769 -0.490981 
770 -0.377272 
771 0.087355 
772 0.157288 
773 0.064232 
774 0.059274 
775 0.422400 
776 0.459085 
777 -0.470242 
778 -0.114071 
779 -0.243009 
780 -0.148291 
781 0.123300 
782 0.220363 
783 0.384968 
784 0.240995 
785 0.360988 
786 -0.498457 
787 0.039909 
788 0.340354 
789 0.189951 
790 -0.441332 
791 -0.347253 
792 -0.347253 
793 -0.343565 
794 0.036462 
795 -0.483911 
796 0.422629 
797 0.110309 
798 0.410366 
799 -0.095444 
800 -0.327240 
801 0.165586 
802 -0.356076 
803 0.217717 
804 0.444533 
805 -0.317541 
806 -0.456857 
807 -0.143211 
808 -0.196893 
809 0.280165 
810 -0.410136 
811 -0.318890 
812 0.322313 
813 -0.393598 
814 -0.063850 
815 0.069608 
816 0.214396 
817 -0.309457 
818 -0.490981 
819 -0.357150 
820 -0.142035 
821 -0.448388 
822 0.235356 
823 0.170738 
824 0.261183 
825 0.121386 
826 0.280165 
827 0.381288 
828 -0.095444 
829 -0.003066 
830 0.477915 
831 0.280165 
832 0.487924 
833 -0.333658 
834 0.159757 
835 0.238711 
836 0.065707 
837 0.457605 
838 0.189951 
839 -0.323313 
840 -0.063850 
841 0.460853 
842 -0.327240 
843 -0.309457 
844 0.214396 
845 -0.343565 
846 -0.178645 
847 -0.498457 
848 0.159757 
849 0.159757 
850 0.052772 
851 0.175901 
852 -0.441332 
853 0.121386 
854 -0.369389 
855 0.056205 
856 0.311360 
857 -0.470242 
858 0.140435 
859 0.244194 
860 0.235356 
861 0.488945 
862 -0.224079 
863 -0.010072 
864 -0.095444 
865 0.468774 
866 -0.440308 
867 -0.087660 
868 -0.218645 
869 0.224224 
870 0.189951 
871 0.381288 
872 -0.109961 
873 -0.440308 
874 -0.049970 
875 -0.010072 
876 0.061461 
877 -0.327240 
878 0.193322 
879 0.335828 
880 0.360197 
881 0.236246 
882 0.040795 
883 0.183809 
884 0.460694 
885 -0.032734 
886 -0.448388 
887 0.358982 
888 -0.347253 
889 0.175901 
890 0.273402 
891 0.069608 
892 -0.448388 
893 -0.342715 
894 0.422629 
895 0.110309 
896 0.159757 
897 -0.063850 
898 0.391820 
899 -0.346658 
900 0.147067 
901 0.360988 
902 -0.089896 
903 -0.121060 
904 -0.470597 
905 0.489343 
906 0.016305 
907 0.326662 
908 0.108220 
909 -0.187953 
910 0.157288 
911 -0.190600 
912 -0.387378 
913 0.110309 
914 -0.099293 
915 -0.383906 
916 0.162758 
917 0.353821 
918 -0.187953 
919 -0.339069 
920 0.188997 
921 -0.486723 
922 -0.393372 
923 -0.345225 
924 -0.347253 
925 -0.446386 
926 -0.186528 
927 -0.363813 
928 -0.498457 
929 -0.327240 
930 0.140435 
931 0.235356 
932 0.395148 
933 0.491559 
934 0.140435 
935 -0.305410 
936 -0.204915 
937 0.322313 
938 0.338115 
939 0.422400 
940 -0.251650 
941 0.131912 
942 -0.111075 
943 0.494245 
944 -0.108255 
945 -0.010072 
946 -0.361938 
947 -0.498457 
948 -0.432668 
949 -0.196893 
950 -0.187953 
951 0.302850 
952 0.108220 
953 0.065707 
954 -0.342715 
955 0.492828 
956 0.222407 
957 0.108220 
958 0.468255 
959 0.424996 
960 -0.411989 
961 0.180581 
962 0.489937 
963 -0.150926 
964 -0.063850 
965 0.159757 
966 -0.411920 
967 0.391820 
968 0.070108 
969 0.065707 
970 0.413938 
971 0.108220 
972 0.189178 
973 -0.060034 
974 0.428985 
975 0.108220 
976 0.385376 
977 -0.461036 
978 0.385376 
979 0.069608 
980 0.189178 
981 0.133644 
982 -0.357150 
983 -0.136111 
984 0.314766 
985 -0.204915 
986 -0.454960 
987 -0.102477 
988 0.069608 
989 -0.347253 
990 0.024317 
991 0.106086 
992 0.246490 
993 0.031735 
994 -0.063952 
995 -0.461036 
996 0.459085 
997 0.107654 
998 -0.204915 
999 0.059274 
1000 0.108220 
1001 -0.408414 
1002 -0.148291 
1003 -0.362570 
1004 -0.102955 
1005 -0.112132 
1006 0.489937 
1007 0.050532 
1008 0.285065 
1009 -0.408414 
1010 0.487924 
1011 0.016305 
1012 0.034252 
1013 0.487924 
1014 0.489937 
1015 -0.222239 
1016 -0.347253 
1017 0.489937 
1018 0.147067 
1019 -0.347253 
1020 -0.148291 
1021 -0.343565 
1022 -0.446386 
1023 -0.136111 
1024 0.051745 
1025 0.211039 
1026 0.262367 
1027 0.192092 
1028 -0.292836 
1029 0.147067 
1030 0.360197 
1031 -0.251650 
1032 0.487924 
1033 0.192479 
1034 0.381389 
1035 -0.160540 
1036 -0.498457 
1037 0.326662 
1038 0.342578 
1039 0.214396 
1040 0.192092 
1041 -0.077990 
1042 -0.130391 
1043 0.153650 
1044 0.045012 
1045 0.176741 
1046 0.330311 
1047 0.460853 
1048 -0.050009 
1049 0.437411 
1050 -0.327240 
1051 -0.342715 
1052 0.246490 
1053 -0.032734 
1054 0.326662 
1055 -0.400726 
1056 -0.136111 
1057 -0.056463 
1058 -0.346658 
1059 -0.023441 
1060 -0.216970 
1061 0.159757 
1062 -0.339069 
1063 0.414787 
1064 -0.023441 
1065 -0.203915 
1066 0.299781 
1067 0.446547 
1068 0.330311 
1069 0.106009 
1070 0.034252 
1071 0.330311 
1072 -0.136111 
1073 -0.109527 
1074 -0.306995 
1075 -0.064715 
1076 -0.063850 
1077 0.107244 
1078 -0.490981 
1079 -0.486723 
1080 0.301449 
1081 -0.298350 
1082 0.330311 
1083 0.468255 
1084 -0.003250 
1085 -0.008787 
1086 -0.196893 
1087 -0.102955 
1088 -0.190600 
1089 -0.442383 
1090 0.149401 
1091 0.460853 
1092 -0.318890 
1093 -0.059615 
1094 0.050991 
1095 -0.311513 
1096 -0.327240 
1097 -0.064800 
1098 0.105719 
1099 0.059274 
1100 0.489937 
1101 0.059274 
1102 -0.023441 
1103 -0.196893 
1104 0.287724 
1105 0.375503 
1106 0.419872 
1107 0.162758 
1108 -0.498457 
1109 0.040795 
1110 -0.116471 
1111 0.419421 
1112 -0.120397 
1113 0.016305 
1114 0.228008 
1115 0.283379 
1116 0.384968 
1117 -0.285121 
1118 0.209950 
1119 -0.060697 
1120 0.444533 
1121 0.422191 
1122 0.107654 
1123 -0.342715 
1124 0.220363 
1125 -0.140966 
1126 0.105719 
1127 -0.346658 
1128 -0.342715 
1129 -0.402142 
1130 0.130255 
1131 0.428985 
1132 0.069608 
1133 -0.446291 
1134 -0.204915 
1135 0.385376 
1136 0.105719 
1137 0.120282 
1138 -0.490981 
1139 -0.324618 
1140 -0.387826 
1141 -0.023441 
1142 0.059274 
1143 -0.089896 
1144 -0.136111 
1145 0.192092 
1146 -0.190898 
1147 -0.063850 
1148 0.283379 
1149 -0.433223 
1150 0.301449 
1151 -0.470242 
1152 -0.023441 
1153 -0.408414 
1154 -0.154229 
1155 -0.272689 
1156 -0.251650 
1157 0.387170 
1158 -0.322784 
1159 0.273402 
1160 -0.290670 
1161 0.217791 
1162 -0.196893 
1163 0.183809 
1164 -0.148291 
1165 0.315363 
1166 0.192092 
1167 -0.448388 
1168 -0.470952 
1169 -0.327240 
1170 -0.402419 
1171 0.214396 
1172 0.422400 
1173 -0.003021 
1174 0.414787 
1175 -0.175948 
1176 -0.456857 
1177 0.391820 
1178 -0.390654 
1179 -0.456857 
1180 -0.024640 
1181 -0.441332 
1182 0.107244 
1183 -0.472686 
1184 -0.116471 
1185 -0.398670 
1186 0.180581 
1187 -0.178645 
1188 0.175901 
1189 0.258103 
1190 -0.498457 
1191 0.301449 
1192 0.153109 
1193 -0.456857 
1194 -0.468451 
1195 -0.023441 
1196 -0.356076 
1197 0.273402 
1198 0.016586 
1199 -0.342715 
1200 -0.187953 
1201 0.360988 
1202 0.453548 
1203 -0.342715 
1204 -0.272689 
1205 -0.427977 
1206 -0.131667 
1207 0.419537 
1208 0.183809 
1209 0.301449 
1210 0.235771 
1211 0.302850 
1212 0.279860 
1213 0.294994 
1214 0.487924 
1215 -0.207470 
1216 0.220742 
1217 0.328911 
1218 0.211039 
1219 0.171709 
1220 0.427645 
1221 0.261183 
1222 0.422400 
1223 -0.116471 
1224 0.294994 
1225 -0.187953 
1226 0.145974 
1227 0.300793 
1228 0.302850 
1229 0.399874 
1230 -0.427977 
1231 0.328934 
1232 0.107244 
1233 0.294994 
1234 -0.346658 
1235 0.220963 
1236 0.102626 
1237 -0.324618 
1238 -0.116471 
1239 0.065707 
1240 -0.408414 
1241 -0.448388 
1242 0.070108 
1243 -0.345225 
1244 0.137994 
1245 0.016586 
1246 0.028780 
1247 0.299628 
1248 0.211039 
1249 0.162758 
1250 -0.411920 
1251 0.020803 
1252 -0.143211 
1253 0.277527 
1254 0.373055 
1255 0.492828 
1256 -0.060034 
1257 0.090577 
1258 0.121386 
1259 -0.454960 
1260 0.414787 
1261 0.358982 
1262 0.024317 
1263 -0.390654 
1264 0.251904 
1265 0.468255 
1266 -0.120397 
1267 0.413938 
1268 0.463444 
1269 -0.190600 
1270 0.183809 
1271 0.107654 
1272 0.428985 
1273 0.107654 
1274 0.061756 
1275 0.175901 
1276 0.494245 
1277 0.326662 
1278 0.399874 
1279 0.397547 
1280 0.360988 
1281 -0.343565 
1282 -0.478524 
1283 -0.190898 
1284 -0.045462 
1285 0.015796 
1286 -0.064715 
1287 0.157615 
1288 0.162758 
1289 0.415473 
1290 0.381288 
1291 -0.357150 
1292 0.224224 
1293 -0.064800 
1294 -0.323313 
1295 0.285065 
1296 0.328911 
1297 -0.167816 
1298 -0.065397 
1299 -0.323313 
1300 0.427645 
1301 0.381389 
1302 0.214396 
1303 0.214396 
1304 -0.435012 
1305 -0.300678 
1306 -0.454960 
1307 -0.324618 
1308 -0.052273 
1309 -0.116471 
1310 0.090577 
1311 0.381389 
1312 -0.411920 
1313 -0.346658 
1314 0.343095 
1315 0.373055 
1316 0.467874 
1317 -0.215832 
1318 -0.204915 
1319 0.264680 
1320 -0.272689 
1321 -0.268036 
1322 -0.064800 
1323 -0.272689 
1324 -0.404156 
1325 -0.404156 
1326 -0.455708 
1327 -0.447188 
1328 0.387170 
1329 -0.022657 
1330 -0.309457 
1331 0.300793 
1332 0.153109 
1333 0.153109 
1334 0.381389 
1335 -0.152243 
1336 0.480407 
1337 -0.384629 
1338 -0.152243 
1339 0.034530 
1340 0.328911 
1341 0.214396 
1342 -0.178645 
1343 0.415880 
1344 -0.460645 
1345 -0.414583 
1346 -0.498457 
1347 0.467874 
1348 0.468255 
1349 0.399874 
1350 -0.190600 
1351 0.487924 
1352 0.300793 
1353 -0.045462 
1354 0.153109 
1355 0.220363 
1356 -0.187953 
1357 0.279860 
1358 0.384968 
1359 0.273402 
1360 0.279860 
1361 -0.324618 
1362 -0.108934 
1363 0.262367 
1364 -0.436108 
1365 0.468255 
1366 -0.357150 
1367 -0.359515 
1368 0.105719 
1369 -0.310635 
1370 0.410366 
1371 -0.454960 
1372 -0.342715 
1373 0.414787 
1374 0.489937 
1375 -0.444108 
1376 0.299628 
1377 0.157288 
1378 -0.316821 
1379 0.102150 
1380 -0.024640 
1381 0.090577 
1382 -0.045462 
1383 -0.324618 
1384 0.245278 
1385 -0.057090 
1386 -0.398670 
1387 0.044379 
1388 -0.388712 
1389 -0.102955 
1390 0.360197 
1391 0.175901 
1392 -0.471937 
1393 0.224224 
1394 -0.322784 
1395 -0.063850 
1396 0.262367 
1397 0.463501 
1398 -0.179368 
1399 0.290937 
1400 0.448000 
1401 0.075516 
1402 0.261183 
1403 0.419537 
1404 0.285065 
1405 -0.114071 
1406 -0.204915 
1407 -0.346658 
1408 0.143329 
1409 -0.440308 
1410 -0.470242 
1411 0.180581 
1412 0.211819 
1413 0.466450 
1414 -0.114071 
1415 0.171709 
1416 0.460853 
1417 -0.233853 
1418 -0.390654 
1419 0.422191 
1420 0.315363 
1421 0.105719 
1422 0.106086 
1423 0.315363 
1424 0.016305 
1425 0.164314 
1426 -0.032734 
1427 0.183809 
1428 0.413938 
1429 0.396235 
1430 -0.298350 
1431 0.300793 
1432 -0.448388 
1433 0.211039 
1434 -0.411920 
1435 0.183139 
1436 0.127691 
1437 0.162758 
1438 0.251904 
1439 0.466450 
1440 -0.345225 
1441 0.106086 
1442 0.121386 
1443 0.337006 
1444 0.491559 
1445 0.189951 
