39 1
0 0.271250 
1 0.337794 
2 -0.412905 
3 -0.198353 
4 -0.053027 
5 0.059647 
6 -0.203320 
7 -0.346046 
8 -0.304196 
9 0.034725 
10 -0.386564 
11 0.478618 
12 0.213858 
13 0.355993 
14 0.226987 
15 0.494761 
16 0.025908 
17 0.135401 
18 -0.065706 
19 0.421996 
20 0.164987 
21 -0.088459 
22 -0.459067 
23 0.228994 
24 0.036859 
25 0.218964 
26 0.276237 
27 -0.112410 
28 0.331338 
29 0.071769 
30 -0.410514 
31 -0.477004 
32 0.271250 
33 0.337794 
34 -0.412905 
35 -0.198353 
36 -0.053027 
37 0.059647 
38 -0.203320 
