3031 1
0 -1.133853 
1 2.124802 
2 1.815642 
3 2.232977 
4 1.730687 
5 1.513217 
6 1.710995 
7 1.451525 
8 1.640863 
9 1.915166 
10 2.354184 
11 0.629232 
12 -0.156909 
13 1.271782 
14 1.219189 
15 0.624735 
16 -1.501640 
17 -2.442200 
18 2.512672 
19 2.418242 
20 1.472944 
21 1.713052 
22 1.556977 
23 1.769432 
24 1.562220 
25 1.671542 
26 1.586520 
27 1.729646 
28 1.582713 
29 1.616479 
30 1.959018 
31 0.691040 
32 0.760177 
33 0.701978 
34 2.958939 
35 1.942197 
36 1.330836 
37 1.736368 
38 1.671617 
39 1.657976 
40 1.477963 
41 1.675235 
42 2.039671 
43 1.655853 
44 1.651551 
45 1.390195 
46 1.573942 
47 1.788617 
48 1.826747 
49 1.446384 
50 1.687270 
51 1.364806 
52 1.830860 
53 1.361019 
54 1.865752 
55 1.668377 
56 1.930965 
57 -0.631925 
58 -2.157368 
59 -1.432454 
60 -1.860599 
61 -1.355975 
62 -1.583431 
63 -1.671618 
64 -1.580753 
65 -2.097754 
66 -1.806166 
67 0.781077 
68 -0.542846 
69 -0.966475 
70 -0.635824 
71 -3.094847 
72 -0.916496 
73 -1.843789 
74 -1.551940 
75 1.317017 
76 -2.014884 
77 -1.590330 
78 -0.022867 
79 -1.542118 
80 -1.357578 
81 0.016673 
82 -2.184688 
83 -0.909888 
84 -1.420401 
85 -0.489722 
86 -1.418212 
87 -1.635705 
88 -1.572614 
89 -1.602796 
90 -1.505256 
91 -1.758450 
92 -1.590687 
93 -1.645155 
94 -1.600535 
95 -1.506112 
96 -1.587590 
97 -1.487351 
98 -1.608148 
99 -1.610080 
100 -1.347371 
101 -2.664873 
102 -1.362050 
103 -1.280937 
104 -1.971417 
105 -1.706885 
106 -1.241931 
107 -1.478448 
108 -1.645331 
109 -1.515083 
110 -1.741206 
111 -1.565798 
112 -1.435286 
113 -1.462155 
114 -1.518502 
115 -1.810824 
116 -2.029905 
117 -1.673046 
118 0.891427 
119 -1.666753 
120 -2.235791 
121 -1.475528 
122 -1.482585 
123 -1.173932 
124 -1.581206 
125 -1.998742 
126 -1.662518 
127 -1.010369 
128 -1.382113 
129 -1.549506 
130 -1.933175 
131 -1.519908 
132 -2.111506 
133 -1.400873 
134 -1.369334 
135 -1.535072 
136 -1.671168 
137 -1.236976 
138 -1.484612 
139 -1.850783 
140 -1.416388 
141 -1.375682 
142 -1.642046 
143 -1.749235 
144 -1.588810 
145 -2.813178 
146 -0.533689 
147 0.801908 
148 -0.736254 
149 -2.299489 
150 -1.593666 
151 -1.477447 
152 -2.343865 
153 1.763832 
154 1.569069 
155 0.019143 
156 -1.965637 
157 -1.124756 
158 0.159369 
159 -2.055882 
160 -2.155779 
161 2.595791 
162 -0.208341 
163 0.077775 
164 0.793315 
165 -0.830986 
166 1.625684 
167 2.370089 
168 1.723397 
169 1.802605 
170 1.214978 
171 -1.506913 
172 -2.471713 
173 0.233005 
174 1.368396 
175 2.470638 
176 -2.096238 
177 0.979216 
178 -1.302469 
179 -1.759699 
180 -0.805786 
181 -1.154420 
182 0.991197 
183 2.412432 
184 -1.671371 
185 -1.688670 
186 -2.536959 
187 -0.697033 
188 -2.095861 
189 1.667432 
190 1.892150 
191 1.473890 
192 1.973442 
193 1.832969 
194 -1.191558 
195 -3.121112 
196 2.148840 
197 -0.846547 
198 1.973937 
199 0.311277 
200 -2.117355 
201 1.394842 
202 -0.267824 
203 -1.963389 
204 0.246839 
205 2.356068 
206 -2.235424 
207 0.337316 
208 -2.583740 
209 -1.854088 
210 -0.417624 
211 -0.180363 
212 -1.418989 
213 -1.264955 
214 -1.929302 
215 -0.146387 
216 2.097518 
217 0.214898 
218 -1.921984 
219 -1.582815 
220 -0.560575 
221 -1.420381 
222 -1.312883 
223 2.590832 
224 -0.165485 
225 -1.991103 
226 -1.984281 
227 -0.112571 
228 0.146975 
229 1.058889 
230 0.364476 
231 3.129363 
232 0.736576 
233 0.654505 
234 1.435175 
235 -2.601017 
236 -0.290752 
237 0.105921 
238 -2.255139 
239 -2.249143 
240 -2.090633 
241 -1.704930 
242 -0.542036 
243 -0.364563 
244 -0.554421 
245 -0.779388 
246 1.819614 
247 2.205290 
248 1.552839 
249 1.438405 
250 1.275163 
251 1.870213 
252 1.796940 
253 1.203582 
254 1.137779 
255 1.808031 
256 0.153182 
257 1.485526 
258 2.238506 
259 1.491623 
260 1.302289 
261 1.710424 
262 1.594742 
263 1.479817 
264 1.451318 
265 1.302584 
266 1.237159 
267 1.980397 
268 -2.146820 
269 -1.996122 
270 -0.727039 
271 -0.786915 
272 -0.799434 
273 0.350773 
274 -1.718889 
275 -2.312947 
276 1.500278 
277 1.197505 
278 1.613954 
279 1.748475 
280 1.697011 
281 1.554680 
282 1.284880 
283 1.530856 
284 -0.897824 
285 -2.424599 
286 -1.053788 
287 -0.988701 
288 -3.047047 
289 -0.461561 
290 -0.810165 
291 -0.672460 
292 -0.799658 
293 -1.969746 
294 -1.745191 
295 -1.556786 
296 -1.423816 
297 -1.495142 
298 -1.477751 
299 -1.430043 
300 -0.835320 
301 -0.937160 
302 -2.062129 
303 -1.983554 
304 1.416691 
305 1.738280 
306 -2.088580 
307 -1.862250 
308 -0.305238 
309 1.624530 
310 -2.464796 
311 -2.133178 
312 1.089642 
313 -0.067880 
314 -2.743445 
315 2.682497 
316 2.500988 
317 -1.760671 
318 0.079855 
319 -1.926281 
320 -1.551399 
321 -2.688301 
322 -0.464367 
323 -2.632205 
324 -2.588085 
325 -2.643490 
326 -1.451492 
327 -1.435163 
328 -1.520885 
329 -1.532991 
330 -1.701785 
331 -1.682215 
332 -1.524179 
333 -1.564419 
334 -1.469395 
335 -1.476671 
336 -1.507614 
337 -1.534897 
338 -1.551360 
339 -1.559307 
340 -1.430337 
341 -2.672470 
342 -1.418948 
343 -1.336808 
344 -1.829290 
345 -1.866368 
346 -1.590685 
347 -1.120489 
348 -1.455447 
349 -1.523842 
350 -1.416588 
351 -1.571508 
352 -1.488673 
353 -1.506601 
354 -1.450446 
355 -1.458122 
356 -1.879510 
357 -1.842888 
358 -1.621201 
359 0.591890 
360 -1.602011 
361 -1.944316 
362 -1.297290 
363 -1.261503 
364 -1.015809 
365 -1.452712 
366 -1.765083 
367 -1.522887 
368 -1.053716 
369 -1.243094 
370 -1.474810 
371 -1.829701 
372 -1.367720 
373 -1.841837 
374 -1.248026 
375 -1.168467 
376 -1.418947 
377 -1.665045 
378 -1.227070 
379 -1.534313 
380 -1.697733 
381 -1.310297 
382 -1.301748 
383 -1.546579 
384 -1.949018 
385 -1.383913 
386 -2.185955 
387 -0.403159 
388 -0.939850 
389 0.323501 
390 -1.272799 
391 -2.818650 
392 -1.632778 
393 -1.912061 
394 -2.311885 
395 -1.288528 
396 -1.435238 
397 -1.409268 
398 -1.392182 
399 -2.490795 
400 -0.027301 
401 -1.627291 
402 -1.642077 
403 -2.148814 
404 1.285061 
405 1.193276 
406 0.141163 
407 0.119482 
408 0.145639 
409 0.004403 
410 0.156203 
411 -2.533656 
412 -1.196859 
413 0.017589 
414 -2.024292 
415 -2.053245 
416 -1.993289 
417 -1.991642 
418 -1.695660 
419 1.139672 
420 -0.304271 
421 -0.161992 
422 2.506141 
423 2.288472 
424 1.564753 
425 1.658161 
426 1.600791 
427 1.585279 
428 1.601506 
429 1.554753 
430 1.634259 
431 1.644678 
432 1.445763 
433 1.474731 
434 1.899536 
435 1.910289 
436 2.117713 
437 1.312724 
438 1.645218 
439 -1.262136 
440 -1.604424 
441 -1.503355 
442 -1.593930 
443 -1.552132 
444 -1.289030 
445 -1.580841 
446 -1.667409 
447 -1.715449 
448 -1.663754 
449 -1.785310 
450 -1.458682 
451 -1.376762 
452 -1.290951 
453 -1.605689 
454 1.843641 
455 1.730508 
456 1.191130 
457 1.646540 
458 1.671466 
459 1.614648 
460 1.645848 
461 1.655839 
462 1.624020 
463 1.576020 
464 1.626085 
465 1.552172 
466 1.597078 
467 1.527752 
468 1.515633 
469 1.551537 
470 1.551857 
471 1.768992 
472 1.747829 
473 1.695874 
474 1.684744 
475 1.830160 
476 2.122759 
477 1.709017 
478 1.561769 
479 0.724676 
480 1.394300 
481 1.484232 
482 1.416207 
483 1.415606 
484 1.173993 
485 1.444867 
486 1.563666 
487 1.770581 
488 1.415001 
489 1.493760 
490 1.533693 
491 1.749396 
492 1.339303 
493 1.671706 
494 1.656841 
495 1.755354 
496 1.716773 
497 1.559966 
498 1.578668 
499 1.519386 
500 1.546811 
501 1.721290 
502 1.714994 
503 1.358172 
504 1.351108 
505 1.369625 
506 1.765284 
507 1.830399 
508 2.009105 
509 1.896348 
510 1.371855 
511 1.343154 
512 1.166517 
513 1.123446 
514 1.157364 
515 2.433521 
516 2.262533 
517 2.310249 
518 2.204102 
519 2.232332 
520 2.304542 
521 1.986585 
522 1.958151 
523 1.471134 
524 1.539094 
525 1.498469 
526 1.542956 
527 1.560279 
528 1.513222 
529 1.543168 
530 1.531083 
531 1.496550 
532 1.503277 
533 1.471819 
534 1.468954 
535 1.688925 
536 1.596191 
537 1.550608 
538 1.574275 
539 1.603354 
540 1.718404 
541 1.605265 
542 1.630070 
543 1.242275 
544 1.414012 
545 1.462982 
546 1.310531 
547 1.863661 
548 1.725266 
549 2.288222 
550 1.185712 
551 1.707444 
552 1.618019 
553 1.668152 
554 1.686240 
555 1.628668 
556 1.735922 
557 1.522490 
558 1.523647 
559 1.538495 
560 1.574984 
561 1.596254 
562 1.562722 
563 1.582212 
564 1.592855 
565 1.564870 
566 1.606997 
567 1.565741 
568 1.585163 
569 1.597269 
570 1.553242 
571 1.548326 
572 1.499226 
573 1.564190 
574 1.615821 
575 1.618935 
576 1.673985 
577 1.594637 
578 1.603321 
579 1.425415 
580 1.754423 
581 1.740409 
582 1.412109 
583 1.340391 
584 1.529561 
585 1.548426 
586 1.581692 
587 1.594248 
588 1.328615 
589 1.350071 
590 1.764123 
591 1.797812 
592 1.642505 
593 1.647942 
594 1.695931 
595 1.658833 
596 1.871398 
597 1.792972 
598 1.368485 
599 1.245241 
600 0.970382 
601 1.826074 
602 1.906853 
603 1.942721 
604 1.747880 
605 1.757706 
606 1.746701 
607 1.767010 
608 1.640214 
609 1.636691 
610 1.709289 
611 1.715413 
612 1.988988 
613 1.987472 
614 1.581598 
615 1.551562 
616 2.032586 
617 1.709266 
618 1.276052 
619 1.222662 
620 1.556821 
621 1.558243 
622 1.492721 
623 1.563785 
624 1.275163 
625 1.281757 
626 1.787871 
627 1.777536 
628 2.136646 
629 2.156929 
630 2.882145 
631 2.919016 
632 1.641890 
633 1.649240 
634 1.867257 
635 1.310581 
636 1.625835 
637 1.615869 
638 1.634989 
639 1.666517 
640 2.089627 
641 1.591441 
642 1.417614 
643 1.213076 
644 1.662361 
645 1.562511 
646 1.250320 
647 0.749753 
648 0.487292 
649 0.706263 
650 0.813777 
651 0.742555 
652 0.732441 
653 0.846181 
654 1.159489 
655 1.833044 
656 1.208510 
657 1.556809 
658 1.654834 
659 2.057581 
660 1.705459 
661 1.784865 
662 1.799730 
663 1.635743 
664 1.813232 
665 1.687772 
666 1.683901 
667 1.427674 
668 1.581827 
669 1.588480 
670 1.589530 
671 1.764647 
672 1.650286 
673 1.658969 
674 1.663960 
675 1.610458 
676 1.633882 
677 1.591617 
678 1.565414 
679 1.728294 
680 1.595109 
681 1.660804 
682 1.672649 
683 1.645614 
684 1.682484 
685 1.512906 
686 1.423229 
687 -1.907756 
688 -1.675502 
689 -1.622126 
690 -1.597202 
691 -1.563029 
692 -1.463338 
693 -2.712549 
694 -1.603372 
695 -1.663923 
696 -1.637748 
697 -1.603767 
698 -1.552258 
699 -1.507765 
700 -1.460917 
701 -1.477377 
702 -1.587188 
703 -1.655509 
704 -1.609308 
705 -1.573834 
706 -1.584310 
707 -1.555996 
708 -1.544526 
709 -1.494498 
710 -1.514536 
711 -1.814031 
712 2.578650 
713 2.556488 
714 -0.448048 
715 0.540898 
716 1.132323 
717 1.153288 
718 -2.507367 
719 -2.542464 
720 -2.496799 
721 -2.462775 
722 -2.463506 
723 -2.452710 
724 -1.835521 
725 -1.822792 
726 -1.852281 
727 -1.826008 
728 -1.916163 
729 -1.590398 
730 -1.338218 
731 -1.332343 
732 -1.431611 
733 -1.444653 
734 -1.476510 
735 -1.533281 
736 -1.529140 
737 -1.466039 
738 -1.478933 
739 -1.486066 
740 -1.374446 
741 -1.349583 
742 -2.057569 
743 -2.042553 
744 -3.923105 
745 0.451563 
746 0.433508 
747 0.463512 
748 0.672890 
749 0.712172 
750 0.849497 
751 1.174685 
752 1.104747 
753 0.995273 
754 0.677573 
755 3.071644 
756 1.552246 
757 1.584767 
758 1.605823 
759 1.597903 
760 1.729792 
761 1.723919 
762 1.475506 
763 1.378680 
764 1.605414 
765 1.568634 
766 1.548432 
767 1.559966 
768 1.406860 
769 1.502158 
770 1.464251 
771 1.802335 
772 1.504273 
773 1.640759 
774 1.651629 
775 1.409107 
776 1.569081 
777 1.563732 
778 1.587252 
779 1.542213 
780 1.593423 
781 1.349484 
782 1.413193 
783 1.886669 
784 1.461999 
785 1.587496 
786 1.518543 
787 1.839487 
788 1.913749 
789 1.457026 
790 1.510676 
791 1.454043 
792 1.500513 
793 1.527271 
794 1.487224 
795 1.835552 
796 1.739846 
797 2.604610 
798 2.613717 
799 2.611536 
800 1.601803 
801 1.576358 
802 1.629260 
803 1.666033 
804 1.585587 
805 1.619676 
806 1.566850 
807 1.605621 
808 1.451163 
809 1.494589 
810 1.408196 
811 1.903189 
812 2.508375 
813 2.537677 
814 2.480535 
815 2.486122 
816 2.450314 
817 2.446611 
818 1.202032 
819 1.276098 
820 1.496389 
821 1.499027 
822 1.461927 
823 1.471837 
824 1.643748 
825 1.658430 
826 1.513474 
827 1.558615 
828 1.552896 
829 1.590178 
830 1.605124 
831 1.644188 
832 1.305366 
833 1.305243 
834 1.313710 
835 2.157495 
836 2.025247 
837 1.679463 
838 1.680067 
839 1.172218 
840 1.491538 
841 1.490415 
842 1.505218 
843 1.584355 
844 1.397785 
845 1.744869 
846 1.765549 
847 1.374165 
848 1.399716 
849 1.558590 
850 1.569665 
851 1.591940 
852 1.575772 
853 1.566489 
854 1.535179 
855 1.453991 
856 1.503807 
857 1.503371 
858 1.512733 
859 1.572711 
860 1.465867 
861 1.468202 
862 2.539228 
863 1.286053 
864 1.606436 
865 1.580473 
866 1.672192 
867 1.656856 
868 1.636445 
869 1.633813 
870 1.653783 
871 1.559838 
872 -1.998719 
873 -2.021648 
874 -2.040433 
875 -1.981641 
876 -2.012442 
877 -2.041266 
878 -1.854641 
879 -1.818658 
880 -1.581764 
881 -1.585114 
882 -1.433599 
883 -1.483080 
884 -1.502738 
885 -1.557475 
886 -1.520363 
887 -1.515261 
888 -1.519808 
889 -1.533661 
890 -1.531612 
891 -1.495448 
892 -1.411518 
893 -1.443468 
894 -1.660565 
895 -1.663114 
896 -1.645472 
897 -1.626903 
898 -1.423602 
899 -1.385846 
900 -1.478349 
901 -1.487921 
902 -1.559482 
903 -1.553959 
904 -1.373626 
905 -1.358824 
906 -1.606088 
907 -1.612246 
908 -1.385609 
909 -1.360101 
910 -1.361109 
911 -2.133239 
912 -1.992531 
913 -2.054253 
914 -2.148302 
915 -1.512089 
916 -1.627836 
917 -1.641808 
918 -1.606234 
919 -1.310260 
920 -1.407647 
921 -1.437485 
922 -1.448838 
923 -1.819761 
924 -1.787866 
925 -1.467552 
926 -1.485511 
927 -1.474473 
928 -1.545552 
929 -1.501902 
930 -2.196873 
931 1.276566 
932 1.838716 
933 1.540852 
934 1.582658 
935 1.637611 
936 1.835288 
937 1.774946 
938 1.664647 
939 1.298584 
940 1.491758 
941 1.726688 
942 1.748779 
943 1.545512 
944 1.792281 
945 1.466151 
946 1.342759 
947 1.214563 
948 1.171010 
949 1.062751 
950 0.937270 
951 0.681044 
952 0.419720 
953 -0.009204 
954 -0.296006 
955 -0.353204 
956 -0.272223 
957 -0.159482 
958 0.030965 
959 0.458954 
960 0.786880 
961 1.294232 
962 1.750287 
963 2.437637 
964 1.244162 
965 1.676565 
966 1.689654 
967 2.219877 
968 2.123696 
969 1.862782 
970 1.885830 
971 1.585416 
972 1.988324 
973 1.789839 
974 1.714863 
975 1.270135 
976 2.130544 
977 1.580035 
978 1.401738 
979 1.371933 
980 1.448237 
981 1.479496 
982 1.696778 
983 1.745184 
984 1.215280 
985 -1.728021 
986 -1.714720 
987 -1.711298 
988 -1.582649 
989 -1.605038 
990 -1.568593 
991 -1.518684 
992 -1.499551 
993 -1.505932 
994 -1.671532 
995 -1.674453 
996 -1.593130 
997 -1.597210 
998 -1.601783 
999 -1.598198 
1000 -1.220334 
1001 -1.214063 
1002 -1.879804 
1003 -1.919441 
1004 -2.104925 
1005 -1.829884 
1006 -1.066753 
1007 -0.904792 
1008 -1.374004 
1009 -1.286599 
1010 -1.160113 
1011 -1.293524 
1012 -1.250819 
1013 -1.339611 
1014 -1.443904 
1015 -1.688771 
1016 -1.295125 
1017 -1.361426 
1018 -1.737523 
1019 -1.741875 
1020 -1.476766 
1021 -1.455830 
1022 -1.653929 
1023 -1.679053 
1024 -1.708805 
1025 -1.743169 
1026 -1.420475 
1027 -1.400002 
1028 -1.389667 
1029 -1.401107 
1030 -1.857578 
1031 -1.835111 
1032 -1.858548 
1033 -1.841406 
1034 -1.162946 
1035 -1.106849 
1036 -0.879942 
1037 -2.137913 
1038 -1.820981 
1039 -1.830049 
1040 -1.726342 
1041 -1.667968 
1042 -1.724554 
1043 -1.728957 
1044 -1.327417 
1045 -1.609048 
1046 -1.600180 
1047 -1.630659 
1048 -1.700145 
1049 -1.670781 
1050 -1.429027 
1051 -1.378204 
1052 -1.505606 
1053 -1.532173 
1054 -1.527718 
1055 -1.578992 
1056 -1.508772 
1057 -1.498392 
1058 -1.601585 
1059 -1.612430 
1060 -1.623001 
1061 -1.430664 
1062 -1.438713 
1063 -1.497227 
1064 -1.536777 
1065 -1.561363 
1066 -1.509739 
1067 -1.533216 
1068 -1.453530 
1069 -1.565633 
1070 -1.558617 
1071 -1.534306 
1072 -1.529525 
1073 -1.533530 
1074 -1.531809 
1075 -1.495198 
1076 -1.544814 
1077 -1.537998 
1078 -1.462534 
1079 -1.559496 
1080 -1.424252 
1081 -1.393404 
1082 -1.692795 
1083 -1.712097 
1084 -1.771478 
1085 -1.818520 
1086 -2.118728 
1087 -2.094018 
1088 -2.197447 
1089 1.546728 
1090 1.768762 
1091 -1.006244 
1092 -1.594858 
1093 -1.716015 
1094 -1.680303 
1095 -1.640300 
1096 -1.213153 
1097 -1.281727 
1098 -1.950858 
1099 -2.103553 
1100 -1.799508 
1101 -1.697315 
1102 -1.701601 
1103 -1.686931 
1104 -1.856041 
1105 -1.848664 
1106 -1.512138 
1107 -1.458018 
1108 -1.927732 
1109 -1.769804 
1110 -1.346491 
1111 -0.999300 
1112 -0.600239 
1113 -0.290453 
1114 0.239879 
1115 0.426500 
1116 0.512107 
1117 0.655438 
1118 0.852303 
1119 1.012783 
1120 0.824835 
1121 0.351832 
1122 -0.215936 
1123 -1.282013 
1124 -1.180803 
1125 -1.673447 
1126 -1.836700 
1127 -2.042338 
1128 -1.583996 
1129 -1.604660 
1130 -1.557634 
1131 -2.008588 
1132 -1.890766 
1133 -1.697696 
1134 -1.747155 
1135 -1.686998 
1136 -1.132908 
1137 -1.648683 
1138 -1.701907 
1139 -1.663700 
1140 -1.391843 
1141 -1.417415 
1142 -1.452772 
1143 -1.891639 
1144 -1.578685 
1145 -1.563383 
1146 -1.594650 
1147 -1.573175 
1148 -1.565809 
1149 -1.530704 
1150 -1.589385 
1151 -1.574646 
1152 -1.843826 
1153 -1.845972 
1154 -1.313561 
1155 -1.221241 
1156 -1.144525 
1157 -1.698804 
1158 -1.761132 
1159 -1.729521 
1160 -1.747267 
1161 -1.570525 
1162 -1.536334 
1163 -1.500781 
1164 -1.529988 
1165 -1.605779 
1166 -1.632605 
1167 -1.422531 
1168 -1.694635 
1169 -1.463823 
1170 -1.477867 
1171 -1.508701 
1172 -1.314962 
1173 -1.498561 
1174 -1.597600 
1175 -1.758593 
1176 -1.743971 
1177 -1.635781 
1178 -1.584171 
1179 -1.249041 
1180 -2.033560 
1181 -0.944076 
1182 -0.317368 
1183 -0.087094 
1184 0.033779 
1185 -0.087135 
1186 -0.171972 
1187 -2.402621 
1188 1.512016 
1189 1.574772 
1190 1.489894 
1191 1.426477 
1192 1.217056 
1193 1.179597 
1194 1.838609 
1195 1.814716 
1196 1.751071 
1197 1.729286 
1198 1.503630 
1199 1.561887 
1200 1.549084 
1201 1.597960 
1202 1.476560 
1203 1.443217 
1204 1.419468 
1205 1.391780 
1206 1.454856 
1207 1.547269 
1208 1.538862 
1209 1.479687 
1210 1.576981 
1211 1.544461 
1212 1.639498 
1213 1.644914 
1214 1.667618 
1215 1.646796 
1216 1.582606 
1217 1.571048 
1218 1.500541 
1219 1.531701 
1220 1.871923 
1221 1.494191 
1222 1.350960 
1223 1.356926 
1224 1.332386 
1225 1.401189 
1226 1.656769 
1227 1.696935 
1228 1.770560 
1229 1.680271 
1230 1.285754 
1231 1.226677 
1232 1.419772 
1233 1.159780 
1234 0.938211 
1235 0.866393 
1236 0.847329 
1237 0.964682 
1238 1.168552 
1239 2.612397 
1240 0.157346 
1241 0.138995 
1242 0.150213 
1243 0.119437 
1244 0.143566 
1245 0.155572 
1246 0.334311 
1247 0.657076 
1248 0.784105 
1249 0.879258 
1250 0.908709 
1251 1.047972 
1252 1.179725 
1253 1.453472 
1254 1.684510 
1255 1.658405 
1256 1.411810 
1257 1.862980 
1258 1.897312 
1259 2.210457 
1260 2.204962 
1261 1.834739 
1262 1.920296 
1263 1.655832 
1264 2.370226 
1265 1.609515 
1266 0.952075 
1267 0.007527 
1268 -0.562013 
1269 -1.501218 
1270 -1.962677 
1271 -2.361310 
1272 -1.889161 
1273 -2.090078 
1274 -2.188248 
1275 -2.267869 
1276 -2.367987 
1277 -1.916040 
1278 -1.851139 
1279 -1.437438 
1280 -1.678819 
1281 -0.788485 
1282 0.013876 
1283 0.820057 
1284 1.184670 
1285 1.269104 
1286 1.239161 
1287 1.281082 
1288 1.341465 
1289 1.365137 
1290 1.241153 
1291 0.537893 
1292 2.160916 
1293 2.099088 
1294 2.119754 
1295 2.155243 
1296 2.242277 
1297 2.211278 
1298 1.017006 
1299 1.050410 
1300 1.441925 
1301 1.511745 
1302 1.623556 
1303 1.612179 
1304 1.408864 
1305 1.390237 
1306 1.762266 
1307 1.785598 
1308 1.586970 
1309 1.588999 
1310 1.524945 
1311 1.572237 
1312 1.804174 
1313 1.779281 
1314 1.217853 
1315 1.250740 
1316 1.537303 
1317 1.547573 
1318 1.503006 
1319 1.495101 
1320 1.433810 
1321 1.467704 
1322 1.467317 
1323 1.659024 
1324 1.553885 
1325 1.496043 
1326 1.518263 
1327 1.578994 
1328 1.561674 
1329 1.524578 
1330 1.584484 
1331 1.550026 
1332 1.492698 
1333 1.497511 
1334 1.513043 
1335 1.592553 
1336 1.754082 
1337 1.749436 
1338 1.741991 
1339 1.409871 
1340 1.602423 
1341 1.546811 
1342 1.496353 
1343 1.512072 
1344 1.281015 
1345 1.298439 
1346 2.239452 
1347 -1.813405 
1348 -1.714199 
1349 -1.741094 
1350 -1.727635 
1351 -1.710281 
1352 -2.010663 
1353 -1.507734 
1354 -1.464245 
1355 -1.441894 
1356 -1.523410 
1357 -1.561097 
1358 -1.598750 
1359 -1.609478 
1360 -1.754657 
1361 -1.551608 
1362 -1.601984 
1363 -1.586351 
1364 -1.724423 
1365 -1.586994 
1366 -1.594931 
1367 -1.491635 
1368 -1.569867 
1369 -1.606182 
1370 -1.627685 
1371 -1.489486 
1372 -1.323978 
1373 -1.852615 
1374 -1.835533 
1375 -1.490405 
1376 -1.901347 
1377 -1.604306 
1378 -1.561604 
1379 -1.218625 
1380 -1.520649 
1381 -1.564435 
1382 -1.555974 
1383 -1.762167 
1384 -1.151139 
1385 -1.456769 
1386 -1.532972 
1387 -2.115451 
1388 -2.084455 
1389 -1.441955 
1390 -1.424829 
1391 -1.432693 
1392 -1.330883 
1393 -1.320073 
1394 -1.775576 
1395 -1.851236 
1396 -1.424102 
1397 -1.716562 
1398 -1.880190 
1399 -1.894056 
1400 -1.813172 
1401 -1.825276 
1402 -1.862135 
1403 -1.842497 
1404 -1.509683 
1405 -1.498859 
1406 -1.451169 
1407 -1.487977 
1408 -1.530057 
1409 -1.527968 
1410 -1.412431 
1411 -1.431512 
1412 -1.354757 
1413 -1.363612 
1414 -1.620232 
1415 -1.665503 
1416 -1.641236 
1417 -1.633778 
1418 -1.352062 
1419 -1.366033 
1420 -1.439573 
1421 -1.407640 
1422 -1.599679 
1423 -1.621973 
1424 -1.466747 
1425 -1.440009 
1426 -1.387215 
1427 -2.106026 
1428 -2.058782 
1429 -2.073629 
1430 -1.410183 
1431 -1.450318 
1432 -1.609741 
1433 -1.603587 
1434 -1.430275 
1435 -1.426732 
1436 -1.224577 
1437 -1.246630 
1438 -1.876305 
1439 -1.891660 
1440 -1.816607 
1441 -1.770369 
1442 -1.215456 
1443 -1.188832 
1444 -1.886289 
1445 -1.770194 
1446 -1.116510 
1447 -1.015591 
1448 -1.013035 
1449 -1.055677 
1450 -1.207076 
1451 -2.847841 
1452 -2.616493 
1453 -2.560046 
1454 -2.612661 
1455 -2.595679 
1456 -2.558370 
1457 -2.613675 
1458 -1.922466 
1459 -1.852117 
1460 -1.853655 
1461 -1.834536 
1462 -1.390121 
1463 -1.099842 
1464 -1.478032 
1465 -1.451361 
1466 -1.480774 
1467 -1.560176 
1468 -1.566600 
1469 -1.462518 
1470 -1.478557 
1471 -1.525970 
1472 -1.290408 
1473 -1.804404 
1474 -1.775955 
1475 -1.231543 
1476 -1.428229 
1477 -1.389335 
1478 -1.400613 
1479 -1.851301 
1480 -1.557284 
1481 -1.583349 
1482 -1.576425 
1483 -1.464195 
1484 -1.519310 
1485 -1.526778 
1486 -1.530462 
1487 -1.596971 
1488 -1.461227 
1489 -1.569354 
1490 -1.533725 
1491 -2.110905 
1492 -1.988530 
1493 -1.998038 
1494 -1.622431 
1495 -1.680121 
1496 -1.720036 
1497 -1.708942 
1498 -1.452506 
1499 -1.478337 
1500 -1.428737 
1501 -1.473486 
1502 -1.426508 
1503 -2.546507 
1504 -1.561624 
1505 -1.565109 
1506 -1.556463 
1507 -1.576192 
1508 -2.458226 
1509 -1.929422 
1510 -0.772189 
1511 -0.433383 
1512 -0.699579 
1513 -1.001493 
1514 -1.405809 
1515 -1.760057 
1516 -1.237435 
1517 -1.349911 
1518 -1.868341 
1519 -1.936419 
1520 -1.588173 
1521 -1.553866 
1522 -1.708415 
1523 -1.732358 
1524 -1.585796 
1525 -1.600559 
1526 -1.728984 
1527 -1.686491 
1528 -1.714551 
1529 -1.800449 
1530 -1.683859 
1531 -1.692391 
1532 -1.866375 
1533 -1.840164 
1534 -1.392317 
1535 -1.295588 
1536 -1.949911 
1537 -1.819557 
1538 -0.790286 
1539 -0.056484 
1540 0.677951 
1541 1.028177 
1542 1.846587 
1543 2.040796 
1544 1.898142 
1545 1.902024 
1546 2.030775 
1547 2.137860 
1548 2.149003 
1549 2.139383 
1550 1.881015 
1551 1.874937 
1552 1.681335 
1553 0.905270 
1554 -0.677250 
1555 -1.589772 
1556 -1.382354 
1557 -1.325832 
1558 -2.028452 
1559 -1.914704 
1560 -1.955135 
1561 -1.521674 
1562 -1.525425 
1563 -1.464704 
1564 -1.464567 
1565 -1.692106 
1566 -1.771729 
1567 -1.712099 
1568 -1.740577 
1569 -1.564196 
1570 -1.607788 
1571 -1.477971 
1572 -1.535889 
1573 -1.476089 
1574 -1.781579 
1575 -2.544208 
1576 -2.175017 
1577 -2.030693 
1578 -2.049324 
1579 -2.013706 
1580 -2.138342 
1581 -1.454577 
1582 -1.381943 
1583 -1.488856 
1584 -1.587583 
1585 -1.529408 
1586 -1.567195 
1587 -1.336892 
1588 -1.470625 
1589 -1.452361 
1590 -1.469133 
1591 -1.584091 
1592 -1.668747 
1593 -1.347263 
1594 -1.325454 
1595 -1.386783 
1596 -3.000723 
1597 -1.291782 
1598 -1.263869 
1599 -1.427135 
1600 -1.560807 
1601 -1.584010 
1602 -1.541438 
1603 -1.287924 
1604 -1.351868 
1605 -1.544200 
1606 -1.580879 
1607 -1.620201 
1608 -1.635944 
1609 -1.546769 
1610 -1.538693 
1611 -1.364030 
1612 -1.250714 
1613 -1.727543 
1614 -1.697310 
1615 -1.364362 
1616 -1.569515 
1617 -1.517314 
1618 -1.458850 
1619 -1.464146 
1620 -1.693205 
1621 -1.422948 
1622 -1.386976 
1623 -1.415725 
1624 -1.528088 
1625 -1.445188 
1626 -1.527055 
1627 -1.453199 
1628 -0.991809 
1629 -0.977221 
1630 -2.433335 
1631 2.021742 
1632 1.748078 
1633 1.744659 
1634 1.753317 
1635 1.738454 
1636 1.754354 
1637 1.761876 
1638 1.695061 
1639 1.692782 
1640 1.802834 
1641 1.750530 
1642 1.383796 
1643 1.317889 
1644 1.273236 
1645 1.280553 
1646 1.880258 
1647 1.897879 
1648 1.833019 
1649 1.795582 
1650 1.269530 
1651 1.239182 
1652 1.629427 
1653 1.712077 
1654 1.449438 
1655 1.416828 
1656 1.062570 
1657 1.108596 
1658 1.963835 
1659 2.070657 
1660 2.014945 
1661 2.041992 
1662 2.046102 
1663 1.622061 
1664 1.643317 
1665 1.656253 
1666 1.623603 
1667 1.634783 
1668 1.519442 
1669 1.518845 
1670 1.611106 
1671 1.592530 
1672 1.574001 
1673 1.629300 
1674 1.545048 
1675 1.599669 
1676 1.595145 
1677 1.622495 
1678 1.590086 
1679 1.496498 
1680 0.978484 
1681 1.788916 
1682 1.992024 
1683 2.011219 
1684 1.873991 
1685 1.877595 
1686 1.916533 
1687 1.903596 
1688 1.763638 
1689 1.756134 
1690 1.699124 
1691 1.950827 
1692 1.978019 
1693 1.915729 
1694 1.906321 
1695 1.112550 
1696 1.372884 
1697 1.412066 
1698 1.720435 
1699 1.718485 
1700 1.564813 
1701 1.561084 
1702 1.532292 
1703 1.597168 
1704 1.483851 
1705 1.625637 
1706 1.594847 
1707 1.590062 
1708 1.712631 
1709 1.553157 
1710 1.530633 
1711 1.467120 
1712 1.539922 
1713 1.505776 
1714 1.564679 
1715 1.557752 
1716 1.351510 
1717 1.509029 
1718 1.526754 
1719 1.893039 
1720 1.809866 
1721 1.562538 
1722 1.549016 
1723 1.434245 
1724 1.562636 
1725 1.568440 
1726 1.554512 
1727 1.517690 
1728 1.322208 
1729 1.306784 
1730 2.232194 
1731 2.250223 
1732 1.936373 
1733 1.646973 
1734 1.671663 
1735 1.692083 
1736 1.658295 
1737 1.643035 
1738 1.660075 
1739 1.618757 
1740 1.597880 
1741 1.609472 
1742 1.575329 
1743 1.579281 
1744 1.622530 
1745 1.622321 
1746 1.666432 
1747 1.686371 
1748 1.750603 
1749 1.726872 
1750 1.596671 
1751 1.571461 
1752 1.661466 
1753 1.633567 
1754 1.559662 
1755 1.527120 
1756 1.572762 
1757 1.592344 
1758 1.611748 
1759 1.625200 
1760 1.570342 
1761 1.560143 
1762 1.583511 
1763 1.634686 
1764 1.679250 
1765 1.559381 
1766 1.547640 
1767 1.586787 
1768 1.548985 
1769 1.610130 
1770 1.588457 
1771 1.716127 
1772 1.655870 
1773 1.590018 
1774 1.595115 
1775 1.529491 
1776 1.959156 
1777 1.737895 
1778 1.612109 
1779 1.055420 
1780 1.493692 
1781 1.476338 
1782 1.573875 
1783 1.628971 
1784 1.682269 
1785 2.037802 
1786 2.064089 
1787 2.086640 
1788 2.035223 
1789 1.981071 
1790 2.049392 
1791 1.820536 
1792 1.807879 
1793 1.843193 
1794 1.933355 
1795 1.952687 
1796 1.872446 
1797 1.909781 
1798 1.949328 
1799 1.967331 
1800 1.851679 
1801 2.045307 
1802 2.125398 
1803 1.749253 
1804 1.777670 
1805 1.664154 
1806 1.661415 
1807 1.519361 
1808 1.608581 
1809 1.624655 
1810 1.666175 
1811 1.507446 
1812 1.550162 
1813 1.593385 
1814 1.582775 
1815 1.505379 
1816 1.466479 
1817 1.536252 
1818 1.528370 
1819 1.615014 
1820 1.580572 
1821 1.611292 
1822 1.637676 
1823 1.409037 
1824 1.360994 
1825 1.424600 
1826 1.497075 
1827 2.028600 
1828 1.865818 
1829 1.861524 
1830 1.927333 
1831 1.958663 
1832 1.683167 
1833 1.633632 
1834 1.627952 
1835 1.444605 
1836 1.640178 
1837 1.699277 
1838 1.650968 
1839 1.168225 
1840 1.396551 
1841 1.502195 
1842 1.532555 
1843 1.810620 
1844 1.556686 
1845 1.533164 
1846 1.544511 
1847 1.499907 
1848 1.972792 
1849 1.868081 
1850 1.862773 
1851 1.828281 
1852 1.887488 
1853 1.889958 
1854 1.880530 
1855 1.506714 
1856 1.517421 
1857 1.538512 
1858 1.628988 
1859 1.582544 
1860 1.591672 
1861 1.606085 
1862 1.902198 
1863 1.894849 
1864 2.852725 
1865 3.046216 
1866 2.943942 
1867 2.159791 
1868 1.978172 
1869 1.880637 
1870 1.355783 
1871 1.409564 
1872 1.478273 
1873 1.469586 
1874 1.653283 
1875 1.654987 
1876 1.568028 
1877 1.581561 
1878 1.636909 
1879 1.607859 
1880 1.746428 
1881 1.687236 
1882 1.444125 
1883 1.406582 
1884 1.401137 
1885 1.407962 
1886 1.741062 
1887 1.780345 
1888 1.583559 
1889 1.592752 
1890 1.663612 
1891 1.612781 
1892 1.586772 
1893 1.569468 
1894 1.873242 
1895 1.900575 
1896 2.175133 
1897 2.220638 
1898 2.180524 
1899 1.972756 
1900 2.157130 
1901 2.082832 
1902 3.398444 
1903 3.361665 
1904 3.342007 
1905 1.843134 
1906 -1.162507 
1907 -1.156301 
1908 -1.675832 
1909 -1.700772 
1910 -1.736076 
1911 -1.528394 
1912 -1.271299 
1913 -0.644329 
1914 -0.415661 
1915 -0.439527 
1916 -0.518409 
1917 -0.893841 
1918 -1.225415 
1919 -1.660920 
1920 -0.823556 
1921 -1.636551 
1922 -1.807392 
1923 -2.162109 
1924 -1.793242 
1925 -1.571621 
1926 -1.585419 
1927 -1.586980 
1928 -1.711523 
1929 -1.653539 
1930 -1.642093 
1931 -1.421500 
1932 -2.050299 
1933 -1.983839 
1934 -1.267817 
1935 -1.071940 
1936 -1.040532 
1937 -1.585800 
1938 -1.911280 
1939 -1.963168 
1940 -1.401852 
1941 -1.668913 
1942 -1.696270 
1943 -1.787991 
1944 -1.988654 
1945 -1.544842 
1946 -1.499015 
1947 -1.514537 
1948 -1.322765 
1949 -1.752480 
1950 -1.775278 
1951 -1.777261 
1952 -1.883602 
1953 -1.579556 
1954 -1.589340 
1955 -1.506962 
1956 -1.493964 
1957 -3.116141 
1958 -3.062168 
1959 -3.052741 
1960 -3.079809 
1961 -3.035193 
1962 -3.053823 
1963 -1.871799 
1964 -2.083483 
1965 -2.006414 
1966 -1.356289 
1967 -1.457457 
1968 -1.508462 
1969 -1.524421 
1970 -1.601882 
1971 -1.576684 
1972 -1.398870 
1973 -1.429788 
1974 -1.432848 
1975 -1.471613 
1976 -1.457230 
1977 -1.463975 
1978 -1.420838 
1979 -1.442949 
1980 -1.535542 
1981 -1.527973 
1982 -1.450817 
1983 -1.446053 
1984 -1.453204 
1985 -1.433650 
1986 -1.444707 
1987 -1.461685 
1988 -1.486027 
1989 -1.496441 
1990 -1.507325 
1991 -1.505283 
1992 -1.555917 
1993 -1.521792 
1994 -1.498335 
1995 -1.516036 
1996 -1.901759 
1997 -1.885967 
1998 -1.824551 
1999 -1.860825 
2000 -1.798397 
2001 -1.951512 
2002 -1.987669 
2003 -1.985630 
2004 -1.912949 
2005 -1.905590 
2006 -1.877533 
2007 -3.072861 
2008 1.951327 
2009 1.980724 
2010 1.938640 
2011 1.946604 
2012 2.005315 
2013 2.022856 
2014 1.329653 
2015 1.277887 
2016 1.475753 
2017 1.503142 
2018 1.525480 
2019 1.694431 
2020 1.694546 
2021 1.471002 
2022 1.473258 
2023 1.540684 
2024 1.444865 
2025 1.530293 
2026 1.497659 
2027 1.759249 
2028 1.565860 
2029 1.996009 
2030 1.948004 
2031 1.566164 
2032 1.758423 
2033 1.468336 
2034 1.439634 
2035 1.456318 
2036 1.471261 
2037 1.484281 
2038 1.465562 
2039 1.746247 
2040 1.769918 
2041 1.353861 
2042 1.352268 
2043 1.694453 
2044 1.524087 
2045 1.564694 
2046 1.576730 
2047 1.565647 
2048 1.582742 
2049 1.521192 
2050 1.553235 
2051 1.522165 
2052 1.676697 
2053 1.510854 
2054 1.463881 
2055 1.449070 
2056 1.534333 
2057 1.521783 
2058 2.281039 
2059 -1.109460 
2060 -1.605843 
2061 -1.710310 
2062 -1.740183 
2063 -1.610072 
2064 -1.126536 
2065 -1.653120 
2066 -1.983229 
2067 -1.966144 
2068 -1.778742 
2069 -1.822237 
2070 -1.771852 
2071 -1.560732 
2072 -1.604657 
2073 -1.618298 
2074 -1.790586 
2075 -1.828048 
2076 -1.695335 
2077 -1.703495 
2078 -1.756992 
2079 -1.734058 
2080 -1.733945 
2081 -1.762545 
2082 -1.560042 
2083 -1.548688 
2084 -1.953313 
2085 -1.969240 
2086 -1.628564 
2087 -1.616108 
2088 -1.673362 
2089 -1.753144 
2090 -1.578449 
2091 -1.584478 
2092 -1.619051 
2093 -1.670484 
2094 -1.603115 
2095 -1.650671 
2096 -2.128549 
2097 -1.856863 
2098 -0.981498 
2099 -0.198301 
2100 1.295968 
2101 1.696634 
2102 1.708664 
2103 1.760460 
2104 1.614806 
2105 1.749862 
2106 1.706619 
2107 1.385033 
2108 1.141318 
2109 0.747304 
2110 -1.104737 
2111 3.120724 
2112 2.035951 
2113 1.764890 
2114 1.776576 
2115 1.766064 
2116 1.772151 
2117 1.889270 
2118 1.947893 
2119 1.969443 
2120 2.022009 
2121 1.456590 
2122 1.456813 
2123 1.365754 
2124 1.538570 
2125 1.530908 
2126 1.549163 
2127 1.556653 
2128 1.446975 
2129 1.527080 
2130 1.534817 
2131 1.607420 
2132 1.579260 
2133 1.604979 
2134 1.574164 
2135 1.349144 
2136 1.306083 
2137 1.303533 
2138 1.948043 
2139 1.970946 
2140 1.622303 
2141 1.608793 
2142 1.370271 
2143 1.395553 
2144 1.513633 
2145 1.465749 
2146 1.478186 
2147 1.457657 
2148 1.338869 
2149 1.311270 
2150 1.602708 
2151 1.604921 
2152 2.064051 
2153 2.018649 
2154 1.489136 
2155 1.499383 
2156 1.669860 
2157 1.603913 
2158 1.666528 
2159 1.736506 
2160 2.338716 
2161 2.577262 
2162 0.462010 
2163 0.511653 
2164 0.859375 
2165 0.930235 
2166 0.844470 
2167 0.350309 
2168 -0.970030 
2169 -1.510014 
2170 -2.358041 
2171 -2.406237 
2172 -2.103692 
2173 -2.063616 
2174 -2.024953 
2175 -1.900615 
2176 -2.009060 
2177 -1.921022 
2178 -1.739332 
2179 -1.802279 
2180 -1.900900 
2181 -1.905615 
2182 -1.723562 
2183 -1.544640 
2184 -1.252899 
2185 -0.696929 
2186 0.239874 
2187 0.765880 
2188 1.258884 
2189 1.513216 
2190 2.237994 
2191 2.124471 
2192 2.058124 
2193 1.994162 
2194 1.933766 
2195 1.991870 
2196 2.062132 
2197 2.029467 
2198 1.770385 
2199 1.671187 
2200 1.757041 
2201 1.877830 
2202 1.917028 
2203 1.804762 
2204 1.846936 
2205 1.938603 
2206 1.903182 
2207 1.865706 
2208 1.993351 
2209 1.880153 
2210 1.876019 
2211 1.622416 
2212 0.151816 
2213 -1.825684 
2214 -1.915026 
2215 -1.868340 
2216 -1.779797 
2217 -1.798081 
2218 -1.790036 
2219 -1.686020 
2220 -1.958025 
2221 -1.504059 
2222 -1.514386 
2223 -1.361178 
2224 -1.522079 
2225 -1.462456 
2226 -1.453836 
2227 -1.664525 
2228 -1.620366 
2229 -1.474423 
2230 -1.510507 
2231 -1.507738 
2232 -1.402647 
2233 -1.582098 
2234 -1.595198 
2235 -1.632461 
2236 -1.519382 
2237 -1.568615 
2238 -1.561779 
2239 -1.588772 
2240 -2.383521 
2241 -2.394348 
2242 -1.671315 
2243 -1.575529 
2244 -1.567459 
2245 -1.600399 
2246 -1.486149 
2247 -1.555982 
2248 -1.469221 
2249 -1.410934 
2250 -1.601318 
2251 -1.596000 
2252 -1.474802 
2253 -1.524638 
2254 -1.539101 
2255 -1.497046 
2256 -1.687277 
2257 -1.708773 
2258 -1.930678 
2259 -1.939846 
2260 -1.937546 
2261 -1.961970 
2262 -1.930933 
2263 -1.940684 
2264 1.503839 
2265 1.558370 
2266 1.544212 
2267 1.647265 
2268 2.052476 
2269 2.018816 
2270 1.111607 
2271 0.840415 
2272 1.223438 
2273 1.234517 
2274 1.168221 
2275 1.153122 
2276 0.979138 
2277 1.101027 
2278 1.800026 
2279 1.856346 
2280 1.319099 
2281 1.271331 
2282 1.822718 
2283 1.801386 
2284 1.900231 
2285 1.824559 
2286 1.927004 
2287 1.973460 
2288 1.880480 
2289 1.889501 
2290 1.243413 
2291 1.255005 
2292 1.576270 
2293 1.576505 
2294 1.526391 
2295 1.415847 
2296 1.224687 
2297 1.275558 
2298 1.851845 
2299 1.820936 
2300 1.878204 
2301 1.800637 
2302 1.586851 
2303 1.653230 
2304 1.560859 
2305 1.566965 
2306 1.547306 
2307 1.764459 
2308 1.702166 
2309 1.744445 
2310 1.712107 
2311 1.679085 
2312 1.966690 
2313 2.021743 
2314 1.871749 
2315 -0.319249 
2316 -0.638816 
2317 -0.692673 
2318 -0.747159 
2319 -0.800655 
2320 -0.876717 
2321 -1.370373 
2322 -1.757005 
2323 -2.359928 
2324 -1.894464 
2325 -1.772819 
2326 -1.946332 
2327 -1.837176 
2328 -2.268320 
2329 -1.946467 
2330 -1.671393 
2331 -1.028726 
2332 -0.797844 
2333 0.024799 
2334 0.578872 
2335 1.209800 
2336 1.457412 
2337 1.323710 
2338 1.255842 
2339 0.837453 
2340 0.572105 
2341 0.469683 
2342 0.506440 
2343 0.501691 
2344 0.544614 
2345 0.522309 
2346 0.438941 
2347 0.263119 
2348 -0.010509 
2349 -0.418685 
2350 -1.084339 
2351 -1.466761 
2352 -1.493716 
2353 -1.528397 
2354 -1.756843 
2355 -1.795138 
2356 -1.758988 
2357 -1.533502 
2358 -0.938180 
2359 -0.476099 
2360 -0.023343 
2361 0.329414 
2362 0.884808 
2363 1.187821 
2364 1.334587 
2365 1.324413 
2366 1.318081 
2367 1.193124 
2368 0.876344 
2369 0.701062 
2370 0.480825 
2371 -0.475911 
2372 -1.693084 
2373 -1.688060 
2374 -1.700455 
2375 -1.733953 
2376 -1.903089 
2377 -1.858496 
2378 -1.291823 
2379 -1.258347 
2380 -1.381358 
2381 -1.399222 
2382 -1.707492 
2383 -1.774841 
2384 -1.673960 
2385 -1.618301 
2386 -1.514044 
2387 -1.555455 
2388 -1.607762 
2389 -1.551593 
2390 -1.522176 
2391 -1.528728 
2392 -1.511443 
2393 -1.538157 
2394 -1.585655 
2395 -1.584303 
2396 -1.543036 
2397 -1.583098 
2398 -1.571461 
2399 -1.560039 
2400 -1.485842 
2401 -1.481934 
2402 -1.647420 
2403 -1.630676 
2404 -1.564234 
2405 -1.498237 
2406 -1.749208 
2407 -1.797379 
2408 -2.039127 
2409 -1.466214 
2410 -1.344743 
2411 -1.358316 
2412 -1.296940 
2413 -1.630090 
2414 -1.618518 
2415 -1.658202 
2416 -1.437545 
2417 -1.831169 
2418 -1.792920 
2419 -1.847724 
2420 -1.978696 
2421 -2.056993 
2422 -1.779971 
2423 0.178121 
2424 0.330780 
2425 0.407155 
2426 0.376661 
2427 0.221160 
2428 -0.234098 
2429 -1.169175 
2430 -1.641174 
2431 -1.822875 
2432 -1.489606 
2433 -1.874717 
2434 -2.015911 
2435 -2.121178 
2436 -2.061453 
2437 -2.051683 
2438 -2.043736 
2439 -1.536821 
2440 -1.818972 
2441 -1.021215 
2442 -0.633684 
2443 -0.289854 
2444 0.274659 
2445 0.960563 
2446 1.473526 
2447 2.049418 
2448 1.712840 
2449 1.873487 
2450 1.838834 
2451 1.900659 
2452 1.789446 
2453 1.797962 
2454 1.826984 
2455 2.116942 
2456 1.917493 
2457 2.005845 
2458 2.043220 
2459 2.084627 
2460 2.004166 
2461 1.989642 
2462 1.961909 
2463 1.717355 
2464 2.219305 
2465 1.964907 
2466 1.921405 
2467 1.206438 
2468 1.123798 
2469 0.200379 
2470 -0.426830 
2471 -0.996516 
2472 -1.046851 
2473 -0.816503 
2474 0.298556 
2475 3.179194 
2476 1.883269 
2477 1.456709 
2478 1.504863 
2479 1.494155 
2480 1.561986 
2481 1.412430 
2482 1.610836 
2483 1.668510 
2484 1.865819 
2485 1.882845 
2486 1.269284 
2487 1.231770 
2488 1.595161 
2489 1.557442 
2490 1.674874 
2491 1.619554 
2492 1.574777 
2493 1.557103 
2494 1.628410 
2495 1.603252 
2496 1.707216 
2497 1.723912 
2498 1.433037 
2499 1.455916 
2500 1.470028 
2501 1.469202 
2502 1.683862 
2503 1.752140 
2504 1.766216 
2505 1.742447 
2506 1.284826 
2507 1.303202 
2508 1.606531 
2509 1.581363 
2510 1.519079 
2511 1.274541 
2512 1.349603 
2513 1.488052 
2514 1.663372 
2515 1.666577 
2516 1.545274 
2517 1.527458 
2518 1.594244 
2519 1.609958 
2520 1.180368 
2521 1.143950 
2522 1.093293 
2523 2.552712 
2524 2.021410 
2525 -1.445762 
2526 -1.522559 
2527 -1.524997 
2528 -1.462579 
2529 -1.517963 
2530 -1.464462 
2531 -1.719941 
2532 -1.562388 
2533 -1.536147 
2534 -1.605929 
2535 -1.595799 
2536 -1.742105 
2537 -1.730001 
2538 -1.341821 
2539 -1.355484 
2540 -1.377686 
2541 -1.427681 
2542 -1.658958 
2543 -1.676276 
2544 -1.723301 
2545 -1.694466 
2546 -1.765777 
2547 -1.198086 
2548 -1.633482 
2549 -1.665182 
2550 -1.418684 
2551 -1.420111 
2552 -1.587142 
2553 -1.537494 
2554 -1.553125 
2555 -1.631962 
2556 -1.480224 
2557 -1.457147 
2558 -1.683900 
2559 -1.678579 
2560 -1.654873 
2561 -1.615001 
2562 -1.477142 
2563 -1.485357 
2564 -1.309485 
2565 -1.316344 
2566 -1.947101 
2567 -1.950463 
2568 -1.701768 
2569 -1.628273 
2570 -1.358533 
2571 -1.371595 
2572 -1.446324 
2573 -1.413291 
2574 -1.291552 
2575 -2.033899 
2576 0.733753 
2577 0.817719 
2578 0.795675 
2579 0.788694 
2580 0.637120 
2581 0.091505 
2582 -1.066247 
2583 -1.861676 
2584 -1.985097 
2585 -1.586808 
2586 -1.354135 
2587 -0.890049 
2588 -0.659499 
2589 -0.407552 
2590 -0.293790 
2591 -0.216023 
2592 -0.224166 
2593 -0.461678 
2594 -0.753435 
2595 -1.141855 
2596 -1.249994 
2597 -1.334453 
2598 -1.427775 
2599 -1.350689 
2600 -1.281918 
2601 -1.129966 
2602 -0.903421 
2603 -0.375390 
2604 0.008401 
2605 0.558522 
2606 1.042372 
2607 1.670128 
2608 1.525250 
2609 1.773435 
2610 1.883828 
2611 2.199251 
2612 1.903536 
2613 1.813938 
2614 2.226195 
2615 2.102238 
2616 2.384369 
2617 1.998931 
2618 1.849496 
2619 1.185064 
2620 1.152249 
2621 0.071583 
2622 -0.708943 
2623 -1.198912 
2624 -0.893606 
2625 -0.750672 
2626 0.178129 
2627 -3.367717 
2628 -2.427149 
2629 -2.285854 
2630 -2.374568 
2631 -2.395030 
2632 -2.384676 
2633 -2.908084 
2634 -1.987071 
2635 -2.056847 
2636 -1.874010 
2637 -1.902270 
2638 -1.685529 
2639 -1.668536 
2640 -1.828572 
2641 -1.734598 
2642 -1.843384 
2643 -1.761732 
2644 -1.471905 
2645 -1.483243 
2646 -1.573442 
2647 -1.539451 
2648 -1.479876 
2649 -1.639707 
2650 -1.578374 
2651 -1.554755 
2652 -1.556146 
2653 -1.516583 
2654 -1.575826 
2655 -1.520633 
2656 -1.555806 
2657 -1.540671 
2658 -1.423266 
2659 -1.404127 
2660 -1.449569 
2661 -1.415176 
2662 -1.516456 
2663 -1.549868 
2664 -1.473716 
2665 -1.428392 
2666 -1.546001 
2667 -1.560832 
2668 -1.642517 
2669 -1.683999 
2670 -1.366885 
2671 -1.319951 
2672 -1.612008 
2673 -1.700729 
2674 -1.682746 
2675 -1.627818 
2676 -1.706507 
2677 -2.433846 
2678 -1.789036 
2679 -1.773962 
2680 -1.808674 
2681 -1.735124 
2682 -1.746287 
2683 -1.758192 
2684 -1.627599 
2685 -1.533459 
2686 -1.514938 
2687 -1.362234 
2688 -1.383781 
2689 -1.614491 
2690 -1.617730 
2691 -1.450525 
2692 -1.745605 
2693 -1.510528 
2694 -1.472499 
2695 -1.379678 
2696 -1.547630 
2697 -1.462046 
2698 -1.502995 
2699 -1.655257 
2700 -1.147398 
2701 -1.646960 
2702 -1.601492 
2703 -1.802921 
2704 -1.829984 
2705 -1.480198 
2706 -1.519597 
2707 -1.406451 
2708 -1.645857 
2709 -1.514419 
2710 -1.520658 
2711 -1.495782 
2712 -1.169091 
2713 -2.021966 
2714 -2.006670 
2715 -1.966475 
2716 -2.350345 
2717 -1.346659 
2718 -1.319942 
2719 -1.333635 
2720 -1.474047 
2721 -1.574167 
2722 -1.551442 
2723 -1.562184 
2724 -1.419243 
2725 -1.605212 
2726 -1.661410 
2727 -1.521193 
2728 -1.841444 
2729 -1.772753 
2730 -2.061881 
2731 -0.228407 
2732 -0.960384 
2733 -1.053738 
2734 -0.457464 
2735 -0.493904 
2736 -0.548702 
2737 -0.457779 
2738 -0.567697 
2739 2.408872 
2740 1.822647 
2741 1.583578 
2742 1.580316 
2743 1.561018 
2744 1.273490 
2745 1.607299 
2746 1.694980 
2747 1.860788 
2748 1.601876 
2749 1.658402 
2750 1.719289 
2751 1.671958 
2752 -1.133416 
2753 -1.626117 
2754 -1.298714 
2755 -1.490424 
2756 -1.316380 
2757 -1.720215 
2758 2.934685 
2759 -0.243770 
2760 -0.097135 
2761 2.332893 
2762 2.244438 
2763 1.470029 
2764 0.043716 
2765 0.209352 
2766 -1.887066 
2767 -2.333695 
2768 2.478980 
2769 2.272663 
2770 -0.967809 
2771 -1.381499 
2772 -0.703581 
2773 -0.660985 
2774 -1.650078 
2775 -1.898006 
2776 -1.078800 
2777 -1.302079 
2778 1.603597 
2779 2.566797 
2780 2.975181 
2781 -0.219758 
2782 -0.156340 
2783 -1.679212 
2784 -1.850418 
2785 -1.571132 
2786 -1.906447 
2787 -0.205653 
2788 -0.159586 
2789 3.284928 
2790 -0.027115 
2791 0.141235 
2792 2.200285 
2793 0.565085 
2794 0.794019 
2795 2.131193 
2796 2.249188 
2797 2.181092 
2798 0.183820 
2799 0.222270 
2800 2.304764 
2801 0.511112 
2802 0.934322 
2803 2.474082 
2804 2.310575 
2805 0.484735 
2806 0.783968 
2807 1.979136 
2808 1.137970 
2809 1.721949 
2810 1.361123 
2811 1.550006 
2812 1.388548 
2813 0.201052 
2814 1.799875 
2815 2.083755 
2816 1.466843 
2817 1.623975 
2818 -2.896649 
2819 -0.405648 
2820 -0.203005 
2821 -0.498623 
2822 -0.231157 
2823 0.251631 
2824 -0.227562 
2825 -0.291529 
2826 0.207289 
2827 0.153806 
2828 -0.298739 
2829 -2.103743 
2830 -2.074274 
2831 -2.053269 
2832 -2.035168 
2833 -2.269326 
2834 -2.052000 
2835 -2.069164 
2836 -1.436271 
2837 -2.143833 
2838 -2.014821 
2839 -1.335636 
2840 -2.714854 
2841 -1.426950 
2842 -1.234833 
2843 -0.659023 
2844 -0.486782 
2845 -0.495483 
2846 -1.226017 
2847 2.905342 
2848 2.006124 
2849 1.672382 
2850 1.532861 
2851 1.456629 
2852 1.943516 
2853 1.881800 
2854 1.387398 
2855 1.374064 
2856 2.088552 
2857 0.099225 
2858 1.646301 
2859 2.285384 
2860 1.550267 
2861 1.487026 
2862 1.795504 
2863 1.792490 
2864 1.835708 
2865 1.625462 
2866 1.542759 
2867 1.494151 
2868 1.844417 
2869 -1.607492 
2870 -1.572046 
2871 -1.915607 
2872 -1.320522 
2873 -2.164105 
2874 -1.559134 
2875 -1.469501 
2876 -1.516513 
2877 -1.488431 
2878 -1.667856 
2879 -1.555425 
2880 -1.482782 
2881 -1.725509 
2882 -1.700951 
2883 -1.745391 
2884 -2.647913 
2885 -1.135064 
2886 -1.474115 
2887 -0.909929 
2888 0.131464 
2889 -1.592216 
2890 -2.178072 
2891 -2.151333 
2892 1.648480 
2893 1.395739 
2894 1.811656 
2895 1.907650 
2896 1.800893 
2897 1.715371 
2898 1.473109 
2899 1.642075 
2900 -1.146242 
2901 -2.703633 
2902 -1.177572 
2903 -1.179220 
2904 -1.310361 
2905 -2.882541 
2906 0.872635 
2907 1.504745 
2908 -1.287402 
2909 -3.111968 
2910 1.526845 
2911 1.213495 
2912 1.522467 
2913 1.344255 
2914 1.646646 
2915 1.819541 
2916 1.597807 
2917 1.519107 
2918 1.186774 
2919 2.022913 
2920 1.651288 
2921 1.809274 
2922 1.738080 
2923 1.474622 
2924 0.971959 
2925 0.261965 
2926 -1.726999 
2927 -2.167504 
2928 -1.017661 
2929 1.689634 
2930 -1.829598 
2931 1.987484 
2932 -1.822287 
2933 1.833064 
2934 1.829543 
2935 0.222619 
2936 -1.873991 
2937 2.280321 
2938 -0.477651 
2939 -1.127664 
2940 -1.792441 
2941 -1.693682 
2942 -1.136733 
2943 -1.736411 
2944 -2.290308 
2945 -0.228830 
2946 2.451792 
2947 0.552138 
2948 1.164417 
2949 -2.303906 
2950 0.457708 
2951 -2.144893 
2952 -1.835243 
2953 -1.844530 
2954 0.051083 
2955 1.867797 
2956 -2.085118 
2957 -2.090743 
2958 0.916269 
2959 0.482611 
2960 1.140260 
2961 0.921104 
2962 0.213402 
2963 -3.363207 
2964 -2.939981 
2965 -2.799322 
2966 -2.766511 
2967 -2.723047 
2968 -2.806800 
2969 -2.812413 
2970 -2.807741 
2971 -2.780524 
2972 -1.015344 
2973 -1.235418 
2974 -0.841094 
2975 -1.248431 
2976 -0.999678 
2977 -0.903356 
2978 -1.484855 
2979 -0.948556 
2980 -1.139538 
2981 -1.257610 
2982 -0.894376 
2983 -1.313388 
2984 -0.913331 
2985 -1.242393 
2986 -1.177230 
2987 -0.867794 
2988 -1.506476 
2989 -1.566276 
2990 -2.924253 
2991 -2.487188 
2992 -2.593956 
2993 -2.607334 
2994 -2.639861 
2995 -2.523995 
2996 0.308477 
2997 -1.542229 
2998 -1.624245 
2999 -1.654474 
3000 0.925109 
3001 0.400423 
3002 -2.001959 
3003 -2.160598 
3004 -1.976226 
3005 -1.868997 
3006 -1.351652 
3007 0.033458 
3008 2.004516 
3009 0.715353 
3010 0.173869 
3011 2.900672 
3012 0.926708 
3013 -2.355890 
3014 1.003590 
3015 1.443488 
3016 1.078237 
3017 1.054984 
3018 0.563475 
3019 -2.952471 
3020 1.099135 
3021 1.096700 
3022 -3.197185 
3023 0.147978 
3024 -1.225154 
3025 1.578917 
3026 1.946618 
3027 1.634392 
3028 0.787127 
3029 1.549961 
3030 -3.396168 
