5962 1
0 1.836873 
1 1.409687 
2 1.691443 
3 1.657615 
4 1.862392 
5 1.635195 
6 1.610078 
7 1.696067 
8 2.389135 
9 2.320076 
10 0.848294 
11 0.887934 
12 -0.546778 
13 -0.663463 
14 -2.375236 
15 -2.074130 
16 -1.618502 
17 -1.454826 
18 -1.682479 
19 -1.644004 
20 -1.767552 
21 -1.818237 
22 -1.331701 
23 -1.383095 
24 -1.444400 
25 -1.469823 
26 1.739717 
27 1.699274 
28 1.667308 
29 1.629143 
30 1.720101 
31 1.800044 
32 1.778502 
33 1.714538 
34 1.974613 
35 1.717856 
36 1.999695 
37 1.826161 
38 1.845158 
39 1.868311 
40 1.927779 
41 2.224178 
42 2.187582 
43 -0.274513 
44 -0.283489 
45 -0.339027 
46 -2.179636 
47 -2.408612 
48 -1.239767 
49 -1.710430 
50 -1.790354 
51 -1.709887 
52 -1.813405 
53 -1.738873 
54 -1.518091 
55 -1.593976 
56 -1.837406 
57 -1.816018 
58 -1.339504 
59 -1.422321 
60 -1.502635 
61 -1.340229 
62 -1.513763 
63 2.008358 
64 1.458753 
65 1.702022 
66 1.633703 
67 1.759778 
68 1.905149 
69 1.703881 
70 1.731823 
71 1.790123 
72 1.861042 
73 1.871043 
74 1.764432 
75 1.881643 
76 2.725964 
77 1.553087 
78 1.574483 
79 1.673737 
80 0.114038 
81 0.107537 
82 0.079632 
83 -3.194144 
84 -1.192203 
85 -1.164494 
86 -2.073431 
87 -2.005282 
88 -1.444901 
89 -1.516237 
90 -1.814860 
91 -1.516075 
92 -1.753690 
93 -1.787942 
94 -1.895936 
95 -1.065209 
96 -1.521761 
97 -1.442947 
98 -1.676248 
99 -1.587237 
100 1.533096 
101 1.403050 
102 1.985075 
103 1.756588 
104 1.414873 
105 1.919312 
106 2.053881 
107 1.748397 
108 1.905518 
109 1.810467 
110 1.855535 
111 1.980126 
112 2.156687 
113 2.142512 
114 1.472055 
115 1.747769 
116 3.345135 
117 0.205425 
118 0.406320 
119 0.273553 
120 -1.030388 
121 -1.092592 
122 -1.285288 
123 -2.579446 
124 -1.456034 
125 -1.321473 
126 -1.784600 
127 -1.726766 
128 -1.601886 
129 -1.450474 
130 -1.666137 
131 -1.577566 
132 -1.557422 
133 -1.612644 
134 -1.632392 
135 -1.431545 
136 -3.259765 
137 0.294115 
138 0.090404 
139 1.197981 
140 0.577919 
141 0.848486 
142 2.467862 
143 2.219612 
144 1.641611 
145 2.279316 
146 1.829414 
147 1.748171 
148 2.129395 
149 1.825035 
150 2.081935 
151 1.532012 
152 2.543598 
153 2.307169 
154 0.466765 
155 0.172701 
156 0.588505 
157 -1.565193 
158 -1.840637 
159 -1.919884 
160 -1.522299 
161 -1.541497 
162 -1.371417 
163 -1.935422 
164 -1.614056 
165 -1.603820 
166 -1.604996 
167 -1.528043 
168 -1.612315 
169 -1.574187 
170 -1.595871 
171 -1.521179 
172 -2.219306 
173 -2.133806 
174 -0.840961 
175 -0.753545 
176 -0.506584 
177 -1.265865 
178 -1.582253 
179 2.150535 
180 0.223502 
181 -0.047208 
182 2.882735 
183 1.346579 
184 1.188734 
185 2.357313 
186 1.708085 
187 1.725458 
188 2.300837 
189 1.500832 
190 1.720903 
191 -0.242638 
192 -0.198253 
193 -0.121184 
194 -1.904606 
195 -2.625916 
196 -1.094826 
197 -1.708041 
198 -1.757114 
199 -1.898655 
200 -1.627157 
201 -1.514658 
202 -1.492347 
203 -1.712390 
204 -1.675571 
205 -1.497753 
206 -1.663805 
207 -1.465433 
208 -1.751272 
209 -1.630105 
210 -1.573758 
211 -1.385895 
212 -1.796414 
213 -1.587170 
214 -1.800605 
215 -1.689736 
216 -1.367621 
217 -2.148203 
218 -1.984560 
219 -0.405239 
220 -2.322297 
221 -1.595178 
222 0.374444 
223 -0.833882 
224 -1.534581 
225 0.388579 
226 -1.165157 
227 -1.764204 
228 -0.658594 
229 -1.335079 
230 -1.224310 
231 -2.465349 
232 -1.233819 
233 -1.295628 
234 -1.961146 
235 -1.980780 
236 -1.513880 
237 -1.784028 
238 -1.588421 
239 -1.529290 
240 -1.830670 
241 -1.610901 
242 -1.476113 
243 -1.505726 
244 -1.583294 
245 -1.702616 
246 -1.447327 
247 -1.340326 
248 -1.529338 
249 -1.581790 
250 -1.777424 
251 -1.755904 
252 -1.932341 
253 -1.478790 
254 -1.590664 
255 -1.598193 
256 -1.613695 
257 -1.661262 
258 -1.915338 
259 -1.096886 
260 -2.032754 
261 -1.676276 
262 -1.025667 
263 -1.636284 
264 -1.617301 
265 -1.376234 
266 -1.726684 
267 -1.702079 
268 -1.361528 
269 -1.495052 
270 -1.520038 
271 -2.146056 
272 -1.388622 
273 -1.426131 
274 -1.752287 
275 -1.702957 
276 -1.498820 
277 -1.755772 
278 -1.462170 
279 -1.502496 
280 -1.852076 
281 -1.644576 
282 -1.561101 
283 -1.181062 
284 -0.867806 
285 -1.730002 
286 -1.496670 
287 -2.006001 
288 -1.603237 
289 -1.662467 
290 -1.645679 
291 -1.469827 
292 -1.590650 
293 -1.573638 
294 -1.663969 
295 -1.619439 
296 -1.604513 
297 -1.711363 
298 -1.579891 
299 -1.518203 
300 -1.626732 
301 -1.591597 
302 -1.689897 
303 -1.601192 
304 -1.460045 
305 -1.673554 
306 -1.653297 
307 -1.610023 
308 -1.679573 
309 -1.408297 
310 -1.418262 
311 -1.857530 
312 -1.448616 
313 -1.565954 
314 -1.714070 
315 -1.446769 
316 -1.670860 
317 -1.683107 
318 -1.524274 
319 -1.375722 
320 -1.106451 
321 -1.057626 
322 -1.985665 
323 -1.889349 
324 -1.759135 
325 -1.510782 
326 -1.547345 
327 -1.562801 
328 -1.688522 
329 -1.439013 
330 -1.658762 
331 -1.509833 
332 -1.574867 
333 -1.680727 
334 -1.456628 
335 -1.543927 
336 -1.677111 
337 -1.560223 
338 -1.639123 
339 -1.567295 
340 -1.470220 
341 -1.548620 
342 -1.839423 
343 -1.468221 
344 -1.571994 
345 -1.715538 
346 -1.504276 
347 -1.440414 
348 -1.684675 
349 -1.575846 
350 -1.266913 
351 -1.779100 
352 -1.591322 
353 -1.586594 
354 -1.767673 
355 -1.307444 
356 -1.670219 
357 -1.111182 
358 -1.103398 
359 -2.125112 
360 -1.457695 
361 -1.937244 
362 -1.546029 
363 -1.469923 
364 -1.694231 
365 -1.606676 
366 -1.436421 
367 -1.583060 
368 -1.498762 
369 -1.514700 
370 -1.734956 
371 -1.569126 
372 -1.457217 
373 -1.776528 
374 -1.572834 
375 -1.458366 
376 -1.655675 
377 -1.474504 
378 -1.447705 
379 -1.737299 
380 -1.529087 
381 -1.464102 
382 -1.662462 
383 -1.581534 
384 -1.545588 
385 -1.735389 
386 -1.451318 
387 -1.572853 
388 -1.813378 
389 -1.488160 
390 -1.510310 
391 -1.559741 
392 -1.909518 
393 -1.658163 
394 -1.203384 
395 -1.224672 
396 -1.444206 
397 -1.351332 
398 -2.014238 
399 -1.391582 
400 -1.603761 
401 -1.987882 
402 -1.388860 
403 -1.216312 
404 -1.731317 
405 -1.390191 
406 -1.384664 
407 -1.757802 
408 -1.454419 
409 -1.497090 
410 -1.713133 
411 -1.457826 
412 -1.435234 
413 -1.701743 
414 -1.497526 
415 -1.549968 
416 -1.679698 
417 -1.514294 
418 -1.337739 
419 -1.648192 
420 -1.607120 
421 -1.460000 
422 -1.688430 
423 -1.485351 
424 -1.544968 
425 -1.531939 
426 -1.478294 
427 -1.654423 
428 -1.455947 
429 -1.715599 
430 -1.610035 
431 -1.383479 
432 -1.292972 
433 -1.493009 
434 -1.656122 
435 -1.524832 
436 -1.596519 
437 -1.552496 
438 -1.538473 
439 -1.451347 
440 -1.256600 
441 -1.545633 
442 -1.459979 
443 -1.703884 
444 -1.563895 
445 -1.535801 
446 -1.572267 
447 -1.500734 
448 -1.452097 
449 -1.556041 
450 -1.475541 
451 -1.648519 
452 -1.575727 
453 -1.572841 
454 -1.573266 
455 -1.411784 
456 -1.276036 
457 -1.492147 
458 -1.299562 
459 2.194514 
460 1.672929 
461 1.604226 
462 1.654041 
463 1.676611 
464 2.683533 
465 0.868030 
466 -0.557082 
467 -1.947113 
468 -1.869216 
469 -1.813252 
470 -1.197184 
471 -1.130117 
472 1.547039 
473 1.560688 
474 1.592263 
475 1.654089 
476 3.113661 
477 1.822126 
478 0.569707 
479 -0.374754 
480 -1.313116 
481 -1.742832 
482 -1.952955 
483 -0.934710 
484 -0.706297 
485 1.923847 
486 1.775028 
487 1.855842 
488 2.451809 
489 1.994117 
490 1.431747 
491 0.898067 
492 -0.126002 
493 -1.087659 
494 -1.974759 
495 -2.167687 
496 -0.954087 
497 -0.694198 
498 2.220511 
499 2.264884 
500 1.690007 
501 1.841176 
502 1.755627 
503 1.312972 
504 1.189862 
505 -0.007232 
506 -1.595740 
507 -2.665743 
508 -1.898276 
509 -1.472244 
510 -1.705586 
511 1.299820 
512 1.296865 
513 1.714582 
514 1.966130 
515 1.977332 
516 3.315433 
517 1.284913 
518 0.223347 
519 -1.090059 
520 -1.060914 
521 -1.490470 
522 -1.657500 
523 -1.780344 
524 0.847039 
525 0.947661 
526 1.806734 
527 2.966157 
528 2.614163 
529 2.205135 
530 1.047462 
531 0.099574 
532 -0.560801 
533 -1.197768 
534 -2.098790 
535 -1.934821 
536 -3.389263 
537 -0.414861 
538 -0.684057 
539 0.091310 
540 1.404242 
541 2.107546 
542 2.409989 
543 1.544541 
544 -0.100077 
545 -0.777722 
546 -1.854481 
547 -2.551325 
548 -1.852413 
549 -1.989766 
550 -1.001702 
551 -1.224172 
552 -2.716219 
553 -1.747363 
554 -0.272722 
555 -0.051863 
556 -0.185590 
557 -0.824952 
558 -1.670916 
559 -2.711752 
560 -1.539008 
561 -1.733705 
562 -1.498052 
563 -1.308743 
564 -2.237001 
565 -1.548783 
566 -1.211049 
567 -0.976137 
568 -1.442832 
569 -1.080132 
570 -1.595124 
571 -2.056470 
572 -1.376940 
573 -1.529619 
574 -1.693270 
575 -1.564697 
576 -1.725590 
577 -1.743065 
578 -1.353918 
579 -1.155260 
580 -1.894649 
581 -1.311892 
582 -1.456585 
583 -1.552045 
584 -1.347932 
585 -1.609222 
586 -1.626907 
587 -1.696047 
588 -0.886225 
589 -1.604658 
590 -1.803155 
591 -1.699204 
592 -1.952734 
593 -1.507239 
594 -1.300542 
595 -1.293578 
596 -1.412462 
597 -1.502608 
598 -1.583908 
599 -1.671407 
600 -1.148002 
601 -0.735924 
602 -1.868999 
603 -1.998458 
604 -1.786403 
605 -1.623642 
606 -1.531911 
607 -1.259262 
608 -1.605501 
609 -1.470477 
610 -1.530843 
611 -1.590776 
612 -1.363042 
613 -1.486247 
614 -0.695576 
615 -2.251477 
616 -1.891833 
617 -1.337868 
618 -1.390129 
619 -1.421469 
620 -1.594561 
621 -1.578082 
622 -1.374838 
623 -1.582736 
624 -2.272055 
625 -1.331678 
626 -1.079940 
627 -1.405503 
628 1.453685 
629 1.473388 
630 1.517588 
631 1.934062 
632 2.793301 
633 1.862321 
634 1.376711 
635 0.349435 
636 -0.555669 
637 -1.597138 
638 -2.153740 
639 -1.551487 
640 -0.897857 
641 1.679438 
642 1.794631 
643 1.984052 
644 1.899413 
645 1.981024 
646 1.649802 
647 1.255880 
648 0.729496 
649 -0.440298 
650 -2.170400 
651 -2.329775 
652 -1.283623 
653 -0.795905 
654 2.023848 
655 2.183849 
656 1.521299 
657 1.685419 
658 1.686360 
659 1.759289 
660 2.557942 
661 0.985563 
662 -0.254339 
663 -2.130530 
664 -1.529406 
665 -1.352176 
666 -1.500914 
667 1.914422 
668 1.399168 
669 1.501985 
670 1.809255 
671 1.788575 
672 2.850828 
673 2.063475 
674 0.997431 
675 0.051749 
676 -0.960544 
677 -1.390607 
678 -1.841142 
679 -1.757625 
680 1.339827 
681 1.539435 
682 1.848209 
683 2.111312 
684 2.118878 
685 2.206923 
686 1.526341 
687 0.889973 
688 -0.109261 
689 -0.904249 
690 -1.938781 
691 -2.308635 
692 -3.055944 
693 0.756038 
694 0.932218 
695 1.226362 
696 1.576666 
697 2.054570 
698 2.064888 
699 1.390016 
700 0.527560 
701 -0.458726 
702 -1.798776 
703 -2.631983 
704 -2.244301 
705 -2.327384 
706 -0.130365 
707 -0.294549 
708 0.378017 
709 1.455321 
710 2.309402 
711 2.379014 
712 1.005566 
713 -0.324169 
714 -1.408480 
715 -2.890276 
716 -1.793470 
717 -1.653047 
718 -1.774846 
719 -0.952321 
720 -2.911209 
721 -1.510608 
722 -0.467859 
723 0.483157 
724 0.663256 
725 -0.136291 
726 -1.544317 
727 -2.915596 
728 -1.820200 
729 -1.438763 
730 -1.464078 
731 -1.280205 
732 -1.631315 
733 -2.101233 
734 -1.196731 
735 -1.213341 
736 -1.201950 
737 -0.882593 
738 -1.307408 
739 -2.600746 
740 -1.543095 
741 -1.511668 
742 -1.525307 
743 -1.667122 
744 -1.223857 
745 -1.633582 
746 -1.873343 
747 -1.406767 
748 -1.722258 
749 -1.522947 
750 -1.498083 
751 -1.642043 
752 -1.774825 
753 -1.442177 
754 -1.460220 
755 -1.343607 
756 -1.345942 
757 -1.143016 
758 -1.650298 
759 -1.955248 
760 -1.821584 
761 -1.561322 
762 -1.505276 
763 -1.362187 
764 -1.631371 
765 -1.361626 
766 -1.430489 
767 -1.754857 
768 -1.929632 
769 -1.251927 
770 -0.973302 
771 -1.775500 
772 -1.905359 
773 -1.412139 
774 -1.443511 
775 -1.248520 
776 -1.527351 
777 -1.480632 
778 -1.516286 
779 -1.694764 
780 -1.781597 
781 -1.890275 
782 -1.370556 
783 -1.072913 
784 -1.648541 
785 -1.519624 
786 -1.567025 
787 -1.227463 
788 -1.443761 
789 -1.437469 
790 -1.491046 
791 -1.777369 
792 -1.815229 
793 -1.781297 
794 -1.426024 
795 -1.101806 
796 -1.081032 
797 1.543112 
798 1.970284 
799 1.822884 
800 1.999722 
801 2.144115 
802 1.809478 
803 1.313785 
804 0.101310 
805 -0.847027 
806 -2.063181 
807 -2.420210 
808 -1.530387 
809 -0.942807 
810 2.033643 
811 2.021695 
812 1.814348 
813 1.854931 
814 1.698109 
815 1.594299 
816 1.865661 
817 0.532362 
818 -1.031072 
819 -2.630080 
820 -1.971653 
821 -1.584586 
822 -1.173601 
823 2.088474 
824 1.712587 
825 1.813276 
826 1.714050 
827 1.660695 
828 3.085355 
829 1.875480 
830 0.750603 
831 -0.735177 
832 -1.719278 
833 -1.820082 
834 -1.670812 
835 -1.190536 
836 1.400120 
837 1.648058 
838 1.842862 
839 1.739434 
840 2.299110 
841 2.157723 
842 1.631896 
843 0.848388 
844 -0.389303 
845 -1.515993 
846 -2.086818 
847 -1.918521 
848 -1.860963 
849 1.208934 
850 1.433530 
851 2.183229 
852 1.991301 
853 2.108820 
854 1.859177 
855 1.208504 
856 0.333215 
857 -0.505550 
858 -1.669620 
859 -2.925044 
860 -2.419233 
861 -2.299348 
862 0.112604 
863 0.372144 
864 1.439823 
865 1.983407 
866 1.999415 
867 1.877540 
868 0.983874 
869 -0.116362 
870 -1.556667 
871 -2.920883 
872 -1.877020 
873 -1.947263 
874 -1.751959 
875 -0.769292 
876 -1.677177 
877 0.017383 
878 1.345860 
879 2.502214 
880 1.240068 
881 0.544252 
882 -1.193918 
883 -2.894806 
884 -1.394916 
885 -1.776800 
886 -1.594484 
887 -1.426726 
888 -1.772233 
889 -2.062567 
890 -1.595602 
891 -0.976176 
892 -0.618889 
893 -0.488459 
894 -1.085864 
895 -2.908271 
896 -1.496935 
897 -1.525666 
898 -1.690164 
899 -1.650705 
900 -1.330537 
901 -1.515620 
902 -2.029355 
903 -1.444132 
904 -2.175489 
905 -1.520092 
906 -1.278969 
907 -1.482031 
908 -1.464309 
909 -1.521666 
910 -1.771044 
911 -1.627250 
912 -1.483116 
913 -1.269928 
914 -1.664029 
915 -1.922246 
916 -1.702067 
917 -1.742883 
918 -1.516774 
919 -1.411562 
920 -1.365183 
921 -1.604905 
922 -1.632737 
923 -1.751051 
924 -1.565542 
925 -1.574765 
926 -1.301400 
927 -1.832997 
928 -1.661711 
929 -1.609657 
930 -1.592371 
931 -1.473598 
932 -1.628851 
933 -1.631852 
934 -1.476790 
935 -1.700737 
936 -1.441356 
937 -2.055832 
938 -1.473357 
939 -1.274455 
940 -1.641546 
941 -1.610768 
942 -1.515319 
943 -1.524545 
944 -1.710666 
945 -1.532066 
946 -1.532662 
947 -1.530809 
948 -1.605071 
949 -1.662118 
950 -1.598826 
951 -1.480932 
952 -1.197575 
953 -1.561684 
954 -1.761392 
955 -1.641669 
956 -1.654515 
957 -1.504836 
958 -1.640240 
959 -1.474517 
960 -1.613771 
961 -1.601866 
962 -1.502042 
963 -1.420288 
964 -1.363622 
965 -0.975032 
966 1.948586 
967 2.186551 
968 1.783788 
969 1.569239 
970 1.633960 
971 1.674165 
972 1.905253 
973 1.855738 
974 1.769292 
975 1.700078 
976 2.978451 
977 1.483121 
978 1.641984 
979 0.008394 
980 0.319034 
981 -1.466467 
982 -1.240337 
983 -2.787498 
984 -1.732031 
985 -1.738364 
986 -1.912589 
987 -0.929370 
988 -1.127331 
989 -1.247578 
990 1.966638 
991 2.089288 
992 1.739038 
993 1.595844 
994 1.738942 
995 1.698682 
996 1.691426 
997 1.789181 
998 1.611946 
999 1.691258 
1000 1.769220 
1001 1.696847 
1002 1.901800 
1003 1.760600 
1004 1.982241 
1005 2.063752 
1006 2.155409 
1007 1.690409 
1008 2.184334 
1009 2.868019 
1010 0.490764 
1011 0.630143 
1012 0.768087 
1013 -2.013226 
1014 -1.708516 
1015 -1.719109 
1016 -1.773215 
1017 -1.643651 
1018 -1.623182 
1019 -1.684399 
1020 -2.034220 
1021 -2.105091 
1022 -1.235569 
1023 -1.273668 
1024 -1.792891 
1025 -1.031887 
1026 -1.381650 
1027 2.415609 
1028 1.507781 
1029 1.693184 
1030 1.707241 
1031 1.698022 
1032 1.680080 
1033 1.663783 
1034 1.813593 
1035 1.720907 
1036 1.693489 
1037 1.771235 
1038 1.666738 
1039 1.833495 
1040 2.017756 
1041 1.953011 
1042 1.589145 
1043 1.913913 
1044 2.303681 
1045 2.181538 
1046 2.121241 
1047 1.277859 
1048 1.404535 
1049 0.781862 
1050 -1.787574 
1051 -2.025578 
1052 -0.581484 
1053 -2.153865 
1054 -1.827045 
1055 -1.686785 
1056 -1.845485 
1057 -1.616665 
1058 -1.821878 
1059 -1.400188 
1060 -1.775020 
1061 -1.797018 
1062 -1.444635 
1063 -1.434615 
1064 1.521780 
1065 1.642982 
1066 1.716962 
1067 1.911363 
1068 1.659931 
1069 1.770157 
1070 1.606111 
1071 1.855366 
1072 1.908596 
1073 1.693674 
1074 1.899955 
1075 1.401562 
1076 1.794329 
1077 2.091632 
1078 1.809657 
1079 1.788764 
1080 2.403233 
1081 1.931741 
1082 1.646105 
1083 1.766352 
1084 1.828860 
1085 1.846577 
1086 1.647437 
1087 -1.780550 
1088 -0.598483 
1089 -0.567092 
1090 -2.309533 
1091 -2.158997 
1092 -1.357691 
1093 -1.746937 
1094 -1.647602 
1095 -1.892087 
1096 -1.672540 
1097 -1.740087 
1098 -1.636217 
1099 -1.527513 
1100 -2.468022 
1101 1.322063 
1102 1.361160 
1103 1.648862 
1104 1.551770 
1105 1.587377 
1106 1.761769 
1107 2.054069 
1108 1.688732 
1109 1.798172 
1110 1.882391 
1111 1.718986 
1112 1.792394 
1113 1.920507 
1114 2.009206 
1115 1.561880 
1116 2.369477 
1117 2.070285 
1118 1.525646 
1119 1.511472 
1120 3.330245 
1121 0.521964 
1122 0.854573 
1123 0.972257 
1124 -1.064521 
1125 -0.915897 
1126 -0.730217 
1127 -3.067243 
1128 -1.400756 
1129 -1.345134 
1130 -1.902127 
1131 -1.934783 
1132 -1.691861 
1133 -1.732512 
1134 -1.591371 
1135 -1.590878 
1136 -2.091689 
1137 -2.678304 
1138 0.083568 
1139 0.118932 
1140 1.093683 
1141 1.035020 
1142 0.997226 
1143 2.987139 
1144 1.551652 
1145 1.545274 
1146 2.206682 
1147 1.942064 
1148 1.896668 
1149 1.988134 
1150 1.883684 
1151 1.840713 
1152 1.664521 
1153 2.202569 
1154 2.071846 
1155 1.382903 
1156 1.642536 
1157 2.780873 
1158 -0.479870 
1159 -0.543702 
1160 -0.018723 
1161 -2.055642 
1162 -1.844813 
1163 -1.526940 
1164 -1.488329 
1165 -1.556171 
1166 -1.333024 
1167 -2.087612 
1168 -1.610643 
1169 -1.670307 
1170 -1.604622 
1171 -1.617149 
1172 -1.782543 
1173 -1.856284 
1174 -1.726135 
1175 -0.817711 
1176 -2.316440 
1177 -1.546164 
1178 -1.077454 
1179 -1.118735 
1180 -1.127146 
1181 -1.827801 
1182 -0.150655 
1183 1.523917 
1184 1.118901 
1185 1.063647 
1186 1.803018 
1187 2.246889 
1188 2.038585 
1189 1.551710 
1190 1.809666 
1191 1.778429 
1192 -0.008586 
1193 0.182579 
1194 0.332528 
1195 -3.021966 
1196 -0.874071 
1197 -0.684438 
1198 -2.194827 
1199 -2.195968 
1200 -1.026640 
1201 -1.817547 
1202 -1.847386 
1203 -1.754862 
1204 -1.625389 
1205 -1.491556 
1206 -1.552191 
1207 -1.724787 
1208 -1.596396 
1209 -1.758047 
1210 -1.454299 
1211 -1.439344 
1212 -1.833575 
1213 -1.576977 
1214 -1.673299 
1215 -1.562955 
1216 -1.936052 
1217 -1.658681 
1218 -1.644531 
1219 -1.419128 
1220 -1.873616 
1221 -1.712464 
1222 -1.631741 
1223 -0.682763 
1224 -2.122641 
1225 -1.089779 
1226 -1.314876 
1227 -1.012647 
1228 -0.682437 
1229 -1.980801 
1230 -1.700181 
1231 -1.409121 
1232 -1.421396 
1233 -1.309450 
1234 -1.359353 
1235 -2.323159 
1236 -1.526147 
1237 -1.422157 
1238 -1.806420 
1239 -1.749758 
1240 -1.573082 
1241 -1.576146 
1242 -1.413415 
1243 -1.769691 
1244 -1.753119 
1245 -1.704606 
1246 -1.574995 
1247 -1.391590 
1248 -1.379883 
1249 -1.496046 
1250 -1.564471 
1251 -1.809287 
1252 -1.779623 
1253 -1.566835 
1254 -1.585043 
1255 -1.561684 
1256 -1.809973 
1257 -1.671100 
1258 -1.486128 
1259 -1.529687 
1260 -1.642547 
1261 -1.645219 
1262 -1.591686 
1263 -1.579896 
1264 -1.855650 
1265 -1.503847 
1266 -1.512097 
1267 -1.717627 
1268 -1.370044 
1269 -1.672980 
1270 -1.660165 
1271 -1.844877 
1272 -1.582252 
1273 -1.468282 
1274 -1.605251 
1275 -1.726968 
1276 -1.608100 
1277 -1.514200 
1278 -1.724772 
1279 -1.632223 
1280 -1.723860 
1281 -1.713795 
1282 -1.506956 
1283 -1.389025 
1284 -1.339751 
1285 -1.379914 
1286 -1.740148 
1287 -1.751101 
1288 -1.722710 
1289 -1.573099 
1290 -1.557670 
1291 -1.668117 
1292 -1.633897 
1293 -1.715984 
1294 -1.631822 
1295 -1.528790 
1296 -1.664805 
1297 -1.504605 
1298 -1.688756 
1299 -1.704526 
1300 -1.574219 
1301 -1.526304 
1302 -1.624431 
1303 -1.600654 
1304 -1.502226 
1305 -1.447469 
1306 -1.678726 
1307 -1.740144 
1308 -1.480903 
1309 -1.622764 
1310 -1.633436 
1311 -1.673098 
1312 -1.621536 
1313 -1.609393 
1314 -1.425670 
1315 -1.672583 
1316 -1.583947 
1317 -1.572959 
1318 -1.544400 
1319 -1.562796 
1320 -1.551232 
1321 -1.385756 
1322 -1.325455 
1323 -1.967688 
1324 -1.490908 
1325 -1.634200 
1326 -1.687895 
1327 -1.597636 
1328 -1.578643 
1329 -1.653214 
1330 -1.578392 
1331 -1.542409 
1332 -1.552209 
1333 -1.566794 
1334 -1.562569 
1335 -1.572159 
1336 -1.591736 
1337 -1.694298 
1338 -1.508644 
1339 -1.562222 
1340 -1.587350 
1341 -1.703101 
1342 -1.541820 
1343 -1.542919 
1344 -1.504723 
1345 -1.550200 
1346 -1.570762 
1347 -1.639199 
1348 -1.501040 
1349 -1.558395 
1350 -1.563309 
1351 -1.750769 
1352 -1.601713 
1353 -1.557835 
1354 -1.553145 
1355 -1.707932 
1356 -1.724622 
1357 -1.734351 
1358 -1.282475 
1359 -1.506823 
1360 -1.450738 
1361 -1.459273 
1362 -1.631940 
1363 -1.704577 
1364 -1.591945 
1365 -1.599429 
1366 -1.533956 
1367 -1.527754 
1368 -1.581899 
1369 -1.629879 
1370 -1.479028 
1371 -1.621775 
1372 -1.640887 
1373 -1.515333 
1374 -1.663443 
1375 -1.513479 
1376 -1.553168 
1377 -1.631541 
1378 -1.657560 
1379 -1.384245 
1380 -1.406808 
1381 -1.722596 
1382 -1.570659 
1383 -1.596339 
1384 -1.649273 
1385 -1.523380 
1386 -1.583869 
1387 -1.587216 
1388 -1.607594 
1389 -1.691695 
1390 -1.619181 
1391 -1.416337 
1392 -1.586650 
1393 -1.509681 
1394 -1.844149 
1395 -1.467593 
1396 -1.113286 
1397 -1.530034 
1398 -1.871164 
1399 -1.617905 
1400 -1.594367 
1401 -1.531069 
1402 -1.529842 
1403 -1.521778 
1404 -1.490962 
1405 -1.767808 
1406 -1.476338 
1407 -1.473428 
1408 -1.483533 
1409 -1.475115 
1410 -1.676786 
1411 -1.608294 
1412 -1.585943 
1413 -1.460031 
1414 -1.589498 
1415 -1.514177 
1416 -1.776067 
1417 -1.655737 
1418 -1.155665 
1419 -1.612865 
1420 -1.007799 
1421 1.670697 
1422 1.832272 
1423 1.842561 
1424 1.626113 
1425 1.646499 
1426 1.660149 
1427 1.678527 
1428 1.969827 
1429 1.972872 
1430 1.889384 
1431 1.631013 
1432 2.588446 
1433 2.453261 
1434 0.660947 
1435 0.222850 
1436 -0.737182 
1437 -0.847763 
1438 -1.963047 
1439 -2.389041 
1440 -1.748268 
1441 -2.029991 
1442 -1.216969 
1443 -1.393341 
1444 -0.999545 
1445 1.627864 
1446 1.977638 
1447 1.845944 
1448 1.765444 
1449 1.558240 
1450 1.701777 
1451 1.690055 
1452 1.767991 
1453 1.812162 
1454 1.681355 
1455 1.698821 
1456 1.779295 
1457 1.846979 
1458 1.784013 
1459 1.732947 
1460 2.314033 
1461 2.026144 
1462 1.873182 
1463 1.879763 
1464 3.420696 
1465 0.782257 
1466 1.001474 
1467 0.698623 
1468 -0.886497 
1469 -0.988491 
1470 -1.310527 
1471 -2.762438 
1472 -1.496956 
1473 -1.409589 
1474 -1.910104 
1475 -1.556314 
1476 -2.333938 
1477 -1.366285 
1478 -1.296469 
1479 -1.453136 
1480 -0.996292 
1481 -0.925086 
1482 2.290833 
1483 2.251552 
1484 1.693913 
1485 1.566119 
1486 1.702050 
1487 1.769473 
1488 1.603526 
1489 1.722184 
1490 1.811616 
1491 1.633789 
1492 1.738065 
1493 1.751962 
1494 1.729890 
1495 1.715560 
1496 1.894567 
1497 2.001543 
1498 1.989653 
1499 1.814321 
1500 2.372955 
1501 2.613357 
1502 1.061990 
1503 0.836721 
1504 1.154190 
1505 -1.815858 
1506 -1.771621 
1507 -1.690911 
1508 -1.524188 
1509 -1.656733 
1510 -1.472206 
1511 -1.822791 
1512 -2.049311 
1513 -1.838269 
1514 -1.282703 
1515 -1.298078 
1516 -1.429203 
1517 -1.348917 
1518 -1.481313 
1519 2.344817 
1520 1.353232 
1521 1.905468 
1522 1.827359 
1523 1.728893 
1524 1.799953 
1525 1.687013 
1526 1.752849 
1527 1.663974 
1528 1.695978 
1529 1.707024 
1530 1.687634 
1531 1.743678 
1532 1.782366 
1533 1.874113 
1534 1.759014 
1535 1.771506 
1536 2.279762 
1537 2.069683 
1538 2.250617 
1539 1.154691 
1540 1.901259 
1541 1.981719 
1542 -1.209041 
1543 -1.193426 
1544 -0.546537 
1545 -1.882138 
1546 -1.792177 
1547 -1.923582 
1548 -1.729001 
1549 -1.723621 
1550 -1.683358 
1551 -1.429104 
1552 -1.641968 
1553 -1.533043 
1554 -1.583837 
1555 -1.541184 
1556 1.255657 
1557 1.313086 
1558 2.028942 
1559 2.200801 
1560 1.424837 
1561 1.852526 
1562 1.973679 
1563 1.751023 
1564 1.807762 
1565 1.906157 
1566 1.666231 
1567 1.804091 
1568 2.044165 
1569 1.981041 
1570 1.709354 
1571 1.766686 
1572 2.337351 
1573 1.897205 
1574 1.972193 
1575 1.774002 
1576 2.040162 
1577 2.122577 
1578 1.398742 
1579 -1.603688 
1580 -0.386437 
1581 -0.664786 
1582 -2.119953 
1583 -2.334291 
1584 -1.238912 
1585 -1.649230 
1586 -1.818072 
1587 -1.756020 
1588 -1.650336 
1589 -1.579154 
1590 -1.608837 
1591 -1.586567 
1592 -3.266903 
1593 -0.106737 
1594 0.515512 
1595 1.350252 
1596 0.926503 
1597 1.033188 
1598 2.537033 
1599 2.276628 
1600 1.570893 
1601 2.134022 
1602 2.014075 
1603 1.910802 
1604 2.060351 
1605 2.177085 
1606 2.085714 
1607 1.733243 
1608 2.288577 
1609 2.343190 
1610 1.528600 
1611 1.502367 
1612 3.211994 
1613 0.328673 
1614 0.453908 
1615 -0.094994 
1616 -1.025316 
1617 -1.010584 
1618 -1.257745 
1619 -2.735826 
1620 -1.367586 
1621 -1.432413 
1622 -1.832860 
1623 -1.803238 
1624 -1.515870 
1625 -1.750270 
1626 -1.647403 
1627 -1.563331 
1628 -2.149269 
1629 -2.238167 
1630 -0.799359 
1631 -0.667871 
1632 -1.904585 
1633 -1.704718 
1634 -1.468974 
1635 0.233021 
1636 0.064710 
1637 0.393600 
1638 1.563341 
1639 2.769203 
1640 1.358873 
1641 2.245759 
1642 1.919226 
1643 1.884779 
1644 2.041728 
1645 1.992926 
1646 1.909316 
1647 0.883603 
1648 1.291416 
1649 0.730886 
1650 -2.034231 
1651 -1.748623 
1652 -0.443758 
1653 -1.689375 
1654 -1.887847 
1655 -1.998062 
1656 -1.537825 
1657 -1.422167 
1658 -1.465091 
1659 -1.882738 
1660 -1.503186 
1661 -1.418674 
1662 -1.680012 
1663 -1.728727 
1664 -1.697722 
1665 -1.695048 
1666 -1.549933 
1667 -1.233838 
1668 -1.751117 
1669 -1.691920 
1670 -1.587524 
1671 -1.616695 
1672 -1.781862 
1673 -1.707794 
1674 -1.900283 
1675 -0.864137 
1676 -1.373007 
1677 -2.526451 
1678 -0.487728 
1679 -0.770987 
1680 -1.502069 
1681 -0.497116 
1682 -0.821976 
1683 -2.076777 
1684 -0.939320 
1685 -0.866551 
1686 -1.065133 
1687 -2.765184 
1688 -1.190213 
1689 -1.306878 
1690 -1.870345 
1691 -2.101656 
1692 -1.560818 
1693 -1.636293 
1694 -1.534337 
1695 -1.638577 
1696 -1.559066 
1697 -1.624801 
1698 -1.590023 
1699 -1.695329 
1700 -1.757787 
1701 -1.543023 
1702 -1.489041 
1703 -1.431259 
1704 -1.689201 
1705 -1.583214 
1706 -1.656206 
1707 -1.426020 
1708 -1.652165 
1709 -1.485541 
1710 -1.716468 
1711 -1.509589 
1712 -1.750292 
1713 -1.647361 
1714 -1.566532 
1715 -1.605584 
1716 -1.815777 
1717 -1.939737 
1718 -1.365184 
1719 -1.436092 
1720 -1.435014 
1721 -1.612181 
1722 -1.320967 
1723 -2.115866 
1724 -1.411945 
1725 -1.402735 
1726 -1.658346 
1727 -1.969644 
1728 -1.439497 
1729 -1.362348 
1730 -1.686360 
1731 -1.845742 
1732 -1.473543 
1733 -1.627017 
1734 -1.640256 
1735 -1.576745 
1736 -1.679938 
1737 -1.513059 
1738 -1.469170 
1739 -1.502525 
1740 -1.322300 
1741 -1.538600 
1742 -1.554520 
1743 -1.782494 
1744 -1.578779 
1745 -1.611752 
1746 -1.588928 
1747 -1.567748 
1748 -1.636101 
1749 -1.674351 
1750 -1.474306 
1751 -1.448167 
1752 -1.745684 
1753 -1.705756 
1754 -1.538380 
1755 -1.376999 
1756 -1.507682 
1757 -1.622413 
1758 -1.707798 
1759 -1.559530 
1760 -1.584256 
1761 -1.586408 
1762 -1.577681 
1763 -1.587323 
1764 -1.631137 
1765 -1.418079 
1766 -1.612766 
1767 -1.805995 
1768 -1.574519 
1769 -1.511277 
1770 -1.581619 
1771 -1.687621 
1772 -1.551627 
1773 -1.567573 
1774 -1.598263 
1775 -1.537935 
1776 -1.307512 
1777 -1.245947 
1778 -1.836218 
1779 -1.709560 
1780 -1.532369 
1781 -1.639487 
1782 -1.563091 
1783 -1.577847 
1784 -1.565864 
1785 -1.692868 
1786 -1.536433 
1787 -1.494250 
1788 -1.471650 
1789 -1.689774 
1790 -1.588701 
1791 -1.540497 
1792 -1.575094 
1793 -1.417978 
1794 -1.696501 
1795 -1.638844 
1796 -1.677291 
1797 -1.425868 
1798 -1.629282 
1799 -1.695216 
1800 -1.611461 
1801 -1.488373 
1802 -1.728195 
1803 -1.551630 
1804 -1.552179 
1805 -1.562419 
1806 -1.630265 
1807 -1.564138 
1808 -1.629154 
1809 -1.527993 
1810 -1.597733 
1811 -1.569287 
1812 -1.536854 
1813 -1.491745 
1814 -1.350396 
1815 -1.877877 
1816 -1.258929 
1817 -1.699321 
1818 -1.681423 
1819 -1.531733 
1820 -1.521816 
1821 -1.654391 
1822 -1.628801 
1823 -1.527836 
1824 -1.563592 
1825 -1.512881 
1826 -1.716229 
1827 -1.571838 
1828 -1.464948 
1829 -1.667287 
1830 -1.663919 
1831 -1.509479 
1832 -1.528957 
1833 -1.619198 
1834 -1.459047 
1835 -1.718387 
1836 -1.607251 
1837 -1.467772 
1838 -1.611843 
1839 -1.646585 
1840 -1.598802 
1841 -1.536679 
1842 -1.655838 
1843 -1.467545 
1844 -1.764235 
1845 -1.765988 
1846 -1.667382 
1847 -1.197434 
1848 -1.467025 
1849 -1.839425 
1850 -1.442022 
1851 -1.553620 
1852 -1.419410 
1853 -1.779971 
1854 -1.464588 
1855 -1.438930 
1856 -1.529301 
1857 -1.530041 
1858 -1.657827 
1859 -1.456956 
1860 -1.600675 
1861 -1.509644 
1862 -1.482894 
1863 -1.566604 
1864 -1.392112 
1865 -1.605461 
1866 -1.614332 
1867 -1.528886 
1868 -1.562375 
1869 -1.389384 
1870 -1.810138 
1871 -1.445795 
1872 -1.849593 
1873 -1.409950 
1874 -1.767584 
1875 -1.200194 
1876 1.504284 
1877 1.659900 
1878 1.668461 
1879 1.721939 
1880 1.634990 
1881 1.597319 
1882 1.621102 
1883 1.798794 
1884 2.244001 
1885 1.772199 
1886 2.130157 
1887 1.342017 
1888 3.042955 
1889 0.524425 
1890 0.591712 
1891 -1.701622 
1892 -0.649876 
1893 -1.813186 
1894 -1.747578 
1895 -1.848684 
1896 -2.259454 
1897 -1.172422 
1898 -1.773286 
1899 -1.109018 
1900 1.548485 
1901 1.524576 
1902 1.778603 
1903 1.759316 
1904 1.642385 
1905 1.759556 
1906 1.660644 
1907 1.636188 
1908 1.593785 
1909 1.774992 
1910 1.673223 
1911 1.681225 
1912 1.892634 
1913 1.966912 
1914 1.815968 
1915 1.790228 
1916 2.369305 
1917 1.829587 
1918 1.917846 
1919 2.020920 
1920 1.698930 
1921 1.537062 
1922 1.681902 
1923 -2.084451 
1924 -0.715052 
1925 -0.664998 
1926 -2.297426 
1927 -2.193316 
1928 -1.399013 
1929 -1.807876 
1930 -1.708387 
1931 -1.568327 
1932 -1.748363 
1933 -1.492425 
1934 -1.870103 
1935 -1.498256 
1936 -1.119165 
1937 1.653488 
1938 1.800203 
1939 1.934346 
1940 1.682465 
1941 1.691115 
1942 1.714099 
1943 1.539771 
1944 1.675183 
1945 1.588715 
1946 1.714404 
1947 1.741102 
1948 1.911709 
1949 1.862371 
1950 1.732010 
1951 1.641984 
1952 2.062052 
1953 2.216360 
1954 1.796174 
1955 1.837460 
1956 3.295289 
1957 0.998470 
1958 1.125742 
1959 1.234596 
1960 -0.771865 
1961 -0.789340 
1962 -0.703527 
1963 -3.098411 
1964 -1.498151 
1965 -1.433197 
1966 -1.728792 
1967 -1.866011 
1968 -2.074190 
1969 -1.429634 
1970 -1.411213 
1971 -1.774606 
1972 -1.151496 
1973 -1.379111 
1974 2.048581 
1975 2.148447 
1976 1.733063 
1977 1.712348 
1978 1.654935 
1979 1.824656 
1980 1.662036 
1981 1.708794 
1982 1.807571 
1983 1.659353 
1984 1.789784 
1985 1.617578 
1986 1.668073 
1987 1.717212 
1988 1.997772 
1989 1.990412 
1990 1.860205 
1991 1.568921 
1992 2.473937 
1993 2.428145 
1994 1.218340 
1995 1.334684 
1996 2.271516 
1997 -1.406893 
1998 -1.513610 
1999 -0.965979 
2000 -1.351171 
2001 -1.401517 
2002 -1.309644 
2003 -2.402618 
2004 -1.840217 
2005 -1.806795 
2006 -1.608134 
2007 -1.414115 
2008 -2.081035 
2009 -1.797236 
2010 -1.388870 
2011 1.175208 
2012 1.582641 
2013 1.853715 
2014 1.933063 
2015 1.898561 
2016 1.660483 
2017 1.691273 
2018 1.718257 
2019 1.866124 
2020 1.657567 
2021 1.796732 
2022 1.790098 
2023 1.733570 
2024 2.076220 
2025 1.747520 
2026 1.804389 
2027 1.956934 
2028 2.375385 
2029 2.109291 
2030 2.189917 
2031 0.775361 
2032 1.739259 
2033 1.738622 
2034 -1.357088 
2035 -1.743438 
2036 -0.468168 
2037 -1.840973 
2038 -1.922174 
2039 -1.839707 
2040 -1.615334 
2041 -1.615696 
2042 -1.688787 
2043 -1.524698 
2044 -1.671357 
2045 -1.539818 
2046 -1.509667 
2047 -1.663583 
2048 0.382973 
2049 0.400882 
2050 2.176268 
2051 2.356177 
2052 0.994094 
2053 2.066855 
2054 1.942165 
2055 1.989404 
2056 1.793610 
2057 1.921769 
2058 1.990464 
2059 1.990308 
2060 2.197252 
2061 2.091084 
2062 1.653576 
2063 1.708028 
2064 2.402126 
2065 1.656148 
2066 1.553023 
2067 1.803800 
2068 0.485889 
2069 0.468380 
2070 0.636747 
2071 -2.883775 
2072 -0.715719 
2073 -0.702524 
2074 -2.083770 
2075 -2.418061 
2076 -1.382476 
2077 -1.732553 
2078 -1.573475 
2079 -1.721287 
2080 -1.575913 
2081 -1.620816 
2082 -1.550772 
2083 -1.573230 
2084 -3.044112 
2085 -1.024693 
2086 -1.014581 
2087 -0.421630 
2088 -1.981577 
2089 -1.855517 
2090 0.711703 
2091 0.591818 
2092 0.414704 
2093 2.197051 
2094 1.826075 
2095 2.025069 
2096 2.119297 
2097 1.810151 
2098 1.943627 
2099 1.603104 
2100 2.115274 
2101 2.409614 
2102 0.655353 
2103 0.742368 
2104 0.849847 
2105 -2.007970 
2106 -1.239804 
2107 -1.406046 
2108 -1.400523 
2109 -1.494038 
2110 -1.375375 
2111 -2.068102 
2112 -1.287922 
2113 -1.481364 
2114 -1.737991 
2115 -1.751039 
2116 -1.530920 
2117 -1.675587 
2118 -1.584669 
2119 -1.519902 
2120 -1.732497 
2121 -1.771504 
2122 -1.476340 
2123 -1.366659 
2124 -1.706798 
2125 -1.905052 
2126 -1.887771 
2127 -1.295818 
2128 -1.853864 
2129 -2.419775 
2130 -0.610606 
2131 -0.791861 
2132 -2.393099 
2133 -0.991129 
2134 -0.524725 
2135 -1.017488 
2136 -1.076461 
2137 -0.400238 
2138 -0.829019 
2139 -2.551807 
2140 -0.929853 
2141 -0.568888 
2142 -2.024700 
2143 -2.231273 
2144 -0.963813 
2145 -1.732359 
2146 -1.887862 
2147 -1.796331 
2148 -1.562363 
2149 -1.516500 
2150 -1.596780 
2151 -1.750893 
2152 -1.601981 
2153 -1.532117 
2154 -1.687088 
2155 -1.550995 
2156 -1.742774 
2157 -1.437749 
2158 -1.533856 
2159 -1.549548 
2160 -1.722783 
2161 -1.744364 
2162 -1.400212 
2163 -1.664441 
2164 -1.669132 
2165 -1.680613 
2166 -1.795550 
2167 -1.361976 
2168 -1.640061 
2169 -1.930693 
2170 -1.546605 
2171 -1.346769 
2172 -1.779724 
2173 -1.547880 
2174 -1.499411 
2175 -1.559470 
2176 -1.418308 
2177 -1.340186 
2178 -1.766111 
2179 -1.935245 
2180 -1.446627 
2181 -1.500006 
2182 -1.726484 
2183 -1.696227 
2184 -1.481453 
2185 -1.627579 
2186 -1.645523 
2187 -1.529504 
2188 -1.556355 
2189 -1.563293 
2190 -1.614657 
2191 -1.554379 
2192 -1.526119 
2193 -1.664490 
2194 -1.355893 
2195 -1.557379 
2196 -1.495899 
2197 -1.486509 
2198 -1.694849 
2199 -1.598601 
2200 -1.648694 
2201 -1.693641 
2202 -1.592475 
2203 -1.515684 
2204 -1.602797 
2205 -1.540942 
2206 -1.672191 
2207 -1.551054 
2208 -1.489878 
2209 -1.625123 
2210 -1.662021 
2211 -1.581734 
2212 -1.664691 
2213 -1.653081 
2214 -1.525166 
2215 -1.549839 
2216 -1.632262 
2217 -1.539454 
2218 -1.653150 
2219 -1.710554 
2220 -1.547218 
2221 -1.553789 
2222 -1.702990 
2223 -1.524537 
2224 -1.672742 
2225 -1.624284 
2226 -1.510815 
2227 -1.612420 
2228 -1.623385 
2229 -1.647429 
2230 -1.582198 
2231 -1.389163 
2232 -1.308727 
2233 -1.554460 
2234 -1.573988 
2235 -1.791058 
2236 -1.658938 
2237 -1.617657 
2238 -1.608998 
2239 -1.553859 
2240 -1.609770 
2241 -1.645133 
2242 -1.572730 
2243 -1.562063 
2244 -1.703472 
2245 -1.456430 
2246 -1.561017 
2247 -1.594993 
2248 -1.630148 
2249 -1.612321 
2250 -1.512871 
2251 -1.563438 
2252 -1.651527 
2253 -1.615734 
2254 -1.547270 
2255 -1.613786 
2256 -1.584421 
2257 -1.549127 
2258 -1.511587 
2259 -1.635160 
2260 -1.655658 
2261 -1.629967 
2262 -1.535188 
2263 -1.594864 
2264 -1.553070 
2265 -1.609466 
2266 -1.664605 
2267 -1.523544 
2268 -1.433097 
2269 -1.413908 
2270 -1.834795 
2271 -1.526335 
2272 -1.603741 
2273 -1.609681 
2274 -1.536867 
2275 -1.636434 
2276 -1.560766 
2277 -1.590323 
2278 -1.634239 
2279 -1.476054 
2280 -1.558693 
2281 -1.523636 
2282 -1.676364 
2283 -1.473847 
2284 -1.554286 
2285 -1.589065 
2286 -1.601085 
2287 -1.530065 
2288 -1.646340 
2289 -1.536435 
2290 -1.550667 
2291 -1.515445 
2292 -1.480210 
2293 -1.489480 
2294 -1.752866 
2295 -1.534366 
2296 -1.642445 
2297 -1.562718 
2298 -1.608723 
2299 -1.479205 
2300 -1.763608 
2301 -1.853348 
2302 -1.379419 
2303 -1.477571 
2304 -1.528800 
2305 -1.389028 
2306 -1.363703 
2307 -1.927590 
2308 -1.559834 
2309 -1.502939 
2310 -1.478832 
2311 -1.512867 
2312 -1.616493 
2313 -1.563449 
2314 -1.402986 
2315 -1.522407 
2316 -1.567194 
2317 -1.551031 
2318 -1.551463 
2319 -1.514373 
2320 -1.446421 
2321 -1.659447 
2322 -1.409859 
2323 -1.515828 
2324 -1.599508 
2325 -1.521783 
2326 -1.483540 
2327 -1.566097 
2328 -1.417855 
2329 -1.730346 
2330 -1.042054 
2331 2.060857 
2332 1.605349 
2333 1.696264 
2334 1.614076 
2335 1.725430 
2336 1.643634 
2337 1.605421 
2338 1.781644 
2339 1.679733 
2340 2.180470 
2341 2.287365 
2342 1.538036 
2343 1.532893 
2344 0.901931 
2345 0.709050 
2346 -2.124255 
2347 -2.193652 
2348 -1.325635 
2349 -1.456330 
2350 -1.682226 
2351 -1.883976 
2352 -1.301892 
2353 -1.610574 
2354 -1.127711 
2355 2.321125 
2356 1.465034 
2357 1.751637 
2358 1.682959 
2359 1.724255 
2360 1.675521 
2361 1.773668 
2362 1.785410 
2363 1.621299 
2364 1.790456 
2365 1.663429 
2366 1.790764 
2367 1.733116 
2368 1.957934 
2369 1.793887 
2370 1.778910 
2371 1.769186 
2372 2.379578 
2373 2.273983 
2374 2.042924 
2375 1.064821 
2376 2.245167 
2377 1.737890 
2378 -1.507636 
2379 -1.510238 
2380 -0.748013 
2381 -1.775832 
2382 -1.828374 
2383 -1.940502 
2384 -1.753692 
2385 -1.842231 
2386 -1.876977 
2387 -1.209814 
2388 -1.581651 
2389 -2.211366 
2390 -1.147840 
2391 -1.414127 
2392 1.507083 
2393 1.454627 
2394 1.904025 
2395 1.764235 
2396 1.581632 
2397 1.769758 
2398 1.680124 
2399 1.707920 
2400 1.584571 
2401 1.756557 
2402 1.744842 
2403 1.673094 
2404 1.790152 
2405 1.819931 
2406 1.805728 
2407 1.788442 
2408 2.181283 
2409 1.870623 
2410 1.769855 
2411 1.996787 
2412 2.178251 
2413 2.089275 
2414 1.925036 
2415 -0.910872 
2416 -0.349238 
2417 -0.399394 
2418 -2.215894 
2419 -2.315781 
2420 -1.443890 
2421 -1.656329 
2422 -1.654794 
2423 -1.649678 
2424 -1.630847 
2425 -1.669480 
2426 -1.767657 
2427 -1.434677 
2428 -1.050618 
2429 1.633455 
2430 1.934940 
2431 2.022510 
2432 1.600188 
2433 1.643208 
2434 1.781671 
2435 1.756800 
2436 1.871060 
2437 1.637054 
2438 1.697459 
2439 1.652397 
2440 1.859094 
2441 1.832646 
2442 1.796159 
2443 1.756686 
2444 2.000881 
2445 2.180262 
2446 1.774339 
2447 1.805149 
2448 3.030882 
2449 1.292851 
2450 1.362151 
2451 1.615357 
2452 -0.494607 
2453 -0.234438 
2454 -0.534199 
2455 -3.153270 
2456 -1.405550 
2457 -1.402611 
2458 -1.914059 
2459 -1.962230 
2460 -1.773551 
2461 -1.574072 
2462 -1.422488 
2463 -1.809496 
2464 -1.782888 
2465 -1.888395 
2466 1.419166 
2467 1.615336 
2468 1.637235 
2469 1.572656 
2470 1.867575 
2471 1.843654 
2472 1.593447 
2473 1.797163 
2474 1.842313 
2475 1.647947 
2476 1.753220 
2477 1.750332 
2478 1.852962 
2479 1.672115 
2480 1.805150 
2481 1.883913 
2482 2.040215 
2483 1.512861 
2484 2.536987 
2485 2.380512 
2486 1.087406 
2487 0.921983 
2488 2.463309 
2489 -1.348859 
2490 -1.028751 
2491 -0.917332 
2492 -1.426490 
2493 -1.566000 
2494 -1.451366 
2495 -2.105082 
2496 -1.779178 
2497 -1.537762 
2498 -1.519905 
2499 -1.775441 
2500 -1.782915 
2501 -1.914443 
2502 -1.777992 
2503 0.259899 
2504 0.710471 
2505 1.841828 
2506 1.883362 
2507 2.101053 
2508 1.881212 
2509 1.709511 
2510 1.880325 
2511 2.007548 
2512 1.841873 
2513 2.098671 
2514 1.853943 
2515 1.744480 
2516 1.954497 
2517 1.961052 
2518 1.854632 
2519 1.991950 
2520 1.779180 
2521 2.143217 
2522 2.387883 
2523 0.473521 
2524 0.495900 
2525 0.606557 
2526 -2.155608 
2527 -2.116328 
2528 -0.723336 
2529 -1.741907 
2530 -1.834477 
2531 -1.926113 
2532 -1.606104 
2533 -1.729685 
2534 -1.515978 
2535 -1.630257 
2536 -1.603306 
2537 -1.551583 
2538 -1.428172 
2539 -1.701022 
2540 -1.613818 
2541 -2.480497 
2542 -0.536871 
2543 -0.642957 
2544 -1.763541 
2545 0.894126 
2546 1.364657 
2547 1.691633 
2548 1.434755 
2549 1.320195 
2550 1.870925 
2551 2.175462 
2552 1.856505 
2553 2.132579 
2554 1.691171 
2555 1.367387 
2556 3.027824 
2557 0.589232 
2558 1.092786 
2559 1.124623 
2560 -0.891262 
2561 -0.688340 
2562 -0.396207 
2563 -3.015746 
2564 -1.185965 
2565 -1.098216 
2566 -1.960041 
2567 -2.141047 
2568 -1.204126 
2569 -1.607520 
2570 -1.672821 
2571 -1.708188 
2572 -1.637513 
2573 -1.626864 
2574 -1.587266 
2575 -1.412977 
2576 -2.010227 
2577 -1.566324 
2578 -1.539113 
2579 -1.380924 
2580 -1.959741 
2581 -1.908773 
2582 -1.203887 
2583 -1.331969 
2584 -2.289624 
2585 -1.557157 
2586 -1.106891 
2587 -1.062769 
2588 -1.572158 
2589 -1.613259 
2590 -1.330706 
2591 -0.783170 
2592 -0.652272 
2593 -0.071910 
2594 -1.872175 
2595 -2.190537 
2596 -0.528360 
2597 -2.131054 
2598 -2.060830 
2599 -1.188567 
2600 -1.762560 
2601 -1.590085 
2602 -1.383710 
2603 -1.869729 
2604 -1.403919 
2605 -1.345864 
2606 -1.734463 
2607 -1.770929 
2608 -1.523732 
2609 -1.632006 
2610 -1.610903 
2611 -1.547965 
2612 -1.657944 
2613 -1.630712 
2614 -1.526772 
2615 -1.440905 
2616 -1.758433 
2617 -1.694969 
2618 -1.626850 
2619 -1.399846 
2620 -1.866932 
2621 -1.783890 
2622 -1.610669 
2623 -1.280768 
2624 -1.754628 
2625 -1.478367 
2626 -1.765800 
2627 -1.583517 
2628 -1.741123 
2629 -1.828301 
2630 -1.535562 
2631 -1.624217 
2632 -1.619119 
2633 -1.346360 
2634 -1.919610 
2635 -1.720844 
2636 -1.332176 
2637 -1.830512 
2638 -1.783038 
2639 -1.687299 
2640 -1.697730 
2641 -1.590299 
2642 -1.369752 
2643 -1.658964 
2644 -1.456945 
2645 -1.498229 
2646 -1.771513 
2647 -1.587286 
2648 -1.735521 
2649 -1.363497 
2650 -1.527437 
2651 -1.554656 
2652 -1.522344 
2653 -1.559507 
2654 -1.510134 
2655 -1.686335 
2656 -1.581699 
2657 -1.417434 
2658 -1.665716 
2659 -1.684146 
2660 -1.552456 
2661 -1.683401 
2662 -1.589375 
2663 -1.494087 
2664 -1.615911 
2665 -1.595446 
2666 -1.524664 
2667 -1.651989 
2668 -1.667536 
2669 -1.413545 
2670 -1.497447 
2671 -1.758995 
2672 -1.510914 
2673 -1.579327 
2674 -1.734746 
2675 -1.624003 
2676 -1.571604 
2677 -1.497470 
2678 -1.695272 
2679 -1.686538 
2680 -1.587802 
2681 -1.506790 
2682 -1.626633 
2683 -1.583132 
2684 -1.804755 
2685 -1.553009 
2686 -1.384474 
2687 -1.583726 
2688 -1.441662 
2689 -1.609510 
2690 -1.691906 
2691 -1.559857 
2692 -1.602582 
2693 -1.527138 
2694 -1.565516 
2695 -1.627477 
2696 -1.599458 
2697 -1.565548 
2698 -1.577457 
2699 -1.625888 
2700 -1.741012 
2701 -1.462859 
2702 -1.572788 
2703 -1.610484 
2704 -1.631767 
2705 -1.476053 
2706 -1.565045 
2707 -1.680539 
2708 -1.477023 
2709 -1.597687 
2710 -1.554248 
2711 -1.638775 
2712 -1.530437 
2713 -1.510149 
2714 -1.629739 
2715 -1.571583 
2716 -1.563738 
2717 -1.505710 
2718 -1.581738 
2719 -1.691446 
2720 -1.627195 
2721 -1.625763 
2722 -1.628799 
2723 -1.418459 
2724 -1.166570 
2725 -1.631404 
2726 -1.637594 
2727 -1.759460 
2728 -1.680007 
2729 -1.524379 
2730 -1.592206 
2731 -1.546557 
2732 -1.663360 
2733 -1.720847 
2734 -1.461062 
2735 -1.489490 
2736 -1.664998 
2737 -1.529363 
2738 -1.529506 
2739 -1.530209 
2740 -1.733365 
2741 -1.470744 
2742 -1.557456 
2743 -1.523788 
2744 -1.664473 
2745 -1.634794 
2746 -1.569004 
2747 -1.446129 
2748 -1.476818 
2749 -1.786759 
2750 -1.584399 
2751 -1.502873 
2752 -1.649675 
2753 -1.834340 
2754 -1.494619 
2755 -1.345852 
2756 -1.793381 
2757 -1.405230 
2758 -1.276643 
2759 -1.837277 
2760 -1.146086 
2761 -1.368068 
2762 -1.799017 
2763 -1.898432 
2764 -1.619965 
2765 -1.502763 
2766 -1.543564 
2767 -1.415061 
2768 -1.608481 
2769 -1.415002 
2770 -1.635042 
2771 -1.602867 
2772 -1.538186 
2773 -1.498341 
2774 -1.623967 
2775 -1.550051 
2776 -1.505828 
2777 -1.466723 
2778 -1.606800 
2779 -1.682738 
2780 -1.808637 
2781 -1.540400 
2782 -1.769328 
2783 -1.092031 
2784 -1.301518 
2785 -1.171846 
2786 1.928065 
2787 2.051308 
2788 1.562900 
2789 1.711790 
2790 1.659545 
2791 1.698030 
2792 1.777605 
2793 1.630913 
2794 1.858979 
2795 1.758199 
2796 2.787607 
2797 1.860775 
2798 1.966060 
2799 0.679205 
2800 0.795712 
2801 -0.853532 
2802 -1.067248 
2803 -3.092718 
2804 -1.481130 
2805 -2.107373 
2806 -1.723774 
2807 -0.956279 
2808 -1.211377 
2809 -1.000361 
2810 2.016019 
2811 2.138891 
2812 1.685646 
2813 1.803563 
2814 1.652198 
2815 1.610980 
2816 1.703118 
2817 1.711276 
2818 1.758459 
2819 1.549130 
2820 1.728364 
2821 1.781745 
2822 1.597058 
2823 1.817798 
2824 2.083503 
2825 1.989576 
2826 1.895339 
2827 1.729486 
2828 2.373237 
2829 2.552148 
2830 1.210263 
2831 1.057335 
2832 2.240309 
2833 -1.438253 
2834 -1.448950 
2835 -0.992818 
2836 -1.587469 
2837 -1.533499 
2838 -1.468171 
2839 -1.932350 
2840 -1.954829 
2841 -2.044589 
2842 -1.227456 
2843 -1.403424 
2844 -1.626866 
2845 -0.965579 
2846 -1.327966 
2847 2.525913 
2848 1.643100 
2849 1.756072 
2850 1.674527 
2851 1.648059 
2852 1.743068 
2853 1.724802 
2854 1.708054 
2855 1.632946 
2856 1.735688 
2857 1.773213 
2858 1.664780 
2859 1.784592 
2860 1.834325 
2861 1.840478 
2862 1.796762 
2863 1.844952 
2864 2.097105 
2865 2.282945 
2866 2.159973 
2867 1.433189 
2868 2.519554 
2869 2.229117 
2870 -0.449012 
2871 -0.596978 
2872 -0.250046 
2873 -1.950476 
2874 -1.689829 
2875 -1.888023 
2876 -1.636836 
2877 -1.665889 
2878 -1.955968 
2879 -1.278618 
2880 -1.156606 
2881 -2.016302 
2882 -1.591638 
2883 -1.487125 
2884 1.480556 
2885 1.646645 
2886 1.887504 
2887 1.685860 
2888 1.661736 
2889 1.747398 
2890 1.603120 
2891 1.693846 
2892 1.781656 
2893 1.715554 
2894 1.612247 
2895 1.567192 
2896 1.757845 
2897 1.837159 
2898 1.725531 
2899 1.870687 
2900 2.128092 
2901 1.971009 
2902 1.948596 
2903 1.826554 
2904 2.334728 
2905 2.168187 
2906 1.979565 
2907 -0.182765 
2908 -0.016383 
2909 -0.015497 
2910 -2.386071 
2911 -2.297040 
2912 -1.196265 
2913 -1.798186 
2914 -1.889857 
2915 -1.620821 
2916 -1.560857 
2917 -1.559281 
2918 -1.826214 
2919 -1.542362 
2920 -1.839071 
2921 1.526886 
2922 1.467187 
2923 2.123239 
2924 1.553539 
2925 1.720874 
2926 2.112976 
2927 1.822740 
2928 1.817000 
2929 1.781909 
2930 1.853506 
2931 1.706635 
2932 1.935613 
2933 1.814472 
2934 1.751233 
2935 1.967869 
2936 2.106638 
2937 2.000932 
2938 1.720797 
2939 1.821344 
2940 2.991447 
2941 1.358367 
2942 1.512500 
2943 1.411922 
2944 -0.420842 
2945 -0.234430 
2946 -0.692980 
2947 -3.152682 
2948 -1.128364 
2949 -1.202784 
2950 -2.032596 
2951 -2.000411 
2952 -1.624712 
2953 -1.538489 
2954 -1.721030 
2955 -1.597076 
2956 -2.281109 
2957 -2.402901 
2958 0.482076 
2959 0.342162 
2960 1.530042 
2961 1.650238 
2962 1.402265 
2963 2.511047 
2964 1.845026 
2965 1.614824 
2966 2.068887 
2967 1.982259 
2968 1.794727 
2969 2.038169 
2970 2.222893 
2971 1.817173 
2972 2.014574 
2973 2.118081 
2974 1.949663 
2975 1.592748 
2976 2.270012 
2977 2.466585 
2978 1.057222 
2979 1.217954 
2980 0.715248 
2981 -1.374344 
2982 -1.829993 
2983 -1.941990 
2984 -1.460899 
2985 -1.406070 
2986 -1.609238 
2987 -2.111029 
2988 -1.496025 
2989 -1.572902 
2990 -1.567699 
2991 -1.645352 
2992 -1.653441 
2993 -1.926015 
2994 -1.895175 
2995 -0.477372 
2996 -3.012661 
2997 -0.086176 
2998 -0.600395 
2999 -0.519026 
3000 0.748795 
3001 0.879761 
3002 0.380271 
3003 3.027008 
3004 1.651469 
3005 1.251721 
3006 2.132876 
3007 2.195358 
3008 1.761332 
3009 2.077770 
3010 1.952655 
3011 1.710215 
3012 2.660351 
3013 1.788242 
3014 1.148347 
3015 -0.004118 
3016 0.373121 
3017 -0.244564 
3018 -2.286789 
3019 -2.273343 
3020 -1.130517 
3021 -1.790111 
3022 -1.726337 
3023 -1.848177 
3024 -1.471506 
3025 -1.548207 
3026 -1.671502 
3027 -1.686971 
3028 -1.730292 
3029 -1.612616 
3030 -1.484286 
3031 -1.420404 
3032 -1.647128 
3033 -1.901268 
3034 -1.315552 
3035 -1.656563 
3036 -2.547317 
3037 -1.312538 
3038 -1.074670 
3039 -1.376417 
3040 -0.946621 
3041 -1.150171 
3042 -2.547113 
3043 -0.292229 
3044 -0.132025 
3045 -2.789139 
3046 -0.238028 
3047 -0.229472 
3048 -0.453996 
3049 -0.445640 
3050 -0.724578 
3051 -2.737782 
3052 -0.994843 
3053 -0.648628 
3054 -1.720167 
3055 -2.512045 
3056 -1.241118 
3057 -1.580604 
3058 -1.808406 
3059 -1.898627 
3060 -1.530594 
3061 -1.688033 
3062 -1.751211 
3063 -1.528268 
3064 -1.534178 
3065 -1.681766 
3066 -1.578869 
3067 -1.509019 
3068 -1.667746 
3069 -1.614913 
3070 -1.411716 
3071 -1.665385 
3072 -1.774101 
3073 -1.694571 
3074 -1.427164 
3075 -1.623438 
3076 -1.757268 
3077 -1.494247 
3078 -1.546457 
3079 -1.757592 
3080 -1.717629 
3081 -1.579985 
3082 -1.757735 
3083 -1.327168 
3084 -1.682557 
3085 -1.877819 
3086 -1.574826 
3087 -1.456568 
3088 -1.555180 
3089 -1.464677 
3090 -1.522020 
3091 -1.933000 
3092 -1.571831 
3093 -1.438580 
3094 -1.701596 
3095 -1.834810 
3096 -1.535227 
3097 -1.594528 
3098 -1.484245 
3099 -1.614477 
3100 -1.521973 
3101 -1.697409 
3102 -1.535695 
3103 -1.533416 
3104 -1.410430 
3105 -1.446031 
3106 -1.639034 
3107 -1.623426 
3108 -1.619652 
3109 -1.703759 
3110 -1.632161 
3111 -1.477257 
3112 -1.503527 
3113 -1.611472 
3114 -1.720426 
3115 -1.521336 
3116 -1.602300 
3117 -1.548382 
3118 -1.573966 
3119 -1.590261 
3120 -1.582432 
3121 -1.576576 
3122 -1.462740 
3123 -1.690362 
3124 -1.534560 
3125 -1.791853 
3126 -1.570964 
3127 -1.502833 
3128 -1.565804 
3129 -1.661062 
3130 -1.564664 
3131 -1.502384 
3132 -1.579088 
3133 -1.566545 
3134 -1.675620 
3135 -1.502462 
3136 -1.481892 
3137 -1.600021 
3138 -1.583555 
3139 -1.566390 
3140 -1.592280 
3141 -1.412547 
3142 -1.386074 
3143 -1.766878 
3144 -1.517103 
3145 -1.675594 
3146 -1.531552 
3147 -1.510415 
3148 -1.613271 
3149 -1.628385 
3150 -1.605242 
3151 -1.559101 
3152 -1.586742 
3153 -1.533848 
3154 -1.480024 
3155 -1.659244 
3156 -1.647443 
3157 -1.650027 
3158 -1.471936 
3159 -1.549858 
3160 -1.583126 
3161 -1.534217 
3162 -1.633670 
3163 -1.552899 
3164 -1.600448 
3165 -1.592029 
3166 -1.610282 
3167 -1.577842 
3168 -1.572294 
3169 -1.568612 
3170 -1.594076 
3171 -1.508973 
3172 -1.645030 
3173 -1.598612 
3174 -1.461726 
3175 -1.667131 
3176 -1.633338 
3177 -1.588364 
3178 -1.544078 
3179 -1.500860 
3180 -1.656959 
3181 -1.463335 
3182 -1.651118 
3183 -1.474964 
3184 -1.532202 
3185 -1.494221 
3186 -1.637232 
3187 -1.584735 
3188 -1.653712 
3189 -1.525736 
3190 -1.580264 
3191 -1.488414 
3192 -1.446389 
3193 -1.635080 
3194 -1.554700 
3195 -1.621537 
3196 -1.548633 
3197 -1.544763 
3198 -1.489923 
3199 -1.607490 
3200 -1.565804 
3201 -1.676371 
3202 -1.490336 
3203 -1.587272 
3204 -1.585410 
3205 -1.555773 
3206 -1.454023 
3207 -1.675837 
3208 -1.605038 
3209 -1.499367 
3210 -1.621107 
3211 -1.610146 
3212 -1.666439 
3213 -1.490662 
3214 -1.708954 
3215 -1.537559 
3216 -1.126125 
3217 -1.503057 
3218 -1.789077 
3219 -1.615350 
3220 -1.595774 
3221 -1.668873 
3222 -1.481856 
3223 -1.401153 
3224 -1.482721 
3225 -1.376488 
3226 -1.499725 
3227 -1.731338 
3228 -1.485109 
3229 -1.621487 
3230 -1.584399 
3231 -1.484811 
3232 -1.654216 
3233 -1.491157 
3234 -1.608428 
3235 -1.450387 
3236 -1.806605 
3237 -1.663842 
3238 -1.275866 
3239 -1.470180 
3240 -0.895933 
3241 1.831636 
3242 1.786143 
3243 1.912172 
3244 1.791123 
3245 1.638951 
3246 1.653067 
3247 1.609842 
3248 1.779439 
3249 1.550508 
3250 1.795977 
3251 1.577506 
3252 2.571911 
3253 2.431992 
3254 0.912524 
3255 1.150820 
3256 -0.597413 
3257 -0.514524 
3258 -2.287314 
3259 -2.143748 
3260 -2.076619 
3261 -1.584038 
3262 -1.230241 
3263 -1.468344 
3264 -0.790650 
3265 1.817337 
3266 1.717169 
3267 1.988881 
3268 1.763624 
3269 1.644669 
3270 1.705582 
3271 1.587508 
3272 1.624865 
3273 1.710886 
3274 1.692243 
3275 1.676319 
3276 1.796439 
3277 1.761121 
3278 1.707845 
3279 1.812718 
3280 2.052315 
3281 2.105508 
3282 1.931060 
3283 1.762906 
3284 3.031559 
3285 1.491147 
3286 1.570976 
3287 1.584296 
3288 -0.744430 
3289 -0.407028 
3290 -0.245311 
3291 -3.251933 
3292 -1.346124 
3293 -1.273321 
3294 -1.837119 
3295 -1.993217 
3296 -1.926935 
3297 -1.548662 
3298 -1.387076 
3299 -1.641402 
3300 -1.062045 
3301 -0.991482 
3302 2.228218 
3303 2.175130 
3304 1.706940 
3305 1.663030 
3306 1.654503 
3307 1.599239 
3308 1.599179 
3309 1.754623 
3310 1.689929 
3311 1.552667 
3312 1.732175 
3313 1.716042 
3314 1.650359 
3315 1.791795 
3316 1.958012 
3317 1.888533 
3318 1.931613 
3319 1.725723 
3320 2.375395 
3321 2.397676 
3322 1.420521 
3323 1.441760 
3324 3.281195 
3325 -0.369821 
3326 -0.213427 
3327 -0.214192 
3328 -1.350518 
3329 -1.377530 
3330 -1.406279 
3331 -2.242917 
3332 -1.893088 
3333 -1.908713 
3334 -1.376843 
3335 -1.515976 
3336 -1.640204 
3337 -1.355472 
3338 -1.107763 
3339 2.341796 
3340 1.507049 
3341 1.734500 
3342 1.745749 
3343 1.766486 
3344 1.741361 
3345 1.645328 
3346 1.649010 
3347 1.655493 
3348 1.716501 
3349 1.681827 
3350 1.675723 
3351 1.795126 
3352 1.829596 
3353 1.707487 
3354 1.702317 
3355 1.710965 
3356 1.978751 
3357 1.933867 
3358 2.239663 
3359 1.502499 
3360 2.389528 
3361 2.574894 
3362 -0.085752 
3363 0.279526 
3364 0.063929 
3365 -1.876827 
3366 -2.145918 
3367 -1.642899 
3368 -1.766280 
3369 -1.648613 
3370 -1.619120 
3371 -1.487265 
3372 -1.657855 
3373 -1.783333 
3374 -1.475786 
3375 -1.541005 
3376 1.345535 
3377 1.630571 
3378 2.017304 
3379 1.930796 
3380 1.588417 
3381 1.742227 
3382 1.703756 
3383 1.833507 
3384 1.830271 
3385 1.743475 
3386 1.989686 
3387 1.594374 
3388 1.809556 
3389 1.957176 
3390 1.721827 
3391 1.680281 
3392 2.244657 
3393 1.680375 
3394 1.951106 
3395 1.970092 
3396 2.011590 
3397 2.272718 
3398 2.301280 
3399 -0.167799 
3400 0.013110 
3401 -0.157855 
3402 -2.437003 
3403 -2.215848 
3404 -1.011684 
3405 -1.927705 
3406 -1.700670 
3407 -1.773198 
3408 -1.764107 
3409 -1.490688 
3410 -1.571763 
3411 -1.514308 
3412 -3.076898 
3413 0.793812 
3414 1.034217 
3415 1.461350 
3416 1.311989 
3417 1.561813 
3418 2.037996 
3419 2.161950 
3420 1.779320 
3421 1.946888 
3422 1.929207 
3423 2.053904 
3424 1.793078 
3425 2.032413 
3426 1.985533 
3427 1.939903 
3428 2.074887 
3429 2.293516 
3430 1.501895 
3431 1.741983 
3432 3.300729 
3433 0.975153 
3434 0.940386 
3435 0.927092 
3436 -0.687859 
3437 -0.628873 
3438 -0.455206 
3439 -3.113064 
3440 -1.301749 
3441 -1.181404 
3442 -1.922438 
3443 -2.013850 
3444 -1.623923 
3445 -1.738475 
3446 -1.764058 
3447 -1.354004 
3448 -2.322692 
3449 -2.348220 
3450 -0.309652 
3451 -0.306577 
3452 -0.975845 
3453 -1.872836 
3454 -0.523533 
3455 1.785103 
3456 0.670424 
3457 0.873471 
3458 2.579342 
3459 1.711348 
3460 1.673740 
3461 1.637884 
3462 1.721562 
3463 2.154943 
3464 1.713152 
3465 1.811758 
3466 2.375211 
3467 1.132790 
3468 1.869065 
3469 2.357497 
3470 -0.559460 
3471 -0.292760 
3472 0.330542 
3473 -2.100519 
3474 -1.991296 
3475 -1.241537 
3476 -1.292538 
3477 -1.465442 
3478 -1.476038 
3479 -2.024785 
3480 -1.542560 
3481 -1.551017 
3482 -1.536983 
3483 -1.583270 
3484 -1.718515 
3485 -1.539065 
3486 -1.678518 
3487 -1.217817 
3488 -2.016868 
3489 -1.700211 
3490 -1.593444 
3491 -1.456563 
3492 -2.008292 
3493 -1.914874 
3494 -1.166074 
3495 -0.944644 
3496 -2.523450 
3497 -0.910980 
3498 -0.821943 
3499 -0.799851 
3500 -0.942646 
3501 -2.289671 
3502 -0.959452 
3503 -0.152047 
3504 -0.532767 
3505 -1.098670 
3506 -0.226799 
3507 -2.769866 
3508 -0.986117 
3509 -0.665725 
3510 -2.242498 
3511 -2.011448 
3512 -0.956598 
3513 -1.789758 
3514 -1.988344 
3515 -1.507757 
3516 -1.681166 
3517 -1.645462 
3518 -1.427137 
3519 -1.571900 
3520 -1.712664 
3521 -1.655945 
3522 -1.385885 
3523 -1.456519 
3524 -1.352330 
3525 -1.617858 
3526 -1.684637 
3527 -1.696522 
3528 -1.631813 
3529 -1.766389 
3530 -1.657917 
3531 -1.356245 
3532 -1.647996 
3533 -1.601678 
3534 -1.681346 
3535 -1.670095 
3536 -1.574755 
3537 -1.487752 
3538 -1.576400 
3539 -1.754871 
3540 -1.705249 
3541 -1.820924 
3542 -1.667509 
3543 -1.273132 
3544 -1.571700 
3545 -1.639223 
3546 -1.395228 
3547 -1.757678 
3548 -1.513212 
3549 -1.221214 
3550 -1.761255 
3551 -1.785136 
3552 -1.520335 
3553 -1.721001 
3554 -1.595173 
3555 -1.573110 
3556 -1.696835 
3557 -1.643079 
3558 -1.633204 
3559 -1.246375 
3560 -1.407820 
3561 -1.403254 
3562 -1.706469 
3563 -1.617335 
3564 -1.650854 
3565 -1.686883 
3566 -1.474645 
3567 -1.488788 
3568 -1.661374 
3569 -1.719793 
3570 -1.428695 
3571 -1.469133 
3572 -1.539258 
3573 -1.624874 
3574 -1.584891 
3575 -1.625026 
3576 -1.719814 
3577 -1.583645 
3578 -1.582092 
3579 -1.534896 
3580 -1.520890 
3581 -1.683371 
3582 -1.724605 
3583 -1.532303 
3584 -1.697423 
3585 -1.513717 
3586 -1.564627 
3587 -1.548256 
3588 -1.556396 
3589 -1.537453 
3590 -1.611170 
3591 -1.638281 
3592 -1.652690 
3593 -1.623378 
3594 -1.496382 
3595 -1.456440 
3596 -1.118311 
3597 -1.422180 
3598 -1.644909 
3599 -1.850788 
3600 -1.703381 
3601 -1.628914 
3602 -1.629125 
3603 -1.364134 
3604 -1.558055 
3605 -1.615010 
3606 -1.516180 
3607 -1.633115 
3608 -1.677499 
3609 -1.578464 
3610 -1.551519 
3611 -1.507709 
3612 -1.477319 
3613 -1.592155 
3614 -1.726178 
3615 -1.525451 
3616 -1.408248 
3617 -1.705369 
3618 -1.457090 
3619 -1.632314 
3620 -1.654845 
3621 -1.404202 
3622 -1.573234 
3623 -1.573918 
3624 -1.491656 
3625 -1.501562 
3626 -1.634057 
3627 -1.626394 
3628 -1.637026 
3629 -1.590429 
3630 -1.580974 
3631 -1.494914 
3632 -1.499250 
3633 -1.326031 
3634 -1.509265 
3635 -1.840834 
3636 -1.488764 
3637 -1.583468 
3638 -1.576963 
3639 -1.568415 
3640 -1.526746 
3641 -1.571907 
3642 -1.554064 
3643 -1.637446 
3644 -1.504410 
3645 -1.624634 
3646 -1.573303 
3647 -1.549929 
3648 -1.556903 
3649 -1.718681 
3650 -1.589381 
3651 -1.524050 
3652 -1.545846 
3653 -1.617170 
3654 -1.551865 
3655 -1.585109 
3656 -1.589680 
3657 -1.472512 
3658 -1.532804 
3659 -1.641840 
3660 -1.545878 
3661 -1.568251 
3662 -1.556221 
3663 -1.575555 
3664 -1.488096 
3665 -1.707343 
3666 -1.836021 
3667 -1.425717 
3668 -1.481710 
3669 -1.821109 
3670 -1.372185 
3671 -1.535123 
3672 -1.523317 
3673 -1.663460 
3674 -1.628936 
3675 -1.307880 
3676 -1.687890 
3677 -1.551322 
3678 -1.494934 
3679 -1.438227 
3680 -1.596638 
3681 -1.554464 
3682 -1.559444 
3683 -1.460700 
3684 -1.554154 
3685 -1.393398 
3686 -1.658678 
3687 -1.504988 
3688 -1.465472 
3689 -1.543287 
3690 -1.626751 
3691 -1.535879 
3692 -1.789988 
3693 -1.563509 
3694 -1.572141 
3695 -1.227606 
3696 1.521106 
3697 1.696169 
3698 1.613981 
3699 1.745152 
3700 1.544169 
3701 1.797551 
3702 1.701537 
3703 1.759679 
3704 1.949063 
3705 1.861113 
3706 1.812525 
3707 1.570428 
3708 3.255668 
3709 1.186733 
3710 1.121261 
3711 -0.642918 
3712 -0.266703 
3713 -1.547275 
3714 -1.672831 
3715 -2.206880 
3716 -2.049283 
3717 -1.112018 
3718 -1.771903 
3719 -1.265010 
3720 1.618402 
3721 1.526892 
3722 1.676792 
3723 1.701969 
3724 1.630242 
3725 1.663734 
3726 1.684209 
3727 1.655924 
3728 1.574178 
3729 1.684888 
3730 1.666387 
3731 1.765303 
3732 1.711132 
3733 1.766374 
3734 1.822686 
3735 1.708237 
3736 1.961812 
3737 1.915501 
3738 1.948696 
3739 1.831291 
3740 2.029586 
3741 2.111977 
3742 2.257734 
3743 -0.542639 
3744 -0.187602 
3745 -0.218090 
3746 -2.507070 
3747 -2.159685 
3748 -1.337915 
3749 -1.609914 
3750 -1.669747 
3751 -1.856762 
3752 -1.534794 
3753 -1.487630 
3754 -2.162985 
3755 -1.316608 
3756 -0.896853 
3757 1.877585 
3758 1.716142 
3759 1.785126 
3760 1.575397 
3761 1.644987 
3762 1.710629 
3763 1.633084 
3764 1.644446 
3765 1.684468 
3766 1.710738 
3767 1.636611 
3768 1.684015 
3769 1.741390 
3770 1.694196 
3771 1.633168 
3772 2.067593 
3773 1.716234 
3774 1.826039 
3775 1.806955 
3776 2.728372 
3777 1.476027 
3778 1.605006 
3779 1.863600 
3780 0.043622 
3781 0.318967 
3782 -0.106606 
3783 -3.252970 
3784 -1.131576 
3785 -1.316174 
3786 -1.780766 
3787 -2.183970 
3788 -1.950030 
3789 -1.369033 
3790 -1.520661 
3791 -1.661580 
3792 -1.062650 
3793 -1.061411 
3794 2.162901 
3795 2.177616 
3796 1.728321 
3797 1.800530 
3798 1.568326 
3799 1.617814 
3800 1.741040 
3801 1.739315 
3802 1.598281 
3803 1.606908 
3804 1.676741 
3805 1.750674 
3806 1.794615 
3807 1.654442 
3808 1.838401 
3809 1.830186 
3810 1.863452 
3811 1.562834 
3812 2.436978 
3813 2.100287 
3814 1.627265 
3815 1.362543 
3816 3.383142 
3817 0.287128 
3818 -0.024168 
3819 -0.129146 
3820 -1.335278 
3821 -1.182462 
3822 -1.322167 
3823 -2.295647 
3824 -1.640002 
3825 -1.841853 
3826 -1.430860 
3827 -1.513039 
3828 -1.659024 
3829 -1.532832 
3830 -1.565174 
3831 1.795370 
3832 1.561898 
3833 1.932784 
3834 1.895869 
3835 1.766233 
3836 1.640897 
3837 1.906284 
3838 1.632227 
3839 1.834336 
3840 1.683553 
3841 1.718237 
3842 1.704856 
3843 1.813450 
3844 1.959861 
3845 1.940147 
3846 1.727910 
3847 1.570217 
3848 1.965507 
3849 2.077809 
3850 2.187075 
3851 1.295059 
3852 1.970254 
3853 2.769890 
3854 0.460267 
3855 -0.151838 
3856 -0.055579 
3857 -1.686990 
3858 -1.737127 
3859 -2.003242 
3860 -1.516123 
3861 -1.621420 
3862 -1.641845 
3863 -1.621488 
3864 -1.602281 
3865 -1.622780 
3866 -1.479546 
3867 -1.458262 
3868 1.330367 
3869 1.327952 
3870 2.144838 
3871 2.208137 
3872 1.269160 
3873 2.195185 
3874 1.855741 
3875 1.883528 
3876 1.902792 
3877 1.848916 
3878 1.889703 
3879 1.755192 
3880 1.861660 
3881 1.814015 
3882 1.875068 
3883 1.904366 
3884 2.107629 
3885 1.886246 
3886 1.824672 
3887 1.808881 
3888 1.881217 
3889 1.864536 
3890 2.036972 
3891 -1.054983 
3892 -0.217451 
3893 -0.255434 
3894 -2.483008 
3895 -2.036243 
3896 -1.027132 
3897 -1.616269 
3898 -1.788046 
3899 -1.909615 
3900 -1.664609 
3901 -1.517678 
3902 -1.612085 
3903 -1.502842 
3904 -3.461987 
3905 -0.541859 
3906 -0.515166 
3907 0.169242 
3908 0.100467 
3909 -0.486554 
3910 2.250713 
3911 2.070918 
3912 0.993543 
3913 2.268804 
3914 1.834317 
3915 1.868276 
3916 1.907085 
3917 1.812341 
3918 1.951258 
3919 1.969148 
3920 2.205067 
3921 2.033850 
3922 1.395193 
3923 1.481798 
3924 3.108916 
3925 -0.042080 
3926 -0.039063 
3927 -0.101715 
3928 -0.968304 
3929 -0.952260 
3930 -1.272860 
3931 -2.674908 
3932 -1.377872 
3933 -1.426292 
3934 -1.911545 
3935 -1.824583 
3936 -1.563434 
3937 -1.478152 
3938 -1.667448 
3939 -1.594751 
3940 -1.967704 
3941 -1.956312 
3942 -1.222307 
3943 -0.933083 
3944 -1.740358 
3945 -1.897105 
3946 -1.775198 
3947 -0.998913 
3948 -1.844034 
3949 -2.337412 
3950 -0.651491 
3951 -0.497613 
3952 -2.850435 
3953 -0.200901 
3954 -0.134925 
3955 -0.652941 
3956 -0.622984 
3957 -0.469339 
3958 -2.274335 
3959 -0.684711 
3960 -0.258201 
3961 -0.700099 
3962 -2.383155 
3963 -1.633587 
3964 -0.850059 
3965 -1.577704 
3966 -1.626393 
3967 -2.069242 
3968 -1.393008 
3969 -1.672106 
3970 -1.544934 
3971 -1.789076 
3972 -1.514466 
3973 -1.508651 
3974 -1.588773 
3975 -1.649761 
3976 -1.615896 
3977 -1.466835 
3978 -1.632131 
3979 -1.467994 
3980 -1.574677 
3981 -1.624626 
3982 -1.527080 
3983 -1.598410 
3984 -1.484391 
3985 -1.519964 
3986 -1.749638 
3987 -1.613611 
3988 -1.639287 
3989 -1.712732 
3990 -1.592586 
3991 -1.704109 
3992 -1.779187 
3993 -1.193582 
3994 -1.417255 
3995 -1.918516 
3996 -1.385035 
3997 -1.721598 
3998 -1.593582 
3999 -1.706358 
4000 -1.430649 
4001 -1.434474 
4002 -1.658744 
4003 -1.846168 
4004 -1.249143 
4005 -1.536398 
4006 -1.635891 
4007 -1.871252 
4008 -1.545454 
4009 -1.537454 
4010 -1.659995 
4011 -1.527710 
4012 -1.756118 
4013 -1.650000 
4014 -1.359081 
4015 -1.410755 
4016 -1.552308 
4017 -1.452165 
4018 -1.696913 
4019 -1.528965 
4020 -1.412064 
4021 -1.579994 
4022 -1.632189 
4023 -1.611229 
4024 -1.670864 
4025 -1.495736 
4026 -1.557521 
4027 -1.565211 
4028 -1.699337 
4029 -1.550642 
4030 -1.566392 
4031 -1.405195 
4032 -1.615213 
4033 -1.516711 
4034 -1.572264 
4035 -1.660574 
4036 -1.621152 
4037 -1.458416 
4038 -1.814728 
4039 -1.456335 
4040 -1.535529 
4041 -1.530612 
4042 -1.676151 
4043 -1.621632 
4044 -1.590809 
4045 -1.586185 
4046 -1.588081 
4047 -1.556417 
4048 -1.665777 
4049 -1.571169 
4050 -1.521863 
4051 -1.423919 
4052 -1.197573 
4053 -1.737398 
4054 -1.566435 
4055 -1.643213 
4056 -1.601452 
4057 -1.512377 
4058 -1.676664 
4059 -1.433836 
4060 -1.511398 
4061 -1.609768 
4062 -1.535641 
4063 -1.562477 
4064 -1.604041 
4065 -1.655745 
4066 -1.440964 
4067 -1.542682 
4068 -1.571059 
4069 -1.496189 
4070 -1.617109 
4071 -1.653048 
4072 -1.613549 
4073 -1.509199 
4074 -1.668260 
4075 -1.579866 
4076 -1.639266 
4077 -1.646307 
4078 -1.581275 
4079 -1.449486 
4080 -1.622892 
4081 -1.627161 
4082 -1.584245 
4083 -1.516528 
4084 -1.661671 
4085 -1.649229 
4086 -1.512878 
4087 -1.442743 
4088 -1.289955 
4089 -1.360730 
4090 -1.812662 
4091 -1.661426 
4092 -1.628823 
4093 -1.597094 
4094 -1.496408 
4095 -1.500892 
4096 -1.734363 
4097 -1.433381 
4098 -1.478221 
4099 -1.590585 
4100 -1.425922 
4101 -1.663448 
4102 -1.627166 
4103 -1.559041 
4104 -1.618168 
4105 -1.677034 
4106 -1.423077 
4107 -1.582893 
4108 -1.634029 
4109 -1.482984 
4110 -1.676435 
4111 -1.495902 
4112 -1.513649 
4113 -1.700889 
4114 -1.583116 
4115 -1.508851 
4116 -1.540807 
4117 -1.507677 
4118 -1.614294 
4119 -1.577105 
4120 -1.738164 
4121 -1.896694 
4122 -1.226021 
4123 -1.307143 
4124 -1.579371 
4125 -1.260258 
4126 -1.409406 
4127 -1.887073 
4128 -1.646042 
4129 -1.573893 
4130 -1.310881 
4131 -1.534305 
4132 -1.780552 
4133 -1.487600 
4134 -1.537171 
4135 -1.356303 
4136 -1.600716 
4137 -1.517740 
4138 -1.446690 
4139 -1.504343 
4140 -1.646078 
4141 -1.584513 
4142 -1.473939 
4143 -1.581072 
4144 -1.492975 
4145 -1.514318 
4146 -1.566782 
4147 -1.640826 
4148 -1.331152 
4149 -1.434716 
4150 -1.192498 
4151 2.289614 
4152 1.610942 
4153 1.587067 
4154 1.444523 
4155 1.829033 
4156 3.323450 
4157 1.553863 
4158 0.693436 
4159 -0.730635 
4160 -1.370262 
4161 -2.024598 
4162 -1.318935 
4163 -1.390542 
4164 1.646193 
4165 1.605166 
4166 1.577645 
4167 1.646108 
4168 2.393461 
4169 2.064001 
4170 1.487547 
4171 0.736630 
4172 -0.282742 
4173 -1.773617 
4174 -2.259748 
4175 -1.372214 
4176 -0.709621 
4177 1.789850 
4178 1.909589 
4179 1.925851 
4180 1.915357 
4181 2.023757 
4182 1.584799 
4183 1.278691 
4184 0.736566 
4185 -0.300156 
4186 -1.961874 
4187 -2.631665 
4188 -1.142921 
4189 -1.097902 
4190 1.998019 
4191 2.152761 
4192 1.710193 
4193 1.637411 
4194 1.673274 
4195 1.716748 
4196 2.960005 
4197 1.172698 
4198 -0.353952 
4199 -1.681480 
4200 -1.602406 
4201 -1.538085 
4202 -1.769068 
4203 1.503135 
4204 1.389612 
4205 1.573882 
4206 1.893610 
4207 1.934675 
4208 3.032372 
4209 1.971421 
4210 1.026985 
4211 -0.287634 
4212 -0.824331 
4213 -1.626969 
4214 -1.565748 
4215 -1.885336 
4216 0.859208 
4217 1.303098 
4218 1.812526 
4219 3.049268 
4220 2.548185 
4221 2.151000 
4222 1.382284 
4223 0.559515 
4224 -0.321302 
4225 -0.947937 
4226 -1.821517 
4227 -2.512408 
4228 -3.510522 
4229 -0.773357 
4230 -0.264773 
4231 0.392936 
4232 1.522747 
4233 2.333503 
4234 2.122382 
4235 0.824913 
4236 -0.172270 
4237 -0.680121 
4238 -1.965257 
4239 -2.586339 
4240 -2.024212 
4241 -2.006598 
4242 -0.960510 
4243 -1.053359 
4244 -3.210919 
4245 -0.863717 
4246 -0.147290 
4247 0.027362 
4248 -0.031756 
4249 -0.599876 
4250 -2.126487 
4251 -2.525857 
4252 -1.487320 
4253 -1.524654 
4254 -1.610345 
4255 -1.479595 
4256 -1.800089 
4257 -1.925374 
4258 -1.389093 
4259 -1.173116 
4260 -1.219049 
4261 -1.310567 
4262 -1.660794 
4263 -2.130410 
4264 -1.509122 
4265 -1.578918 
4266 -1.474616 
4267 -1.469281 
4268 -1.514649 
4269 -1.666982 
4270 -1.528944 
4271 -1.346489 
4272 -1.662865 
4273 -1.257339 
4274 -1.476869 
4275 -1.775453 
4276 -1.434220 
4277 -1.581797 
4278 -1.415303 
4279 -1.601680 
4280 -1.450130 
4281 -1.470409 
4282 -1.618929 
4283 -1.560563 
4284 -1.647556 
4285 -1.474453 
4286 -1.455228 
4287 -1.631158 
4288 -1.522977 
4289 -1.661268 
4290 -1.566074 
4291 -1.318863 
4292 -1.310071 
4293 -1.272398 
4294 -1.839280 
4295 -1.679187 
4296 -1.518700 
4297 -1.652920 
4298 -1.391301 
4299 -1.500463 
4300 -1.513102 
4301 -1.655122 
4302 -1.488995 
4303 -1.472561 
4304 -1.451563 
4305 -1.568353 
4306 -1.064253 
4307 -2.013783 
4308 -1.578692 
4309 -1.424541 
4310 -1.447425 
4311 -1.567070 
4312 -1.449675 
4313 -1.467395 
4314 -1.693182 
4315 -1.537926 
4316 -1.717233 
4317 -1.921981 
4318 -1.223598 
4319 -1.208103 
4320 1.600914 
4321 1.534741 
4322 1.609157 
4323 1.625115 
4324 2.579000 
4325 2.032449 
4326 1.472021 
4327 0.401215 
4328 -0.765041 
4329 -1.917861 
4330 -1.836175 
4331 -1.574055 
4332 -0.889505 
4333 1.881754 
4334 1.830494 
4335 1.841152 
4336 2.037144 
4337 1.952666 
4338 1.623002 
4339 1.328248 
4340 0.807035 
4341 -0.568462 
4342 -2.009553 
4343 -2.507205 
4344 -1.095931 
4345 -0.876233 
4346 2.192034 
4347 2.041587 
4348 1.518014 
4349 1.675707 
4350 1.760409 
4351 1.651152 
4352 3.053270 
4353 0.932321 
4354 -0.462154 
4355 -1.605715 
4356 -1.504914 
4357 -1.099572 
4358 -1.340111 
4359 2.225967 
4360 1.620963 
4361 1.549219 
4362 1.740831 
4363 1.772563 
4364 2.787465 
4365 2.128426 
4366 0.884117 
4367 -0.328953 
4368 -1.038710 
4369 -1.661767 
4370 -1.448021 
4371 -1.909773 
4372 1.487649 
4373 1.744703 
4374 1.780365 
4375 1.954933 
4376 2.426677 
4377 2.119834 
4378 1.458830 
4379 0.653292 
4380 -0.183423 
4381 -1.100387 
4382 -2.004504 
4383 -2.273698 
4384 -2.716054 
4385 0.598539 
4386 1.198119 
4387 1.733633 
4388 1.967138 
4389 2.346009 
4390 1.711943 
4391 1.248332 
4392 0.461328 
4393 -0.459981 
4394 -1.778320 
4395 -2.772866 
4396 -2.366366 
4397 -2.279803 
4398 -0.366039 
4399 -0.085673 
4400 1.074061 
4401 1.884926 
4402 2.608460 
4403 1.917644 
4404 0.733817 
4405 -0.137984 
4406 -1.521858 
4407 -2.826488 
4408 -1.481727 
4409 -1.724215 
4410 -1.759275 
4411 -1.035574 
4412 -2.872052 
4413 -1.484050 
4414 -0.397280 
4415 -0.311396 
4416 0.016624 
4417 -0.429078 
4418 -1.465840 
4419 -3.004276 
4420 -1.254675 
4421 -1.536082 
4422 -1.596865 
4423 -1.659633 
4424 -1.657369 
4425 -1.818860 
4426 -1.455139 
4427 -1.140384 
4428 -1.497732 
4429 -1.506473 
4430 -1.533834 
4431 -1.888270 
4432 -1.467888 
4433 -1.387535 
4434 -1.621497 
4435 -1.697597 
4436 -1.551484 
4437 -1.542637 
4438 -1.588473 
4439 -1.389625 
4440 -1.915352 
4441 -1.367525 
4442 -1.562351 
4443 -1.395699 
4444 -1.304132 
4445 -1.444502 
4446 -1.644268 
4447 -1.724897 
4448 -1.533065 
4449 -1.296937 
4450 -1.671748 
4451 -1.606705 
4452 -1.796443 
4453 -1.409549 
4454 -1.427890 
4455 -1.400566 
4456 -1.493666 
4457 -1.423639 
4458 -1.499041 
4459 -1.709285 
4460 -1.498667 
4461 -1.473304 
4462 -1.522040 
4463 -1.543866 
4464 -1.651523 
4465 -1.454261 
4466 -1.478983 
4467 -1.524776 
4468 -1.698294 
4469 -1.436728 
4470 -1.376902 
4471 -1.603382 
4472 -1.679776 
4473 -1.803867 
4474 -1.366255 
4475 -1.151606 
4476 -1.673036 
4477 -1.520828 
4478 -1.571142 
4479 -1.317405 
4480 -1.631021 
4481 -1.356818 
4482 -1.566618 
4483 -1.567876 
4484 -1.753946 
4485 -1.730847 
4486 -1.437957 
4487 -1.114429 
4488 -0.778160 
4489 1.802442 
4490 1.932005 
4491 1.793788 
4492 1.886746 
4493 1.962859 
4494 1.588346 
4495 1.291308 
4496 0.431537 
4497 -0.525661 
4498 -1.909773 
4499 -2.759767 
4500 -1.108575 
4501 -0.909902 
4502 2.075450 
4503 2.138870 
4504 1.667325 
4505 1.937274 
4506 1.516464 
4507 1.526819 
4508 2.496144 
4509 1.093909 
4510 -0.563713 
4511 -2.214236 
4512 -1.301620 
4513 -1.329063 
4514 -0.910879 
4515 2.548802 
4516 1.701734 
4517 1.587492 
4518 1.561932 
4519 1.614766 
4520 2.754899 
4521 2.154280 
4522 0.886018 
4523 -0.094334 
4524 -0.943496 
4525 -1.786891 
4526 -1.653630 
4527 -1.636976 
4528 1.583353 
4529 1.628513 
4530 1.610878 
4531 1.804206 
4532 2.215612 
4533 2.129685 
4534 1.581523 
4535 0.704854 
4536 0.049824 
4537 -0.807486 
4538 -2.324997 
4539 -2.169899 
4540 -1.584441 
4541 1.278436 
4542 1.554412 
4543 2.167761 
4544 1.787689 
4545 2.061496 
4546 1.645551 
4547 1.252078 
4548 0.879751 
4549 -0.156222 
4550 -1.714149 
4551 -2.904620 
4552 -2.223520 
4553 -2.226292 
4554 0.521212 
4555 0.931971 
4556 1.926531 
4557 1.831617 
4558 2.056823 
4559 1.824483 
4560 2.229256 
4561 0.639272 
4562 -0.590719 
4563 -2.512735 
4564 -1.553491 
4565 -1.843818 
4566 -2.049638 
4567 -0.292192 
4568 -0.155572 
4569 1.044767 
4570 1.832033 
4571 2.865127 
4572 2.337364 
4573 1.262153 
4574 0.079886 
4575 -2.050098 
4576 -0.981571 
4577 -1.221953 
4578 -1.733247 
4579 -2.010305 
4580 -2.443051 
4581 -1.959081 
4582 -0.774315 
4583 -0.559489 
4584 -0.901764 
4585 -0.185789 
4586 -0.723882 
4587 -2.969490 
4588 -0.953282 
4589 -1.517684 
4590 -1.717299 
4591 -2.028333 
4592 -2.051592 
4593 -1.350239 
4594 -1.375209 
4595 -1.338131 
4596 -2.053295 
4597 -1.409830 
4598 -1.492489 
4599 -1.391259 
4600 -1.109925 
4601 -1.299616 
4602 -1.774104 
4603 -2.032891 
4604 -1.727614 
4605 -1.497373 
4606 -1.439095 
4607 -1.423411 
4608 -1.627125 
4609 -1.681247 
4610 -1.539247 
4611 -1.293690 
4612 -1.316936 
4613 -1.388065 
4614 -1.600362 
4615 -1.853786 
4616 -1.551976 
4617 -1.584204 
4618 -1.525385 
4619 -1.484938 
4620 -1.619963 
4621 -1.481419 
4622 -1.512601 
4623 -1.423551 
4624 -1.455346 
4625 -1.496087 
4626 -1.488446 
4627 -1.569768 
4628 -1.459606 
4629 -1.486067 
4630 -1.659196 
4631 -1.516986 
4632 -1.581993 
4633 -1.505183 
4634 -1.449448 
4635 -1.615276 
4636 -1.636081 
4637 -1.485019 
4638 -1.581460 
4639 -1.435293 
4640 -1.501306 
4641 -1.471901 
4642 -1.661245 
4643 -1.414710 
4644 -1.055514 
4645 -1.558756 
4646 -1.633828 
4647 -1.719395 
4648 -1.600750 
4649 -1.446908 
4650 -1.396901 
4651 -1.681179 
4652 -1.609700 
4653 -1.498448 
4654 -1.579856 
4655 -1.439437 
4656 -1.056377 
4657 -0.978542 
4658 2.101046 
4659 2.014905 
4660 1.687936 
4661 1.656815 
4662 1.453990 
4663 1.693716 
4664 2.212648 
4665 0.744907 
4666 -1.061473 
4667 -2.343092 
4668 -1.578752 
4669 -1.101304 
4670 -1.007669 
4671 2.392202 
4672 1.732530 
4673 1.530879 
4674 1.720487 
4675 1.515165 
4676 2.855569 
4677 2.113748 
4678 0.841180 
4679 -0.122873 
4680 -1.289675 
4681 -1.944118 
4682 -1.535111 
4683 -1.440728 
4684 1.582814 
4685 1.665558 
4686 1.630235 
4687 1.624522 
4688 2.179370 
4689 2.010509 
4690 1.651132 
4691 1.123685 
4692 -0.102133 
4693 -1.170309 
4694 -2.306391 
4695 -1.976994 
4696 -1.106455 
4697 1.692573 
4698 1.664083 
4699 1.933754 
4700 1.742492 
4701 2.018502 
4702 1.560181 
4703 1.311433 
4704 1.405317 
4705 0.015802 
4706 -1.503718 
4707 -2.835377 
4708 -1.395577 
4709 -1.725026 
4710 1.605340 
4711 1.997118 
4712 1.623281 
4713 1.717002 
4714 1.684819 
4715 1.605551 
4716 3.197978 
4717 1.372129 
4718 0.147012 
4719 -1.214569 
4720 -1.480774 
4721 -1.716412 
4722 -2.120616 
4723 0.544827 
4724 1.338481 
4725 1.762807 
4726 2.055965 
4727 2.101195 
4728 3.022663 
4729 1.979396 
4730 0.856042 
4731 -0.154966 
4732 -0.685564 
4733 -1.406046 
4734 -1.551062 
4735 -2.088833 
4736 -0.999515 
4737 -0.257509 
4738 1.377896 
4739 2.906070 
4740 2.360741 
4741 2.366522 
4742 1.791767 
4743 0.687498 
4744 -0.576195 
4745 -1.275642 
4746 -1.919715 
4747 -2.168907 
4748 -2.698517 
4749 -1.416992 
4750 -0.927177 
4751 -0.728539 
4752 -2.897264 
4753 -0.281572 
4754 0.532530 
4755 -0.228440 
4756 -0.268104 
4757 -0.816741 
4758 -2.219122 
4759 -2.260074 
4760 -1.547378 
4761 -1.664816 
4762 -1.625958 
4763 -1.202842 
4764 -2.112497 
4765 -1.847384 
4766 -1.314952 
4767 -0.801931 
4768 -0.973641 
4769 -1.074923 
4770 -1.732708 
4771 -2.265186 
4772 -1.338813 
4773 -1.391367 
4774 -1.789947 
4775 -1.526375 
4776 -1.591189 
4777 -1.659606 
4778 -1.416207 
4779 -1.478749 
4780 -1.438820 
4781 -1.542312 
4782 -1.492028 
4783 -1.728906 
4784 -1.402414 
4785 -1.594163 
4786 -1.727329 
4787 -1.424860 
4788 -1.692843 
4789 -1.556366 
4790 -1.380735 
4791 -1.479185 
4792 -1.771070 
4793 -1.430351 
4794 -1.463304 
4795 -1.486716 
4796 -1.552600 
4797 -1.627704 
4798 -1.673089 
4799 -1.310443 
4800 -1.339869 
4801 -1.613272 
4802 -1.653068 
4803 -1.451877 
4804 -1.684276 
4805 -1.429882 
4806 -1.577359 
4807 -1.418831 
4808 -1.570602 
4809 -1.399133 
4810 -1.411281 
4811 -1.747276 
4812 -1.413499 
4813 -1.253915 
4814 -1.666745 
4815 -1.789473 
4816 -1.648239 
4817 -1.516028 
4818 -1.550398 
4819 -1.294892 
4820 -1.356421 
4821 -1.667082 
4822 -1.464624 
4823 -1.569382 
4824 -1.468573 
4825 -1.202228 
4826 -1.267369 
4827 2.271213 
4828 1.702574 
4829 1.699562 
4830 1.619846 
4831 1.599141 
4832 2.899328 
4833 1.979340 
4834 0.873018 
4835 -0.388294 
4836 -1.526494 
4837 -1.910012 
4838 -1.419169 
4839 -1.386062 
4840 1.697665 
4841 1.500752 
4842 1.608994 
4843 1.725268 
4844 2.063255 
4845 2.196096 
4846 1.487347 
4847 1.008606 
4848 -0.255617 
4849 -1.217536 
4850 -2.428321 
4851 -1.763408 
4852 -0.714509 
4853 1.834574 
4854 2.000220 
4855 1.796090 
4856 1.917148 
4857 1.551814 
4858 1.745577 
4859 1.447656 
4860 1.491985 
4861 0.229852 
4862 -1.361131 
4863 -2.751152 
4864 -1.130247 
4865 -1.044867 
4866 1.937530 
4867 2.159529 
4868 1.627807 
4869 1.647388 
4870 1.627172 
4871 1.717627 
4872 3.164161 
4873 1.617759 
4874 0.469559 
4875 -0.885559 
4876 -1.395665 
4877 -1.730168 
4878 -1.521001 
4879 1.662322 
4880 1.567967 
4881 1.741042 
4882 1.640171 
4883 1.736531 
4884 2.663129 
4885 2.126909 
4886 1.172091 
4887 0.199028 
4888 -0.558497 
4889 -1.428257 
4890 -1.624544 
4891 -2.291045 
4892 0.885996 
4893 1.383295 
4894 2.076058 
4895 2.530973 
4896 2.239500 
4897 2.287725 
4898 1.453291 
4899 0.826415 
4900 -0.144777 
4901 -0.843546 
4902 -1.966522 
4903 -2.425994 
4904 -3.460940 
4905 -0.789472 
4906 -0.239890 
4907 0.537601 
4908 1.898031 
4909 2.135998 
4910 2.103317 
4911 1.586272 
4912 0.158063 
4913 -0.780331 
4914 -1.922669 
4915 -2.520168 
4916 -1.847079 
4917 -2.239467 
4918 -1.072332 
4919 -0.807735 
4920 -2.952345 
4921 -1.103265 
4922 -0.265148 
4923 -0.001704 
4924 -0.084913 
4925 -0.736619 
4926 -1.857290 
4927 -2.655675 
4928 -1.490587 
4929 -1.399041 
4930 -1.623557 
4931 -1.535240 
4932 -2.127593 
4933 -1.635246 
4934 -1.254128 
4935 -0.983895 
4936 -1.209620 
4937 -1.130982 
4938 -1.684959 
4939 -2.162364 
4940 -1.401251 
4941 -1.548220 
4942 -1.524117 
4943 -1.502524 
4944 -1.357605 
4945 -1.661473 
4946 -1.567969 
4947 -1.407218 
4948 -1.661025 
4949 -1.536774 
4950 -1.481958 
4951 -1.624744 
4952 -1.434923 
4953 -1.579576 
4954 -1.424142 
4955 -1.639106 
4956 -1.233098 
4957 -1.633607 
4958 -1.542590 
4959 -1.643047 
4960 -1.490870 
4961 -1.585524 
4962 -1.480415 
4963 -1.514549 
4964 -1.621060 
4965 -1.513962 
4966 -1.572005 
4967 -1.374083 
4968 -1.247522 
4969 -1.233452 
4970 -1.926905 
4971 -1.678753 
4972 -1.548167 
4973 -1.604165 
4974 -1.308467 
4975 -1.672109 
4976 -1.592226 
4977 -1.448264 
4978 -1.523706 
4979 -1.577007 
4980 -1.475983 
4981 -1.429322 
4982 -1.311460 
4983 -1.846161 
4984 -1.672977 
4985 -1.579713 
4986 -1.341818 
4987 -1.437687 
4988 -1.384888 
4989 -1.600232 
4990 -1.476672 
4991 -1.627790 
4992 -1.674080 
4993 -1.634905 
4994 -1.521034 
4995 -1.260008 
4996 1.659468 
4997 1.645926 
4998 1.693833 
4999 1.495748 
5000 2.177197 
5001 2.081215 
5002 1.675389 
5003 1.054464 
5004 -0.225642 
5005 -1.363661 
5006 -1.973875 
5007 -1.915022 
5008 -0.450888 
5009 2.066475 
5010 1.895204 
5011 1.832006 
5012 1.795384 
5013 1.862131 
5014 1.661517 
5015 1.361633 
5016 2.052717 
5017 0.352030 
5018 -1.288681 
5019 -2.303089 
5020 -0.762527 
5021 -0.375491 
5022 2.392947 
5023 2.381504 
5024 1.692702 
5025 1.536878 
5026 1.673748 
5027 1.540025 
5028 3.062930 
5029 1.670676 
5030 0.643002 
5031 -0.772265 
5032 -0.989422 
5033 -0.862527 
5034 -0.891484 
5035 3.065074 
5036 1.764268 
5037 1.575839 
5038 1.619054 
5039 1.602874 
5040 2.573122 
5041 2.246124 
5042 1.230525 
5043 0.754065 
5044 -0.439280 
5045 -1.423888 
5046 -2.140215 
5047 -1.799366 
5048 1.492033 
5049 1.646270 
5050 1.788013 
5051 1.818201 
5052 1.998612 
5053 2.065071 
5054 1.663530 
5055 1.228208 
5056 0.370559 
5057 -0.600645 
5058 -2.153302 
5059 -2.288034 
5060 -1.696302 
5061 1.152801 
5062 1.841474 
5063 2.179707 
5064 1.944507 
5065 1.961757 
5066 1.888768 
5067 1.605446 
5068 1.432918 
5069 0.095465 
5070 -1.325680 
5071 -2.625040 
5072 -2.295647 
5073 -2.305805 
5074 0.007479 
5075 0.189778 
5076 1.492888 
5077 1.911779 
5078 2.118006 
5079 2.275045 
5080 2.123721 
5081 0.569341 
5082 -0.841447 
5083 -2.201163 
5084 -1.500806 
5085 -1.817522 
5086 -1.419291 
5087 -1.337954 
5088 -2.743623 
5089 -1.724684 
5090 0.218452 
5091 0.324786 
5092 0.706062 
5093 0.271553 
5094 -0.817086 
5095 -3.021172 
5096 -1.018084 
5097 -1.302309 
5098 -1.936426 
5099 -1.701436 
5100 -2.129307 
5101 -1.676950 
5102 -1.270227 
5103 -1.028740 
5104 -2.082676 
5105 -1.301073 
5106 -1.048156 
5107 -1.610636 
5108 -1.016574 
5109 -1.343273 
5110 -1.496560 
5111 -2.160218 
5112 -1.403254 
5113 -1.507404 
5114 -1.721150 
5115 -1.580801 
5116 -1.701725 
5117 -1.792751 
5118 -1.478397 
5119 -1.149125 
5120 -0.589537 
5121 -1.480805 
5122 -1.804430 
5123 -2.006625 
5124 -1.312127 
5125 -1.115075 
5126 -1.891829 
5127 -1.680276 
5128 -1.660847 
5129 -1.529118 
5130 -1.562080 
5131 -1.478235 
5132 -1.696380 
5133 -1.633379 
5134 -1.441596 
5135 -1.395812 
5136 -1.259638 
5137 -1.268189 
5138 -1.562083 
5139 -2.052966 
5140 -1.606245 
5141 -1.543767 
5142 -1.469035 
5143 -1.474453 
5144 -1.531357 
5145 -1.454981 
5146 -1.354002 
5147 -1.712010 
5148 -1.742652 
5149 -1.519933 
5150 -1.588480 
5151 -1.269970 
5152 -1.668535 
5153 -1.576536 
5154 -1.433850 
5155 -1.349556 
5156 -1.440753 
5157 -1.591959 
5158 -1.370696 
5159 -1.706153 
5160 -1.869510 
5161 -1.732171 
5162 -1.332128 
5163 -1.240893 
5164 -0.549990 
5165 1.992544 
5166 1.928138 
5167 1.615983 
5168 1.642735 
5169 1.603929 
5170 1.709087 
5171 1.684257 
5172 2.861797 
5173 1.977354 
5174 1.150719 
5175 1.042199 
5176 0.621145 
5177 0.548930 
5178 2.476229 
5179 2.414410 
5180 1.860840 
5181 1.559960 
5182 1.472049 
5183 1.611159 
5184 2.276257 
5185 2.190147 
5186 1.599615 
5187 1.320855 
5188 0.817634 
5189 0.901438 
5190 0.906262 
5191 3.698097 
5192 1.956207 
5193 1.545211 
5194 1.468120 
5195 1.626948 
5196 2.152193 
5197 1.795345 
5198 1.545779 
5199 1.414821 
5200 2.705875 
5201 1.851348 
5202 1.766105 
5203 1.534731 
5204 1.813650 
5205 1.632582 
5206 1.594507 
5207 1.483101 
5208 1.644074 
5209 1.727236 
5210 1.591014 
5211 1.584675 
5212 2.852468 
5213 1.796012 
5214 1.447803 
5215 1.324983 
5216 0.695700 
5217 1.838966 
5218 2.095840 
5219 2.049011 
5220 1.462212 
5221 1.591191 
5222 1.606686 
5223 1.798174 
5224 2.432551 
5225 2.119714 
5226 1.593351 
5227 1.306007 
5228 1.160420 
5229 0.755760 
5230 2.218046 
5231 2.756504 
5232 1.338472 
5233 1.629623 
5234 1.840769 
5235 1.823224 
5236 2.300643 
5237 2.008065 
5238 1.579757 
5239 1.334599 
5240 2.701065 
5241 1.987509 
5242 1.353828 
5243 0.621133 
5244 0.964845 
5245 1.327004 
5246 2.059205 
5247 2.466155 
5248 2.165617 
5249 1.918740 
5250 1.477860 
5251 1.287156 
5252 2.115621 
5253 2.188879 
5254 1.840943 
5255 1.774565 
5256 -2.582691 
5257 -0.965383 
5258 0.228119 
5259 1.894937 
5260 1.794773 
5261 1.848065 
5262 2.067744 
5263 1.879704 
5264 2.015150 
5265 2.251411 
5266 2.133166 
5267 1.645252 
5268 0.768397 
5269 -2.441297 
5270 -1.837883 
5271 -0.987807 
5272 -0.917966 
5273 1.123947 
5274 2.091527 
5275 2.439963 
5276 2.321482 
5277 1.872730 
5278 2.008158 
5279 1.870906 
5280 0.347767 
5281 0.234888 
5282 -2.413627 
5283 -2.225060 
5284 -2.972174 
5285 -1.525630 
5286 -0.465112 
5287 -0.232610 
5288 -0.421435 
5289 1.660241 
5290 2.543082 
5291 1.891278 
5292 0.807214 
5293 0.194609 
5294 -0.255364 
5295 -3.706307 
5296 -2.055087 
5297 -1.703511 
5298 -1.215436 
5299 -1.265435 
5300 -3.030326 
5301 -1.397074 
5302 -0.015466 
5303 0.320008 
5304 0.349550 
5305 0.653462 
5306 -0.242682 
5307 -2.989499 
5308 -1.783072 
5309 -1.609986 
5310 -1.287008 
5311 -1.277577 
5312 -2.149187 
5313 -1.753217 
5314 -1.472871 
5315 -0.842299 
5316 -3.019593 
5317 -0.644500 
5318 0.108942 
5319 -0.249876 
5320 -0.049142 
5321 -1.992963 
5322 -1.819006 
5323 -1.506605 
5324 -1.523220 
5325 -1.505419 
5326 -1.559749 
5327 -1.611365 
5328 -2.817904 
5329 -1.752222 
5330 -0.490285 
5331 0.153908 
5332 0.016207 
5333 0.076419 
5334 2.505484 
5335 2.343942 
5336 1.781179 
5337 1.531858 
5338 1.630824 
5339 1.702735 
5340 2.060670 
5341 2.061826 
5342 1.607239 
5343 1.365246 
5344 1.498451 
5345 1.271837 
5346 0.969479 
5347 2.919815 
5348 1.818260 
5349 1.785054 
5350 1.558221 
5351 1.511073 
5352 1.840237 
5353 2.021649 
5354 1.511488 
5355 1.551687 
5356 2.047541 
5357 2.070316 
5358 1.781148 
5359 1.500660 
5360 1.814426 
5361 1.821345 
5362 1.589171 
5363 1.530005 
5364 1.763502 
5365 1.686091 
5366 1.737962 
5367 1.598431 
5368 1.843491 
5369 2.030584 
5370 1.734380 
5371 1.802693 
5372 1.275761 
5373 1.769690 
5374 1.901315 
5375 1.876901 
5376 1.689632 
5377 1.609787 
5378 1.671770 
5379 1.679341 
5380 1.789364 
5381 1.848185 
5382 1.648303 
5383 1.700290 
5384 1.817497 
5385 1.255279 
5386 1.685560 
5387 2.092394 
5388 1.679544 
5389 1.627666 
5390 1.635499 
5391 1.732058 
5392 1.713234 
5393 1.737606 
5394 1.719557 
5395 1.653849 
5396 2.159446 
5397 2.034828 
5398 1.554550 
5399 1.472251 
5400 1.449230 
5401 1.700532 
5402 1.790433 
5403 1.749171 
5404 1.799607 
5405 1.612576 
5406 1.795405 
5407 1.555509 
5408 1.709832 
5409 2.064500 
5410 1.892835 
5411 1.694689 
5412 0.675977 
5413 1.408597 
5414 1.873255 
5415 2.649956 
5416 1.570173 
5417 1.932091 
5418 1.612509 
5419 1.593983 
5420 1.929994 
5421 1.766744 
5422 1.806332 
5423 1.760796 
5424 3.153241 
5425 -0.808773 
5426 0.055820 
5427 1.371894 
5428 1.432128 
5429 1.790096 
5430 1.910645 
5431 2.019291 
5432 1.977021 
5433 1.863815 
5434 1.753287 
5435 1.725813 
5436 2.192161 
5437 2.052493 
5438 -1.532801 
5439 -1.387303 
5440 -0.301317 
5441 0.459348 
5442 1.876415 
5443 3.101340 
5444 1.873025 
5445 1.957879 
5446 1.849284 
5447 1.643791 
5448 2.035650 
5449 1.658016 
5450 1.569095 
5451 -1.936848 
5452 -2.697934 
5453 -1.954972 
5454 -0.692573 
5455 0.314197 
5456 1.067803 
5457 1.397959 
5458 2.020479 
5459 2.482608 
5460 2.446513 
5461 1.896125 
5462 1.704637 
5463 1.545001 
5464 -1.809890 
5465 -1.865826 
5466 -1.563015 
5467 -1.083544 
5468 -1.719425 
5469 -0.568622 
5470 1.020517 
5471 2.886216 
5472 2.012644 
5473 2.125687 
5474 2.042649 
5475 1.574324 
5476 0.637757 
5477 -1.856746 
5478 -1.775637 
5479 -1.756389 
5480 -2.387321 
5481 -2.064624 
5482 -1.138729 
5483 -0.215906 
5484 0.988660 
5485 1.337230 
5486 2.199889 
5487 2.508309 
5488 1.072086 
5489 0.902860 
5490 -2.053117 
5491 -2.099279 
5492 -1.685111 
5493 -1.481872 
5494 -1.562475 
5495 -1.487085 
5496 -2.890876 
5497 -0.801055 
5498 0.829909 
5499 1.630152 
5500 1.335609 
5501 1.414576 
5502 0.917612 
5503 3.197388 
5504 1.692902 
5505 1.652206 
5506 1.682076 
5507 1.604870 
5508 1.726965 
5509 1.649381 
5510 1.626135 
5511 1.627913 
5512 1.619422 
5513 1.600481 
5514 1.750446 
5515 1.690473 
5516 1.634057 
5517 1.633924 
5518 1.702047 
5519 1.676772 
5520 1.698288 
5521 1.611848 
5522 1.665954 
5523 1.788290 
5524 1.686023 
5525 1.692069 
5526 1.723706 
5527 1.523525 
5528 1.386788 
5529 1.683361 
5530 1.587992 
5531 2.053846 
5532 1.681423 
5533 1.717578 
5534 1.782413 
5535 1.559451 
5536 1.711950 
5537 1.648204 
5538 1.595642 
5539 1.658391 
5540 1.666311 
5541 1.631724 
5542 1.656278 
5543 1.857895 
5544 1.606869 
5545 1.618415 
5546 1.862187 
5547 1.671854 
5548 1.567923 
5549 1.807941 
5550 1.777327 
5551 1.601236 
5552 1.741527 
5553 1.682677 
5554 1.543395 
5555 1.829707 
5556 1.598014 
5557 1.660637 
5558 1.839907 
5559 1.596965 
5560 1.710059 
5561 1.816739 
5562 1.641420 
5563 1.642224 
5564 1.644918 
5565 1.590152 
5566 1.678450 
5567 1.733603 
5568 1.811589 
5569 1.641202 
5570 1.589478 
5571 1.595246 
5572 1.669591 
5573 1.571747 
5574 1.686494 
5575 1.788685 
5576 1.600597 
5577 1.748313 
5578 1.656393 
5579 1.620574 
5580 1.817513 
5581 1.522044 
5582 1.601914 
5583 1.851419 
5584 1.530792 
5585 1.641320 
5586 1.686229 
5587 1.727488 
5588 1.610233 
5589 1.841504 
5590 1.635192 
5591 1.619118 
5592 1.768405 
5593 1.544235 
5594 1.612234 
5595 1.820215 
5596 1.669661 
5597 1.606309 
5598 1.699950 
5599 1.766175 
5600 1.729735 
5601 1.684788 
5602 1.555831 
5603 1.622318 
5604 1.685364 
5605 1.767350 
5606 1.591640 
5607 1.686110 
5608 1.836554 
5609 1.570305 
5610 1.664248 
5611 1.632556 
5612 1.687347 
5613 1.588972 
5614 1.803329 
5615 1.613487 
5616 1.589075 
5617 1.706968 
5618 1.678849 
5619 1.697913 
5620 1.713845 
5621 1.621258 
5622 1.699918 
5623 1.663697 
5624 1.624592 
5625 1.626440 
5626 1.770873 
5627 1.573313 
5628 1.623719 
5629 1.853442 
5630 1.557400 
5631 1.702906 
5632 1.787047 
5633 1.611189 
5634 1.691448 
5635 1.710181 
5636 1.729655 
5637 1.723274 
5638 1.541174 
5639 1.596196 
5640 1.679286 
5641 1.677536 
5642 1.730827 
5643 1.637086 
5644 1.648172 
5645 1.804075 
5646 1.603426 
5647 1.541324 
5648 1.674353 
5649 1.557291 
5650 1.659690 
5651 1.718540 
5652 1.566273 
5653 1.541220 
5654 1.824423 
5655 1.755728 
5656 1.583572 
5657 1.804221 
5658 1.650937 
5659 1.615141 
5660 1.819091 
5661 1.673902 
5662 1.595227 
5663 1.621359 
5664 1.615470 
5665 1.557773 
5666 1.884329 
5667 1.595525 
5668 1.635937 
5669 1.746032 
5670 1.587402 
5671 1.747914 
5672 1.792377 
5673 1.607376 
5674 1.634129 
5675 1.590748 
5676 2.252871 
5677 1.337658 
5678 1.276070 
5679 1.872810 
5680 1.490364 
5681 1.464885 
5682 1.838878 
5683 1.961410 
5684 1.497535 
5685 1.899791 
5686 1.597981 
5687 1.623527 
5688 1.778476 
5689 1.583763 
5690 1.597395 
5691 1.719026 
5692 1.589129 
5693 1.537999 
5694 1.709575 
5695 1.743667 
5696 1.660251 
5697 1.713438 
5698 1.700532 
5699 1.689448 
5700 1.712453 
5701 1.786966 
5702 1.615545 
5703 1.763480 
5704 1.744806 
5705 1.693320 
5706 1.780549 
5707 1.651117 
5708 1.806840 
5709 1.742977 
5710 1.647999 
5711 1.833946 
5712 2.480581 
5713 2.472359 
5714 0.348162 
5715 0.469207 
5716 1.291864 
5717 1.322049 
5718 1.527636 
5719 2.701398 
5720 1.615794 
5721 1.617690 
5722 1.780526 
5723 1.924491 
5724 1.606304 
5725 1.814369 
5726 1.734956 
5727 1.568399 
5728 1.805971 
5729 1.676379 
5730 1.514594 
5731 1.769583 
5732 1.716914 
5733 1.673233 
5734 1.794418 
5735 1.611307 
5736 1.695836 
5737 1.793812 
5738 1.613108 
5739 1.664708 
5740 1.616954 
5741 1.937567 
5742 1.686161 
5743 1.718303 
5744 1.714716 
5745 1.789455 
5746 1.945523 
5747 1.707901 
5748 1.602478 
5749 2.102232 
5750 2.034503 
5751 -0.561165 
5752 -2.886755 
5753 0.288205 
5754 0.070934 
5755 -0.160224 
5756 1.319140 
5757 0.983879 
5758 1.189474 
5759 3.044167 
5760 1.466880 
5761 1.499003 
5762 2.065121 
5763 2.038731 
5764 1.587547 
5765 1.867165 
5766 1.638203 
5767 1.692463 
5768 2.019757 
5769 1.544026 
5770 1.594914 
5771 1.794069 
5772 1.628310 
5773 1.799051 
5774 1.593634 
5775 1.666087 
5776 1.819501 
5777 1.701862 
5778 1.725294 
5779 1.476801 
5780 1.702150 
5781 2.095660 
5782 2.048836 
5783 1.605440 
5784 1.680560 
5785 1.497995 
5786 1.930695 
5787 1.892728 
5788 -1.820165 
5789 -1.876417 
5790 -1.511468 
5791 -1.397182 
5792 -2.861827 
5793 -0.822435 
5794 -0.889002 
5795 -0.620407 
5796 0.727168 
5797 0.794116 
5798 0.702210 
5799 3.261099 
5800 1.438851 
5801 1.350732 
5802 2.345458 
5803 2.022958 
5804 1.638608 
5805 1.952653 
5806 1.627599 
5807 1.752131 
5808 1.844277 
5809 1.748790 
5810 1.714750 
5811 1.711015 
5812 1.787744 
5813 1.679906 
5814 1.573918 
5815 1.882750 
5816 2.038020 
5817 1.650568 
5818 1.757032 
5819 1.698688 
5820 1.467828 
5821 1.689492 
5822 1.818926 
5823 2.350205 
5824 2.037091 
5825 -1.516931 
5826 -1.345607 
5827 -1.642603 
5828 -1.917391 
5829 -2.048235 
5830 -1.322881 
5831 -1.370074 
5832 -2.640630 
5833 -1.068647 
5834 -1.339600 
5835 -1.098750 
5836 0.257336 
5837 -0.057380 
5838 0.065779 
5839 3.405340 
5840 1.328408 
5841 1.326676 
5842 2.122866 
5843 2.349186 
5844 1.616966 
5845 1.925809 
5846 1.839358 
5847 1.831575 
5848 1.814496 
5849 1.745493 
5850 1.807464 
5851 1.700036 
5852 1.957377 
5853 1.816976 
5854 1.519826 
5855 1.757468 
5856 2.341639 
5857 1.463081 
5858 1.798259 
5859 1.850357 
5860 1.818024 
5861 1.828220 
5862 -1.467985 
5863 -1.413517 
5864 -1.679745 
5865 -1.527452 
5866 -1.637099 
5867 -1.575048 
5868 -1.762324 
5869 -1.599392 
5870 -1.605466 
5871 -1.478473 
5872 -2.472958 
5873 -1.222779 
5874 -1.422361 
5875 -1.212120 
5876 -0.616051 
5877 -0.774712 
5878 -0.377867 
5879 3.070578 
5880 1.051089 
5881 0.992160 
5882 2.585409 
5883 2.288536 
5884 1.669646 
5885 1.902913 
5886 1.697501 
5887 1.988926 
5888 1.911859 
5889 1.830372 
5890 2.034871 
5891 1.660220 
5892 2.000428 
5893 2.075594 
5894 1.439447 
5895 1.685650 
5896 1.496022 
5897 1.866827 
5898 1.703209 
5899 -1.492605 
5900 -1.376442 
5901 -1.836204 
5902 -1.556240 
5903 -1.389923 
5904 -1.620454 
5905 -1.686101 
5906 -1.406410 
5907 -1.598813 
5908 -1.869787 
5909 -1.605253 
5910 -1.472948 
5911 -1.342051 
5912 -2.268761 
5913 -1.225723 
5914 -1.377178 
5915 -1.229741 
5916 -0.660410 
5917 -0.182935 
5918 -0.210696 
5919 3.146369 
5920 1.043701 
5921 1.333096 
5922 2.396974 
5923 2.281928 
5924 1.611921 
5925 1.903906 
5926 1.724782 
5927 1.828085 
5928 1.772169 
5929 1.907498 
5930 1.904993 
5931 1.687245 
5932 1.711307 
5933 1.821071 
5934 1.633205 
5935 1.817961 
5936 -1.182741 
5937 -1.524449 
5938 -1.653251 
5939 -1.683097 
5940 -1.763318 
5941 -1.405053 
5942 -1.352239 
5943 -1.511089 
5944 -1.678707 
5945 -1.862732 
5946 -1.244884 
5947 -1.423581 
5948 -2.153900 
5949 -2.036765 
5950 0.887976 
5951 0.758661 
5952 1.336262 
5953 1.336773 
5954 2.205758 
5955 2.019941 
5956 1.660655 
5957 1.513089 
5958 1.691848 
5959 1.844840 
5960 2.396653 
5961 2.544803 
