2314 1
0 -2.722545 
1 -0.783253 
2 1.713269 
3 1.588278 
4 1.745286 
5 1.845927 
6 -1.465502 
7 1.318982 
8 2.074311 
9 1.164696 
10 1.376293 
11 1.045576 
12 1.005605 
13 1.574472 
14 1.711629 
15 1.269702 
16 0.487353 
17 -2.749966 
18 1.384079 
19 1.412868 
20 1.536287 
21 1.963546 
22 -0.941911 
23 1.531729 
24 1.291623 
25 1.082129 
26 1.901668 
27 1.160751 
28 0.655307 
29 -2.440602 
30 -2.336382 
31 0.647007 
32 1.693859 
33 1.304741 
34 1.799293 
35 -1.406575 
36 1.350761 
37 1.053182 
38 -2.323421 
39 1.437201 
40 1.404440 
41 0.776499 
42 -2.638287 
43 1.349112 
44 1.748081 
45 -2.074627 
46 -0.829353 
47 1.957752 
48 1.340122 
49 1.285565 
50 1.217304 
51 1.627594 
52 -2.175127 
53 1.159754 
54 -1.831639 
55 1.677396 
56 1.392707 
57 -2.118080 
58 1.674637 
59 0.857265 
60 1.363351 
61 1.134928 
62 1.686519 
63 1.443166 
64 1.769190 
65 1.662156 
66 0.958082 
67 -1.986915 
68 1.252832 
69 -2.104244 
70 0.988780 
71 1.756626 
72 1.837348 
73 1.475992 
74 1.757940 
75 -0.751934 
76 1.844009 
77 -0.938836 
78 1.792783 
79 1.619305 
80 0.764091 
81 -1.480045 
82 1.714405 
83 2.191953 
84 1.832379 
85 1.192921 
86 1.513796 
87 0.967620 
88 0.957613 
89 1.568396 
90 1.665530 
91 1.198700 
92 1.098561 
93 1.543219 
94 1.131359 
95 1.484657 
96 -2.542395 
97 0.800711 
98 -2.410413 
99 0.891851 
100 1.739359 
101 1.074266 
102 1.135066 
103 1.595009 
104 1.959158 
105 0.459451 
106 1.234048 
107 -2.142288 
108 1.839960 
109 1.207036 
110 1.001754 
111 1.427644 
112 1.520859 
113 1.756385 
114 -1.373933 
115 1.366680 
116 1.543810 
117 -0.665879 
118 1.684105 
119 2.070226 
120 -1.706247 
121 1.482854 
122 -1.424694 
123 2.021175 
124 0.625049 
125 2.299737 
126 1.208719 
127 -1.975183 
128 -1.799586 
129 1.574393 
130 0.971629 
131 1.006859 
132 1.731127 
133 1.515263 
134 1.049697 
135 1.028616 
136 1.027638 
137 1.250124 
138 1.872065 
139 1.459268 
140 0.985773 
141 1.733433 
142 1.965180 
143 -1.564531 
144 -1.810125 
145 1.140852 
146 1.725595 
147 1.567025 
148 2.094716 
149 -1.139001 
150 -1.200780 
151 2.014674 
152 -0.944201 
153 1.259382 
154 1.677281 
155 2.025750 
156 1.665582 
157 -2.045018 
158 1.434029 
159 1.309304 
160 1.591187 
161 1.789941 
162 0.933971 
163 -1.812135 
164 -0.381640 
165 1.160372 
166 -3.676540 
167 -1.194308 
168 1.556935 
169 1.527867 
170 -1.654330 
171 0.827074 
172 1.440145 
173 1.666528 
174 0.640823 
175 1.832622 
176 1.060195 
177 -1.962021 
178 -1.674569 
179 1.886531 
180 1.057390 
181 -1.303910 
182 1.219068 
183 2.154128 
184 -1.428168 
185 1.354214 
186 1.522303 
187 1.899754 
188 0.792950 
189 2.384751 
190 1.259985 
191 1.265704 
192 1.562761 
193 1.904541 
194 -1.377938 
195 1.276058 
196 2.027021 
197 -1.473322 
198 1.734469 
199 0.829280 
200 1.622558 
201 1.087366 
202 2.147784 
203 0.942618 
204 -1.854866 
205 1.150003 
206 1.147706 
207 1.139516 
208 1.598062 
209 1.213799 
210 1.299131 
211 1.346002 
212 1.371473 
213 1.120925 
214 1.855432 
215 1.350583 
216 1.790571 
217 -2.071750 
218 -1.478292 
219 1.608619 
220 1.907530 
221 -0.924725 
222 1.415628 
223 1.653227 
224 1.214229 
225 1.501121 
226 1.584969 
227 1.123579 
228 -1.750757 
229 1.755304 
230 -1.716402 
231 1.483085 
232 1.237478 
233 1.272245 
234 1.053248 
235 2.187655 
236 2.219190 
237 0.772564 
238 1.124693 
239 1.049941 
240 1.378462 
241 1.411627 
242 -1.563775 
243 1.962841 
244 1.217874 
245 0.587017 
246 1.751259 
247 1.905625 
248 1.802248 
249 1.542399 
250 0.973945 
251 1.150879 
252 1.694887 
253 1.076206 
254 0.676781 
255 1.962644 
256 1.254830 
257 0.827987 
258 1.764310 
259 1.669376 
260 1.150118 
261 -1.451755 
262 1.482212 
263 1.608865 
264 1.659816 
265 1.195060 
266 -2.669156 
267 0.924492 
268 1.721634 
269 1.465119 
270 1.819545 
271 -0.968442 
272 1.006774 
273 1.309775 
274 1.456008 
275 1.684758 
276 1.388943 
277 -1.581349 
278 0.889043 
279 2.028275 
280 1.365842 
281 1.137177 
282 1.123269 
283 1.761415 
284 0.779291 
285 0.689526 
286 1.274111 
287 -2.641499 
288 1.374746 
289 0.636685 
290 1.762801 
291 1.409418 
292 -1.246460 
293 2.042618 
294 2.090781 
295 0.578942 
296 1.476336 
297 -2.403622 
298 1.064699 
299 0.901114 
300 1.696673 
301 2.025450 
302 -0.662487 
303 1.668404 
304 1.665439 
305 1.699451 
306 0.937133 
307 -1.697592 
308 1.297053 
309 -1.828467 
310 1.607202 
311 1.255646 
312 0.750637 
313 1.284149 
314 1.158697 
315 2.413721 
316 1.712434 
317 0.702379 
318 0.486188 
319 2.331911 
320 1.734419 
321 1.467012 
322 1.076729 
323 1.025890 
324 -1.860156 
325 1.626844 
326 1.889257 
327 0.955304 
328 -2.758319 
329 0.445744 
330 1.689644 
331 0.969086 
332 2.015611 
333 -1.082380 
334 1.033211 
335 2.036544 
336 -1.812744 
337 -2.218270 
338 1.432110 
339 -1.577582 
340 -1.776729 
341 1.765006 
342 1.378319 
343 1.220426 
344 1.589621 
345 1.858436 
346 1.542132 
347 0.412714 
348 1.646887 
349 -2.062685 
350 1.654501 
351 0.898962 
352 1.506415 
353 0.718872 
354 1.639279 
355 1.403139 
356 0.965270 
357 -1.786171 
358 1.964405 
359 1.422574 
360 1.338273 
361 1.677380 
362 0.577016 
363 1.837225 
364 0.703530 
365 1.331366 
366 0.917474 
367 -2.918758 
368 2.165022 
369 1.006217 
370 1.420581 
371 -1.517994 
372 0.541616 
373 2.327132 
374 1.472870 
375 1.199737 
376 1.477123 
377 -1.647040 
378 -2.000482 
379 1.773211 
380 1.680222 
381 1.032748 
382 1.321236 
383 1.495273 
384 -1.671420 
385 2.008066 
386 1.451629 
387 0.925558 
388 1.313044 
389 1.338500 
390 1.244720 
391 1.416308 
392 1.195960 
393 -2.330662 
394 -1.847862 
395 1.815696 
396 1.143516 
397 1.543720 
398 -1.758623 
399 1.739852 
400 -1.939881 
401 1.366435 
402 -1.903779 
403 1.537441 
404 1.223225 
405 1.875094 
406 1.819085 
407 0.459666 
408 0.920667 
409 1.417885 
410 1.705171 
411 1.399285 
412 1.699185 
413 1.753822 
414 0.979203 
415 1.030403 
416 1.586747 
417 1.575793 
418 1.157158 
419 1.147051 
420 -2.033672 
421 1.463832 
422 1.171361 
423 1.541652 
424 -1.214690 
425 1.858986 
426 1.384971 
427 1.591508 
428 -1.584754 
429 2.054916 
430 0.893428 
431 1.867789 
432 1.793621 
433 0.921934 
434 0.881627 
435 1.798251 
436 -1.438668 
437 1.962998 
438 1.442408 
439 1.628912 
440 1.564008 
441 1.310557 
442 0.871188 
443 1.863470 
444 0.874769 
445 1.290870 
446 1.792750 
447 1.726571 
448 -2.573192 
449 1.330638 
450 0.969886 
451 -1.811794 
452 0.984129 
453 1.970357 
454 1.705934 
455 0.934825 
456 2.058631 
457 -1.510186 
458 1.342333 
459 1.183238 
460 0.896422 
461 1.598787 
462 1.775383 
463 1.268936 
464 -2.032837 
465 0.880472 
466 1.619883 
467 0.940578 
468 1.308946 
469 1.644049 
470 1.016969 
471 1.411435 
472 1.716001 
473 1.107736 
474 -2.015459 
475 1.588898 
476 1.755114 
477 1.889350 
478 0.651653 
479 1.140667 
480 1.290895 
481 1.145488 
482 1.853448 
483 -1.944616 
484 1.163824 
485 -2.360252 
486 -1.733242 
487 1.613676 
488 -1.237659 
489 -1.962729 
490 2.256760 
491 1.540056 
492 1.290826 
493 1.203061 
494 2.103332 
495 -1.839659 
496 1.553653 
497 1.899455 
498 0.714575 
499 1.387455 
500 1.296995 
501 1.373983 
502 0.708844 
503 2.000370 
504 2.072414 
505 1.064284 
506 1.818801 
507 -1.231433 
508 -3.246843 
509 1.424547 
510 1.049418 
511 0.482865 
512 1.404055 
513 1.665450 
514 1.038029 
515 1.650766 
516 0.858634 
517 2.166677 
518 0.849062 
519 1.795531 
520 0.793877 
521 1.492975 
522 2.080300 
523 1.403039 
524 1.432204 
525 1.781195 
526 -0.118035 
527 1.873486 
528 0.947122 
529 1.466119 
530 1.307614 
531 1.643539 
532 0.642985 
533 1.879617 
534 2.001118 
535 0.904139 
536 1.060315 
537 1.384740 
538 0.883111 
539 2.016891 
540 1.723805 
541 -0.954937 
542 1.436387 
543 1.882971 
544 1.254114 
545 1.942657 
546 0.883806 
547 1.519290 
548 1.023447 
549 0.963889 
550 2.468199 
551 1.138227 
552 -1.485164 
553 2.094844 
554 1.277192 
555 1.593094 
556 1.462371 
557 1.597038 
558 1.233517 
559 1.003283 
560 -1.996126 
561 -1.595742 
562 1.453397 
563 1.797274 
564 0.581851 
565 1.278206 
566 1.781724 
567 1.778083 
568 1.763708 
569 0.882303 
570 1.564254 
571 1.253400 
572 1.835567 
573 -1.745578 
574 -1.630520 
575 1.646648 
576 1.715921 
577 0.426344 
578 0.616367 
579 2.670224 
580 1.881945 
581 1.501524 
582 -1.884746 
583 -2.130221 
584 1.792156 
585 1.099336 
586 1.009588 
587 1.811813 
588 1.388905 
589 1.241480 
590 1.167045 
591 1.855201 
592 1.167687 
593 1.682292 
594 1.608258 
595 -1.885334 
596 0.956613 
597 2.293056 
598 -0.939064 
599 1.981101 
600 -1.682003 
601 1.751677 
602 1.448105 
603 1.256631 
604 0.811961 
605 1.764069 
606 0.881270 
607 2.024393 
608 0.692221 
609 1.399758 
610 1.323479 
611 1.966796 
612 -2.050345 
613 1.334570 
614 0.836291 
615 1.660711 
616 1.011300 
617 1.937040 
618 -1.594144 
619 1.730315 
620 1.378338 
621 -1.499121 
622 -1.803330 
623 2.339253 
624 2.453967 
625 -1.428573 
626 -1.958516 
627 -2.484366 
628 -0.471593 
629 2.306328 
630 1.436859 
631 1.910495 
632 0.869382 
633 1.776931 
634 -1.431898 
635 1.955063 
636 1.608042 
637 0.926315 
638 1.363706 
639 1.542314 
640 1.950097 
641 1.540302 
642 1.287642 
643 0.787333 
644 1.486054 
645 1.579463 
646 -1.754673 
647 1.317890 
648 1.387717 
649 1.268795 
650 -1.446046 
651 2.174040 
652 2.115715 
653 -1.310473 
654 1.608252 
655 1.171868 
656 1.322815 
657 -2.411832 
658 0.985865 
659 1.436634 
660 1.048345 
661 1.034279 
662 1.720516 
663 1.702527 
664 -1.649795 
665 1.715052 
666 1.376772 
667 1.226974 
668 1.567185 
669 1.537328 
670 1.551045 
671 -1.519913 
672 1.513906 
673 1.541945 
674 1.336493 
675 1.111738 
676 1.948201 
677 1.676173 
678 -1.720069 
679 0.817857 
680 -2.354388 
681 2.054572 
682 0.802487 
683 1.083125 
684 1.917562 
685 2.060932 
686 0.399981 
687 0.966625 
688 1.741179 
689 1.790982 
690 1.722974 
691 0.832527 
692 0.205031 
693 0.830193 
694 1.918288 
695 2.405759 
696 -1.012310 
697 -2.398914 
698 1.117372 
699 1.182639 
700 -1.078915 
701 2.090193 
702 1.934541 
703 1.174607 
704 0.630940 
705 1.625282 
706 1.090810 
707 1.953074 
708 1.474832 
709 1.056559 
710 1.119509 
711 1.646733 
712 2.468962 
713 -1.558684 
714 0.733689 
715 1.810158 
716 1.585124 
717 -1.442846 
718 0.235402 
719 2.419936 
720 2.137836 
721 0.754168 
722 0.725720 
723 1.559848 
724 1.044241 
725 3.268547 
726 0.733843 
727 -1.140178 
728 0.513505 
729 1.632916 
730 1.528000 
731 1.823688 
732 1.649219 
733 1.183691 
734 1.367584 
735 1.392475 
736 0.901751 
737 1.804974 
738 1.818926 
739 0.941455 
740 -2.267890 
741 1.331659 
742 1.483642 
743 1.581325 
744 1.458824 
745 -1.435715 
746 1.650083 
747 1.795789 
748 1.357201 
749 -1.518940 
750 1.878574 
751 1.413630 
752 0.881195 
753 1.587334 
754 1.375475 
755 1.769388 
756 1.732636 
757 -2.082025 
758 0.888319 
759 1.777167 
760 1.656370 
761 1.188830 
762 1.427119 
763 1.519875 
764 1.552679 
765 1.539465 
766 0.906839 
767 1.583585 
768 1.344505 
769 1.225914 
770 1.292224 
771 -2.131137 
772 1.433221 
773 1.726040 
774 1.520772 
775 0.523970 
776 1.649330 
777 0.381419 
778 1.734143 
779 1.674739 
780 1.338270 
781 0.866285 
782 1.997102 
783 -2.257977 
784 1.755228 
785 1.468033 
786 1.119053 
787 1.241499 
788 0.943814 
789 -2.475072 
790 -1.390916 
791 1.658680 
792 2.062728 
793 2.190099 
794 0.801385 
795 -1.669065 
796 1.912302 
797 0.765501 
798 1.421238 
799 -1.797819 
800 2.010410 
801 1.632008 
802 0.923441 
803 1.150353 
804 1.686702 
805 2.301709 
806 -1.081978 
807 1.061742 
808 1.200741 
809 1.954716 
810 1.320712 
811 0.934026 
812 1.548440 
813 0.882569 
814 1.102317 
815 1.924853 
816 1.022186 
817 -1.638377 
818 1.353673 
819 2.019232 
820 1.327842 
821 0.826669 
822 1.794983 
823 1.419981 
824 1.164409 
825 1.721119 
826 1.455369 
827 1.329616 
828 -1.744091 
829 1.549013 
830 1.143937 
831 2.040570 
832 1.520825 
833 0.990136 
834 -1.983657 
835 1.983207 
836 1.312996 
837 1.635242 
838 -1.234471 
839 1.898209 
840 2.033350 
841 1.610336 
842 -0.977929 
843 1.718571 
844 -1.334226 
845 1.345865 
846 1.687015 
847 1.891456 
848 1.684500 
849 1.576572 
850 1.474003 
851 -2.001471 
852 1.594849 
853 1.958395 
854 -0.829767 
855 1.944048 
856 -1.549204 
857 -1.965190 
858 2.077156 
859 -2.145796 
860 1.441479 
861 2.899412 
862 0.462900 
863 0.772962 
864 1.510198 
865 1.213934 
866 1.605014 
867 -1.616690 
868 1.540663 
869 0.768318 
870 -2.185792 
871 1.630912 
872 1.321768 
873 1.772462 
874 0.858549 
875 1.598486 
876 1.013361 
877 1.612627 
878 1.476329 
879 1.636582 
880 1.713855 
881 1.711757 
882 -1.592731 
883 1.447159 
884 1.934912 
885 -0.915645 
886 1.916345 
887 1.579254 
888 2.135328 
889 -1.103907 
890 1.251484 
891 -2.487982 
892 1.549046 
893 1.084623 
894 1.066671 
895 -2.428431 
896 -1.834299 
897 1.326889 
898 1.705154 
899 -2.091915 
900 0.636576 
901 1.195852 
902 1.646277 
903 2.190898 
904 1.169611 
905 -1.627025 
906 2.055265 
907 1.812510 
908 2.148587 
909 0.932577 
910 1.850002 
911 -1.301236 
912 1.637686 
913 1.630990 
914 -1.306714 
915 1.594912 
916 1.596817 
917 0.973257 
918 1.238261 
919 1.529414 
920 1.878642 
921 -0.557161 
922 2.094956 
923 1.769268 
924 1.011148 
925 -1.391606 
926 1.866103 
927 2.191780 
928 1.807756 
929 -2.054439 
930 1.544457 
931 1.458529 
932 1.504701 
933 -1.736917 
934 1.400050 
935 1.398929 
936 1.745571 
937 1.084784 
938 0.772573 
939 2.088125 
940 -1.027708 
941 1.622157 
942 1.475897 
943 -2.886035 
944 1.504875 
945 2.236591 
946 -0.813006 
947 1.467657 
948 1.175565 
949 1.776505 
950 1.515724 
951 1.283741 
952 1.700093 
953 0.399845 
954 1.881944 
955 1.604644 
956 2.371891 
957 -1.370892 
958 1.549081 
959 0.980398 
960 0.724550 
961 2.403366 
962 -2.015685 
963 1.312984 
964 -4.213789 
965 2.366403 
966 -0.075124 
967 -1.254241 
968 1.352752 
969 1.483337 
970 1.280898 
971 1.396740 
972 1.940183 
973 -1.973799 
974 -1.294431 
975 2.113132 
976 2.161895 
977 1.972511 
978 0.255517 
979 -1.755302 
980 1.382045 
981 1.220254 
982 2.095515 
983 0.949489 
984 1.002667 
985 2.077103 
986 1.408823 
987 -1.359632 
988 2.256359 
989 -1.255980 
990 1.848764 
991 0.956777 
992 1.435067 
993 0.775977 
994 2.471693 
995 -1.521679 
996 1.476507 
997 1.470634 
998 1.899293 
999 -1.580078 
1000 2.985759 
1001 0.075825 
1002 0.930815 
1003 0.752871 
1004 1.181133 
1005 -0.108029 
1006 0.146307 
1007 3.356233 
1008 0.958182 
1009 1.549388 
1010 1.239132 
1011 2.271185 
1012 1.169295 
1013 0.264804 
1014 2.845366 
1015 0.276308 
1016 0.481681 
1017 3.046095 
1018 -0.891148 
1019 0.525785 
1020 1.310108 
1021 2.322059 
1022 0.285861 
1023 1.565947 
1024 2.212697 
1025 -1.593099 
1026 -1.812495 
1027 1.901861 
1028 -1.501787 
1029 2.162775 
1030 0.776134 
1031 1.947986 
1032 1.442914 
1033 -2.034173 
1034 -1.688490 
1035 1.985767 
1036 1.064233 
1037 1.334550 
1038 1.379321 
1039 1.660506 
1040 1.004020 
1041 2.086918 
1042 0.559496 
1043 1.633659 
1044 1.996647 
1045 1.450142 
1046 1.216268 
1047 -1.710769 
1048 1.700621 
1049 1.697176 
1050 0.598300 
1051 1.463310 
1052 -1.896843 
1053 1.551348 
1054 0.913404 
1055 2.083375 
1056 1.111944 
1057 1.169550 
1058 2.534885 
1059 0.775554 
1060 -2.308533 
1061 1.145083 
1062 0.301579 
1063 1.476762 
1064 1.612824 
1065 1.286260 
1066 -1.634178 
1067 1.846399 
1068 0.911815 
1069 1.524739 
1070 1.512751 
1071 1.460092 
1072 1.205349 
1073 1.638009 
1074 1.778412 
1075 0.962826 
1076 1.524798 
1077 -1.425986 
1078 1.601426 
1079 1.425825 
1080 1.310669 
1081 -1.438903 
1082 -2.422791 
1083 2.081725 
1084 -1.898602 
1085 1.588355 
1086 1.320087 
1087 1.459611 
1088 0.089116 
1089 -1.039636 
1090 3.021716 
1091 1.796905 
1092 1.656915 
1093 1.046114 
1094 1.738514 
1095 1.345222 
1096 1.224323 
1097 0.722799 
1098 2.128994 
1099 1.393269 
1100 -2.220266 
1101 -1.738378 
1102 1.305138 
1103 2.233267 
1104 0.560341 
1105 1.091935 
1106 1.793946 
1107 1.752408 
1108 -2.500634 
1109 1.185299 
1110 -1.798376 
1111 1.947718 
1112 1.536929 
1113 1.583022 
1114 1.138993 
1115 -1.525137 
1116 1.315171 
1117 1.400210 
1118 1.471663 
1119 1.438847 
1120 -0.962107 
1121 2.158809 
1122 2.385300 
1123 0.805075 
1124 -1.296424 
1125 1.912217 
1126 1.950311 
1127 -1.724987 
1128 1.378784 
1129 2.830754 
1130 0.606978 
1131 0.350681 
1132 -2.269749 
1133 2.628536 
1134 1.689432 
1135 -1.029023 
1136 1.252067 
1137 1.008634 
1138 1.574287 
1139 1.485856 
1140 1.348751 
1141 0.210508 
1142 -2.273817 
1143 2.494115 
1144 1.765979 
1145 2.032799 
1146 1.135385 
1147 -1.722207 
1148 1.311704 
1149 1.925992 
1150 0.799682 
1151 1.344623 
1152 1.261847 
1153 1.331939 
1154 1.904115 
1155 -1.889052 
1156 0.855233 
1157 1.602121 
1158 -1.668323 
1159 2.124205 
1160 1.644182 
1161 1.122173 
1162 1.277994 
1163 1.472229 
1164 0.804642 
1165 1.200391 
1166 2.194283 
1167 1.275159 
1168 1.289259 
1169 1.347627 
1170 1.296221 
1171 1.660981 
1172 2.113853 
1173 1.112159 
1174 1.018261 
1175 1.506278 
1176 1.485368 
1177 1.643854 
1178 1.440761 
1179 -1.697284 
1180 -2.442491 
1181 1.154143 
1182 2.136308 
1183 -1.488100 
1184 -2.066108 
1185 1.540970 
1186 0.985146 
1187 1.558191 
1188 -1.527006 
1189 1.880018 
1190 1.727049 
1191 -1.618464 
1192 1.250604 
1193 -2.044495 
1194 1.899324 
1195 1.140236 
1196 -2.141697 
1197 1.775666 
1198 -1.557266 
1199 1.727537 
1200 -1.816130 
1201 1.873044 
1202 1.762549 
1203 -1.724207 
1204 1.581833 
1205 2.004123 
1206 0.781008 
1207 1.160453 
1208 -2.784486 
1209 1.751085 
1210 -0.066789 
1211 1.113505 
1212 1.694773 
1213 1.581536 
1214 -0.694662 
1215 2.041559 
1216 1.832958 
1217 1.028720 
1218 0.759913 
1219 1.935034 
1220 1.333580 
1221 1.759275 
1222 1.796751 
1223 0.351910 
1224 -0.039837 
1225 1.826093 
1226 1.952933 
1227 -2.252153 
1228 -1.416153 
1229 1.651750 
1230 1.522508 
1231 -2.137820 
1232 -1.517775 
1233 1.773976 
1234 1.370239 
1235 1.422380 
1236 -1.254714 
1237 2.455420 
1238 -0.890242 
1239 2.257190 
1240 -2.154585 
1241 -2.166051 
1242 0.712317 
1243 1.809508 
1244 -1.304012 
1245 1.920753 
1246 2.059127 
1247 0.982315 
1248 1.496378 
1249 -1.125391 
1250 1.869717 
1251 1.640238 
1252 1.377083 
1253 1.074403 
1254 1.911167 
1255 1.778296 
1256 -2.301682 
1257 1.671202 
1258 -1.025932 
1259 1.617017 
1260 0.511118 
1261 1.400404 
1262 2.402469 
1263 0.723978 
1264 -1.813383 
1265 1.606007 
1266 1.792904 
1267 -1.738418 
1268 1.581638 
1269 1.770720 
1270 0.433444 
1271 1.632366 
1272 1.467970 
1273 -1.483378 
1274 1.799281 
1275 1.724023 
1276 1.308978 
1277 1.577545 
1278 1.685802 
1279 -1.778997 
1280 1.560285 
1281 1.642135 
1282 1.225966 
1283 1.177229 
1284 2.211327 
1285 -1.907087 
1286 1.622604 
1287 -1.446505 
1288 -1.044840 
1289 3.116921 
1290 1.549164 
1291 -1.882320 
1292 -2.109885 
1293 0.355773 
1294 -1.326719 
1295 2.522246 
1296 -1.488908 
1297 1.781798 
1298 2.012779 
1299 1.142380 
1300 1.135524 
1301 1.584126 
1302 1.411095 
1303 1.212503 
1304 1.421953 
1305 1.552063 
1306 1.838836 
1307 -1.519844 
1308 -1.250911 
1309 2.252831 
1310 1.401661 
1311 1.774777 
1312 1.775250 
1313 1.471890 
1314 -2.167137 
1315 -1.526977 
1316 1.050674 
1317 -1.616312 
1318 1.247765 
1319 2.400146 
1320 -1.108150 
1321 -1.493982 
1322 1.379410 
1323 2.818066 
1324 0.315651 
1325 1.515897 
1326 1.496627 
1327 2.185699 
1328 1.505565 
1329 1.610563 
1330 1.569543 
1331 0.718326 
1332 1.355551 
1333 1.447544 
1334 1.622905 
1335 1.690204 
1336 1.370695 
1337 1.003447 
1338 1.826468 
1339 -1.893732 
1340 1.796821 
1341 2.007201 
1342 0.901740 
1343 -1.575567 
1344 1.540951 
1345 1.684697 
1346 1.183402 
1347 -1.816727 
1348 1.733118 
1349 2.227481 
1350 -2.606709 
1351 -2.079324 
1352 -1.893191 
1353 1.185608 
1354 2.369564 
1355 0.917429 
1356 1.717165 
1357 1.081412 
1358 0.764415 
1359 2.249487 
1360 0.597829 
1361 2.257214 
1362 1.811594 
1363 0.976470 
1364 1.701703 
1365 0.857797 
1366 -1.992117 
1367 2.089163 
1368 2.257072 
1369 1.208863 
1370 0.843438 
1371 -1.128467 
1372 1.102647 
1373 2.270921 
1374 1.166979 
1375 -2.017587 
1376 2.075372 
1377 -1.714833 
1378 1.598800 
1379 1.424681 
1380 -1.949545 
1381 1.986704 
1382 -2.571313 
1383 -1.847141 
1384 2.156387 
1385 1.866120 
1386 1.311529 
1387 -1.046622 
1388 1.672600 
1389 0.658669 
1390 1.742452 
1391 1.333676 
1392 -1.249851 
1393 2.065285 
1394 2.835857 
1395 0.508046 
1396 -1.646205 
1397 0.774963 
1398 2.457143 
1399 1.229680 
1400 1.050250 
1401 1.750130 
1402 1.638677 
1403 -1.724858 
1404 2.126156 
1405 1.206985 
1406 0.625979 
1407 1.859886 
1408 1.014758 
1409 -2.514527 
1410 1.447316 
1411 1.282952 
1412 2.182984 
1413 -0.904161 
1414 2.700065 
1415 -1.183821 
1416 1.760720 
1417 2.005307 
1418 -0.982371 
1419 1.362594 
1420 0.537369 
1421 0.175410 
1422 0.622373 
1423 3.110128 
1424 0.871239 
1425 0.464519 
1426 0.837572 
1427 2.766313 
1428 1.125363 
1429 1.902453 
1430 0.598919 
1431 2.017927 
1432 -2.453815 
1433 1.696045 
1434 1.594103 
1435 0.553901 
1436 2.081050 
1437 -1.557301 
1438 1.085711 
1439 1.796005 
1440 1.912816 
1441 1.456130 
1442 -0.888003 
1443 1.751637 
1444 1.184003 
1445 2.157984 
1446 -2.048001 
1447 0.951702 
1448 0.456161 
1449 1.713598 
1450 1.547246 
1451 2.015738 
1452 2.345376 
1453 -2.899573 
1454 -1.482217 
1455 -0.496037 
1456 1.448997 
1457 1.240470 
1458 1.115808 
1459 2.172958 
1460 1.501795 
1461 1.297428 
1462 -1.525226 
1463 1.732544 
1464 1.078154 
1465 1.538025 
1466 1.897838 
1467 0.667997 
1468 3.506079 
1469 -1.716248 
1470 0.985193 
1471 -1.373163 
1472 0.861374 
1473 -1.384990 
1474 2.690255 
1475 1.571765 
1476 1.317937 
1477 -1.059281 
1478 -1.617772 
1479 2.668765 
1480 0.788868 
1481 -0.160081 
1482 3.136153 
1483 0.784504 
1484 0.855650 
1485 -3.461736 
1486 0.713299 
1487 -2.383579 
1488 1.094609 
1489 2.929316 
1490 1.042949 
1491 0.796288 
1492 2.317859 
1493 1.008783 
1494 0.796108 
1495 1.872509 
1496 0.584905 
1497 2.132015 
1498 2.317775 
1499 -1.135561 
1500 1.221306 
1501 2.016535 
1502 0.197348 
1503 1.928901 
1504 1.655518 
1505 1.176512 
1506 2.074924 
1507 -1.343925 
1508 -1.639769 
1509 1.124389 
1510 -1.591002 
1511 2.653518 
1512 0.968188 
1513 1.905591 
1514 1.307956 
1515 1.584748 
1516 0.989044 
1517 2.845257 
1518 0.475408 
1519 0.766758 
1520 2.075493 
1521 1.701623 
1522 0.835871 
1523 -1.582043 
1524 0.264871 
1525 2.811769 
1526 -0.774377 
1527 0.445129 
1528 -1.186925 
1529 1.610297 
1530 1.383330 
1531 2.054936 
1532 1.973726 
1533 -1.282348 
1534 2.507443 
1535 -1.457567 
1536 1.657068 
1537 -1.701995 
1538 1.546582 
1539 1.382822 
1540 2.091517 
1541 1.598508 
1542 1.034626 
1543 0.667614 
1544 -1.462945 
1545 1.563674 
1546 1.583698 
1547 1.534906 
1548 1.008613 
1549 0.984093 
1550 2.597269 
1551 0.873760 
1552 -1.786512 
1553 -1.630594 
1554 -2.016895 
1555 1.891328 
1556 -1.668328 
1557 1.649947 
1558 1.363878 
1559 1.630204 
1560 0.636445 
1561 1.404011 
1562 1.747364 
1563 1.686620 
1564 1.463620 
1565 2.095620 
1566 1.078308 
1567 1.316529 
1568 1.553741 
1569 1.865705 
1570 0.977233 
1571 1.046333 
1572 1.901708 
1573 1.271281 
1574 1.963009 
1575 -1.285559 
1576 0.881291 
1577 1.106086 
1578 1.685933 
1579 1.708555 
1580 0.995555 
1581 1.560037 
1582 2.613615 
1583 -1.247891 
1584 1.662923 
1585 1.288674 
1586 -1.670114 
1587 1.413749 
1588 1.549275 
1589 1.035352 
1590 -1.895159 
1591 1.832736 
1592 -1.861894 
1593 -2.736665 
1594 -1.498628 
1595 1.415091 
1596 0.881996 
1597 -2.062469 
1598 -1.090024 
1599 1.715616 
1600 0.733338 
1601 2.154018 
1602 2.021891 
1603 -1.282531 
1604 1.610293 
1605 -2.032829 
1606 1.091390 
1607 2.105707 
1608 1.460927 
1609 -1.534632 
1610 1.999009 
1611 -1.434345 
1612 2.738059 
1613 1.779510 
1614 -1.548971 
1615 -0.165974 
1616 1.649476 
1617 -2.158436 
1618 -2.137378 
1619 1.425315 
1620 1.613662 
1621 1.116747 
1622 1.861138 
1623 -2.111450 
1624 0.937674 
1625 1.990888 
1626 0.753834 
1627 1.590975 
1628 1.227069 
1629 1.075421 
1630 1.517116 
1631 1.525064 
1632 0.852159 
1633 1.366863 
1634 1.347022 
1635 1.733675 
1636 1.028665 
1637 -2.509798 
1638 1.550046 
1639 1.211505 
1640 1.272619 
1641 1.286186 
1642 1.823818 
1643 1.184302 
1644 1.793418 
1645 2.285163 
1646 0.712404 
1647 0.740861 
1648 -1.849522 
1649 0.602900 
1650 1.847370 
1651 1.974114 
1652 -1.900009 
1653 -1.732235 
1654 1.257863 
1655 1.826236 
1656 0.634784 
1657 -1.519371 
1658 2.181027 
1659 1.980989 
1660 1.114213 
1661 2.328048 
1662 -1.440514 
1663 -2.014130 
1664 2.082375 
1665 1.271280 
1666 -1.533080 
1667 -2.245830 
1668 1.467882 
1669 1.751195 
1670 1.771642 
1671 0.494842 
1672 0.775798 
1673 0.313209 
1674 3.107947 
1675 0.700688 
1676 1.284410 
1677 1.757158 
1678 1.858592 
1679 -1.661523 
1680 0.765190 
1681 1.305823 
1682 2.489183 
1683 -1.113539 
1684 2.316901 
1685 1.076723 
1686 1.386390 
1687 -1.894714 
1688 1.787601 
1689 1.735430 
1690 1.182022 
1691 0.668738 
1692 -3.642581 
1693 0.777117 
1694 1.134273 
1695 -1.560843 
1696 -1.153182 
1697 -1.498155 
1698 1.648745 
1699 2.184470 
1700 0.846104 
1701 1.492330 
1702 2.278627 
1703 1.215147 
1704 2.084090 
1705 1.351264 
1706 -1.649946 
1707 1.485482 
1708 1.626946 
1709 1.870957 
1710 0.832664 
1711 -1.680331 
1712 -2.699753 
1713 -1.298580 
1714 2.764686 
1715 -0.932147 
1716 1.712916 
1717 0.616845 
1718 1.732680 
1719 1.532530 
1720 0.768314 
1721 -3.134379 
1722 -2.700430 
1723 -2.752161 
1724 1.620125 
1725 2.252202 
1726 -1.227905 
1727 1.251412 
1728 1.389151 
1729 1.615490 
1730 -1.031919 
1731 1.961205 
1732 -1.429075 
1733 1.925646 
1734 -1.816727 
1735 2.026894 
1736 -1.166466 
1737 -1.193907 
1738 2.528003 
1739 2.113114 
1740 -0.994378 
1741 2.522296 
1742 1.396804 
1743 1.097385 
1744 1.481850 
1745 1.448048 
1746 1.287917 
1747 1.354489 
1748 -1.888309 
1749 1.893121 
1750 0.578808 
1751 1.731969 
1752 1.222590 
1753 1.682153 
1754 1.910743 
1755 0.934602 
1756 1.857549 
1757 -0.752297 
1758 -2.471860 
1759 -2.502703 
1760 -1.450664 
1761 1.548160 
1762 2.692871 
1763 0.619498 
1764 0.397359 
1765 0.035941 
1766 0.984125 
1767 3.124971 
1768 1.465159 
1769 -1.240604 
1770 1.119919 
1771 2.834139 
1772 0.639537 
1773 1.637621 
1774 -2.064330 
1775 1.825917 
1776 1.733564 
1777 1.576264 
1778 1.424622 
1779 0.750427 
1780 1.684813 
1781 1.219721 
1782 1.066441 
1783 1.997157 
1784 1.595630 
1785 1.621678 
1786 1.112655 
1787 1.100482 
1788 1.698316 
1789 1.828485 
1790 1.225793 
1791 0.661650 
1792 -1.808237 
1793 1.305130 
1794 1.254171 
1795 -2.489878 
1796 1.438564 
1797 1.826746 
1798 -2.124769 
1799 0.858779 
1800 1.947001 
1801 -3.200181 
1802 -0.810784 
1803 1.072998 
1804 1.869809 
1805 1.204668 
1806 1.006963 
1807 1.710487 
1808 1.175758 
1809 1.645063 
1810 1.484323 
1811 1.225765 
1812 0.827091 
1813 1.744127 
1814 1.241134 
1815 1.908792 
1816 2.170611 
1817 -1.135868 
1818 1.392957 
1819 1.969272 
1820 -2.408044 
1821 -1.476524 
1822 2.023969 
1823 1.099442 
1824 0.908219 
1825 0.686395 
1826 2.149314 
1827 -2.263030 
1828 1.986231 
1829 0.328974 
1830 1.873479 
1831 -1.848329 
1832 2.237670 
1833 -1.448631 
1834 1.137280 
1835 1.409851 
1836 1.538167 
1837 1.423703 
1838 1.515529 
1839 -1.719582 
1840 1.843675 
1841 1.212240 
1842 1.008225 
1843 1.629004 
1844 1.132087 
1845 2.334049 
1846 1.667637 
1847 -1.178297 
1848 -1.335829 
1849 1.620272 
1850 1.807259 
1851 1.464633 
1852 1.410920 
1853 1.057954 
1854 1.230744 
1855 1.909814 
1856 -0.659151 
1857 2.403374 
1858 1.343769 
1859 0.828918 
1860 1.542373 
1861 2.114541 
1862 -1.720698 
1863 -1.722275 
1864 1.441846 
1865 1.268715 
1866 -1.466135 
1867 2.266988 
1868 1.718501 
1869 1.417899 
1870 0.728886 
1871 2.072614 
1872 1.479465 
1873 1.303891 
1874 0.737292 
1875 1.969521 
1876 -1.195679 
1877 0.814405 
1878 2.150202 
1879 1.738622 
1880 1.258659 
1881 0.793165 
1882 2.111909 
1883 1.285190 
1884 0.388718 
1885 1.221476 
1886 2.704169 
1887 1.404068 
1888 1.624685 
1889 1.703718 
1890 -1.932686 
1891 0.658276 
1892 1.858923 
1893 -1.422655 
1894 1.050065 
1895 1.923367 
1896 1.658626 
1897 1.169460 
1898 2.031462 
1899 -1.547358 
1900 1.786623 
1901 0.974973 
1902 1.717100 
1903 -1.963110 
1904 1.871608 
1905 1.691263 
1906 -1.452736 
1907 1.173840 
1908 1.176505 
1909 1.965852 
1910 1.813224 
1911 0.875122 
1912 2.134292 
1913 -0.769792 
1914 2.048284 
1915 -1.903759 
1916 0.773040 
1917 3.120718 
1918 0.318390 
1919 1.284380 
1920 1.658172 
1921 0.906608 
1922 2.372804 
1923 0.889416 
1924 0.064071 
1925 0.788692 
1926 2.259135 
1927 2.076375 
1928 1.416893 
1929 1.360780 
1930 1.208661 
1931 -2.354330 
1932 2.491806 
1933 1.420844 
1934 -1.140498 
1935 -2.085337 
1936 1.492028 
1937 3.248258 
1938 -0.630248 
1939 -0.832130 
1940 0.870573 
1941 0.768005 
1942 2.376090 
1943 0.785070 
1944 -1.644542 
1945 1.233818 
1946 1.415377 
1947 1.686705 
1948 -1.433368 
1949 0.783940 
1950 1.601179 
1951 2.714072 
1952 2.167537 
1953 -1.347637 
1954 1.718179 
1955 1.371818 
1956 1.389376 
1957 1.274870 
1958 1.502503 
1959 1.702589 
1960 0.320059 
1961 2.899113 
1962 0.676336 
1963 0.725709 
1964 0.721437 
1965 1.880685 
1966 2.006405 
1967 0.852695 
1968 1.454400 
1969 1.837193 
1970 1.320054 
1971 -1.505903 
1972 1.615915 
1973 -1.571017 
1974 1.652133 
1975 1.365284 
1976 0.541455 
1977 2.367299 
1978 1.322979 
1979 -1.810768 
1980 1.786272 
1981 1.101825 
1982 -1.571254 
1983 1.860528 
1984 1.741124 
1985 2.020524 
1986 -1.230051 
1987 1.204195 
1988 0.999641 
1989 0.503796 
1990 1.584689 
1991 2.436548 
1992 1.323207 
1993 2.184855 
1994 1.055865 
1995 0.817059 
1996 1.537039 
1997 1.747988 
1998 1.075768 
1999 1.371375 
2000 0.693753 
2001 1.696666 
2002 -2.680852 
2003 -2.333050 
2004 2.514522 
2005 -2.171388 
2006 1.203419 
2007 -2.371710 
2008 1.378244 
2009 1.274947 
2010 -0.973236 
2011 2.256934 
2012 -1.047023 
2013 1.861485 
2014 0.269207 
2015 2.599023 
2016 1.736554 
2017 1.335480 
2018 1.644618 
2019 -1.562436 
2020 1.368354 
2021 -1.660584 
2022 1.531646 
2023 2.309133 
2024 1.624692 
2025 1.263560 
2026 1.981507 
2027 -1.373944 
2028 3.012677 
2029 -1.987343 
2030 0.730241 
2031 0.947225 
2032 1.511527 
2033 1.190533 
2034 2.025570 
2035 0.325273 
2036 1.136392 
2037 1.716803 
2038 2.236549 
2039 -1.694222 
2040 2.396632 
2041 0.592495 
2042 -1.316358 
2043 1.846919 
2044 0.980443 
2045 -2.342358 
2046 0.976157 
2047 2.369691 
2048 1.012741 
2049 1.187321 
2050 1.592125 
2051 1.476555 
2052 0.858179 
2053 -1.794977 
2054 -1.966725 
2055 2.094942 
2056 1.532085 
2057 1.320864 
2058 1.852134 
2059 0.820396 
2060 1.244040 
2061 1.781825 
2062 -1.869216 
2063 1.780899 
2064 1.507973 
2065 -1.628804 
2066 1.076048 
2067 2.012273 
2068 1.679045 
2069 1.408941 
2070 1.223552 
2071 1.155127 
2072 1.670056 
2073 1.196873 
2074 2.053894 
2075 0.870770 
2076 1.299988 
2077 1.814341 
2078 -1.743955 
2079 1.533032 
2080 1.410301 
2081 -1.534081 
2082 2.112184 
2083 1.150255 
2084 1.034101 
2085 1.918884 
2086 1.354020 
2087 1.011043 
2088 1.387394 
2089 1.396458 
2090 1.865035 
2091 0.705059 
2092 -1.779433 
2093 1.697257 
2094 0.694546 
2095 1.864808 
2096 1.813067 
2097 0.619847 
2098 1.585364 
2099 1.459215 
2100 -2.081366 
2101 1.853758 
2102 1.909022 
2103 -0.928866 
2104 2.138676 
2105 1.494146 
2106 0.799487 
2107 1.276617 
2108 -1.311707 
2109 1.644008 
2110 1.793470 
2111 1.326210 
2112 1.580613 
2113 1.245612 
2114 1.799460 
2115 -1.522655 
2116 1.410192 
2117 1.299177 
2118 1.499104 
2119 1.339741 
2120 -1.604833 
2121 1.475361 
2122 1.803155 
2123 1.373039 
2124 0.458100 
2125 1.598224 
2126 1.606067 
2127 1.715121 
2128 1.478032 
2129 1.380910 
2130 1.511866 
2131 1.250507 
2132 1.737444 
2133 0.688371 
2134 1.891185 
2135 0.987578 
2136 2.320041 
2137 -0.711016 
2138 -2.002341 
2139 1.389819 
2140 1.319480 
2141 1.484989 
2142 1.675954 
2143 -1.845953 
2144 0.755578 
2145 0.981118 
2146 1.496968 
2147 2.339994 
2148 1.208578 
2149 1.613895 
2150 0.976648 
2151 1.802483 
2152 1.418137 
2153 -2.411439 
2154 -1.524852 
2155 1.726799 
2156 -1.799581 
2157 1.689611 
2158 2.116423 
2159 -1.070489 
2160 0.822736 
2161 1.457873 
2162 1.736642 
2163 1.299399 
2164 2.110426 
2165 0.664604 
2166 -1.535275 
2167 2.122373 
2168 0.911836 
2169 1.478379 
2170 0.922443 
2171 1.816543 
2172 1.791352 
2173 1.407491 
2174 -1.803706 
2175 1.276577 
2176 1.529270 
2177 1.359710 
2178 1.722414 
2179 -1.640535 
2180 1.632044 
2181 1.156569 
2182 0.907785 
2183 1.596852 
2184 1.470912 
2185 1.246312 
2186 1.608490 
2187 0.989120 
2188 1.097610 
2189 -1.746404 
2190 1.659064 
2191 1.597543 
2192 1.052174 
2193 1.024030 
2194 1.147852 
2195 1.833650 
2196 1.085310 
2197 1.597085 
2198 1.921051 
2199 0.976650 
2200 -1.966170 
2201 1.231251 
2202 1.662613 
2203 1.377092 
2204 1.576844 
2205 1.580917 
2206 0.263888 
2207 1.943254 
2208 -2.180736 
2209 1.858432 
2210 1.133649 
2211 1.558988 
2212 1.483572 
2213 1.663494 
2214 1.351020 
2215 0.874991 
2216 1.741278 
2217 0.920314 
2218 -1.309679 
2219 -2.181463 
2220 1.465269 
2221 1.472163 
2222 1.089336 
2223 1.357181 
2224 1.056709 
2225 1.087550 
2226 1.814528 
2227 1.470668 
2228 1.587457 
2229 0.907182 
2230 1.847200 
2231 -1.826148 
2232 1.236618 
2233 1.360829 
2234 1.199444 
2235 1.887142 
2236 1.287921 
2237 1.454802 
2238 1.357437 
2239 0.982000 
2240 -1.868623 
2241 1.679251 
2242 0.672879 
2243 1.943401 
2244 -1.923281 
2245 1.540136 
2246 1.782921 
2247 1.124951 
2248 0.689778 
2249 1.396352 
2250 1.227082 
2251 2.002865 
2252 1.115266 
2253 1.617259 
2254 -1.711414 
2255 1.766359 
2256 1.370109 
2257 -1.455088 
2258 1.427402 
2259 1.829710 
2260 1.068028 
2261 1.579494 
2262 1.342762 
2263 1.418475 
2264 1.064877 
2265 1.418487 
2266 1.444654 
2267 1.538124 
2268 1.486168 
2269 1.180742 
2270 1.153609 
2271 1.499132 
2272 1.717027 
2273 1.301329 
2274 0.601756 
2275 1.942248 
2276 1.015953 
2277 1.137245 
2278 2.206163 
2279 -1.978454 
2280 1.106142 
2281 1.757489 
2282 1.161999 
2283 1.474984 
2284 -1.630649 
2285 1.268931 
2286 1.336503 
2287 1.890270 
2288 -1.692460 
2289 1.655692 
2290 1.712361 
2291 1.077094 
2292 -1.738631 
2293 1.596014 
2294 -1.179406 
2295 -1.949221 
2296 1.782992 
2297 1.050133 
2298 -2.108249 
2299 1.637902 
2300 1.477473 
2301 1.779861 
2302 1.103090 
2303 -1.415966 
2304 1.556552 
2305 1.367338 
2306 1.235012 
2307 1.640609 
2308 1.714949 
2309 1.793542 
2310 0.893517 
2311 1.201378 
2312 2.577661 
2313 2.253951 
