5962 1
0 -0.314241 
1 -0.314241 
2 -0.314241 
3 -0.314241 
4 0.030725 
5 -0.314241 
6 -0.314241 
7 -0.314241 
8 -0.314241 
9 -0.314241 
10 -0.119372 
11 -0.119372 
12 0.030725 
13 0.030725 
14 0.030725 
15 0.030725 
16 0.030725 
17 0.030725 
18 -0.268229 
19 -0.268229 
20 -0.268229 
21 -0.268229 
22 -0.268229 
23 -0.268229 
24 -0.268229 
25 -0.268229 
26 0.030725 
27 0.030725 
28 -0.314241 
29 0.030725 
30 0.030725 
31 0.030725 
32 0.030725 
33 0.030725 
34 0.030725 
35 0.030725 
36 0.030725 
37 0.030725 
38 -0.314241 
39 -0.314241 
40 -0.119372 
41 -0.119372 
42 -0.119372 
43 -0.119372 
44 0.030725 
45 -0.119372 
46 0.030725 
47 0.030725 
48 0.030725 
49 0.030725 
50 0.030725 
51 0.030725 
52 0.030725 
53 -0.268229 
54 -0.268229 
55 -0.268229 
56 -0.268229 
57 -0.268229 
58 -0.268229 
59 -0.268229 
60 -0.268229 
61 -0.268229 
62 -0.268229 
63 0.030725 
64 0.030725 
65 0.030725 
66 0.030725 
67 0.030725 
68 0.030725 
69 0.030725 
70 0.030725 
71 0.030725 
72 0.030725 
73 0.030725 
74 0.030725 
75 0.030725 
76 0.030725 
77 -0.119372 
78 0.030725 
79 0.030725 
80 -0.119372 
81 0.030725 
82 0.030725 
83 0.030725 
84 0.030725 
85 0.030725 
86 0.030725 
87 0.030725 
88 0.030725 
89 0.030725 
90 0.030725 
91 0.030725 
92 -0.268229 
93 0.030725 
94 0.030725 
95 -0.268229 
96 0.030725 
97 0.030725 
98 -0.268229 
99 -0.268229 
100 -0.109386 
101 -0.109386 
102 0.030725 
103 -0.109386 
104 -0.109386 
105 0.030725 
106 -0.109386 
107 -0.109386 
108 0.030725 
109 0.030725 
110 0.030725 
111 0.030725 
112 0.030725 
113 0.030725 
114 0.030725 
115 0.030725 
116 0.030725 
117 0.030725 
118 0.030725 
119 0.030725 
120 0.030725 
121 0.030725 
122 0.030725 
123 0.030725 
124 0.030725 
125 0.030725 
126 0.030725 
127 0.030725 
128 0.030725 
129 0.030725 
130 0.030725 
131 0.030725 
132 0.030725 
133 0.030725 
134 0.030725 
135 0.030725 
136 0.030725 
137 -0.109386 
138 -0.109386 
139 -0.109386 
140 -0.109386 
141 -0.109386 
142 -0.109386 
143 -0.109386 
144 -0.109386 
145 0.030725 
146 -0.109386 
147 -0.109386 
148 0.030725 
149 0.030725 
150 0.030725 
151 0.030725 
152 0.030725 
153 0.030725 
154 0.030725 
155 0.030725 
156 0.030725 
157 0.030725 
158 0.030725 
159 0.030725 
160 0.030725 
161 0.030725 
162 0.030725 
163 0.030725 
164 0.030725 
165 0.030725 
166 0.030725 
167 0.030725 
168 0.030725 
169 0.030725 
170 0.030725 
171 0.030725 
172 0.030725 
173 0.030725 
174 -0.109386 
175 -0.109386 
176 -0.109386 
177 -0.109386 
178 -0.109386 
179 -0.109386 
180 -0.109386 
181 -0.109386 
182 -0.109386 
183 -0.109386 
184 -0.109386 
185 0.030725 
186 -0.109386 
187 -0.109386 
188 0.030725 
189 0.030725 
190 0.030725 
191 0.030725 
192 0.030725 
193 0.030725 
194 0.030725 
195 0.030725 
196 0.030725 
197 0.030725 
198 0.030725 
199 0.030725 
200 0.030725 
201 0.030725 
202 0.030725 
203 0.030725 
204 0.030725 
205 0.030725 
206 0.030725 
207 0.030725 
208 0.030725 
209 0.030725 
210 0.030725 
211 -0.109386 
212 -0.109386 
213 -0.109386 
214 -0.109386 
215 -0.109386 
216 -0.109386 
217 -0.109386 
218 -0.109386 
219 -0.109386 
220 -0.109386 
221 -0.109386 
222 -0.109386 
223 0.030725 
224 0.030725 
225 0.030725 
226 -0.109386 
227 -0.109386 
228 0.030725 
229 0.030725 
230 0.030725 
231 0.030725 
232 0.030725 
233 0.030725 
234 0.030725 
235 0.030725 
236 0.030725 
237 0.030725 
238 0.030725 
239 0.030725 
240 0.030725 
241 0.030725 
242 0.030725 
243 0.030725 
244 0.030725 
245 0.030725 
246 0.030725 
247 0.030725 
248 0.438325 
249 0.438325 
250 0.438325 
251 -0.109386 
252 -0.109386 
253 -0.109386 
254 -0.109386 
255 -0.109386 
256 -0.109386 
257 -0.109386 
258 -0.109386 
259 -0.109386 
260 0.030725 
261 0.030725 
262 0.030725 
263 -0.109386 
264 -0.109386 
265 -0.109386 
266 0.030725 
267 0.030725 
268 0.030725 
269 0.030725 
270 0.030725 
271 0.030725 
272 0.030725 
273 0.030725 
274 0.030725 
275 0.030725 
276 0.030725 
277 0.030725 
278 0.030725 
279 0.030725 
280 0.030725 
281 0.030725 
282 0.030725 
283 0.030725 
284 0.030725 
285 0.256303 
286 0.256303 
287 0.438325 
288 -0.109386 
289 -0.109386 
290 -0.109386 
291 -0.109386 
292 -0.109386 
293 -0.109386 
294 -0.109386 
295 -0.109386 
296 -0.109386 
297 -0.109386 
298 -0.109386 
299 -0.109386 
300 0.030725 
301 0.030725 
302 0.030725 
303 -0.109386 
304 -0.109386 
305 0.030725 
306 0.030725 
307 0.030725 
308 0.030725 
309 0.030725 
310 0.030725 
311 0.030725 
312 0.030725 
313 0.030725 
314 0.030725 
315 0.030725 
316 0.030725 
317 0.030725 
318 0.030725 
319 0.030725 
320 0.030725 
321 0.030725 
322 0.256303 
323 0.256303 
324 0.256303 
325 -0.109386 
326 -0.109386 
327 -0.109386 
328 -0.109386 
329 -0.109386 
330 -0.109386 
331 -0.109386 
332 -0.109386 
333 -0.109386 
334 -0.109386 
335 -0.109386 
336 -0.109386 
337 -0.109386 
338 -0.109386 
339 -0.109386 
340 -0.109386 
341 -0.109386 
342 0.030725 
343 0.030725 
344 0.030725 
345 0.030725 
346 0.030725 
347 0.030725 
348 0.030725 
349 0.030725 
350 0.030725 
351 -0.386001 
352 0.030725 
353 0.030725 
354 -0.386001 
355 0.030725 
356 -0.386001 
357 -0.386001 
358 -0.386001 
359 0.256303 
360 0.256303 
361 0.256303 
362 0.256303 
363 0.256303 
364 -0.385127 
365 -0.109386 
366 -0.109386 
367 -0.109386 
368 -0.109386 
369 -0.109386 
370 -0.109386 
371 -0.109386 
372 -0.109386 
373 -0.109386 
374 -0.109386 
375 -0.109386 
376 -0.109386 
377 -0.109386 
378 -0.109386 
379 -0.109386 
380 0.030725 
381 0.030725 
382 0.030725 
383 0.030725 
384 0.030725 
385 0.030725 
386 0.030725 
387 0.030725 
388 0.030725 
389 0.030725 
390 0.030725 
391 -0.386001 
392 0.030725 
393 0.030725 
394 -0.386001 
395 -0.386001 
396 0.256303 
397 0.256303 
398 -0.385127 
399 0.256303 
400 0.256303 
401 -0.385127 
402 0.256303 
403 0.256303 
404 -0.385127 
405 -0.109386 
406 -0.109386 
407 -0.109386 
408 -0.109386 
409 -0.109386 
410 -0.109386 
411 -0.109386 
412 -0.109386 
413 -0.109386 
414 -0.109386 
415 -0.109386 
416 -0.141448 
417 -0.109386 
418 -0.109386 
419 -0.141448 
420 0.030725 
421 0.030725 
422 -0.141448 
423 0.030725 
424 0.030725 
425 -0.386001 
426 0.030725 
427 0.030725 
428 -0.386001 
429 0.030725 
430 0.030725 
431 -0.386001 
432 -0.386001 
433 0.256303 
434 0.256303 
435 0.256303 
436 0.256303 
437 0.256303 
438 0.256303 
439 0.256303 
440 0.256303 
441 -0.109386 
442 -0.109386 
443 -0.109386 
444 -0.109386 
445 -0.109386 
446 -0.109386 
447 -0.141448 
448 -0.141448 
449 -0.141448 
450 -0.141448 
451 -0.141448 
452 -0.141448 
453 -0.386001 
454 -0.386001 
455 -0.386001 
456 -0.386001 
457 -0.386001 
458 -0.386001 
459 -0.255645 
460 0.030725 
461 -0.314241 
462 0.030725 
463 -0.119372 
464 -0.119372 
465 0.030725 
466 0.030725 
467 0.030725 
468 -0.268229 
469 -0.268229 
470 -0.268229 
471 -0.268229 
472 0.030725 
473 0.030725 
474 -0.314241 
475 0.030725 
476 -0.119372 
477 -0.119372 
478 0.030725 
479 0.030725 
480 0.030725 
481 -0.268229 
482 -0.268229 
483 -0.268229 
484 -0.268229 
485 0.030725 
486 0.030725 
487 0.030725 
488 0.030725 
489 0.030725 
490 0.030725 
491 0.030725 
492 0.030725 
493 0.030725 
494 0.030725 
495 0.030725 
496 0.030725 
497 -0.268229 
498 -0.109386 
499 -0.109386 
500 0.030725 
501 0.030725 
502 0.030725 
503 0.030725 
504 0.030725 
505 0.030725 
506 0.030725 
507 0.030725 
508 0.030725 
509 0.030725 
510 0.030725 
511 -0.109386 
512 -0.109386 
513 -0.109386 
514 0.030725 
515 0.030725 
516 0.030725 
517 0.030725 
518 0.030725 
519 0.030725 
520 0.030725 
521 0.030725 
522 0.030725 
523 -0.353591 
524 -0.109386 
525 -0.109386 
526 -0.109386 
527 -0.109386 
528 0.030725 
529 0.428844 
530 0.030725 
531 0.030725 
532 0.030725 
533 0.030725 
534 0.030725 
535 0.030725 
536 -0.353591 
537 -0.109386 
538 -0.109386 
539 -0.109386 
540 -0.109386 
541 0.030725 
542 -0.109386 
543 -0.109386 
544 0.030725 
545 0.030725 
546 0.030725 
547 0.030725 
548 0.030725 
549 -0.248270 
550 0.438325 
551 -0.109386 
552 -0.109386 
553 -0.109386 
554 0.030725 
555 -0.109386 
556 -0.109386 
557 -0.109386 
558 -0.237998 
559 0.030725 
560 0.030725 
561 0.030725 
562 -0.248270 
563 -0.385127 
564 -0.385127 
565 -0.109386 
566 -0.109386 
567 -0.109386 
568 0.030725 
569 -0.109386 
570 -0.109386 
571 -0.237998 
572 -0.386001 
573 0.030725 
574 0.233364 
575 0.233364 
576 0.256303 
577 -0.385127 
578 -0.109386 
579 -0.109386 
580 -0.109386 
581 -0.109386 
582 -0.109386 
583 0.030725 
584 0.030725 
585 0.030725 
586 0.485954 
587 0.485954 
588 -0.386001 
589 -0.385127 
590 -0.385127 
591 -0.109386 
592 -0.109386 
593 -0.109386 
594 -0.109386 
595 -0.109386 
596 0.030725 
597 0.030725 
598 0.030725 
599 0.030725 
600 -0.386001 
601 -0.386001 
602 -0.385127 
603 -0.385127 
604 -0.385127 
605 -0.109386 
606 -0.109386 
607 -0.109386 
608 -0.109386 
609 -0.109386 
610 0.030725 
611 0.030725 
612 0.030725 
613 -0.386001 
614 -0.386001 
615 -0.385127 
616 -0.385127 
617 -0.385127 
618 -0.385127 
619 -0.109386 
620 -0.109386 
621 -0.109386 
622 -0.141448 
623 -0.141448 
624 -0.141448 
625 -0.386001 
626 -0.386001 
627 -0.386001 
628 -0.255645 
629 -0.255645 
630 -0.255645 
631 -0.255645 
632 -0.350285 
633 -0.119372 
634 -0.451287 
635 0.204931 
636 0.030725 
637 -0.268229 
638 -0.268229 
639 -0.268229 
640 -0.268229 
641 -0.255645 
642 -0.314241 
643 -0.314241 
644 -0.350285 
645 -0.350285 
646 -0.451287 
647 -0.451287 
648 0.030725 
649 0.030725 
650 -0.268229 
651 -0.268229 
652 -0.268229 
653 -0.268229 
654 -0.255645 
655 -0.255645 
656 0.071622 
657 0.217399 
658 -0.350285 
659 0.066308 
660 -0.451287 
661 -0.299582 
662 0.030725 
663 0.341504 
664 -0.268229 
665 -0.268229 
666 -0.268229 
667 -0.255645 
668 0.071622 
669 0.071622 
670 -0.496556 
671 -0.449581 
672 -0.449581 
673 -0.449581 
674 -0.207856 
675 0.030725 
676 -0.353591 
677 -0.353591 
678 -0.268229 
679 -0.268229 
680 -0.255645 
681 -0.255645 
682 -0.496556 
683 -0.496556 
684 -0.449581 
685 -0.449581 
686 -0.207856 
687 -0.207856 
688 -0.353591 
689 -0.353591 
690 -0.353591 
691 -0.353591 
692 -0.353591 
693 -0.109386 
694 -0.109386 
695 0.258460 
696 -0.496556 
697 -0.429464 
698 0.428844 
699 0.279236 
700 -0.207856 
701 -0.102830 
702 -0.353591 
703 -0.248270 
704 -0.180764 
705 -0.462614 
706 0.290197 
707 0.005158 
708 0.258460 
709 -0.258416 
710 -0.429464 
711 -0.495879 
712 0.279236 
713 -0.081036 
714 -0.072966 
715 -0.072966 
716 -0.180764 
717 -0.180764 
718 -0.180764 
719 0.005158 
720 0.005158 
721 -0.258416 
722 -0.258416 
723 -0.495879 
724 -0.495879 
725 -0.081036 
726 -0.081036 
727 -0.237998 
728 -0.072966 
729 0.030725 
730 -0.180764 
731 -0.248270 
732 -0.385127 
733 0.005158 
734 0.227518 
735 -0.258416 
736 0.261119 
737 -0.495879 
738 -0.222935 
739 -0.081036 
740 -0.476128 
741 -0.141448 
742 0.446931 
743 0.233364 
744 0.233364 
745 -0.385127 
746 -0.385127 
747 0.227518 
748 0.414158 
749 0.261119 
750 -0.132364 
751 -0.222935 
752 0.290258 
753 -0.141448 
754 -0.141448 
755 0.485954 
756 0.146484 
757 0.146484 
758 -0.385127 
759 -0.385127 
760 0.414158 
761 0.414158 
762 -0.132364 
763 -0.132364 
764 0.290258 
765 0.290258 
766 0.290258 
767 -0.141448 
768 0.329038 
769 0.146484 
770 0.146484 
771 -0.378165 
772 -0.385127 
773 -0.385127 
774 0.414158 
775 -0.132364 
776 -0.132364 
777 0.290258 
778 0.290258 
779 -0.160654 
780 -0.160654 
781 0.329038 
782 0.146484 
783 0.146484 
784 -0.385127 
785 -0.378165 
786 -0.385127 
787 -0.385127 
788 -0.385127 
789 -0.385127 
790 -0.093942 
791 -0.093942 
792 -0.160654 
793 -0.160654 
794 0.146484 
795 0.146484 
796 0.163650 
797 -0.255645 
798 -0.255645 
799 -0.350285 
800 -0.350285 
801 0.066308 
802 -0.070574 
803 0.314531 
804 0.204931 
805 -0.268229 
806 -0.268229 
807 -0.268229 
808 -0.268229 
809 -0.268229 
810 -0.255645 
811 -0.255645 
812 -0.255645 
813 0.251458 
814 0.251458 
815 0.074174 
816 -0.451287 
817 -0.451287 
818 -0.451287 
819 -0.268229 
820 -0.268229 
821 -0.268229 
822 -0.268229 
823 -0.255645 
824 -0.255645 
825 0.217399 
826 0.217399 
827 -0.350285 
828 0.066308 
829 0.074174 
830 0.372334 
831 -0.451287 
832 0.341504 
833 -0.210562 
834 -0.268229 
835 -0.268229 
836 -0.255645 
837 0.071622 
838 0.217399 
839 -0.496556 
840 0.217399 
841 -0.449581 
842 -0.373074 
843 -0.451287 
844 -0.451287 
845 -0.465033 
846 -0.417270 
847 -0.268229 
848 -0.268229 
849 -0.396692 
850 -0.251484 
851 0.258460 
852 0.217399 
853 0.217399 
854 0.215183 
855 -0.207856 
856 0.086938 
857 -0.009953 
858 -0.180764 
859 -0.180764 
860 -0.268229 
861 -0.288233 
862 -0.188020 
863 -0.251484 
864 -0.268442 
865 -0.252566 
866 0.217399 
867 0.428844 
868 0.279236 
869 0.086938 
870 -0.102830 
871 -0.353591 
872 -0.248270 
873 -0.180764 
874 -0.462614 
875 0.290197 
876 0.005158 
877 0.258460 
878 -0.375274 
879 -0.429464 
880 -0.246221 
881 0.171091 
882 -0.082918 
883 0.073552 
884 -0.426606 
885 0.258460 
886 -0.248270 
887 0.033117 
888 0.290197 
889 0.005158 
890 -0.188020 
891 -0.258416 
892 -0.495879 
893 -0.295888 
894 -0.081036 
895 0.464176 
896 -0.237998 
897 -0.072966 
898 -0.426606 
899 -0.248270 
900 -0.248270 
901 -0.246221 
902 0.397618 
903 0.397618 
904 0.397618 
905 -0.245816 
906 -0.295888 
907 -0.295888 
908 -0.476128 
909 -0.476128 
910 -0.090181 
911 0.446931 
912 0.233364 
913 0.233364 
914 0.414158 
915 -0.385127 
916 0.227518 
917 -0.086027 
918 0.261119 
919 0.183843 
920 -0.222935 
921 0.290258 
922 -0.157663 
923 0.175567 
924 0.485954 
925 0.146484 
926 0.485954 
927 0.414158 
928 -0.385127 
929 0.414158 
930 -0.385127 
931 -0.157010 
932 -0.132364 
933 -0.093942 
934 -0.093942 
935 -0.157663 
936 -0.141448 
937 0.329038 
938 0.146484 
939 0.146484 
940 -0.378165 
941 0.412279 
942 -0.385127 
943 -0.385127 
944 -0.132364 
945 -0.132364 
946 -0.093942 
947 -0.182645 
948 -0.160654 
949 -0.160654 
950 -0.160654 
951 0.146484 
952 0.146484 
953 -0.378165 
954 -0.378165 
955 0.412279 
956 -0.132364 
957 0.412279 
958 0.412279 
959 -0.093942 
960 -0.093942 
961 -0.182645 
962 -0.160654 
963 -0.160654 
964 -0.190186 
965 0.163650 
966 -0.255645 
967 -0.255645 
968 -0.255645 
969 -0.255645 
970 -0.255645 
971 0.251458 
972 0.074174 
973 0.074174 
974 0.440916 
975 -0.070574 
976 0.074174 
977 0.372334 
978 -0.070574 
979 0.372334 
980 0.341504 
981 0.204931 
982 0.341504 
983 -0.268229 
984 -0.268229 
985 -0.268229 
986 -0.268229 
987 -0.268229 
988 -0.268229 
989 -0.268229 
990 -0.255645 
991 -0.255645 
992 -0.326145 
993 -0.255645 
994 -0.326145 
995 -0.326145 
996 -0.326145 
997 -0.255645 
998 -0.350285 
999 -0.350285 
1000 -0.160400 
1001 -0.350285 
1002 -0.350285 
1003 0.440916 
1004 0.066308 
1005 0.066308 
1006 -0.160400 
1007 -0.070574 
1008 0.314531 
1009 0.314531 
1010 0.314531 
1011 0.314531 
1012 0.314531 
1013 0.204931 
1014 -0.288233 
1015 0.282503 
1016 -0.268229 
1017 -0.299582 
1018 -0.299582 
1019 -0.299582 
1020 -0.299582 
1021 -0.299582 
1022 -0.268229 
1023 -0.268229 
1024 -0.268229 
1025 -0.268229 
1026 -0.268229 
1027 -0.255645 
1028 -0.255645 
1029 -0.326145 
1030 -0.326145 
1031 -0.326145 
1032 -0.255645 
1033 -0.326145 
1034 0.361853 
1035 -0.326145 
1036 -0.326145 
1037 0.217399 
1038 0.066308 
1039 0.066308 
1040 -0.138389 
1041 -0.350285 
1042 -0.350285 
1043 0.074174 
1044 0.314531 
1045 0.314531 
1046 0.443528 
1047 0.314531 
1048 -0.451287 
1049 0.074174 
1050 0.314531 
1051 -0.451287 
1052 0.204931 
1053 -0.299582 
1054 -0.299582 
1055 0.341504 
1056 -0.299582 
1057 -0.268229 
1058 -0.268229 
1059 -0.268229 
1060 -0.288233 
1061 -0.299582 
1062 -0.268229 
1063 -0.268229 
1064 -0.255645 
1065 -0.255645 
1066 -0.255645 
1067 -0.396692 
1068 0.071622 
1069 -0.326145 
1070 -0.326145 
1071 0.217399 
1072 -0.326145 
1073 0.217399 
1074 -0.138389 
1075 -0.350285 
1076 -0.350285 
1077 0.217399 
1078 -0.350285 
1079 -0.449581 
1080 -0.449581 
1081 0.360972 
1082 0.360972 
1083 0.074174 
1084 0.314531 
1085 0.314531 
1086 0.074174 
1087 0.265284 
1088 0.314531 
1089 -0.451287 
1090 0.265284 
1091 0.237619 
1092 0.151736 
1093 -0.268229 
1094 -0.299582 
1095 0.089157 
1096 -0.288233 
1097 -0.288233 
1098 -0.299582 
1099 -0.268229 
1100 -0.268229 
1101 -0.396692 
1102 -0.251484 
1103 -0.396692 
1104 -0.396692 
1105 0.417396 
1106 0.071622 
1107 0.071622 
1108 -0.085751 
1109 -0.496556 
1110 -0.207856 
1111 0.217399 
1112 -0.496556 
1113 -0.496556 
1114 0.498859 
1115 0.279236 
1116 0.279236 
1117 0.498859 
1118 0.360972 
1119 0.200187 
1120 -0.175586 
1121 -0.102830 
1122 -0.102830 
1123 -0.009953 
1124 -0.102830 
1125 -0.102830 
1126 -0.009953 
1127 0.033117 
1128 0.237619 
1129 -0.009953 
1130 0.033117 
1131 -0.180764 
1132 0.151736 
1133 -0.462614 
1134 -0.462614 
1135 -0.462614 
1136 -0.288233 
1137 0.089157 
1138 -0.188020 
1139 0.372334 
1140 0.005158 
1141 0.005158 
1142 0.417396 
1143 0.258460 
1144 -0.251484 
1145 -0.061644 
1146 -0.429464 
1147 -0.429464 
1148 -0.251484 
1149 -0.429464 
1150 -0.429464 
1151 0.498859 
1152 0.279236 
1153 0.279236 
1154 -0.205082 
1155 0.464176 
1156 -0.188020 
1157 0.498859 
1158 -0.102830 
1159 -0.102830 
1160 -0.255582 
1161 -0.102830 
1162 -0.102830 
1163 -0.009953 
1164 -0.102830 
1165 -0.102830 
1166 0.151736 
1167 -0.462614 
1168 -0.462614 
1169 0.151736 
1170 -0.462614 
1171 0.033117 
1172 -0.462614 
1173 -0.462614 
1174 0.116406 
1175 0.290197 
1176 0.372334 
1177 -0.188020 
1178 -0.188020 
1179 0.005158 
1180 -0.258416 
1181 -0.258416 
1182 -0.251484 
1183 -0.495879 
1184 -0.495879 
1185 -0.251484 
1186 0.073552 
1187 0.073552 
1188 -0.102830 
1189 0.313491 
1190 -0.429464 
1191 0.498859 
1192 -0.001008 
1193 -0.001008 
1194 0.498859 
1195 -0.255582 
1196 0.464176 
1197 -0.205082 
1198 -0.102830 
1199 -0.102830 
1200 0.251954 
1201 -0.102830 
1202 -0.102830 
1203 0.258460 
1204 -0.248270 
1205 0.033117 
1206 0.258460 
1207 -0.248270 
1208 0.033117 
1209 -0.203058 
1210 -0.248270 
1211 0.116406 
1212 0.290197 
1213 0.117593 
1214 0.290197 
1215 -0.188020 
1216 -0.457083 
1217 -0.258416 
1218 0.005158 
1219 0.117593 
1220 -0.495879 
1221 -0.495879 
1222 0.243283 
1223 -0.295888 
1224 -0.295888 
1225 0.243283 
1226 -0.429464 
1227 -0.429464 
1228 0.073552 
1229 -0.001008 
1230 0.073552 
1231 -0.205082 
1232 0.290197 
1233 0.464176 
1234 -0.001008 
1235 0.251954 
1236 -0.001008 
1237 0.290197 
1238 -0.237998 
1239 -0.237998 
1240 0.388154 
1241 0.233364 
1242 0.388154 
1243 -0.090512 
1244 -0.090512 
1245 -0.090512 
1246 -0.203058 
1247 -0.248270 
1248 -0.248270 
1249 0.254534 
1250 0.254534 
1251 -0.246221 
1252 -0.246221 
1253 -0.457083 
1254 -0.188020 
1255 0.397618 
1256 0.290197 
1257 0.261119 
1258 0.261119 
1259 0.397618 
1260 0.261119 
1261 0.261119 
1262 -0.239355 
1263 -0.495879 
1264 -0.495879 
1265 0.487524 
1266 0.487524 
1267 -0.295888 
1268 0.217399 
1269 0.008587 
1270 0.464176 
1271 0.217399 
1272 0.008587 
1273 0.008587 
1274 0.464176 
1275 -0.237998 
1276 0.290197 
1277 0.146484 
1278 0.388154 
1279 -0.157856 
1280 -0.248270 
1281 -0.090512 
1282 -0.090512 
1283 -0.248270 
1284 -0.248270 
1285 -0.248270 
1286 0.254534 
1287 0.254534 
1288 -0.246221 
1289 -0.246221 
1290 0.254534 
1291 0.307916 
1292 0.307916 
1293 0.254534 
1294 0.261119 
1295 0.261119 
1296 0.117593 
1297 -0.132364 
1298 -0.132364 
1299 0.429647 
1300 -0.093942 
1301 0.261119 
1302 0.429647 
1303 0.183843 
1304 0.183843 
1305 0.217399 
1306 0.008587 
1307 0.008587 
1308 0.290258 
1309 -0.190186 
1310 -0.190186 
1311 0.008587 
1312 0.008587 
1313 0.008587 
1314 0.146484 
1315 0.146484 
1316 0.313139 
1317 0.388154 
1318 0.485954 
1319 0.485954 
1320 -0.248270 
1321 -0.248270 
1322 -0.248270 
1323 0.254534 
1324 0.254534 
1325 0.414158 
1326 0.414158 
1327 0.254534 
1328 0.307916 
1329 -0.385127 
1330 0.412279 
1331 -0.132364 
1332 -0.132364 
1333 0.307916 
1334 0.261119 
1335 -0.132364 
1336 0.429647 
1337 0.261119 
1338 0.261119 
1339 -0.093942 
1340 -0.185921 
1341 -0.093942 
1342 -0.344202 
1343 -0.344202 
1344 -0.093942 
1345 0.217399 
1346 0.008587 
1347 -0.182645 
1348 0.217399 
1349 0.008587 
1350 0.008587 
1351 -0.190186 
1352 0.146484 
1353 0.146484 
1354 0.313139 
1355 0.146484 
1356 0.313139 
1357 0.313139 
1358 0.146484 
1359 -0.160717 
1360 0.412279 
1361 -0.378165 
1362 0.412279 
1363 0.412279 
1364 0.412279 
1365 0.412279 
1366 0.412279 
1367 -0.435095 
1368 0.307916 
1369 -0.132364 
1370 -0.435095 
1371 -0.132364 
1372 0.412279 
1373 -0.132364 
1374 -0.132364 
1375 -0.132364 
1376 -0.132364 
1377 -0.132364 
1378 -0.093942 
1379 -0.344202 
1380 -0.344202 
1381 -0.093942 
1382 -0.342281 
1383 -0.182645 
1384 -0.182645 
1385 -0.342281 
1386 -0.190186 
1387 -0.160654 
1388 -0.190186 
1389 -0.190186 
1390 -0.190186 
1391 0.313139 
1392 0.163650 
1393 0.163650 
1394 -0.160717 
1395 0.146484 
1396 -0.160717 
1397 -0.378165 
1398 0.412279 
1399 -0.378165 
1400 0.412279 
1401 0.412279 
1402 0.412279 
1403 0.412279 
1404 0.412279 
1405 0.412279 
1406 0.412279 
1407 0.412279 
1408 -0.093942 
1409 -0.093942 
1410 -0.093942 
1411 -0.342281 
1412 -0.182645 
1413 -0.182645 
1414 -0.160654 
1415 -0.160717 
1416 -0.160654 
1417 -0.160717 
1418 -0.157663 
1419 -0.160717 
1420 0.163650 
1421 -0.255645 
1422 -0.255645 
1423 -0.255645 
1424 -0.255645 
1425 -0.104678 
1426 -0.160400 
1427 -0.361329 
1428 -0.160400 
1429 -0.361329 
1430 0.074174 
1431 -0.117363 
1432 -0.070574 
1433 0.372334 
1434 0.341504 
1435 -0.288233 
1436 0.341504 
1437 -0.288233 
1438 -0.268229 
1439 -0.070800 
1440 -0.268229 
1441 -0.070800 
1442 0.414675 
1443 -0.268229 
1444 -0.070800 
1445 -0.255645 
1446 -0.255645 
1447 0.455802 
1448 0.455802 
1449 -0.486100 
1450 0.034501 
1451 -0.255645 
1452 -0.486100 
1453 0.455802 
1454 0.455802 
1455 0.251458 
1456 0.440916 
1457 0.074174 
1458 0.251458 
1459 -0.284277 
1460 0.440916 
1461 0.074174 
1462 -0.284277 
1463 0.074174 
1464 -0.070574 
1465 -0.284277 
1466 -0.070574 
1467 0.372334 
1468 -0.284277 
1469 0.341504 
1470 -0.288233 
1471 0.282503 
1472 0.341504 
1473 -0.288233 
1474 -0.268229 
1475 -0.268229 
1476 -0.268229 
1477 0.414675 
1478 0.414675 
1479 -0.268229 
1480 0.414675 
1481 -0.268229 
1482 -0.255645 
1483 -0.255645 
1484 -0.255645 
1485 0.034501 
1486 -0.486100 
1487 -0.045220 
1488 -0.056957 
1489 0.217399 
1490 0.361853 
1491 0.361853 
1492 0.217399 
1493 -0.138389 
1494 0.200187 
1495 -0.350285 
1496 0.074174 
1497 0.030725 
1498 0.066308 
1499 0.074174 
1500 0.074174 
1501 0.074174 
1502 0.074174 
1503 -0.284277 
1504 0.372334 
1505 0.341504 
1506 0.341504 
1507 -0.451287 
1508 0.282503 
1509 0.341504 
1510 0.341504 
1511 0.341504 
1512 -0.485530 
1513 -0.210562 
1514 -0.268229 
1515 -0.268229 
1516 -0.288233 
1517 -0.268229 
1518 -0.268229 
1519 -0.255645 
1520 -0.396692 
1521 -0.255645 
1522 -0.085751 
1523 0.048683 
1524 0.361853 
1525 0.361853 
1526 0.217399 
1527 0.361853 
1528 0.217399 
1529 -0.496556 
1530 0.487645 
1531 -0.138389 
1532 0.217399 
1533 -0.138389 
1534 0.376458 
1535 -0.449581 
1536 0.074174 
1537 0.074174 
1538 -0.373074 
1539 -0.009953 
1540 -0.009953 
1541 -0.451287 
1542 -0.009953 
1543 -0.009953 
1544 -0.451287 
1545 -0.300874 
1546 -0.300874 
1547 -0.465033 
1548 0.341504 
1549 0.341504 
1550 -0.417270 
1551 -0.288233 
1552 0.414675 
1553 -0.288233 
1554 -0.268229 
1555 -0.288233 
1556 -0.251484 
1557 0.441307 
1558 0.417396 
1559 0.202850 
1560 0.048683 
1561 -0.251484 
1562 -0.251484 
1563 0.258460 
1564 -0.045220 
1565 -0.207856 
1566 0.217399 
1567 -0.138389 
1568 0.498859 
1569 0.217399 
1570 0.498859 
1571 0.498859 
1572 0.215183 
1573 -0.255582 
1574 0.200187 
1575 -0.207856 
1576 -0.009953 
1577 -0.009953 
1578 0.086938 
1579 0.005158 
1580 -0.300874 
1581 -0.009953 
1582 0.151736 
1583 -0.009953 
1584 -0.180764 
1585 0.151736 
1586 -0.070692 
1587 -0.180764 
1588 -0.310543 
1589 0.089157 
1590 -0.288233 
1591 0.089157 
1592 -0.268229 
1593 0.372334 
1594 0.441307 
1595 -0.251484 
1596 0.417396 
1597 -0.452153 
1598 -0.251484 
1599 0.417396 
1600 -0.268442 
1601 -0.251484 
1602 -0.251484 
1603 -0.252566 
1604 0.498859 
1605 0.498859 
1606 0.217399 
1607 0.498859 
1608 0.417396 
1609 0.428844 
1610 0.498859 
1611 -0.188020 
1612 0.279236 
1613 0.251954 
1614 -0.175586 
1615 0.086938 
1616 -0.009953 
1617 -0.009953 
1618 -0.102830 
1619 -0.009953 
1620 -0.009953 
1621 -0.353591 
1622 -0.222935 
1623 0.258460 
1624 0.033117 
1625 0.116406 
1626 -0.310543 
1627 0.137741 
1628 0.116406 
1629 0.007549 
1630 0.372334 
1631 0.290197 
1632 0.372334 
1633 -0.457083 
1634 -0.452153 
1635 -0.387458 
1636 -0.251484 
1637 0.258460 
1638 0.484710 
1639 0.129070 
1640 -0.375274 
1641 -0.019843 
1642 0.061628 
1643 -0.429464 
1644 0.498859 
1645 0.498859 
1646 -0.246221 
1647 -0.205082 
1648 -0.495879 
1649 0.171091 
1650 -0.205082 
1651 -0.205082 
1652 -0.082918 
1653 0.061698 
1654 0.061698 
1655 0.073552 
1656 0.061698 
1657 0.061698 
1658 -0.426606 
1659 -0.203058 
1660 0.116406 
1661 0.258460 
1662 0.116406 
1663 0.116406 
1664 0.137741 
1665 0.116406 
1666 -0.248270 
1667 0.117593 
1668 -0.246221 
1669 -0.457083 
1670 -0.457083 
1671 -0.188020 
1672 0.397618 
1673 0.397618 
1674 -0.188020 
1675 -0.115293 
1676 -0.066625 
1677 -0.258416 
1678 0.314531 
1679 -0.095597 
1680 -0.495879 
1681 -0.102830 
1682 -0.102830 
1683 0.477948 
1684 -0.205082 
1685 -0.205082 
1686 -0.081036 
1687 -0.237958 
1688 -0.205082 
1689 -0.093942 
1690 0.061698 
1691 0.061698 
1692 -0.237998 
1693 -0.426606 
1694 0.251954 
1695 -0.072966 
1696 -0.248270 
1697 -0.248270 
1698 -0.426606 
1699 -0.248270 
1700 -0.362436 
1701 -0.246221 
1702 -0.248270 
1703 -0.248270 
1704 0.254534 
1705 -0.246221 
1706 0.117593 
1707 -0.457083 
1708 0.069963 
1709 -0.457083 
1710 0.117593 
1711 0.397618 
1712 0.468548 
1713 -0.239355 
1714 0.397618 
1715 0.306217 
1716 -0.268442 
1717 -0.245816 
1718 0.341504 
1719 0.341504 
1720 -0.295888 
1721 0.155764 
1722 0.155764 
1723 -0.295888 
1724 0.155764 
1725 0.155764 
1726 -0.476128 
1727 -0.237958 
1728 -0.237958 
1729 -0.476128 
1730 0.061698 
1731 0.061698 
1732 -0.090181 
1733 0.174444 
1734 -0.157856 
1735 0.446931 
1736 -0.248270 
1737 -0.157856 
1738 0.277462 
1739 -0.248270 
1740 0.434932 
1741 0.254534 
1742 -0.378165 
1743 0.254534 
1744 -0.435095 
1745 0.034722 
1746 0.069963 
1747 0.254534 
1748 0.227518 
1749 0.290197 
1750 0.397618 
1751 -0.086027 
1752 -0.342281 
1753 -0.174547 
1754 0.261119 
1755 0.429647 
1756 -0.093942 
1757 0.183843 
1758 0.217399 
1759 0.217399 
1760 -0.222935 
1761 0.217399 
1762 0.217399 
1763 0.290258 
1764 0.217399 
1765 0.217399 
1766 -0.157663 
1767 -0.237958 
1768 0.115568 
1769 0.175567 
1770 -0.100439 
1771 0.115568 
1772 0.485954 
1773 -0.157856 
1774 -0.100439 
1775 0.277462 
1776 -0.248270 
1777 -0.248270 
1778 0.254534 
1779 -0.378165 
1780 -0.435095 
1781 0.254534 
1782 0.034722 
1783 -0.435095 
1784 0.254534 
1785 0.414158 
1786 0.412279 
1787 -0.387458 
1788 -0.385127 
1789 0.429647 
1790 0.429647 
1791 -0.157010 
1792 0.429647 
1793 0.244791 
1794 -0.093942 
1795 0.429647 
1796 -0.116628 
1797 -0.093942 
1798 0.217399 
1799 0.217399 
1800 -0.093942 
1801 0.217399 
1802 -0.182645 
1803 -0.157663 
1804 -0.157663 
1805 -0.160717 
1806 -0.141448 
1807 0.135368 
1808 -0.160717 
1809 0.329038 
1810 -0.160717 
1811 0.313139 
1812 0.163650 
1813 -0.160717 
1814 0.171935 
1815 -0.378165 
1816 -0.378165 
1817 0.412279 
1818 -0.378165 
1819 0.412279 
1820 -0.435095 
1821 0.412279 
1822 0.412279 
1823 0.307916 
1824 0.412279 
1825 0.034722 
1826 0.307916 
1827 0.307916 
1828 -0.350285 
1829 0.429647 
1830 0.412279 
1831 0.277308 
1832 -0.093942 
1833 -0.093942 
1834 -0.185921 
1835 -0.344202 
1836 -0.342281 
1837 0.277308 
1838 -0.342281 
1839 -0.182645 
1840 0.277308 
1841 -0.190186 
1842 -0.160717 
1843 -0.435615 
1844 -0.190186 
1845 -0.160717 
1846 -0.435615 
1847 0.313139 
1848 0.163650 
1849 -0.157663 
1850 -0.160717 
1851 0.171935 
1852 -0.378165 
1853 -0.378165 
1854 -0.378165 
1855 0.412279 
1856 0.412279 
1857 0.412279 
1858 -0.132364 
1859 0.412279 
1860 0.412279 
1861 0.412279 
1862 0.412279 
1863 -0.093942 
1864 -0.093942 
1865 -0.342281 
1866 -0.093942 
1867 -0.182645 
1868 -0.182645 
1869 -0.160717 
1870 -0.160654 
1871 -0.160717 
1872 -0.160654 
1873 -0.160717 
1874 -0.157663 
1875 0.163650 
1876 0.455802 
1877 -0.255645 
1878 -0.255645 
1879 -0.104678 
1880 -0.255645 
1881 -0.361329 
1882 0.254534 
1883 -0.361329 
1884 -0.070574 
1885 -0.117363 
1886 -0.070574 
1887 0.372334 
1888 -0.070574 
1889 -0.288233 
1890 0.341504 
1891 -0.288233 
1892 0.341504 
1893 -0.070800 
1894 -0.070800 
1895 -0.070800 
1896 -0.070800 
1897 -0.077892 
1898 -0.070800 
1899 -0.070800 
1900 -0.255645 
1901 -0.349026 
1902 -0.255645 
1903 -0.486100 
1904 -0.486100 
1905 -0.486100 
1906 -0.255645 
1907 0.455802 
1908 -0.350285 
1909 -0.104678 
1910 -0.399918 
1911 0.029278 
1912 -0.361329 
1913 -0.160400 
1914 0.372334 
1915 -0.117363 
1916 -0.070574 
1917 0.372334 
1918 0.372334 
1919 -0.070574 
1920 -0.237958 
1921 0.372334 
1922 -0.095597 
1923 -0.093435 
1924 -0.288233 
1925 0.498859 
1926 -0.093435 
1927 -0.093435 
1928 0.498859 
1929 -0.268229 
1930 -0.070800 
1931 -0.055557 
1932 -0.268229 
1933 -0.268229 
1934 0.414675 
1935 -0.077892 
1936 -0.070800 
1937 -0.463143 
1938 -0.349026 
1939 -0.486100 
1940 -0.486100 
1941 -0.385127 
1942 -0.486100 
1943 -0.285225 
1944 0.034501 
1945 -0.486100 
1946 0.117593 
1947 -0.203058 
1948 0.011996 
1949 -0.324774 
1950 0.027824 
1951 0.117593 
1952 0.117593 
1953 -0.268442 
1954 0.372334 
1955 -0.307449 
1956 0.030725 
1957 -0.237958 
1958 -0.160400 
1959 0.070587 
1960 -0.451287 
1961 -0.451287 
1962 0.341504 
1963 -0.417270 
1964 -0.417270 
1965 0.341504 
1966 -0.417270 
1967 -0.417270 
1968 0.341504 
1969 -0.288233 
1970 -0.268229 
1971 -0.070800 
1972 -0.268229 
1973 0.414675 
1974 -0.396692 
1975 -0.285225 
1976 0.048683 
1977 0.034501 
1978 -0.463143 
1979 0.161444 
1980 -0.083881 
1981 -0.349026 
1982 0.217399 
1983 0.217399 
1984 -0.045220 
1985 -0.327804 
1986 -0.092814 
1987 -0.136348 
1988 0.117593 
1989 0.117593 
1990 -0.405421 
1991 0.086938 
1992 0.086938 
1993 -0.472545 
1994 -0.451287 
1995 -0.451287 
1996 0.306217 
1997 0.423706 
1998 0.423706 
1999 0.414158 
2000 -0.180764 
2001 -0.251484 
2002 0.279240 
2003 0.341504 
2004 -0.417270 
2005 0.089157 
2006 -0.288233 
2007 -0.288233 
2008 -0.055557 
2009 -0.288233 
2010 0.414675 
2011 -0.452153 
2012 -0.285225 
2013 -0.396692 
2014 -0.463143 
2015 0.417396 
2016 0.161444 
2017 0.048683 
2018 -0.251484 
2019 -0.122774 
2020 0.008086 
2021 0.016236 
2022 -0.420279 
2023 -0.420279 
2024 0.243591 
2025 -0.420279 
2026 -0.420279 
2027 -0.078543 
2028 0.089157 
2029 0.086938 
2030 -0.160400 
2031 0.086938 
2032 0.086938 
2033 0.350722 
2034 0.005158 
2035 -0.451287 
2036 -0.387458 
2037 -0.451287 
2038 -0.451287 
2039 -0.300874 
2040 0.423706 
2041 0.423706 
2042 -0.310543 
2043 -0.268229 
2044 -0.288233 
2045 -0.310543 
2046 -0.268229 
2047 0.089157 
2048 0.441307 
2049 0.372334 
2050 -0.452153 
2051 0.441307 
2052 -0.190275 
2053 0.355636 
2054 0.258460 
2055 0.202850 
2056 -0.252566 
2057 0.180285 
2058 -0.422923 
2059 -0.252566 
2060 0.073552 
2061 0.056539 
2062 -0.123411 
2063 0.016236 
2064 0.143123 
2065 -0.420279 
2066 -0.420279 
2067 0.121163 
2068 0.208911 
2069 0.208911 
2070 -0.351384 
2071 0.046292 
2072 -0.237958 
2073 0.292637 
2074 0.423706 
2075 -0.069600 
2076 0.360089 
2077 0.007549 
2078 0.137741 
2079 0.116406 
2080 0.007549 
2081 0.137741 
2082 0.116406 
2083 0.007549 
2084 0.116406 
2085 -0.463392 
2086 0.372334 
2087 -0.188020 
2088 -0.188020 
2089 -0.190275 
2090 -0.463392 
2091 -0.452153 
2092 0.147823 
2093 0.258460 
2094 0.443528 
2095 -0.300874 
2096 -0.252566 
2097 -0.252566 
2098 0.275925 
2099 -0.420279 
2100 -0.420279 
2101 0.499145 
2102 -0.420279 
2103 -0.420279 
2104 0.198528 
2105 -0.024710 
2106 0.157301 
2107 0.246050 
2108 0.208911 
2109 -0.426606 
2110 -0.167374 
2111 0.261119 
2112 -0.426606 
2113 -0.079539 
2114 0.007549 
2115 -0.246221 
2116 -0.362436 
2117 -0.248270 
2118 0.033117 
2119 -0.362436 
2120 -0.248270 
2121 0.116406 
2122 -0.246221 
2123 0.227518 
2124 -0.463392 
2125 -0.188020 
2126 -0.123411 
2127 0.397618 
2128 -0.463392 
2129 0.372334 
2130 0.397618 
2131 0.397618 
2132 -0.232862 
2133 -0.174673 
2134 -0.245816 
2135 0.016613 
2136 0.073815 
2137 -0.295888 
2138 -0.048025 
2139 0.157301 
2140 -0.093942 
2141 0.056497 
2142 0.208911 
2143 0.208911 
2144 -0.056957 
2145 -0.426606 
2146 -0.426606 
2147 -0.190186 
2148 -0.426606 
2149 -0.426606 
2150 0.061698 
2151 -0.426606 
2152 0.434932 
2153 0.440555 
2154 -0.246221 
2155 0.434932 
2156 0.211073 
2157 -0.248270 
2158 -0.463392 
2159 -0.246221 
2160 0.227518 
2161 -0.246221 
2162 0.233364 
2163 -0.457083 
2164 0.227518 
2165 0.227518 
2166 0.372334 
2167 0.173781 
2168 0.173781 
2169 0.267329 
2170 -0.245816 
2171 0.397618 
2172 0.472106 
2173 -0.245816 
2174 -0.245816 
2175 -0.422923 
2176 -0.092814 
2177 0.232014 
2178 0.362098 
2179 -0.093942 
2180 -0.476128 
2181 0.331516 
2182 -0.476128 
2183 -0.486270 
2184 0.174444 
2185 -0.426606 
2186 -0.426606 
2187 0.171935 
2188 0.008587 
2189 0.277462 
2190 0.307916 
2191 0.434932 
2192 0.277462 
2193 -0.157856 
2194 0.434932 
2195 -0.164808 
2196 -0.378165 
2197 0.227518 
2198 0.034722 
2199 0.233364 
2200 -0.435095 
2201 0.268888 
2202 0.414158 
2203 0.146484 
2204 0.227518 
2205 -0.079539 
2206 0.439257 
2207 -0.092814 
2208 0.397618 
2209 0.023000 
2210 -0.093942 
2211 -0.093942 
2212 0.341504 
2213 -0.093942 
2214 -0.093942 
2215 -0.077892 
2216 0.171935 
2217 0.217399 
2218 0.155764 
2219 -0.476128 
2220 -0.157663 
2221 -0.416123 
2222 -0.157663 
2223 -0.157663 
2224 -0.476128 
2225 0.008587 
2226 0.200399 
2227 -0.129815 
2228 -0.248270 
2229 0.200399 
2230 -0.157856 
2231 -0.248270 
2232 -0.164808 
2233 -0.378165 
2234 0.254534 
2235 -0.378165 
2236 0.034722 
2237 -0.435095 
2238 0.227518 
2239 0.034722 
2240 0.412279 
2241 -0.486270 
2242 -0.361329 
2243 0.382888 
2244 -0.310543 
2245 0.277308 
2246 0.275096 
2247 -0.093942 
2248 0.277308 
2249 0.275096 
2250 0.031091 
2251 -0.093942 
2252 -0.255645 
2253 -0.093942 
2254 0.277308 
2255 0.360089 
2256 -0.157663 
2257 -0.157663 
2258 0.217399 
2259 -0.157663 
2260 -0.435615 
2261 -0.129815 
2262 -0.157663 
2263 -0.157663 
2264 -0.129815 
2265 0.171935 
2266 -0.019843 
2267 0.172229 
2268 0.171935 
2269 -0.160717 
2270 -0.378165 
2271 -0.378165 
2272 -0.378165 
2273 -0.378165 
2274 0.412279 
2275 0.034722 
2276 0.034722 
2277 -0.435095 
2278 0.034722 
2279 0.412279 
2280 -0.435095 
2281 -0.157010 
2282 0.277308 
2283 -0.350285 
2284 -0.157010 
2285 0.277308 
2286 0.435569 
2287 0.277308 
2288 -0.093942 
2289 -0.342281 
2290 0.277308 
2291 0.277308 
2292 0.277308 
2293 0.277308 
2294 -0.089281 
2295 -0.342281 
2296 -0.435615 
2297 -0.157663 
2298 -0.028858 
2299 -0.435615 
2300 -0.157663 
2301 -0.028858 
2302 -0.019843 
2303 0.163650 
2304 0.172229 
2305 0.171935 
2306 -0.160717 
2307 -0.378165 
2308 -0.378165 
2309 -0.378165 
2310 0.412279 
2311 0.412279 
2312 0.412279 
2313 0.412279 
2314 -0.350285 
2315 0.412279 
2316 0.277308 
2317 0.412279 
2318 -0.185921 
2319 -0.093942 
2320 -0.185921 
2321 -0.342281 
2322 -0.089281 
2323 -0.182645 
2324 -0.157663 
2325 -0.160717 
2326 -0.157663 
2327 -0.160717 
2328 -0.157663 
2329 -0.160717 
2330 0.171935 
2331 -0.371018 
2332 0.254534 
2333 -0.255645 
2334 0.254534 
2335 -0.104678 
2336 0.254534 
2337 -0.361329 
2338 -0.070574 
2339 -0.361329 
2340 -0.070574 
2341 -0.117363 
2342 -0.070574 
2343 -0.079539 
2344 0.341504 
2345 -0.079539 
2346 0.341504 
2347 -0.079539 
2348 -0.070800 
2349 -0.070800 
2350 -0.070800 
2351 -0.070800 
2352 -0.070800 
2353 -0.077892 
2354 -0.070800 
2355 -0.349026 
2356 -0.349026 
2357 -0.349026 
2358 -0.385127 
2359 -0.486100 
2360 -0.385127 
2361 0.254534 
2362 -0.486100 
2363 0.254534 
2364 0.017214 
2365 0.029278 
2366 -0.399918 
2367 -0.399918 
2368 0.017214 
2369 -0.070574 
2370 -0.070574 
2371 0.443064 
2372 -0.070574 
2373 -0.070574 
2374 0.443064 
2375 0.498859 
2376 -0.070574 
2377 -0.095597 
2378 0.498859 
2379 0.341504 
2380 0.061628 
2381 0.498859 
2382 0.341504 
2383 -0.093435 
2384 0.498859 
2385 -0.070800 
2386 -0.268229 
2387 0.414675 
2388 -0.070800 
2389 -0.077892 
2390 -0.070800 
2391 -0.077892 
2392 -0.349026 
2393 0.214835 
2394 -0.349026 
2395 -0.385127 
2396 -0.255645 
2397 -0.385127 
2398 -0.349026 
2399 -0.277389 
2400 -0.334272 
2401 -0.334272 
2402 -0.421447 
2403 -0.322594 
2404 -0.399918 
2405 0.117593 
2406 -0.070574 
2407 -0.070574 
2408 0.117593 
2409 -0.070574 
2410 -0.070574 
2411 0.372334 
2412 -0.070574 
2413 -0.070574 
2414 0.033452 
2415 -0.095597 
2416 -0.070574 
2417 -0.417270 
2418 -0.417270 
2419 0.498859 
2420 -0.093435 
2421 0.341504 
2422 -0.055557 
2423 -0.417270 
2424 0.414675 
2425 -0.055557 
2426 -0.288233 
2427 0.414675 
2428 -0.070800 
2429 0.227205 
2430 0.214835 
2431 -0.385127 
2432 -0.385127 
2433 -0.463143 
2434 -0.285225 
2435 -0.285225 
2436 0.034501 
2437 -0.334272 
2438 -0.456319 
2439 -0.285225 
2440 -0.456319 
2441 -0.456319 
2442 0.116406 
2443 -0.080825 
2444 0.376458 
2445 -0.258416 
2446 -0.322594 
2447 -0.322594 
2448 0.074174 
2449 -0.212893 
2450 -0.373074 
2451 -0.115307 
2452 0.232014 
2453 0.232014 
2454 0.147823 
2455 -0.223355 
2456 -0.223355 
2457 0.027824 
2458 0.439561 
2459 -0.223355 
2460 -0.417270 
2461 0.089157 
2462 0.439561 
2463 0.306217 
2464 0.414675 
2465 -0.070800 
2466 -0.285225 
2467 0.441307 
2468 0.227205 
2469 -0.285225 
2470 0.048683 
2471 -0.349026 
2472 -0.349026 
2473 0.161444 
2474 0.467744 
2475 -0.456319 
2476 0.161444 
2477 -0.045220 
2478 -0.334272 
2479 0.197218 
2480 -0.456319 
2481 -0.456319 
2482 0.299654 
2483 -0.285225 
2484 -0.322594 
2485 0.360972 
2486 0.232014 
2487 0.232014 
2488 -0.152741 
2489 -0.300874 
2490 0.232014 
2491 0.407914 
2492 0.116406 
2493 0.423706 
2494 0.423706 
2495 0.116406 
2496 -0.195510 
2497 -0.421447 
2498 -0.310543 
2499 -0.310543 
2500 -0.288233 
2501 0.089157 
2502 0.052792 
2503 0.372334 
2504 -0.334272 
2505 -0.190275 
2506 -0.146334 
2507 0.008922 
2508 -0.285225 
2509 -0.285225 
2510 -0.361329 
2511 -0.285225 
2512 0.202850 
2513 0.048360 
2514 -0.456319 
2515 -0.456319 
2516 0.121163 
2517 -0.028858 
2518 -0.059103 
2519 -0.420279 
2520 -0.028858 
2521 -0.028858 
2522 0.027037 
2523 0.227518 
2524 0.437834 
2525 0.227518 
2526 0.232014 
2527 0.232014 
2528 -0.496529 
2529 0.116406 
2530 0.046292 
2531 0.351152 
2532 0.116406 
2533 0.116406 
2534 0.288709 
2535 0.116406 
2536 -0.310543 
2537 0.137741 
2538 0.116406 
2539 0.007549 
2540 0.372334 
2541 -0.175586 
2542 0.372334 
2543 -0.190275 
2544 0.472106 
2545 0.372334 
2546 -0.190275 
2547 -0.146334 
2548 0.493745 
2549 0.143997 
2550 0.331405 
2551 0.143997 
2552 0.143997 
2553 0.348478 
2554 -0.028858 
2555 -0.451287 
2556 -0.486100 
2557 0.316862 
2558 0.316862 
2559 0.157301 
2560 -0.028858 
2561 -0.028858 
2562 0.208911 
2563 0.061698 
2564 0.061698 
2565 0.440916 
2566 0.061698 
2567 0.061698 
2568 0.010727 
2569 0.007549 
2570 0.362098 
2571 -0.399918 
2572 0.211073 
2573 0.316862 
2574 0.137741 
2575 0.211073 
2576 -0.248270 
2577 0.227518 
2578 -0.175586 
2579 -0.123411 
2580 -0.123411 
2581 0.472106 
2582 -0.146334 
2583 -0.123411 
2584 0.173781 
2585 0.143997 
2586 0.498859 
2587 0.451433 
2588 0.143997 
2589 -0.268442 
2590 0.499908 
2591 0.143997 
2592 0.143997 
2593 0.415284 
2594 0.275563 
2595 0.275563 
2596 0.443528 
2597 0.275563 
2598 0.204931 
2599 -0.239525 
2600 0.061698 
2601 0.061698 
2602 0.329230 
2603 -0.426606 
2604 -0.075126 
2605 -0.100439 
2606 -0.456319 
2607 0.061698 
2608 -0.426606 
2609 -0.463392 
2610 0.316862 
2611 -0.246221 
2612 -0.463392 
2613 -0.248270 
2614 0.227518 
2615 0.233364 
2616 0.227518 
2617 -0.093942 
2618 0.233364 
2619 0.227518 
2620 -0.093942 
2621 0.182359 
2622 -0.426606 
2623 -0.247666 
2624 0.163650 
2625 -0.426606 
2626 -0.426606 
2627 -0.496529 
2628 0.341504 
2629 0.143997 
2630 0.089157 
2631 0.275563 
2632 -0.367456 
2633 -0.349026 
2634 0.383940 
2635 0.383940 
2636 0.154076 
2637 0.275563 
2638 0.275563 
2639 0.358401 
2640 0.151736 
2641 -0.082918 
2642 -0.157010 
2643 -0.344202 
2644 0.103788 
2645 -0.274079 
2646 -0.164808 
2647 -0.456319 
2648 0.277462 
2649 -0.164808 
2650 0.434932 
2651 0.227518 
2652 -0.378165 
2653 0.227518 
2654 0.154076 
2655 -0.033490 
2656 0.227518 
2657 0.115409 
2658 0.227518 
2659 -0.426606 
2660 -0.426606 
2661 0.223291 
2662 0.158473 
2663 0.455802 
2664 -0.075898 
2665 -0.426606 
2666 -0.426606 
2667 -0.435696 
2668 0.360089 
2669 0.360089 
2670 0.432761 
2671 0.275563 
2672 0.275563 
2673 0.360152 
2674 0.275563 
2675 0.275563 
2676 0.460780 
2677 -0.129815 
2678 -0.129815 
2679 0.194209 
2680 -0.129815 
2681 0.307916 
2682 0.275925 
2683 0.090122 
2684 -0.344202 
2685 0.277462 
2686 -0.164808 
2687 -0.248270 
2688 -0.378165 
2689 -0.378165 
2690 -0.378165 
2691 0.154076 
2692 0.233364 
2693 0.227518 
2694 0.439862 
2695 0.227518 
2696 0.304226 
2697 0.227518 
2698 -0.136348 
2699 -0.426606 
2700 -0.426606 
2701 0.158473 
2702 0.435569 
2703 -0.230034 
2704 -0.086027 
2705 0.269122 
2706 0.033117 
2707 0.155764 
2708 0.269122 
2709 0.269122 
2710 -0.089281 
2711 0.269122 
2712 0.269122 
2713 -0.157663 
2714 -0.157663 
2715 -0.028858 
2716 -0.277757 
2717 -0.129815 
2718 0.172229 
2719 -0.019843 
2720 0.172229 
2721 0.172229 
2722 -0.019843 
2723 0.172229 
2724 0.171935 
2725 0.412279 
2726 -0.378165 
2727 0.412279 
2728 0.412279 
2729 -0.378165 
2730 0.412279 
2731 0.154076 
2732 -0.033490 
2733 0.154076 
2734 0.412279 
2735 0.034722 
2736 0.412279 
2737 -0.268229 
2738 -0.486270 
2739 0.435569 
2740 0.435569 
2741 -0.310543 
2742 -0.118157 
2743 0.091850 
2744 0.441307 
2745 -0.118157 
2746 0.269122 
2747 0.277308 
2748 -0.028858 
2749 0.269122 
2750 0.277308 
2751 -0.028858 
2752 0.269122 
2753 -0.028858 
2754 -0.028858 
2755 -0.028858 
2756 -0.435615 
2757 0.172229 
2758 0.171935 
2759 0.172229 
2760 0.172229 
2761 0.171935 
2762 -0.378165 
2763 0.412279 
2764 -0.378165 
2765 -0.378165 
2766 -0.278229 
2767 0.412279 
2768 -0.278317 
2769 -0.268229 
2770 0.163526 
2771 -0.268229 
2772 -0.385788 
2773 0.091850 
2774 -0.385788 
2775 0.269122 
2776 -0.089281 
2777 0.269122 
2778 0.326319 
2779 0.269122 
2780 0.326319 
2781 -0.028858 
2782 -0.160717 
2783 -0.028858 
2784 -0.160717 
2785 0.163650 
2786 -0.385127 
2787 0.414007 
2788 0.254534 
2789 0.017214 
2790 0.254534 
2791 0.117593 
2792 -0.386676 
2793 0.372334 
2794 0.217399 
2795 0.372334 
2796 -0.203946 
2797 -0.079539 
2798 -0.070574 
2799 -0.079539 
2800 -0.070574 
2801 -0.079539 
2802 -0.070574 
2803 -0.070800 
2804 -0.070574 
2805 -0.070800 
2806 -0.070574 
2807 -0.077892 
2808 -0.070800 
2809 -0.070800 
2810 -0.349026 
2811 -0.349026 
2812 -0.371018 
2813 -0.371018 
2814 -0.334272 
2815 0.017214 
2816 0.414007 
2817 -0.371018 
2818 0.017214 
2819 0.017214 
2820 0.254534 
2821 0.029278 
2822 0.117593 
2823 -0.399918 
2824 0.443064 
2825 0.372334 
2826 -0.070574 
2827 0.443064 
2828 0.372334 
2829 -0.070574 
2830 0.175567 
2831 -0.079539 
2832 -0.095597 
2833 -0.093435 
2834 -0.079539 
2835 0.498859 
2836 -0.093435 
2837 -0.093435 
2838 0.498859 
2839 -0.070800 
2840 -0.070800 
2841 -0.055557 
2842 -0.070800 
2843 -0.070800 
2844 -0.070800 
2845 -0.077892 
2846 -0.070800 
2847 0.214835 
2848 -0.349026 
2849 -0.349026 
2850 -0.463143 
2851 -0.385127 
2852 -0.334272 
2853 0.414007 
2854 -0.349026 
2855 0.117593 
2856 0.117593 
2857 0.414007 
2858 0.414007 
2859 0.414007 
2860 0.007549 
2861 0.117593 
2862 0.117593 
2863 0.253445 
2864 -0.373074 
2865 0.443064 
2866 -0.373074 
2867 -0.212893 
2868 0.175567 
2869 0.286994 
2870 -0.135596 
2871 -0.160654 
2872 0.407304 
2873 0.061628 
2874 -0.079539 
2875 0.256303 
2876 -0.077892 
2877 -0.387458 
2878 -0.070574 
2879 -0.070800 
2880 -0.070800 
2881 -0.055557 
2882 -0.070800 
2883 0.414675 
2884 0.214835 
2885 0.227205 
2886 0.214835 
2887 0.064741 
2888 -0.463143 
2889 -0.361329 
2890 -0.361329 
2891 -0.349026 
2892 0.214835 
2893 0.329230 
2894 0.258460 
2895 0.414007 
2896 -0.119372 
2897 0.010727 
2898 0.188378 
2899 -0.045839 
2900 -0.322594 
2901 -0.212893 
2902 -0.212893 
2903 0.388154 
2904 -0.212893 
2905 -0.373074 
2906 0.332960 
2907 -0.212893 
2908 -0.212893 
2909 -0.092814 
2910 0.423706 
2911 -0.079539 
2912 0.214835 
2913 0.052792 
2914 0.306217 
2915 -0.160654 
2916 -0.037814 
2917 -0.037814 
2918 0.440555 
2919 -0.070800 
2920 -0.077892 
2921 -0.334272 
2922 0.227205 
2923 -0.463143 
2924 -0.463143 
2925 0.380110 
2926 -0.361329 
2927 -0.361329 
2928 -0.285225 
2929 -0.361329 
2930 -0.361329 
2931 0.171091 
2932 -0.420279 
2933 -0.210562 
2934 -0.456319 
2935 -0.420279 
2936 -0.420279 
2937 0.161404 
2938 0.307916 
2939 0.258460 
2940 -0.080825 
2941 -0.212893 
2942 -0.212893 
2943 -0.361329 
2944 0.064741 
2945 -0.212893 
2946 0.434972 
2947 0.046292 
2948 0.046292 
2949 0.483077 
2950 0.331860 
2951 -0.260654 
2952 0.052792 
2953 0.052792 
2954 -0.037814 
2955 0.440555 
2956 0.052792 
2957 -0.093942 
2958 -0.334272 
2959 0.372334 
2960 -0.334272 
2961 0.008922 
2962 -0.190275 
2963 -0.361329 
2964 -0.361329 
2965 0.227205 
2966 -0.299772 
2967 0.131010 
2968 0.388321 
2969 -0.451287 
2970 -0.420279 
2971 -0.129815 
2972 -0.451287 
2973 0.412279 
2974 -0.105876 
2975 -0.420279 
2976 0.063904 
2977 -0.465033 
2978 0.208911 
2979 0.208911 
2980 0.135368 
2981 0.046292 
2982 0.046292 
2983 0.437834 
2984 0.046292 
2985 0.046292 
2986 -0.429464 
2987 0.046292 
2988 0.267329 
2989 -0.159096 
2990 -0.421447 
2991 0.046292 
2992 0.211073 
2993 0.046292 
2994 -0.093942 
2995 -0.175586 
2996 0.372334 
2997 -0.334272 
2998 0.472106 
2999 -0.190275 
3000 0.008922 
3001 -0.299582 
3002 0.011996 
3003 0.487780 
3004 -0.160654 
3005 0.331405 
3006 -0.451287 
3007 -0.451287 
3008 -0.404025 
3009 0.206033 
3010 -0.451287 
3011 -0.164808 
3012 -0.056957 
3013 0.171091 
3014 -0.028858 
3015 0.307916 
3016 0.171091 
3017 -0.135596 
3018 0.217399 
3019 0.208911 
3020 -0.186885 
3021 0.046292 
3022 0.046292 
3023 0.388321 
3024 -0.328235 
3025 0.046292 
3026 0.316862 
3027 0.011419 
3028 0.288709 
3029 0.316862 
3030 0.011419 
3031 0.211073 
3032 -0.175586 
3033 0.227518 
3034 -0.175586 
3035 0.472106 
3036 -0.123411 
3037 0.472106 
3038 -0.146334 
3039 -0.037814 
3040 0.253892 
3041 0.487780 
3042 0.336569 
3043 0.143997 
3044 0.487780 
3045 -0.144988 
3046 -0.182182 
3047 -0.102830 
3048 -0.278776 
3049 0.310053 
3050 0.341132 
3051 0.477039 
3052 -0.182182 
3053 -0.182182 
3054 0.383940 
3055 0.208911 
3056 0.208911 
3057 -0.105775 
3058 0.350722 
3059 -0.245816 
3060 -0.452153 
3061 -0.421368 
3062 -0.163828 
3063 0.477039 
3064 0.299654 
3065 0.299654 
3066 0.211073 
3067 0.011419 
3068 -0.463392 
3069 0.233364 
3070 0.227518 
3071 0.233364 
3072 0.233364 
3073 -0.093942 
3074 0.227518 
3075 0.227518 
3076 -0.350741 
3077 0.033898 
3078 0.158473 
3079 -0.054096 
3080 0.487780 
3081 0.487780 
3082 -0.154912 
3083 -0.212893 
3084 -0.328235 
3085 -0.457083 
3086 0.013362 
3087 -0.212893 
3088 -0.285225 
3089 -0.216113 
3090 -0.182182 
3091 0.275563 
3092 -0.106243 
3093 -0.106243 
3094 0.034722 
3095 -0.327804 
3096 0.155764 
3097 -0.268229 
3098 0.016613 
3099 0.477039 
3100 0.307916 
3101 0.011419 
3102 -0.421368 
3103 0.299654 
3104 0.011419 
3105 -0.164808 
3106 -0.378165 
3107 0.227518 
3108 0.233364 
3109 0.233364 
3110 0.115409 
3111 -0.136348 
3112 -0.136348 
3113 0.227518 
3114 0.487780 
3115 0.310053 
3116 0.341459 
3117 0.158473 
3118 0.284184 
3119 -0.426606 
3120 -0.092078 
3121 0.155764 
3122 0.023000 
3123 -0.212893 
3124 -0.212893 
3125 0.204931 
3126 -0.294521 
3127 0.439862 
3128 0.423706 
3129 -0.069600 
3130 -0.277757 
3131 -0.232408 
3132 0.034501 
3133 0.033898 
3134 -0.104678 
3135 -0.104612 
3136 -0.327804 
3137 0.033898 
3138 0.090122 
3139 0.299654 
3140 -0.363281 
3141 0.090122 
3142 -0.164808 
3143 -0.378165 
3144 0.033898 
3145 -0.378165 
3146 0.233364 
3147 0.154076 
3148 -0.033490 
3149 0.227518 
3150 0.154076 
3151 0.227518 
3152 0.227518 
3153 -0.350741 
3154 0.158473 
3155 0.412279 
3156 -0.426606 
3157 -0.122774 
3158 0.441307 
3159 -0.079539 
3160 -0.080825 
3161 -0.375274 
3162 0.180285 
3163 0.269122 
3164 0.269122 
3165 0.269122 
3166 -0.095380 
3167 0.182546 
3168 0.269122 
3169 -0.095380 
3170 -0.095380 
3171 -0.277757 
3172 -0.095380 
3173 0.350722 
3174 0.033898 
3175 0.171935 
3176 -0.019843 
3177 0.172229 
3178 0.171935 
3179 0.171935 
3180 -0.378165 
3181 -0.378165 
3182 -0.378165 
3183 -0.378165 
3184 0.412279 
3185 -0.033490 
3186 -0.278229 
3187 -0.378165 
3188 0.412279 
3189 -0.278317 
3190 -0.090512 
3191 0.412279 
3192 0.163526 
3193 -0.090512 
3194 0.441307 
3195 -0.385788 
3196 0.435569 
3197 0.441307 
3198 0.091850 
3199 -0.351384 
3200 -0.375274 
3201 -0.089281 
3202 0.269122 
3203 -0.092078 
3204 0.326319 
3205 0.269122 
3206 -0.092078 
3207 -0.092078 
3208 -0.028858 
3209 -0.019843 
3210 -0.160717 
3211 -0.028858 
3212 -0.019843 
3213 -0.019843 
3214 0.172229 
3215 0.171935 
3216 0.171935 
3217 -0.378165 
3218 -0.378165 
3219 0.412279 
3220 -0.278229 
3221 -0.378165 
3222 -0.278317 
3223 0.011996 
3224 0.163526 
3225 0.011996 
3226 -0.385788 
3227 -0.199545 
3228 -0.385788 
3229 -0.199545 
3230 -0.089281 
3231 -0.118157 
3232 0.326319 
3233 0.269122 
3234 0.326319 
3235 0.269122 
3236 -0.160717 
3237 0.443528 
3238 -0.160717 
3239 0.443528 
3240 0.171935 
3241 -0.371018 
3242 0.254534 
3243 0.414007 
3244 0.254534 
3245 0.017214 
3246 -0.386676 
3247 0.414007 
3248 0.217399 
3249 0.414007 
3250 -0.203946 
3251 0.372334 
3252 -0.070574 
3253 -0.079539 
3254 -0.070574 
3255 -0.079539 
3256 -0.070574 
3257 -0.079539 
3258 -0.070574 
3259 -0.070800 
3260 -0.070574 
3261 -0.070800 
3262 -0.077892 
3263 -0.077892 
3264 -0.077892 
3265 -0.295888 
3266 -0.349026 
3267 -0.349026 
3268 -0.349026 
3269 -0.371018 
3270 -0.311487 
3271 0.254534 
3272 -0.371018 
3273 -0.386676 
3274 0.017214 
3275 0.017214 
3276 0.217399 
3277 -0.386676 
3278 0.017214 
3279 0.217399 
3280 0.217399 
3281 0.443064 
3282 0.386761 
3283 -0.203946 
3284 0.443064 
3285 0.386761 
3286 -0.070574 
3287 -0.135596 
3288 -0.078543 
3289 -0.070574 
3290 -0.070574 
3291 -0.239525 
3292 -0.070574 
3293 0.061628 
3294 -0.239525 
3295 -0.070574 
3296 -0.077892 
3297 -0.077892 
3298 -0.077892 
3299 -0.077892 
3300 -0.077892 
3301 -0.077892 
3302 -0.349026 
3303 0.214835 
3304 -0.295888 
3305 -0.349026 
3306 -0.334272 
3307 -0.349026 
3308 -0.311487 
3309 0.414007 
3310 0.254534 
3311 0.254534 
3312 0.414007 
3313 0.499145 
3314 -0.322594 
3315 0.414007 
3316 -0.386676 
3317 -0.386676 
3318 0.130975 
3319 -0.386676 
3320 -0.386676 
3321 -0.463143 
3322 -0.386676 
3323 0.494826 
3324 -0.212893 
3325 0.176476 
3326 -0.070574 
3327 -0.079539 
3328 -0.070574 
3329 -0.070574 
3330 -0.268229 
3331 -0.070574 
3332 -0.070574 
3333 -0.232037 
3334 -0.077892 
3335 -0.077892 
3336 -0.077892 
3337 -0.077892 
3338 -0.070800 
3339 0.227205 
3340 0.214835 
3341 -0.349026 
3342 -0.295888 
3343 -0.361329 
3344 0.313139 
3345 0.313139 
3346 -0.349026 
3347 0.028062 
3348 -0.456319 
3349 0.414007 
3350 -0.278317 
3351 -0.456319 
3352 0.180285 
3353 -0.254151 
3354 -0.254151 
3355 0.180285 
3356 0.414158 
3357 -0.132364 
3358 0.350722 
3359 -0.386676 
3360 -0.373074 
3361 0.056497 
3362 0.258275 
3363 0.258275 
3364 -0.322594 
3365 -0.070574 
3366 -0.070574 
3367 -0.056957 
3368 0.440555 
3369 -0.070574 
3370 -0.037814 
3371 -0.077892 
3372 0.440555 
3373 -0.077892 
3374 -0.077892 
3375 -0.070800 
3376 0.227205 
3377 -0.334272 
3378 0.227205 
3379 0.275096 
3380 0.064741 
3381 -0.349026 
3382 -0.349026 
3383 0.064741 
3384 -0.456319 
3385 0.329230 
3386 -0.361329 
3387 0.412279 
3388 -0.278317 
3389 -0.069600 
3390 0.204931 
3391 -0.496529 
3392 0.180285 
3393 -0.322594 
3394 -0.482005 
3395 0.071622 
3396 0.352370 
3397 0.113875 
3398 -0.212893 
3399 0.386761 
3400 -0.157856 
3401 0.046292 
3402 -0.386676 
3403 -0.232408 
3404 -0.255645 
3405 0.052792 
3406 -0.190275 
3407 0.052792 
3408 -0.093942 
3409 0.440555 
3410 -0.334272 
3411 -0.093942 
3412 -0.334272 
3413 0.052792 
3414 -0.334272 
3415 0.275096 
3416 0.275096 
3417 0.008922 
3418 0.380110 
3419 0.090122 
3420 -0.361329 
3421 0.329230 
3422 0.329230 
3423 0.096400 
3424 0.329230 
3425 0.089157 
3426 -0.223355 
3427 0.412279 
3428 0.412279 
3429 -0.451287 
3430 0.412279 
3431 -0.028858 
3432 -0.274079 
3433 -0.399918 
3434 -0.399918 
3435 0.307916 
3436 0.046292 
3437 0.046292 
3438 0.046292 
3439 0.414158 
3440 0.046292 
3441 0.439561 
3442 0.420339 
3443 0.420339 
3444 -0.232037 
3445 -0.463392 
3446 0.211073 
3447 0.331860 
3448 -0.093942 
3449 0.046292 
3450 -0.175586 
3451 -0.175586 
3452 0.052792 
3453 0.239846 
3454 0.472106 
3455 -0.175586 
3456 -0.175586 
3457 -0.160654 
3458 0.313139 
3459 -0.160654 
3460 0.254534 
3461 -0.426151 
3462 0.398322 
3463 -0.327804 
3464 -0.028858 
3465 -0.451287 
3466 -0.314241 
3467 0.412279 
3468 -0.399918 
3469 0.223291 
3470 -0.399918 
3471 -0.028858 
3472 0.439561 
3473 -0.086027 
3474 0.174108 
3475 -0.462907 
3476 0.420339 
3477 0.420339 
3478 0.143997 
3479 0.420339 
3480 0.282503 
3481 0.046292 
3482 0.316862 
3483 0.316862 
3484 -0.328235 
3485 -0.463392 
3486 0.011419 
3487 0.033898 
3488 -0.175586 
3489 -0.175586 
3490 0.052792 
3491 0.472106 
3492 -0.421447 
3493 0.011996 
3494 -0.033490 
3495 0.011996 
3496 -0.195599 
3497 -0.159096 
3498 -0.416123 
3499 0.011996 
3500 -0.160654 
3501 -0.416123 
3502 0.477948 
3503 -0.168507 
3504 0.275563 
3505 -0.260654 
3506 -0.182182 
3507 0.275563 
3508 0.275563 
3509 -0.106243 
3510 0.292637 
3511 -0.086027 
3512 0.443064 
3513 0.477039 
3514 0.161404 
3515 -0.246221 
3516 0.477039 
3517 0.477039 
3518 -0.214564 
3519 -0.463392 
3520 0.316862 
3521 0.299654 
3522 -0.463392 
3523 0.011419 
3524 0.033898 
3525 0.277308 
3526 0.033898 
3527 0.306217 
3528 0.233364 
3529 -0.350741 
3530 0.306217 
3531 -0.314241 
3532 0.091850 
3533 0.331860 
3534 -0.421447 
3535 0.429647 
3536 0.391966 
3537 0.487780 
3538 -0.146334 
3539 -0.146334 
3540 0.487780 
3541 0.275563 
3542 0.275563 
3543 -0.168507 
3544 0.277462 
3545 0.277462 
3546 0.310053 
3547 0.069963 
3548 -0.048025 
3549 0.238232 
3550 0.033898 
3551 0.033898 
3552 -0.216113 
3553 0.477039 
3554 0.477039 
3555 -0.363085 
3556 0.477039 
3557 0.477039 
3558 0.299654 
3559 0.477039 
3560 0.011419 
3561 0.033898 
3562 -0.378165 
3563 0.033898 
3564 0.154076 
3565 0.233364 
3566 -0.350741 
3567 -0.141448 
3568 0.227518 
3569 0.145131 
3570 0.197208 
3571 -0.417716 
3572 0.383940 
3573 0.434932 
3574 -0.069600 
3575 -0.083987 
3576 -0.146162 
3577 0.171935 
3578 0.277462 
3579 0.269122 
3580 -0.175223 
3581 0.277462 
3582 0.115409 
3583 -0.212893 
3584 0.033898 
3585 0.033898 
3586 -0.216113 
3587 0.034501 
3588 0.033898 
3589 0.238232 
3590 0.033898 
3591 -0.363281 
3592 0.374639 
3593 0.090122 
3594 -0.363281 
3595 0.342112 
3596 0.477039 
3597 0.090122 
3598 0.033898 
3599 -0.378165 
3600 0.033898 
3601 0.154076 
3602 -0.378165 
3603 -0.350741 
3604 -0.119372 
3605 -0.254151 
3606 0.011996 
3607 -0.090512 
3608 -0.152741 
3609 -0.426606 
3610 -0.426606 
3611 0.158473 
3612 -0.199545 
3613 -0.426606 
3614 0.155764 
3615 -0.351384 
3616 0.269122 
3617 0.155764 
3618 0.269122 
3619 0.269122 
3620 -0.089281 
3621 -0.252566 
3622 0.033898 
3623 -0.092078 
3624 0.033898 
3625 0.033898 
3626 0.238232 
3627 0.171935 
3628 0.201507 
3629 -0.095380 
3630 0.201507 
3631 0.171935 
3632 0.342112 
3633 0.171935 
3634 0.171935 
3635 -0.378165 
3636 -0.378165 
3637 0.033898 
3638 -0.378165 
3639 -0.278229 
3640 0.154076 
3641 -0.378165 
3642 -0.033490 
3643 0.154076 
3644 0.011996 
3645 0.034501 
3646 -0.090512 
3647 -0.090512 
3648 0.412279 
3649 -0.199545 
3650 -0.199545 
3651 0.441307 
3652 -0.351384 
3653 -0.351384 
3654 0.441307 
3655 0.269122 
3656 -0.118157 
3657 -0.080825 
3658 -0.252566 
3659 0.269122 
3660 -0.092078 
3661 0.443528 
3662 -0.252566 
3663 0.033898 
3664 0.443528 
3665 0.443528 
3666 0.201507 
3667 0.443528 
3668 0.443528 
3669 0.201507 
3670 0.201507 
3671 0.171935 
3672 -0.378165 
3673 -0.378165 
3674 -0.378165 
3675 -0.378165 
3676 -0.278229 
3677 0.011996 
3678 -0.278317 
3679 0.011996 
3680 0.163526 
3681 -0.199545 
3682 -0.385788 
3683 -0.199545 
3684 -0.385788 
3685 -0.118157 
3686 -0.089281 
3687 0.269122 
3688 0.326319 
3689 0.269122 
3690 0.326319 
3691 0.443528 
3692 -0.160717 
3693 0.443528 
3694 -0.160717 
3695 0.163650 
3696 -0.371018 
3697 -0.371018 
3698 0.254534 
3699 -0.371018 
3700 0.254534 
3701 0.414007 
3702 0.414007 
3703 0.414007 
3704 0.414007 
3705 0.477948 
3706 -0.203946 
3707 0.386761 
3708 -0.070574 
3709 -0.070574 
3710 -0.070574 
3711 -0.070574 
3712 -0.070574 
3713 -0.070574 
3714 -0.070574 
3715 -0.070574 
3716 -0.070574 
3717 -0.077892 
3718 -0.077892 
3719 -0.077892 
3720 -0.361329 
3721 -0.349026 
3722 -0.371018 
3723 -0.371018 
3724 -0.371018 
3725 0.017214 
3726 0.017214 
3727 -0.371018 
3728 0.017214 
3729 0.017214 
3730 -0.371018 
3731 0.414007 
3732 0.414007 
3733 0.217399 
3734 -0.203946 
3735 0.217399 
3736 0.217399 
3737 0.386761 
3738 0.477948 
3739 0.217399 
3740 0.386761 
3741 0.386761 
3742 0.386761 
3743 -0.078543 
3744 -0.078543 
3745 -0.078543 
3746 -0.239525 
3747 -0.239525 
3748 -0.070574 
3749 -0.077892 
3750 -0.070574 
3751 -0.077892 
3752 -0.077892 
3753 -0.077892 
3754 -0.077892 
3755 -0.077892 
3756 -0.077892 
3757 -0.361329 
3758 -0.349026 
3759 -0.361329 
3760 -0.295888 
3761 -0.361329 
3762 -0.371018 
3763 0.414007 
3764 0.313139 
3765 -0.371018 
3766 0.414007 
3767 0.414007 
3768 0.180285 
3769 0.382266 
3770 -0.129885 
3771 0.180285 
3772 0.414007 
3773 -0.386676 
3774 0.386761 
3775 0.386761 
3776 0.477948 
3777 -0.079539 
3778 0.056497 
3779 0.386761 
3780 -0.079539 
3781 0.386761 
3782 -0.078543 
3783 -0.078543 
3784 -0.078543 
3785 -0.070574 
3786 -0.070574 
3787 -0.326145 
3788 -0.239525 
3789 -0.077892 
3790 -0.077892 
3791 -0.077892 
3792 -0.077892 
3793 -0.077892 
3794 -0.334272 
3795 0.227205 
3796 0.064741 
3797 0.064741 
3798 -0.295888 
3799 0.064741 
3800 0.064741 
3801 -0.295888 
3802 -0.295888 
3803 0.414007 
3804 -0.278317 
3805 0.180285 
3806 0.180285 
3807 -0.367570 
3808 -0.367570 
3809 -0.254151 
3810 0.499908 
3811 0.056497 
3812 0.499908 
3813 -0.386676 
3814 0.386761 
3815 0.386761 
3816 -0.386676 
3817 0.386761 
3818 0.386761 
3819 -0.386676 
3820 -0.322594 
3821 -0.232037 
3822 -0.070574 
3823 0.440555 
3824 -0.334272 
3825 -0.070574 
3826 -0.334272 
3827 -0.077892 
3828 0.440555 
3829 -0.334272 
3830 -0.077892 
3831 -0.334272 
3832 0.227205 
3833 -0.334272 
3834 0.275096 
3835 0.313139 
3836 -0.334272 
3837 0.275096 
3838 0.313139 
3839 0.064741 
3840 0.064741 
3841 0.329230 
3842 -0.100687 
3843 -0.278317 
3844 0.412279 
3845 0.499908 
3846 0.499908 
3847 0.412279 
3848 0.484710 
3849 0.180285 
3850 0.061698 
3851 0.056497 
3852 0.056497 
3853 0.061698 
3854 0.056497 
3855 0.056497 
3856 0.258275 
3857 -0.322594 
3858 -0.322594 
3859 0.258275 
3860 -0.037814 
3861 0.052792 
3862 0.052792 
3863 0.052792 
3864 -0.334272 
3865 0.440555 
3866 -0.334272 
3867 -0.093942 
3868 -0.175586 
3869 0.052792 
3870 0.275096 
3871 0.275096 
3872 0.275096 
3873 0.064741 
3874 0.064741 
3875 0.275096 
3876 0.275096 
3877 0.275096 
3878 0.329230 
3879 0.086938 
3880 0.256303 
3881 0.412279 
3882 0.256303 
3883 0.256303 
3884 0.086938 
3885 0.086938 
3886 0.307916 
3887 0.412279 
3888 0.439508 
3889 0.439508 
3890 0.484710 
3891 0.484710 
3892 0.484710 
3893 0.439508 
3894 0.439508 
3895 0.439508 
3896 0.414158 
3897 -0.035524 
3898 -0.035524 
3899 0.046292 
3900 0.046292 
3901 0.046292 
3902 0.046292 
3903 0.052792 
3904 -0.093942 
3905 -0.175586 
3906 -0.175586 
3907 -0.175586 
3908 0.239846 
3909 0.239846 
3910 0.275096 
3911 -0.175586 
3912 0.239846 
3913 0.313139 
3914 0.275096 
3915 -0.416123 
3916 0.256303 
3917 0.256303 
3918 0.329230 
3919 0.086938 
3920 -0.182182 
3921 0.412279 
3922 0.086938 
3923 0.086938 
3924 -0.028858 
3925 0.484710 
3926 0.484710 
3927 -0.086027 
3928 0.484710 
3929 0.174108 
3930 -0.086027 
3931 0.439508 
3932 0.439508 
3933 0.414158 
3934 0.046292 
3935 0.046292 
3936 -0.214564 
3937 0.046292 
3938 -0.214564 
3939 -0.035524 
3940 -0.214564 
3941 -0.463392 
3942 0.017214 
3943 0.033898 
3944 -0.175586 
3945 -0.175586 
3946 0.306217 
3947 0.239846 
3948 0.239846 
3949 -0.175586 
3950 -0.175586 
3951 -0.195599 
3952 -0.175586 
3953 -0.146334 
3954 -0.146334 
3955 -0.146334 
3956 -0.182182 
3957 -0.182182 
3958 -0.146334 
3959 0.238232 
3960 -0.182182 
3961 -0.182182 
3962 -0.260654 
3963 -0.182182 
3964 -0.086027 
3965 0.292637 
3966 -0.086027 
3967 -0.399918 
3968 0.143997 
3969 0.161404 
3970 0.477039 
3971 0.299654 
3972 -0.214564 
3973 0.477039 
3974 0.299654 
3975 -0.214564 
3976 -0.214564 
3977 -0.214564 
3978 -0.463392 
3979 0.277308 
3980 0.033898 
3981 0.017214 
3982 0.277308 
3983 0.306217 
3984 0.073815 
3985 -0.175586 
3986 -0.350741 
3987 0.073815 
3988 0.073815 
3989 0.429647 
3990 0.073815 
3991 0.073815 
3992 -0.416123 
3993 0.073815 
3994 0.073815 
3995 -0.146334 
3996 -0.182182 
3997 0.493745 
3998 0.277462 
3999 -0.216113 
4000 -0.216113 
4001 0.277462 
4002 -0.216113 
4003 -0.216113 
4004 -0.260654 
4005 0.342112 
4006 -0.496529 
4007 0.477039 
4008 0.342112 
4009 0.477039 
4010 -0.214564 
4011 0.299654 
4012 -0.214564 
4013 0.299654 
4014 -0.214564 
4015 0.477039 
4016 -0.378165 
4017 0.033898 
4018 0.304226 
4019 0.017214 
4020 0.304226 
4021 0.304226 
4022 0.034501 
4023 0.017214 
4024 0.145131 
4025 0.197208 
4026 -0.350741 
4027 -0.260654 
4028 0.073815 
4029 -0.199545 
4030 -0.260654 
4031 -0.020028 
4032 -0.199545 
4033 0.493745 
4034 0.493745 
4035 0.269122 
4036 -0.216113 
4037 -0.216113 
4038 0.269122 
4039 -0.216113 
4040 0.238232 
4041 0.033898 
4042 -0.216113 
4043 -0.216113 
4044 0.238232 
4045 0.342112 
4046 0.342112 
4047 0.171935 
4048 0.342112 
4049 0.342112 
4050 0.342112 
4051 0.299654 
4052 0.477039 
4053 -0.378165 
4054 0.033898 
4055 0.304226 
4056 0.304226 
4057 0.304226 
4058 0.034501 
4059 0.304226 
4060 0.033898 
4061 -0.284277 
4062 0.304226 
4063 -0.350741 
4064 0.214835 
4065 0.214835 
4066 0.011996 
4067 0.214835 
4068 0.214835 
4069 -0.260654 
4070 -0.351384 
4071 0.269122 
4072 0.269122 
4073 0.269122 
4074 0.269122 
4075 0.277462 
4076 -0.252566 
4077 0.238232 
4078 0.269122 
4079 -0.216113 
4080 -0.216113 
4081 0.033898 
4082 -0.160400 
4083 0.201507 
4084 0.171935 
4085 0.171935 
4086 0.374639 
4087 0.201507 
4088 0.171935 
4089 0.171935 
4090 -0.278229 
4091 -0.278229 
4092 -0.278229 
4093 -0.278229 
4094 0.033898 
4095 0.304226 
4096 -0.378165 
4097 0.304226 
4098 0.304226 
4099 -0.278229 
4100 0.304226 
4101 0.214835 
4102 0.214835 
4103 -0.090512 
4104 0.214835 
4105 -0.089281 
4106 0.214835 
4107 -0.118157 
4108 -0.118157 
4109 -0.351384 
4110 -0.118157 
4111 -0.089281 
4112 0.269122 
4113 -0.092078 
4114 -0.089281 
4115 -0.252566 
4116 0.443528 
4117 0.443528 
4118 -0.252566 
4119 0.443528 
4120 -0.160400 
4121 0.443528 
4122 0.443528 
4123 0.443528 
4124 0.443528 
4125 0.171935 
4126 0.171935 
4127 -0.378165 
4128 -0.278229 
4129 -0.278229 
4130 -0.378165 
4131 -0.378165 
4132 -0.278229 
4133 0.011996 
4134 0.214835 
4135 0.011996 
4136 -0.089281 
4137 -0.089281 
4138 -0.089281 
4139 -0.089281 
4140 -0.089281 
4141 -0.118157 
4142 -0.089281 
4143 0.269122 
4144 -0.089281 
4145 0.269122 
4146 -0.160400 
4147 0.443528 
4148 -0.160400 
4149 0.443528 
4150 0.443528 
4151 0.455802 
4152 -0.255645 
4153 -0.255645 
4154 0.074174 
4155 0.440916 
4156 0.074174 
4157 -0.070574 
4158 0.341504 
4159 0.341504 
4160 -0.268229 
4161 -0.268229 
4162 -0.268229 
4163 -0.268229 
4164 -0.255645 
4165 -0.056957 
4166 -0.056957 
4167 0.200187 
4168 0.030725 
4169 0.074174 
4170 -0.284277 
4171 -0.284277 
4172 0.341504 
4173 -0.485530 
4174 -0.485530 
4175 -0.268229 
4176 -0.268229 
4177 -0.255645 
4178 -0.056957 
4179 0.034501 
4180 0.200187 
4181 -0.350285 
4182 0.066308 
4183 0.030725 
4184 -0.284277 
4185 -0.284277 
4186 0.341504 
4187 -0.210562 
4188 -0.485530 
4189 -0.268229 
4190 -0.255645 
4191 -0.251484 
4192 -0.207856 
4193 -0.056957 
4194 -0.136348 
4195 0.200187 
4196 -0.373074 
4197 0.306217 
4198 0.414158 
4199 -0.465033 
4200 0.282503 
4201 -0.485530 
4202 -0.268229 
4203 -0.251484 
4204 -0.251484 
4205 -0.207856 
4206 0.016236 
4207 -0.207856 
4208 0.215183 
4209 -0.160400 
4210 0.350722 
4211 -0.387458 
4212 -0.300874 
4213 -0.310543 
4214 -0.070692 
4215 0.089157 
4216 0.372334 
4217 -0.387458 
4218 -0.268442 
4219 -0.207856 
4220 -0.207856 
4221 -0.495879 
4222 0.121163 
4223 -0.351384 
4224 0.292637 
4225 0.360089 
4226 -0.070692 
4227 -0.070692 
4228 0.116406 
4229 0.372334 
4230 -0.387458 
4231 0.147823 
4232 -0.375274 
4233 -0.429464 
4234 -0.246221 
4235 0.171091 
4236 -0.082918 
4237 0.073552 
4238 -0.079539 
4239 -0.222935 
4240 -0.222935 
4241 0.116406 
4242 0.117593 
4243 -0.457083 
4244 -0.188020 
4245 -0.387458 
4246 0.499908 
4247 -0.048025 
4248 0.056497 
4249 -0.056957 
4250 -0.190186 
4251 0.061698 
4252 -0.157856 
4253 -0.248270 
4254 -0.248270 
4255 0.254534 
4256 0.069963 
4257 -0.457083 
4258 0.397618 
4259 -0.245816 
4260 -0.422923 
4261 0.362098 
4262 0.331516 
4263 0.174444 
4264 0.171935 
4265 0.446931 
4266 0.174444 
4267 -0.248270 
4268 0.254534 
4269 0.254534 
4270 0.146484 
4271 -0.086027 
4272 0.261119 
4273 0.341504 
4274 -0.077892 
4275 0.155764 
4276 -0.416123 
4277 0.175567 
4278 0.485954 
4279 0.174444 
4280 -0.248270 
4281 0.254534 
4282 0.254534 
4283 -0.435095 
4284 0.307916 
4285 -0.157010 
4286 -0.174547 
4287 -0.093942 
4288 0.155764 
4289 -0.416123 
4290 -0.141448 
4291 0.329038 
4292 0.135368 
4293 -0.160717 
4294 -0.378165 
4295 0.412279 
4296 0.254534 
4297 -0.387458 
4298 -0.387458 
4299 0.244791 
4300 -0.116628 
4301 0.217399 
4302 -0.182645 
4303 -0.160717 
4304 0.135368 
4305 0.135368 
4306 -0.160717 
4307 -0.378165 
4308 -0.378165 
4309 0.412279 
4310 0.412279 
4311 0.412279 
4312 0.412279 
4313 -0.093942 
4314 -0.342281 
4315 -0.182645 
4316 -0.160717 
4317 -0.160717 
4318 -0.160717 
4319 0.163650 
4320 -0.255645 
4321 -0.255645 
4322 -0.104678 
4323 -0.361329 
4324 -0.361329 
4325 -0.117363 
4326 0.372334 
4327 -0.288233 
4328 -0.288233 
4329 -0.070800 
4330 -0.070800 
4331 -0.268229 
4332 -0.268229 
4333 -0.255645 
4334 -0.486100 
4335 -0.104678 
4336 -0.324774 
4337 -0.324774 
4338 -0.307449 
4339 -0.160400 
4340 -0.451287 
4341 -0.417270 
4342 -0.417270 
4343 -0.417270 
4344 -0.070800 
4345 -0.268229 
4346 -0.396692 
4347 -0.083881 
4348 -0.277389 
4349 -0.203058 
4350 0.117593 
4351 -0.268442 
4352 0.030725 
4353 -0.237958 
4354 -0.237958 
4355 0.341504 
4356 -0.210562 
4357 -0.417270 
4358 -0.268229 
4359 -0.396692 
4360 -0.083881 
4361 -0.486100 
4362 -0.092814 
4363 0.116406 
4364 0.089157 
4365 -0.373074 
4366 0.005158 
4367 0.005158 
4368 -0.465033 
4369 -0.288233 
4370 -0.417270 
4371 -0.288233 
4372 0.441307 
4373 0.355636 
4374 0.355636 
4375 0.016236 
4376 -0.252566 
4377 0.360972 
4378 0.360972 
4379 0.360972 
4380 0.005158 
4381 0.423706 
4382 -0.310543 
4383 0.423706 
4384 -0.268229 
4385 0.441307 
4386 0.355636 
4387 0.048683 
4388 -0.422923 
4389 0.275925 
4390 0.428844 
4391 0.121163 
4392 -0.024710 
4393 -0.102830 
4394 0.360089 
4395 -0.069600 
4396 0.423706 
4397 0.007549 
4398 -0.463392 
4399 0.397618 
4400 -0.146334 
4401 -0.375274 
4402 0.275925 
4403 0.073815 
4404 0.171091 
4405 -0.082918 
4406 0.073552 
4407 0.010727 
4408 -0.399918 
4409 0.007549 
4410 -0.248270 
4411 -0.246221 
4412 0.227518 
4413 -0.188020 
4414 0.451433 
4415 0.499908 
4416 0.499908 
4417 0.443528 
4418 0.329230 
4419 0.329230 
4420 -0.100439 
4421 0.261119 
4422 0.434932 
4423 -0.248270 
4424 -0.246221 
4425 0.268888 
4426 0.182359 
4427 -0.463392 
4428 -0.496529 
4429 -0.174673 
4430 -0.349026 
4431 -0.486270 
4432 0.329230 
4433 -0.157010 
4434 -0.274079 
4435 0.434932 
4436 0.434932 
4437 -0.378165 
4438 0.268888 
4439 0.227518 
4440 -0.086027 
4441 0.023000 
4442 -0.077892 
4443 -0.077892 
4444 0.155764 
4445 -0.416123 
4446 -0.486270 
4447 0.485954 
4448 0.171935 
4449 -0.248270 
4450 -0.378165 
4451 0.227518 
4452 0.414158 
4453 0.034722 
4454 -0.092814 
4455 -0.092814 
4456 -0.093942 
4457 -0.093942 
4458 -0.157663 
4459 -0.141448 
4460 -0.435615 
4461 -0.157663 
4462 0.171935 
4463 -0.378165 
4464 -0.378165 
4465 0.227518 
4466 -0.361329 
4467 -0.361329 
4468 0.277308 
4469 -0.093942 
4470 0.277308 
4471 -0.157663 
4472 -0.435615 
4473 -0.157663 
4474 -0.157663 
4475 0.171935 
4476 -0.378165 
4477 -0.378165 
4478 0.034722 
4479 0.412279 
4480 0.412279 
4481 0.277308 
4482 -0.093942 
4483 0.277308 
4484 -0.089281 
4485 -0.157663 
4486 -0.157663 
4487 -0.157663 
4488 0.163650 
4489 -0.385127 
4490 0.254534 
4491 0.254534 
4492 0.254534 
4493 -0.070574 
4494 -0.070574 
4495 -0.070574 
4496 0.341504 
4497 0.341504 
4498 -0.070800 
4499 -0.070800 
4500 -0.070800 
4501 -0.070800 
4502 -0.349026 
4503 -0.385127 
4504 -0.334272 
4505 -0.322594 
4506 -0.070574 
4507 -0.070574 
4508 -0.070574 
4509 -0.095597 
4510 0.498859 
4511 0.498859 
4512 0.341504 
4513 0.414675 
4514 -0.070800 
4515 -0.349026 
4516 -0.385127 
4517 -0.385127 
4518 -0.399918 
4519 -0.399918 
4520 -0.399918 
4521 0.030725 
4522 -0.070574 
4523 0.498859 
4524 0.341504 
4525 0.498859 
4526 0.341504 
4527 0.414675 
4528 -0.285225 
4529 -0.349026 
4530 -0.349026 
4531 0.258460 
4532 -0.399918 
4533 -0.399918 
4534 0.388154 
4535 0.306217 
4536 0.414158 
4537 0.214835 
4538 0.498859 
4539 0.341504 
4540 0.414675 
4541 -0.285225 
4542 -0.285225 
4543 0.202850 
4544 0.202850 
4545 0.467744 
4546 -0.080825 
4547 -0.080825 
4548 -0.361329 
4549 0.434972 
4550 0.483077 
4551 0.483077 
4552 -0.195510 
4553 0.089157 
4554 0.372334 
4555 -0.285225 
4556 0.202850 
4557 0.202850 
4558 0.202850 
4559 -0.105876 
4560 -0.465033 
4561 -0.285225 
4562 -0.186885 
4563 -0.429464 
4564 -0.159096 
4565 -0.195510 
4566 0.116406 
4567 0.372334 
4568 -0.123411 
4569 -0.146334 
4570 0.202850 
4571 -0.404025 
4572 0.316862 
4573 -0.028858 
4574 -0.135596 
4575 -0.186885 
4576 0.388321 
4577 0.316862 
4578 0.362098 
4579 0.211073 
4580 0.227518 
4581 -0.123411 
4582 -0.190275 
4583 -0.268442 
4584 -0.144988 
4585 0.415284 
4586 0.477039 
4587 0.383940 
4588 0.329230 
4589 -0.452153 
4590 -0.452153 
4591 0.362098 
4592 -0.463392 
4593 0.227518 
4594 0.227518 
4595 0.182359 
4596 0.455802 
4597 0.455802 
4598 -0.367456 
4599 -0.285225 
4600 0.204931 
4601 0.358401 
4602 -0.268229 
4603 0.151736 
4604 0.103788 
4605 -0.164808 
4606 0.227518 
4607 0.439862 
4608 0.227518 
4609 0.455802 
4610 -0.426606 
4611 -0.077892 
4612 -0.077892 
4613 0.423706 
4614 -0.416123 
4615 -0.104678 
4616 0.172229 
4617 0.307916 
4618 -0.164808 
4619 -0.378165 
4620 0.439862 
4621 0.154076 
4622 0.115409 
4623 0.455802 
4624 0.455802 
4625 0.180285 
4626 0.423706 
4627 -0.028858 
4628 -0.277757 
4629 0.033898 
4630 0.307916 
4631 0.172229 
4632 0.412279 
4633 -0.378165 
4634 0.439862 
4635 0.304226 
4636 0.304226 
4637 -0.230034 
4638 0.033117 
4639 0.269122 
4640 0.269122 
4641 -0.028858 
4642 0.172229 
4643 0.172229 
4644 0.172229 
4645 -0.378165 
4646 0.412279 
4647 0.154076 
4648 0.412279 
4649 -0.268229 
4650 -0.268229 
4651 0.091850 
4652 0.269122 
4653 0.269122 
4654 0.269122 
4655 -0.028858 
4656 -0.028858 
4657 0.171935 
4658 -0.371018 
4659 0.414007 
4660 0.017214 
4661 0.117593 
4662 0.372334 
4663 0.372334 
4664 -0.079539 
4665 -0.079539 
4666 -0.079539 
4667 -0.070800 
4668 -0.070800 
4669 -0.070800 
4670 -0.070800 
4671 -0.349026 
4672 -0.334272 
4673 0.117593 
4674 0.414007 
4675 0.117593 
4676 0.117593 
4677 0.175567 
4678 -0.160654 
4679 -0.160654 
4680 -0.387458 
4681 -0.387458 
4682 -0.070800 
4683 -0.070800 
4684 0.214835 
4685 -0.334272 
4686 -0.334272 
4687 0.017214 
4688 0.017214 
4689 0.443064 
4690 -0.463143 
4691 0.443064 
4692 0.061628 
4693 -0.268229 
4694 0.061628 
4695 -0.387458 
4696 -0.070800 
4697 0.214835 
4698 0.214835 
4699 -0.349026 
4700 -0.119372 
4701 0.010727 
4702 0.180285 
4703 0.350722 
4704 0.064741 
4705 0.046292 
4706 -0.056957 
4707 -0.160654 
4708 -0.387458 
4709 -0.070800 
4710 -0.334272 
4711 0.214835 
4712 -0.285225 
4713 -0.210562 
4714 -0.119372 
4715 0.299654 
4716 0.071622 
4717 0.046292 
4718 0.046292 
4719 -0.255645 
4720 -0.421447 
4721 -0.260654 
4722 0.052792 
4723 -0.334272 
4724 -0.299582 
4725 -0.146334 
4726 0.048360 
4727 -0.223355 
4728 -0.210562 
4729 -0.274079 
4730 0.171091 
4731 -0.496529 
4732 0.439561 
4733 0.046292 
4734 0.267329 
4735 0.046292 
4736 -0.175586 
4737 -0.299582 
4738 -0.146334 
4739 0.253892 
4740 -0.404025 
4741 -0.486100 
4742 0.341132 
4743 -0.135596 
4744 -0.462907 
4745 -0.245816 
4746 0.046292 
4747 0.267329 
4748 0.011419 
4749 -0.175586 
4750 0.227518 
4751 0.253892 
4752 -0.159096 
4753 -0.144988 
4754 0.415284 
4755 0.477039 
4756 0.329230 
4757 0.329230 
4758 -0.452153 
4759 -0.452153 
4760 -0.163828 
4761 0.011419 
4762 0.233364 
4763 0.227518 
4764 0.472106 
4765 0.253892 
4766 -0.328235 
4767 0.089157 
4768 -0.168507 
4769 -0.069600 
4770 0.358401 
4771 -0.216113 
4772 -0.363085 
4773 0.016613 
4774 0.011419 
4775 -0.378165 
4776 -0.136348 
4777 0.227518 
4778 0.033898 
4779 -0.426606 
4780 -0.328235 
4781 -0.294521 
4782 0.423706 
4783 -0.216113 
4784 -0.104678 
4785 -0.104678 
4786 0.016613 
4787 0.090122 
4788 -0.378165 
4789 -0.278229 
4790 -0.254151 
4791 -0.033490 
4792 0.441307 
4793 -0.079539 
4794 0.180285 
4795 -0.294521 
4796 -0.092078 
4797 -0.277757 
4798 -0.019843 
4799 0.350722 
4800 0.171935 
4801 -0.378165 
4802 -0.278229 
4803 -0.278317 
4804 0.227518 
4805 0.412279 
4806 -0.122774 
4807 -0.122774 
4808 0.269122 
4809 0.182546 
4810 0.182546 
4811 0.350722 
4812 0.350722 
4813 0.171935 
4814 -0.378165 
4815 -0.378165 
4816 -0.278229 
4817 -0.278317 
4818 0.163526 
4819 -0.385788 
4820 -0.385788 
4821 -0.089281 
4822 0.326319 
4823 0.326319 
4824 -0.160717 
4825 -0.160717 
4826 0.163650 
4827 -0.349026 
4828 0.254534 
4829 0.254534 
4830 -0.386676 
4831 0.217399 
4832 -0.203946 
4833 -0.070574 
4834 -0.070574 
4835 -0.070574 
4836 -0.070574 
4837 -0.070574 
4838 -0.077892 
4839 -0.070800 
4840 -0.349026 
4841 -0.311487 
4842 0.254534 
4843 -0.322594 
4844 -0.386676 
4845 -0.386676 
4846 0.494826 
4847 0.176476 
4848 0.176476 
4849 -0.070574 
4850 -0.070574 
4851 -0.070574 
4852 -0.077892 
4853 -0.349026 
4854 -0.311487 
4855 0.028062 
4856 0.499145 
4857 0.007549 
4858 0.253445 
4859 -0.463143 
4860 0.386761 
4861 -0.078543 
4862 -0.268229 
4863 -0.070574 
4864 -0.077892 
4865 -0.077892 
4866 0.227205 
4867 -0.349026 
4868 -0.349026 
4869 0.258460 
4870 0.010727 
4871 0.180285 
4872 0.350722 
4873 0.494826 
4874 -0.092814 
4875 -0.056957 
4876 -0.160654 
4877 -0.093942 
4878 -0.077892 
4879 0.227205 
4880 0.090122 
4881 -0.285225 
4882 0.171091 
4883 -0.456319 
4884 0.161404 
4885 0.071622 
4886 -0.361329 
4887 0.046292 
4888 -0.255645 
4889 0.440555 
4890 -0.093942 
4891 -0.093942 
4892 0.052792 
4893 0.090122 
4894 0.275096 
4895 0.096400 
4896 -0.223355 
4897 -0.105876 
4898 -0.274079 
4899 0.174108 
4900 0.174108 
4901 0.439561 
4902 0.316862 
4903 -0.093942 
4904 -0.093942 
4905 -0.175586 
4906 -0.421447 
4907 0.011996 
4908 0.254534 
4909 -0.327804 
4910 -0.314241 
4911 -0.028858 
4912 -0.135596 
4913 -0.186885 
4914 0.161404 
4915 0.316862 
4916 0.282503 
4917 -0.463392 
4918 0.033898 
4919 -0.421447 
4920 -0.037814 
4921 -0.159096 
4922 -0.144988 
4923 0.477948 
4924 0.477039 
4925 0.477039 
4926 0.161404 
4927 -0.452153 
4928 0.316862 
4929 0.282503 
4930 -0.463392 
4931 0.033898 
4932 -0.141448 
4933 0.145131 
4934 -0.421447 
4935 0.011996 
4936 0.477948 
4937 -0.168507 
4938 -0.260654 
4939 0.292637 
4940 -0.216113 
4941 0.161404 
4942 0.477039 
4943 0.477039 
4944 0.033898 
4945 -0.119372 
4946 0.145131 
4947 -0.417716 
4948 -0.069600 
4949 0.171935 
4950 0.204931 
4951 0.423706 
4952 0.423706 
4953 -0.104678 
4954 0.033898 
4955 -0.363281 
4956 0.477039 
4957 0.033898 
4958 -0.119372 
4959 0.154076 
4960 0.145131 
4961 0.145131 
4962 -0.079539 
4963 0.180285 
4964 -0.351384 
4965 0.269122 
4966 -0.277757 
4967 0.443528 
4968 -0.363281 
4969 0.201507 
4970 -0.378165 
4971 0.033898 
4972 -0.119372 
4973 -0.090512 
4974 -0.426606 
4975 -0.199545 
4976 -0.199545 
4977 -0.351384 
4978 0.033898 
4979 0.033898 
4980 0.201507 
4981 0.201507 
4982 0.201507 
4983 -0.378165 
4984 -0.378165 
4985 -0.378165 
4986 0.011996 
4987 0.011996 
4988 -0.199545 
4989 -0.199545 
4990 -0.118157 
4991 0.269122 
4992 0.269122 
4993 0.443528 
4994 0.443528 
4995 0.443528 
4996 -0.371018 
4997 0.017214 
4998 0.017214 
4999 0.414007 
5000 0.414007 
5001 0.477948 
5002 0.386761 
5003 -0.078543 
5004 -0.239525 
5005 -0.070574 
5006 -0.070574 
5007 -0.077892 
5008 -0.077892 
5009 -0.361329 
5010 0.414007 
5011 0.414007 
5012 0.382266 
5013 0.382266 
5014 0.414007 
5015 -0.079539 
5016 -0.079539 
5017 -0.079539 
5018 -0.326145 
5019 -0.326145 
5020 -0.077892 
5021 -0.077892 
5022 -0.361329 
5023 0.414007 
5024 0.414007 
5025 0.414007 
5026 0.414007 
5027 0.130975 
5028 -0.463143 
5029 -0.212893 
5030 -0.079539 
5031 -0.268229 
5032 -0.232037 
5033 -0.326145 
5034 -0.077892 
5035 -0.334272 
5036 -0.334272 
5037 -0.349026 
5038 0.414007 
5039 0.382266 
5040 0.180285 
5041 0.350722 
5042 0.056497 
5043 -0.322594 
5044 -0.056957 
5045 -0.232037 
5046 -0.326145 
5047 -0.334272 
5048 -0.334272 
5049 -0.334272 
5050 0.064741 
5051 -0.361329 
5052 -0.069600 
5053 0.180285 
5054 0.071622 
5055 -0.212893 
5056 0.046292 
5057 -0.255645 
5058 0.052792 
5059 0.052792 
5060 -0.334272 
5061 -0.175586 
5062 -0.175586 
5063 -0.361329 
5064 0.096400 
5065 -0.223355 
5066 -0.182182 
5067 -0.274079 
5068 0.307916 
5069 0.046292 
5070 0.439561 
5071 -0.232037 
5072 0.052792 
5073 0.052792 
5074 -0.175586 
5075 -0.175586 
5076 -0.160654 
5077 0.254534 
5078 -0.327804 
5079 -0.314241 
5080 0.223291 
5081 0.439561 
5082 -0.462907 
5083 0.143997 
5084 0.046292 
5085 -0.035524 
5086 -0.214564 
5087 0.277308 
5088 -0.175586 
5089 -0.033490 
5090 -0.159096 
5091 -0.160654 
5092 -0.168507 
5093 -0.182182 
5094 -0.106243 
5095 0.443064 
5096 -0.246221 
5097 -0.214564 
5098 -0.214564 
5099 -0.214564 
5100 0.277308 
5101 0.034501 
5102 -0.314241 
5103 -0.421447 
5104 0.073815 
5105 -0.020028 
5106 -0.168507 
5107 0.238232 
5108 0.238232 
5109 -0.216113 
5110 -0.363085 
5111 0.477039 
5112 -0.214564 
5113 0.304226 
5114 0.034501 
5115 -0.284277 
5116 -0.417716 
5117 -0.069600 
5118 0.171935 
5119 -0.175223 
5120 -0.212893 
5121 -0.216113 
5122 0.238232 
5123 0.374639 
5124 0.477039 
5125 -0.214564 
5126 0.304226 
5127 0.034501 
5128 -0.254151 
5129 -0.152741 
5130 0.158473 
5131 -0.020028 
5132 0.155764 
5133 -0.089281 
5134 -0.092078 
5135 0.238232 
5136 -0.095380 
5137 -0.160400 
5138 0.171935 
5139 -0.278229 
5140 -0.378165 
5141 0.034501 
5142 -0.284277 
5143 -0.284277 
5144 -0.089281 
5145 -0.089281 
5146 0.269122 
5147 0.238232 
5148 0.238232 
5149 -0.160400 
5150 -0.160400 
5151 0.171935 
5152 -0.378165 
5153 -0.278229 
5154 -0.378165 
5155 -0.278229 
5156 0.214835 
5157 -0.089281 
5158 -0.089281 
5159 -0.089281 
5160 -0.089281 
5161 -0.089281 
5162 -0.160400 
5163 -0.160400 
5164 0.163650 
5165 -0.361329 
5166 0.414007 
5167 0.414007 
5168 0.414007 
5169 0.414007 
5170 0.477948 
5171 0.477948 
5172 0.477948 
5173 0.477948 
5174 -0.070574 
5175 -0.326145 
5176 0.115409 
5177 0.115409 
5178 -0.361329 
5179 0.414007 
5180 -0.349026 
5181 0.382266 
5182 0.414007 
5183 0.414007 
5184 0.130975 
5185 0.477948 
5186 0.477948 
5187 -0.326145 
5188 -0.326145 
5189 -0.077892 
5190 0.115409 
5191 -0.361329 
5192 -0.349026 
5193 -0.349026 
5194 0.414007 
5195 0.414007 
5196 0.130975 
5197 0.130975 
5198 0.130975 
5199 -0.322594 
5200 -0.268229 
5201 -0.232037 
5202 -0.326145 
5203 -0.077892 
5204 -0.334272 
5205 0.414007 
5206 -0.349026 
5207 0.288709 
5208 0.414007 
5209 0.180285 
5210 0.130975 
5211 0.056497 
5212 -0.322594 
5213 -0.232037 
5214 -0.232037 
5215 -0.326145 
5216 -0.334272 
5217 -0.334272 
5218 -0.334272 
5219 0.064741 
5220 0.288709 
5221 0.288709 
5222 0.180285 
5223 0.056497 
5224 0.056497 
5225 -0.232037 
5226 -0.232037 
5227 -0.334272 
5228 -0.334272 
5229 -0.334272 
5230 -0.175586 
5231 0.064741 
5232 0.064741 
5233 0.288709 
5234 0.288709 
5235 0.288709 
5236 0.223291 
5237 0.056497 
5238 0.046292 
5239 -0.232037 
5240 -0.232037 
5241 -0.334272 
5242 0.052792 
5243 -0.175586 
5244 0.277308 
5245 0.064741 
5246 0.254534 
5247 0.288709 
5248 -0.314241 
5249 0.223291 
5250 -0.089281 
5251 0.046292 
5252 0.143997 
5253 -0.232037 
5254 -0.035524 
5255 0.052792 
5256 0.277308 
5257 0.277308 
5258 -0.033490 
5259 0.254534 
5260 0.073815 
5261 -0.314241 
5262 -0.089281 
5263 -0.089281 
5264 0.143997 
5265 0.143997 
5266 -0.035524 
5267 -0.035524 
5268 -0.035524 
5269 0.277308 
5270 -0.033490 
5271 -0.033490 
5272 0.073815 
5273 0.073815 
5274 0.073815 
5275 -0.089281 
5276 -0.089281 
5277 -0.216113 
5278 0.143997 
5279 0.374639 
5280 -0.035524 
5281 -0.214564 
5282 0.277308 
5283 -0.378165 
5284 -0.033490 
5285 -0.245816 
5286 0.073815 
5287 -0.020028 
5288 -0.089281 
5289 -0.089281 
5290 -0.216113 
5291 -0.082918 
5292 0.374639 
5293 0.477039 
5294 -0.214564 
5295 -0.378165 
5296 -0.378165 
5297 -0.254151 
5298 -0.152741 
5299 -0.245816 
5300 -0.020028 
5301 -0.344202 
5302 -0.089281 
5303 -0.092078 
5304 -0.082918 
5305 0.477039 
5306 0.477039 
5307 0.477039 
5308 -0.378165 
5309 -0.378165 
5310 -0.152741 
5311 -0.152741 
5312 -0.152741 
5313 -0.245816 
5314 -0.089281 
5315 -0.089281 
5316 -0.089281 
5317 -0.082918 
5318 -0.160400 
5319 0.477039 
5320 0.171935 
5321 -0.378165 
5322 -0.378165 
5323 -0.378165 
5324 -0.152741 
5325 -0.245816 
5326 -0.245816 
5327 -0.245816 
5328 -0.089281 
5329 -0.089281 
5330 -0.089281 
5331 -0.160400 
5332 -0.160400 
5333 -0.160400 
5334 0.414007 
5335 0.414007 
5336 0.414007 
5337 0.414007 
5338 0.414007 
5339 0.477948 
5340 0.477948 
5341 -0.232037 
5342 0.477948 
5343 -0.326145 
5344 -0.232037 
5345 -0.077892 
5346 0.115409 
5347 0.414007 
5348 0.414007 
5349 0.414007 
5350 0.414007 
5351 0.414007 
5352 0.414007 
5353 -0.232037 
5354 -0.232037 
5355 -0.326145 
5356 -0.326145 
5357 -0.232037 
5358 -0.077892 
5359 -0.077892 
5360 -0.334272 
5361 0.414007 
5362 0.414007 
5363 0.288709 
5364 0.414007 
5365 0.414007 
5366 0.130975 
5367 -0.232037 
5368 -0.232037 
5369 -0.232037 
5370 -0.232037 
5371 -0.326145 
5372 -0.077892 
5373 -0.334272 
5374 0.414007 
5375 0.288709 
5376 0.288709 
5377 0.414007 
5378 0.414007 
5379 -0.232037 
5380 -0.232037 
5381 -0.232037 
5382 -0.232037 
5383 -0.232037 
5384 -0.326145 
5385 -0.326145 
5386 0.288709 
5387 0.288709 
5388 0.288709 
5389 0.288709 
5390 0.288709 
5391 0.414007 
5392 -0.232037 
5393 -0.232037 
5394 -0.232037 
5395 -0.232037 
5396 -0.232037 
5397 -0.232037 
5398 -0.232037 
5399 -0.245816 
5400 0.288709 
5401 0.288709 
5402 0.288709 
5403 0.288709 
5404 0.288709 
5405 0.414007 
5406 -0.232037 
5407 -0.232037 
5408 -0.232037 
5409 -0.232037 
5410 -0.232037 
5411 -0.232037 
5412 -0.245816 
5413 -0.245816 
5414 0.288709 
5415 0.288709 
5416 0.288709 
5417 0.288709 
5418 -0.089281 
5419 -0.089281 
5420 -0.172419 
5421 -0.232037 
5422 -0.232037 
5423 -0.232037 
5424 -0.232037 
5425 -0.245816 
5426 -0.245816 
5427 -0.245816 
5428 0.288709 
5429 0.288709 
5430 -0.089281 
5431 -0.089281 
5432 -0.172419 
5433 -0.172419 
5434 -0.232037 
5435 -0.082918 
5436 -0.082918 
5437 -0.232037 
5438 -0.245816 
5439 -0.245816 
5440 -0.245816 
5441 0.288709 
5442 0.288709 
5443 -0.089281 
5444 -0.089281 
5445 -0.172419 
5446 -0.172419 
5447 -0.172419 
5448 -0.082918 
5449 -0.082918 
5450 -0.082918 
5451 -0.358026 
5452 -0.245816 
5453 -0.245816 
5454 -0.245816 
5455 0.288709 
5456 0.288709 
5457 -0.089281 
5458 -0.089281 
5459 -0.172419 
5460 -0.172419 
5461 -0.082918 
5462 -0.082918 
5463 -0.082918 
5464 -0.358026 
5465 -0.378165 
5466 -0.254151 
5467 -0.245816 
5468 -0.245816 
5469 -0.344202 
5470 -0.344202 
5471 -0.092078 
5472 -0.092078 
5473 -0.082918 
5474 -0.082918 
5475 -0.082918 
5476 -0.082918 
5477 -0.378165 
5478 -0.378165 
5479 -0.378165 
5480 -0.152741 
5481 -0.245816 
5482 -0.245816 
5483 -0.344202 
5484 -0.089281 
5485 -0.092078 
5486 -0.089281 
5487 -0.082918 
5488 -0.082918 
5489 -0.082918 
5490 -0.378165 
5491 -0.378165 
5492 -0.378165 
5493 -0.358026 
5494 -0.344202 
5495 -0.245816 
5496 -0.344202 
5497 -0.344202 
5498 -0.344202 
5499 -0.082918 
5500 -0.082918 
5501 -0.082918 
5502 -0.082918 
5503 0.414007 
5504 0.414007 
5505 0.414007 
5506 0.414007 
5507 0.414007 
5508 0.414007 
5509 0.414007 
5510 -0.476656 
5511 -0.476656 
5512 -0.476656 
5513 -0.476656 
5514 -0.476656 
5515 -0.232037 
5516 -0.232037 
5517 -0.232037 
5518 -0.232037 
5519 -0.232037 
5520 -0.232037 
5521 -0.232037 
5522 -0.232037 
5523 -0.232037 
5524 -0.232037 
5525 -0.232037 
5526 -0.232037 
5527 -0.232037 
5528 -0.232037 
5529 0.414007 
5530 0.414007 
5531 0.414007 
5532 0.414007 
5533 0.414007 
5534 0.414007 
5535 0.414007 
5536 0.414007 
5537 0.414007 
5538 0.414007 
5539 0.414007 
5540 0.414007 
5541 -0.476656 
5542 -0.476656 
5543 0.414007 
5544 -0.476656 
5545 -0.476656 
5546 -0.232037 
5547 -0.232037 
5548 -0.232037 
5549 -0.232037 
5550 -0.232037 
5551 -0.232037 
5552 -0.232037 
5553 -0.232037 
5554 -0.232037 
5555 -0.232037 
5556 -0.232037 
5557 -0.232037 
5558 -0.232037 
5559 -0.232037 
5560 -0.232037 
5561 -0.232037 
5562 -0.232037 
5563 -0.232037 
5564 -0.232037 
5565 -0.232037 
5566 -0.326145 
5567 -0.326145 
5568 0.414007 
5569 0.288709 
5570 0.288709 
5571 0.414007 
5572 0.288709 
5573 0.288709 
5574 0.414007 
5575 0.288709 
5576 0.288709 
5577 0.414007 
5578 0.288709 
5579 0.288709 
5580 0.414007 
5581 -0.232037 
5582 -0.232037 
5583 -0.476656 
5584 -0.232037 
5585 -0.232037 
5586 -0.232037 
5587 -0.232037 
5588 -0.232037 
5589 -0.232037 
5590 -0.232037 
5591 -0.232037 
5592 -0.232037 
5593 -0.232037 
5594 -0.232037 
5595 -0.232037 
5596 -0.232037 
5597 -0.232037 
5598 -0.232037 
5599 -0.232037 
5600 -0.232037 
5601 -0.232037 
5602 -0.232037 
5603 -0.326145 
5604 -0.326145 
5605 0.288709 
5606 0.288709 
5607 0.288709 
5608 0.288709 
5609 0.288709 
5610 0.288709 
5611 0.288709 
5612 0.288709 
5613 0.288709 
5614 0.414007 
5615 0.288709 
5616 0.288709 
5617 0.414007 
5618 -0.232037 
5619 -0.232037 
5620 0.414007 
5621 -0.232037 
5622 -0.232037 
5623 -0.232037 
5624 -0.232037 
5625 -0.232037 
5626 -0.232037 
5627 -0.232037 
5628 -0.232037 
5629 -0.232037 
5630 -0.232037 
5631 -0.232037 
5632 -0.232037 
5633 -0.232037 
5634 -0.232037 
5635 -0.232037 
5636 -0.232037 
5637 -0.232037 
5638 -0.232037 
5639 -0.232037 
5640 0.288709 
5641 -0.326145 
5642 0.288709 
5643 0.288709 
5644 0.288709 
5645 0.288709 
5646 0.288709 
5647 0.288709 
5648 0.288709 
5649 0.288709 
5650 0.288709 
5651 0.288709 
5652 0.288709 
5653 0.288709 
5654 0.414007 
5655 -0.089281 
5656 -0.089281 
5657 0.414007 
5658 -0.089281 
5659 -0.089281 
5660 -0.232037 
5661 -0.232037 
5662 -0.232037 
5663 -0.232037 
5664 -0.232037 
5665 -0.232037 
5666 -0.232037 
5667 -0.232037 
5668 -0.232037 
5669 -0.232037 
5670 -0.232037 
5671 -0.232037 
5672 -0.232037 
5673 -0.232037 
5674 -0.232037 
5675 -0.232037 
5676 -0.232037 
5677 -0.245816 
5678 -0.245816 
5679 0.288709 
5680 0.288709 
5681 0.288709 
5682 0.288709 
5683 0.288709 
5684 0.288709 
5685 0.288709 
5686 0.288709 
5687 0.288709 
5688 0.288709 
5689 0.288709 
5690 0.288709 
5691 0.288709 
5692 -0.089281 
5693 -0.089281 
5694 0.414007 
5695 -0.089281 
5696 -0.089281 
5697 0.414007 
5698 -0.232037 
5699 -0.232037 
5700 -0.232037 
5701 -0.232037 
5702 -0.232037 
5703 -0.232037 
5704 -0.232037 
5705 -0.232037 
5706 -0.232037 
5707 -0.232037 
5708 -0.232037 
5709 -0.232037 
5710 -0.232037 
5711 -0.232037 
5712 -0.232037 
5713 -0.232037 
5714 -0.245816 
5715 -0.245816 
5716 -0.245816 
5717 -0.245816 
5718 -0.245816 
5719 0.288709 
5720 0.288709 
5721 0.288709 
5722 0.288709 
5723 0.288709 
5724 0.288709 
5725 0.288709 
5726 0.288709 
5727 0.288709 
5728 0.288709 
5729 0.288709 
5730 -0.089281 
5731 -0.089281 
5732 -0.089281 
5733 -0.089281 
5734 0.414007 
5735 -0.089281 
5736 -0.089281 
5737 -0.172419 
5738 -0.172419 
5739 -0.232037 
5740 -0.232037 
5741 -0.232037 
5742 -0.232037 
5743 -0.232037 
5744 -0.232037 
5745 -0.232037 
5746 -0.232037 
5747 -0.232037 
5748 -0.232037 
5749 -0.232037 
5750 -0.232037 
5751 -0.245816 
5752 -0.245816 
5753 -0.245816 
5754 -0.245816 
5755 -0.245816 
5756 -0.245816 
5757 -0.245816 
5758 -0.245816 
5759 0.288709 
5760 0.288709 
5761 0.288709 
5762 0.288709 
5763 0.288709 
5764 0.288709 
5765 0.288709 
5766 -0.089281 
5767 -0.089281 
5768 0.288709 
5769 -0.089281 
5770 -0.089281 
5771 -0.089281 
5772 -0.172419 
5773 -0.172419 
5774 -0.089281 
5775 -0.172419 
5776 -0.172419 
5777 -0.172419 
5778 -0.232037 
5779 -0.232037 
5780 -0.232037 
5781 -0.082918 
5782 -0.082918 
5783 -0.232037 
5784 -0.082918 
5785 -0.082918 
5786 -0.232037 
5787 -0.232037 
5788 -0.245816 
5789 -0.245816 
5790 -0.245816 
5791 -0.245816 
5792 -0.245816 
5793 -0.245816 
5794 -0.245816 
5795 -0.245816 
5796 -0.245816 
5797 0.288709 
5798 0.288709 
5799 0.288709 
5800 0.288709 
5801 0.288709 
5802 0.288709 
5803 -0.089281 
5804 -0.089281 
5805 -0.089281 
5806 -0.089281 
5807 -0.089281 
5808 -0.089281 
5809 -0.172419 
5810 -0.172419 
5811 -0.172419 
5812 -0.172419 
5813 -0.089281 
5814 -0.089281 
5815 -0.089281 
5816 -0.089281 
5817 -0.082918 
5818 -0.082918 
5819 -0.082918 
5820 -0.082918 
5821 -0.082918 
5822 -0.232037 
5823 -0.232037 
5824 -0.232037 
5825 -0.358026 
5826 -0.358026 
5827 -0.245816 
5828 -0.358026 
5829 -0.358026 
5830 -0.245816 
5831 -0.245816 
5832 -0.245816 
5833 -0.245816 
5834 -0.245816 
5835 -0.245816 
5836 -0.245816 
5837 0.288709 
5838 0.288709 
5839 -0.245816 
5840 0.288709 
5841 0.288709 
5842 -0.089281 
5843 -0.089281 
5844 -0.089281 
5845 -0.089281 
5846 -0.089281 
5847 -0.089281 
5848 -0.089281 
5849 -0.089281 
5850 -0.089281 
5851 -0.089281 
5852 -0.089281 
5853 -0.089281 
5854 -0.082918 
5855 -0.089281 
5856 -0.089281 
5857 -0.082918 
5858 -0.082918 
5859 -0.082918 
5860 -0.082918 
5861 -0.082918 
5862 -0.358026 
5863 -0.358026 
5864 -0.358026 
5865 -0.358026 
5866 -0.358026 
5867 -0.358026 
5868 -0.358026 
5869 -0.358026 
5870 -0.358026 
5871 -0.358026 
5872 -0.358026 
5873 -0.344202 
5874 -0.245816 
5875 -0.245816 
5876 -0.245816 
5877 -0.344202 
5878 -0.245816 
5879 -0.344202 
5880 -0.089281 
5881 -0.089281 
5882 -0.089281 
5883 -0.089281 
5884 -0.089281 
5885 -0.089281 
5886 -0.089281 
5887 -0.089281 
5888 -0.089281 
5889 -0.089281 
5890 -0.089281 
5891 -0.082918 
5892 -0.089281 
5893 -0.089281 
5894 -0.082918 
5895 -0.089281 
5896 -0.089281 
5897 -0.082918 
5898 -0.082918 
5899 -0.358026 
5900 -0.358026 
5901 -0.358026 
5902 -0.358026 
5903 -0.358026 
5904 -0.358026 
5905 -0.358026 
5906 -0.358026 
5907 -0.358026 
5908 -0.358026 
5909 -0.358026 
5910 -0.344202 
5911 -0.344202 
5912 -0.344202 
5913 -0.245816 
5914 -0.344202 
5915 -0.344202 
5916 -0.344202 
5917 -0.344202 
5918 -0.344202 
5919 -0.344202 
5920 -0.089281 
5921 -0.089281 
5922 -0.344202 
5923 -0.089281 
5924 -0.082918 
5925 -0.082918 
5926 -0.089281 
5927 -0.089281 
5928 -0.082918 
5929 -0.089281 
5930 -0.089281 
5931 -0.082918 
5932 -0.089281 
5933 -0.089281 
5934 -0.082918 
5935 -0.082918 
5936 -0.358026 
5937 -0.358026 
5938 -0.358026 
5939 -0.358026 
5940 -0.358026 
5941 -0.358026 
5942 -0.358026 
5943 -0.358026 
5944 -0.344202 
5945 -0.344202 
5946 -0.344202 
5947 -0.344202 
5948 -0.344202 
5949 -0.344202 
5950 -0.344202 
5951 -0.344202 
5952 -0.082918 
5953 -0.082918 
5954 -0.082918 
5955 -0.082918 
5956 -0.082918 
5957 -0.082918 
5958 -0.082918 
5959 -0.082918 
5960 -0.082918 
5961 -0.082918 
