1446 1
0 1.769581 
1 -2.181054 
2 -2.281474 
3 -2.043560 
4 -2.296422 
5 0.812919 
6 -0.300962 
7 -2.074531 
8 -1.824206 
9 0.968160 
10 -1.687581 
11 -1.452409 
12 -2.182864 
13 1.882246 
14 -2.773623 
15 -1.281459 
16 -0.896314 
17 -2.334134 
18 0.021306 
19 -1.085529 
20 -1.280034 
21 -2.434317 
22 0.087938 
23 -0.196553 
24 -0.474226 
25 -1.525722 
26 -1.490541 
27 -1.334165 
28 -0.993373 
29 -2.470742 
30 0.742919 
31 -1.417701 
32 -1.254845 
33 -1.974624 
34 -1.558369 
35 0.378013 
36 -0.468433 
37 -1.733968 
38 -0.819235 
39 -1.607940 
40 -1.276095 
41 -0.854357 
42 -1.038270 
43 -1.589231 
44 -1.302096 
45 -1.800118 
46 0.109992 
47 -1.412364 
48 -0.994110 
49 -1.295711 
50 -1.364112 
51 -1.122725 
52 -1.693110 
53 -0.563075 
54 -0.841553 
55 -1.088528 
56 0.640592 
57 -1.487414 
58 -1.715745 
59 -1.300514 
60 -2.332404 
61 0.060929 
62 -1.085335 
63 -0.718492 
64 -1.126545 
65 -1.276719 
66 -1.541873 
67 -0.119540 
68 -1.817293 
69 0.970827 
70 -1.013259 
71 -1.609175 
72 -1.801813 
73 -1.445717 
74 0.522330 
75 -1.227812 
76 -1.832475 
77 0.152697 
78 -1.769971 
79 -0.912311 
80 0.285727 
81 -0.435338 
82 -2.124651 
83 -1.591559 
84 1.033142 
85 -1.644183 
86 0.099213 
87 -2.383097 
88 -0.713679 
89 0.378957 
90 -1.015972 
91 -2.618446 
92 -1.192471 
93 -1.064790 
94 -1.202975 
95 -1.149469 
96 0.839538 
97 -1.629802 
98 -1.683079 
99 -1.510978 
100 -0.695455 
101 -1.177097 
102 -1.458011 
103 -1.380820 
104 -2.043304 
105 -2.064998 
106 0.030438 
107 0.427965 
108 -2.094307 
109 0.766399 
110 -0.265005 
111 -2.277475 
112 -1.780107 
113 -1.460569 
114 0.642529 
115 -1.431375 
116 0.576128 
117 0.664787 
118 -2.103026 
119 -2.402789 
120 0.219710 
121 -2.338037 
122 -1.146528 
123 -1.154423 
124 0.555156 
125 -1.223133 
126 -0.971880 
127 -1.915200 
128 -1.524863 
129 -1.401336 
130 -1.080173 
131 0.293577 
132 4.647235 
133 -1.819712 
134 -0.081254 
135 -0.433825 
136 -1.445335 
137 -0.185628 
138 -0.645728 
139 -1.728538 
140 0.560981 
141 -1.975932 
142 0.090277 
143 -2.000154 
144 0.335938 
145 -0.920533 
146 -1.832451 
147 -1.760607 
148 -0.853273 
149 -1.702312 
150 -1.887566 
151 -0.339062 
152 -1.467692 
153 -2.075781 
154 -1.222916 
155 0.561789 
156 -1.490286 
157 -1.165384 
158 0.023442 
159 -1.815850 
160 -1.176260 
161 -1.798112 
162 0.438037 
163 -1.545313 
164 0.108697 
165 -0.214057 
166 -2.156175 
167 -1.624207 
168 0.027933 
169 -1.840511 
170 -1.212816 
171 -1.439562 
172 -1.785569 
173 -0.679077 
174 -1.746632 
175 0.423574 
176 0.687223 
177 -1.502847 
178 -1.854696 
179 -1.246676 
180 -1.520851 
181 -1.655694 
182 -1.291035 
183 0.435528 
184 -1.236077 
185 -1.645218 
186 -1.096350 
187 -0.454496 
188 -1.070224 
189 -1.290850 
190 -1.273658 
191 -1.044908 
192 0.311088 
193 -1.729644 
194 -2.105637 
195 -0.033725 
196 -2.096976 
197 -1.221827 
198 -0.597094 
199 -0.143303 
200 -0.933208 
201 0.215089 
202 -1.831244 
203 -1.585480 
204 -1.952083 
205 -1.375454 
206 -1.261459 
207 0.313211 
208 -1.552156 
209 -1.089218 
210 -1.368558 
211 -0.896651 
212 0.320859 
213 -2.221734 
214 -0.957377 
215 -1.356777 
216 0.441797 
217 -1.858312 
218 -0.788720 
219 -1.567265 
220 -0.594459 
221 -0.765056 
222 -1.289563 
223 -1.623072 
224 -1.228284 
225 -1.577682 
226 -1.016443 
227 -0.800195 
228 -2.088424 
229 0.848119 
230 -1.690444 
231 -1.056202 
232 -1.334707 
233 0.176422 
234 -2.124532 
235 -0.462938 
236 0.285475 
237 -1.539534 
238 -1.788857 
239 -1.136740 
240 -0.652844 
241 -1.372418 
242 -1.735315 
243 -0.509105 
244 -1.817670 
245 0.353629 
246 -1.768452 
247 -1.238824 
248 -2.277262 
249 0.024999 
250 -1.777167 
251 0.293792 
252 -0.176541 
253 -0.679442 
254 -0.798231 
255 -2.285007 
256 -1.090608 
257 -1.924796 
258 -0.759683 
259 -0.382138 
260 0.716612 
261 -1.418531 
262 -2.063115 
263 -0.859759 
264 -1.772104 
265 -0.331947 
266 -1.213912 
267 -1.315130 
268 -0.633016 
269 -1.942857 
270 -1.832579 
271 0.061388 
272 0.652266 
273 -1.297979 
274 -1.285668 
275 -2.234059 
276 -0.220421 
277 -2.147371 
278 -1.679189 
279 0.063204 
280 -1.401767 
281 -0.934352 
282 -1.896045 
283 0.635887 
284 -1.308645 
285 -0.196920 
286 -1.561285 
287 -0.953603 
288 -0.400099 
289 -0.969685 
290 -1.472411 
291 -1.875547 
292 -1.548396 
293 -1.256096 
294 0.671516 
295 -2.125128 
296 -1.712915 
297 0.334276 
298 -1.428166 
299 -1.392918 
300 0.039487 
301 -1.978922 
302 0.238341 
303 -1.798363 
304 -1.050409 
305 -1.342183 
306 -0.273607 
307 -1.589493 
308 -0.306865 
309 -2.183349 
310 -0.131526 
311 -1.066620 
312 3.334365 
313 -0.617789 
314 -0.443683 
315 -1.866212 
316 -0.131025 
317 -2.195012 
318 0.192321 
319 -1.784748 
320 -1.370771 
321 -1.404886 
322 0.061660 
323 -1.405564 
324 -1.983942 
325 -1.365131 
326 -1.538990 
327 0.807580 
328 -1.797296 
329 -1.820193 
330 -1.804513 
331 0.882263 
332 0.849372 
333 -1.272406 
334 -0.972121 
335 -2.229250 
336 -1.026615 
337 -1.330867 
338 -0.415721 
339 -1.739174 
340 -1.456365 
341 -1.477714 
342 0.436591 
343 -1.730272 
344 -1.934002 
345 -1.962705 
346 -0.496520 
347 -0.132303 
348 -1.513200 
349 0.533640 
350 -0.764581 
351 -2.228069 
352 -1.679408 
353 -0.654235 
354 -1.053742 
355 -1.335742 
356 -1.436626 
357 -0.063618 
358 -1.500057 
359 -1.313664 
360 -1.527336 
361 0.012659 
362 -0.804230 
363 -1.335410 
364 -1.723799 
365 -1.312639 
366 -1.598486 
367 0.483741 
368 -0.784421 
369 -0.356690 
370 -1.796653 
371 -1.775646 
372 -1.247042 
373 -0.832252 
374 -1.969145 
375 -0.044595 
376 -1.119203 
377 -0.697401 
378 -1.409606 
379 -1.179197 
380 -0.940347 
381 -1.792631 
382 -1.652982 
383 0.582386 
384 -0.739032 
385 -2.044202 
386 -1.432461 
387 0.327872 
388 -0.678076 
389 -1.809248 
390 0.175992 
391 -1.793735 
392 -1.137014 
393 -1.729056 
394 -1.014408 
395 -0.152652 
396 0.706708 
397 -1.534774 
398 -1.346466 
399 -1.562481 
400 -1.279018 
401 0.654091 
402 -1.566691 
403 -1.595769 
404 -1.347466 
405 0.317754 
406 -1.466979 
407 -1.466653 
408 0.486320 
409 -1.505166 
410 -1.651619 
411 -1.485971 
412 -0.656395 
413 -1.150368 
414 -2.159795 
415 0.168439 
416 -1.945684 
417 -1.922060 
418 -0.556469 
419 0.388918 
420 -1.540656 
421 0.585963 
422 -1.409273 
423 -1.643849 
424 -0.542060 
425 -0.219101 
426 -2.432787 
427 -0.330991 
428 -1.269767 
429 0.377374 
430 -1.968666 
431 -1.041983 
432 -0.829543 
433 -1.693133 
434 -1.362425 
435 -0.481346 
436 -1.650682 
437 -0.838664 
438 -1.657115 
439 -0.173948 
440 -2.252371 
441 -0.175185 
442 -1.258179 
443 -0.094479 
444 -0.296563 
445 -2.091500 
446 -1.444711 
447 0.211073 
448 -1.706421 
449 0.967993 
450 -1.334859 
451 -1.981115 
452 -1.686769 
453 -1.772507 
454 -0.299320 
455 -0.041537 
456 -0.515444 
457 -2.024977 
458 0.286594 
459 -1.631584 
460 -1.766270 
461 -1.058409 
462 -0.931863 
463 -0.132422 
464 -1.815774 
465 -0.147324 
466 -0.345720 
467 -1.530104 
468 -1.312820 
469 -0.547657 
470 -0.682576 
471 -1.623717 
472 -0.986562 
473 -1.067315 
474 -1.209181 
475 -1.274745 
476 -1.604750 
477 -0.795673 
478 -0.817198 
479 -1.392457 
480 -1.596467 
481 -1.497640 
482 -1.664814 
483 0.739174 
484 0.427700 
485 -1.815636 
486 -1.766114 
487 -0.484349 
488 -1.625179 
489 0.724985 
490 -2.096037 
491 -1.316277 
492 -0.706633 
493 -1.668344 
494 -1.402425 
495 -0.717521 
496 -1.407315 
497 -0.572398 
498 -1.309910 
499 -1.133224 
500 -1.281170 
501 -0.673426 
502 -1.809050 
503 -0.454643 
504 -1.257610 
505 -1.088090 
506 -0.373977 
507 -1.836236 
508 -1.450084 
509 -1.971252 
510 0.254967 
511 -1.016246 
512 -1.002795 
513 -1.530020 
514 -0.336774 
515 -1.505492 
516 -1.082490 
517 -1.636916 
518 -1.653015 
519 0.488043 
520 0.408818 
521 -1.801968 
522 -2.003398 
523 -0.486847 
524 -1.825705 
525 -0.145385 
526 0.348771 
527 -1.831763 
528 -0.555949 
529 -2.035846 
530 -1.136704 
531 -0.498397 
532 -1.431181 
533 -1.158518 
534 -1.235065 
535 -0.506447 
536 -1.305820 
537 -1.721267 
538 0.310440 
539 -1.181796 
540 0.534298 
541 -1.744889 
542 -1.849816 
543 -1.061992 
544 -0.074505 
545 -2.144716 
546 0.410139 
547 -1.837685 
548 -1.797433 
549 0.307905 
550 -0.670796 
551 -1.665013 
552 -1.288518 
553 -1.063205 
554 0.084915 
555 -1.858648 
556 -1.341797 
557 -1.245292 
558 -1.037232 
559 -0.856770 
560 0.143035 
561 -1.869905 
562 -1.941128 
563 0.220178 
564 0.302932 
565 -2.010938 
566 -0.895973 
567 -1.415006 
568 -0.771754 
569 -1.224832 
570 -1.225203 
571 -1.248969 
572 -1.342654 
573 3.370397 
574 -1.056688 
575 -1.552995 
576 -1.776145 
577 0.242884 
578 -1.021748 
579 -1.504249 
580 -0.917888 
581 -1.639033 
582 -1.514121 
583 -0.149900 
584 -0.979211 
585 -0.552925 
586 -1.517642 
587 -1.402646 
588 -1.496658 
589 0.119621 
590 -1.832612 
591 -0.611081 
592 -0.677394 
593 -0.985260 
594 -1.705242 
595 -1.133530 
596 -0.019614 
597 -0.664436 
598 -1.515747 
599 -1.719515 
600 -1.310957 
601 -1.353390 
602 -0.413316 
603 -1.332839 
604 -0.321262 
605 -0.262293 
606 -1.681458 
607 -1.580577 
608 -1.432997 
609 -1.163594 
610 0.555563 
611 -1.891937 
612 -0.935001 
613 -0.965882 
614 -0.169688 
615 -1.960165 
616 1.029118 
617 -1.601972 
618 -2.536459 
619 0.198341 
620 -1.165413 
621 -0.952291 
622 -0.418919 
623 -1.810685 
624 -1.609133 
625 -0.404208 
626 -1.787232 
627 -0.159636 
628 -1.842937 
629 0.710332 
630 -1.192547 
631 -1.439733 
632 0.557739 
633 -0.389223 
634 -2.049761 
635 -1.659373 
636 0.539669 
637 -1.614608 
638 -1.517376 
639 -1.303156 
640 -1.024190 
641 -0.194135 
642 -1.589526 
643 -1.244138 
644 -1.583268 
645 -0.009678 
646 -1.139329 
647 -1.585927 
648 -1.606508 
649 -1.185579 
650 -0.073582 
651 -1.600471 
652 -0.072623 
653 -2.148967 
654 -1.744108 
655 0.668830 
656 -1.185386 
657 -1.161791 
658 -0.454063 
659 -1.717884 
660 -0.089192 
661 -1.374645 
662 -1.433148 
663 -1.415293 
664 -0.940283 
665 -1.616215 
666 -1.377557 
667 -0.195531 
668 -0.877808 
669 -0.618319 
670 -0.937258 
671 -1.963156 
672 0.300735 
673 -2.096449 
674 0.211930 
675 -1.880527 
676 -0.030494 
677 -0.274396 
678 -2.062206 
679 -1.695856 
680 -1.386138 
681 -0.154787 
682 -1.938568 
683 -0.417956 
684 0.329212 
685 -1.311094 
686 -1.533099 
687 -1.428098 
688 -1.883891 
689 -1.157735 
690 -1.017977 
691 -0.028502 
692 -0.165127 
693 -2.013363 
694 -0.087515 
695 -1.515607 
696 -1.156543 
697 -1.549862 
698 -0.720380 
699 -0.974423 
700 -1.097383 
701 -0.941948 
702 -1.041002 
703 -1.429933 
704 -1.687521 
705 0.422105 
706 -1.396136 
707 -1.278957 
708 -1.526282 
709 -1.463396 
710 0.148845 
711 -1.360664 
712 -1.124921 
713 -1.614512 
714 -0.393334 
715 -1.003937 
716 -0.135455 
717 -1.822956 
718 -0.706742 
719 -1.450473 
720 0.010495 
721 -1.246635 
722 -1.064389 
723 -1.742863 
724 -1.745850 
725 -0.310057 
726 -1.772619 
727 -0.182505 
728 0.113791 
729 -0.740124 
730 -0.582903 
731 -2.426385 
732 -1.646035 
733 -1.364041 
734 -1.504106 
735 0.860165 
736 -1.447712 
737 -1.828048 
738 0.737259 
739 -1.247077 
740 -1.802782 
741 -1.600103 
742 -0.356394 
743 -0.002775 
744 -1.311010 
745 -1.241346 
746 -0.332913 
747 -1.387168 
748 -1.357815 
749 -0.612069 
750 -1.267092 
751 -1.075922 
752 -0.282980 
753 -2.226038 
754 0.146246 
755 -1.506079 
756 -0.471531 
757 -1.203270 
758 -1.665162 
759 -0.935441 
760 -0.946949 
761 -0.764683 
762 -1.099457 
763 -1.652638 
764 -0.765803 
765 0.119380 
766 -1.432615 
767 -2.097534 
768 -1.783072 
769 0.028314 
770 -1.408058 
771 -1.058788 
772 -0.903391 
773 -1.527010 
774 -1.302540 
775 -0.486302 
776 -1.709870 
777 -0.336576 
778 -1.745693 
779 -0.379136 
780 -0.142783 
781 -1.949744 
782 0.393841 
783 -1.810132 
784 -0.777594 
785 -1.083647 
786 -1.756256 
787 -0.679840 
788 -1.488381 
789 -1.365953 
790 0.393421 
791 -1.391976 
792 -1.045745 
793 -1.051268 
794 -1.422545 
795 -0.926338 
796 -1.265399 
797 -1.089789 
798 -0.368106 
799 -1.547818 
800 -0.948226 
801 -1.629279 
802 1.065049 
803 -1.919327 
804 0.670080 
805 -1.560975 
806 -1.099170 
807 -1.755766 
808 -0.529723 
809 -1.730247 
810 -0.428202 
811 -1.302116 
812 -0.834322 
813 -1.099631 
814 -1.074044 
815 -1.450852 
816 -1.278126 
817 -1.385024 
818 -1.548554 
819 0.431547 
820 -1.431124 
821 -1.329998 
822 -0.148931 
823 -1.134948 
824 -1.618908 
825 0.413790 
826 -1.349223 
827 -1.205445 
828 0.358459 
829 -1.271185 
830 -1.787490 
831 -1.283791 
832 -1.382845 
833 -0.090196 
834 -1.011998 
835 -1.635146 
836 -1.249205 
837 -1.377864 
838 -1.040523 
839 -0.699317 
840 -1.373525 
841 -1.857995 
842 0.519608 
843 -1.082629 
844 -1.660096 
845 -0.132739 
846 -0.797425 
847 -1.361245 
848 -1.305404 
849 -1.377787 
850 -1.608715 
851 0.338991 
852 0.014524 
853 0.574361 
854 -2.128842 
855 -1.889689 
856 -1.337072 
857 -0.360373 
858 -0.439948 
859 -2.108654 
860 -1.596420 
861 -1.330344 
862 -1.634641 
863 0.830432 
864 -0.057168 
865 -2.002751 
866 0.294573 
867 -1.832894 
868 -1.343874 
869 -1.626081 
870 -0.675784 
871 -0.759719 
872 -2.142636 
873 0.584180 
874 -1.914817 
875 0.009935 
876 -1.890971 
877 0.045031 
878 0.018566 
879 -1.864854 
880 -1.320269 
881 -1.772979 
882 -1.423272 
883 0.658432 
884 -1.287505 
885 -0.606343 
886 -1.313173 
887 -1.245037 
888 0.572274 
889 -1.160383 
890 -1.404583 
891 -1.823653 
892 -0.257187 
893 -1.832042 
894 -0.934356 
895 -1.165160 
896 -1.725826 
897 0.041119 
898 -1.797607 
899 -0.333355 
900 -0.799697 
901 0.107346 
902 -1.744155 
903 -1.762553 
904 -1.925451 
905 -2.110179 
906 -0.000644 
907 0.643817 
908 0.062194 
909 -1.071402 
910 -1.275012 
911 -1.762184 
912 -1.883182 
913 -1.609758 
914 0.094900 
915 -0.536809 
916 -1.858084 
917 -1.461711 
918 -0.065681 
919 -0.650011 
920 -1.859501 
921 -0.726586 
922 -1.661174 
923 0.337304 
924 0.655896 
925 -1.633363 
926 -0.955250 
927 -1.843757 
928 -1.970123 
929 -0.104135 
930 0.127253 
931 -1.759666 
932 -1.286124 
933 -0.900646 
934 -0.609657 
935 -1.559061 
936 -1.090024 
937 -1.115114 
938 -1.058358 
939 -1.127725 
940 -0.097174 
941 -1.382334 
942 -1.625179 
943 -1.058984 
944 -1.353593 
945 0.308138 
946 -0.733690 
947 -1.947384 
948 -1.549266 
949 -0.560536 
950 -0.891175 
951 -1.353565 
952 0.036859 
953 0.255750 
954 -1.832360 
955 -1.970474 
956 -0.738533 
957 0.167523 
958 -1.311356 
959 -2.058445 
960 -1.373089 
961 -1.222368 
962 0.457343 
963 -1.848065 
964 -1.908319 
965 -1.357651 
966 0.604479 
967 -1.133920 
968 -1.861731 
969 -1.673288 
970 -0.619680 
971 0.331981 
972 -1.512893 
973 -1.587484 
974 -1.355155 
975 0.514998 
976 -0.554834 
977 -1.266173 
978 -1.834529 
979 -0.528169 
980 -1.618333 
981 -1.553755 
982 0.631154 
983 -1.349700 
984 0.336557 
985 -1.222839 
986 -1.611836 
987 -1.406395 
988 -2.280195 
989 0.140422 
990 -0.405855 
991 -1.034716 
992 -1.806278 
993 -2.226578 
994 0.378072 
995 0.180155 
996 -1.685510 
997 0.413743 
998 -0.900760 
999 -1.650007 
1000 0.003111 
1001 -0.097448 
1002 -1.247627 
1003 -2.328290 
1004 -1.481768 
1005 -1.742439 
1006 1.094699 
1007 -1.505404 
1008 0.133776 
1009 -1.828050 
1010 -2.077547 
1011 0.315147 
1012 -1.670532 
1013 -0.801049 
1014 0.554254 
1015 -1.840431 
1016 -2.364053 
1017 -0.144802 
1018 -1.334369 
1019 0.330535 
1020 -1.296197 
1021 0.369541 
1022 -1.659421 
1023 -1.355412 
1024 -1.559272 
1025 -0.406482 
1026 -0.855279 
1027 -1.396906 
1028 -1.325592 
1029 -0.911815 
1030 -1.492867 
1031 -0.602646 
1032 -1.139665 
1033 -1.939036 
1034 -0.337899 
1035 -0.456522 
1036 -0.941858 
1037 -0.927252 
1038 -1.476787 
1039 -0.939578 
1040 -0.479416 
1041 -1.884116 
1042 -0.896347 
1043 -1.196146 
1044 -1.716295 
1045 -0.036389 
1046 -0.033230 
1047 -1.995126 
1048 -1.804742 
1049 -0.287255 
1050 -0.321861 
1051 -1.492404 
1052 -0.886923 
1053 -0.873864 
1054 -0.731663 
1055 -1.812452 
1056 -1.460457 
1057 -1.574801 
1058 -1.328712 
1059 0.695227 
1060 -1.134943 
1061 -1.382265 
1062 -0.099202 
1063 -1.622854 
1064 0.497495 
1065 -1.486194 
1066 -1.373306 
1067 -1.456830 
1068 0.009042 
1069 -2.064075 
1070 -1.846028 
1071 0.336530 
1072 -1.419312 
1073 -1.131377 
1074 -1.113242 
1075 -0.815840 
1076 -0.641082 
1077 -1.701366 
1078 -1.099869 
1079 -0.966447 
1080 -1.517146 
1081 -1.691172 
1082 0.214512 
1083 -0.842629 
1084 -1.370079 
1085 -1.152441 
1086 -1.028177 
1087 -0.863568 
1088 -1.126174 
1089 -0.845302 
1090 -1.565011 
1091 -0.680311 
1092 -1.735304 
1093 -0.498701 
1094 0.924130 
1095 -1.888055 
1096 -1.832530 
1097 0.305913 
1098 -0.787500 
1099 -1.538558 
1100 0.003425 
1101 -1.670103 
1102 -0.236337 
1103 -1.771630 
1104 -1.623725 
1105 -1.573426 
1106 0.325494 
1107 -1.034747 
1108 -1.488405 
1109 -1.146791 
1110 0.416055 
1111 -1.626671 
1112 -0.898662 
1113 0.318315 
1114 -1.412043 
1115 -1.878210 
1116 -0.079938 
1117 -1.332656 
1118 -1.616094 
1119 -1.276285 
1120 -0.299159 
1121 -0.868931 
1122 -1.972305 
1123 -0.626345 
1124 -1.896569 
1125 -0.256416 
1126 -0.846871 
1127 -1.111403 
1128 0.382355 
1129 -1.726554 
1130 -1.607768 
1131 -0.842540 
1132 -0.675780 
1133 -1.401304 
1134 -1.066999 
1135 -1.195940 
1136 -0.003832 
1137 -1.050417 
1138 -1.744351 
1139 -1.483269 
1140 -1.469860 
1141 0.165777 
1142 -1.314134 
1143 -1.408149 
1144 -1.898453 
1145 -1.095745 
1146 0.308842 
1147 -1.159757 
1148 -1.380631 
1149 -1.308993 
1150 -0.958771 
1151 -0.679575 
1152 -0.472481 
1153 -1.605206 
1154 -1.950096 
1155 0.346630 
1156 -0.986186 
1157 -1.912205 
1158 0.731975 
1159 -1.461588 
1160 -1.464967 
1161 -2.049677 
1162 -0.716379 
1163 0.602537 
1164 -1.228379 
1165 -1.203426 
1166 -0.752964 
1167 -1.055112 
1168 -1.408168 
1169 -0.943328 
1170 -1.442361 
1171 -0.434268 
1172 -0.459350 
1173 -1.343505 
1174 -1.268115 
1175 -1.222860 
1176 -1.000932 
1177 -1.242694 
1178 -0.844264 
1179 -1.173318 
1180 -0.294814 
1181 -1.802306 
1182 0.162786 
1183 -1.673085 
1184 -1.594360 
1185 0.591634 
1186 -1.720012 
1187 -0.976541 
1188 -0.696694 
1189 -1.826502 
1190 -0.968786 
1191 -0.744097 
1192 -1.458263 
1193 -1.503430 
1194 -1.226125 
1195 0.498404 
1196 -1.139908 
1197 -1.564329 
1198 -1.532027 
1199 0.428528 
1200 0.542739 
1201 -1.216108 
1202 -1.676564 
1203 -1.357851 
1204 0.478554 
1205 -1.424130 
1206 -1.861354 
1207 -0.962379 
1208 0.273406 
1209 -1.324217 
1210 -1.631614 
1211 -1.019827 
1212 0.220746 
1213 -1.384486 
1214 -1.306365 
1215 -1.495272 
1216 -1.504219 
1217 -1.035227 
1218 -0.669715 
1219 -1.034526 
1220 -0.971076 
1221 -1.766590 
1222 -1.211115 
1223 -0.129671 
1224 -0.978920 
1225 -1.198670 
1226 -1.306908 
1227 -0.818392 
1228 -1.363231 
1229 -1.074734 
1230 -1.418108 
1231 -0.230460 
1232 -1.188702 
1233 -1.659015 
1234 -1.301429 
1235 0.217771 
1236 -1.514657 
1237 -0.582071 
1238 -1.462165 
1239 -0.869678 
1240 -1.287835 
1241 -1.435596 
1242 -1.457213 
1243 0.218285 
1244 -1.933394 
1245 -1.124288 
1246 -1.167237 
1247 0.737519 
1248 -1.306338 
1249 -1.352930 
1250 0.088052 
1251 -1.419224 
1252 -1.597476 
1253 0.605806 
1254 -1.236793 
1255 -1.573298 
1256 -1.447086 
1257 -1.030887 
1258 -1.383291 
1259 -0.497759 
1260 0.245005 
1261 -1.545491 
1262 -1.223906 
1263 -1.351040 
1264 -0.855729 
1265 -1.021535 
1266 -0.835224 
1267 -1.440720 
1268 -1.288589 
1269 -1.148871 
1270 -1.024721 
1271 -0.893818 
1272 -0.803192 
1273 -1.376031 
1274 -1.343742 
1275 -0.812277 
1276 0.017743 
1277 -1.140701 
1278 -1.194918 
1279 -1.762424 
1280 -1.257205 
1281 -1.401419 
1282 -1.512390 
1283 0.365013 
1284 -1.112823 
1285 -1.819763 
1286 0.042887 
1287 -1.229269 
1288 -0.232725 
1289 -1.164965 
1290 -1.485925 
1291 -1.399945 
1292 -2.116308 
1293 -0.274971 
1294 -1.330958 
1295 0.165925 
1296 -1.153155 
1297 -1.138649 
1298 -0.680483 
1299 -1.211620 
1300 -0.873246 
1301 -1.288764 
1302 -1.191164 
1303 -0.850981 
1304 -2.100646 
1305 -1.823741 
1306 0.234364 
1307 0.252540 
1308 -1.323573 
1309 -1.604015 
1310 -0.280773 
1311 -1.018865 
1312 0.104773 
1313 -1.127125 
1314 -1.474485 
1315 -1.546181 
1316 -0.982019 
1317 -1.094768 
1318 -1.548265 
1319 -0.842751 
1320 -0.520660 
1321 -2.222980 
1322 -0.652170 
1323 -0.371151 
1324 -1.119455 
1325 -0.620628 
1326 -1.337078 
1327 -1.241470 
1328 -1.585908 
1329 -0.824630 
1330 -1.188320 
1331 -0.772762 
1332 -0.958322 
1333 -0.876226 
1334 -1.089741 
1335 -1.347560 
1336 -1.311465 
1337 -1.647376 
1338 0.482584 
1339 -1.235610 
1340 -1.258326 
1341 -1.548829 
1342 -1.367641 
1343 0.335651 
1344 -0.916943 
1345 -1.595393 
1346 -0.710275 
1347 -0.906776 
1348 -0.976255 
1349 -0.958974 
1350 -1.506684 
1351 -0.869729 
1352 -1.514338 
1353 0.201450 
1354 -1.533635 
1355 -1.115280 
1356 -1.300755 
1357 0.418300 
1358 -1.565958 
1359 -1.368478 
1360 0.421250 
1361 -0.034333 
1362 -2.047240 
1363 -1.795830 
1364 -1.353760 
1365 -1.060273 
1366 -0.287067 
1367 -1.535609 
1368 -1.459180 
1369 -1.348958 
1370 0.209478 
1371 -1.319760 
1372 -0.565507 
1373 -0.126691 
1374 -0.712513 
1375 -2.319963 
1376 0.489880 
1377 -1.695872 
1378 -2.006837 
1379 -0.190992 
1380 -0.929361 
1381 -1.563955 
1382 -0.794885 
1383 -0.992551 
1384 -1.503089 
1385 -0.148843 
1386 0.249481 
1387 -2.077266 
1388 -0.625190 
1389 -0.849399 
1390 -1.498513 
1391 -1.296115 
1392 -1.436070 
1393 -1.668422 
1394 -1.294022 
1395 0.464323 
1396 -1.724869 
1397 -1.448007 
1398 0.906543 
1399 -1.368610 
1400 -1.161536 
1401 -1.386607 
1402 -1.482259 
1403 -0.254008 
1404 1.089878 
1405 -1.508067 
1406 -1.418114 
1407 -1.477264 
1408 -1.535443 
1409 -0.139546 
1410 -0.990090 
1411 -1.433511 
1412 0.142143 
1413 -1.895611 
1414 -1.563074 
1415 -0.391512 
1416 -1.538282 
1417 -0.844118 
1418 -1.018313 
1419 -0.676925 
1420 -1.813170 
1421 -1.838149 
1422 0.191831 
1423 -0.166816 
1424 0.277528 
1425 -2.102212 
1426 -1.713767 
1427 0.170652 
1428 -0.500697 
1429 -1.362035 
1430 -1.515402 
1431 -0.886525 
1432 -0.927446 
1433 -1.213932 
1434 -1.071740 
1435 -1.115197 
1436 0.105185 
1437 -1.342803 
1438 -1.039011 
1439 -1.706781 
1440 0.628510 
1441 -1.518810 
1442 -1.295659 
1443 -1.517920 
1444 -2.027114 
1445 -1.649778 
