5962 1
0 -1.598456 
1 -1.274876 
2 -1.595241 
3 -1.599952 
4 -1.813837 
5 -1.444668 
6 -1.433693 
7 -1.309361 
8 -2.303535 
9 -2.123633 
10 -0.118236 
11 0.107879 
12 1.440937 
13 1.608744 
14 2.541831 
15 2.310448 
16 2.144541 
17 2.233467 
18 2.357924 
19 2.290357 
20 2.087884 
21 2.103482 
22 1.947512 
23 1.873515 
24 1.912928 
25 1.970713 
26 -1.278347 
27 -1.324705 
28 -1.721244 
29 -1.412599 
30 -1.289893 
31 -1.691896 
32 -1.518079 
33 -1.446517 
34 -1.641561 
35 -1.441588 
36 -1.737057 
37 -1.460252 
38 -1.377684 
39 -1.425820 
40 -1.462800 
41 -1.628866 
42 -1.638685 
43 1.512824 
44 0.275183 
45 0.294857 
46 2.565695 
47 2.630809 
48 1.768591 
49 2.351475 
50 2.365419 
51 2.283809 
52 2.249213 
53 2.346956 
54 2.346906 
55 2.347636 
56 2.295209 
57 2.202415 
58 1.957461 
59 2.051269 
60 1.941042 
61 1.883626 
62 2.029384 
63 -1.351714 
64 -1.309709 
65 -1.652138 
66 -1.571679 
67 -1.468868 
68 -1.698578 
69 -1.437895 
70 -1.379093 
71 -1.433623 
72 -1.586703 
73 -1.533540 
74 -1.494730 
75 -1.340130 
76 -1.844077 
77 -1.178078 
78 -1.514723 
79 -1.350664 
80 -0.537861 
81 -1.489682 
82 -1.547336 
83 2.184562 
84 0.710431 
85 0.611625 
86 2.894916 
87 2.287584 
88 1.691200 
89 2.373557 
90 2.053930 
91 1.956397 
92 2.333970 
93 2.152723 
94 2.224896 
95 1.996354 
96 2.023832 
97 1.992941 
98 2.085912 
99 2.117762 
100 -1.350949 
101 -1.384250 
102 -1.636979 
103 -1.531047 
104 -1.558621 
105 -1.384172 
106 -1.513639 
107 -1.455976 
108 -1.553151 
109 -1.434375 
110 -1.503565 
111 -1.478762 
112 -1.526025 
113 -1.352609 
114 -1.379373 
115 -1.609560 
116 -2.105340 
117 -1.058704 
118 -1.357900 
119 -1.242041 
120 -0.634438 
121 -0.567060 
122 -0.685248 
123 2.979805 
124 1.424730 
125 1.403387 
126 2.455993 
127 2.661689 
128 2.036316 
129 2.090138 
130 2.249334 
131 2.222599 
132 1.761206 
133 2.076220 
134 2.049021 
135 2.201448 
136 1.713331 
137 -1.410956 
138 -1.388798 
139 -1.678345 
140 -1.467204 
141 -1.519065 
142 -1.572481 
143 -1.363705 
144 -1.537137 
145 -1.589903 
146 -1.404197 
147 -1.348419 
148 -1.609813 
149 -1.405287 
150 -1.411783 
151 -1.512105 
152 -1.529483 
153 -1.421527 
154 -1.494917 
155 -1.513589 
156 -2.349910 
157 -0.696062 
158 -1.313682 
159 -1.111324 
160 0.543911 
161 0.012120 
162 0.180518 
163 3.524503 
164 1.836135 
165 1.870118 
166 2.425756 
167 2.596881 
168 2.197925 
169 2.140639 
170 2.154696 
171 2.328394 
172 1.789984 
173 1.760840 
174 -1.435608 
175 -1.389780 
176 -1.641368 
177 -1.442034 
178 -1.465714 
179 -1.465216 
180 -1.380478 
181 -1.442800 
182 -1.654785 
183 -1.411243 
184 -1.385292 
185 -1.690857 
186 -1.439939 
187 -1.414272 
188 -1.627077 
189 -1.333007 
190 -1.425569 
191 -1.539012 
192 -1.752538 
193 -1.660199 
194 -1.124509 
195 -1.397501 
196 -2.645123 
197 -0.429952 
198 -0.878714 
199 -1.042489 
200 1.395366 
201 0.854453 
202 0.856527 
203 3.349002 
204 1.961700 
205 2.076512 
206 2.166284 
207 2.488450 
208 1.604317 
209 1.939780 
210 2.013845 
211 -1.649105 
212 -1.525816 
213 -1.689906 
214 -1.372345 
215 -1.358009 
216 -1.654356 
217 -1.324832 
218 -1.313074 
219 -1.679989 
220 -1.471556 
221 -1.382979 
222 -1.709735 
223 -1.429325 
224 -1.453166 
225 -1.733790 
226 -1.387866 
227 -1.347690 
228 -1.621832 
229 -1.471781 
230 -1.446676 
231 -1.428166 
232 -1.744352 
233 -1.928401 
234 -1.175665 
235 -1.000451 
236 -2.790546 
237 -0.837099 
238 -0.724263 
239 -0.559297 
240 0.921198 
241 1.365652 
242 1.293489 
243 3.032585 
244 1.527042 
245 1.686359 
246 2.570024 
247 2.585036 
248 -1.378076 
249 -1.425988 
250 -1.663822 
251 -1.495860 
252 -1.544911 
253 -1.735301 
254 -1.332685 
255 -1.310544 
256 -1.538643 
257 -1.289177 
258 -1.441765 
259 -1.674290 
260 -1.393667 
261 -1.365113 
262 -1.693387 
263 -1.481970 
264 -1.341304 
265 -1.651402 
266 -1.440379 
267 -1.434468 
268 -1.589779 
269 -1.524319 
270 -1.477757 
271 -1.417543 
272 -1.692336 
273 -1.866345 
274 -1.174516 
275 -1.085530 
276 -2.680770 
277 -0.851346 
278 -0.805777 
279 -0.501202 
280 0.146086 
281 0.561192 
282 0.779632 
283 3.451032 
284 1.184703 
285 -1.691558 
286 -1.576872 
287 -1.956078 
288 -1.516133 
289 -1.457847 
290 -1.638264 
291 -1.311493 
292 -1.561932 
293 -1.581728 
294 -1.392450 
295 -1.398367 
296 -1.667068 
297 -1.317960 
298 -1.342121 
299 -1.572286 
300 -1.521466 
301 -1.448674 
302 -1.503965 
303 -1.470857 
304 -1.386367 
305 -1.627572 
306 -1.471399 
307 -1.452767 
308 -1.681785 
309 -1.406623 
310 -1.408670 
311 -1.413648 
312 -1.831074 
313 -1.679954 
314 -1.223816 
315 -1.104354 
316 -2.617251 
317 -0.630311 
318 -0.880448 
319 -0.891122 
320 0.645390 
321 0.620823 
322 -2.376942 
323 -2.258949 
324 -1.848922 
325 -1.358055 
326 -1.365079 
327 -1.457912 
328 -1.498888 
329 -1.450757 
330 -1.677739 
331 -1.347250 
332 -1.420097 
333 -1.646966 
334 -1.384494 
335 -1.463043 
336 -1.618940 
337 -1.444641 
338 -1.432369 
339 -1.480342 
340 -1.395649 
341 -1.416324 
342 -1.654129 
343 -1.511755 
344 -1.436513 
345 -1.629917 
346 -1.487535 
347 -1.374090 
348 -1.629408 
349 -1.468232 
350 -1.394372 
351 -1.543801 
352 -1.744051 
353 -1.941070 
354 -1.138655 
355 -1.080487 
356 -1.734254 
357 -0.112383 
358 -0.200716 
359 -2.751639 
360 -1.451153 
361 -1.891552 
362 -1.417030 
363 -1.282118 
364 -1.799395 
365 -1.407250 
366 -1.217099 
367 -1.534675 
368 -1.438414 
369 -1.408237 
370 -1.661255 
371 -1.420253 
372 -1.406040 
373 -1.718775 
374 -1.440899 
375 -1.418032 
376 -1.671590 
377 -1.376446 
378 -1.313693 
379 -1.640971 
380 -1.431771 
381 -1.331925 
382 -1.613171 
383 -1.514201 
384 -1.536647 
385 -1.702954 
386 -1.291044 
387 -1.353568 
388 -1.689141 
389 -1.450618 
390 -1.433296 
391 -1.377811 
392 -1.837434 
393 -1.795406 
394 -1.002039 
395 -1.037983 
396 -1.373702 
397 -1.188988 
398 -1.978725 
399 -1.281004 
400 -1.594819 
401 -1.796744 
402 -1.191215 
403 -1.206598 
404 -1.634542 
405 -1.319816 
406 -1.245099 
407 -1.657101 
408 -1.349019 
409 -1.403631 
410 -1.515701 
411 -1.574170 
412 -1.411632 
413 -1.768566 
414 -1.325926 
415 -1.342376 
416 -1.686976 
417 -1.306977 
418 -1.210121 
419 -1.647091 
420 -1.261896 
421 -1.286579 
422 -1.815125 
423 -1.427500 
424 -1.573675 
425 -1.602955 
426 -1.335108 
427 -1.317359 
428 -1.520145 
429 -1.534609 
430 -1.588959 
431 -1.097983 
432 -1.358114 
433 -1.298397 
434 -1.372996 
435 -1.574009 
436 -1.550437 
437 -1.430227 
438 -1.465955 
439 -1.081197 
440 -1.480665 
441 -1.360389 
442 -1.225407 
443 -1.564593 
444 -1.474202 
445 -1.309705 
446 -1.429954 
447 -1.441165 
448 -1.336715 
449 -1.486928 
450 -1.445594 
451 -1.518577 
452 -1.482673 
453 -1.317873 
454 -1.449461 
455 -1.482914 
456 -1.403739 
457 -1.216867 
458 -1.238326 
459 -1.789736 
460 -1.999286 
461 -1.753540 
462 -1.155357 
463 -0.511011 
464 0.114548 
465 1.265044 
466 2.283584 
467 2.858278 
468 2.237032 
469 2.204823 
470 2.173184 
471 1.916615 
472 -1.313450 
473 -1.385712 
474 -1.498965 
475 -1.440455 
476 -1.888397 
477 -0.406925 
478 1.042420 
479 2.725235 
480 2.056580 
481 2.137180 
482 2.255681 
483 1.811583 
484 2.364137 
485 -1.159956 
486 -0.976475 
487 -1.286799 
488 -2.086617 
489 -1.686647 
490 -1.391400 
491 0.078492 
492 0.597122 
493 1.584458 
494 2.117931 
495 2.577305 
496 1.900476 
497 2.162412 
498 -0.902002 
499 -1.047559 
500 -1.435232 
501 -1.385120 
502 -1.404949 
503 -1.425750 
504 -1.430171 
505 -0.073820 
506 1.768930 
507 2.909039 
508 1.958882 
509 1.762170 
510 2.090111 
511 -0.730947 
512 -1.556843 
513 -1.396227 
514 -1.386232 
515 -1.356488 
516 -2.137702 
517 -2.153580 
518 -0.720357 
519 0.756621 
520 1.566231 
521 1.996807 
522 2.165699 
523 2.272830 
524 -1.474087 
525 -1.310594 
526 -1.584794 
527 -1.275172 
528 -1.577827 
529 -1.629899 
530 -1.410491 
531 -1.092861 
532 -0.896502 
533 0.431096 
534 2.494501 
535 2.765813 
536 1.617154 
537 -1.584571 
538 -1.505694 
539 -1.327717 
540 -1.260895 
541 -1.352687 
542 -1.603048 
543 -1.440522 
544 -2.880237 
545 -1.524357 
546 -0.108573 
547 0.942163 
548 1.019968 
549 1.287420 
550 -2.123521 
551 -1.911392 
552 -1.371390 
553 -1.396502 
554 -1.392133 
555 -1.572349 
556 -1.651588 
557 -1.564943 
558 -1.662815 
559 -0.629985 
560 -0.540687 
561 0.565720 
562 1.339799 
563 -3.205504 
564 -1.802658 
565 -1.454908 
566 -1.096933 
567 -1.258138 
568 -1.383197 
569 -1.484524 
570 -1.466423 
571 -1.342192 
572 -2.733717 
573 -1.582990 
574 -0.415626 
575 0.664286 
576 -1.857256 
577 -1.388054 
578 -1.146543 
579 -1.175133 
580 -1.576317 
581 -1.369380 
582 -1.403137 
583 -1.389068 
584 -2.020477 
585 -1.869368 
586 -1.090098 
587 -0.574005 
588 0.272105 
589 -2.040355 
590 -1.625763 
591 -1.537576 
592 -1.605030 
593 -1.516054 
594 -1.323692 
595 -1.272923 
596 -1.477512 
597 -1.524001 
598 -1.454514 
599 -1.280412 
600 -0.857547 
601 -0.189306 
602 -2.078440 
603 -2.006942 
604 -1.488503 
605 -1.222158 
606 -1.497309 
607 -1.477105 
608 -1.370215 
609 -1.208590 
610 -1.539871 
611 -1.604006 
612 -1.620245 
613 -1.090000 
614 -0.558888 
615 -2.139641 
616 -1.837212 
617 -1.399918 
618 -1.202059 
619 -1.155486 
620 -1.254610 
621 -1.417865 
622 -1.346237 
623 -1.712760 
624 -2.154531 
625 -1.606532 
626 -1.103253 
627 -0.589480 
628 -1.330465 
629 -1.385382 
630 -1.689330 
631 -1.301894 
632 -2.485720 
633 -0.925623 
634 0.380730 
635 2.067399 
636 1.283930 
637 2.188934 
638 2.010612 
639 2.289649 
640 2.306149 
641 -0.788754 
642 -1.176453 
643 -1.476905 
644 -2.181901 
645 -2.159903 
646 -0.586971 
647 0.194901 
648 0.824426 
649 1.433013 
650 2.368321 
651 2.349431 
652 2.099775 
653 2.150496 
654 -0.629508 
655 -1.125212 
656 -1.681723 
657 -1.487436 
658 -1.542650 
659 -0.889636 
660 -0.824969 
661 0.184808 
662 1.732546 
663 3.279233 
664 1.947959 
665 2.093266 
666 2.006202 
667 -0.658337 
668 -1.079005 
669 -1.458835 
670 -1.486892 
671 -1.640901 
672 -2.506753 
673 -1.660351 
674 -0.608904 
675 0.980587 
676 1.260512 
677 2.248548 
678 1.879156 
679 2.055409 
680 -0.937100 
681 -1.475081 
682 -1.647324 
683 -1.641110 
684 -1.743794 
685 -1.867065 
686 -1.249751 
687 -0.674676 
688 -0.085451 
689 1.247004 
690 2.202877 
691 2.925588 
692 2.083774 
693 -1.186182 
694 -1.246595 
695 -1.451274 
696 -1.364627 
697 -1.388095 
698 -1.618624 
699 -1.350762 
700 -2.629840 
701 -1.061708 
702 0.628017 
703 1.870313 
704 1.403118 
705 1.768644 
706 -1.615063 
707 -1.702707 
708 -1.773376 
709 -1.379956 
710 -1.273086 
711 -1.367672 
712 -1.959525 
713 -1.962785 
714 -1.207190 
715 -0.215236 
716 0.156514 
717 0.698209 
718 1.614193 
719 -3.141292 
720 -1.926086 
721 -1.406256 
722 -1.229054 
723 -1.071460 
724 -1.319730 
725 -1.364293 
726 -1.406019 
727 -1.646221 
728 -2.898262 
729 -1.190823 
730 0.003863 
731 1.089648 
732 -1.888112 
733 -1.384171 
734 -1.206432 
735 -1.067554 
736 -1.277751 
737 -1.314845 
738 -1.589996 
739 -1.572014 
740 -2.341760 
741 -2.038161 
742 -0.644502 
743 0.020385 
744 0.601230 
745 -1.877697 
746 -1.841626 
747 -1.444656 
748 -1.437674 
749 -1.422344 
750 -1.476720 
751 -1.529767 
752 -1.673955 
753 -1.759068 
754 -1.510879 
755 -0.665541 
756 -0.303934 
757 0.246365 
758 -2.286250 
759 -2.174106 
760 -1.633473 
761 -1.493636 
762 -1.365867 
763 -1.304958 
764 -1.398296 
765 -1.340217 
766 -1.489725 
767 -1.504224 
768 -2.069262 
769 -0.483103 
770 -0.000392 
771 -2.222649 
772 -1.933762 
773 -1.272996 
774 -1.189828 
775 -1.239350 
776 -1.313762 
777 -1.411171 
778 -1.222896 
779 -1.834289 
780 -2.228703 
781 -1.962008 
782 -0.791059 
783 -0.319335 
784 -1.566185 
785 -1.544358 
786 -1.315359 
787 -1.222740 
788 -1.229900 
789 -1.212364 
790 -1.448402 
791 -1.856767 
792 -1.965021 
793 -1.664697 
794 -1.286844 
795 -0.560732 
796 -0.176578 
797 -1.593435 
798 -1.857874 
799 -1.855224 
800 -2.014249 
801 -1.822578 
802 -1.391868 
803 -0.197107 
804 0.914989 
805 1.955726 
806 2.353112 
807 2.698028 
808 2.005507 
809 1.977280 
810 -1.315651 
811 -1.479300 
812 -1.737546 
813 -1.603305 
814 -1.572073 
815 -1.004650 
816 -1.297143 
817 0.188587 
818 1.316315 
819 3.143142 
820 2.283463 
821 2.204809 
822 2.281831 
823 -1.215407 
824 -1.422941 
825 -1.630958 
826 -1.556404 
827 -1.421061 
828 -2.544425 
829 -1.851579 
830 -0.573983 
831 0.979891 
832 1.980082 
833 2.291487 
834 2.229213 
835 2.379809 
836 -0.976531 
837 -1.538247 
838 -1.650451 
839 -1.678169 
840 -1.748849 
841 -1.840810 
842 -1.528479 
843 -0.712322 
844 -0.401937 
845 1.182261 
846 2.517838 
847 2.874761 
848 1.694161 
849 -1.212283 
850 -1.779968 
851 -1.686463 
852 -1.485642 
853 -1.494182 
854 -1.541172 
855 -1.439553 
856 -2.650490 
857 -1.520198 
858 0.166033 
859 1.543079 
860 1.697997 
861 1.738018 
862 -1.545085 
863 -1.909490 
864 -1.438950 
865 -1.539429 
866 -1.471701 
867 -1.538177 
868 -1.914521 
869 -1.879600 
870 -1.483354 
871 -0.367852 
872 0.086694 
873 1.355145 
874 2.008636 
875 -2.664878 
876 -1.494200 
877 -1.489198 
878 -1.492206 
879 -1.424256 
880 -1.599654 
881 -1.499166 
882 -1.446640 
883 -1.415219 
884 -2.591636 
885 -1.722839 
886 -0.122511 
887 1.119438 
888 -1.584220 
889 -1.581984 
890 -1.345028 
891 -1.404679 
892 -1.424885 
893 -1.540757 
894 -1.399926 
895 -1.566759 
896 -2.110523 
897 -2.025959 
898 -1.072530 
899 -0.297477 
900 0.362343 
901 -1.838210 
902 -1.890451 
903 -1.763621 
904 -1.567458 
905 -1.604283 
906 -1.400851 
907 -1.379909 
908 -1.711620 
909 -1.728181 
910 -1.464089 
911 -1.085281 
912 -0.881594 
913 -0.031071 
914 -2.086161 
915 -2.224185 
916 -1.641741 
917 -1.501464 
918 -1.397810 
919 -1.411962 
920 -1.447841 
921 -1.553852 
922 -1.494164 
923 -1.471442 
924 -1.683424 
925 -1.155694 
926 -0.438423 
927 -2.236654 
928 -1.749246 
929 -1.566301 
930 -1.335047 
931 -1.315024 
932 -1.538824 
933 -1.525301 
934 -1.416639 
935 -1.477015 
936 -1.664909 
937 -2.120800 
938 -1.371047 
939 -0.637573 
940 -1.558974 
941 -1.650532 
942 -1.401572 
943 -1.351216 
944 -1.453326 
945 -1.484326 
946 -1.461688 
947 -1.512614 
948 -1.650814 
949 -1.665488 
950 -1.610846 
951 -1.034992 
952 -0.773565 
953 -1.502940 
954 -1.790741 
955 -1.614001 
956 -1.582548 
957 -1.451390 
958 -1.432215 
959 -1.437278 
960 -1.427994 
961 -1.545147 
962 -1.493583 
963 -1.464208 
964 -1.232165 
965 -0.918943 
966 -1.669338 
967 -1.947594 
968 -1.436241 
969 -1.553295 
970 -1.417573 
971 -1.506771 
972 -1.755823 
973 -1.674951 
974 -1.487641 
975 -0.934636 
976 -2.626603 
977 -0.772135 
978 -1.337362 
979 1.082655 
980 0.461398 
981 2.037735 
982 2.148864 
983 2.780257 
984 2.460584 
985 2.250578 
986 2.603588 
987 2.176273 
988 1.778301 
989 2.015647 
990 -1.347470 
991 -1.370526 
992 -1.581783 
993 -1.340365 
994 -1.398364 
995 -1.610911 
996 -1.598429 
997 -1.428860 
998 -1.371911 
999 -1.626499 
1000 -1.570856 
1001 -1.492509 
1002 -1.542654 
1003 -1.434058 
1004 -1.746121 
1005 -1.738936 
1006 -1.535307 
1007 -0.787188 
1008 -2.141757 
1009 -2.264984 
1010 0.193109 
1011 0.367623 
1012 -0.627427 
1013 2.599000 
1014 2.394346 
1015 1.927960 
1016 2.286237 
1017 2.050339 
1018 2.400937 
1019 2.178369 
1020 2.449970 
1021 2.956573 
1022 2.541237 
1023 2.309832 
1024 2.157146 
1025 2.118333 
1026 2.381547 
1027 -1.472046 
1028 -1.148535 
1029 -1.598992 
1030 -1.527446 
1031 -1.611863 
1032 -1.484308 
1033 -1.520138 
1034 -1.423652 
1035 -1.509712 
1036 -1.592203 
1037 -1.432552 
1038 -1.540849 
1039 -1.449858 
1040 -1.541603 
1041 -1.518596 
1042 -1.439874 
1043 -1.481397 
1044 -1.760890 
1045 -1.739042 
1046 -1.741522 
1047 -0.284758 
1048 -1.959848 
1049 -1.892484 
1050 0.877686 
1051 1.085279 
1052 0.250365 
1053 2.508629 
1054 2.459123 
1055 2.509705 
1056 2.382038 
1057 2.331265 
1058 2.384642 
1059 2.197701 
1060 2.100564 
1061 2.209683 
1062 2.186508 
1063 2.215933 
1064 -1.317427 
1065 -1.273987 
1066 -1.681912 
1067 -1.569452 
1068 -1.483450 
1069 -1.642038 
1070 -1.352405 
1071 -1.540813 
1072 -1.447441 
1073 -1.457400 
1074 -1.588782 
1075 -1.479800 
1076 -1.399554 
1077 -1.507667 
1078 -1.584526 
1079 -1.540252 
1080 -1.608447 
1081 -1.354990 
1082 -1.422625 
1083 -1.507890 
1084 -1.733304 
1085 -1.615394 
1086 -1.922866 
1087 0.138972 
1088 -1.026587 
1089 -1.052012 
1090 2.339045 
1091 2.208789 
1092 1.094846 
1093 2.399762 
1094 2.436064 
1095 2.580334 
1096 2.175044 
1097 2.133652 
1098 2.361985 
1099 2.426633 
1100 1.719065 
1101 -1.520383 
1102 -1.415030 
1103 -1.621812 
1104 -1.528445 
1105 -1.493509 
1106 -1.384991 
1107 -1.506342 
1108 -1.408577 
1109 -1.559548 
1110 -1.538852 
1111 -1.500732 
1112 -1.533497 
1113 -1.429800 
1114 -1.438259 
1115 -1.543015 
1116 -1.554344 
1117 -1.454866 
1118 -1.524217 
1119 -1.441939 
1120 -1.599645 
1121 -1.257603 
1122 -1.518787 
1123 -1.621417 
1124 -1.613077 
1125 -1.655923 
1126 -1.840246 
1127 0.371346 
1128 -0.291655 
1129 -0.737429 
1130 2.698661 
1131 2.475484 
1132 1.600185 
1133 2.271216 
1134 2.445528 
1135 2.749490 
1136 1.604626 
1137 1.868926 
1138 -1.499347 
1139 -1.775346 
1140 -1.558006 
1141 -1.357806 
1142 -1.536603 
1143 -1.467816 
1144 -1.614796 
1145 -1.402758 
1146 -1.446512 
1147 -1.440850 
1148 -1.417742 
1149 -1.558287 
1150 -1.548413 
1151 -1.451526 
1152 -1.489270 
1153 -1.536727 
1154 -1.402261 
1155 -1.517386 
1156 -1.368652 
1157 -1.627818 
1158 -1.527992 
1159 -1.441543 
1160 -1.783914 
1161 -1.194559 
1162 -1.524879 
1163 -1.427017 
1164 -1.321831 
1165 -1.651846 
1166 -1.981782 
1167 0.386141 
1168 -0.468792 
1169 0.284428 
1170 2.653204 
1171 1.991475 
1172 1.296811 
1173 1.838023 
1174 1.789027 
1175 -2.381342 
1176 -1.412613 
1177 -1.448788 
1178 -1.525209 
1179 -1.459149 
1180 -1.537551 
1181 -1.461911 
1182 -1.581701 
1183 -1.464043 
1184 -1.585417 
1185 -1.456056 
1186 -1.534214 
1187 -1.418240 
1188 -1.566430 
1189 -1.538998 
1190 -1.358477 
1191 -1.493718 
1192 -1.537760 
1193 -1.486678 
1194 -1.480923 
1195 -1.491040 
1196 -1.525722 
1197 -1.508356 
1198 -1.417615 
1199 -1.566937 
1200 -1.799852 
1201 -1.229087 
1202 -1.323210 
1203 -1.510608 
1204 -1.783888 
1205 -1.585555 
1206 -1.591658 
1207 -0.015455 
1208 -1.655631 
1209 0.183143 
1210 1.902099 
1211 1.980172 
1212 -1.401716 
1213 -1.302809 
1214 -1.622977 
1215 -1.522112 
1216 -1.571561 
1217 -1.505874 
1218 -1.367500 
1219 -1.499354 
1220 -1.514715 
1221 -1.533646 
1222 -1.495088 
1223 -1.468913 
1224 -1.554509 
1225 -1.459199 
1226 -1.470340 
1227 -1.541636 
1228 -1.465247 
1229 -1.607022 
1230 -1.473519 
1231 -1.383625 
1232 -1.523851 
1233 -1.472221 
1234 -1.525169 
1235 -1.461715 
1236 -1.498008 
1237 -1.544667 
1238 -1.445146 
1239 -1.481488 
1240 -1.888085 
1241 -1.495790 
1242 -1.398840 
1243 -1.239560 
1244 -1.546892 
1245 -1.940975 
1246 -1.639743 
1247 0.165266 
1248 0.280635 
1249 -1.763963 
1250 -1.796460 
1251 -1.906847 
1252 -1.664098 
1253 -1.540005 
1254 -1.428771 
1255 -1.331893 
1256 -1.580571 
1257 -1.495854 
1258 -1.467888 
1259 -1.509641 
1260 -1.477241 
1261 -1.432760 
1262 -1.550671 
1263 -1.537035 
1264 -1.487593 
1265 -1.501484 
1266 -1.555309 
1267 -1.417241 
1268 -1.364242 
1269 -1.507969 
1270 -1.558705 
1271 -1.579490 
1272 -1.544742 
1273 -1.547930 
1274 -1.381975 
1275 -1.507226 
1276 -1.596441 
1277 -1.626182 
1278 -1.453567 
1279 -1.307961 
1280 -2.103007 
1281 -1.410556 
1282 -1.307373 
1283 -1.102987 
1284 -0.413121 
1285 -0.312961 
1286 -2.298746 
1287 -2.158430 
1288 -1.676321 
1289 -1.526318 
1290 -1.461042 
1291 -1.321053 
1292 -1.556005 
1293 -1.595346 
1294 -1.417448 
1295 -1.400963 
1296 -1.519819 
1297 -1.571373 
1298 -1.482474 
1299 -1.485505 
1300 -1.540642 
1301 -1.446842 
1302 -1.511670 
1303 -1.533751 
1304 -1.511704 
1305 -1.463649 
1306 -1.547941 
1307 -1.542383 
1308 -1.458053 
1309 -1.506932 
1310 -1.524297 
1311 -1.486571 
1312 -1.531940 
1313 -1.571289 
1314 -1.477625 
1315 -1.416566 
1316 -1.708978 
1317 -1.667167 
1318 -1.380272 
1319 -1.242735 
1320 -1.427357 
1321 -0.797711 
1322 -0.835247 
1323 -2.462678 
1324 -1.288641 
1325 -1.647701 
1326 -1.577811 
1327 -1.547557 
1328 -1.513011 
1329 -1.667644 
1330 -1.458367 
1331 -1.431089 
1332 -1.539995 
1333 -1.535651 
1334 -1.469126 
1335 -1.508520 
1336 -1.539719 
1337 -1.455159 
1338 -1.512226 
1339 -1.506014 
1340 -1.522399 
1341 -1.474209 
1342 -1.470917 
1343 -1.568946 
1344 -1.530722 
1345 -1.442523 
1346 -1.517457 
1347 -1.505795 
1348 -1.430719 
1349 -1.357690 
1350 -1.561861 
1351 -1.660617 
1352 -1.571529 
1353 -1.527076 
1354 -1.562306 
1355 -1.327480 
1356 -1.745374 
1357 -1.642262 
1358 -1.304497 
1359 -1.168283 
1360 -1.493752 
1361 -1.202660 
1362 -1.643380 
1363 -1.665404 
1364 -1.537657 
1365 -1.501441 
1366 -1.479260 
1367 -1.454884 
1368 -1.551496 
1369 -1.485623 
1370 -1.534933 
1371 -1.469820 
1372 -1.503574 
1373 -1.462307 
1374 -1.632107 
1375 -1.407107 
1376 -1.416205 
1377 -1.451496 
1378 -1.665941 
1379 -1.451014 
1380 -1.382242 
1381 -1.673375 
1382 -1.380643 
1383 -1.523506 
1384 -1.589890 
1385 -1.461365 
1386 -1.492547 
1387 -1.454624 
1388 -1.462459 
1389 -1.435618 
1390 -1.563745 
1391 -1.458130 
1392 -1.599845 
1393 -1.581782 
1394 -1.566004 
1395 -1.246262 
1396 -0.919283 
1397 -1.246043 
1398 -1.927601 
1399 -1.580281 
1400 -1.523680 
1401 -1.443067 
1402 -1.461334 
1403 -1.367992 
1404 -1.406381 
1405 -1.567104 
1406 -1.432926 
1407 -1.432044 
1408 -1.472053 
1409 -1.278075 
1410 -1.595726 
1411 -1.492532 
1412 -1.573276 
1413 -1.294938 
1414 -1.557262 
1415 -1.370513 
1416 -1.814088 
1417 -1.400602 
1418 -1.413734 
1419 -1.208378 
1420 -0.832806 
1421 -1.493053 
1422 -1.693789 
1423 -1.673813 
1424 -1.412087 
1425 -1.542204 
1426 -1.466950 
1427 -1.416954 
1428 -1.988392 
1429 -1.639175 
1430 -1.154406 
1431 -0.925128 
1432 -1.960988 
1433 -0.804295 
1434 1.177966 
1435 2.268572 
1436 1.778370 
1437 1.706985 
1438 2.603920 
1439 2.173590 
1440 2.386871 
1441 2.131128 
1442 1.949937 
1443 2.175144 
1444 1.810871 
1445 -1.308667 
1446 -1.390332 
1447 -1.690451 
1448 -1.507347 
1449 -1.254106 
1450 -1.547750 
1451 -1.609753 
1452 -1.431435 
1453 -1.576207 
1454 -1.422665 
1455 -1.478940 
1456 -1.615536 
1457 -1.652847 
1458 -1.371398 
1459 -1.264245 
1460 -2.023801 
1461 -1.931392 
1462 -0.722855 
1463 -1.033918 
1464 -2.908553 
1465 0.419222 
1466 -0.652731 
1467 0.590452 
1468 1.377323 
1469 1.511066 
1470 1.970053 
1471 3.046625 
1472 2.169633 
1473 2.275760 
1474 2.339040 
1475 2.498627 
1476 2.556436 
1477 2.287393 
1478 2.025095 
1479 2.250391 
1480 1.595823 
1481 2.033499 
1482 -1.511734 
1483 -1.603192 
1484 -1.490392 
1485 -1.495470 
1486 -1.364375 
1487 -1.595111 
1488 -1.435934 
1489 -1.520404 
1490 -1.514568 
1491 -1.461165 
1492 -1.543065 
1493 -1.548702 
1494 -1.492894 
1495 -1.345632 
1496 -1.666978 
1497 -1.693278 
1498 -1.534733 
1499 -1.073010 
1500 -2.122545 
1501 -2.186450 
1502 -0.379285 
1503 -0.374103 
1504 -1.640069 
1505 1.102719 
1506 1.875787 
1507 2.318728 
1508 1.945181 
1509 2.071808 
1510 2.090690 
1511 2.310015 
1512 2.308716 
1513 2.316534 
1514 2.149017 
1515 2.142596 
1516 2.244764 
1517 2.092977 
1518 2.092659 
1519 -1.443112 
1520 -1.369078 
1521 -1.540584 
1522 -1.561428 
1523 -1.431759 
1524 -1.432918 
1525 -1.476225 
1526 -1.505487 
1527 -1.520505 
1528 -1.467142 
1529 -1.565706 
1530 -1.497082 
1531 -1.432175 
1532 -1.415919 
1533 -1.474531 
1534 -1.420043 
1535 -1.534248 
1536 -1.633716 
1537 -1.724031 
1538 -1.585640 
1539 -0.898449 
1540 -2.300180 
1541 -2.051828 
1542 -0.240454 
1543 -0.079677 
1544 -0.582148 
1545 2.000631 
1546 2.407363 
1547 2.157594 
1548 2.210403 
1549 2.135818 
1550 2.226358 
1551 2.455939 
1552 2.074940 
1553 2.163317 
1554 2.393680 
1555 2.381567 
1556 -1.399646 
1557 -1.299238 
1558 -1.503647 
1559 -1.578546 
1560 -1.435752 
1561 -1.584574 
1562 -1.503614 
1563 -1.401426 
1564 -1.495826 
1565 -1.516399 
1566 -1.443272 
1567 -1.515840 
1568 -1.525054 
1569 -1.412762 
1570 -1.445194 
1571 -1.533140 
1572 -1.446362 
1573 -1.443302 
1574 -1.595559 
1575 -1.460559 
1576 -1.689434 
1577 -1.659236 
1578 -1.412246 
1579 -0.985073 
1580 -2.293764 
1581 -1.963295 
1582 0.000914 
1583 0.386792 
1584 0.172029 
1585 2.602069 
1586 2.424224 
1587 2.400851 
1588 2.159318 
1589 2.276203 
1590 2.415035 
1591 2.566144 
1592 1.578699 
1593 -1.505507 
1594 -1.420403 
1595 -1.708489 
1596 -1.477219 
1597 -1.404588 
1598 -1.499073 
1599 -1.550848 
1600 -1.501432 
1601 -1.541651 
1602 -1.385999 
1603 -1.481086 
1604 -1.449721 
1605 -1.484730 
1606 -1.481677 
1607 -1.530339 
1608 -1.564911 
1609 -1.384728 
1610 -1.553030 
1611 -1.451613 
1612 -1.467141 
1613 -1.477231 
1614 -1.697911 
1615 -1.298208 
1616 -1.846158 
1617 -1.877199 
1618 -1.320270 
1619 -0.513678 
1620 -2.662793 
1621 -1.447700 
1622 0.463163 
1623 0.404499 
1624 1.041049 
1625 2.121680 
1626 2.164404 
1627 2.778446 
1628 1.425613 
1629 1.454853 
1630 -1.916692 
1631 -1.804215 
1632 -1.650643 
1633 -1.537514 
1634 -1.202962 
1635 -1.490116 
1636 -1.499502 
1637 -1.530463 
1638 -1.504226 
1639 -1.369848 
1640 -1.572951 
1641 -1.515185 
1642 -1.405968 
1643 -1.451764 
1644 -1.424541 
1645 -1.451311 
1646 -1.543813 
1647 -1.572268 
1648 -1.372278 
1649 -1.569618 
1650 -1.524740 
1651 -1.464141 
1652 -1.555088 
1653 -1.488179 
1654 -1.502993 
1655 -1.373061 
1656 -1.913684 
1657 -1.790624 
1658 -1.355771 
1659 -0.352489 
1660 -2.479205 
1661 -1.622122 
1662 -0.003318 
1663 0.210306 
1664 0.186003 
1665 1.221224 
1666 1.263375 
1667 -3.318976 
1668 -1.292876 
1669 -1.565204 
1670 -1.600363 
1671 -1.363971 
1672 -1.482918 
1673 -1.568368 
1674 -1.450098 
1675 -1.499538 
1676 -1.511311 
1677 -1.467383 
1678 -1.473782 
1679 -1.504161 
1680 -1.438807 
1681 -1.451863 
1682 -1.543738 
1683 -1.481311 
1684 -1.392043 
1685 -1.529396 
1686 -1.374389 
1687 -1.639290 
1688 -1.521837 
1689 -1.572511 
1690 -1.409757 
1691 -1.436540 
1692 -1.780250 
1693 -1.468472 
1694 -1.304175 
1695 -1.293111 
1696 -1.639739 
1697 -1.690163 
1698 -1.741851 
1699 -0.664973 
1700 -2.433151 
1701 -1.784295 
1702 -0.272034 
1703 0.033844 
1704 -1.482231 
1705 -1.276446 
1706 -1.633800 
1707 -1.436531 
1708 -1.539915 
1709 -1.445548 
1710 -1.423748 
1711 -1.415593 
1712 -1.477807 
1713 -1.488481 
1714 -1.476696 
1715 -1.533153 
1716 -1.421123 
1717 -1.536205 
1718 -1.530190 
1719 -1.383471 
1720 -1.475574 
1721 -1.543590 
1722 -1.405302 
1723 -1.535498 
1724 -1.471342 
1725 -1.421239 
1726 -1.525386 
1727 -1.478674 
1728 -1.586150 
1729 -1.526800 
1730 -1.374078 
1731 -1.398198 
1732 -1.666218 
1733 -1.407977 
1734 -1.428806 
1735 -1.469257 
1736 -1.704634 
1737 -1.611815 
1738 -1.867736 
1739 -0.501987 
1740 -0.139779 
1741 -1.777689 
1742 -1.688566 
1743 -1.806480 
1744 -1.550007 
1745 -1.671069 
1746 -1.322269 
1747 -1.380290 
1748 -1.506387 
1749 -1.452759 
1750 -1.526192 
1751 -1.481012 
1752 -1.512337 
1753 -1.435308 
1754 -1.531410 
1755 -1.484784 
1756 -1.509708 
1757 -1.592638 
1758 -1.403616 
1759 -1.396623 
1760 -1.425118 
1761 -1.515887 
1762 -1.563618 
1763 -1.448120 
1764 -1.536487 
1765 -1.507611 
1766 -1.516834 
1767 -1.412776 
1768 -1.568673 
1769 -1.536799 
1770 -1.353083 
1771 -1.482358 
1772 -1.714011 
1773 -1.438127 
1774 -1.344382 
1775 -1.447014 
1776 -0.519281 
1777 -0.651688 
1778 -2.151618 
1779 -2.099013 
1780 -1.412589 
1781 -1.563983 
1782 -1.547453 
1783 -1.470374 
1784 -1.550537 
1785 -1.580886 
1786 -1.358208 
1787 -1.489844 
1788 -1.558706 
1789 -1.561309 
1790 -1.458079 
1791 -1.400798 
1792 -1.427858 
1793 -1.485846 
1794 -1.502667 
1795 -1.538579 
1796 -1.422913 
1797 -1.428803 
1798 -1.596832 
1799 -1.487259 
1800 -1.573825 
1801 -1.523170 
1802 -1.416142 
1803 -1.415101 
1804 -1.476148 
1805 -1.555339 
1806 -1.566907 
1807 -1.364556 
1808 -1.605406 
1809 -1.561724 
1810 -1.429491 
1811 -1.384919 
1812 -1.552088 
1813 -0.986936 
1814 -1.048895 
1815 -2.156746 
1816 -1.152771 
1817 -1.651651 
1818 -1.582631 
1819 -1.441114 
1820 -1.520689 
1821 -1.506649 
1822 -1.587152 
1823 -1.353954 
1824 -1.570849 
1825 -1.378371 
1826 -1.412304 
1827 -1.595519 
1828 -1.341777 
1829 -1.555811 
1830 -1.531377 
1831 -1.492045 
1832 -1.496545 
1833 -1.509477 
1834 -1.435512 
1835 -1.519266 
1836 -1.428437 
1837 -1.551110 
1838 -1.434176 
1839 -1.530097 
1840 -1.392671 
1841 -1.526907 
1842 -1.645850 
1843 -1.397735 
1844 -1.575936 
1845 -1.606967 
1846 -1.484155 
1847 -1.310200 
1848 -1.739806 
1849 -1.736115 
1850 -1.215777 
1851 -1.205155 
1852 -1.033426 
1853 -1.605302 
1854 -1.586348 
1855 -1.450910 
1856 -1.567105 
1857 -1.497017 
1858 -1.372062 
1859 -1.345197 
1860 -1.605971 
1861 -1.470845 
1862 -1.423122 
1863 -1.371887 
1864 -1.343343 
1865 -1.454684 
1866 -1.558634 
1867 -1.386596 
1868 -1.578083 
1869 -1.287680 
1870 -1.667545 
1871 -1.281561 
1872 -1.941637 
1873 -1.480213 
1874 -1.404008 
1875 -0.942669 
1876 -1.296090 
1877 -1.506730 
1878 -1.525407 
1879 -1.581706 
1880 -1.600836 
1881 -1.346067 
1882 -1.527477 
1883 -1.346867 
1884 -2.327698 
1885 -1.307649 
1886 -1.684167 
1887 0.133229 
1888 -0.889089 
1889 1.602538 
1890 0.925139 
1891 3.277116 
1892 1.846717 
1893 2.073480 
1894 2.244424 
1895 2.118315 
1896 2.387667 
1897 2.025094 
1898 1.969982 
1899 2.094957 
1900 -1.084844 
1901 -1.194440 
1902 -1.762704 
1903 -1.759604 
1904 -1.347628 
1905 -1.691235 
1906 -1.555629 
1907 -1.379928 
1908 -1.516694 
1909 -1.583819 
1910 -1.526620 
1911 -1.421892 
1912 -1.818397 
1913 -1.793517 
1914 -1.144726 
1915 -1.220424 
1916 -2.510960 
1917 -0.820108 
1918 -0.759115 
1919 -1.367240 
1920 1.099440 
1921 0.945065 
1922 -0.020783 
1923 3.439732 
1924 1.810193 
1925 1.568402 
1926 2.635306 
1927 2.445484 
1928 2.052376 
1929 2.409316 
1930 2.152100 
1931 2.166518 
1932 2.554738 
1933 2.426573 
1934 2.458812 
1935 2.137154 
1936 1.833039 
1937 -1.376596 
1938 -1.327695 
1939 -1.640081 
1940 -1.393950 
1941 -1.546021 
1942 -1.483272 
1943 -1.520383 
1944 -1.548708 
1945 -1.468594 
1946 -1.413057 
1947 -1.551278 
1948 -1.519711 
1949 -1.590793 
1950 -1.698563 
1951 -1.132250 
1952 -1.656975 
1953 -1.945660 
1954 -0.987448 
1955 -1.316231 
1956 -3.050002 
1957 -0.044850 
1958 -0.289654 
1959 -0.790490 
1960 1.352981 
1961 1.228250 
1962 1.168544 
1963 3.429686 
1964 2.144374 
1965 1.855446 
1966 2.380454 
1967 2.258953 
1968 2.187138 
1969 2.286750 
1970 2.134053 
1971 2.257486 
1972 1.832678 
1973 1.955000 
1974 -1.574286 
1975 -1.373171 
1976 -1.429424 
1977 -1.281140 
1978 -1.565756 
1979 -1.661971 
1980 -1.398939 
1981 -1.579851 
1982 -1.587663 
1983 -1.395609 
1984 -1.429642 
1985 -1.458721 
1986 -1.422444 
1987 -1.596088 
1988 -1.647955 
1989 -1.494763 
1990 -1.713406 
1991 -1.048943 
1992 -1.974725 
1993 -2.158605 
1994 -0.731092 
1995 -0.708364 
1996 -3.096468 
1997 0.090356 
1998 0.054013 
1999 -0.033786 
2000 1.629236 
2001 1.720198 
2002 1.594467 
2003 3.204343 
2004 2.373232 
2005 2.242470 
2006 2.351728 
2007 2.108654 
2008 2.072878 
2009 2.398757 
2010 2.009464 
2011 -1.243002 
2012 -1.168537 
2013 -1.656879 
2014 -1.504211 
2015 -1.594407 
2016 -1.534248 
2017 -1.642986 
2018 -1.325668 
2019 -1.420995 
2020 -1.316262 
2021 -1.625152 
2022 -1.568278 
2023 -1.483036 
2024 -1.573676 
2025 -1.349020 
2026 -1.362458 
2027 -1.613352 
2028 -1.742581 
2029 -1.414538 
2030 -1.686815 
2031 -1.016718 
2032 -1.969917 
2033 -2.413943 
2034 -0.450731 
2035 -0.285364 
2036 -2.829774 
2037 1.176643 
2038 0.927653 
2039 0.738101 
2040 2.310815 
2041 2.092857 
2042 2.111781 
2043 2.535708 
2044 2.095897 
2045 2.211318 
2046 2.121672 
2047 2.556292 
2048 -1.304638 
2049 -1.473846 
2050 -1.603584 
2051 -1.466131 
2052 -1.514756 
2053 -1.363095 
2054 -1.586269 
2055 -1.449726 
2056 -1.484262 
2057 -1.495819 
2058 -1.614615 
2059 -1.385745 
2060 -1.428388 
2061 -1.605958 
2062 -1.556116 
2063 -1.382945 
2064 -1.426873 
2065 -1.515878 
2066 -1.478829 
2067 -1.511888 
2068 -1.660958 
2069 -1.592132 
2070 -1.620229 
2071 -0.902311 
2072 -2.192727 
2073 -2.137600 
2074 -0.202679 
2075 -0.281696 
2076 -1.539819 
2077 2.123508 
2078 2.102990 
2079 1.492509 
2080 2.102219 
2081 2.161307 
2082 2.205740 
2083 2.729065 
2084 1.396054 
2085 -1.463803 
2086 -1.606158 
2087 -1.688359 
2088 -1.530812 
2089 -1.453223 
2090 -1.386262 
2091 -1.527130 
2092 -1.542875 
2093 -1.473498 
2094 -1.497296 
2095 -1.455409 
2096 -1.507828 
2097 -1.446685 
2098 -1.404369 
2099 -1.534069 
2100 -1.530781 
2101 -1.493738 
2102 -1.519769 
2103 -1.392575 
2104 -1.541566 
2105 -1.435147 
2106 -1.345703 
2107 -1.575062 
2108 -1.596815 
2109 -1.770985 
2110 -1.567793 
2111 -0.842283 
2112 -2.433729 
2113 -1.934702 
2114 -0.124575 
2115 -0.286433 
2116 -1.759711 
2117 1.193412 
2118 1.960153 
2119 1.814296 
2120 1.228999 
2121 1.171316 
2122 -2.088898 
2123 -2.132132 
2124 -1.487021 
2125 -1.500360 
2126 -1.495570 
2127 -1.399561 
2128 -1.444740 
2129 -1.615722 
2130 -1.414126 
2131 -1.424838 
2132 -1.433566 
2133 -1.433172 
2134 -1.530527 
2135 -1.545754 
2136 -1.582205 
2137 -1.351669 
2138 -1.426858 
2139 -1.609988 
2140 -1.497533 
2141 -1.457576 
2142 -1.517031 
2143 -1.421000 
2144 -1.457076 
2145 -1.559059 
2146 -1.425464 
2147 -1.566090 
2148 -1.502954 
2149 -1.727328 
2150 -1.688562 
2151 -0.922961 
2152 -2.072381 
2153 -2.259736 
2154 -0.300861 
2155 -0.419072 
2156 -1.010058 
2157 0.511715 
2158 0.325195 
2159 -3.279256 
2160 -1.408018 
2161 -1.578808 
2162 -1.421794 
2163 -1.524649 
2164 -1.477248 
2165 -1.362307 
2166 -1.552055 
2167 -1.557718 
2168 -1.580204 
2169 -1.522692 
2170 -1.458595 
2171 -1.384520 
2172 -1.486099 
2173 -1.456661 
2174 -1.433916 
2175 -1.551270 
2176 -1.496852 
2177 -1.407294 
2178 -1.502751 
2179 -1.558148 
2180 -1.320457 
2181 -1.498810 
2182 -1.479924 
2183 -1.574280 
2184 -1.361326 
2185 -1.560689 
2186 -1.607092 
2187 -1.363363 
2188 -1.763631 
2189 -1.493386 
2190 -1.676751 
2191 -1.036835 
2192 -1.935541 
2193 -1.822786 
2194 -0.705615 
2195 -1.010528 
2196 -1.518039 
2197 -1.362714 
2198 -1.508195 
2199 -1.511504 
2200 -1.697760 
2201 -1.349761 
2202 -1.423322 
2203 -1.475583 
2204 -1.419121 
2205 -1.519334 
2206 -1.413335 
2207 -1.571947 
2208 -1.411578 
2209 -1.468829 
2210 -1.511581 
2211 -1.544258 
2212 -1.457392 
2213 -1.510049 
2214 -1.450722 
2215 -1.481822 
2216 -1.397894 
2217 -1.462637 
2218 -1.535891 
2219 -1.545949 
2220 -1.533743 
2221 -1.524244 
2222 -1.375350 
2223 -1.497655 
2224 -1.631857 
2225 -1.349602 
2226 -1.500720 
2227 -1.447353 
2228 -1.633561 
2229 -1.636638 
2230 -1.638555 
2231 -0.885573 
2232 -0.477803 
2233 -1.665607 
2234 -1.635975 
2235 -1.834716 
2236 -1.593691 
2237 -1.541369 
2238 -1.448049 
2239 -1.335705 
2240 -1.629476 
2241 -1.445663 
2242 -1.370216 
2243 -1.506357 
2244 -1.498467 
2245 -1.443114 
2246 -1.556253 
2247 -1.491285 
2248 -1.491712 
2249 -1.498433 
2250 -1.523418 
2251 -1.454503 
2252 -1.521733 
2253 -1.465728 
2254 -1.515839 
2255 -1.522597 
2256 -1.520847 
2257 -1.533862 
2258 -1.456266 
2259 -1.435683 
2260 -1.506881 
2261 -1.539895 
2262 -1.487744 
2263 -1.430792 
2264 -1.637489 
2265 -1.488664 
2266 -1.512709 
2267 -1.374267 
2268 -1.000528 
2269 -1.090151 
2270 -2.000291 
2271 -1.647909 
2272 -1.646447 
2273 -1.602387 
2274 -1.420795 
2275 -1.303777 
2276 -1.453266 
2277 -1.530795 
2278 -1.487782 
2279 -1.489734 
2280 -1.555658 
2281 -1.375978 
2282 -1.465127 
2283 -1.498113 
2284 -1.481089 
2285 -1.495751 
2286 -1.432295 
2287 -1.565405 
2288 -1.465566 
2289 -1.504550 
2290 -1.483659 
2291 -1.501256 
2292 -1.420002 
2293 -1.443392 
2294 -1.618202 
2295 -1.459561 
2296 -1.469694 
2297 -1.513463 
2298 -1.523222 
2299 -1.479283 
2300 -1.698985 
2301 -1.573622 
2302 -1.386274 
2303 -1.293282 
2304 -1.614050 
2305 -1.315708 
2306 -1.183000 
2307 -1.679752 
2308 -1.551694 
2309 -1.306138 
2310 -1.448026 
2311 -1.468806 
2312 -1.591408 
2313 -1.376554 
2314 -1.290151 
2315 -1.492101 
2316 -1.526703 
2317 -1.367284 
2318 -1.447421 
2319 -1.458709 
2320 -1.429737 
2321 -1.400568 
2322 -1.477045 
2323 -1.443978 
2324 -1.464201 
2325 -1.448719 
2326 -1.295412 
2327 -1.574483 
2328 -1.382691 
2329 -1.646205 
2330 -1.024958 
2331 -1.673126 
2332 -1.323803 
2333 -1.328898 
2334 -1.670015 
2335 -1.504356 
2336 -1.529485 
2337 -1.652101 
2338 -1.436895 
2339 -1.227145 
2340 -2.167254 
2341 -2.220384 
2342 -0.316066 
2343 0.292360 
2344 0.969482 
2345 1.750351 
2346 2.532438 
2347 2.467395 
2348 2.058172 
2349 2.129683 
2350 2.059076 
2351 2.193318 
2352 1.919479 
2353 2.107966 
2354 2.472047 
2355 -1.200459 
2356 -1.094808 
2357 -1.668503 
2358 -1.564135 
2359 -1.575919 
2360 -1.603918 
2361 -1.422571 
2362 -1.570840 
2363 -1.428572 
2364 -1.515720 
2365 -1.465266 
2366 -1.545795 
2367 -1.483899 
2368 -1.595166 
2369 -1.582207 
2370 -1.487171 
2371 -1.325849 
2372 -1.827930 
2373 -2.030202 
2374 -0.885400 
2375 0.976283 
2376 0.280513 
2377 1.293156 
2378 2.468529 
2379 2.805966 
2380 1.940963 
2381 2.304605 
2382 2.205002 
2383 2.465900 
2384 2.292162 
2385 2.241459 
2386 2.232107 
2387 2.293616 
2388 2.023915 
2389 2.257643 
2390 2.016538 
2391 2.257435 
2392 -1.353606 
2393 -1.185575 
2394 -1.709543 
2395 -1.612705 
2396 -1.423277 
2397 -1.472075 
2398 -1.430760 
2399 -1.642309 
2400 -1.441847 
2401 -1.491701 
2402 -1.572542 
2403 -1.502625 
2404 -1.498052 
2405 -1.546314 
2406 -1.371599 
2407 -1.451821 
2408 -1.931585 
2409 -1.338448 
2410 -1.477463 
2411 -1.142915 
2412 -0.846748 
2413 -1.282772 
2414 -0.393951 
2415 2.795513 
2416 0.996105 
2417 1.383405 
2418 2.665473 
2419 2.602614 
2420 2.273052 
2421 2.341312 
2422 2.149141 
2423 2.271804 
2424 2.270605 
2425 2.288979 
2426 2.263814 
2427 2.118788 
2428 1.941888 
2429 -1.230458 
2430 -1.262584 
2431 -1.684819 
2432 -1.370702 
2433 -1.507137 
2434 -1.417638 
2435 -1.615326 
2436 -1.542594 
2437 -1.472389 
2438 -1.439374 
2439 -1.467715 
2440 -1.503754 
2441 -1.430091 
2442 -1.527959 
2443 -1.465632 
2444 -1.540094 
2445 -1.610570 
2446 -1.331546 
2447 -1.463415 
2448 -1.928020 
2449 -1.329931 
2450 -1.293342 
2451 -1.091049 
2452 -0.330139 
2453 0.067527 
2454 0.521714 
2455 3.421339 
2456 1.692963 
2457 1.713714 
2458 2.552774 
2459 2.543916 
2460 2.247482 
2461 2.352252 
2462 2.267589 
2463 2.287082 
2464 2.013433 
2465 2.157887 
2466 -1.102855 
2467 -1.104808 
2468 -1.373148 
2469 -1.449327 
2470 -1.399232 
2471 -1.654838 
2472 -1.440860 
2473 -1.521916 
2474 -1.509121 
2475 -1.437707 
2476 -1.418741 
2477 -1.468685 
2478 -1.484508 
2479 -1.546815 
2480 -1.554398 
2481 -1.548310 
2482 -1.468989 
2483 -1.428922 
2484 -1.794429 
2485 -1.670282 
2486 -1.228477 
2487 -1.159893 
2488 -2.466745 
2489 -0.952567 
2490 -0.973274 
2491 -0.617682 
2492 0.930081 
2493 1.110707 
2494 1.402508 
2495 3.428993 
2496 2.205907 
2497 2.211163 
2498 2.308553 
2499 2.358510 
2500 1.965940 
2501 2.081063 
2502 2.039938 
2503 -1.522016 
2504 -1.229963 
2505 -1.605173 
2506 -1.503627 
2507 -1.501545 
2508 -1.584340 
2509 -1.333115 
2510 -1.522377 
2511 -1.475661 
2512 -1.406144 
2513 -1.523666 
2514 -1.510526 
2515 -1.548191 
2516 -1.440983 
2517 -1.450057 
2518 -1.538428 
2519 -1.402399 
2520 -1.517880 
2521 -1.588538 
2522 -1.539541 
2523 -1.254954 
2524 -2.021302 
2525 -1.753196 
2526 -0.856831 
2527 -1.258931 
2528 -2.813283 
2529 -0.736906 
2530 -0.553586 
2531 0.194804 
2532 1.504473 
2533 1.303762 
2534 1.803460 
2535 3.076753 
2536 1.845558 
2537 2.172702 
2538 2.471816 
2539 2.506423 
2540 -1.367179 
2541 -1.277592 
2542 -1.640208 
2543 -1.558332 
2544 -1.418232 
2545 -1.449507 
2546 -1.497555 
2547 -1.572121 
2548 -1.470738 
2549 -1.433314 
2550 -1.664922 
2551 -1.360185 
2552 -1.484722 
2553 -1.522977 
2554 -1.397134 
2555 -1.526646 
2556 -1.552532 
2557 -1.423197 
2558 -1.397326 
2559 -1.490211 
2560 -1.655892 
2561 -1.566871 
2562 -1.513765 
2563 -1.133805 
2564 -1.990665 
2565 -1.825688 
2566 -0.903270 
2567 -0.984081 
2568 -2.926149 
2569 -0.416983 
2570 -0.757406 
2571 0.326779 
2572 1.699554 
2573 1.395809 
2574 2.415463 
2575 2.930593 
2576 1.191011 
2577 -1.602188 
2578 -1.743454 
2579 -1.720249 
2580 -1.466932 
2581 -1.503989 
2582 -1.464947 
2583 -1.491663 
2584 -1.537875 
2585 -1.449384 
2586 -1.498114 
2587 -1.484331 
2588 -1.565544 
2589 -1.403821 
2590 -1.482633 
2591 -1.496541 
2592 -1.377514 
2593 -1.456246 
2594 -1.491254 
2595 -1.515362 
2596 -1.398287 
2597 -1.502741 
2598 -1.486231 
2599 -1.497086 
2600 -1.706978 
2601 -1.507929 
2602 -1.534986 
2603 -1.167676 
2604 -1.963573 
2605 -1.768057 
2606 -0.934869 
2607 -1.052093 
2608 -2.427596 
2609 -0.704503 
2610 -1.236229 
2611 -0.222713 
2612 0.547515 
2613 0.712102 
2614 -2.325073 
2615 -2.313496 
2616 -1.529155 
2617 -1.555239 
2618 -1.399622 
2619 -1.398413 
2620 -1.596323 
2621 -1.600315 
2622 -1.416023 
2623 -1.332905 
2624 -1.588641 
2625 -1.505310 
2626 -1.388436 
2627 -1.512265 
2628 -1.437472 
2629 -1.488540 
2630 -1.518559 
2631 -1.567553 
2632 -1.491072 
2633 -1.476237 
2634 -1.458487 
2635 -1.491286 
2636 -1.476853 
2637 -1.431653 
2638 -1.526316 
2639 -1.455487 
2640 -1.555604 
2641 -1.665299 
2642 -1.480190 
2643 -1.211340 
2644 -1.694437 
2645 -1.905387 
2646 -1.266915 
2647 -1.002373 
2648 -1.274843 
2649 -0.541419 
2650 -0.143731 
2651 -2.956909 
2652 -1.421364 
2653 -1.605928 
2654 -1.480571 
2655 -1.416779 
2656 -1.543137 
2657 -1.509552 
2658 -1.503084 
2659 -1.397836 
2660 -1.521964 
2661 -1.492466 
2662 -1.500559 
2663 -1.491082 
2664 -1.528400 
2665 -1.476120 
2666 -1.367425 
2667 -1.588163 
2668 -1.504482 
2669 -1.424606 
2670 -1.550675 
2671 -1.525016 
2672 -1.424030 
2673 -1.550559 
2674 -1.545901 
2675 -1.459704 
2676 -1.635916 
2677 -1.470377 
2678 -1.451354 
2679 -1.463606 
2680 -1.710748 
2681 -1.588628 
2682 -1.484354 
2683 -1.275893 
2684 -2.035070 
2685 -1.787742 
2686 -0.957775 
2687 -0.919405 
2688 -1.382069 
2689 -1.533649 
2690 -1.615504 
2691 -1.346771 
2692 -1.551658 
2693 -1.280204 
2694 -1.575801 
2695 -1.533054 
2696 -1.441811 
2697 -1.451310 
2698 -1.568982 
2699 -1.478651 
2700 -1.436158 
2701 -1.484375 
2702 -1.550754 
2703 -1.521883 
2704 -1.490906 
2705 -1.438236 
2706 -1.425692 
2707 -1.542294 
2708 -1.438340 
2709 -1.394790 
2710 -1.538232 
2711 -1.594932 
2712 -1.618466 
2713 -1.463770 
2714 -1.426602 
2715 -1.466318 
2716 -1.458902 
2717 -1.310258 
2718 -1.652005 
2719 -1.507950 
2720 -1.685444 
2721 -1.622313 
2722 -1.526063 
2723 -1.106043 
2724 -0.635241 
2725 -1.750137 
2726 -1.595814 
2727 -1.769645 
2728 -1.514200 
2729 -1.561351 
2730 -1.519732 
2731 -1.410755 
2732 -1.656006 
2733 -1.513238 
2734 -1.393589 
2735 -1.364817 
2736 -1.515580 
2737 -1.548094 
2738 -1.502704 
2739 -1.420618 
2740 -1.512160 
2741 -1.459464 
2742 -1.507933 
2743 -1.522122 
2744 -1.451982 
2745 -1.477942 
2746 -1.527839 
2747 -1.539701 
2748 -1.565413 
2749 -1.608024 
2750 -1.362117 
2751 -1.500607 
2752 -1.598966 
2753 -1.506517 
2754 -1.457273 
2755 -1.431021 
2756 -1.669951 
2757 -1.410067 
2758 -1.440727 
2759 -1.458177 
2760 -1.210719 
2761 -0.915633 
2762 -1.680215 
2763 -1.968717 
2764 -1.418955 
2765 -1.488133 
2766 -1.595182 
2767 -1.380451 
2768 -1.465645 
2769 -1.355178 
2770 -1.431224 
2771 -1.561093 
2772 -1.555296 
2773 -1.480979 
2774 -1.428119 
2775 -1.424728 
2776 -1.409301 
2777 -1.477273 
2778 -1.498091 
2779 -1.450903 
2780 -1.664808 
2781 -1.446685 
2782 -1.555327 
2783 -1.176050 
2784 -1.557480 
2785 -0.793245 
2786 -1.666922 
2787 -1.734050 
2788 -1.426066 
2789 -1.464454 
2790 -1.745674 
2791 -1.367247 
2792 -1.991392 
2793 -1.528393 
2794 -1.613206 
2795 -0.537565 
2796 -2.048021 
2797 0.600703 
2798 -0.044518 
2799 2.791051 
2800 1.561086 
2801 2.052890 
2802 2.200158 
2803 2.443534 
2804 2.271591 
2805 2.055000 
2806 2.206147 
2807 1.756300 
2808 1.930073 
2809 2.143286 
2810 -1.280765 
2811 -1.340784 
2812 -1.645645 
2813 -1.503614 
2814 -1.345083 
2815 -1.539417 
2816 -1.576875 
2817 -1.534450 
2818 -1.400749 
2819 -1.453762 
2820 -1.710857 
2821 -1.483871 
2822 -1.432355 
2823 -1.337454 
2824 -1.620423 
2825 -1.785646 
2826 -1.877298 
2827 0.060102 
2828 -1.279680 
2829 -1.599406 
2830 2.152417 
2831 2.087623 
2832 0.658562 
2833 2.589593 
2834 2.380260 
2835 2.434063 
2836 2.290579 
2837 2.358914 
2838 2.100942 
2839 2.063775 
2840 2.358648 
2841 2.309314 
2842 2.129666 
2843 2.248966 
2844 2.247316 
2845 1.966667 
2846 2.242323 
2847 -1.317796 
2848 -1.104032 
2849 -1.662408 
2850 -1.401854 
2851 -1.723817 
2852 -1.455948 
2853 -1.457338 
2854 -1.506761 
2855 -1.564287 
2856 -1.492332 
2857 -1.576816 
2858 -1.405127 
2859 -1.500807 
2860 -1.722688 
2861 -1.370979 
2862 -1.465536 
2863 -1.412845 
2864 -1.735375 
2865 -1.535948 
2866 -1.927869 
2867 0.366831 
2868 -0.322494 
2869 -0.356038 
2870 2.569853 
2871 2.693696 
2872 1.415654 
2873 2.466364 
2874 2.383524 
2875 2.204339 
2876 2.762348 
2877 2.209677 
2878 2.201462 
2879 2.223112 
2880 2.022801 
2881 2.175542 
2882 2.311891 
2883 2.111156 
2884 -1.136354 
2885 -1.523859 
2886 -1.546778 
2887 -1.701579 
2888 -1.405803 
2889 -1.605419 
2890 -1.396705 
2891 -1.566232 
2892 -1.517718 
2893 -1.383655 
2894 -1.624157 
2895 -1.422459 
2896 -1.587221 
2897 -1.643699 
2898 -1.375078 
2899 -1.351326 
2900 -1.823191 
2901 -1.341371 
2902 -1.300661 
2903 -1.487822 
2904 -1.553989 
2905 -1.522085 
2906 -1.822282 
2907 0.983189 
2908 0.096462 
2909 0.640982 
2910 2.785845 
2911 2.870228 
2912 1.553735 
2913 2.223590 
2914 2.635895 
2915 2.183365 
2916 2.096365 
2917 2.085663 
2918 2.118903 
2919 2.571158 
2920 1.922688 
2921 -1.385687 
2922 -1.357322 
2923 -1.533053 
2924 -1.333921 
2925 -1.608894 
2926 -1.493951 
2927 -1.532028 
2928 -1.469150 
2929 -1.460116 
2930 -1.530490 
2931 -1.552881 
2932 -1.558731 
2933 -1.444257 
2934 -1.388774 
2935 -1.572179 
2936 -1.606162 
2937 -1.518288 
2938 -1.378281 
2939 -1.441046 
2940 -1.961460 
2941 -1.415692 
2942 -1.091934 
2943 -1.438733 
2944 -1.422689 
2945 -0.744949 
2946 -1.557725 
2947 2.262440 
2948 1.532005 
2949 1.277612 
2950 2.689246 
2951 2.778940 
2952 2.254897 
2953 2.216356 
2954 2.295606 
2955 2.381347 
2956 1.774035 
2957 1.877032 
2958 -1.257533 
2959 -1.662932 
2960 -1.433925 
2961 -1.416857 
2962 -1.585927 
2963 -1.528037 
2964 -1.602318 
2965 -1.446165 
2966 -1.459996 
2967 -1.437278 
2968 -1.432122 
2969 -1.532194 
2970 -1.547330 
2971 -1.473938 
2972 -1.401474 
2973 -1.480349 
2974 -1.541975 
2975 -1.497409 
2976 -1.617021 
2977 -1.746843 
2978 -1.065046 
2979 -1.443052 
2980 -2.138042 
2981 -0.953150 
2982 -1.109167 
2983 -1.432629 
2984 0.142609 
2985 -0.012131 
2986 -0.284229 
2987 3.314593 
2988 2.129360 
2989 1.696761 
2990 2.734821 
2991 2.544202 
2992 1.918986 
2993 2.207140 
2994 2.122174 
2995 -1.575600 
2996 -1.451661 
2997 -1.455164 
2998 -1.437340 
2999 -1.510933 
3000 -1.100664 
3001 -1.484116 
3002 -1.753391 
3003 -1.590650 
3004 -1.429931 
3005 -1.423114 
3006 -1.529203 
3007 -1.578432 
3008 -1.522774 
3009 -1.525742 
3010 -1.417558 
3011 -1.466159 
3012 -1.474286 
3013 -1.418990 
3014 -1.611314 
3015 -1.420313 
3016 -1.804112 
3017 -1.753262 
3018 -1.218294 
3019 -1.107940 
3020 -2.713820 
3021 -0.729209 
3022 -0.709753 
3023 -1.228141 
3024 0.718276 
3025 0.672131 
3026 0.152584 
3027 3.257074 
3028 1.846019 
3029 1.790554 
3030 2.738719 
3031 2.691875 
3032 -1.357245 
3033 -1.398331 
3034 -1.498743 
3035 -1.544460 
3036 -1.506876 
3037 -1.452368 
3038 -1.504379 
3039 -1.488092 
3040 -1.498719 
3041 -1.571203 
3042 -1.477167 
3043 -1.394898 
3044 -1.617543 
3045 -1.542024 
3046 -1.423281 
3047 -1.398734 
3048 -1.363104 
3049 -1.557784 
3050 -1.534328 
3051 -1.547527 
3052 -1.602715 
3053 -1.473256 
3054 -1.583843 
3055 -1.323048 
3056 -1.890304 
3057 -1.740596 
3058 -1.076941 
3059 -1.164424 
3060 -2.530267 
3061 -0.862395 
3062 -0.878072 
3063 -1.211259 
3064 0.098784 
3065 -0.075961 
3066 -1.024816 
3067 2.902635 
3068 0.785076 
3069 -1.700953 
3070 -1.828547 
3071 -1.872338 
3072 -1.660007 
3073 -1.651375 
3074 -1.308622 
3075 -1.273888 
3076 -1.522238 
3077 -1.462697 
3078 -1.327329 
3079 -1.577849 
3080 -1.387171 
3081 -1.465193 
3082 -1.528331 
3083 -1.520977 
3084 -1.530028 
3085 -1.365361 
3086 -1.503257 
3087 -1.443518 
3088 -1.429343 
3089 -1.507558 
3090 -1.453765 
3091 -1.503640 
3092 -1.541161 
3093 -1.425339 
3094 -1.497249 
3095 -1.404453 
3096 -1.683330 
3097 -1.739386 
3098 -1.339542 
3099 -1.174603 
3100 -2.081072 
3101 -1.052927 
3102 -1.017579 
3103 -1.398754 
3104 0.181731 
3105 -0.173072 
3106 -2.261033 
3107 -2.313936 
3108 -1.570583 
3109 -1.570635 
3110 -1.537807 
3111 -1.205978 
3112 -1.471548 
3113 -1.533291 
3114 -1.523531 
3115 -1.354270 
3116 -1.530373 
3117 -1.431911 
3118 -1.480560 
3119 -1.420082 
3120 -1.522283 
3121 -1.476449 
3122 -1.478581 
3123 -1.439381 
3124 -1.446055 
3125 -1.504904 
3126 -1.558432 
3127 -1.375139 
3128 -1.527957 
3129 -1.459625 
3130 -1.491598 
3131 -1.443350 
3132 -1.561246 
3133 -1.472436 
3134 -1.578218 
3135 -1.319798 
3136 -1.611926 
3137 -1.780895 
3138 -1.304015 
3139 -1.263888 
3140 -1.440410 
3141 -0.588191 
3142 -1.014864 
3143 -2.424349 
3144 -1.350060 
3145 -1.613122 
3146 -1.472183 
3147 -1.451410 
3148 -1.472491 
3149 -1.580220 
3150 -1.464633 
3151 -1.454456 
3152 -1.556281 
3153 -1.526070 
3154 -1.464291 
3155 -1.464749 
3156 -1.511626 
3157 -1.561904 
3158 -1.396737 
3159 -1.463706 
3160 -1.450773 
3161 -1.429077 
3162 -1.533985 
3163 -1.527129 
3164 -1.435379 
3165 -1.458327 
3166 -1.527631 
3167 -1.546719 
3168 -1.468591 
3169 -1.513000 
3170 -1.402556 
3171 -1.504491 
3172 -1.573076 
3173 -1.537958 
3174 -1.484014 
3175 -1.368139 
3176 -1.580860 
3177 -1.885430 
3178 -1.223980 
3179 -1.126173 
3180 -1.390695 
3181 -1.273525 
3182 -1.691745 
3183 -1.452867 
3184 -1.449947 
3185 -1.510303 
3186 -1.549760 
3187 -1.388228 
3188 -1.515084 
3189 -1.606175 
3190 -1.362022 
3191 -1.471346 
3192 -1.411876 
3193 -1.456092 
3194 -1.566875 
3195 -1.542507 
3196 -1.407757 
3197 -1.438508 
3198 -1.525594 
3199 -1.579003 
3200 -1.501625 
3201 -1.556297 
3202 -1.307683 
3203 -1.558182 
3204 -1.489035 
3205 -1.426935 
3206 -1.441567 
3207 -1.531740 
3208 -1.540462 
3209 -1.323615 
3210 -1.544863 
3211 -1.550305 
3212 -1.465253 
3213 -1.455414 
3214 -1.855130 
3215 -1.033241 
3216 -0.876090 
3217 -1.426480 
3218 -1.677347 
3219 -1.674864 
3220 -1.512130 
3221 -1.490454 
3222 -1.480196 
3223 -1.266791 
3224 -1.530554 
3225 -1.505436 
3226 -1.430405 
3227 -1.302467 
3228 -1.484672 
3229 -1.434000 
3230 -1.498360 
3231 -1.418053 
3232 -1.371310 
3233 -1.394937 
3234 -1.529440 
3235 -1.458000 
3236 -1.682254 
3237 -1.423169 
3238 -1.449480 
3239 -1.256774 
3240 -0.868085 
3241 -1.406298 
3242 -1.830007 
3243 -1.605909 
3244 -1.498046 
3245 -1.465984 
3246 -1.454203 
3247 -1.414122 
3248 -2.067312 
3249 -2.021735 
3250 -0.655263 
3251 -0.641130 
3252 0.615729 
3253 0.719034 
3254 2.706706 
3255 2.655072 
3256 1.945955 
3257 1.932923 
3258 2.167262 
3259 2.049042 
3260 2.398911 
3261 2.162667 
3262 2.003684 
3263 2.075788 
3264 2.213293 
3265 -1.169411 
3266 -1.175964 
3267 -1.545376 
3268 -1.553120 
3269 -1.325470 
3270 -1.535952 
3271 -1.535785 
3272 -1.468175 
3273 -1.622771 
3274 -1.406024 
3275 -1.459554 
3276 -1.690297 
3277 -1.715751 
3278 -1.644068 
3279 -0.915602 
3280 -2.236336 
3281 -2.177741 
3282 0.027952 
3283 -0.218868 
3284 -0.935365 
3285 1.935720 
3286 2.308301 
3287 2.178649 
3288 2.158635 
3289 2.017936 
3290 1.983429 
3291 2.536108 
3292 2.243788 
3293 2.468060 
3294 2.127498 
3295 2.365312 
3296 2.251149 
3297 2.343232 
3298 2.040282 
3299 2.440296 
3300 1.837408 
3301 2.213438 
3302 -1.291459 
3303 -1.156853 
3304 -1.470438 
3305 -1.362297 
3306 -1.509489 
3307 -1.551622 
3308 -1.536697 
3309 -1.389521 
3310 -1.477176 
3311 -1.569595 
3312 -1.527276 
3313 -1.464086 
3314 -1.410465 
3315 -1.538536 
3316 -1.744566 
3317 -1.712801 
3318 -1.609592 
3319 -0.685063 
3320 -2.065672 
3321 -2.229793 
3322 0.392961 
3323 0.177707 
3324 -0.141668 
3325 2.321376 
3326 2.556778 
3327 2.314379 
3328 2.151748 
3329 2.354522 
3330 2.265715 
3331 2.132969 
3332 2.217175 
3333 2.225075 
3334 2.127520 
3335 2.125747 
3336 2.131127 
3337 2.126027 
3338 2.230222 
3339 -1.182291 
3340 -1.194592 
3341 -1.576386 
3342 -1.673904 
3343 -1.373987 
3344 -1.545896 
3345 -1.297600 
3346 -1.484371 
3347 -1.516493 
3348 -1.446463 
3349 -1.520104 
3350 -1.429577 
3351 -1.484640 
3352 -1.504630 
3353 -1.277327 
3354 -1.574424 
3355 -1.491636 
3356 -1.703399 
3357 -1.741955 
3358 -1.613737 
3359 -0.495924 
3360 -1.948090 
3361 -1.870700 
3362 1.313898 
3363 0.894186 
3364 0.641317 
3365 2.470304 
3366 2.422882 
3367 2.412421 
3368 2.140841 
3369 2.423767 
3370 1.972786 
3371 2.308309 
3372 2.050097 
3373 2.096132 
3374 2.280455 
3375 2.358795 
3376 -1.416640 
3377 -1.327878 
3378 -1.601017 
3379 -1.441047 
3380 -1.407395 
3381 -1.463928 
3382 -1.351351 
3383 -1.657717 
3384 -1.439040 
3385 -1.452524 
3386 -1.549841 
3387 -1.476950 
3388 -1.397044 
3389 -1.622275 
3390 -1.407325 
3391 -1.368322 
3392 -1.597344 
3393 -1.282049 
3394 -1.456489 
3395 -1.576012 
3396 -1.732244 
3397 -1.719318 
3398 -1.724094 
3399 -0.058249 
3400 -1.250115 
3401 -0.876970 
3402 2.502420 
3403 2.062379 
3404 0.922030 
3405 2.488690 
3406 2.394855 
3407 2.564657 
3408 2.190343 
3409 2.201606 
3410 2.300642 
3411 2.261137 
3412 1.782980 
3413 -1.402090 
3414 -1.309189 
3415 -1.713413 
3416 -1.565831 
3417 -1.285247 
3418 -1.517635 
3419 -1.514021 
3420 -1.519875 
3421 -1.455777 
3422 -1.475200 
3423 -1.549462 
3424 -1.438059 
3425 -1.479324 
3426 -1.566376 
3427 -1.455503 
3428 -1.354546 
3429 -1.610502 
3430 -1.424397 
3431 -1.548754 
3432 -1.593224 
3433 -1.503940 
3434 -1.430105 
3435 -1.355591 
3436 -2.023693 
3437 -1.700912 
3438 -1.408212 
3439 0.401265 
3440 -0.158915 
3441 0.158323 
3442 2.704550 
3443 2.549425 
3444 2.078703 
3445 2.436938 
3446 2.275126 
3447 2.464794 
3448 1.816026 
3449 1.842290 
3450 -1.451481 
3451 -1.572678 
3452 -1.533275 
3453 -1.561792 
3454 -1.354100 
3455 -1.427199 
3456 -1.607879 
3457 -1.463147 
3458 -1.457218 
3459 -1.398679 
3460 -1.540828 
3461 -1.375145 
3462 -1.370186 
3463 -1.657424 
3464 -1.480945 
3465 -1.374312 
3466 -1.525729 
3467 -1.514619 
3468 -1.526418 
3469 -1.483814 
3470 -1.476973 
3471 -1.355764 
3472 -1.756596 
3473 -1.553094 
3474 -1.432723 
3475 -1.163151 
3476 -1.879359 
3477 -1.873989 
3478 -1.204361 
3479 0.524153 
3480 0.477431 
3481 0.501199 
3482 2.466772 
3483 2.562222 
3484 1.690988 
3485 1.963931 
3486 1.924762 
3487 -2.086454 
3488 -1.456992 
3489 -1.467163 
3490 -1.388170 
3491 -1.533040 
3492 -1.510858 
3493 -1.518018 
3494 -1.527157 
3495 -1.344319 
3496 -1.425125 
3497 -1.531081 
3498 -1.447157 
3499 -1.475232 
3500 -1.481434 
3501 -1.399696 
3502 -1.427618 
3503 -1.561946 
3504 -1.427454 
3505 -1.470336 
3506 -1.539287 
3507 -1.451293 
3508 -1.540517 
3509 -1.564229 
3510 -1.528615 
3511 -1.312835 
3512 -1.912989 
3513 -1.265688 
3514 -1.419796 
3515 -1.309859 
3516 -1.595748 
3517 -1.785705 
3518 -1.652596 
3519 0.256489 
3520 -0.125418 
3521 0.440080 
3522 2.611975 
3523 2.211929 
3524 -1.378758 
3525 -1.359456 
3526 -1.462549 
3527 -1.643102 
3528 -1.648950 
3529 -1.391004 
3530 -1.425447 
3531 -1.484013 
3532 -1.470806 
3533 -1.494526 
3534 -1.526023 
3535 -1.510248 
3536 -1.451332 
3537 -1.517628 
3538 -1.471061 
3539 -1.459139 
3540 -1.471526 
3541 -1.518877 
3542 -1.455187 
3543 -1.510217 
3544 -1.482386 
3545 -1.481152 
3546 -1.555999 
3547 -1.456430 
3548 -1.452257 
3549 -1.765109 
3550 -1.360126 
3551 -1.382683 
3552 -1.918601 
3553 -1.438493 
3554 -1.345216 
3555 -1.282198 
3556 -1.571629 
3557 -1.994280 
3558 -1.492499 
3559 -0.285677 
3560 0.108922 
3561 -1.742302 
3562 -1.768792 
3563 -1.839189 
3564 -1.625375 
3565 -1.554489 
3566 -1.444875 
3567 -1.300973 
3568 -1.653887 
3569 -1.459116 
3570 -1.408592 
3571 -1.416186 
3572 -1.347274 
3573 -1.527281 
3574 -1.537849 
3575 -1.501009 
3576 -1.461741 
3577 -1.586317 
3578 -1.554234 
3579 -1.340556 
3580 -1.586259 
3581 -1.464011 
3582 -1.508021 
3583 -1.370572 
3584 -1.585414 
3585 -1.416248 
3586 -1.583740 
3587 -1.340102 
3588 -1.612599 
3589 -1.652940 
3590 -1.399834 
3591 -1.287289 
3592 -1.688195 
3593 -1.425730 
3594 -1.360888 
3595 -1.447950 
3596 -0.444952 
3597 -0.572577 
3598 -2.120953 
3599 -2.125225 
3600 -1.600780 
3601 -1.576653 
3602 -1.500094 
3603 -1.249545 
3604 -1.578879 
3605 -1.627284 
3606 -1.412210 
3607 -1.272411 
3608 -1.526287 
3609 -1.411345 
3610 -1.441254 
3611 -1.546963 
3612 -1.500794 
3613 -1.316919 
3614 -1.618365 
3615 -1.436888 
3616 -1.366323 
3617 -1.504704 
3618 -1.509946 
3619 -1.520864 
3620 -1.557390 
3621 -1.433454 
3622 -1.422091 
3623 -1.548183 
3624 -1.476662 
3625 -1.408313 
3626 -1.638025 
3627 -1.419453 
3628 -1.673054 
3629 -1.550724 
3630 -1.403280 
3631 -1.260568 
3632 -1.481904 
3633 -1.006627 
3634 -1.041980 
3635 -2.176657 
3636 -1.236555 
3637 -1.573596 
3638 -1.497495 
3639 -1.544840 
3640 -1.525638 
3641 -1.450620 
3642 -1.494920 
3643 -1.407644 
3644 -1.431230 
3645 -1.501526 
3646 -1.537021 
3647 -1.419618 
3648 -1.584226 
3649 -1.542122 
3650 -1.474618 
3651 -1.379659 
3652 -1.437665 
3653 -1.387158 
3654 -1.601429 
3655 -1.491727 
3656 -1.451398 
3657 -1.489505 
3658 -1.421175 
3659 -1.557575 
3660 -1.427266 
3661 -1.508380 
3662 -1.455102 
3663 -1.576732 
3664 -1.414329 
3665 -1.542039 
3666 -1.579893 
3667 -1.392625 
3668 -1.827600 
3669 -1.649540 
3670 -1.275745 
3671 -1.047417 
3672 -1.188409 
3673 -1.633485 
3674 -1.595454 
3675 -1.326244 
3676 -1.650121 
3677 -1.306200 
3678 -1.491007 
3679 -1.326799 
3680 -1.491227 
3681 -1.362442 
3682 -1.577051 
3683 -1.368275 
3684 -1.513100 
3685 -1.399145 
3686 -1.430959 
3687 -1.451246 
3688 -1.451357 
3689 -1.562447 
3690 -1.350512 
3691 -1.476510 
3692 -1.705411 
3693 -1.600164 
3694 -1.535563 
3695 -0.873941 
3696 -1.175056 
3697 -1.636028 
3698 -1.448582 
3699 -1.509679 
3700 -1.429960 
3701 -1.473988 
3702 -1.556100 
3703 -1.299089 
3704 -2.645221 
3705 -1.090792 
3706 -1.132780 
3707 0.899053 
3708 0.782753 
3709 2.102239 
3710 2.045198 
3711 2.874503 
3712 2.080295 
3713 2.026757 
3714 2.107469 
3715 2.029879 
3716 2.098294 
3717 1.908719 
3718 1.972844 
3719 2.347739 
3720 -1.334627 
3721 -1.191502 
3722 -1.570865 
3723 -1.656798 
3724 -1.315906 
3725 -1.600872 
3726 -1.533293 
3727 -1.446459 
3728 -1.456627 
3729 -1.553922 
3730 -1.522265 
3731 -1.395427 
3732 -1.770049 
3733 -1.871545 
3734 -1.023051 
3735 -1.053894 
3736 -2.680209 
3737 -0.268936 
3738 -0.784812 
3739 -0.643459 
3740 1.483690 
3741 1.391411 
3742 1.305380 
3743 3.236151 
3744 2.116438 
3745 2.027933 
3746 2.196315 
3747 2.157957 
3748 2.415251 
3749 2.369788 
3750 2.047307 
3751 1.943082 
3752 2.203852 
3753 2.000242 
3754 2.608147 
3755 2.051782 
3756 2.341033 
3757 -1.110126 
3758 -1.125093 
3759 -1.325095 
3760 -1.314303 
3761 -1.567955 
3762 -1.571597 
3763 -1.419288 
3764 -1.419184 
3765 -1.509446 
3766 -1.511231 
3767 -1.362960 
3768 -1.662629 
3769 -1.494046 
3770 -1.575805 
3771 -1.169517 
3772 -1.727079 
3773 -1.979667 
3774 -1.005080 
3775 -0.910616 
3776 -2.921070 
3777 0.083333 
3778 0.278304 
3779 -0.159867 
3780 2.022717 
3781 1.794554 
3782 2.060866 
3783 2.642716 
3784 2.058006 
3785 2.286999 
3786 2.471832 
3787 2.235595 
3788 2.313911 
3789 2.006773 
3790 2.108391 
3791 2.096788 
3792 1.959118 
3793 2.073627 
3794 -1.196019 
3795 -1.235477 
3796 -1.408230 
3797 -1.437335 
3798 -1.387502 
3799 -1.656603 
3800 -1.449021 
3801 -1.439561 
3802 -1.464349 
3803 -1.509677 
3804 -1.459203 
3805 -1.482203 
3806 -1.428265 
3807 -1.527691 
3808 -1.336546 
3809 -1.662650 
3810 -1.537344 
3811 -1.346045 
3812 -1.881850 
3813 -2.287191 
3814 -0.453841 
3815 -0.601849 
3816 -2.170996 
3817 2.107756 
3818 1.011945 
3819 1.331933 
3820 2.037560 
3821 1.956650 
3822 2.172083 
3823 2.475533 
3824 2.210549 
3825 2.379344 
3826 2.173114 
3827 2.144245 
3828 2.096462 
3829 2.058689 
3830 2.239615 
3831 -1.166449 
3832 -1.381535 
3833 -1.543881 
3834 -1.523527 
3835 -1.405783 
3836 -1.352823 
3837 -1.578105 
3838 -1.345878 
3839 -1.568608 
3840 -1.525386 
3841 -1.431009 
3842 -1.508051 
3843 -1.394295 
3844 -1.461563 
3845 -1.404796 
3846 -1.549968 
3847 -1.435161 
3848 -1.609860 
3849 -1.548866 
3850 -1.717814 
3851 -0.939171 
3852 -1.860324 
3853 -2.425427 
3854 -0.191591 
3855 -0.141988 
3856 -1.030941 
3857 2.181849 
3858 2.466852 
3859 1.925518 
3860 2.512158 
3861 2.539783 
3862 1.920875 
3863 2.202002 
3864 2.045338 
3865 2.010187 
3866 2.399696 
3867 2.047845 
3868 -1.258885 
3869 -1.418864 
3870 -1.629582 
3871 -1.397196 
3872 -1.447007 
3873 -1.460001 
3874 -1.479103 
3875 -1.439551 
3876 -1.553260 
3877 -1.368124 
3878 -1.473488 
3879 -1.425996 
3880 -1.337720 
3881 -1.359734 
3882 -1.544149 
3883 -1.540040 
3884 -1.433532 
3885 -1.459545 
3886 -1.438233 
3887 -1.475297 
3888 -1.597721 
3889 -1.615799 
3890 -1.704186 
3891 -0.662988 
3892 -1.990604 
3893 -2.321802 
3894 0.398969 
3895 0.459097 
3896 -0.525845 
3897 2.350652 
3898 2.432391 
3899 2.441906 
3900 2.165619 
3901 2.068247 
3902 2.319048 
3903 2.492910 
3904 1.718070 
3905 -1.460779 
3906 -1.338834 
3907 -1.618895 
3908 -1.399141 
3909 -1.575211 
3910 -1.399954 
3911 -1.435595 
3912 -1.439607 
3913 -1.562604 
3914 -1.499673 
3915 -1.393797 
3916 -1.499639 
3917 -1.509638 
3918 -1.431868 
3919 -1.499746 
3920 -1.487549 
3921 -1.437852 
3922 -1.489339 
3923 -1.423966 
3924 -1.607866 
3925 -1.384618 
3926 -1.429014 
3927 -1.481040 
3928 -1.570935 
3929 -1.713231 
3930 -1.828531 
3931 -0.348086 
3932 -1.837496 
3933 -2.440510 
3934 0.634190 
3935 0.693802 
3936 0.736734 
3937 1.773828 
3938 2.421095 
3939 2.641934 
3940 1.593903 
3941 1.649501 
3942 -1.833812 
3943 -1.679190 
3944 -1.550370 
3945 -1.599749 
3946 -1.411279 
3947 -1.262835 
3948 -1.494450 
3949 -1.505936 
3950 -1.438058 
3951 -1.385680 
3952 -1.423055 
3953 -1.492348 
3954 -1.493326 
3955 -1.507073 
3956 -1.548736 
3957 -1.606839 
3958 -1.323421 
3959 -1.446644 
3960 -1.443570 
3961 -1.467697 
3962 -1.509746 
3963 -1.488667 
3964 -1.554858 
3965 -1.431660 
3966 -1.512404 
3967 -1.370584 
3968 -1.483943 
3969 -1.675533 
3970 -1.835860 
3971 -0.489804 
3972 -1.877612 
3973 -1.880708 
3974 -0.303404 
3975 -0.560700 
3976 0.072591 
3977 0.676597 
3978 1.474781 
3979 -3.112225 
3980 -1.378267 
3981 -1.511816 
3982 -1.542161 
3983 -1.402782 
3984 -1.510911 
3985 -1.486152 
3986 -1.416512 
3987 -1.452854 
3988 -1.517679 
3989 -1.413128 
3990 -1.585509 
3991 -1.378234 
3992 -1.346076 
3993 -1.568113 
3994 -1.480396 
3995 -1.447524 
3996 -1.452466 
3997 -1.464910 
3998 -1.419903 
3999 -1.476958 
4000 -1.525419 
4001 -1.419438 
4002 -1.453550 
4003 -1.432019 
4004 -1.587732 
4005 -1.353473 
4006 -1.467438 
4007 -1.419043 
4008 -1.424522 
4009 -1.524262 
4010 -1.481396 
4011 -1.318947 
4012 -2.531228 
4013 -1.285795 
4014 -0.641613 
4015 -0.262398 
4016 -1.502564 
4017 -1.372813 
4018 -1.564015 
4019 -1.348436 
4020 -1.434515 
4021 -1.460284 
4022 -1.537268 
4023 -1.416868 
4024 -1.515317 
4025 -1.455390 
4026 -1.451674 
4027 -1.464044 
4028 -1.501391 
4029 -1.446362 
4030 -1.428539 
4031 -1.434027 
4032 -1.563701 
4033 -1.402961 
4034 -1.410983 
4035 -1.502631 
4036 -1.615257 
4037 -1.473901 
4038 -1.428583 
4039 -1.389830 
4040 -1.656829 
4041 -1.508495 
4042 -1.437561 
4043 -1.282473 
4044 -1.790868 
4045 -1.341634 
4046 -1.397453 
4047 -1.396990 
4048 -1.746034 
4049 -1.573320 
4050 -1.685815 
4051 -0.756518 
4052 -0.464794 
4053 -1.660071 
4054 -1.635043 
4055 -1.808907 
4056 -1.700528 
4057 -1.413218 
4058 -1.395830 
4059 -1.315070 
4060 -1.416451 
4061 -1.563228 
4062 -1.461179 
4063 -1.428818 
4064 -1.521022 
4065 -1.480296 
4066 -1.451449 
4067 -1.473281 
4068 -1.373898 
4069 -1.532559 
4070 -1.452427 
4071 -1.508204 
4072 -1.503164 
4073 -1.496131 
4074 -1.433592 
4075 -1.378744 
4076 -1.507312 
4077 -1.539607 
4078 -1.451870 
4079 -1.410179 
4080 -1.606537 
4081 -1.669867 
4082 -1.310758 
4083 -1.321929 
4084 -1.800164 
4085 -1.384004 
4086 -1.228298 
4087 -1.418027 
4088 -0.626024 
4089 -0.862343 
4090 -2.014459 
4091 -1.970393 
4092 -1.680206 
4093 -1.459671 
4094 -1.322359 
4095 -1.467385 
4096 -1.614650 
4097 -1.475010 
4098 -1.419726 
4099 -1.358656 
4100 -1.347725 
4101 -1.477111 
4102 -1.466068 
4103 -1.583819 
4104 -1.464352 
4105 -1.667066 
4106 -1.320414 
4107 -1.463408 
4108 -1.458896 
4109 -1.375314 
4110 -1.512398 
4111 -1.525101 
4112 -1.377419 
4113 -1.534401 
4114 -1.608253 
4115 -1.355484 
4116 -1.456425 
4117 -1.487875 
4118 -1.602119 
4119 -1.378101 
4120 -1.413695 
4121 -1.705170 
4122 -1.410597 
4123 -1.380472 
4124 -1.735860 
4125 -1.025098 
4126 -1.208538 
4127 -1.776247 
4128 -1.504896 
4129 -1.476978 
4130 -1.409850 
4131 -1.328025 
4132 -1.664505 
4133 -1.226483 
4134 -1.507719 
4135 -1.395239 
4136 -1.537945 
4137 -1.430405 
4138 -1.362707 
4139 -1.457596 
4140 -1.604968 
4141 -1.523142 
4142 -1.225821 
4143 -1.407187 
4144 -1.568796 
4145 -1.487349 
4146 -1.291616 
4147 -1.402935 
4148 -1.437192 
4149 -1.484812 
4150 -1.044682 
4151 -1.768802 
4152 -1.609998 
4153 -1.280168 
4154 -1.407171 
4155 -1.409901 
4156 -1.907701 
4157 -0.925379 
4158 0.841391 
4159 2.603466 
4160 2.211099 
4161 2.207854 
4162 1.884914 
4163 1.959435 
4164 -1.175367 
4165 -1.415816 
4166 -1.486337 
4167 -1.607610 
4168 -2.425143 
4169 -1.855765 
4170 -0.870333 
4171 0.316479 
4172 0.813777 
4173 2.044035 
4174 2.287895 
4175 2.319981 
4176 2.172113 
4177 -1.166990 
4178 -1.301952 
4179 -1.318955 
4180 -1.486516 
4181 -1.440793 
4182 -1.429077 
4183 -1.357352 
4184 -0.810789 
4185 0.757757 
4186 2.101773 
4187 3.082058 
4188 1.775454 
4189 1.945040 
4190 -1.169348 
4191 -1.400687 
4192 -1.436851 
4193 -1.229867 
4194 -1.426237 
4195 -1.623255 
4196 -2.669483 
4197 -1.763247 
4198 0.158201 
4199 1.115863 
4200 1.671173 
4201 1.817708 
4202 2.292805 
4203 -1.265427 
4204 -1.112467 
4205 -1.516487 
4206 -1.405065 
4207 -1.619491 
4208 -1.722915 
4209 -1.661726 
4210 -1.685469 
4211 -0.418920 
4212 0.210487 
4213 1.687352 
4214 2.102773 
4215 3.020063 
4216 -1.839135 
4217 -1.257716 
4218 -1.383715 
4219 -1.239865 
4220 -1.304887 
4221 -1.395782 
4222 -1.600252 
4223 -1.456641 
4224 -2.690174 
4225 -1.410710 
4226 0.694627 
4227 1.592069 
4228 1.364331 
4229 -1.878322 
4230 -1.500057 
4231 -1.338322 
4232 -1.548967 
4233 -1.297991 
4234 -1.461884 
4235 -1.483331 
4236 -1.922632 
4237 -2.045744 
4238 -1.228866 
4239 -0.210395 
4240 0.369700 
4241 0.923423 
4242 -2.295781 
4243 -2.299351 
4244 -1.518738 
4245 -1.503992 
4246 -1.354091 
4247 -1.424594 
4248 -1.480407 
4249 -1.506380 
4250 -1.577904 
4251 -1.179128 
4252 -1.398007 
4253 -0.485467 
4254 0.343870 
4255 -2.975155 
4256 -1.598727 
4257 -1.458494 
4258 -1.370668 
4259 -1.218752 
4260 -1.359207 
4261 -1.563190 
4262 -1.438999 
4263 -1.411937 
4264 -2.168426 
4265 -1.975661 
4266 -0.964982 
4267 -0.232124 
4268 -1.744386 
4269 -1.384234 
4270 -1.183172 
4271 -1.330698 
4272 -1.299206 
4273 -1.379017 
4274 -1.525880 
4275 -1.586900 
4276 -1.812953 
4277 -1.589047 
4278 -1.502437 
4279 -0.749808 
4280 -0.338700 
4281 -1.703809 
4282 -1.765918 
4283 -1.627633 
4284 -1.486434 
4285 -1.451070 
4286 -1.381690 
4287 -1.430021 
4288 -1.489576 
4289 -1.396835 
4290 -1.521067 
4291 -1.326465 
4292 -1.191791 
4293 -0.639966 
4294 -1.757502 
4295 -1.945862 
4296 -1.565948 
4297 -1.295826 
4298 -1.342281 
4299 -1.576214 
4300 -1.469483 
4301 -1.533440 
4302 -1.514330 
4303 -1.284588 
4304 -1.590044 
4305 -1.477425 
4306 -0.877813 
4307 -1.740306 
4308 -1.613801 
4309 -1.431374 
4310 -1.247278 
4311 -1.382745 
4312 -1.232786 
4313 -1.374089 
4314 -1.541306 
4315 -1.616535 
4316 -1.789919 
4317 -1.574464 
4318 -1.450582 
4319 -0.816768 
4320 -1.449094 
4321 -1.422233 
4322 -1.421723 
4323 -1.367396 
4324 -2.513586 
4325 -1.901909 
4326 -0.014563 
4327 1.263116 
4328 1.571190 
4329 1.872242 
4330 1.902425 
4331 2.371378 
4332 2.359628 
4333 -1.008189 
4334 -1.184271 
4335 -1.265749 
4336 -1.780152 
4337 -1.721055 
4338 -1.692469 
4339 -0.191627 
4340 0.221914 
4341 1.851491 
4342 2.337075 
4343 2.553189 
4344 1.734376 
4345 2.385023 
4346 -0.900310 
4347 -1.097509 
4348 -1.326367 
4349 -1.338727 
4350 -1.721239 
4351 -1.280756 
4352 -2.160584 
4353 -0.185823 
4354 1.471308 
4355 2.469162 
4356 1.962408 
4357 1.750200 
4358 1.937421 
4359 -1.177034 
4360 -1.313161 
4361 -1.495353 
4362 -1.380685 
4363 -1.542837 
4364 -2.272208 
4365 -2.098871 
4366 -0.714029 
4367 0.479034 
4368 1.085786 
4369 1.973662 
4370 1.851998 
4371 2.715276 
4372 -1.068570 
4373 -1.534096 
4374 -1.576774 
4375 -1.539994 
4376 -1.631920 
4377 -1.613751 
4378 -1.376851 
4379 -1.074598 
4380 -1.064933 
4381 0.966210 
4382 2.405813 
4383 2.783938 
4384 1.940138 
4385 -1.235260 
4386 -1.399829 
4387 -1.408536 
4388 -1.498189 
4389 -1.362003 
4390 -1.432284 
4391 -1.431412 
4392 -2.626112 
4393 -1.776328 
4394 -0.286684 
4395 0.955247 
4396 1.296885 
4397 1.738347 
4398 -1.741914 
4399 -1.715413 
4400 -1.327021 
4401 -1.676155 
4402 -1.345317 
4403 -1.413941 
4404 -1.705245 
4405 -1.690027 
4406 -1.600107 
4407 -0.554555 
4408 -0.313366 
4409 0.934790 
4410 1.717677 
4411 -3.117566 
4412 -1.487685 
4413 -1.271764 
4414 -1.445437 
4415 -1.519560 
4416 -1.395982 
4417 -1.444945 
4418 -1.487350 
4419 -1.426003 
4420 -2.820443 
4421 -1.607992 
4422 -0.496660 
4423 0.717145 
4424 -1.577216 
4425 -1.336857 
4426 -1.362500 
4427 -1.392593 
4428 -1.487416 
4429 -1.132581 
4430 -1.484888 
4431 -1.653451 
4432 -1.910285 
4433 -1.660766 
4434 -1.471203 
4435 -0.530862 
4436 -0.025289 
4437 -2.032411 
4438 -1.717499 
4439 -1.430520 
4440 -1.456858 
4441 -1.401135 
4442 -1.448541 
4443 -1.459584 
4444 -1.414635 
4445 -1.632498 
4446 -1.436775 
4447 -1.253622 
4448 -1.108858 
4449 -0.386449 
4450 -2.067328 
4451 -1.814870 
4452 -1.468411 
4453 -1.339978 
4454 -1.344605 
4455 -1.570759 
4456 -1.422864 
4457 -1.364824 
4458 -1.328654 
4459 -1.657746 
4460 -1.473130 
4461 -1.425013 
4462 -0.818164 
4463 -1.952568 
4464 -1.722648 
4465 -1.487200 
4466 -1.213056 
4467 -1.246804 
4468 -1.581528 
4469 -1.443990 
4470 -1.319131 
4471 -1.401080 
4472 -1.671479 
4473 -1.604943 
4474 -1.555244 
4475 -0.919422 
4476 -1.310582 
4477 -1.614232 
4478 -1.505024 
4479 -1.206064 
4480 -1.483280 
4481 -1.376408 
4482 -1.429634 
4483 -1.467147 
4484 -1.586883 
4485 -1.580458 
4486 -1.263309 
4487 -1.285913 
4488 -0.766538 
4489 -1.684224 
4490 -1.521973 
4491 -1.678527 
4492 -1.968913 
4493 -1.923155 
4494 -1.281239 
4495 0.112913 
4496 0.739422 
4497 1.922224 
4498 2.105499 
4499 2.501565 
4500 1.694781 
4501 2.608845 
4502 -0.806507 
4503 -1.011711 
4504 -1.390453 
4505 -1.420310 
4506 -1.561488 
4507 -1.355113 
4508 -1.006242 
4509 0.450920 
4510 1.914347 
4511 3.139046 
4512 2.165990 
4513 1.915376 
4514 1.810314 
4515 -0.957601 
4516 -1.293327 
4517 -1.411088 
4518 -1.427990 
4519 -1.613182 
4520 -2.478537 
4521 -2.040917 
4522 -0.052872 
4523 1.074534 
4524 1.629546 
4525 1.989023 
4526 2.145476 
4527 2.053079 
4528 -1.000821 
4529 -1.391598 
4530 -1.578190 
4531 -1.725165 
4532 -1.706998 
4533 -1.927148 
4534 -1.429406 
4535 -0.427439 
4536 0.143827 
4537 1.318244 
4538 2.181094 
4539 3.114474 
4540 2.144355 
4541 -0.855627 
4542 -1.539508 
4543 -1.366102 
4544 -1.471509 
4545 -1.442747 
4546 -1.336021 
4547 -1.477655 
4548 -2.159544 
4549 -0.855509 
4550 1.009502 
4551 2.366047 
4552 1.689440 
4553 1.950425 
4554 -1.402450 
4555 -1.377394 
4556 -1.498041 
4557 -1.396856 
4558 -1.407409 
4559 -1.449355 
4560 -2.301973 
4561 -1.884915 
4562 -1.002077 
4563 0.114560 
4564 1.068840 
4565 1.689052 
4566 2.071351 
4567 -2.304796 
4568 -1.635986 
4569 -1.317397 
4570 -1.508170 
4571 -1.284620 
4572 -1.461302 
4573 -1.710740 
4574 -1.484560 
4575 -1.064267 
4576 -1.930033 
4577 -0.015266 
4578 1.248738 
4579 2.819467 
4580 -1.521113 
4581 -1.412313 
4582 -1.417549 
4583 -1.331190 
4584 -1.561833 
4585 -1.300853 
4586 -1.414192 
4587 -1.462572 
4588 -2.388989 
4589 -2.087593 
4590 -0.637577 
4591 0.082597 
4592 0.728860 
4593 -1.731366 
4594 -1.841737 
4595 -1.653418 
4596 -1.460576 
4597 -1.487341 
4598 -1.413381 
4599 -1.443821 
4600 -1.695442 
4601 -1.671656 
4602 -1.477669 
4603 -0.818565 
4604 -0.682766 
4605 0.060734 
4606 -2.401088 
4607 -2.042355 
4608 -1.467373 
4609 -1.560416 
4610 -1.314620 
4611 -1.357093 
4612 -1.358224 
4613 -1.496345 
4614 -1.465717 
4615 -1.443905 
4616 -1.282030 
4617 -1.411130 
4618 -0.514820 
4619 -2.203688 
4620 -1.609350 
4621 -1.311145 
4622 -1.342297 
4623 -1.393963 
4624 -1.452483 
4625 -1.492418 
4626 -1.496672 
4627 -1.325971 
4628 -1.692213 
4629 -1.522127 
4630 -1.554957 
4631 -0.874898 
4632 -1.473989 
4633 -1.433290 
4634 -1.424400 
4635 -1.388818 
4636 -1.551457 
4637 -1.447360 
4638 -1.346679 
4639 -1.399176 
4640 -1.386598 
4641 -1.350715 
4642 -1.672019 
4643 -1.335109 
4644 -0.889540 
4645 -1.596071 
4646 -1.533930 
4647 -1.553289 
4648 -1.362326 
4649 -1.492012 
4650 -1.346120 
4651 -1.588386 
4652 -1.598970 
4653 -1.346625 
4654 -1.523992 
4655 -1.209023 
4656 -1.257687 
4657 -0.816952 
4658 -1.791951 
4659 -1.723478 
4660 -1.636030 
4661 -1.721306 
4662 -1.616989 
4663 -0.583314 
4664 0.567978 
4665 1.636373 
4666 2.153985 
4667 2.722501 
4668 1.893226 
4669 1.842530 
4670 2.211725 
4671 -0.700432 
4672 -1.239393 
4673 -1.322964 
4674 -1.571053 
4675 -1.550435 
4676 -2.048046 
4677 -0.651961 
4678 1.289331 
4679 2.604776 
4680 1.954415 
4681 1.981846 
4682 2.005820 
4683 2.163583 
4684 -1.044066 
4685 -1.357134 
4686 -1.653008 
4687 -1.634771 
4688 -2.127436 
4689 -1.796749 
4690 -1.312298 
4691 0.433634 
4692 1.352788 
4693 2.016068 
4694 2.367022 
4695 2.241185 
4696 2.573346 
4697 -0.810188 
4698 -0.989818 
4699 -1.334890 
4700 -1.493299 
4701 -1.562535 
4702 -1.611201 
4703 -1.064908 
4704 -1.089955 
4705 0.891036 
4706 2.013843 
4707 2.965579 
4708 1.893249 
4709 2.343741 
4710 -0.941285 
4711 -0.996305 
4712 -1.440407 
4713 -1.717365 
4714 -1.244729 
4715 -1.388296 
4716 -2.409234 
4717 -2.013438 
4718 -0.333068 
4719 1.084806 
4720 1.915649 
4721 1.940395 
4722 2.063494 
4723 -1.209474 
4724 -1.387782 
4725 -1.444488 
4726 -1.357597 
4727 -1.556995 
4728 -1.812745 
4729 -1.860329 
4730 -1.248427 
4731 -0.617206 
4732 0.103464 
4733 2.018494 
4734 2.496410 
4735 2.827622 
4736 -1.518368 
4737 -1.386129 
4738 -1.365233 
4739 -1.468931 
4740 -1.392150 
4741 -1.423678 
4742 -1.481493 
4743 -1.415964 
4744 -2.331765 
4745 -1.195945 
4746 1.002551 
4747 2.122473 
4748 1.383632 
4749 -1.545732 
4750 -1.445146 
4751 -1.773013 
4752 -1.448256 
4753 -1.290619 
4754 -1.346877 
4755 -1.637212 
4756 -2.150554 
4757 -1.773384 
4758 -1.261424 
4759 -0.126439 
4760 0.280622 
4761 0.891724 
4762 -2.334312 
4763 -2.197714 
4764 -1.469695 
4765 -1.290862 
4766 -1.425606 
4767 -1.572688 
4768 -1.560060 
4769 -1.336107 
4770 -1.633817 
4771 -1.167254 
4772 -1.035450 
4773 -1.058251 
4774 0.165131 
4775 -2.818762 
4776 -1.663332 
4777 -1.369489 
4778 -1.407058 
4779 -1.238378 
4780 -1.224680 
4781 -1.441578 
4782 -1.497259 
4783 -1.563424 
4784 -2.135989 
4785 -1.385630 
4786 -1.556825 
4787 -0.445163 
4788 -1.671440 
4789 -1.462790 
4790 -1.126823 
4791 -1.328328 
4792 -1.506545 
4793 -1.235097 
4794 -1.488290 
4795 -1.506652 
4796 -1.625415 
4797 -1.683968 
4798 -1.276920 
4799 -1.119856 
4800 -0.443084 
4801 -1.584478 
4802 -1.779455 
4803 -1.727833 
4804 -1.470406 
4805 -1.386260 
4806 -1.366573 
4807 -1.508461 
4808 -1.334286 
4809 -1.561401 
4810 -1.536790 
4811 -1.279204 
4812 -1.248531 
4813 -0.603299 
4814 -1.894955 
4815 -1.780974 
4816 -1.696540 
4817 -1.471124 
4818 -1.264171 
4819 -1.295927 
4820 -1.373133 
4821 -1.443938 
4822 -1.514201 
4823 -1.435295 
4824 -1.660044 
4825 -1.406591 
4826 -0.790051 
4827 -1.797084 
4828 -1.455919 
4829 -1.539681 
4830 -1.668384 
4831 -0.997120 
4832 -0.933653 
4833 0.911687 
4834 2.063411 
4835 3.163151 
4836 1.897261 
4837 2.048828 
4838 1.837395 
4839 2.130110 
4840 -1.064633 
4841 -1.386794 
4842 -1.621093 
4843 -1.661466 
4844 -2.275329 
4845 -2.036421 
4846 -0.295746 
4847 1.226163 
4848 1.637584 
4849 1.961239 
4850 1.933250 
4851 2.078003 
4852 2.225346 
4853 -1.066076 
4854 -1.212476 
4855 -1.380554 
4856 -1.823612 
4857 -1.543690 
4858 -1.493865 
4859 -0.821661 
4860 0.534572 
4861 1.479574 
4862 2.415976 
4863 2.699613 
4864 2.145286 
4865 1.957651 
4866 -0.931888 
4867 -1.016607 
4868 -1.237877 
4869 -1.337866 
4870 -1.572160 
4871 -1.545906 
4872 -2.000651 
4873 -1.018727 
4874 0.894513 
4875 2.349936 
4876 1.586920 
4877 1.751197 
4878 2.391563 
4879 -0.827646 
4880 -1.350450 
4881 -1.468186 
4882 -1.502239 
4883 -1.438630 
4884 -1.826632 
4885 -1.785164 
4886 -1.537822 
4887 -0.019798 
4888 0.954538 
4889 2.066639 
4890 2.261960 
4891 2.479263 
4892 -1.394626 
4893 -1.306753 
4894 -1.480411 
4895 -1.549071 
4896 -1.551056 
4897 -1.333284 
4898 -1.424876 
4899 -1.379544 
4900 -1.365093 
4901 0.116500 
4902 1.993622 
4903 2.896572 
4904 1.823140 
4905 -1.385934 
4906 -1.422916 
4907 -1.373635 
4908 -1.453898 
4909 -1.427897 
4910 -1.343909 
4911 -1.502342 
4912 -2.442066 
4913 -1.821613 
4914 -0.796620 
4915 0.611695 
4916 1.263555 
4917 1.814309 
4918 -1.755860 
4919 -1.735690 
4920 -1.533485 
4921 -1.525154 
4922 -1.375749 
4923 -1.298319 
4924 -1.726859 
4925 -1.492386 
4926 -1.270655 
4927 -1.181567 
4928 -0.926519 
4929 0.292702 
4930 1.320157 
4931 -3.185579 
4932 -1.439165 
4933 -1.541518 
4934 -1.403488 
4935 -1.307094 
4936 -1.432247 
4937 -1.476798 
4938 -1.338729 
4939 -1.505497 
4940 -2.377088 
4941 -1.640679 
4942 -0.955482 
4943 -0.154622 
4944 -1.367570 
4945 -1.438022 
4946 -1.437810 
4947 -1.381923 
4948 -1.389646 
4949 -1.484853 
4950 -1.307521 
4951 -1.565843 
4952 -1.839325 
4953 -1.726718 
4954 -1.107519 
4955 -0.987874 
4956 -0.317891 
4957 -1.945784 
4958 -1.535495 
4959 -1.611470 
4960 -1.285251 
4961 -1.479482 
4962 -1.380554 
4963 -1.575269 
4964 -1.609094 
4965 -1.587963 
4966 -1.541858 
4967 -1.024817 
4968 -1.174742 
4969 -0.548684 
4970 -1.871125 
4971 -1.826684 
4972 -1.669608 
4973 -1.346823 
4974 -1.228643 
4975 -1.492348 
4976 -1.250818 
4977 -1.476070 
4978 -1.457702 
4979 -1.503649 
4980 -1.563737 
4981 -1.582437 
4982 -0.895884 
4983 -1.593461 
4984 -1.553453 
4985 -1.381221 
4986 -1.344195 
4987 -1.388642 
4988 -1.280702 
4989 -1.304774 
4990 -1.477807 
4991 -1.664585 
4992 -1.905466 
4993 -1.345479 
4994 -1.323693 
4995 -1.048846 
4996 -1.160462 
4997 -1.400776 
4998 -1.687073 
4999 -1.459667 
5000 -1.807635 
5001 -0.508082 
5002 1.247028 
5003 2.747096 
5004 2.024941 
5005 1.953871 
5006 1.974644 
5007 1.804195 
5008 2.439672 
5009 -0.942551 
5010 -1.107949 
5011 -1.308243 
5012 -2.101330 
5013 -2.126014 
5014 -0.895992 
5015 0.193477 
5016 1.631083 
5017 1.997992 
5018 2.294634 
5019 2.278644 
5020 2.139917 
5021 2.005421 
5022 -0.879894 
5023 -1.166831 
5024 -1.431803 
5025 -1.512648 
5026 -1.525957 
5027 -1.173545 
5028 -1.123715 
5029 0.204999 
5030 1.867748 
5031 3.082681 
5032 2.156652 
5033 2.063179 
5034 2.017629 
5035 -1.063195 
5036 -1.187273 
5037 -1.334775 
5038 -1.469644 
5039 -1.676404 
5040 -2.422714 
5041 -1.822502 
5042 -0.296336 
5043 1.019885 
5044 1.492596 
5045 2.270396 
5046 2.062351 
5047 2.308627 
5048 -1.266994 
5049 -1.111615 
5050 -1.645812 
5051 -1.675533 
5052 -1.680714 
5053 -1.607257 
5054 -1.461953 
5055 -0.875251 
5056 -0.061061 
5057 1.293780 
5058 2.226769 
5059 2.976998 
5060 2.250742 
5061 -0.999013 
5062 -1.234818 
5063 -1.386062 
5064 -1.547887 
5065 -1.360258 
5066 -1.402723 
5067 -1.446309 
5068 -2.584524 
5069 -1.084849 
5070 0.547958 
5071 1.837544 
5072 1.994519 
5073 1.912794 
5074 -1.439698 
5075 -1.378305 
5076 -1.333461 
5077 -1.459872 
5078 -1.536168 
5079 -1.429074 
5080 -1.984662 
5081 -2.100141 
5082 -1.065871 
5083 -0.136741 
5084 0.426066 
5085 1.591239 
5086 2.007802 
5087 -2.425058 
5088 -1.530743 
5089 -1.437533 
5090 -1.390718 
5091 -1.373732 
5092 -1.419457 
5093 -1.587903 
5094 -1.422536 
5095 -1.317286 
5096 -2.736943 
5097 -1.580700 
5098 0.143769 
5099 1.091241 
5100 -1.428484 
5101 -1.748067 
5102 -1.289151 
5103 -1.193190 
5104 -1.346468 
5105 -1.382068 
5106 -1.599911 
5107 -1.453753 
5108 -2.214005 
5109 -1.794289 
5110 -0.868832 
5111 -0.517092 
5112 0.098154 
5113 -1.851833 
5114 -1.784443 
5115 -1.600620 
5116 -1.570913 
5117 -1.493804 
5118 -1.431379 
5119 -1.310170 
5120 -1.473608 
5121 -1.804907 
5122 -1.473265 
5123 -0.959408 
5124 -0.637407 
5125 -0.387594 
5126 -2.315123 
5127 -1.847238 
5128 -1.505936 
5129 -1.460606 
5130 -1.429676 
5131 -1.404621 
5132 -1.366318 
5133 -1.529207 
5134 -1.516498 
5135 -1.303115 
5136 -1.507905 
5137 -1.276624 
5138 -0.402259 
5139 -2.228329 
5140 -1.549088 
5141 -1.638608 
5142 -1.344878 
5143 -1.182718 
5144 -1.568966 
5145 -1.486965 
5146 -1.218316 
5147 -1.461655 
5148 -1.717017 
5149 -1.806292 
5150 -1.457073 
5151 -0.597697 
5152 -1.195962 
5153 -1.394129 
5154 -1.649394 
5155 -1.424319 
5156 -1.271754 
5157 -1.339316 
5158 -1.348422 
5159 -1.735503 
5160 -1.734345 
5161 -1.808355 
5162 -1.165965 
5163 -0.982742 
5164 -0.819560 
5165 -1.047770 
5166 -1.819561 
5167 -1.781377 
5168 -1.846213 
5169 -0.394933 
5170 1.599476 
5171 2.840624 
5172 1.566654 
5173 1.675161 
5174 2.440851 
5175 2.125526 
5176 2.149509 
5177 2.145355 
5178 -0.558214 
5179 -1.213998 
5180 -2.703297 
5181 -1.761603 
5182 -0.320512 
5183 0.611291 
5184 1.227413 
5185 1.948187 
5186 2.372283 
5187 2.568551 
5188 2.278009 
5189 2.161382 
5190 2.168310 
5191 -0.286757 
5192 -1.188007 
5193 -1.762476 
5194 -1.793751 
5195 -0.869198 
5196 -0.398927 
5197 0.705893 
5198 1.707371 
5199 3.424252 
5200 2.398846 
5201 2.091128 
5202 2.083900 
5203 1.841563 
5204 -0.700346 
5205 -1.060325 
5206 -1.530206 
5207 -2.148383 
5208 -2.752312 
5209 -1.632390 
5210 0.049005 
5211 0.858998 
5212 1.761014 
5213 1.699857 
5214 2.387120 
5215 2.092008 
5216 2.482128 
5217 -0.640071 
5218 -1.106486 
5219 -1.566466 
5220 -2.154715 
5221 -1.811115 
5222 -1.122170 
5223 -0.174490 
5224 0.181706 
5225 1.469301 
5226 2.205782 
5227 3.089649 
5228 2.049915 
5229 2.279350 
5230 -0.671416 
5231 -1.016209 
5232 -1.604483 
5233 -1.644471 
5234 -1.288886 
5235 -1.174065 
5236 -2.226274 
5237 -0.698918 
5238 1.110207 
5239 2.388400 
5240 1.726589 
5241 2.005169 
5242 2.277791 
5243 -1.000663 
5244 -1.226334 
5245 -1.580985 
5246 -1.579017 
5247 -1.344930 
5248 -2.378469 
5249 -1.520905 
5250 -1.200539 
5251 0.147251 
5252 0.582667 
5253 1.949944 
5254 2.222227 
5255 2.819779 
5256 -1.211767 
5257 -1.660566 
5258 -1.283677 
5259 -1.561009 
5260 -1.361901 
5261 -1.334548 
5262 -1.584534 
5263 -1.453151 
5264 -2.233975 
5265 -0.258869 
5266 1.677031 
5267 2.447468 
5268 1.392696 
5269 -1.823082 
5270 -1.454952 
5271 -1.532905 
5272 -1.296584 
5273 -1.242495 
5274 -1.368035 
5275 -1.788324 
5276 -2.809911 
5277 -1.615229 
5278 -0.442083 
5279 0.643173 
5280 0.850048 
5281 1.098611 
5282 -2.261867 
5283 -2.097133 
5284 -1.502085 
5285 -1.409734 
5286 -1.262811 
5287 -1.617026 
5288 -2.069698 
5289 -1.779851 
5290 -1.160218 
5291 -0.410694 
5292 -0.062961 
5293 0.706779 
5294 1.200096 
5295 -3.511267 
5296 -1.665034 
5297 -1.386000 
5298 -1.342414 
5299 -1.343518 
5300 -1.334108 
5301 -1.454452 
5302 -1.587337 
5303 -1.409306 
5304 -3.030041 
5305 -1.340638 
5306 -0.134891 
5307 0.736149 
5308 -1.380572 
5309 -1.465557 
5310 -1.402336 
5311 -1.385863 
5312 -1.669537 
5313 -1.261131 
5314 -1.303024 
5315 -1.526433 
5316 -2.626751 
5317 -1.789276 
5318 -0.600839 
5319 0.013150 
5320 0.603827 
5321 -1.373767 
5322 -1.929425 
5323 -1.965751 
5324 -1.681109 
5325 -1.243824 
5326 -1.341666 
5327 -1.535171 
5328 -2.064166 
5329 -1.984098 
5330 -0.996319 
5331 -0.236715 
5332 0.054079 
5333 0.407941 
5334 -2.091530 
5335 -2.567805 
5336 -2.570843 
5337 -1.281720 
5338 0.694426 
5339 1.888487 
5340 1.857066 
5341 1.939511 
5342 2.033802 
5343 2.155027 
5344 1.991008 
5345 1.657980 
5346 2.401998 
5347 -1.081539 
5348 -2.190531 
5349 -2.177009 
5350 -0.865752 
5351 0.569541 
5352 1.600395 
5353 1.916551 
5354 2.356010 
5355 2.332195 
5356 2.200179 
5357 2.150279 
5358 2.059533 
5359 1.975354 
5360 -1.097197 
5361 -1.678930 
5362 -1.745188 
5363 -1.272551 
5364 -0.803640 
5365 0.760934 
5366 2.137498 
5367 3.049388 
5368 2.290048 
5369 2.255595 
5370 2.074696 
5371 2.073541 
5372 2.069477 
5373 -0.942281 
5374 -1.391484 
5375 -1.702906 
5376 -2.480068 
5377 -1.899511 
5378 -0.428026 
5379 1.113347 
5380 1.544596 
5381 2.179857 
5382 2.081797 
5383 2.056780 
5384 1.949661 
5385 2.216936 
5386 -0.795578 
5387 -1.318455 
5388 -1.607556 
5389 -1.841222 
5390 -1.557450 
5391 -0.751634 
5392 -0.381343 
5393 1.222106 
5394 2.412192 
5395 2.723507 
5396 2.159150 
5397 2.054582 
5398 2.218009 
5399 -0.894093 
5400 -1.024888 
5401 -1.606638 
5402 -1.700802 
5403 -1.437472 
5404 -2.508084 
5405 -1.407751 
5406 0.343630 
5407 1.912293 
5408 2.250810 
5409 2.110514 
5410 1.980401 
5411 2.092423 
5412 -1.018489 
5413 -1.485566 
5414 -1.600066 
5415 -1.729075 
5416 -1.776565 
5417 -2.208441 
5418 -1.346501 
5419 -0.003427 
5420 0.315615 
5421 1.962736 
5422 2.547313 
5423 2.445557 
5424 1.641387 
5425 -1.257292 
5426 -1.684615 
5427 -1.550394 
5428 -1.497418 
5429 -1.524440 
5430 -1.577678 
5431 -1.256227 
5432 -1.777863 
5433 -0.664299 
5434 1.681639 
5435 2.678407 
5436 1.610587 
5437 1.901532 
5438 -1.517449 
5439 -1.702318 
5440 -1.464178 
5441 -1.362491 
5442 -1.401460 
5443 -1.567293 
5444 -2.329629 
5445 -2.016816 
5446 -0.920518 
5447 0.428773 
5448 1.530197 
5449 1.793913 
5450 1.951477 
5451 -2.159757 
5452 -1.559605 
5453 -1.454164 
5454 -1.381345 
5455 -1.481991 
5456 -1.605304 
5457 -1.773344 
5458 -1.492980 
5459 -0.856187 
5460 -1.586603 
5461 0.148334 
5462 2.070571 
5463 2.910093 
5464 -1.321545 
5465 -1.722587 
5466 -1.487762 
5467 -1.274744 
5468 -1.393735 
5469 -1.358786 
5470 -1.528973 
5471 -1.586655 
5472 -2.504251 
5473 -2.085325 
5474 -0.305765 
5475 0.547642 
5476 0.964702 
5477 -1.413071 
5478 -1.841781 
5479 -1.992325 
5480 -1.329708 
5481 -1.509429 
5482 -1.353441 
5483 -1.617232 
5484 -1.917994 
5485 -2.010723 
5486 -1.255154 
5487 -0.337818 
5488 -0.007053 
5489 0.698928 
5490 -2.089200 
5491 -2.462309 
5492 -1.800265 
5493 -1.405281 
5494 -1.230085 
5495 -1.290026 
5496 -1.602433 
5497 -1.637698 
5498 -1.573380 
5499 -0.834132 
5500 -1.304429 
5501 -0.286646 
5502 1.104890 
5503 -2.982139 
5504 -1.368657 
5505 -1.640118 
5506 -1.414555 
5507 -1.381171 
5508 -2.616454 
5509 -0.893205 
5510 -0.794608 
5511 1.816292 
5512 1.050745 
5513 2.117748 
5514 2.088089 
5515 2.456317 
5516 1.898512 
5517 2.010986 
5518 1.978218 
5519 2.023921 
5520 1.985712 
5521 1.996412 
5522 2.053772 
5523 2.169767 
5524 2.006636 
5525 2.586079 
5526 2.713592 
5527 2.608818 
5528 2.472368 
5529 -1.156489 
5530 -0.934508 
5531 -1.579398 
5532 -1.567198 
5533 -1.710182 
5534 -1.289959 
5535 -1.412355 
5536 -2.722464 
5537 -0.836547 
5538 -0.907030 
5539 -0.798423 
5540 0.065531 
5541 0.794982 
5542 1.055015 
5543 3.591529 
5544 2.037944 
5545 2.032379 
5546 2.312771 
5547 2.355263 
5548 1.945670 
5549 2.143550 
5550 1.987425 
5551 2.127199 
5552 2.083262 
5553 2.125750 
5554 2.151603 
5555 2.009410 
5556 2.162510 
5557 2.207196 
5558 2.028028 
5559 2.180965 
5560 2.409947 
5561 1.953317 
5562 2.287462 
5563 2.187850 
5564 2.421758 
5565 2.432980 
5566 -1.121966 
5567 -1.078704 
5568 -1.615460 
5569 -1.414580 
5570 -1.339351 
5571 -1.505893 
5572 -1.683925 
5573 -1.854347 
5574 -0.991745 
5575 -1.343083 
5576 -2.993901 
5577 -0.280060 
5578 -0.626042 
5579 -0.578522 
5580 1.093600 
5581 1.168542 
5582 1.204023 
5583 3.510440 
5584 1.817890 
5585 1.737935 
5586 2.572701 
5587 2.200010 
5588 1.966638 
5589 2.038239 
5590 2.194223 
5591 2.229132 
5592 2.100985 
5593 2.231295 
5594 2.232266 
5595 2.021078 
5596 2.307107 
5597 2.278749 
5598 2.003630 
5599 2.134146 
5600 2.033257 
5601 2.162463 
5602 2.238433 
5603 -1.120374 
5604 -1.201097 
5605 -1.643071 
5606 -1.592277 
5607 -1.424508 
5608 -1.513306 
5609 -1.392123 
5610 -1.538788 
5611 -1.516419 
5612 -1.933287 
5613 -1.886352 
5614 -0.963030 
5615 -0.986875 
5616 -2.942407 
5617 -0.025868 
5618 -0.525912 
5619 -0.781148 
5620 1.436881 
5621 1.011891 
5622 0.859327 
5623 3.492348 
5624 1.654154 
5625 1.720373 
5626 2.146789 
5627 2.384365 
5628 2.164421 
5629 2.140654 
5630 1.929060 
5631 1.935172 
5632 2.262874 
5633 2.076782 
5634 2.201702 
5635 2.093998 
5636 1.947789 
5637 1.964324 
5638 2.195501 
5639 2.148949 
5640 -1.178128 
5641 -1.293691 
5642 -1.636511 
5643 -1.668311 
5644 -1.434700 
5645 -1.547912 
5646 -1.437024 
5647 -1.405529 
5648 -1.619922 
5649 -1.387481 
5650 -1.481964 
5651 -1.428592 
5652 -1.724786 
5653 -1.689383 
5654 -1.140357 
5655 -1.133097 
5656 -2.920256 
5657 -0.584243 
5658 -0.075948 
5659 -0.066807 
5660 1.150153 
5661 1.807451 
5662 1.646031 
5663 3.013356 
5664 2.103135 
5665 2.185508 
5666 2.259152 
5667 2.077197 
5668 2.007602 
5669 1.903750 
5670 1.909597 
5671 2.211096 
5672 1.951885 
5673 1.979395 
5674 1.998419 
5675 2.302437 
5676 2.398454 
5677 -1.116032 
5678 -0.990467 
5679 -1.501985 
5680 -1.323006 
5681 -1.215710 
5682 -1.535870 
5683 -1.709164 
5684 -1.334305 
5685 -1.759555 
5686 -1.407939 
5687 -1.238064 
5688 -1.645561 
5689 -1.540629 
5690 -1.369952 
5691 -1.282635 
5692 -2.056284 
5693 -1.720199 
5694 -0.641639 
5695 -1.031464 
5696 -2.764138 
5697 1.082384 
5698 0.280680 
5699 0.309858 
5700 1.977235 
5701 1.922948 
5702 1.859827 
5703 2.585971 
5704 2.194645 
5705 2.287989 
5706 2.332747 
5707 2.278808 
5708 2.286235 
5709 1.991122 
5710 2.093675 
5711 2.199602 
5712 1.982767 
5713 1.897194 
5714 -1.178774 
5715 -1.118626 
5716 -1.605880 
5717 -1.193027 
5718 -1.322673 
5719 -1.765158 
5720 -1.407032 
5721 -1.422274 
5722 -1.642273 
5723 -1.352354 
5724 -1.301213 
5725 -1.680827 
5726 -1.289980 
5727 -1.540299 
5728 -1.659284 
5729 -1.668630 
5730 -1.514652 
5731 -0.963809 
5732 -2.114469 
5733 -2.099998 
5734 -0.383842 
5735 -0.276107 
5736 -2.029212 
5737 1.677083 
5738 1.658139 
5739 1.649076 
5740 2.332702 
5741 2.009269 
5742 2.013102 
5743 2.592768 
5744 2.188345 
5745 2.158456 
5746 2.139581 
5747 2.083117 
5748 1.634427 
5749 2.118134 
5750 2.161698 
5751 -1.139861 
5752 -1.335003 
5753 -1.626095 
5754 -1.411247 
5755 -1.454637 
5756 -1.684500 
5757 -1.340676 
5758 -1.286290 
5759 -1.584873 
5760 -1.493487 
5761 -1.352846 
5762 -1.612870 
5763 -1.396558 
5764 -1.455948 
5765 -1.597700 
5766 -1.418670 
5767 -1.326152 
5768 -1.834891 
5769 -1.454137 
5770 -1.463677 
5771 -1.045232 
5772 -2.083064 
5773 -2.310759 
5774 0.097948 
5775 0.026161 
5776 -0.608374 
5777 1.910251 
5778 2.479136 
5779 2.327338 
5780 2.075886 
5781 2.276388 
5782 2.295031 
5783 2.068324 
5784 1.769879 
5785 1.751820 
5786 2.247427 
5787 2.181800 
5788 -1.303777 
5789 -1.335703 
5790 -1.670779 
5791 -1.478601 
5792 -1.334722 
5793 -1.573635 
5794 -1.427976 
5795 -1.472252 
5796 -1.535028 
5797 -1.390179 
5798 -1.268677 
5799 -1.609589 
5800 -1.252732 
5801 -1.425064 
5802 -1.673283 
5803 -1.477329 
5804 -1.481037 
5805 -1.671792 
5806 -1.295772 
5807 -1.298863 
5808 -1.684580 
5809 -1.492319 
5810 -1.669324 
5811 -0.798817 
5812 -2.037758 
5813 -2.318856 
5814 0.393653 
5815 0.456214 
5816 0.019944 
5817 2.374155 
5818 2.607880 
5819 2.447548 
5820 1.978647 
5821 1.942051 
5822 2.214169 
5823 2.692403 
5824 1.672129 
5825 -1.361772 
5826 -1.327332 
5827 -1.822312 
5828 -1.472991 
5829 -1.582186 
5830 -1.639833 
5831 -1.196626 
5832 -1.312839 
5833 -1.668689 
5834 -1.429602 
5835 -1.430735 
5836 -1.592640 
5837 -1.354421 
5838 -1.310106 
5839 -1.622477 
5840 -1.392407 
5841 -1.338885 
5842 -1.677715 
5843 -1.459194 
5844 -1.657064 
5845 -1.572507 
5846 -1.285149 
5847 -1.375504 
5848 -1.857793 
5849 -1.554807 
5850 -1.715813 
5851 -0.422455 
5852 -2.232622 
5853 -1.981523 
5854 0.748791 
5855 0.782350 
5856 -0.058641 
5857 2.529432 
5858 2.325320 
5859 2.421098 
5860 1.630609 
5861 1.724147 
5862 -1.595656 
5863 -1.684348 
5864 -1.589268 
5865 -1.407728 
5866 -1.317877 
5867 -1.592670 
5868 -1.444224 
5869 -1.387329 
5870 -1.648957 
5871 -1.336114 
5872 -1.444154 
5873 -1.649890 
5874 -1.425752 
5875 -1.347780 
5876 -1.637933 
5877 -1.241152 
5878 -1.323948 
5879 -1.659515 
5880 -1.475203 
5881 -1.388275 
5882 -1.646492 
5883 -1.377857 
5884 -1.551930 
5885 -1.558821 
5886 -1.394384 
5887 -1.350644 
5888 -2.008490 
5889 -1.562346 
5890 -1.480999 
5891 -0.284050 
5892 -1.522887 
5893 -1.615640 
5894 1.735942 
5895 1.675797 
5896 0.908830 
5897 1.979128 
5898 2.071238 
5899 -2.089066 
5900 -1.263566 
5901 -1.685431 
5902 -1.436472 
5903 -1.295572 
5904 -1.671041 
5905 -1.306651 
5906 -1.247138 
5907 -1.515519 
5908 -1.395237 
5909 -1.334100 
5910 -1.593453 
5911 -1.390877 
5912 -1.422148 
5913 -1.748854 
5914 -1.397575 
5915 -1.192482 
5916 -1.782341 
5917 -1.217421 
5918 -1.298258 
5919 -1.520597 
5920 -1.477303 
5921 -1.397276 
5922 -1.545538 
5923 -1.308163 
5924 -1.702400 
5925 -1.456493 
5926 -1.169709 
5927 -1.409168 
5928 -1.298347 
5929 -2.015702 
5930 -1.707851 
5931 0.582441 
5932 0.000903 
5933 0.288229 
5934 2.848887 
5935 2.548090 
5936 -1.205477 
5937 -1.304575 
5938 -1.456679 
5939 -1.514330 
5940 -1.445389 
5941 -1.391247 
5942 -1.272060 
5943 -1.494357 
5944 -1.526422 
5945 -1.395158 
5946 -1.305274 
5947 -1.369163 
5948 -1.433909 
5949 -1.486102 
5950 -1.373482 
5951 -1.353240 
5952 -1.667888 
5953 -1.665489 
5954 -1.073478 
5955 -1.140091 
5956 -1.965178 
5957 -2.195894 
5958 -0.249739 
5959 -0.395577 
5960 1.576800 
5961 2.726125 
