5962 1
0 -0.397632 
1 -0.397632 
2 -0.397632 
3 -0.397632 
4 -0.397632 
5 -0.397632 
6 -0.397632 
7 -0.397632 
8 -0.397632 
9 -0.397632 
10 -0.397632 
11 -0.397632 
12 0.244290 
13 0.244290 
14 0.244290 
15 0.244290 
16 0.244290 
17 0.244290 
18 0.301687 
19 0.301687 
20 0.301687 
21 0.301687 
22 0.301687 
23 0.301687 
24 0.360154 
25 0.360154 
26 0.418415 
27 0.418415 
28 -0.397632 
29 0.418415 
30 0.418415 
31 -0.397632 
32 -0.397632 
33 -0.397632 
34 -0.397632 
35 -0.397632 
36 -0.397632 
37 -0.397632 
38 -0.397632 
39 -0.397632 
40 -0.397632 
41 -0.397632 
42 -0.397632 
43 -0.397632 
44 0.244290 
45 0.244290 
46 0.244290 
47 0.244290 
48 0.244290 
49 0.244290 
50 0.244290 
51 0.244290 
52 0.244290 
53 0.244290 
54 0.244290 
55 0.301687 
56 0.301687 
57 0.301687 
58 0.301687 
59 0.301687 
60 0.301687 
61 0.301687 
62 0.301687 
63 0.418415 
64 0.418415 
65 0.418415 
66 0.418415 
67 0.418415 
68 0.418415 
69 0.418415 
70 0.418415 
71 -0.397632 
72 0.418415 
73 0.418415 
74 -0.397632 
75 -0.397632 
76 -0.397632 
77 -0.397632 
78 -0.397632 
79 -0.397632 
80 -0.397632 
81 0.244290 
82 0.244290 
83 0.244290 
84 0.244290 
85 0.244290 
86 0.244290 
87 0.244290 
88 0.244290 
89 0.244290 
90 0.244290 
91 0.244290 
92 0.244290 
93 0.244290 
94 0.244290 
95 0.301687 
96 0.244290 
97 0.244290 
98 0.301687 
99 0.301687 
100 0.418415 
101 0.418415 
102 0.418415 
103 0.418415 
104 0.418415 
105 0.418415 
106 0.418415 
107 0.418415 
108 0.418415 
109 0.418415 
110 0.418415 
111 0.418415 
112 -0.397632 
113 -0.397632 
114 -0.397632 
115 -0.397632 
116 -0.397632 
117 -0.397632 
118 0.244290 
119 0.244290 
120 0.244290 
121 0.244290 
122 0.244290 
123 0.244290 
124 0.244290 
125 0.244290 
126 0.244290 
127 0.244290 
128 0.244290 
129 0.244290 
130 0.244290 
131 0.244290 
132 0.244290 
133 0.244290 
134 0.244290 
135 0.244290 
136 0.244290 
137 0.418415 
138 0.418415 
139 0.418415 
140 0.418415 
141 0.418415 
142 0.418415 
143 0.418415 
144 0.418415 
145 0.418415 
146 0.418415 
147 0.418415 
148 0.418415 
149 0.092468 
150 0.092468 
151 -0.397632 
152 0.092468 
153 0.092468 
154 -0.397632 
155 0.092468 
156 0.092468 
157 0.092468 
158 0.092468 
159 0.092468 
160 0.244290 
161 0.244290 
162 0.244290 
163 0.244290 
164 0.244290 
165 0.244290 
166 0.244290 
167 0.244290 
168 0.244290 
169 0.244290 
170 0.244290 
171 0.244290 
172 0.244290 
173 0.244290 
174 -0.158018 
175 -0.158018 
176 0.418415 
177 0.418415 
178 0.418415 
179 0.418415 
180 0.418415 
181 0.418415 
182 0.418415 
183 0.418415 
184 0.418415 
185 -0.496920 
186 0.092468 
187 0.092468 
188 0.092468 
189 0.092468 
190 0.092468 
191 0.092468 
192 0.092468 
193 0.092468 
194 0.092468 
195 0.092468 
196 0.092468 
197 0.092468 
198 0.092468 
199 0.092468 
200 0.244290 
201 0.244290 
202 0.244290 
203 0.244290 
204 0.244290 
205 0.244290 
206 0.244290 
207 0.244290 
208 0.244290 
209 0.244290 
210 0.244290 
211 -0.158018 
212 -0.158018 
213 -0.158018 
214 0.300191 
215 0.300191 
216 0.418415 
217 0.418415 
218 0.418415 
219 0.418415 
220 -0.496920 
221 -0.496920 
222 -0.496920 
223 0.092468 
224 0.092468 
225 0.092468 
226 -0.496920 
227 -0.496920 
228 0.092468 
229 0.092468 
230 0.092468 
231 0.092468 
232 0.092468 
233 0.092468 
234 0.092468 
235 0.092468 
236 0.092468 
237 0.092468 
238 0.244290 
239 0.244290 
240 0.244290 
241 0.244290 
242 0.244290 
243 0.092468 
244 0.244290 
245 0.244290 
246 0.092468 
247 0.092468 
248 0.300191 
249 0.300191 
250 -0.158018 
251 0.300191 
252 0.300191 
253 0.300191 
254 0.418415 
255 0.418415 
256 0.418415 
257 -0.496920 
258 -0.496920 
259 -0.496920 
260 0.092468 
261 0.092468 
262 0.092468 
263 -0.496920 
264 -0.496920 
265 -0.496920 
266 0.092468 
267 0.092468 
268 0.092468 
269 0.092468 
270 0.092468 
271 0.092468 
272 0.092468 
273 0.092468 
274 0.092468 
275 0.092468 
276 0.092468 
277 0.092468 
278 0.244290 
279 0.244290 
280 0.092468 
281 0.244290 
282 0.244290 
283 0.092468 
284 0.092468 
285 0.300191 
286 0.300191 
287 0.300191 
288 0.300191 
289 0.300191 
290 0.300191 
291 0.300191 
292 0.300191 
293 0.300191 
294 0.418415 
295 0.418415 
296 0.300191 
297 -0.496920 
298 -0.496920 
299 -0.496920 
300 0.092468 
301 0.092468 
302 0.092468 
303 -0.496920 
304 -0.496920 
305 0.092468 
306 0.092468 
307 0.092468 
308 0.092468 
309 0.092468 
310 0.092468 
311 0.092468 
312 0.092468 
313 0.092468 
314 0.092468 
315 0.092468 
316 0.092468 
317 0.092468 
318 0.092468 
319 0.092468 
320 0.092468 
321 0.092468 
322 0.300191 
323 0.300191 
324 0.300191 
325 0.300191 
326 0.300191 
327 0.300191 
328 0.300191 
329 0.300191 
330 0.300191 
331 0.300191 
332 0.300191 
333 0.300191 
334 0.300191 
335 0.300191 
336 0.300191 
337 0.300191 
338 0.300191 
339 -0.496920 
340 -0.496920 
341 -0.496920 
342 0.092468 
343 0.092468 
344 0.092468 
345 0.092468 
346 0.092468 
347 0.092468 
348 0.092468 
349 0.092468 
350 0.092468 
351 0.092468 
352 0.092468 
353 0.092468 
354 0.092468 
355 0.092468 
356 0.092468 
357 0.092468 
358 0.092468 
359 0.300191 
360 0.300191 
361 0.300191 
362 0.300191 
363 0.300191 
364 0.300191 
365 0.300191 
366 0.300191 
367 0.300191 
368 0.300191 
369 0.300191 
370 0.300191 
371 0.300191 
372 0.300191 
373 0.300191 
374 0.300191 
375 0.300191 
376 0.300191 
377 -0.496920 
378 -0.496920 
379 -0.496920 
380 0.092468 
381 0.092468 
382 0.092468 
383 0.092468 
384 0.092468 
385 0.092468 
386 0.092468 
387 0.092468 
388 0.092468 
389 0.092468 
390 0.092468 
391 0.092468 
392 0.092468 
393 0.092468 
394 0.092468 
395 0.092468 
396 -0.411259 
397 -0.411259 
398 -0.411259 
399 0.300191 
400 0.300191 
401 0.300191 
402 0.300191 
403 0.300191 
404 0.300191 
405 0.300191 
406 0.300191 
407 0.300191 
408 0.300191 
409 0.300191 
410 0.300191 
411 0.300191 
412 0.300191 
413 0.300191 
414 0.300191 
415 0.300191 
416 0.300191 
417 -0.496920 
418 -0.496920 
419 0.300191 
420 0.092468 
421 0.092468 
422 0.300191 
423 0.092468 
424 0.092468 
425 0.092468 
426 0.092468 
427 0.092468 
428 0.092468 
429 0.092468 
430 0.092468 
431 0.092468 
432 0.092468 
433 -0.411259 
434 -0.411259 
435 -0.411259 
436 -0.411259 
437 0.300191 
438 0.300191 
439 0.300191 
440 0.300191 
441 0.300191 
442 0.300191 
443 0.300191 
444 0.300191 
445 0.300191 
446 0.300191 
447 0.300191 
448 0.300191 
449 0.300191 
450 0.300191 
451 0.300191 
452 0.300191 
453 0.092468 
454 0.092468 
455 0.092468 
456 0.092468 
457 0.092468 
458 0.092468 
459 -0.397632 
460 -0.397632 
461 -0.397632 
462 -0.397632 
463 -0.397632 
464 -0.397632 
465 0.244290 
466 0.244290 
467 0.244290 
468 0.301687 
469 0.301687 
470 0.301687 
471 0.301687 
472 0.418415 
473 0.418415 
474 -0.397632 
475 -0.397632 
476 -0.397632 
477 -0.397632 
478 0.244290 
479 0.244290 
480 0.244290 
481 0.244290 
482 0.301687 
483 0.301687 
484 0.301687 
485 0.418415 
486 0.418415 
487 0.418415 
488 0.418415 
489 -0.397632 
490 -0.397632 
491 0.244290 
492 0.244290 
493 0.244290 
494 0.244290 
495 0.244290 
496 0.244290 
497 0.301687 
498 0.418415 
499 0.418415 
500 0.418415 
501 0.418415 
502 -0.397632 
503 -0.397632 
504 0.244290 
505 0.244290 
506 0.244290 
507 0.244290 
508 0.244290 
509 0.244290 
510 0.244290 
511 0.418415 
512 0.418415 
513 0.418415 
514 -0.496920 
515 0.092468 
516 0.092468 
517 0.092468 
518 0.092468 
519 0.244290 
520 0.244290 
521 0.244290 
522 0.244290 
523 0.244290 
524 -0.158018 
525 0.418415 
526 0.418415 
527 -0.496920 
528 0.092468 
529 0.092468 
530 0.092468 
531 0.092468 
532 0.092468 
533 0.092468 
534 0.244290 
535 0.244290 
536 0.244290 
537 -0.158018 
538 0.300191 
539 0.418415 
540 -0.496920 
541 0.092468 
542 -0.496920 
543 -0.496920 
544 0.092468 
545 0.092468 
546 0.092468 
547 0.092468 
548 0.244290 
549 0.092468 
550 0.300191 
551 0.300191 
552 0.418415 
553 -0.496920 
554 0.092468 
555 -0.496920 
556 -0.496920 
557 -0.496920 
558 0.092468 
559 0.092468 
560 0.092468 
561 0.092468 
562 0.092468 
563 0.300191 
564 0.300191 
565 0.300191 
566 0.418415 
567 -0.496920 
568 0.092468 
569 -0.496920 
570 -0.496920 
571 0.092468 
572 0.092468 
573 0.092468 
574 0.092468 
575 0.092468 
576 0.300191 
577 0.300191 
578 0.300191 
579 0.300191 
580 0.300191 
581 0.300191 
582 -0.496920 
583 0.092468 
584 0.092468 
585 0.092468 
586 0.092468 
587 0.092468 
588 0.092468 
589 0.300191 
590 0.300191 
591 0.300191 
592 0.300191 
593 0.300191 
594 0.300191 
595 -0.496920 
596 0.092468 
597 0.092468 
598 0.092468 
599 0.092468 
600 0.092468 
601 0.092468 
602 -0.411259 
603 0.300191 
604 0.300191 
605 0.300191 
606 0.300191 
607 0.300191 
608 0.300191 
609 -0.496920 
610 0.092468 
611 0.092468 
612 0.092468 
613 0.092468 
614 0.092468 
615 -0.411259 
616 -0.411259 
617 0.300191 
618 0.300191 
619 0.300191 
620 0.300191 
621 0.300191 
622 0.300191 
623 0.300191 
624 0.300191 
625 0.092468 
626 0.092468 
627 0.092468 
628 0.021953 
629 0.418415 
630 -0.015653 
631 -0.397632 
632 0.001722 
633 0.004070 
634 0.110259 
635 0.244290 
636 -0.066475 
637 0.301687 
638 -0.368312 
639 0.301687 
640 0.301687 
641 0.021953 
642 -0.015653 
643 -0.015653 
644 0.001722 
645 0.001722 
646 0.110259 
647 0.110259 
648 -0.066475 
649 -0.066475 
650 -0.368312 
651 -0.368312 
652 -0.368312 
653 0.301687 
654 0.021953 
655 0.021953 
656 -0.015653 
657 0.418415 
658 0.001722 
659 0.137079 
660 0.110259 
661 0.001722 
662 -0.066475 
663 0.099602 
664 -0.368312 
665 -0.368312 
666 -0.058343 
667 0.021953 
668 0.173313 
669 0.021953 
670 -0.236018 
671 -0.086509 
672 0.313343 
673 -0.232995 
674 -0.496920 
675 0.244290 
676 0.244290 
677 -0.368312 
678 -0.368312 
679 -0.058343 
680 0.173313 
681 0.173313 
682 -0.236018 
683 -0.236018 
684 0.313343 
685 0.313343 
686 -0.496920 
687 -0.496920 
688 0.244290 
689 0.244290 
690 0.244290 
691 -0.368312 
692 -0.058343 
693 -0.132921 
694 0.173313 
695 0.114555 
696 -0.236018 
697 -0.492012 
698 0.313343 
699 -0.496920 
700 -0.496920 
701 0.180158 
702 0.244290 
703 -0.127154 
704 -0.065191 
705 -0.065191 
706 0.173313 
707 0.173313 
708 -0.257991 
709 -0.443023 
710 -0.086509 
711 -0.496920 
712 -0.496920 
713 -0.159606 
714 0.130758 
715 -0.127154 
716 -0.127154 
717 0.229912 
718 0.229912 
719 0.173313 
720 -0.397632 
721 -0.257991 
722 0.006853 
723 -0.086509 
724 0.104050 
725 -0.496920 
726 0.130758 
727 0.130758 
728 0.130758 
729 -0.469136 
730 0.229912 
731 0.229912 
732 -0.397632 
733 -0.397632 
734 -0.285936 
735 0.006853 
736 -0.309218 
737 0.104050 
738 -0.293908 
739 0.011639 
740 0.011639 
741 0.231724 
742 -0.469136 
743 0.474854 
744 -0.190202 
745 -0.250128 
746 -0.250128 
747 -0.285936 
748 0.089658 
749 -0.309218 
750 0.084970 
751 -0.293908 
752 -0.158018 
753 0.231724 
754 0.231724 
755 0.474854 
756 0.474854 
757 0.474854 
758 -0.250128 
759 -0.250128 
760 0.089658 
761 0.089658 
762 0.084970 
763 0.084970 
764 -0.158018 
765 -0.158018 
766 -0.158018 
767 0.231724 
768 -0.130396 
769 0.474854 
770 -0.190202 
771 -0.411259 
772 -0.250128 
773 0.283542 
774 0.089658 
775 0.024115 
776 0.084970 
777 -0.293908 
778 -0.158018 
779 0.202086 
780 0.202086 
781 -0.246982 
782 -0.246982 
783 -0.246982 
784 -0.411259 
785 -0.411259 
786 0.283542 
787 0.283542 
788 0.024115 
789 0.024115 
790 -0.293908 
791 -0.248563 
792 -0.248563 
793 0.202086 
794 -0.269958 
795 -0.246982 
796 0.092468 
797 -0.292817 
798 0.418415 
799 0.418415 
800 -0.397632 
801 -0.397632 
802 0.004070 
803 0.110259 
804 0.110259 
805 -0.066475 
806 -0.066475 
807 -0.066475 
808 -0.368312 
809 -0.058343 
810 0.021953 
811 0.021953 
812 0.021953 
813 0.418442 
814 0.003606 
815 0.114491 
816 0.114491 
817 0.202086 
818 0.202086 
819 -0.368312 
820 -0.368312 
821 -0.058343 
822 -0.368312 
823 0.021953 
824 0.021953 
825 -0.015653 
826 0.418415 
827 0.001722 
828 0.137079 
829 -0.457856 
830 0.001722 
831 -0.239070 
832 0.099602 
833 0.476748 
834 -0.368312 
835 -0.058343 
836 0.021953 
837 0.173313 
838 0.021953 
839 0.118416 
840 -0.086509 
841 0.137079 
842 -0.232995 
843 -0.496920 
844 0.001722 
845 -0.268318 
846 -0.239070 
847 0.229912 
848 -0.058343 
849 0.114555 
850 -0.132921 
851 0.021953 
852 0.000778 
853 0.313343 
854 -0.184364 
855 0.340745 
856 0.001722 
857 0.001722 
858 -0.108113 
859 0.229912 
860 0.229912 
861 0.229912 
862 -0.132921 
863 -0.132921 
864 0.114555 
865 -0.236018 
866 -0.492012 
867 0.340745 
868 -0.496920 
869 0.340745 
870 0.180158 
871 0.105857 
872 -0.127154 
873 -0.065191 
874 0.229912 
875 0.173313 
876 -0.472645 
877 -0.257991 
878 -0.443023 
879 0.237016 
880 0.448525 
881 -0.496920 
882 -0.159606 
883 0.001098 
884 -0.469136 
885 -0.013706 
886 0.229912 
887 0.229912 
888 0.173313 
889 -0.472645 
890 -0.465075 
891 0.006853 
892 -0.086509 
893 0.104050 
894 -0.496920 
895 0.130758 
896 -0.278847 
897 -0.058343 
898 -0.469136 
899 0.229912 
900 0.229912 
901 -0.397632 
902 -0.397632 
903 -0.424369 
904 -0.005075 
905 0.349549 
906 0.349549 
907 0.390834 
908 0.390834 
909 0.011639 
910 0.424390 
911 0.262327 
912 -0.190202 
913 -0.190202 
914 -0.250128 
915 -0.250128 
916 -0.285936 
917 0.089658 
918 -0.309218 
919 -0.058343 
920 -0.293908 
921 0.048263 
922 0.231724 
923 0.403044 
924 0.474854 
925 -0.246982 
926 -0.190202 
927 -0.250128 
928 -0.250128 
929 0.265824 
930 -0.424369 
931 -0.058343 
932 0.084970 
933 -0.458264 
934 0.390834 
935 0.390834 
936 0.088736 
937 -0.130396 
938 -0.246982 
939 -0.190202 
940 -0.398959 
941 0.283542 
942 -0.250128 
943 -0.250128 
944 -0.058343 
945 -0.058343 
946 -0.293908 
947 -0.158018 
948 0.202086 
949 -0.202784 
950 -0.246982 
951 -0.246982 
952 -0.190202 
953 -0.398959 
954 -0.398959 
955 0.283542 
956 0.283542 
957 0.024115 
958 0.024115 
959 -0.058343 
960 -0.248563 
961 -0.202784 
962 -0.269958 
963 -0.269958 
964 -0.254088 
965 -0.254088 
966 0.069072 
967 0.418415 
968 -0.435804 
969 0.418415 
970 -0.435804 
971 -0.397632 
972 0.205134 
973 -0.397632 
974 0.205134 
975 0.004070 
976 0.107305 
977 0.110259 
978 0.107305 
979 0.110259 
980 0.398345 
981 -0.066475 
982 0.398345 
983 -0.066475 
984 0.050729 
985 -0.066475 
986 0.050729 
987 -0.368312 
988 -0.368312 
989 -0.058343 
990 0.021953 
991 -0.435804 
992 -0.292817 
993 -0.292817 
994 -0.435804 
995 0.418442 
996 0.418415 
997 -0.292817 
998 0.001722 
999 0.001722 
1000 0.003606 
1001 0.001722 
1002 -0.397632 
1003 0.003606 
1004 -0.457856 
1005 -0.457856 
1006 0.114491 
1007 -0.457856 
1008 0.004070 
1009 0.279837 
1010 0.110259 
1011 0.110259 
1012 0.279837 
1013 0.110259 
1014 0.110259 
1015 0.110259 
1016 -0.066475 
1017 -0.066475 
1018 -0.066475 
1019 -0.066475 
1020 -0.066475 
1021 -0.066475 
1022 -0.368312 
1023 -0.368312 
1024 0.050729 
1025 -0.368312 
1026 -0.368312 
1027 0.021953 
1028 0.021953 
1029 0.021953 
1030 0.173313 
1031 0.483093 
1032 0.021953 
1033 -0.292817 
1034 -0.435804 
1035 0.001722 
1036 0.001722 
1037 0.418415 
1038 0.418415 
1039 0.418442 
1040 -0.239070 
1041 -0.457856 
1042 0.003606 
1043 0.003606 
1044 -0.292817 
1045 0.114491 
1046 0.107305 
1047 0.244290 
1048 0.114491 
1049 0.114491 
1050 0.244290 
1051 0.202086 
1052 0.107305 
1053 0.427557 
1054 0.427557 
1055 0.202086 
1056 0.099602 
1057 -0.368312 
1058 -0.368312 
1059 -0.058343 
1060 -0.368312 
1061 -0.368312 
1062 -0.058343 
1063 0.050729 
1064 0.021953 
1065 0.021953 
1066 0.021953 
1067 0.173313 
1068 0.483093 
1069 0.173313 
1070 0.173313 
1071 0.060858 
1072 0.313343 
1073 0.313343 
1074 -0.239070 
1075 0.313343 
1076 0.313343 
1077 -0.086509 
1078 -0.292817 
1079 0.418415 
1080 -0.239070 
1081 -0.457856 
1082 -0.457856 
1083 -0.292817 
1084 -0.457856 
1085 -0.457856 
1086 0.114491 
1087 0.202086 
1088 0.202086 
1089 0.244290 
1090 0.210777 
1091 0.244290 
1092 -0.198780 
1093 0.229912 
1094 0.210777 
1095 0.427557 
1096 0.229912 
1097 0.427557 
1098 0.427557 
1099 -0.058343 
1100 0.050729 
1101 0.114555 
1102 0.114555 
1103 0.173313 
1104 0.173313 
1105 0.173313 
1106 -0.236018 
1107 0.173313 
1108 0.022445 
1109 0.313343 
1110 0.313343 
1111 0.183935 
1112 0.313343 
1113 0.313343 
1114 0.349549 
1115 0.313343 
1116 0.313343 
1117 0.349549 
1118 0.202636 
1119 0.202636 
1120 -0.013706 
1121 -0.292817 
1122 -0.292817 
1123 0.114491 
1124 0.244290 
1125 0.244290 
1126 0.054419 
1127 0.210777 
1128 0.210777 
1129 -0.198780 
1130 0.210777 
1131 0.210777 
1132 0.229912 
1133 0.210777 
1134 0.210777 
1135 0.210777 
1136 0.229912 
1137 -0.198780 
1138 -0.132921 
1139 0.003606 
1140 0.114555 
1141 -0.257991 
1142 -0.132921 
1143 -0.236018 
1144 -0.132921 
1145 0.183935 
1146 0.183935 
1147 -0.236018 
1148 0.173313 
1149 0.313343 
1150 0.313343 
1151 0.349549 
1152 0.313343 
1153 0.313343 
1154 0.166141 
1155 0.202636 
1156 0.202636 
1157 0.349549 
1158 0.001098 
1159 0.001098 
1160 -0.254088 
1161 0.001098 
1162 0.001098 
1163 0.054419 
1164 -0.065191 
1165 0.229912 
1166 -0.435804 
1167 0.210777 
1168 -0.065191 
1169 -0.198780 
1170 0.229912 
1171 0.229912 
1172 0.210777 
1173 0.229912 
1174 0.466429 
1175 0.173313 
1176 0.003606 
1177 -0.132921 
1178 -0.257991 
1179 -0.127130 
1180 0.006853 
1181 0.006853 
1182 -0.132921 
1183 0.006853 
1184 0.006853 
1185 0.183935 
1186 -0.086509 
1187 -0.086509 
1188 0.183935 
1189 -0.492012 
1190 -0.492012 
1191 0.349549 
1192 0.130758 
1193 0.130758 
1194 -0.496920 
1195 0.001098 
1196 0.001098 
1197 -0.159606 
1198 -0.278847 
1199 -0.278847 
1200 0.397023 
1201 0.001098 
1202 0.001098 
1203 -0.013706 
1204 0.229912 
1205 -0.469136 
1206 -0.013706 
1207 0.229912 
1208 0.465975 
1209 0.465975 
1210 0.229912 
1211 0.466429 
1212 0.173313 
1213 0.003606 
1214 0.173313 
1215 0.360154 
1216 0.262691 
1217 0.006853 
1218 -0.472645 
1219 -0.472645 
1220 0.006853 
1221 0.006853 
1222 -0.472645 
1223 0.006853 
1224 0.006853 
1225 -0.472645 
1226 -0.086509 
1227 -0.086509 
1228 0.484373 
1229 0.130758 
1230 0.130758 
1231 0.484373 
1232 -0.496920 
1233 -0.468843 
1234 0.484373 
1235 0.130758 
1236 0.130758 
1237 0.397023 
1238 0.001098 
1239 0.001098 
1240 -0.258421 
1241 -0.190202 
1242 0.142452 
1243 -0.258421 
1244 0.465975 
1245 0.465975 
1246 0.465975 
1247 0.229912 
1248 0.465975 
1249 -0.397632 
1250 -0.397632 
1251 -0.397632 
1252 -0.397632 
1253 0.262691 
1254 0.262691 
1255 -0.397632 
1256 -0.397632 
1257 0.006853 
1258 0.006853 
1259 -0.472645 
1260 0.006853 
1261 0.006853 
1262 -0.403985 
1263 -0.086509 
1264 -0.086509 
1265 -0.142768 
1266 0.186597 
1267 0.016013 
1268 0.484373 
1269 0.130758 
1270 0.130758 
1271 0.186597 
1272 0.130758 
1273 0.130758 
1274 0.183935 
1275 -0.278847 
1276 -0.278847 
1277 0.006853 
1278 -0.469136 
1279 -0.469136 
1280 -0.379042 
1281 -0.190202 
1282 -0.469136 
1283 0.465975 
1284 -0.190202 
1285 -0.190202 
1286 -0.250128 
1287 -0.397632 
1288 -0.397632 
1289 -0.397632 
1290 0.250152 
1291 0.250152 
1292 0.330701 
1293 0.283542 
1294 0.397023 
1295 -0.309218 
1296 0.330701 
1297 0.300191 
1298 0.300191 
1299 -0.248563 
1300 0.300191 
1301 0.300191 
1302 -0.403985 
1303 0.016013 
1304 0.016013 
1305 -0.293908 
1306 0.186597 
1307 0.186597 
1308 0.183935 
1309 0.186597 
1310 0.186597 
1311 0.231724 
1312 0.011639 
1313 0.011639 
1314 0.118416 
1315 -0.246982 
1316 -0.379042 
1317 -0.450781 
1318 -0.190202 
1319 -0.379042 
1320 -0.450781 
1321 -0.190202 
1322 -0.190202 
1323 -0.250128 
1324 -0.250128 
1325 -0.250128 
1326 -0.397632 
1327 -0.397632 
1328 -0.250128 
1329 -0.250128 
1330 0.283542 
1331 0.024115 
1332 0.330701 
1333 -0.242699 
1334 0.300191 
1335 -0.058343 
1336 -0.242699 
1337 -0.248563 
1338 -0.426391 
1339 0.300191 
1340 0.300191 
1341 -0.293908 
1342 -0.426391 
1343 0.216469 
1344 -0.158018 
1345 0.016013 
1346 -0.424369 
1347 0.202086 
1348 0.183935 
1349 0.118416 
1350 -0.202784 
1351 -0.246982 
1352 0.166141 
1353 -0.246982 
1354 -0.246982 
1355 -0.190202 
1356 0.166141 
1357 -0.246982 
1358 -0.190202 
1359 -0.246982 
1360 -0.398959 
1361 -0.398959 
1362 -0.398959 
1363 -0.398959 
1364 -0.398959 
1365 -0.117876 
1366 0.283542 
1367 -0.242699 
1368 -0.117876 
1369 -0.117876 
1370 0.024115 
1371 -0.117876 
1372 0.024115 
1373 -0.242699 
1374 0.300191 
1375 0.300191 
1376 -0.248563 
1377 -0.313347 
1378 -0.058343 
1379 -0.248563 
1380 -0.313347 
1381 -0.248563 
1382 0.216469 
1383 -0.158018 
1384 -0.202784 
1385 0.216469 
1386 0.202086 
1387 -0.269958 
1388 0.244290 
1389 -0.254088 
1390 -0.254088 
1391 0.244290 
1392 -0.254088 
1393 -0.254088 
1394 -0.246982 
1395 -0.190202 
1396 -0.246982 
1397 -0.398959 
1398 -0.398959 
1399 -0.398959 
1400 0.235360 
1401 -0.398959 
1402 0.235360 
1403 -0.242699 
1404 0.024115 
1405 -0.242699 
1406 0.024115 
1407 -0.242699 
1408 -0.058343 
1409 -0.242699 
1410 -0.248563 
1411 0.114555 
1412 -0.202784 
1413 0.114555 
1414 -0.269958 
1415 -0.246982 
1416 -0.269958 
1417 -0.246982 
1418 -0.254088 
1419 -0.246982 
1420 -0.246982 
1421 0.272769 
1422 -0.435804 
1423 0.114911 
1424 -0.435804 
1425 0.114911 
1426 0.205134 
1427 0.041626 
1428 0.205134 
1429 0.041626 
1430 0.107305 
1431 0.414538 
1432 0.107305 
1433 0.012574 
1434 0.398345 
1435 -0.239070 
1436 0.398345 
1437 -0.239070 
1438 0.050729 
1439 -0.058343 
1440 0.050729 
1441 -0.058343 
1442 0.476748 
1443 -0.058343 
1444 -0.058343 
1445 -0.435804 
1446 0.021953 
1447 0.069072 
1448 0.069072 
1449 -0.292817 
1450 -0.117876 
1451 -0.435804 
1452 -0.292817 
1453 -0.117876 
1454 -0.117876 
1455 0.008011 
1456 0.137079 
1457 0.205134 
1458 -0.445379 
1459 0.279837 
1460 0.205134 
1461 -0.445379 
1462 0.279837 
1463 0.107305 
1464 -0.457856 
1465 0.279837 
1466 0.107305 
1467 0.279837 
1468 0.279837 
1469 0.398345 
1470 0.110259 
1471 0.476748 
1472 0.398345 
1473 0.099602 
1474 0.476748 
1475 0.050729 
1476 -0.066475 
1477 0.476748 
1478 0.476748 
1479 -0.058343 
1480 0.476748 
1481 -0.058343 
1482 0.021953 
1483 0.021953 
1484 -0.435804 
1485 0.483093 
1486 0.021953 
1487 -0.435804 
1488 0.307019 
1489 -0.015653 
1490 -0.435804 
1491 -0.239070 
1492 0.418415 
1493 0.003606 
1494 0.205134 
1495 0.001722 
1496 0.003606 
1497 0.088497 
1498 0.137079 
1499 0.114491 
1500 0.114491 
1501 -0.457856 
1502 0.107305 
1503 0.279837 
1504 0.001722 
1505 0.107305 
1506 0.107305 
1507 -0.239070 
1508 0.398345 
1509 0.054419 
1510 0.099602 
1511 0.348655 
1512 0.050729 
1513 0.476748 
1514 0.050729 
1515 0.050729 
1516 -0.368312 
1517 0.050729 
1518 -0.058343 
1519 0.021953 
1520 0.021953 
1521 0.021953 
1522 0.483093 
1523 0.021953 
1524 0.483093 
1525 0.173313 
1526 0.021953 
1527 0.060858 
1528 0.060858 
1529 0.118416 
1530 -0.239070 
1531 0.310635 
1532 -0.086509 
1533 0.205134 
1534 0.205134 
1535 0.137079 
1536 -0.398338 
1537 0.137079 
1538 -0.232995 
1539 0.001722 
1540 0.054419 
1541 -0.496920 
1542 0.114491 
1543 0.114491 
1544 0.001722 
1545 -0.435804 
1546 -0.198780 
1547 -0.268318 
1548 -0.198780 
1549 -0.198780 
1550 -0.239070 
1551 0.427557 
1552 0.427557 
1553 -0.368312 
1554 0.050729 
1555 -0.239070 
1556 0.114555 
1557 0.021953 
1558 0.022445 
1559 0.022445 
1560 0.231528 
1561 0.000778 
1562 -0.426391 
1563 0.021953 
1564 -0.074942 
1565 -0.127130 
1566 0.000778 
1567 -0.259683 
1568 0.427557 
1569 0.313343 
1570 0.349549 
1571 0.381485 
1572 -0.184364 
1573 -0.254088 
1574 -0.013706 
1575 0.340745 
1576 0.114491 
1577 0.114491 
1578 0.001722 
1579 -0.435804 
1580 0.114491 
1581 0.001722 
1582 -0.198780 
1583 -0.198780 
1584 -0.108113 
1585 -0.198780 
1586 -0.139162 
1587 0.229912 
1588 -0.139162 
1589 -0.198780 
1590 0.210777 
1591 -0.198780 
1592 0.229912 
1593 0.003606 
1594 0.021953 
1595 0.114555 
1596 0.009892 
1597 0.476748 
1598 0.231724 
1599 0.183935 
1600 0.114555 
1601 0.183935 
1602 0.237016 
1603 -0.236018 
1604 0.237016 
1605 0.237016 
1606 -0.492012 
1607 0.349549 
1608 -0.373293 
1609 0.340745 
1610 -0.461430 
1611 0.088497 
1612 -0.496920 
1613 -0.159606 
1614 -0.159606 
1615 0.340745 
1616 0.054419 
1617 0.054419 
1618 0.180158 
1619 0.054419 
1620 0.054419 
1621 0.105857 
1622 -0.198780 
1623 -0.198780 
1624 -0.127154 
1625 0.466429 
1626 -0.139162 
1627 0.210777 
1628 0.466429 
1629 0.229912 
1630 0.003606 
1631 -0.250128 
1632 0.003606 
1633 0.262691 
1634 0.231528 
1635 -0.244035 
1636 -0.472645 
1637 -0.257991 
1638 0.237016 
1639 0.237016 
1640 -0.443023 
1641 0.182398 
1642 -0.364823 
1643 0.237016 
1644 0.237016 
1645 0.237016 
1646 0.448525 
1647 0.484373 
1648 0.349549 
1649 -0.496920 
1650 -0.496920 
1651 -0.159606 
1652 -0.159606 
1653 -0.159606 
1654 -0.159606 
1655 0.001098 
1656 -0.258421 
1657 -0.258421 
1658 -0.469136 
1659 -0.258421 
1660 -0.258421 
1661 -0.013706 
1662 0.465975 
1663 0.465975 
1664 0.274069 
1665 0.466429 
1666 0.466429 
1667 0.003606 
1668 0.360154 
1669 0.262691 
1670 0.262691 
1671 0.262691 
1672 -0.472645 
1673 -0.127130 
1674 -0.465075 
1675 0.262327 
1676 -0.240140 
1677 0.006853 
1678 0.237016 
1679 0.237016 
1680 -0.086509 
1681 0.237016 
1682 0.237016 
1683 0.104050 
1684 -0.496920 
1685 -0.496920 
1686 -0.496920 
1687 0.484373 
1688 -0.468843 
1689 0.130758 
1690 -0.159606 
1691 -0.159606 
1692 -0.278847 
1693 -0.258421 
1694 -0.258421 
1695 -0.058343 
1696 -0.013706 
1697 0.142452 
1698 -0.469136 
1699 0.465975 
1700 0.465975 
1701 -0.469136 
1702 0.465975 
1703 0.466429 
1704 -0.397632 
1705 0.360154 
1706 0.003606 
1707 0.262691 
1708 0.250152 
1709 0.262691 
1710 0.016013 
1711 -0.424369 
1712 0.088736 
1713 -0.157674 
1714 -0.005075 
1715 0.339088 
1716 -0.142768 
1717 0.349549 
1718 -0.142768 
1719 -0.142768 
1720 0.349549 
1721 0.484373 
1722 0.484373 
1723 0.390834 
1724 -0.468843 
1725 -0.468843 
1726 0.390834 
1727 0.183935 
1728 0.183935 
1729 0.011639 
1730 0.302571 
1731 0.302571 
1732 0.424390 
1733 -0.472645 
1734 0.302571 
1735 0.262327 
1736 -0.190202 
1737 0.465975 
1738 0.092468 
1739 -0.190202 
1740 -0.190202 
1741 -0.397632 
1742 0.235360 
1743 -0.397632 
1744 0.250152 
1745 -0.250128 
1746 0.250152 
1747 0.265824 
1748 -0.285936 
1749 0.397023 
1750 -0.403985 
1751 0.089658 
1752 -0.403985 
1753 0.216469 
1754 -0.309218 
1755 -0.403985 
1756 -0.403985 
1757 -0.058343 
1758 0.462404 
1759 0.474460 
1760 -0.293908 
1761 0.183935 
1762 0.390834 
1763 0.048263 
1764 0.183935 
1765 0.089658 
1766 0.231724 
1767 0.424390 
1768 -0.246982 
1769 0.403044 
1770 -0.246982 
1771 -0.246982 
1772 0.474854 
1773 -0.110515 
1774 -0.110515 
1775 -0.014381 
1776 -0.190202 
1777 -0.190202 
1778 -0.250128 
1779 0.235360 
1780 -0.397632 
1781 -0.250128 
1782 0.235360 
1783 -0.497123 
1784 0.235360 
1785 0.265824 
1786 -0.242699 
1787 0.142452 
1788 -0.424369 
1789 -0.242699 
1790 -0.242699 
1791 -0.058343 
1792 -0.248563 
1793 -0.242699 
1794 0.084970 
1795 0.114555 
1796 -0.242699 
1797 -0.458264 
1798 0.216469 
1799 0.313343 
1800 0.390834 
1801 -0.424369 
1802 0.183935 
1803 0.390834 
1804 -0.246982 
1805 0.244290 
1806 0.088736 
1807 -0.246982 
1808 -0.246982 
1809 -0.130396 
1810 -0.246982 
1811 -0.450781 
1812 0.166141 
1813 -0.246982 
1814 -0.190202 
1815 -0.398959 
1816 0.092003 
1817 -0.398959 
1818 -0.398959 
1819 -0.398959 
1820 -0.398959 
1821 -0.398959 
1822 0.235360 
1823 -0.398959 
1824 -0.242699 
1825 -0.117876 
1826 -0.242699 
1827 0.024115 
1828 -0.117876 
1829 -0.016729 
1830 -0.242699 
1831 -0.058343 
1832 0.012574 
1833 -0.242699 
1834 -0.313347 
1835 0.012574 
1836 0.114555 
1837 -0.313347 
1838 0.368340 
1839 0.114555 
1840 -0.313347 
1841 -0.458264 
1842 -0.246982 
1843 0.329002 
1844 -0.458264 
1845 -0.246982 
1846 0.329002 
1847 -0.246982 
1848 -0.246982 
1849 -0.254088 
1850 -0.246982 
1851 -0.190202 
1852 -0.398959 
1853 -0.398959 
1854 0.092003 
1855 -0.398959 
1856 0.235360 
1857 -0.242699 
1858 -0.117876 
1859 -0.242699 
1860 -0.117876 
1861 -0.242699 
1862 -0.058343 
1863 -0.242699 
1864 -0.058343 
1865 0.114555 
1866 -0.313347 
1867 0.114555 
1868 0.001722 
1869 -0.246982 
1870 -0.269958 
1871 -0.246982 
1872 -0.254088 
1873 -0.246982 
1874 -0.254088 
1875 -0.110055 
1876 0.069072 
1877 0.114911 
1878 -0.435804 
1879 0.114911 
1880 -0.435804 
1881 0.041626 
1882 0.137079 
1883 0.041626 
1884 0.388340 
1885 0.414538 
1886 0.012574 
1887 0.012574 
1888 0.088497 
1889 -0.239070 
1890 0.088497 
1891 -0.239070 
1892 0.398345 
1893 -0.058343 
1894 0.476748 
1895 -0.058343 
1896 0.476748 
1897 -0.058343 
1898 0.050729 
1899 0.050729 
1900 0.021953 
1901 0.069072 
1902 0.272769 
1903 0.272769 
1904 0.069072 
1905 -0.117876 
1906 0.114911 
1907 0.137079 
1908 -0.117876 
1909 0.114911 
1910 -0.117876 
1911 0.001722 
1912 0.041626 
1913 -0.285936 
1914 -0.457856 
1915 0.414538 
1916 -0.285936 
1917 -0.457856 
1918 -0.457856 
1919 0.279837 
1920 -0.207354 
1921 0.012574 
1922 0.418415 
1923 0.099602 
1924 -0.239070 
1925 0.418415 
1926 0.099602 
1927 0.099602 
1928 0.398345 
1929 -0.239070 
1930 -0.058343 
1931 0.476748 
1932 -0.142768 
1933 -0.058343 
1934 0.476748 
1935 -0.058343 
1936 0.050729 
1937 0.021953 
1938 0.069072 
1939 0.021953 
1940 0.021953 
1941 -0.321578 
1942 0.021953 
1943 0.021953 
1944 -0.435804 
1945 0.001722 
1946 -0.086509 
1947 -0.117876 
1948 0.114911 
1949 0.008011 
1950 0.205134 
1951 -0.445379 
1952 0.414538 
1953 0.205134 
1954 0.137079 
1955 0.001722 
1956 -0.410000 
1957 0.001722 
1958 0.001722 
1959 0.418442 
1960 -0.239070 
1961 0.436824 
1962 0.418442 
1963 -0.239070 
1964 -0.239070 
1965 0.231724 
1966 -0.239070 
1967 0.222253 
1968 0.050729 
1969 -0.239070 
1970 -0.058343 
1971 0.050729 
1972 -0.058343 
1973 0.050729 
1974 0.021953 
1975 0.009892 
1976 0.021953 
1977 0.021953 
1978 -0.321578 
1979 0.021953 
1980 0.310635 
1981 -0.470650 
1982 0.279837 
1983 -0.457856 
1984 0.299687 
1985 0.114911 
1986 0.114911 
1987 0.301955 
1988 0.137079 
1989 0.137079 
1990 0.229912 
1991 -0.465075 
1992 0.137079 
1993 -0.229798 
1994 0.001722 
1995 -0.410000 
1996 0.438563 
1997 0.001722 
1998 -0.059865 
1999 -0.435804 
2000 -0.239070 
2001 -0.239070 
2002 0.167025 
2003 -0.239070 
2004 -0.239070 
2005 -0.198780 
2006 -0.239070 
2007 -0.470650 
2008 0.348655 
2009 -0.239070 
2010 0.050729 
2011 0.231528 
2012 0.009892 
2013 0.021953 
2014 0.021953 
2015 -0.310861 
2016 0.000778 
2017 0.021953 
2018 0.021953 
2019 0.000778 
2020 0.000778 
2021 -0.015653 
2022 -0.457856 
2023 -0.086509 
2024 0.421457 
2025 0.340745 
2026 -0.086509 
2027 0.052353 
2028 -0.005075 
2029 -0.465075 
2030 -0.013706 
2031 -0.269958 
2032 0.001722 
2033 0.162291 
2034 0.469469 
2035 0.001722 
2036 0.265824 
2037 0.105857 
2038 -0.019326 
2039 0.403044 
2040 -0.198780 
2041 -0.459835 
2042 0.092003 
2043 0.229912 
2044 -0.470650 
2045 -0.139162 
2046 0.229912 
2047 0.050729 
2048 0.021953 
2049 0.414538 
2050 0.231528 
2051 0.021953 
2052 -0.310861 
2053 -0.310861 
2054 0.000778 
2055 0.183935 
2056 0.031527 
2057 -0.461430 
2058 0.313343 
2059 -0.364823 
2060 -0.364823 
2061 0.050729 
2062 -0.496920 
2063 0.436824 
2064 0.262327 
2065 -0.496920 
2066 0.340745 
2067 0.033022 
2068 -0.040670 
2069 -0.040670 
2070 0.299687 
2071 0.162291 
2072 -0.040670 
2073 0.202086 
2074 -0.459835 
2075 0.091698 
2076 0.104228 
2077 0.469469 
2078 0.274069 
2079 0.466429 
2080 0.229912 
2081 0.274069 
2082 -0.139162 
2083 0.229912 
2084 0.466429 
2085 -0.250128 
2086 0.414538 
2087 0.231528 
2088 0.231528 
2089 -0.468843 
2090 0.476748 
2091 0.114555 
2092 -0.190202 
2093 0.031527 
2094 -0.202784 
2095 -0.207354 
2096 0.210777 
2097 -0.364823 
2098 0.237016 
2099 -0.496920 
2100 -0.496920 
2101 -0.081627 
2102 -0.159606 
2103 -0.159606 
2104 -0.013706 
2105 -0.040670 
2106 -0.040670 
2107 -0.198780 
2108 -0.058343 
2109 -0.058343 
2110 -0.469526 
2111 -0.040670 
2112 -0.040670 
2113 0.246968 
2114 -0.459835 
2115 -0.459835 
2116 0.466429 
2117 0.466429 
2118 0.301687 
2119 0.465975 
2120 0.466429 
2121 0.466429 
2122 0.360154 
2123 0.003606 
2124 -0.250128 
2125 -0.250128 
2126 0.262691 
2127 0.300191 
2128 -0.250128 
2129 -0.379042 
2130 0.349549 
2131 0.349549 
2132 -0.387498 
2133 0.349549 
2134 -0.171094 
2135 0.163760 
2136 -0.364823 
2137 0.237016 
2138 0.229912 
2139 -0.496920 
2140 0.330423 
2141 0.104050 
2142 -0.496920 
2143 -0.496920 
2144 -0.195627 
2145 -0.040670 
2146 -0.040670 
2147 0.048263 
2148 -0.040670 
2149 0.110259 
2150 -0.460565 
2151 -0.058343 
2152 0.092468 
2153 0.009892 
2154 0.465975 
2155 -0.469136 
2156 0.465975 
2157 0.466429 
2158 0.466429 
2159 0.360154 
2160 0.130758 
2161 0.360154 
2162 -0.250128 
2163 -0.469136 
2164 -0.379042 
2165 -0.066475 
2166 -0.398959 
2167 -0.424369 
2168 -0.424369 
2169 -0.492012 
2170 -0.237601 
2171 -0.193063 
2172 -0.321578 
2173 0.474460 
2174 0.383001 
2175 -0.237601 
2176 0.048263 
2177 0.048263 
2178 0.089658 
2179 0.390834 
2180 0.390834 
2181 0.403044 
2182 0.210777 
2183 0.084970 
2184 -0.334687 
2185 0.424390 
2186 0.424390 
2187 0.107305 
2188 -0.058343 
2189 -0.014381 
2190 -0.110515 
2191 -0.190202 
2192 -0.469136 
2193 0.465975 
2194 -0.190202 
2195 0.381485 
2196 0.235360 
2197 0.130758 
2198 0.130758 
2199 -0.250128 
2200 -0.469136 
2201 -0.250128 
2202 0.265824 
2203 0.016013 
2204 -0.424369 
2205 0.484373 
2206 -0.497123 
2207 -0.246982 
2208 -0.058343 
2209 -0.398860 
2210 -0.058343 
2211 -0.058343 
2212 0.172502 
2213 0.390834 
2214 0.474460 
2215 0.105857 
2216 0.474460 
2217 0.390834 
2218 -0.195627 
2219 0.424390 
2220 0.424390 
2221 0.262327 
2222 0.424390 
2223 0.424390 
2224 0.329002 
2225 -0.236018 
2226 0.424390 
2227 0.302571 
2228 -0.190202 
2229 0.162783 
2230 0.381485 
2231 -0.190202 
2232 0.381485 
2233 0.235360 
2234 -0.468843 
2235 0.235360 
2236 -0.250128 
2237 0.130758 
2238 -0.497123 
2239 0.235360 
2240 -0.497123 
2241 -0.424369 
2242 -0.424369 
2243 -0.171094 
2244 -0.058343 
2245 -0.058343 
2246 -0.246982 
2247 -0.058343 
2248 -0.058343 
2249 -0.016729 
2250 -0.058343 
2251 -0.058343 
2252 0.012574 
2253 -0.313347 
2254 0.048263 
2255 0.114555 
2256 0.405953 
2257 0.048263 
2258 0.368340 
2259 0.424390 
2260 0.329002 
2261 -0.458264 
2262 -0.246982 
2263 -0.246982 
2264 0.302571 
2265 -0.190202 
2266 -0.110055 
2267 -0.403985 
2268 -0.190202 
2269 0.302571 
2270 0.092003 
2271 -0.398959 
2272 0.092003 
2273 0.092003 
2274 -0.398959 
2275 -0.117876 
2276 -0.117876 
2277 -0.398959 
2278 -0.117876 
2279 -0.117876 
2280 -0.081627 
2281 -0.117876 
2282 -0.117876 
2283 -0.242699 
2284 -0.058343 
2285 -0.058343 
2286 -0.016729 
2287 -0.313347 
2288 -0.058343 
2289 0.012574 
2290 -0.313347 
2291 -0.313347 
2292 0.216469 
2293 -0.313347 
2294 0.001722 
2295 0.368340 
2296 0.118416 
2297 -0.269958 
2298 -0.458264 
2299 0.118416 
2300 -0.254088 
2301 -0.403985 
2302 -0.110055 
2303 -0.110055 
2304 -0.403985 
2305 -0.190202 
2306 0.302571 
2307 -0.398959 
2308 0.092003 
2309 -0.398959 
2310 0.235360 
2311 -0.398959 
2312 0.235360 
2313 -0.242699 
2314 -0.117876 
2315 -0.242699 
2316 -0.058343 
2317 -0.242699 
2318 -0.058343 
2319 -0.242699 
2320 -0.313347 
2321 0.008011 
2322 0.001722 
2323 0.222253 
2324 -0.269958 
2325 -0.152116 
2326 -0.254088 
2327 -0.152116 
2328 -0.254088 
2329 -0.152116 
2330 -0.403985 
2331 0.167025 
2332 -0.435804 
2333 0.272769 
2334 -0.435804 
2335 0.114911 
2336 0.137079 
2337 0.041626 
2338 0.388340 
2339 0.041626 
2340 0.012574 
2341 0.012574 
2342 0.088497 
2343 0.012574 
2344 0.088497 
2345 -0.150285 
2346 0.398345 
2347 -0.150285 
2348 0.476748 
2349 -0.058343 
2350 0.476748 
2351 -0.058343 
2352 0.050729 
2353 -0.058343 
2354 0.050729 
2355 0.069072 
2356 0.123324 
2357 0.069072 
2358 0.069072 
2359 0.266705 
2360 -0.117876 
2361 -0.435804 
2362 0.266705 
2363 0.137079 
2364 -0.117876 
2365 0.137079 
2366 -0.202784 
2367 -0.202784 
2368 -0.445379 
2369 0.388340 
2370 0.388340 
2371 -0.202784 
2372 0.418415 
2373 0.012574 
2374 -0.013003 
2375 0.418415 
2376 0.088497 
2377 -0.013003 
2378 0.418415 
2379 0.088497 
2380 0.418415 
2381 -0.375141 
2382 0.398345 
2383 0.162783 
2384 0.476748 
2385 0.476748 
2386 -0.239070 
2387 0.050729 
2388 0.476748 
2389 -0.142768 
2390 0.050729 
2391 -0.058343 
2392 0.069072 
2393 0.123324 
2394 0.069072 
2395 0.069072 
2396 0.021953 
2397 0.021953 
2398 -0.267054 
2399 0.001098 
2400 0.114911 
2401 -0.267054 
2402 0.114911 
2403 0.388340 
2404 0.388340 
2405 -0.150285 
2406 -0.285936 
2407 0.414538 
2408 0.414538 
2409 0.388340 
2410 0.388340 
2411 -0.207354 
2412 0.418442 
2413 0.088497 
2414 -0.003669 
2415 0.418442 
2416 0.418415 
2417 -0.269958 
2418 0.398345 
2419 0.088497 
2420 0.162783 
2421 0.243270 
2422 0.050729 
2423 -0.466595 
2424 0.050729 
2425 0.052353 
2426 -0.239070 
2427 0.050729 
2428 -0.142768 
2429 -0.440201 
2430 0.123324 
2431 0.021953 
2432 -0.440201 
2433 0.021953 
2434 0.021953 
2435 -0.321578 
2436 0.123324 
2437 0.101512 
2438 -0.457856 
2439 0.266705 
2440 -0.258421 
2441 -0.258421 
2442 0.120337 
2443 -0.159606 
2444 0.388340 
2445 0.066268 
2446 0.388340 
2447 0.137079 
2448 0.469469 
2449 0.418442 
2450 0.418442 
2451 0.307019 
2452 0.088497 
2453 0.418442 
2454 0.119552 
2455 0.088497 
2456 0.088497 
2457 -0.269324 
2458 -0.207354 
2459 0.398345 
2460 -0.470650 
2461 0.050729 
2462 0.041626 
2463 -0.470650 
2464 0.050729 
2465 -0.142768 
2466 0.009892 
2467 0.021953 
2468 -0.440201 
2469 0.009892 
2470 -0.229798 
2471 0.000778 
2472 0.021953 
2473 -0.229798 
2474 0.101512 
2475 -0.346558 
2476 -0.057387 
2477 0.301955 
2478 -0.426391 
2479 -0.127154 
2480 -0.258421 
2481 0.262327 
2482 -0.132921 
2483 0.424390 
2484 -0.346558 
2485 -0.461536 
2486 0.123324 
2487 0.123324 
2488 -0.445379 
2489 0.123324 
2490 0.123324 
2491 -0.418073 
2492 0.418442 
2493 0.118416 
2494 0.383001 
2495 0.466429 
2496 0.000778 
2497 0.105857 
2498 0.041626 
2499 0.041626 
2500 -0.135641 
2501 0.050729 
2502 -0.468622 
2503 0.414538 
2504 -0.368312 
2505 0.231528 
2506 0.021953 
2507 0.166141 
2508 0.016013 
2509 0.496362 
2510 0.021953 
2511 0.123324 
2512 0.339088 
2513 -0.368312 
2514 0.268731 
2515 -0.189504 
2516 -0.411259 
2517 -0.081627 
2518 -0.081627 
2519 -0.406169 
2520 0.262327 
2521 0.340745 
2522 0.005276 
2523 0.123324 
2524 0.123324 
2525 -0.187355 
2526 -0.346558 
2527 -0.346558 
2528 -0.313839 
2529 0.123324 
2530 0.123324 
2531 0.469469 
2532 0.466429 
2533 0.466429 
2534 -0.459835 
2535 0.466429 
2536 0.466429 
2537 0.274069 
2538 0.466429 
2539 0.466429 
2540 0.414538 
2541 -0.187355 
2542 0.414538 
2543 0.021953 
2544 0.166141 
2545 -0.468843 
2546 0.414538 
2547 0.021953 
2548 0.474460 
2549 0.021953 
2550 -0.397632 
2551 0.021953 
2552 0.119552 
2553 0.360154 
2554 0.021953 
2555 0.021953 
2556 -0.236018 
2557 0.088736 
2558 0.262327 
2559 -0.250128 
2560 -0.346558 
2561 -0.346558 
2562 -0.065191 
2563 0.123324 
2564 0.123324 
2565 -0.040670 
2566 0.123324 
2567 -0.198780 
2568 0.022445 
2569 0.466429 
2570 0.060799 
2571 0.301687 
2572 0.466429 
2573 0.466429 
2574 0.274069 
2575 0.466429 
2576 0.466429 
2577 0.003606 
2578 -0.187355 
2579 -0.398959 
2580 -0.398959 
2581 -0.368312 
2582 -0.379042 
2583 0.250152 
2584 0.414538 
2585 0.414538 
2586 0.414538 
2587 0.182398 
2588 0.021953 
2589 0.021953 
2590 -0.288362 
2591 0.383001 
2592 0.021953 
2593 0.066268 
2594 -0.460565 
2595 0.012574 
2596 0.173313 
2597 0.012574 
2598 0.012574 
2599 0.210777 
2600 0.012574 
2601 0.012574 
2602 -0.254088 
2603 0.009892 
2604 0.339088 
2605 -0.058343 
2606 -0.258421 
2607 0.001098 
2608 -0.198780 
2609 0.466429 
2610 0.104050 
2611 -0.256827 
2612 0.466429 
2613 0.466429 
2614 0.130758 
2615 0.257812 
2616 0.003606 
2617 0.130758 
2618 0.289273 
2619 -0.379042 
2620 -0.379042 
2621 -0.148400 
2622 -0.379042 
2623 -0.246982 
2624 -0.139162 
2625 0.383001 
2626 0.383001 
2627 0.114555 
2628 0.383001 
2629 0.383001 
2630 -0.498254 
2631 0.383001 
2632 0.383001 
2633 -0.427568 
2634 -0.256827 
2635 -0.171094 
2636 -0.435804 
2637 0.012574 
2638 -0.173869 
2639 -0.039712 
2640 0.302571 
2641 -0.229798 
2642 -0.469526 
2643 0.302571 
2644 0.302571 
2645 0.162783 
2646 0.381485 
2647 0.104050 
2648 -0.256827 
2649 0.381485 
2650 -0.398959 
2651 0.130758 
2652 0.257812 
2653 0.130758 
2654 -0.469136 
2655 -0.043281 
2656 -0.468843 
2657 -0.469136 
2658 -0.231866 
2659 -0.424369 
2660 -0.246982 
2661 -0.373293 
2662 -0.246982 
2663 -0.246982 
2664 -0.411259 
2665 -0.246982 
2666 -0.193063 
2667 -0.256827 
2668 0.383001 
2669 0.474460 
2670 -0.496920 
2671 -0.171094 
2672 0.390834 
2673 -0.059865 
2674 -0.171094 
2675 -0.171094 
2676 0.405953 
2677 0.424390 
2678 0.302571 
2679 -0.476766 
2680 0.381485 
2681 0.381485 
2682 0.130758 
2683 -0.110515 
2684 -0.110515 
2685 -0.292947 
2686 0.381485 
2687 0.130758 
2688 -0.468843 
2689 0.257812 
2690 -0.468843 
2691 0.130758 
2692 0.092003 
2693 -0.081627 
2694 0.235360 
2695 -0.468843 
2696 0.216469 
2697 -0.468843 
2698 0.265824 
2699 -0.246982 
2700 -0.246982 
2701 -0.074942 
2702 -0.058343 
2703 -0.058343 
2704 -0.013003 
2705 0.114555 
2706 0.403044 
2707 -0.058343 
2708 -0.171094 
2709 -0.171094 
2710 0.054419 
2711 -0.450781 
2712 0.114555 
2713 0.390834 
2714 -0.293908 
2715 -0.498254 
2716 0.118416 
2717 0.302571 
2718 -0.403985 
2719 -0.110055 
2720 0.302571 
2721 -0.403985 
2722 -0.110055 
2723 0.302571 
2724 0.130758 
2725 -0.398959 
2726 0.092003 
2727 -0.398959 
2728 -0.398959 
2729 0.092003 
2730 -0.081627 
2731 -0.468843 
2732 -0.043281 
2733 -0.369505 
2734 -0.468843 
2735 0.092003 
2736 -0.369505 
2737 -0.242699 
2738 -0.117876 
2739 -0.016729 
2740 -0.469526 
2741 -0.058343 
2742 0.012574 
2743 -0.242699 
2744 0.001722 
2745 0.012574 
2746 0.008011 
2747 0.001722 
2748 0.368340 
2749 0.222253 
2750 -0.313347 
2751 -0.403985 
2752 -0.152116 
2753 0.118416 
2754 -0.403985 
2755 -0.152116 
2756 -0.403985 
2757 -0.403985 
2758 -0.403985 
2759 -0.403985 
2760 0.302571 
2761 0.130758 
2762 0.299687 
2763 -0.398959 
2764 0.092003 
2765 -0.468843 
2766 0.092003 
2767 -0.468843 
2768 -0.313839 
2769 -0.242699 
2770 -0.058343 
2771 -0.242699 
2772 -0.058343 
2773 -0.242699 
2774 -0.058343 
2775 0.008011 
2776 0.008011 
2777 0.222253 
2778 -0.450781 
2779 -0.152116 
2780 -0.450781 
2781 -0.152116 
2782 -0.152116 
2783 -0.152116 
2784 -0.152116 
2785 -0.110055 
2786 0.167025 
2787 0.272769 
2788 0.272769 
2789 0.114911 
2790 0.272769 
2791 -0.150285 
2792 -0.257991 
2793 0.012574 
2794 0.222253 
2795 0.012574 
2796 0.476748 
2797 0.012574 
2798 0.041952 
2799 -0.150285 
2800 0.041952 
2801 -0.150285 
2802 0.162291 
2803 -0.058343 
2804 0.172502 
2805 -0.058343 
2806 0.172502 
2807 -0.058343 
2808 0.476748 
2809 0.050729 
2810 0.123324 
2811 0.069072 
2812 0.266705 
2813 0.167025 
2814 0.069072 
2815 0.266705 
2816 0.272769 
2817 0.137079 
2818 0.137079 
2819 0.114911 
2820 -0.257991 
2821 -0.494048 
2822 -0.150285 
2823 -0.202784 
2824 -0.207354 
2825 0.012574 
2826 -0.202784 
2827 -0.207354 
2828 0.012574 
2829 -0.202784 
2830 -0.013003 
2831 0.012574 
2832 0.418415 
2833 -0.057387 
2834 -0.150285 
2835 0.418415 
2836 0.162783 
2837 0.162783 
2838 -0.375141 
2839 0.330701 
2840 -0.058343 
2841 -0.405945 
2842 0.330701 
2843 -0.058343 
2844 0.476748 
2845 -0.058343 
2846 0.476748 
2847 0.123324 
2848 0.069072 
2849 0.123324 
2850 0.266705 
2851 -0.321578 
2852 0.266705 
2853 0.021953 
2854 0.349549 
2855 -0.494048 
2856 -0.494048 
2857 -0.013003 
2858 0.101512 
2859 0.286130 
2860 0.496362 
2861 -0.159606 
2862 -0.292817 
2863 0.388340 
2864 0.012574 
2865 0.476748 
2866 -0.437132 
2867 -0.013003 
2868 0.012574 
2869 0.041952 
2870 -0.057387 
2871 0.088497 
2872 0.088497 
2873 0.398345 
2874 -0.466595 
2875 -0.375141 
2876 -0.239070 
2877 0.330701 
2878 0.052353 
2879 -0.142768 
2880 0.330701 
2881 0.476748 
2882 -0.142768 
2883 0.050729 
2884 0.123324 
2885 0.123324 
2886 0.123324 
2887 -0.229798 
2888 -0.152116 
2889 0.123324 
2890 0.123324 
2891 0.021953 
2892 0.114911 
2893 0.114911 
2894 0.092468 
2895 -0.159606 
2896 -0.159606 
2897 0.092468 
2898 -0.159606 
2899 -0.159606 
2900 0.054419 
2901 -0.159606 
2902 0.161050 
2903 0.050729 
2904 -0.497123 
2905 -0.497123 
2906 -0.468843 
2907 -0.497123 
2908 -0.497123 
2909 0.302571 
2910 -0.074942 
2911 0.114911 
2912 -0.207354 
2913 -0.466595 
2914 -0.466595 
2915 0.041626 
2916 -0.470650 
2917 -0.470650 
2918 -0.405945 
2919 -0.142768 
2920 0.050729 
2921 0.021953 
2922 0.123324 
2923 0.166141 
2924 0.166141 
2925 -0.152116 
2926 0.123324 
2927 0.123324 
2928 -0.440201 
2929 -0.368312 
2930 -0.368312 
2931 -0.173869 
2932 -0.469526 
2933 -0.469526 
2934 -0.242699 
2935 0.161050 
2936 0.414538 
2937 -0.466595 
2938 -0.497123 
2939 -0.440201 
2940 0.009892 
2941 -0.497123 
2942 -0.497123 
2943 0.202636 
2944 -0.496920 
2945 -0.497123 
2946 0.204053 
2947 -0.497123 
2948 -0.497123 
2949 -0.403017 
2950 -0.135641 
2951 -0.461430 
2952 0.466429 
2953 -0.468622 
2954 -0.470650 
2955 -0.457856 
2956 -0.468622 
2957 0.466429 
2958 -0.368312 
2959 0.414538 
2960 0.021953 
2961 0.166141 
2962 0.166141 
2963 0.123324 
2964 0.123324 
2965 -0.369505 
2966 -0.397632 
2967 -0.397632 
2968 0.162291 
2969 -0.368312 
2970 -0.368312 
2971 -0.369505 
2972 -0.250128 
2973 -0.250128 
2974 0.383001 
2975 0.161050 
2976 0.484373 
2977 0.193572 
2978 -0.040670 
2979 -0.040670 
2980 -0.346558 
2981 -0.497123 
2982 -0.497123 
2983 0.123324 
2984 -0.497123 
2985 -0.497123 
2986 -0.190202 
2987 -0.198780 
2988 -0.418073 
2989 0.390834 
2990 -0.457856 
2991 0.466429 
2992 0.201960 
2993 0.466429 
2994 0.466429 
2995 -0.187355 
2996 0.414538 
2997 -0.368312 
2998 0.166141 
2999 0.002805 
3000 -0.187355 
3001 0.166141 
3002 0.002805 
3003 -0.368312 
3004 -0.368312 
3005 0.265824 
3006 0.360154 
3007 -0.397632 
3008 0.250152 
3009 -0.250128 
3010 -0.250128 
3011 -0.158018 
3012 0.231528 
3013 -0.117876 
3014 -0.269782 
3015 -0.040670 
3016 -0.040670 
3017 0.142452 
3018 -0.267054 
3019 -0.198780 
3020 -0.065113 
3021 -0.198780 
3022 -0.198780 
3023 0.009892 
3024 -0.198780 
3025 -0.198780 
3026 0.466429 
3027 0.466429 
3028 -0.256827 
3029 0.466429 
3030 0.466429 
3031 0.466429 
3032 -0.187355 
3033 0.003606 
3034 -0.187355 
3035 -0.368312 
3036 0.003606 
3037 -0.187355 
3038 -0.187355 
3039 0.414538 
3040 -0.187355 
3041 -0.187355 
3042 0.257812 
3043 0.340745 
3044 -0.292817 
3045 0.299687 
3046 -0.292817 
3047 -0.292817 
3048 0.137079 
3049 -0.173869 
3050 -0.256827 
3051 0.084970 
3052 -0.256827 
3053 -0.256827 
3054 0.107305 
3055 -0.058343 
3056 -0.058343 
3057 0.060858 
3058 -0.198780 
3059 -0.379042 
3060 -0.066475 
3061 -0.198780 
3062 -0.256827 
3063 0.104050 
3064 -0.256827 
3065 -0.256827 
3066 0.104050 
3067 0.466429 
3068 0.466429 
3069 0.257812 
3070 0.130758 
3071 0.289273 
3072 0.289273 
3073 -0.469136 
3074 0.289273 
3075 0.052685 
3076 0.414538 
3077 0.114555 
3078 -0.187355 
3079 0.110259 
3080 -0.292817 
3081 -0.292817 
3082 -0.159606 
3083 -0.292817 
3084 0.383001 
3085 -0.086509 
3086 -0.003669 
3087 -0.364823 
3088 -0.108113 
3089 -0.256827 
3090 -0.256827 
3091 0.182398 
3092 -0.256827 
3093 -0.256827 
3094 0.262691 
3095 -0.058343 
3096 -0.058343 
3097 -0.288362 
3098 -0.015653 
3099 -0.292947 
3100 -0.379042 
3101 -0.398959 
3102 -0.292947 
3103 -0.397632 
3104 -0.398959 
3105 -0.397632 
3106 0.257812 
3107 0.130758 
3108 0.257812 
3109 0.092003 
3110 -0.469136 
3111 0.257812 
3112 0.257812 
3113 -0.468843 
3114 -0.313839 
3115 -0.139162 
3116 0.383001 
3117 -0.346558 
3118 -0.013003 
3119 -0.293908 
3120 -0.184364 
3121 -0.013003 
3122 -0.081627 
3123 0.403044 
3124 0.403044 
3125 -0.450781 
3126 -0.256827 
3127 -0.450781 
3128 -0.065113 
3129 0.120337 
3130 -0.450781 
3131 -0.494048 
3132 -0.157674 
3133 0.130758 
3134 -0.130396 
3135 0.162783 
3136 0.162783 
3137 0.130758 
3138 0.130758 
3139 -0.398959 
3140 -0.397632 
3141 0.130758 
3142 -0.397632 
3143 0.257812 
3144 -0.468843 
3145 0.257812 
3146 -0.043281 
3147 0.130758 
3148 -0.313839 
3149 -0.043281 
3150 -0.468843 
3151 -0.313839 
3152 -0.313839 
3153 -0.369505 
3154 -0.058343 
3155 0.201960 
3156 -0.469526 
3157 0.050729 
3158 -0.058343 
3159 -0.130396 
3160 0.001722 
3161 0.403044 
3162 0.008011 
3163 -0.450781 
3164 -0.450781 
3165 -0.367302 
3166 -0.450781 
3167 -0.259683 
3168 0.003606 
3169 -0.450781 
3170 -0.450781 
3171 0.004070 
3172 0.130758 
3173 -0.498254 
3174 -0.152116 
3175 0.130758 
3176 -0.110055 
3177 -0.403985 
3178 0.130758 
3179 0.302571 
3180 0.092003 
3181 -0.398959 
3182 0.092003 
3183 0.092003 
3184 0.092003 
3185 0.092003 
3186 0.092003 
3187 0.283542 
3188 0.092003 
3189 -0.313839 
3190 -0.369505 
3191 0.050729 
3192 -0.058343 
3193 0.235360 
3194 0.050729 
3195 -0.058343 
3196 -0.308185 
3197 0.001722 
3198 0.001722 
3199 -0.308185 
3200 0.403044 
3201 0.008011 
3202 -0.367302 
3203 0.054419 
3204 -0.450781 
3205 0.222253 
3206 0.118416 
3207 0.118416 
3208 -0.293908 
3209 0.118416 
3210 -0.152116 
3211 -0.403985 
3212 -0.110055 
3213 -0.110055 
3214 -0.403985 
3215 0.130758 
3216 0.302571 
3217 0.299687 
3218 0.092003 
3219 -0.398959 
3220 0.092003 
3221 -0.468843 
3222 -0.313839 
3223 -0.468843 
3224 -0.058343 
3225 -0.468843 
3226 -0.058343 
3227 -0.242699 
3228 -0.058343 
3229 -0.242699 
3230 0.008011 
3231 0.008011 
3232 -0.450781 
3233 0.222253 
3234 -0.450781 
3235 -0.152116 
3236 -0.152116 
3237 -0.152116 
3238 -0.152116 
3239 -0.152116 
3240 -0.403985 
3241 0.167025 
3242 0.272769 
3243 0.272769 
3244 0.272769 
3245 0.114911 
3246 -0.257991 
3247 -0.150285 
3248 0.222253 
3249 0.012574 
3250 0.476748 
3251 0.012574 
3252 0.041952 
3253 0.012574 
3254 0.041952 
3255 -0.150285 
3256 0.162291 
3257 -0.150285 
3258 0.172502 
3259 -0.058343 
3260 0.172502 
3261 -0.058343 
3262 0.476748 
3263 -0.058343 
3264 0.084970 
3265 -0.152116 
3266 0.123324 
3267 0.243270 
3268 0.167025 
3269 0.167025 
3270 -0.152116 
3271 0.272769 
3272 -0.494048 
3273 -0.257991 
3274 -0.257991 
3275 -0.498254 
3276 -0.202784 
3277 -0.257991 
3278 -0.364823 
3279 0.004070 
3280 0.222253 
3281 -0.364823 
3282 -0.202784 
3283 0.476748 
3284 -0.013003 
3285 -0.487867 
3286 0.041952 
3287 -0.013003 
3288 -0.375141 
3289 0.041952 
3290 -0.057387 
3291 -0.375141 
3292 0.162291 
3293 -0.040670 
3294 -0.405945 
3295 0.172502 
3296 0.330701 
3297 0.172502 
3298 0.476748 
3299 0.172502 
3300 0.476748 
3301 -0.058343 
3302 0.123324 
3303 0.123324 
3304 -0.152116 
3305 0.246968 
3306 0.167025 
3307 -0.152116 
3308 0.246968 
3309 0.272769 
3310 0.216469 
3311 0.243270 
3312 0.272769 
3313 0.222253 
3314 0.222253 
3315 -0.494048 
3316 0.004070 
3317 0.476748 
3318 0.222253 
3319 0.092003 
3320 0.476748 
3321 -0.334687 
3322 0.041952 
3323 0.066268 
3324 -0.497123 
3325 0.006853 
3326 -0.487867 
3327 0.244290 
3328 0.041952 
3329 -0.013706 
3330 0.418442 
3331 -0.405945 
3332 0.162291 
3333 0.302571 
3334 -0.405945 
3335 0.162291 
3336 -0.437132 
3337 0.162291 
3338 -0.142768 
3339 0.123324 
3340 0.123324 
3341 0.123324 
3342 -0.152116 
3343 -0.152116 
3344 0.286130 
3345 0.286130 
3346 -0.269324 
3347 -0.013003 
3348 -0.198780 
3349 -0.024784 
3350 -0.013003 
3351 -0.184364 
3352 0.180158 
3353 0.173313 
3354 0.202636 
3355 0.114911 
3356 0.265824 
3357 -0.469136 
3358 0.340745 
3359 0.041952 
3360 -0.496920 
3361 -0.379124 
3362 -0.496920 
3363 0.041952 
3364 0.008011 
3365 -0.250128 
3366 -0.189504 
3367 -0.081627 
3368 0.448525 
3369 0.162291 
3370 -0.411259 
3371 0.162291 
3372 -0.405945 
3373 -0.457856 
3374 0.162291 
3375 -0.142768 
3376 0.123324 
3377 0.021953 
3378 0.123324 
3379 -0.152116 
3380 0.123324 
3381 -0.152116 
3382 -0.058343 
3383 0.123324 
3384 0.462404 
3385 0.005276 
3386 0.231528 
3387 -0.013003 
3388 0.060799 
3389 -0.110463 
3390 0.052685 
3391 0.310635 
3392 0.329002 
3393 -0.240140 
3394 0.173313 
3395 0.161050 
3396 0.257812 
3397 -0.043281 
3398 -0.497123 
3399 -0.496920 
3400 0.012574 
3401 -0.497123 
3402 -0.496920 
3403 0.307019 
3404 -0.259683 
3405 -0.132921 
3406 0.201960 
3407 -0.468622 
3408 0.466429 
3409 0.448525 
3410 -0.457856 
3411 0.466429 
3412 -0.468622 
3413 0.414538 
3414 -0.368312 
3415 0.002805 
3416 0.002805 
3417 0.166141 
3418 0.438563 
3419 0.286130 
3420 -0.369505 
3421 0.438563 
3422 0.286130 
3423 0.427557 
3424 -0.472645 
3425 -0.468622 
3426 0.137757 
3427 -0.494048 
3428 0.104228 
3429 -0.117876 
3430 0.031527 
3431 0.114491 
3432 -0.424369 
3433 0.201960 
3434 0.123324 
3435 -0.497123 
3436 -0.496920 
3437 -0.496920 
3438 -0.497123 
3439 -0.139162 
3440 -0.461536 
3441 0.162783 
3442 0.466429 
3443 0.466429 
3444 -0.461430 
3445 0.466429 
3446 0.466429 
3447 -0.457856 
3448 0.466429 
3449 0.466429 
3450 0.414538 
3451 -0.187355 
3452 0.414538 
3453 0.002805 
3454 0.166141 
3455 0.414538 
3456 0.414538 
3457 -0.187355 
3458 0.348655 
3459 0.107305 
3460 0.101512 
3461 -0.190202 
3462 -0.108113 
3463 0.000778 
3464 0.388340 
3465 0.397023 
3466 0.300191 
3467 0.388340 
3468 0.388340 
3469 -0.250128 
3470 0.436824 
3471 -0.410000 
3472 0.180158 
3473 0.052353 
3474 0.123324 
3475 -0.476766 
3476 -0.379042 
3477 -0.379042 
3478 -0.198780 
3479 0.466429 
3480 -0.458264 
3481 -0.466595 
3482 -0.418073 
3483 -0.418073 
3484 0.091698 
3485 0.466429 
3486 0.466429 
3487 0.003606 
3488 -0.187355 
3489 0.414538 
3490 0.003606 
3491 -0.368312 
3492 -0.468622 
3493 -0.424369 
3494 0.302571 
3495 -0.406169 
3496 0.465975 
3497 -0.239186 
3498 0.183935 
3499 -0.459835 
3500 -0.204467 
3501 0.183935 
3502 0.330701 
3503 0.301955 
3504 0.167025 
3505 -0.450781 
3506 0.421457 
3507 -0.461536 
3508 -0.461536 
3509 -0.256827 
3510 -0.379042 
3511 -0.379042 
3512 0.180158 
3513 -0.379042 
3514 -0.379042 
3515 0.120337 
3516 -0.293908 
3517 -0.379042 
3518 -0.198780 
3519 0.466429 
3520 0.104050 
3521 -0.256827 
3522 0.466429 
3523 0.466429 
3524 -0.468843 
3525 0.257812 
3526 0.003606 
3527 0.130758 
3528 0.289273 
3529 -0.338748 
3530 0.110259 
3531 -0.187355 
3532 0.060799 
3533 0.052685 
3534 -0.355987 
3535 -0.313347 
3536 -0.458264 
3537 0.268731 
3538 -0.258421 
3539 -0.003669 
3540 0.272769 
3541 -0.003669 
3542 -0.313839 
3543 0.193614 
3544 0.496362 
3545 -0.003669 
3546 0.180158 
3547 -0.267054 
3548 0.266705 
3549 -0.437132 
3550 -0.379042 
3551 0.474460 
3552 -0.418073 
3553 -0.379042 
3554 -0.397632 
3555 -0.269782 
3556 -0.397632 
3557 -0.397632 
3558 -0.242699 
3559 -0.397632 
3560 -0.398959 
3561 -0.468843 
3562 0.257812 
3563 -0.468843 
3564 0.130758 
3565 -0.043281 
3566 0.387589 
3567 -0.468843 
3568 0.243270 
3569 0.465975 
3570 0.465975 
3571 -0.215288 
3572 0.268731 
3573 -0.189504 
3574 0.076287 
3575 -0.240140 
3576 -0.142768 
3577 -0.225410 
3578 -0.003669 
3579 -0.003669 
3580 -0.466595 
3581 0.424390 
3582 -0.003669 
3583 -0.256827 
3584 -0.043281 
3585 -0.014381 
3586 0.418415 
3587 -0.014381 
3588 -0.014381 
3589 0.448525 
3590 -0.014381 
3591 -0.014381 
3592 0.173313 
3593 -0.397632 
3594 -0.397632 
3595 -0.292947 
3596 -0.397632 
3597 0.130758 
3598 -0.468843 
3599 0.257812 
3600 -0.468843 
3601 0.130758 
3602 0.092003 
3603 0.243270 
3604 0.243270 
3605 -0.468843 
3606 0.235360 
3607 -0.468843 
3608 0.243270 
3609 0.465975 
3610 0.465975 
3611 0.272769 
3612 -0.308185 
3613 0.465975 
3614 0.403044 
3615 0.008011 
3616 0.381485 
3617 0.272769 
3618 -0.285936 
3619 0.008011 
3620 -0.450781 
3621 -0.450781 
3622 0.008011 
3623 -0.450781 
3624 0.060858 
3625 -0.014381 
3626 -0.157674 
3627 -0.152116 
3628 -0.152116 
3629 0.250152 
3630 -0.440201 
3631 -0.127154 
3632 -0.498254 
3633 -0.440201 
3634 0.130758 
3635 0.243270 
3636 0.092003 
3637 -0.368312 
3638 0.243270 
3639 0.092003 
3640 0.235360 
3641 -0.468843 
3642 0.283542 
3643 -0.369505 
3644 -0.468843 
3645 0.243270 
3646 -0.369505 
3647 -0.369505 
3648 0.201960 
3649 -0.469526 
3650 0.008011 
3651 0.119453 
3652 -0.308185 
3653 -0.308185 
3654 0.001722 
3655 -0.367302 
3656 0.008011 
3657 0.001722 
3658 -0.459835 
3659 0.008011 
3660 -0.259683 
3661 -0.459835 
3662 -0.459835 
3663 -0.259683 
3664 -0.127154 
3665 -0.152116 
3666 -0.498254 
3667 -0.127154 
3668 -0.127154 
3669 -0.498254 
3670 -0.440201 
3671 0.130758 
3672 0.299687 
3673 0.243270 
3674 0.092003 
3675 -0.468843 
3676 0.092003 
3677 -0.468843 
3678 -0.313839 
3679 -0.468843 
3680 -0.058343 
3681 0.008011 
3682 -0.058343 
3683 0.008011 
3684 -0.058343 
3685 0.008011 
3686 0.008011 
3687 0.008011 
3688 -0.450781 
3689 0.008011 
3690 -0.450781 
3691 -0.152116 
3692 -0.152116 
3693 -0.152116 
3694 -0.152116 
3695 -0.110055 
3696 0.167025 
3697 -0.494048 
3698 0.272769 
3699 -0.494048 
3700 0.272769 
3701 0.222253 
3702 0.222253 
3703 0.222253 
3704 0.222253 
3705 -0.150285 
3706 0.476748 
3707 -0.150285 
3708 0.041952 
3709 -0.040670 
3710 0.041952 
3711 -0.288362 
3712 0.162291 
3713 0.329002 
3714 0.172502 
3715 0.329002 
3716 0.172502 
3717 0.172502 
3718 0.476748 
3719 0.084970 
3720 0.167025 
3721 0.246968 
3722 0.167025 
3723 0.167025 
3724 0.167025 
3725 -0.065113 
3726 -0.498254 
3727 -0.152116 
3728 -0.498254 
3729 -0.498254 
3730 -0.257991 
3731 -0.364823 
3732 0.222253 
3733 -0.364823 
3734 -0.364823 
3735 -0.364823 
3736 -0.364823 
3737 -0.364823 
3738 -0.150285 
3739 0.092003 
3740 -0.150285 
3741 -0.150285 
3742 -0.487867 
3743 0.114491 
3744 -0.040670 
3745 -0.487867 
3746 0.172502 
3747 -0.288362 
3748 -0.013706 
3749 0.172502 
3750 0.329002 
3751 -0.405945 
3752 0.172502 
3753 0.172502 
3754 0.172502 
3755 0.172502 
3756 0.476748 
3757 0.167025 
3758 0.123324 
3759 0.167025 
3760 0.167025 
3761 0.167025 
3762 0.167025 
3763 0.246968 
3764 0.243270 
3765 -0.498254 
3766 -0.065113 
3767 -0.013003 
3768 -0.364823 
3769 0.222253 
3770 0.222253 
3771 -0.364823 
3772 -0.364823 
3773 0.222253 
3774 -0.364823 
3775 -0.364823 
3776 -0.497123 
3777 -0.497123 
3778 -0.334687 
3779 0.041952 
3780 -0.497123 
3781 -0.487867 
3782 0.041952 
3783 -0.411259 
3784 -0.013706 
3785 0.114491 
3786 -0.130396 
3787 -0.468622 
3788 -0.313347 
3789 0.329002 
3790 -0.437132 
3791 -0.437132 
3792 0.329002 
3793 0.329002 
3794 0.123324 
3795 0.123324 
3796 0.167025 
3797 0.167025 
3798 -0.152116 
3799 0.231528 
3800 0.231528 
3801 0.286130 
3802 0.231528 
3803 0.216469 
3804 -0.013003 
3805 0.329002 
3806 0.329002 
3807 0.216469 
3808 -0.364823 
3809 0.222253 
3810 0.173313 
3811 -0.364823 
3812 -0.497123 
3813 0.476748 
3814 -0.497123 
3815 -0.497123 
3816 -0.496920 
3817 -0.497123 
3818 -0.497123 
3819 -0.496920 
3820 -0.005075 
3821 0.119552 
3822 0.041952 
3823 -0.457856 
3824 -0.457856 
3825 -0.468622 
3826 -0.437132 
3827 -0.457856 
3828 -0.405945 
3829 -0.437132 
3830 0.162291 
3831 0.123324 
3832 0.123324 
3833 0.123324 
3834 0.204053 
3835 -0.152116 
3836 0.041626 
3837 0.231528 
3838 0.286130 
3839 0.041626 
3840 0.231528 
3841 0.286130 
3842 0.231528 
3843 0.216469 
3844 -0.013003 
3845 0.279837 
3846 0.180158 
3847 0.173313 
3848 0.279837 
3849 0.279837 
3850 -0.469136 
3851 -0.497123 
3852 -0.497123 
3853 -0.496920 
3854 0.204053 
3855 0.204053 
3856 -0.497123 
3857 -0.497123 
3858 -0.497123 
3859 -0.005075 
3860 -0.005075 
3861 -0.468622 
3862 0.466429 
3863 -0.468622 
3864 -0.437132 
3865 -0.457856 
3866 -0.437132 
3867 0.466429 
3868 0.110259 
3869 0.414538 
3870 -0.368312 
3871 -0.368312 
3872 0.204053 
3873 -0.288362 
3874 -0.288362 
3875 0.204053 
3876 0.000778 
3877 0.000778 
3878 -0.157614 
3879 0.000778 
3880 0.000778 
3881 0.388340 
3882 0.279837 
3883 0.279837 
3884 0.388340 
3885 0.279837 
3886 0.279837 
3887 0.173313 
3888 0.279837 
3889 0.279837 
3890 0.173313 
3891 -0.497123 
3892 -0.497123 
3893 -0.496920 
3894 -0.497123 
3895 -0.497123 
3896 0.204053 
3897 0.204053 
3898 -0.461430 
3899 0.466429 
3900 -0.457856 
3901 -0.457856 
3902 0.201960 
3903 -0.468622 
3904 0.466429 
3905 -0.368312 
3906 0.414538 
3907 0.110259 
3908 -0.368312 
3909 -0.424369 
3910 -0.288362 
3911 0.110259 
3912 0.110259 
3913 -0.334687 
3914 0.000778 
3915 -0.288362 
3916 0.000778 
3917 0.000778 
3918 0.183935 
3919 0.000778 
3920 0.000778 
3921 -0.470650 
3922 0.279837 
3923 0.279837 
3924 0.180158 
3925 0.279837 
3926 0.180158 
3927 -0.461536 
3928 0.052353 
3929 -0.403985 
3930 -0.379042 
3931 0.204053 
3932 0.204053 
3933 -0.108113 
3934 0.204053 
3935 0.204053 
3936 -0.418073 
3937 -0.418073 
3938 -0.468622 
3939 -0.418073 
3940 -0.468622 
3941 0.466429 
3942 0.358841 
3943 0.003606 
3944 -0.368312 
3945 0.358841 
3946 0.358841 
3947 -0.406169 
3948 -0.406169 
3949 0.110259 
3950 -0.127130 
3951 -0.288362 
3952 -0.406169 
3953 0.183935 
3954 -0.334687 
3955 -0.458264 
3956 0.000778 
3957 0.000778 
3958 -0.003669 
3959 -0.470650 
3960 -0.470650 
3961 -0.003669 
3962 0.180158 
3963 0.180158 
3964 0.180158 
3965 -0.403985 
3966 -0.403985 
3967 -0.379042 
3968 -0.108113 
3969 -0.108113 
3970 -0.397632 
3971 -0.293908 
3972 -0.397632 
3973 -0.379042 
3974 -0.242699 
3975 0.091698 
3976 -0.293908 
3977 0.091698 
3978 0.466429 
3979 0.358841 
3980 -0.468843 
3981 0.358841 
3982 0.358841 
3983 0.387589 
3984 -0.157614 
3985 0.243270 
3986 0.003606 
3987 -0.193063 
3988 -0.158018 
3989 -0.157614 
3990 -0.406169 
3991 -0.406169 
3992 -0.445379 
3993 0.381485 
3994 0.381485 
3995 -0.003669 
3996 -0.003669 
3997 -0.003669 
3998 0.262691 
3999 0.496362 
4000 0.301687 
4001 -0.003669 
4002 -0.267054 
4003 0.266705 
4004 0.301687 
4005 0.301687 
4006 0.301687 
4007 -0.379042 
4008 -0.242699 
4009 -0.397632 
4010 -0.379042 
4011 -0.398959 
4012 -0.398959 
4013 -0.397632 
4014 -0.242699 
4015 -0.397632 
4016 0.243270 
4017 -0.468843 
4018 0.358841 
4019 0.358841 
4020 0.387589 
4021 -0.158018 
4022 -0.158018 
4023 0.243270 
4024 -0.158018 
4025 -0.158018 
4026 0.301687 
4027 -0.257991 
4028 -0.158018 
4029 0.465975 
4030 0.465975 
4031 0.465975 
4032 0.465975 
4033 0.272769 
4034 0.272769 
4035 0.381485 
4036 -0.459835 
4037 -0.459835 
4038 -0.267054 
4039 -0.459835 
4040 -0.459835 
4041 -0.321578 
4042 -0.127154 
4043 -0.127154 
4044 -0.321578 
4045 -0.127154 
4046 -0.397632 
4047 -0.440201 
4048 -0.242699 
4049 -0.242699 
4050 -0.397632 
4051 -0.242699 
4052 -0.397632 
4053 0.243270 
4054 -0.468843 
4055 0.243270 
4056 0.283542 
4057 0.243270 
4058 0.243270 
4059 0.283542 
4060 0.243270 
4061 0.243270 
4062 -0.158018 
4063 0.243270 
4064 0.301687 
4065 0.235360 
4066 0.465975 
4067 0.119453 
4068 0.119453 
4069 -0.257991 
4070 0.119453 
4071 0.119453 
4072 0.008011 
4073 -0.459835 
4074 0.381485 
4075 0.008011 
4076 -0.267054 
4077 -0.321578 
4078 -0.459835 
4079 -0.459835 
4080 -0.459835 
4081 -0.152116 
4082 -0.440201 
4083 -0.152116 
4084 -0.127154 
4085 -0.440201 
4086 -0.127154 
4087 -0.127154 
4088 -0.440201 
4089 -0.440201 
4090 0.283542 
4091 0.243270 
4092 0.283542 
4093 0.283542 
4094 0.243270 
4095 0.092003 
4096 0.243270 
4097 0.283542 
4098 0.283542 
4099 0.283542 
4100 0.235360 
4101 0.235360 
4102 0.235360 
4103 0.235360 
4104 0.119453 
4105 0.008011 
4106 -0.308185 
4107 0.283542 
4108 0.119453 
4109 -0.308185 
4110 0.283542 
4111 0.283542 
4112 -0.285936 
4113 -0.459835 
4114 0.008011 
4115 -0.459835 
4116 -0.459835 
4117 -0.459835 
4118 0.060858 
4119 -0.127154 
4120 -0.152116 
4121 -0.127154 
4122 -0.127154 
4123 -0.127154 
4124 -0.152116 
4125 -0.440201 
4126 -0.440201 
4127 0.299687 
4128 0.283542 
4129 0.243270 
4130 0.243270 
4131 -0.468843 
4132 0.243270 
4133 -0.468843 
4134 0.243270 
4135 -0.468843 
4136 0.008011 
4137 0.008011 
4138 0.008011 
4139 0.008011 
4140 0.283542 
4141 0.008011 
4142 0.008011 
4143 0.008011 
4144 0.008011 
4145 0.008011 
4146 -0.152116 
4147 -0.152116 
4148 -0.152116 
4149 -0.152116 
4150 -0.127154 
4151 0.069072 
4152 -0.435804 
4153 -0.435804 
4154 0.205134 
4155 0.205134 
4156 0.107305 
4157 0.107305 
4158 0.398345 
4159 0.398345 
4160 0.050729 
4161 0.050729 
4162 0.476748 
4163 -0.058343 
4164 -0.435804 
4165 0.307019 
4166 0.307019 
4167 0.205134 
4168 0.088497 
4169 0.114491 
4170 0.279837 
4171 0.279837 
4172 0.054419 
4173 0.050729 
4174 0.050729 
4175 0.050729 
4176 0.476748 
4177 0.021953 
4178 0.307019 
4179 0.483093 
4180 -0.117876 
4181 0.001722 
4182 -0.398338 
4183 -0.410000 
4184 0.279837 
4185 -0.435804 
4186 0.231724 
4187 0.476748 
4188 0.050729 
4189 0.050729 
4190 0.021953 
4191 -0.426391 
4192 0.483093 
4193 0.307019 
4194 0.381485 
4195 -0.398338 
4196 -0.232995 
4197 0.438563 
4198 -0.435804 
4199 -0.268318 
4200 -0.139162 
4201 0.050729 
4202 0.050729 
4203 0.114555 
4204 0.231724 
4205 -0.229798 
4206 -0.015653 
4207 0.313343 
4208 -0.184364 
4209 -0.013706 
4210 0.162291 
4211 0.265824 
4212 0.403044 
4213 -0.139162 
4214 -0.139162 
4215 -0.198780 
4216 0.003606 
4217 -0.244035 
4218 0.114555 
4219 0.182398 
4220 0.182398 
4221 0.033022 
4222 0.033022 
4223 0.299687 
4224 0.202086 
4225 0.104228 
4226 -0.139162 
4227 -0.139162 
4228 0.466429 
4229 0.003606 
4230 -0.244035 
4231 -0.190202 
4232 -0.443023 
4233 0.182398 
4234 0.448525 
4235 -0.496920 
4236 -0.159606 
4237 0.001098 
4238 0.246968 
4239 0.466429 
4240 -0.198780 
4241 0.466429 
4242 0.003606 
4243 0.262691 
4244 0.262691 
4245 -0.244035 
4246 -0.086509 
4247 0.229912 
4248 0.104050 
4249 -0.195627 
4250 0.048263 
4251 -0.460565 
4252 0.465975 
4253 0.142452 
4254 0.465975 
4255 -0.397632 
4256 0.250152 
4257 0.262691 
4258 -0.005075 
4259 0.262327 
4260 -0.237601 
4261 0.089658 
4262 0.089658 
4263 -0.334687 
4264 0.107305 
4265 0.262327 
4266 -0.472645 
4267 -0.190202 
4268 -0.397632 
4269 0.235360 
4270 0.016013 
4271 0.089658 
4272 -0.248563 
4273 0.172502 
4274 0.105857 
4275 -0.195627 
4276 0.262327 
4277 0.403044 
4278 0.474854 
4279 -0.472645 
4280 -0.190202 
4281 -0.250128 
4282 0.235360 
4283 0.250152 
4284 0.250152 
4285 -0.248563 
4286 0.216469 
4287 -0.458264 
4288 0.462404 
4289 0.368340 
4290 0.088736 
4291 -0.130396 
4292 -0.246982 
4293 -0.246982 
4294 -0.398959 
4295 -0.398959 
4296 0.235360 
4297 0.142452 
4298 0.142452 
4299 -0.242699 
4300 -0.242699 
4301 0.313343 
4302 0.183935 
4303 0.244290 
4304 -0.246982 
4305 -0.246982 
4306 -0.246982 
4307 -0.398959 
4308 -0.398959 
4309 -0.398959 
4310 -0.242699 
4311 -0.242699 
4312 -0.242699 
4313 -0.242699 
4314 0.114555 
4315 0.114555 
4316 -0.246982 
4317 -0.246982 
4318 -0.246982 
4319 -0.246982 
4320 0.272769 
4321 0.114911 
4322 0.114911 
4323 0.041626 
4324 0.041626 
4325 0.414538 
4326 0.012574 
4327 -0.239070 
4328 -0.239070 
4329 -0.058343 
4330 -0.058343 
4331 -0.058343 
4332 -0.058343 
4333 0.021953 
4334 0.021953 
4335 0.114911 
4336 0.008011 
4337 0.008011 
4338 0.001722 
4339 0.001722 
4340 0.436824 
4341 -0.239070 
4342 0.222253 
4343 0.222253 
4344 -0.058343 
4345 -0.058343 
4346 0.021953 
4347 0.310635 
4348 0.001098 
4349 -0.117876 
4350 -0.150285 
4351 0.205134 
4352 -0.410000 
4353 -0.410000 
4354 0.231724 
4355 0.231724 
4356 0.476748 
4357 0.222253 
4358 -0.058343 
4359 0.021953 
4360 0.310635 
4361 0.021953 
4362 0.118416 
4363 0.120337 
4364 -0.445379 
4365 -0.232995 
4366 0.307019 
4367 -0.435804 
4368 -0.268318 
4369 -0.470650 
4370 0.222253 
4371 -0.239070 
4372 0.021953 
4373 -0.310861 
4374 -0.229798 
4375 -0.015653 
4376 0.436824 
4377 0.436824 
4378 -0.461536 
4379 0.162291 
4380 -0.019326 
4381 0.383001 
4382 -0.019326 
4383 -0.459835 
4384 0.229912 
4385 0.021953 
4386 -0.310861 
4387 0.231528 
4388 -0.236018 
4389 0.436824 
4390 -0.406169 
4391 0.005276 
4392 0.299687 
4393 0.202086 
4394 0.469469 
4395 0.091698 
4396 -0.459835 
4397 0.229912 
4398 -0.250128 
4399 0.300191 
4400 0.021953 
4401 -0.443023 
4402 0.237016 
4403 0.330423 
4404 -0.250128 
4405 -0.065191 
4406 -0.040670 
4407 0.022445 
4408 0.301687 
4409 -0.459835 
4410 0.466429 
4411 0.360154 
4412 -0.379042 
4413 -0.465075 
4414 -0.387498 
4415 0.163760 
4416 0.330423 
4417 0.173313 
4418 -0.254088 
4419 -0.254088 
4420 -0.058343 
4421 0.110259 
4422 0.092468 
4423 0.466429 
4424 0.360154 
4425 -0.250128 
4426 -0.148400 
4427 -0.066475 
4428 0.114555 
4429 -0.427568 
4430 -0.427568 
4431 0.084970 
4432 -0.254088 
4433 -0.469526 
4434 0.162783 
4435 0.092468 
4436 -0.190202 
4437 0.235360 
4438 -0.250128 
4439 -0.231866 
4440 0.089658 
4441 -0.398860 
4442 -0.058343 
4443 -0.496920 
4444 -0.059865 
4445 0.405953 
4446 -0.476766 
4447 0.130758 
4448 -0.236018 
4449 -0.190202 
4450 0.235360 
4451 -0.497123 
4452 0.265824 
4453 -0.117876 
4454 -0.074942 
4455 -0.013003 
4456 -0.058343 
4457 0.054419 
4458 0.390834 
4459 0.118416 
4460 0.118416 
4461 -0.246982 
4462 -0.190202 
4463 0.092003 
4464 0.235360 
4465 -0.497123 
4466 -0.424369 
4467 -0.424369 
4468 -0.058343 
4469 -0.058343 
4470 0.048263 
4471 0.048263 
4472 0.329002 
4473 -0.246982 
4474 -0.246982 
4475 -0.190202 
4476 -0.398959 
4477 0.092003 
4478 -0.117876 
4479 -0.117876 
4480 -0.117876 
4481 -0.058343 
4482 -0.058343 
4483 -0.313347 
4484 0.001722 
4485 -0.269958 
4486 -0.254088 
4487 -0.254088 
4488 -0.110055 
4489 0.069072 
4490 -0.435804 
4491 0.137079 
4492 0.137079 
4493 0.388340 
4494 0.012574 
4495 0.088497 
4496 0.088497 
4497 0.398345 
4498 0.476748 
4499 0.476748 
4500 0.050729 
4501 0.050729 
4502 0.069072 
4503 0.021953 
4504 0.114911 
4505 0.388340 
4506 0.388340 
4507 0.388340 
4508 0.088497 
4509 0.418415 
4510 0.418415 
4511 0.243270 
4512 0.243270 
4513 0.050729 
4514 0.050729 
4515 0.069072 
4516 0.021953 
4517 -0.321578 
4518 -0.117876 
4519 -0.285936 
4520 -0.285936 
4521 -0.410000 
4522 0.418415 
4523 0.418415 
4524 0.231724 
4525 0.398345 
4526 0.243270 
4527 0.050729 
4528 0.009892 
4529 0.069072 
4530 0.021953 
4531 0.092468 
4532 -0.258421 
4533 -0.285936 
4534 0.050729 
4535 0.438563 
4536 -0.435804 
4537 -0.207354 
4538 0.398345 
4539 0.243270 
4540 0.050729 
4541 0.009892 
4542 0.496362 
4543 -0.321578 
4544 -0.321578 
4545 -0.242699 
4546 0.424390 
4547 0.009892 
4548 0.202636 
4549 0.204053 
4550 -0.403017 
4551 -0.403017 
4552 0.000778 
4553 0.050729 
4554 0.414538 
4555 0.496362 
4556 0.021953 
4557 0.474460 
4558 -0.411259 
4559 0.383001 
4560 0.193572 
4561 0.193572 
4562 0.202086 
4563 -0.190202 
4564 0.390834 
4565 0.000778 
4566 0.466429 
4567 0.414538 
4568 0.250152 
4569 0.021953 
4570 0.257812 
4571 0.250152 
4572 0.088736 
4573 -0.269782 
4574 0.142452 
4575 -0.065113 
4576 0.009892 
4577 -0.258421 
4578 0.060799 
4579 0.466429 
4580 0.003606 
4581 0.250152 
4582 0.257812 
4583 0.257812 
4584 0.299687 
4585 0.066268 
4586 0.084970 
4587 0.107305 
4588 -0.254088 
4589 -0.066475 
4590 0.104050 
4591 0.060799 
4592 0.466429 
4593 0.130758 
4594 -0.468843 
4595 -0.148400 
4596 0.257812 
4597 -0.193063 
4598 -0.193063 
4599 -0.108113 
4600 0.182398 
4601 -0.039712 
4602 -0.288362 
4603 -0.110515 
4604 0.302571 
4605 0.381485 
4606 0.130758 
4607 0.235360 
4608 -0.231866 
4609 -0.469136 
4610 -0.293908 
4611 -0.193063 
4612 -0.450781 
4613 -0.065113 
4614 -0.494048 
4615 -0.130396 
4616 -0.403985 
4617 0.381485 
4618 0.381485 
4619 -0.468843 
4620 0.235360 
4621 -0.469136 
4622 -0.469136 
4623 -0.469526 
4624 -0.193063 
4625 0.008011 
4626 -0.367302 
4627 -0.293908 
4628 0.004070 
4629 -0.152116 
4630 0.381485 
4631 0.302571 
4632 -0.398959 
4633 -0.468843 
4634 0.235360 
4635 0.216469 
4636 0.216469 
4637 -0.058343 
4638 0.403044 
4639 -0.171094 
4640 0.114555 
4641 -0.498254 
4642 -0.403985 
4643 -0.403985 
4644 0.302571 
4645 0.299687 
4646 -0.398959 
4647 -0.468843 
4648 -0.468843 
4649 -0.242699 
4650 -0.242699 
4651 -0.242699 
4652 0.008011 
4653 0.222253 
4654 -0.152116 
4655 -0.152116 
4656 -0.152116 
4657 -0.403985 
4658 0.167025 
4659 0.272769 
4660 0.114911 
4661 -0.150285 
4662 0.012574 
4663 0.012574 
4664 0.012574 
4665 -0.150285 
4666 -0.150285 
4667 -0.058343 
4668 -0.058343 
4669 -0.058343 
4670 0.050729 
4671 0.123324 
4672 0.266705 
4673 -0.494048 
4674 0.286130 
4675 -0.292817 
4676 -0.292817 
4677 0.012574 
4678 0.088497 
4679 0.088497 
4680 0.330701 
4681 0.330701 
4682 -0.142768 
4683 -0.058343 
4684 0.123324 
4685 0.266705 
4686 0.266705 
4687 0.266705 
4688 -0.494048 
4689 -0.334687 
4690 -0.334687 
4691 -0.013003 
4692 -0.013003 
4693 0.418442 
4694 -0.466595 
4695 0.330701 
4696 -0.142768 
4697 0.123324 
4698 0.123324 
4699 -0.269324 
4700 -0.024784 
4701 0.092468 
4702 0.414538 
4703 0.340745 
4704 -0.379124 
4705 -0.435804 
4706 -0.081627 
4707 0.041626 
4708 -0.466595 
4709 -0.142768 
4710 0.021953 
4711 0.123324 
4712 0.123324 
4713 0.231528 
4714 -0.110463 
4715 -0.132921 
4716 0.161050 
4717 -0.497123 
4718 -0.497123 
4719 -0.259683 
4720 -0.135641 
4721 -0.461430 
4722 -0.468622 
4723 -0.368312 
4724 0.166141 
4725 0.166141 
4726 0.360154 
4727 0.137757 
4728 0.414538 
4729 -0.424369 
4730 -0.267054 
4731 -0.313839 
4732 0.162783 
4733 -0.135641 
4734 -0.418073 
4735 0.466429 
4736 -0.187355 
4737 -0.187355 
4738 0.021953 
4739 0.166141 
4740 0.000778 
4741 0.360154 
4742 -0.250128 
4743 0.142452 
4744 -0.476766 
4745 -0.198780 
4746 -0.198780 
4747 -0.418073 
4748 0.466429 
4749 -0.187355 
4750 0.052685 
4751 0.166141 
4752 -0.239186 
4753 -0.204467 
4754 0.066268 
4755 0.084970 
4756 -0.254088 
4757 -0.254088 
4758 -0.066475 
4759 0.104050 
4760 -0.256827 
4761 0.466429 
4762 0.257812 
4763 0.052685 
4764 0.289273 
4765 -0.346558 
4766 -0.346558 
4767 -0.184364 
4768 0.193614 
4769 -0.173869 
4770 -0.437132 
4771 -0.418073 
4772 -0.269782 
4773 -0.015653 
4774 -0.398959 
4775 0.257812 
4776 0.257812 
4777 -0.231866 
4778 -0.346558 
4779 -0.346558 
4780 0.001722 
4781 -0.466595 
4782 -0.065113 
4783 0.418415 
4784 0.448525 
4785 -0.157674 
4786 -0.015653 
4787 0.130758 
4788 0.257812 
4789 0.092003 
4790 -0.468843 
4791 -0.369505 
4792 -0.346558 
4793 -0.130396 
4794 0.272769 
4795 0.001722 
4796 -0.450781 
4797 -0.157674 
4798 -0.157674 
4799 -0.498254 
4800 0.130758 
4801 0.092003 
4802 0.092003 
4803 -0.313839 
4804 -0.313839 
4805 0.201960 
4806 0.050729 
4807 0.050729 
4808 -0.450781 
4809 -0.259683 
4810 -0.259683 
4811 -0.498254 
4812 -0.498254 
4813 0.130758 
4814 0.299687 
4815 0.092003 
4816 0.092003 
4817 -0.313839 
4818 -0.058343 
4819 -0.058343 
4820 -0.058343 
4821 0.008011 
4822 -0.450781 
4823 -0.450781 
4824 -0.152116 
4825 -0.152116 
4826 -0.110055 
4827 0.167025 
4828 0.272769 
4829 0.272769 
4830 -0.257991 
4831 0.222253 
4832 0.476748 
4833 0.041952 
4834 0.041952 
4835 0.162291 
4836 0.172502 
4837 0.172502 
4838 0.476748 
4839 0.084970 
4840 0.246968 
4841 0.246968 
4842 0.243270 
4843 0.222253 
4844 0.476748 
4845 0.476748 
4846 0.066268 
4847 0.006853 
4848 0.006853 
4849 0.162291 
4850 0.162291 
4851 0.172502 
4852 0.476748 
4853 0.123324 
4854 0.246968 
4855 -0.198780 
4856 -0.198780 
4857 0.496362 
4858 0.388340 
4859 -0.334687 
4860 0.041952 
4861 0.041952 
4862 0.418442 
4863 0.302571 
4864 0.162291 
4865 0.162291 
4866 0.123324 
4867 -0.152116 
4868 -0.269324 
4869 -0.024784 
4870 0.092468 
4871 0.114911 
4872 0.340745 
4873 -0.379124 
4874 0.008011 
4875 -0.081627 
4876 -0.132921 
4877 0.466429 
4878 0.162291 
4879 0.123324 
4880 0.438563 
4881 0.438563 
4882 -0.173869 
4883 -0.110463 
4884 0.202636 
4885 0.161050 
4886 0.265824 
4887 -0.497123 
4888 -0.259683 
4889 -0.250128 
4890 -0.132921 
4891 0.466429 
4892 0.414538 
4893 0.438563 
4894 -0.152116 
4895 0.427557 
4896 0.137757 
4897 0.383001 
4898 -0.424369 
4899 0.052353 
4900 0.052353 
4901 0.162783 
4902 -0.461536 
4903 -0.132921 
4904 0.466429 
4905 0.414538 
4906 -0.468622 
4907 0.021953 
4908 0.101512 
4909 0.000778 
4910 0.300191 
4911 -0.450781 
4912 0.142452 
4913 0.052353 
4914 -0.379042 
4915 -0.466595 
4916 -0.458264 
4917 0.466429 
4918 0.003606 
4919 -0.338748 
4920 -0.338748 
4921 -0.239186 
4922 -0.204467 
4923 -0.258421 
4924 0.084970 
4925 0.496362 
4926 0.474460 
4927 -0.066475 
4928 0.104050 
4929 -0.458264 
4930 0.466429 
4931 -0.468843 
4932 -0.338748 
4933 0.387589 
4934 -0.355987 
4935 -0.159606 
4936 -0.313839 
4937 0.193614 
4938 -0.043281 
4939 0.496362 
4940 -0.418073 
4941 -0.397632 
4942 -0.397632 
4943 -0.397632 
4944 -0.468843 
4945 0.243270 
4946 0.235360 
4947 -0.215288 
4948 0.076287 
4949 -0.225410 
4950 0.424390 
4951 -0.065113 
4952 0.496362 
4953 0.448525 
4954 0.173313 
4955 -0.397632 
4956 -0.397632 
4957 -0.468843 
4958 0.243270 
4959 0.235360 
4960 -0.369505 
4961 0.235360 
4962 -0.130396 
4963 0.272769 
4964 -0.367302 
4965 -0.459835 
4966 -0.157674 
4967 -0.127154 
4968 -0.014381 
4969 -0.440201 
4970 0.243270 
4971 -0.468843 
4972 0.243270 
4973 0.235360 
4974 0.235360 
4975 -0.308185 
4976 -0.308185 
4977 0.008011 
4978 0.008011 
4979 0.008011 
4980 -0.152116 
4981 -0.152116 
4982 -0.440201 
4983 0.299687 
4984 0.243270 
4985 -0.468843 
4986 -0.468843 
4987 -0.468843 
4988 0.008011 
4989 0.008011 
4990 0.008011 
4991 0.008011 
4992 0.008011 
4993 -0.152116 
4994 -0.152116 
4995 -0.127154 
4996 0.167025 
4997 -0.498254 
4998 -0.498254 
4999 0.222253 
5000 0.222253 
5001 -0.150285 
5002 -0.150285 
5003 -0.040670 
5004 -0.288362 
5005 0.329002 
5006 0.329002 
5007 0.172502 
5008 0.084970 
5009 0.167025 
5010 0.246968 
5011 -0.065113 
5012 0.222253 
5013 0.222253 
5014 -0.364823 
5015 -0.497123 
5016 -0.497123 
5017 -0.497123 
5018 -0.468622 
5019 -0.468622 
5020 0.329002 
5021 0.172502 
5022 0.167025 
5023 0.246968 
5024 0.272769 
5025 0.272769 
5026 -0.494048 
5027 0.222253 
5028 -0.334687 
5029 -0.497123 
5030 0.244290 
5031 0.418442 
5032 0.302571 
5033 -0.468622 
5034 0.329002 
5035 0.123324 
5036 0.041626 
5037 -0.269324 
5038 -0.024784 
5039 0.222253 
5040 0.114911 
5041 0.340745 
5042 -0.379124 
5043 0.008011 
5044 -0.081627 
5045 0.119552 
5046 -0.468622 
5047 -0.437132 
5048 0.123324 
5049 0.041626 
5050 0.123324 
5051 0.231528 
5052 -0.110463 
5053 0.329002 
5054 0.161050 
5055 -0.497123 
5056 -0.497123 
5057 -0.259683 
5058 -0.468622 
5059 -0.468622 
5060 -0.437132 
5061 0.110259 
5062 0.110259 
5063 -0.369505 
5064 0.427557 
5065 0.137757 
5066 -0.117876 
5067 -0.424369 
5068 -0.497123 
5069 -0.497123 
5070 0.162783 
5071 -0.461430 
5072 -0.468622 
5073 -0.468622 
5074 -0.368312 
5075 0.110259 
5076 -0.187355 
5077 0.101512 
5078 0.000778 
5079 0.300191 
5080 -0.250128 
5081 0.180158 
5082 -0.476766 
5083 -0.198780 
5084 -0.466595 
5085 -0.461430 
5086 -0.468622 
5087 0.358841 
5088 0.243270 
5089 0.302571 
5090 -0.239186 
5091 -0.204467 
5092 0.301955 
5093 0.421457 
5094 -0.256827 
5095 0.180158 
5096 0.120337 
5097 -0.198780 
5098 -0.397632 
5099 0.091698 
5100 0.358841 
5101 0.243270 
5102 -0.187355 
5103 -0.355987 
5104 -0.193063 
5105 0.272769 
5106 0.193614 
5107 0.180158 
5108 -0.437132 
5109 -0.418073 
5110 -0.269782 
5111 -0.397632 
5112 -0.398959 
5113 0.243270 
5114 0.243270 
5115 0.243270 
5116 -0.215288 
5117 0.076287 
5118 -0.225410 
5119 -0.466595 
5120 -0.256827 
5121 0.418415 
5122 0.448525 
5123 0.173313 
5124 -0.397632 
5125 -0.398959 
5126 0.243270 
5127 0.243270 
5128 -0.468843 
5129 0.243270 
5130 0.272769 
5131 0.403044 
5132 0.272769 
5133 -0.450781 
5134 -0.450781 
5135 -0.157674 
5136 0.250152 
5137 -0.440201 
5138 -0.440201 
5139 0.283542 
5140 0.243270 
5141 0.243270 
5142 0.243270 
5143 0.243270 
5144 0.235360 
5145 0.283542 
5146 0.381485 
5147 -0.321578 
5148 -0.321578 
5149 -0.440201 
5150 -0.440201 
5151 -0.440201 
5152 0.299687 
5153 0.283542 
5154 0.243270 
5155 0.283542 
5156 0.235360 
5157 0.008011 
5158 0.008011 
5159 0.283542 
5160 0.008011 
5161 0.008011 
5162 -0.152116 
5163 -0.152116 
5164 -0.127154 
5165 -0.250128 
5166 0.167025 
5167 -0.250128 
5168 0.222253 
5169 0.222253 
5170 -0.364823 
5171 -0.150285 
5172 -0.040670 
5173 -0.288362 
5174 0.329002 
5175 0.329002 
5176 0.329002 
5177 0.084970 
5178 0.167025 
5179 0.167025 
5180 -0.065113 
5181 0.222253 
5182 -0.494048 
5183 -0.364823 
5184 -0.334687 
5185 -0.040670 
5186 0.329002 
5187 0.329002 
5188 0.329002 
5189 0.329002 
5190 0.329002 
5191 0.167025 
5192 -0.065113 
5193 -0.065113 
5194 -0.494048 
5195 -0.494048 
5196 -0.334687 
5197 -0.334687 
5198 -0.334687 
5199 0.244290 
5200 0.329002 
5201 0.119552 
5202 0.329002 
5203 -0.437132 
5204 0.041626 
5205 0.041626 
5206 -0.065113 
5207 -0.024784 
5208 -0.494048 
5209 -0.065113 
5210 -0.334687 
5211 0.161050 
5212 0.244290 
5213 -0.497123 
5214 0.119552 
5215 -0.437132 
5216 -0.437132 
5217 0.123324 
5218 0.041626 
5219 0.123324 
5220 0.231528 
5221 -0.110463 
5222 0.329002 
5223 0.161050 
5224 0.161050 
5225 -0.497123 
5226 -0.497123 
5227 -0.437132 
5228 -0.437132 
5229 -0.437132 
5230 0.041626 
5231 0.041626 
5232 0.231528 
5233 0.231528 
5234 0.329002 
5235 0.329002 
5236 0.329002 
5237 0.161050 
5238 -0.476766 
5239 -0.497123 
5240 -0.461430 
5241 -0.437132 
5242 -0.468622 
5243 0.204053 
5244 0.041626 
5245 -0.187355 
5246 0.231528 
5247 0.000778 
5248 0.329002 
5249 -0.250128 
5250 0.421457 
5251 -0.476766 
5252 0.120337 
5253 -0.461430 
5254 0.091698 
5255 -0.468622 
5256 0.358841 
5257 0.358841 
5258 0.302571 
5259 0.041626 
5260 0.272769 
5261 0.301955 
5262 0.421457 
5263 0.421457 
5264 0.120337 
5265 0.120337 
5266 0.091698 
5267 0.091698 
5268 0.091698 
5269 0.358841 
5270 0.302571 
5271 0.302571 
5272 0.272769 
5273 0.272769 
5274 0.272769 
5275 0.272769 
5276 0.421457 
5277 -0.437132 
5278 0.120337 
5279 -0.269782 
5280 0.091698 
5281 0.250152 
5282 0.243270 
5283 0.243270 
5284 0.302571 
5285 -0.215288 
5286 0.272769 
5287 -0.225410 
5288 -0.466595 
5289 -0.437132 
5290 -0.437132 
5291 -0.157674 
5292 -0.269782 
5293 0.250152 
5294 0.250152 
5295 0.243270 
5296 0.243270 
5297 -0.468843 
5298 0.243270 
5299 0.272769 
5300 0.235360 
5301 -0.466595 
5302 0.283542 
5303 -0.157674 
5304 -0.157674 
5305 0.250152 
5306 0.250152 
5307 0.250152 
5308 0.243270 
5309 0.243270 
5310 0.243270 
5311 0.243270 
5312 0.243270 
5313 0.235360 
5314 0.283542 
5315 0.283542 
5316 -0.321578 
5317 -0.321578 
5318 0.089658 
5319 0.089658 
5320 0.089658 
5321 0.299687 
5322 0.243270 
5323 0.243270 
5324 0.243270 
5325 0.008011 
5326 0.008011 
5327 0.008011 
5328 0.283542 
5329 0.008011 
5330 -0.321578 
5331 0.089658 
5332 0.089658 
5333 0.089658 
5334 -0.250128 
5335 -0.250128 
5336 -0.250128 
5337 -0.066475 
5338 -0.066475 
5339 -0.066475 
5340 -0.150285 
5341 0.329002 
5342 0.329002 
5343 0.329002 
5344 0.329002 
5345 0.182398 
5346 0.182398 
5347 -0.250128 
5348 -0.250128 
5349 -0.250128 
5350 -0.250128 
5351 -0.250128 
5352 -0.250128 
5353 -0.066475 
5354 0.329002 
5355 0.329002 
5356 0.329002 
5357 0.329002 
5358 0.329002 
5359 0.182398 
5360 -0.250128 
5361 -0.250128 
5362 -0.250128 
5363 -0.250128 
5364 -0.250128 
5365 -0.250128 
5366 -0.250128 
5367 -0.066475 
5368 0.329002 
5369 0.329002 
5370 0.329002 
5371 0.329002 
5372 0.329002 
5373 -0.250128 
5374 -0.250128 
5375 -0.250128 
5376 -0.250128 
5377 -0.250128 
5378 -0.250128 
5379 -0.250128 
5380 0.250152 
5381 0.250152 
5382 0.250152 
5383 0.250152 
5384 0.329002 
5385 0.329002 
5386 -0.250128 
5387 -0.250128 
5388 -0.250128 
5389 -0.250128 
5390 -0.250128 
5391 -0.250128 
5392 -0.250128 
5393 0.250152 
5394 0.250152 
5395 0.250152 
5396 0.250152 
5397 0.250152 
5398 0.329002 
5399 0.204053 
5400 -0.250128 
5401 -0.250128 
5402 -0.250128 
5403 -0.250128 
5404 -0.250128 
5405 -0.250128 
5406 -0.250128 
5407 0.250152 
5408 0.250152 
5409 0.250152 
5410 0.250152 
5411 0.329002 
5412 0.204053 
5413 0.204053 
5414 -0.250128 
5415 -0.250128 
5416 -0.250128 
5417 0.272769 
5418 0.272769 
5419 0.250152 
5420 0.250152 
5421 0.250152 
5422 0.250152 
5423 0.250152 
5424 0.250152 
5425 0.204053 
5426 0.204053 
5427 0.204053 
5428 -0.250128 
5429 0.272769 
5430 0.272769 
5431 0.272769 
5432 0.250152 
5433 0.250152 
5434 0.250152 
5435 0.250152 
5436 0.250152 
5437 0.250152 
5438 0.204053 
5439 0.204053 
5440 0.204053 
5441 -0.250128 
5442 0.272769 
5443 0.272769 
5444 0.272769 
5445 0.250152 
5446 0.250152 
5447 0.250152 
5448 0.250152 
5449 0.250152 
5450 0.250152 
5451 0.243270 
5452 0.243270 
5453 0.204053 
5454 0.204053 
5455 -0.250128 
5456 0.272769 
5457 0.272769 
5458 0.272769 
5459 0.250152 
5460 0.250152 
5461 0.250152 
5462 0.250152 
5463 0.250152 
5464 0.243270 
5465 0.243270 
5466 0.243270 
5467 0.243270 
5468 0.272769 
5469 0.272769 
5470 0.272769 
5471 0.272769 
5472 0.272769 
5473 0.250152 
5474 0.250152 
5475 0.250152 
5476 0.089658 
5477 0.243270 
5478 0.243270 
5479 0.243270 
5480 0.243270 
5481 0.243270 
5482 0.272769 
5483 0.272769 
5484 0.272769 
5485 0.272769 
5486 0.272769 
5487 0.250152 
5488 0.250152 
5489 0.089658 
5490 0.299687 
5491 0.243270 
5492 0.243270 
5493 0.243270 
5494 0.272769 
5495 0.272769 
5496 0.272769 
5497 0.272769 
5498 0.272769 
5499 0.266705 
5500 0.089658 
5501 0.089658 
5502 0.089658 
5503 -0.250128 
5504 -0.250128 
5505 -0.250128 
5506 -0.250128 
5507 -0.250128 
5508 -0.250128 
5509 -0.066475 
5510 -0.066475 
5511 -0.066475 
5512 -0.066475 
5513 -0.066475 
5514 -0.066475 
5515 -0.150285 
5516 -0.150285 
5517 0.329002 
5518 0.329002 
5519 0.329002 
5520 0.329002 
5521 0.329002 
5522 0.329002 
5523 0.329002 
5524 0.329002 
5525 0.182398 
5526 0.182398 
5527 0.182398 
5528 0.182398 
5529 -0.250128 
5530 -0.250128 
5531 -0.250128 
5532 -0.250128 
5533 -0.250128 
5534 -0.250128 
5535 -0.250128 
5536 -0.250128 
5537 -0.250128 
5538 -0.250128 
5539 -0.250128 
5540 -0.066475 
5541 -0.250128 
5542 -0.250128 
5543 -0.066475 
5544 -0.250128 
5545 -0.250128 
5546 -0.066475 
5547 -0.066475 
5548 -0.066475 
5549 -0.150285 
5550 0.329002 
5551 0.329002 
5552 0.329002 
5553 0.329002 
5554 0.329002 
5555 0.329002 
5556 0.329002 
5557 0.329002 
5558 0.329002 
5559 0.329002 
5560 0.329002 
5561 0.182398 
5562 0.329002 
5563 0.329002 
5564 0.182398 
5565 0.182398 
5566 -0.250128 
5567 -0.250128 
5568 -0.250128 
5569 -0.250128 
5570 -0.250128 
5571 -0.250128 
5572 -0.250128 
5573 -0.250128 
5574 -0.250128 
5575 -0.250128 
5576 -0.250128 
5577 -0.250128 
5578 -0.250128 
5579 -0.250128 
5580 -0.250128 
5581 -0.250128 
5582 -0.250128 
5583 -0.250128 
5584 -0.250128 
5585 -0.250128 
5586 -0.066475 
5587 -0.066475 
5588 -0.066475 
5589 0.329002 
5590 0.329002 
5591 0.329002 
5592 0.329002 
5593 0.329002 
5594 0.329002 
5595 0.329002 
5596 0.329002 
5597 0.329002 
5598 0.329002 
5599 0.329002 
5600 0.329002 
5601 0.329002 
5602 0.329002 
5603 -0.250128 
5604 -0.250128 
5605 -0.250128 
5606 -0.250128 
5607 -0.250128 
5608 -0.250128 
5609 -0.250128 
5610 -0.250128 
5611 -0.250128 
5612 -0.250128 
5613 -0.250128 
5614 -0.250128 
5615 -0.250128 
5616 -0.250128 
5617 -0.250128 
5618 -0.250128 
5619 -0.250128 
5620 -0.250128 
5621 -0.250128 
5622 -0.250128 
5623 -0.250128 
5624 0.250152 
5625 0.250152 
5626 -0.066475 
5627 0.250152 
5628 0.250152 
5629 0.329002 
5630 0.250152 
5631 0.250152 
5632 0.329002 
5633 0.250152 
5634 0.250152 
5635 0.329002 
5636 0.329002 
5637 0.329002 
5638 0.329002 
5639 0.329002 
5640 -0.250128 
5641 -0.250128 
5642 -0.250128 
5643 -0.250128 
5644 -0.250128 
5645 -0.250128 
5646 -0.250128 
5647 -0.250128 
5648 -0.250128 
5649 -0.250128 
5650 -0.250128 
5651 -0.250128 
5652 -0.250128 
5653 -0.250128 
5654 -0.250128 
5655 -0.250128 
5656 -0.250128 
5657 -0.250128 
5658 -0.250128 
5659 -0.250128 
5660 -0.250128 
5661 0.250152 
5662 0.250152 
5663 0.250152 
5664 0.250152 
5665 0.250152 
5666 0.250152 
5667 0.250152 
5668 0.250152 
5669 0.250152 
5670 0.250152 
5671 0.250152 
5672 0.329002 
5673 0.329002 
5674 0.329002 
5675 0.329002 
5676 0.329002 
5677 0.204053 
5678 0.204053 
5679 -0.250128 
5680 -0.250128 
5681 -0.250128 
5682 -0.250128 
5683 -0.250128 
5684 -0.250128 
5685 -0.250128 
5686 -0.250128 
5687 -0.250128 
5688 -0.250128 
5689 -0.250128 
5690 -0.250128 
5691 -0.250128 
5692 -0.250128 
5693 -0.250128 
5694 -0.250128 
5695 -0.250128 
5696 -0.250128 
5697 -0.250128 
5698 -0.250128 
5699 -0.250128 
5700 0.250152 
5701 0.250152 
5702 0.250152 
5703 0.250152 
5704 0.250152 
5705 0.250152 
5706 0.250152 
5707 0.250152 
5708 0.250152 
5709 0.329002 
5710 0.250152 
5711 0.250152 
5712 0.329002 
5713 0.329002 
5714 0.204053 
5715 0.204053 
5716 0.204053 
5717 0.204053 
5718 0.204053 
5719 -0.250128 
5720 -0.250128 
5721 -0.250128 
5722 -0.250128 
5723 -0.250128 
5724 -0.250128 
5725 -0.250128 
5726 0.272769 
5727 0.272769 
5728 0.272769 
5729 0.272769 
5730 0.272769 
5731 0.272769 
5732 0.272769 
5733 0.272769 
5734 -0.250128 
5735 0.250152 
5736 0.250152 
5737 0.250152 
5738 0.250152 
5739 0.250152 
5740 0.250152 
5741 0.250152 
5742 0.250152 
5743 0.250152 
5744 0.250152 
5745 0.250152 
5746 0.250152 
5747 0.250152 
5748 0.250152 
5749 0.250152 
5750 0.250152 
5751 0.204053 
5752 0.204053 
5753 0.204053 
5754 0.204053 
5755 0.204053 
5756 0.204053 
5757 0.204053 
5758 0.204053 
5759 -0.250128 
5760 -0.250128 
5761 -0.250128 
5762 -0.250128 
5763 0.272769 
5764 0.272769 
5765 0.272769 
5766 0.272769 
5767 0.272769 
5768 0.272769 
5769 0.272769 
5770 0.272769 
5771 0.272769 
5772 0.250152 
5773 0.250152 
5774 0.250152 
5775 0.250152 
5776 0.250152 
5777 0.250152 
5778 0.250152 
5779 0.250152 
5780 0.250152 
5781 0.250152 
5782 0.250152 
5783 0.250152 
5784 0.250152 
5785 0.250152 
5786 0.250152 
5787 0.250152 
5788 0.204053 
5789 0.204053 
5790 0.204053 
5791 0.204053 
5792 0.204053 
5793 0.204053 
5794 0.204053 
5795 0.204053 
5796 0.204053 
5797 -0.250128 
5798 -0.250128 
5799 -0.250128 
5800 0.272769 
5801 0.272769 
5802 0.272769 
5803 0.272769 
5804 0.272769 
5805 0.272769 
5806 0.272769 
5807 0.272769 
5808 0.272769 
5809 0.250152 
5810 0.250152 
5811 0.250152 
5812 0.250152 
5813 0.272769 
5814 0.250152 
5815 0.250152 
5816 0.250152 
5817 0.250152 
5818 0.250152 
5819 0.250152 
5820 0.250152 
5821 0.250152 
5822 0.250152 
5823 0.250152 
5824 0.250152 
5825 0.243270 
5826 0.243270 
5827 0.243270 
5828 0.243270 
5829 0.243270 
5830 0.243270 
5831 0.204053 
5832 0.204053 
5833 0.204053 
5834 0.204053 
5835 0.204053 
5836 0.204053 
5837 -0.250128 
5838 -0.250128 
5839 0.272769 
5840 0.272769 
5841 0.272769 
5842 0.272769 
5843 0.272769 
5844 0.272769 
5845 0.272769 
5846 0.272769 
5847 0.272769 
5848 0.272769 
5849 0.272769 
5850 0.272769 
5851 0.272769 
5852 0.250152 
5853 0.250152 
5854 0.250152 
5855 0.250152 
5856 0.250152 
5857 0.250152 
5858 0.250152 
5859 0.250152 
5860 0.250152 
5861 0.250152 
5862 0.243270 
5863 0.243270 
5864 0.243270 
5865 0.243270 
5866 0.243270 
5867 0.243270 
5868 0.243270 
5869 0.243270 
5870 0.243270 
5871 0.243270 
5872 0.243270 
5873 0.243270 
5874 0.272769 
5875 0.272769 
5876 0.272769 
5877 0.272769 
5878 0.272769 
5879 0.272769 
5880 0.272769 
5881 0.272769 
5882 0.272769 
5883 0.272769 
5884 0.272769 
5885 0.272769 
5886 0.272769 
5887 0.272769 
5888 0.272769 
5889 0.250152 
5890 0.250152 
5891 0.250152 
5892 0.250152 
5893 0.250152 
5894 0.089658 
5895 0.250152 
5896 0.250152 
5897 0.089658 
5898 0.089658 
5899 0.243270 
5900 0.243270 
5901 0.243270 
5902 0.243270 
5903 0.243270 
5904 0.243270 
5905 0.243270 
5906 0.243270 
5907 0.243270 
5908 0.243270 
5909 0.243270 
5910 0.272769 
5911 0.243270 
5912 0.243270 
5913 0.272769 
5914 0.272769 
5915 0.272769 
5916 0.272769 
5917 0.272769 
5918 0.272769 
5919 0.272769 
5920 0.272769 
5921 0.272769 
5922 0.272769 
5923 0.272769 
5924 0.272769 
5925 0.266705 
5926 0.272769 
5927 0.272769 
5928 0.089658 
5929 0.272769 
5930 0.272769 
5931 0.089658 
5932 0.089658 
5933 0.089658 
5934 0.089658 
5935 0.089658 
5936 -0.406169 
5937 -0.406169 
5938 0.243270 
5939 0.243270 
5940 0.243270 
5941 0.243270 
5942 0.243270 
5943 0.243270 
5944 0.272769 
5945 0.272769 
5946 0.272769 
5947 0.272769 
5948 0.272769 
5949 0.272769 
5950 0.272769 
5951 0.272769 
5952 0.272769 
5953 0.272769 
5954 0.266705 
5955 0.266705 
5956 0.089658 
5957 0.089658 
5958 0.089658 
5959 0.089658 
5960 0.089658 
5961 0.089658 
