5962 1
0 1.730100 
1 1.280461 
2 1.577562 
3 1.579079 
4 2.024779 
5 1.565237 
6 1.528954 
7 1.404451 
8 1.762726 
9 1.670545 
10 1.550708 
11 1.383623 
12 2.102661 
13 2.165005 
14 -0.896530 
15 -0.741016 
16 -1.893349 
17 -1.711404 
18 -2.283175 
19 -2.331987 
20 -2.118397 
21 -2.251842 
22 -2.104853 
23 -1.978972 
24 -1.770716 
25 -1.803822 
26 1.551102 
27 1.554416 
28 1.665504 
29 1.586065 
30 1.555553 
31 1.672866 
32 1.611709 
33 1.539631 
34 1.725648 
35 1.647441 
36 1.607234 
37 1.760161 
38 1.534886 
39 1.613746 
40 1.819216 
41 2.066834 
42 1.915491 
43 1.170776 
44 2.112018 
45 2.621601 
46 0.084740 
47 0.265511 
48 1.025740 
49 -2.376047 
50 -2.020037 
51 -2.064706 
52 -2.529148 
53 -2.207307 
54 -2.051396 
55 -2.544124 
56 -2.528464 
57 -2.405306 
58 -2.191057 
59 -2.235040 
60 -2.021619 
61 -1.871577 
62 -2.027205 
63 1.653553 
64 1.334038 
65 1.667145 
66 1.752483 
67 1.684771 
68 1.663071 
69 1.662405 
70 1.500327 
71 1.579446 
72 1.565472 
73 1.513065 
74 1.748530 
75 1.577710 
76 1.746773 
77 1.648274 
78 1.619020 
79 1.557326 
80 1.640421 
81 2.051270 
82 2.011607 
83 0.638546 
84 2.259691 
85 2.441280 
86 -0.405640 
87 -0.287717 
88 0.226745 
89 -2.356427 
90 -2.542976 
91 -2.272031 
92 -2.236719 
93 -2.679839 
94 -2.428069 
95 -1.979997 
96 -1.866526 
97 -2.072265 
98 -2.398286 
99 -2.148374 
100 1.585882 
101 1.426774 
102 1.567917 
103 1.705668 
104 1.659231 
105 1.516427 
106 1.671815 
107 1.423960 
108 1.656493 
109 1.576909 
110 1.520407 
111 1.652048 
112 1.590401 
113 1.484496 
114 1.581572 
115 1.692887 
116 1.643796 
117 1.510354 
118 1.724545 
119 1.565925 
120 1.560014 
121 2.336362 
122 1.977838 
123 0.788306 
124 2.441619 
125 2.303865 
126 -1.080244 
127 -0.393077 
128 -0.031540 
129 -2.552086 
130 -2.389142 
131 -2.575685 
132 -2.153668 
133 -2.118626 
134 -2.176342 
135 -2.582384 
136 -1.307376 
137 1.652146 
138 1.736120 
139 1.781484 
140 1.612872 
141 1.667648 
142 1.584192 
143 1.452483 
144 1.565670 
145 1.717594 
146 1.409731 
147 1.583025 
148 1.604845 
149 1.548814 
150 1.572605 
151 1.656072 
152 1.621717 
153 1.578603 
154 1.704255 
155 1.520627 
156 1.692064 
157 1.496158 
158 1.651906 
159 1.624539 
160 1.424453 
161 2.028318 
162 2.151473 
163 0.640103 
164 2.473702 
165 2.205124 
166 -0.535416 
167 0.067065 
168 0.688495 
169 -2.301457 
170 -2.361403 
171 -2.712894 
172 -1.456386 
173 -1.343929 
174 1.970727 
175 2.084263 
176 1.768150 
177 1.538643 
178 1.653360 
179 1.517442 
180 1.425233 
181 1.561261 
182 1.702687 
183 1.685058 
184 1.486710 
185 1.720479 
186 1.533557 
187 1.610119 
188 1.608206 
189 1.472407 
190 1.545886 
191 1.667081 
192 1.515783 
193 1.591324 
194 1.685324 
195 1.633694 
196 1.565119 
197 1.554522 
198 1.716466 
199 1.595441 
200 1.469610 
201 2.163298 
202 2.113085 
203 1.032512 
204 2.335175 
205 2.445122 
206 -0.086968 
207 0.087863 
208 0.493469 
209 -1.083112 
210 -0.999010 
211 3.843102 
212 1.626981 
213 1.722599 
214 1.552403 
215 1.497813 
216 1.795510 
217 1.500303 
218 1.340882 
219 1.722841 
220 1.598271 
221 1.442826 
222 1.761540 
223 1.553543 
224 1.555311 
225 1.749321 
226 1.523025 
227 1.441686 
228 1.748245 
229 1.539993 
230 1.522298 
231 1.680068 
232 1.610669 
233 1.594117 
234 1.688664 
235 1.498628 
236 1.667666 
237 1.497512 
238 1.653427 
239 1.732543 
240 1.405179 
241 1.998317 
242 2.136615 
243 0.937856 
244 2.338475 
245 2.559981 
246 0.065559 
247 0.002232 
248 1.576471 
249 1.528719 
250 1.827539 
251 1.516663 
252 1.859932 
253 1.722046 
254 1.440551 
255 1.385055 
256 1.600564 
257 1.374613 
258 1.599664 
259 1.754632 
260 1.579115 
261 1.477042 
262 1.687723 
263 1.632550 
264 1.574147 
265 1.707364 
266 1.493334 
267 1.535044 
268 1.628868 
269 1.572383 
270 1.541828 
271 1.640680 
272 1.516014 
273 1.585085 
274 1.772344 
275 1.452734 
276 1.678048 
277 1.505612 
278 1.668401 
279 1.522707 
280 1.738822 
281 1.873364 
282 1.896385 
283 0.872152 
284 0.471483 
285 1.940665 
286 1.619318 
287 2.008600 
288 1.672301 
289 1.527697 
290 1.767165 
291 1.458827 
292 1.595544 
293 1.830431 
294 1.455507 
295 1.488294 
296 1.746721 
297 1.414573 
298 1.434232 
299 1.709250 
300 1.625557 
301 1.562366 
302 1.647205 
303 1.526631 
304 1.605402 
305 1.835624 
306 1.517386 
307 1.430441 
308 1.675764 
309 1.456165 
310 1.424582 
311 1.734869 
312 1.575253 
313 1.610593 
314 1.698757 
315 1.550999 
316 1.904704 
317 1.506279 
318 1.601932 
319 1.447055 
320 0.923923 
321 0.868137 
322 2.130816 
323 2.061379 
324 1.888081 
325 1.519710 
326 1.586074 
327 1.532343 
328 1.624908 
329 1.549990 
330 1.736016 
331 1.441785 
332 1.519696 
333 1.767695 
334 1.503353 
335 1.566520 
336 1.600693 
337 1.543580 
338 1.704090 
339 1.568925 
340 1.498004 
341 1.455384 
342 1.793321 
343 1.639645 
344 1.376570 
345 1.818001 
346 1.557171 
347 1.539887 
348 1.581090 
349 1.550622 
350 1.449741 
351 1.817612 
352 1.619950 
353 1.697082 
354 1.641469 
355 1.376414 
356 1.667964 
357 1.147476 
358 1.181124 
359 2.111034 
360 1.601691 
361 1.844362 
362 1.585390 
363 1.431957 
364 1.661398 
365 1.574958 
366 1.473219 
367 1.702443 
368 1.565245 
369 1.477223 
370 1.613359 
371 1.647263 
372 1.580756 
373 1.780846 
374 1.485234 
375 1.623355 
376 1.746635 
377 1.544670 
378 1.336151 
379 1.720041 
380 1.594779 
381 1.430852 
382 1.696989 
383 1.617080 
384 1.568488 
385 1.729991 
386 1.512134 
387 1.499424 
388 1.761316 
389 1.556086 
390 1.532326 
391 1.545069 
392 1.818947 
393 1.685012 
394 1.468012 
395 1.221109 
396 1.450878 
397 1.381761 
398 2.014641 
399 1.407706 
400 1.627329 
401 1.942800 
402 1.329218 
403 1.331266 
404 1.703697 
405 1.469244 
406 1.388077 
407 1.753402 
408 1.492026 
409 1.489805 
410 1.682613 
411 1.567604 
412 1.378565 
413 1.800055 
414 1.621913 
415 1.461682 
416 1.752120 
417 1.406815 
418 1.492477 
419 1.755417 
420 1.426369 
421 1.575090 
422 1.814677 
423 1.449529 
424 1.474390 
425 1.861216 
426 1.465884 
427 1.447158 
428 1.597000 
429 1.617647 
430 1.723013 
431 1.282293 
432 1.634863 
433 1.412481 
434 1.455690 
435 1.602232 
436 1.610021 
437 1.563441 
438 1.577769 
439 1.318193 
440 1.752021 
441 1.434153 
442 1.394485 
443 1.553951 
444 1.457285 
445 1.491384 
446 1.652360 
447 1.531436 
448 1.285507 
449 1.707317 
450 1.475429 
451 1.668704 
452 1.326223 
453 1.426265 
454 1.650489 
455 1.710515 
456 1.791036 
457 1.566674 
458 1.491618 
459 1.395288 
460 1.312520 
461 1.447367 
462 1.586118 
463 1.779569 
464 2.830151 
465 0.734384 
466 -1.327201 
467 -2.147648 
468 -1.641746 
469 -2.003169 
470 -1.554687 
471 -2.249962 
472 1.088488 
473 1.250539 
474 1.869027 
475 1.826164 
476 2.865646 
477 2.035626 
478 0.386483 
479 -0.317163 
480 -1.497764 
481 -2.115849 
482 -2.388050 
483 -2.042207 
484 -1.870905 
485 1.021340 
486 1.399710 
487 2.021126 
488 2.049788 
489 1.790694 
490 1.509022 
491 0.659979 
492 0.596045 
493 -1.090506 
494 -1.816916 
495 -3.445409 
496 -1.818531 
497 -2.017867 
498 1.018851 
499 1.692885 
500 1.509251 
501 1.574037 
502 1.572592 
503 1.468593 
504 3.272113 
505 1.650755 
506 -0.033580 
507 -1.008748 
508 -1.897953 
509 -2.051749 
510 -2.655224 
511 1.102535 
512 1.257066 
513 1.544360 
514 1.782176 
515 1.507646 
516 2.043442 
517 2.016108 
518 1.405293 
519 0.503109 
520 0.329479 
521 -1.598101 
522 -2.092250 
523 -3.391359 
524 1.107421 
525 1.414800 
526 1.949028 
527 1.596383 
528 1.393946 
529 1.590482 
530 1.736984 
531 1.434700 
532 3.319880 
533 1.714991 
534 -0.002313 
535 -0.549565 
536 -0.876018 
537 1.773467 
538 2.002222 
539 1.661187 
540 1.477410 
541 1.261379 
542 1.635449 
543 1.734396 
544 2.341522 
545 1.905289 
546 1.324371 
547 0.382764 
548 -0.016638 
549 -0.405662 
550 2.464164 
551 2.489387 
552 1.343978 
553 1.545009 
554 1.399276 
555 1.841821 
556 1.558640 
557 1.562144 
558 1.601218 
559 1.363336 
560 1.441685 
561 0.677616 
562 0.064045 
563 3.123812 
564 2.108995 
565 1.130488 
566 1.172771 
567 1.622503 
568 1.667234 
569 1.503456 
570 1.479290 
571 1.479681 
572 2.401386 
573 1.796509 
574 1.195717 
575 0.468186 
576 1.948943 
577 1.703744 
578 1.101705 
579 1.205446 
580 1.500972 
581 1.411026 
582 1.550589 
583 1.628994 
584 1.902044 
585 1.766083 
586 1.341923 
587 1.197624 
588 0.446272 
589 2.168069 
590 1.653260 
591 1.486248 
592 1.486769 
593 1.509379 
594 1.613925 
595 1.520527 
596 1.557019 
597 1.710363 
598 1.470062 
599 1.461796 
600 1.175713 
601 0.807492 
602 2.017273 
603 1.856038 
604 1.676284 
605 1.434470 
606 1.515921 
607 1.592695 
608 1.513146 
609 1.532009 
610 1.524351 
611 1.573003 
612 1.511469 
613 1.404145 
614 1.159227 
615 1.995929 
616 1.935385 
617 1.485262 
618 1.310125 
619 1.343071 
620 1.444364 
621 1.344546 
622 1.550153 
623 1.856644 
624 2.120409 
625 1.500257 
626 1.295786 
627 1.199068 
628 1.136766 
629 1.428565 
630 1.758914 
631 1.847151 
632 3.033287 
633 1.380520 
634 -0.052968 
635 -1.402095 
636 -1.526026 
637 -1.891927 
638 -2.251652 
639 -2.022426 
640 -2.366082 
641 0.725325 
642 1.273939 
643 1.765790 
644 2.510262 
645 2.052192 
646 0.873339 
647 -0.165979 
648 -1.032220 
649 -1.514298 
650 -2.338134 
651 -2.603944 
652 -2.081278 
653 -2.138671 
654 0.784136 
655 1.275053 
656 1.564057 
657 1.809125 
658 1.744911 
659 1.067260 
660 0.818553 
661 -0.861556 
662 -1.909537 
663 -3.420770 
664 -2.086808 
665 -1.766169 
666 -2.373289 
667 0.604333 
668 0.924359 
669 1.458820 
670 1.752185 
671 1.834396 
672 3.220969 
673 1.547763 
674 0.123415 
675 -0.843149 
676 -1.667496 
677 -1.853576 
678 -2.073594 
679 -2.218511 
680 0.735152 
681 1.415032 
682 1.720086 
683 2.155151 
684 1.966570 
685 2.137551 
686 1.319634 
687 0.563700 
688 0.243316 
689 -1.361959 
690 -2.501068 
691 -2.775350 
692 -2.346105 
693 0.874418 
694 1.354624 
695 1.591900 
696 1.325852 
697 1.483235 
698 1.688468 
699 1.685586 
700 3.251081 
701 1.305736 
702 -0.159872 
703 -1.182760 
704 -1.870707 
705 -1.785976 
706 1.803075 
707 1.612340 
708 1.392180 
709 1.565270 
710 1.471611 
711 1.787727 
712 2.192232 
713 1.929914 
714 1.303687 
715 0.644149 
716 -0.061858 
717 -0.833212 
718 -1.789369 
719 3.389564 
720 1.980599 
721 1.104099 
722 1.504064 
723 1.663083 
724 1.351871 
725 1.551217 
726 1.494399 
727 1.859290 
728 3.600634 
729 1.333341 
730 0.032976 
731 -1.020674 
732 2.155109 
733 1.531419 
734 1.042927 
735 1.137436 
736 1.439344 
737 1.494087 
738 1.611274 
739 1.615643 
740 2.493657 
741 1.918746 
742 1.086866 
743 0.327740 
744 -0.217895 
745 2.087110 
746 1.944697 
747 1.455880 
748 1.288281 
749 1.700364 
750 1.546998 
751 1.724614 
752 1.631278 
753 1.963221 
754 1.665567 
755 0.883450 
756 0.513644 
757 0.243238 
758 2.389538 
759 2.240607 
760 1.621698 
761 1.582034 
762 1.427407 
763 1.570934 
764 1.635187 
765 1.512188 
766 1.520829 
767 1.551876 
768 1.883313 
769 0.901041 
770 0.507296 
771 2.291472 
772 2.037506 
773 1.433173 
774 1.436400 
775 1.193539 
776 1.336733 
777 1.479761 
778 1.728652 
779 1.672245 
780 2.008073 
781 1.823711 
782 1.438124 
783 0.988834 
784 1.880911 
785 1.425365 
786 1.366336 
787 1.387489 
788 1.444442 
789 1.359580 
790 1.330720 
791 1.985862 
792 1.710414 
793 1.656079 
794 1.436161 
795 1.372983 
796 0.942045 
797 1.508866 
798 1.986077 
799 1.735486 
800 2.407638 
801 1.475396 
802 -0.562455 
803 -2.368746 
804 -1.950296 
805 -2.017545 
806 -2.098388 
807 -2.140931 
808 -1.983309 
809 -1.928943 
810 1.448404 
811 1.744767 
812 2.715291 
813 2.022455 
814 0.982864 
815 -0.211050 
816 -1.057616 
817 -1.985908 
818 -2.298611 
819 -2.403708 
820 -2.518377 
821 -2.354100 
822 -2.332056 
823 1.262561 
824 1.713248 
825 1.828612 
826 1.772414 
827 1.171259 
828 0.699386 
829 -0.644532 
830 -1.997925 
831 -3.195189 
832 -2.378825 
833 -2.173943 
834 -2.100460 
835 -2.116408 
836 0.877499 
837 1.537062 
838 1.839205 
839 1.873170 
840 2.704851 
841 1.980736 
842 0.200873 
843 -1.412529 
844 -1.865186 
845 -2.176279 
846 -2.166008 
847 -2.259407 
848 -1.758572 
849 1.256698 
850 1.677806 
851 1.974516 
852 2.111477 
853 2.015767 
854 1.539991 
855 0.800202 
856 0.025614 
857 -1.493934 
858 -2.077707 
859 -2.952114 
860 -1.991849 
861 -1.995955 
862 1.323377 
863 1.619819 
864 1.516167 
865 1.664811 
866 1.507664 
867 1.687320 
868 2.935208 
869 1.610690 
870 -0.224363 
871 -1.826477 
872 -2.057117 
873 -2.402178 
874 -2.346746 
875 1.355679 
876 1.532771 
877 1.461023 
878 1.591628 
879 1.712740 
880 2.252716 
881 1.991313 
882 1.421846 
883 0.767353 
884 -0.134123 
885 -1.903816 
886 -2.381860 
887 -2.873381 
888 1.470251 
889 1.643692 
890 1.642566 
891 1.569397 
892 1.620422 
893 1.649541 
894 1.580352 
895 1.434264 
896 3.167900 
897 1.623279 
898 -0.027944 
899 -1.374605 
900 -1.109875 
901 1.805043 
902 1.900897 
903 1.800035 
904 1.618158 
905 1.658695 
906 1.472443 
907 1.638397 
908 1.994587 
909 2.030487 
910 1.645958 
911 0.923038 
912 0.162516 
913 -0.430227 
914 2.540410 
915 2.430932 
916 1.748076 
917 1.520168 
918 1.568005 
919 1.587835 
920 1.558567 
921 1.651525 
922 1.577125 
923 1.674551 
924 1.885382 
925 0.894507 
926 0.308734 
927 2.762141 
928 1.871941 
929 1.611194 
930 1.409604 
931 1.458676 
932 1.584060 
933 1.525418 
934 1.537735 
935 1.673127 
936 1.810613 
937 2.212043 
938 1.633081 
939 0.805707 
940 1.698010 
941 1.736965 
942 1.587844 
943 1.494352 
944 1.623734 
945 1.584678 
946 1.509059 
947 1.596908 
948 1.581789 
949 1.717594 
950 1.676615 
951 1.383190 
952 0.995224 
953 1.737529 
954 1.844876 
955 1.681480 
956 1.627939 
957 1.587814 
958 1.522311 
959 1.547411 
960 1.623985 
961 1.720328 
962 1.477326 
963 1.571991 
964 1.527735 
965 1.177017 
966 1.657898 
967 1.942061 
968 1.922120 
969 1.671126 
970 1.614266 
971 1.254547 
972 3.188964 
973 1.064255 
974 0.691254 
975 -1.297224 
976 -0.705539 
977 -1.923506 
978 -1.970748 
979 -2.753331 
980 -1.922768 
981 -2.113583 
982 -2.007720 
983 -2.029145 
984 -2.203243 
985 -2.255790 
986 -2.144132 
987 -2.101733 
988 -1.595457 
989 -2.184153 
990 1.503978 
991 1.481234 
992 1.700155 
993 1.503670 
994 1.682849 
995 1.636056 
996 1.842950 
997 1.935016 
998 1.475311 
999 1.612686 
1000 3.090556 
1001 1.128381 
1002 1.132599 
1003 0.981316 
1004 -0.382585 
1005 -0.432846 
1006 -0.413316 
1007 -3.893937 
1008 -1.767496 
1009 -1.767708 
1010 -2.329605 
1011 -2.408045 
1012 -2.073981 
1013 -2.039107 
1014 -2.164688 
1015 -2.173101 
1016 -2.484820 
1017 -2.084691 
1018 -2.176213 
1019 -2.281555 
1020 -2.631208 
1021 -2.562210 
1022 -2.220199 
1023 -2.097748 
1024 -2.308652 
1025 -2.060211 
1026 -2.409278 
1027 1.709437 
1028 1.482556 
1029 1.580140 
1030 1.525520 
1031 1.724137 
1032 1.684994 
1033 1.623089 
1034 1.606476 
1035 1.585406 
1036 1.976176 
1037 1.999203 
1038 1.478668 
1039 1.447159 
1040 3.382480 
1041 0.611729 
1042 0.659457 
1043 0.868832 
1044 -1.315579 
1045 -1.246289 
1046 -1.157733 
1047 -3.501109 
1048 -1.913377 
1049 -2.205814 
1050 -2.099579 
1051 -2.272733 
1052 -2.133316 
1053 -2.073037 
1054 -2.169767 
1055 -2.208361 
1056 -2.192659 
1057 -2.223187 
1058 -2.475622 
1059 -1.944708 
1060 -2.055229 
1061 -2.307539 
1062 -2.357302 
1063 -2.221293 
1064 1.554306 
1065 1.337454 
1066 1.695339 
1067 1.674131 
1068 1.586670 
1069 1.648042 
1070 1.585533 
1071 1.605860 
1072 1.760391 
1073 1.708068 
1074 1.669520 
1075 1.508582 
1076 2.240383 
1077 2.180587 
1078 1.199072 
1079 1.239926 
1080 3.434000 
1081 0.318219 
1082 0.093788 
1083 -0.131195 
1084 -1.462433 
1085 -1.539786 
1086 -1.772001 
1087 -3.015026 
1088 -2.080125 
1089 -2.142534 
1090 -2.259182 
1091 -2.297013 
1092 -2.239769 
1093 -2.124218 
1094 -2.206617 
1095 -2.192195 
1096 -2.233357 
1097 -2.268258 
1098 -2.433160 
1099 -2.169322 
1100 -1.815531 
1101 1.602486 
1102 1.527821 
1103 1.664672 
1104 1.596187 
1105 1.498312 
1106 1.514352 
1107 1.725349 
1108 1.613476 
1109 1.535704 
1110 1.607560 
1111 1.582621 
1112 1.676730 
1113 1.846103 
1114 1.680865 
1115 1.402528 
1116 2.391635 
1117 2.064399 
1118 0.940443 
1119 1.024850 
1120 3.276778 
1121 -0.517256 
1122 -0.572303 
1123 -0.872707 
1124 -1.706695 
1125 -1.700581 
1126 -2.152276 
1127 -2.840614 
1128 -2.276645 
1129 -2.129357 
1130 -2.103643 
1131 -2.206505 
1132 -2.343550 
1133 -2.266652 
1134 -2.125483 
1135 -2.394475 
1136 -1.622866 
1137 -2.241439 
1138 1.444961 
1139 1.520806 
1140 1.547291 
1141 1.702227 
1142 1.537774 
1143 1.613789 
1144 1.563634 
1145 1.574709 
1146 1.717297 
1147 1.478053 
1148 1.544963 
1149 1.601733 
1150 1.700258 
1151 1.628365 
1152 1.708126 
1153 1.909522 
1154 1.735085 
1155 1.357088 
1156 1.998602 
1157 2.519210 
1158 0.967028 
1159 1.032482 
1160 2.959893 
1161 -0.790150 
1162 -0.609416 
1163 -1.215100 
1164 -1.709629 
1165 -1.828890 
1166 -2.060339 
1167 -2.571894 
1168 -2.299493 
1169 -2.357553 
1170 -2.176271 
1171 -2.231339 
1172 -2.275152 
1173 -2.236269 
1174 -2.296532 
1175 1.590475 
1176 1.357215 
1177 1.708059 
1178 1.672922 
1179 1.552434 
1180 1.733386 
1181 1.472410 
1182 1.641832 
1183 1.571518 
1184 1.669987 
1185 1.560059 
1186 1.638910 
1187 1.572255 
1188 1.590730 
1189 1.555610 
1190 1.594096 
1191 1.585740 
1192 1.806541 
1193 1.833138 
1194 1.681533 
1195 1.375213 
1196 2.312786 
1197 2.333448 
1198 0.810908 
1199 1.037710 
1200 2.972161 
1201 -1.331071 
1202 -0.744509 
1203 -0.709326 
1204 -2.320172 
1205 -2.009521 
1206 -2.172442 
1207 -2.345961 
1208 -1.992130 
1209 -2.192278 
1210 -2.368371 
1211 -2.526579 
1212 1.519999 
1213 1.611910 
1214 1.561669 
1215 1.618363 
1216 1.573230 
1217 1.560025 
1218 1.599694 
1219 1.661109 
1220 1.605148 
1221 1.624777 
1222 1.614900 
1223 1.587966 
1224 1.657160 
1225 1.426047 
1226 1.687563 
1227 1.583244 
1228 1.636789 
1229 1.729838 
1230 1.620368 
1231 1.434433 
1232 1.803995 
1233 1.844391 
1234 1.734010 
1235 1.359286 
1236 2.227160 
1237 2.063821 
1238 1.012431 
1239 1.051888 
1240 3.301933 
1241 0.485006 
1242 0.259548 
1243 -0.144303 
1244 -1.455708 
1245 -1.411441 
1246 -1.930087 
1247 -3.333629 
1248 -1.093775 
1249 1.688358 
1250 1.950288 
1251 1.966565 
1252 1.714171 
1253 1.533934 
1254 1.539376 
1255 1.576285 
1256 1.624037 
1257 1.689863 
1258 1.547523 
1259 1.502652 
1260 1.549443 
1261 1.462092 
1262 1.596289 
1263 1.711953 
1264 1.475198 
1265 1.681740 
1266 1.680778 
1267 1.561940 
1268 1.600329 
1269 1.656935 
1270 1.668758 
1271 1.631444 
1272 1.745623 
1273 1.609802 
1274 1.796060 
1275 1.412638 
1276 2.020094 
1277 2.342128 
1278 1.154156 
1279 0.985422 
1280 3.089435 
1281 0.689762 
1282 1.017162 
1283 0.322983 
1284 -0.412085 
1285 -0.458626 
1286 2.604090 
1287 2.439605 
1288 1.796121 
1289 1.543314 
1290 1.583197 
1291 1.510503 
1292 1.556497 
1293 1.710127 
1294 1.581298 
1295 1.517710 
1296 1.610590 
1297 1.639423 
1298 1.631253 
1299 1.587429 
1300 1.684180 
1301 1.549718 
1302 1.651058 
1303 1.592882 
1304 1.708081 
1305 1.593798 
1306 1.555724 
1307 1.617604 
1308 1.496219 
1309 1.658923 
1310 1.697558 
1311 1.536063 
1312 1.709639 
1313 1.795874 
1314 1.679023 
1315 1.393144 
1316 1.876699 
1317 2.055092 
1318 1.447131 
1319 1.380556 
1320 1.604623 
1321 0.304096 
1322 0.291077 
1323 3.335511 
1324 1.549050 
1325 1.752945 
1326 1.718732 
1327 1.602236 
1328 1.693745 
1329 1.630049 
1330 1.539770 
1331 1.575736 
1332 1.592987 
1333 1.601512 
1334 1.665877 
1335 1.552692 
1336 1.617945 
1337 1.590786 
1338 1.588482 
1339 1.590998 
1340 1.572608 
1341 1.535923 
1342 1.607343 
1343 1.634992 
1344 1.629431 
1345 1.460075 
1346 1.655813 
1347 1.662218 
1348 1.476538 
1349 1.520379 
1350 1.648506 
1351 1.754426 
1352 1.647420 
1353 1.604076 
1354 1.688430 
1355 1.532960 
1356 2.176061 
1357 1.928984 
1358 1.226257 
1359 1.206029 
1360 1.580352 
1361 1.598375 
1362 1.669241 
1363 1.637295 
1364 1.652293 
1365 1.636163 
1366 1.533708 
1367 1.531270 
1368 1.616995 
1369 1.679332 
1370 1.542297 
1371 1.596239 
1372 1.605298 
1373 1.548729 
1374 1.708151 
1375 1.583630 
1376 1.489147 
1377 1.684669 
1378 1.668841 
1379 1.558187 
1380 1.514550 
1381 1.737426 
1382 1.618358 
1383 1.526158 
1384 1.605088 
1385 1.530537 
1386 1.643370 
1387 1.507470 
1388 1.602638 
1389 1.565417 
1390 1.628314 
1391 1.562168 
1392 1.572733 
1393 1.834690 
1394 1.636965 
1395 1.357708 
1396 1.002267 
1397 1.569825 
1398 1.833814 
1399 1.747972 
1400 1.615519 
1401 1.678079 
1402 1.343498 
1403 1.498508 
1404 1.532822 
1405 1.633227 
1406 1.547215 
1407 1.513357 
1408 1.508536 
1409 1.424950 
1410 1.689206 
1411 1.564660 
1412 1.738195 
1413 1.297622 
1414 1.640394 
1415 1.550646 
1416 1.634216 
1417 1.706781 
1418 1.590727 
1419 1.385468 
1420 1.187419 
1421 1.532752 
1422 1.745910 
1423 1.703825 
1424 2.073425 
1425 2.049527 
1426 1.197750 
1427 1.225582 
1428 1.321739 
1429 0.824084 
1430 -2.397661 
1431 -2.708749 
1432 -1.844803 
1433 -1.789144 
1434 -1.976496 
1435 -2.217237 
1436 -1.889300 
1437 -1.959543 
1438 -1.899307 
1439 -1.914049 
1440 -2.143222 
1441 -2.289275 
1442 -2.068491 
1443 -2.243945 
1444 -1.597367 
1445 1.405024 
1446 1.593178 
1447 1.877596 
1448 1.683905 
1449 1.338840 
1450 1.735323 
1451 1.632024 
1452 1.934754 
1453 1.532665 
1454 1.707538 
1455 1.642887 
1456 2.082986 
1457 2.077643 
1458 1.368119 
1459 -0.890451 
1460 -0.703524 
1461 -0.601119 
1462 -2.471287 
1463 -2.909388 
1464 -1.733814 
1465 -2.209981 
1466 -2.114970 
1467 -2.473079 
1468 -2.023766 
1469 -2.243347 
1470 -1.993572 
1471 -2.149359 
1472 -2.185604 
1473 -2.186451 
1474 -2.090535 
1475 -2.033030 
1476 -2.519696 
1477 -2.154742 
1478 -2.083923 
1479 -2.449173 
1480 -1.637355 
1481 -1.791051 
1482 1.883990 
1483 1.814089 
1484 1.591923 
1485 1.425237 
1486 1.548875 
1487 1.769219 
1488 1.665279 
1489 1.497283 
1490 1.759546 
1491 1.477138 
1492 2.482669 
1493 1.429305 
1494 1.475796 
1495 1.315963 
1496 0.979641 
1497 0.870147 
1498 0.033294 
1499 -3.282561 
1500 -1.396213 
1501 -1.656631 
1502 -2.638732 
1503 -2.776018 
1504 -2.067384 
1505 -2.059249 
1506 -2.118973 
1507 -1.959640 
1508 -2.045186 
1509 -2.137297 
1510 -1.953201 
1511 -1.793979 
1512 -2.431501 
1513 -2.352840 
1514 -2.087321 
1515 -2.024603 
1516 -2.309083 
1517 -2.192763 
1518 -2.380322 
1519 1.462344 
1520 1.282401 
1521 1.709426 
1522 1.658598 
1523 1.611219 
1524 1.552946 
1525 1.751853 
1526 1.451573 
1527 1.651782 
1528 1.744303 
1529 1.686335 
1530 1.678579 
1531 1.503894 
1532 2.828546 
1533 1.240821 
1534 1.351018 
1535 1.111287 
1536 -0.102860 
1537 -0.207718 
1538 -0.653615 
1539 -3.835751 
1540 -1.847828 
1541 -1.685634 
1542 -2.497013 
1543 -2.420850 
1544 -1.912335 
1545 -2.094004 
1546 -2.156415 
1547 -2.029194 
1548 -2.267639 
1549 -2.316265 
1550 -2.175091 
1551 -2.007333 
1552 -2.083006 
1553 -2.246155 
1554 -2.301753 
1555 -2.126898 
1556 1.491475 
1557 1.427054 
1558 1.718605 
1559 1.641487 
1560 1.390610 
1561 1.764773 
1562 1.578461 
1563 1.547697 
1564 1.691316 
1565 1.639495 
1566 1.421907 
1567 1.551167 
1568 1.828285 
1569 1.987872 
1570 1.230806 
1571 1.341413 
1572 2.973737 
1573 1.271346 
1574 0.840646 
1575 0.989698 
1576 -0.632692 
1577 -0.527707 
1578 -0.607668 
1579 -3.744320 
1580 -1.984405 
1581 -1.820118 
1582 -2.529700 
1583 -2.463415 
1584 -2.082559 
1585 -2.365280 
1586 -2.300677 
1587 -2.205272 
1588 -2.222070 
1589 -2.199188 
1590 -2.304622 
1591 -2.188733 
1592 -1.552853 
1593 1.465894 
1594 1.514200 
1595 1.821952 
1596 1.516213 
1597 1.567734 
1598 1.692312 
1599 1.566139 
1600 1.563163 
1601 1.649841 
1602 1.603831 
1603 1.561426 
1604 1.660911 
1605 1.786848 
1606 1.501374 
1607 1.450215 
1608 2.047367 
1609 1.931679 
1610 1.494343 
1611 1.175919 
1612 3.194320 
1613 0.908462 
1614 1.072315 
1615 0.923925 
1616 -0.609129 
1617 -0.763132 
1618 -1.148247 
1619 -3.647215 
1620 -2.157788 
1621 -1.949082 
1622 -2.405420 
1623 -2.353541 
1624 -2.178396 
1625 -2.150888 
1626 -2.104614 
1627 -2.280117 
1628 -1.779371 
1629 -2.023666 
1630 1.457922 
1631 1.443456 
1632 1.625966 
1633 1.592946 
1634 1.341451 
1635 1.654147 
1636 1.726173 
1637 1.482908 
1638 1.558132 
1639 1.519543 
1640 1.490515 
1641 1.603685 
1642 1.682214 
1643 1.557710 
1644 1.764815 
1645 1.628803 
1646 1.639280 
1647 1.456442 
1648 1.796836 
1649 2.032786 
1650 1.407128 
1651 1.447926 
1652 3.149053 
1653 1.095110 
1654 0.888001 
1655 0.850225 
1656 -0.682762 
1657 -1.040861 
1658 -0.974577 
1659 -3.461500 
1660 -2.190702 
1661 -2.215338 
1662 -2.200648 
1663 -2.591191 
1664 -2.123798 
1665 -2.358847 
1666 -2.106074 
1667 1.662454 
1668 1.212268 
1669 1.782205 
1670 1.728485 
1671 1.520568 
1672 1.594747 
1673 1.602226 
1674 1.603662 
1675 1.582729 
1676 1.529907 
1677 1.494525 
1678 1.671534 
1679 1.617849 
1680 1.478673 
1681 1.500853 
1682 1.699501 
1683 1.589888 
1684 1.568044 
1685 1.573115 
1686 1.769617 
1687 1.566058 
1688 1.961943 
1689 2.015976 
1690 1.366552 
1691 1.396788 
1692 2.777042 
1693 1.212915 
1694 1.194291 
1695 0.858105 
1696 0.061043 
1697 -0.300292 
1698 -0.357048 
1699 -3.298179 
1700 -1.604662 
1701 -2.051958 
1702 -2.596202 
1703 -2.661814 
1704 1.492682 
1705 1.470607 
1706 1.711566 
1707 1.629287 
1708 1.505624 
1709 1.551354 
1710 1.536749 
1711 1.638023 
1712 1.549135 
1713 1.666614 
1714 1.513672 
1715 1.649725 
1716 1.563142 
1717 1.552875 
1718 1.615229 
1719 1.568088 
1720 1.523490 
1721 1.674720 
1722 1.518609 
1723 1.589139 
1724 1.551070 
1725 1.641105 
1726 1.629225 
1727 1.522202 
1728 1.983007 
1729 1.815248 
1730 1.368719 
1731 1.521987 
1732 2.585130 
1733 1.249166 
1734 1.392668 
1735 1.334164 
1736 1.612502 
1737 1.575515 
1738 0.973134 
1739 -2.428736 
1740 -0.416854 
1741 1.798630 
1742 2.001375 
1743 1.863400 
1744 1.722036 
1745 1.661576 
1746 1.513534 
1747 1.398130 
1748 1.647289 
1749 1.639713 
1750 1.510900 
1751 1.543288 
1752 1.643872 
1753 1.598304 
1754 1.489402 
1755 1.577250 
1756 1.612700 
1757 1.615393 
1758 1.652757 
1759 1.509696 
1760 1.518813 
1761 1.701061 
1762 1.599064 
1763 1.630863 
1764 1.686039 
1765 1.579224 
1766 1.562069 
1767 1.572407 
1768 1.762705 
1769 1.733780 
1770 1.506711 
1771 1.620193 
1772 2.460419 
1773 1.406136 
1774 1.388389 
1775 1.367896 
1776 0.101904 
1777 0.012089 
1778 2.633920 
1779 2.343534 
1780 1.691612 
1781 1.630893 
1782 1.564042 
1783 1.528803 
1784 1.541874 
1785 1.702583 
1786 1.641856 
1787 1.585911 
1788 1.571162 
1789 1.645912 
1790 1.655398 
1791 1.470865 
1792 1.535557 
1793 1.573308 
1794 1.607792 
1795 1.660714 
1796 1.584621 
1797 1.562461 
1798 1.641535 
1799 1.566397 
1800 1.725152 
1801 1.507569 
1802 1.602793 
1803 1.594328 
1804 1.673255 
1805 1.680553 
1806 1.639481 
1807 1.481323 
1808 1.689309 
1809 1.710389 
1810 1.514692 
1811 1.587992 
1812 1.725764 
1813 0.819201 
1814 1.139681 
1815 2.515254 
1816 1.321453 
1817 1.753253 
1818 1.670823 
1819 1.479653 
1820 1.660362 
1821 1.615838 
1822 1.583384 
1823 1.528707 
1824 1.697073 
1825 1.598663 
1826 1.475932 
1827 1.637917 
1828 1.456761 
1829 1.613615 
1830 1.752054 
1831 1.463678 
1832 1.591643 
1833 1.628819 
1834 1.479043 
1835 1.669383 
1836 1.585386 
1837 1.594528 
1838 1.650209 
1839 1.573252 
1840 1.567226 
1841 1.687473 
1842 1.695297 
1843 1.454860 
1844 1.623813 
1845 1.760795 
1846 1.636855 
1847 1.417855 
1848 1.869488 
1849 1.921294 
1850 1.348337 
1851 1.271702 
1852 1.392621 
1853 1.736431 
1854 1.464268 
1855 1.490898 
1856 1.638476 
1857 1.694572 
1858 1.418141 
1859 1.520746 
1860 1.667337 
1861 1.404667 
1862 1.642270 
1863 1.511056 
1864 1.566944 
1865 1.487078 
1866 1.695500 
1867 1.466718 
1868 1.610627 
1869 1.420465 
1870 1.543432 
1871 1.675452 
1872 1.694452 
1873 1.645123 
1874 1.645148 
1875 1.192976 
1876 1.442451 
1877 1.638185 
1878 1.850007 
1879 1.406639 
1880 2.810242 
1881 1.348467 
1882 1.590268 
1883 -0.023722 
1884 0.487191 
1885 -1.749298 
1886 -1.645766 
1887 -3.403016 
1888 -1.938503 
1889 -1.856816 
1890 -2.051423 
1891 -2.120466 
1892 -1.997986 
1893 -2.063619 
1894 -1.889400 
1895 -1.915687 
1896 -2.119860 
1897 -2.015070 
1898 -2.295470 
1899 -2.064551 
1900 1.291009 
1901 1.379627 
1902 1.923494 
1903 1.711897 
1904 1.525629 
1905 1.785045 
1906 1.677215 
1907 1.594871 
1908 1.640979 
1909 1.921615 
1910 2.319623 
1911 0.583016 
1912 1.848309 
1913 1.834162 
1914 -1.802210 
1915 -1.952139 
1916 -0.333481 
1917 -2.511707 
1918 -2.506747 
1919 -2.296584 
1920 -2.131677 
1921 -2.076588 
1922 -1.852758 
1923 -1.923842 
1924 -2.168883 
1925 -1.993677 
1926 -2.191824 
1927 -2.047189 
1928 -2.192163 
1929 -2.116910 
1930 -2.135749 
1931 -2.099763 
1932 -2.204114 
1933 -2.088744 
1934 -2.609299 
1935 -2.241949 
1936 -1.854721 
1937 1.374267 
1938 1.500735 
1939 1.762480 
1940 1.545832 
1941 1.737397 
1942 1.561680 
1943 1.456594 
1944 1.880891 
1945 1.454394 
1946 1.461712 
1947 1.675767 
1948 1.904028 
1949 1.889387 
1950 2.233547 
1951 -0.442471 
1952 0.040177 
1953 0.564487 
1954 -2.911368 
1955 -2.662567 
1956 -1.303302 
1957 -2.392881 
1958 -2.471870 
1959 -2.158043 
1960 -2.120053 
1961 -2.067885 
1962 -2.156247 
1963 -2.109984 
1964 -2.072293 
1965 -2.230962 
1966 -1.902821 
1967 -2.076879 
1968 -2.603202 
1969 -2.204367 
1970 -2.061757 
1971 -2.368916 
1972 -1.622408 
1973 -1.910932 
1974 1.682606 
1975 1.667750 
1976 1.491041 
1977 1.481926 
1978 1.792001 
1979 1.645542 
1980 1.532899 
1981 1.737837 
1982 1.525798 
1983 1.619045 
1984 1.902803 
1985 1.563307 
1986 1.561458 
1987 1.607360 
1988 1.823511 
1989 2.053993 
1990 1.931140 
1991 -1.089338 
1992 -0.396258 
1993 -0.512316 
1994 -2.814545 
1995 -2.652328 
1996 -1.455086 
1997 -2.326385 
1998 -2.284239 
1999 -2.305490 
2000 -2.082808 
2001 -1.888311 
2002 -2.114572 
2003 -2.098614 
2004 -2.336156 
2005 -2.282596 
2006 -2.058385 
2007 -2.018482 
2008 -2.086994 
2009 -2.304595 
2010 -1.910538 
2011 1.318740 
2012 1.424253 
2013 1.559797 
2014 1.616178 
2015 1.792558 
2016 1.633108 
2017 1.549403 
2018 1.545690 
2019 1.566647 
2020 1.588706 
2021 1.691292 
2022 1.690830 
2023 1.549240 
2024 2.266365 
2025 1.308052 
2026 1.444707 
2027 1.443155 
2028 2.175112 
2029 1.649210 
2030 1.576470 
2031 -1.468699 
2032 -0.721725 
2033 -0.776121 
2034 -2.649818 
2035 -2.878741 
2036 -1.673132 
2037 -2.283466 
2038 -2.111344 
2039 -2.312664 
2040 -2.099520 
2041 -1.975614 
2042 -2.254961 
2043 -1.933385 
2044 -2.069049 
2045 -2.213332 
2046 -2.008977 
2047 -2.185968 
2048 1.420919 
2049 1.480740 
2050 1.678284 
2051 1.817236 
2052 1.493246 
2053 1.704568 
2054 1.564402 
2055 1.542781 
2056 1.622332 
2057 1.559584 
2058 1.703062 
2059 1.575580 
2060 1.719458 
2061 1.834164 
2062 1.515504 
2063 1.570923 
2064 1.836628 
2065 1.505714 
2066 1.658943 
2067 1.617503 
2068 1.771160 
2069 1.636511 
2070 1.453205 
2071 -1.953759 
2072 -0.793561 
2073 -0.738685 
2074 -2.616800 
2075 -2.893683 
2076 -2.095646 
2077 -2.344358 
2078 -2.423023 
2079 -2.142530 
2080 -2.151120 
2081 -2.028341 
2082 -2.379431 
2083 -2.370836 
2084 -2.023587 
2085 1.460797 
2086 1.181361 
2087 1.675540 
2088 1.562109 
2089 1.478776 
2090 1.637693 
2091 1.687728 
2092 1.633219 
2093 1.488272 
2094 1.629964 
2095 1.547791 
2096 1.577293 
2097 1.645992 
2098 1.615875 
2099 1.546416 
2100 1.845420 
2101 1.660593 
2102 1.461434 
2103 1.446601 
2104 2.301226 
2105 1.489679 
2106 1.404203 
2107 1.452121 
2108 1.771893 
2109 1.858202 
2110 1.335464 
2111 -1.574742 
2112 -0.939107 
2113 -0.974863 
2114 -2.729341 
2115 -2.841287 
2116 -1.891463 
2117 -2.299636 
2118 -2.517691 
2119 -2.625935 
2120 -2.004309 
2121 -1.897801 
2122 1.660851 
2123 1.857526 
2124 1.458673 
2125 1.607241 
2126 1.653120 
2127 1.677068 
2128 1.526252 
2129 1.726809 
2130 1.584450 
2131 1.474168 
2132 1.610667 
2133 1.391350 
2134 1.525180 
2135 1.714811 
2136 1.613713 
2137 1.527676 
2138 1.547984 
2139 1.661505 
2140 1.784738 
2141 1.661850 
2142 1.681638 
2143 1.345446 
2144 2.072346 
2145 1.465411 
2146 1.367485 
2147 1.856088 
2148 1.665349 
2149 2.003666 
2150 1.746136 
2151 -0.804484 
2152 -0.447700 
2153 -0.423791 
2154 -2.688444 
2155 -2.376738 
2156 -1.515443 
2157 -1.898479 
2158 -2.039405 
2159 2.553725 
2160 1.608384 
2161 1.653582 
2162 1.472074 
2163 1.603875 
2164 1.696774 
2165 1.478115 
2166 1.586510 
2167 1.525879 
2168 1.687443 
2169 1.510470 
2170 1.650342 
2171 1.489609 
2172 1.645762 
2173 1.557314 
2174 1.538676 
2175 1.609932 
2176 1.557555 
2177 1.552764 
2178 1.596277 
2179 1.603267 
2180 1.422545 
2181 1.715726 
2182 1.624710 
2183 1.618157 
2184 1.974029 
2185 1.619716 
2186 1.545201 
2187 1.523745 
2188 1.879690 
2189 1.802234 
2190 2.037836 
2191 0.128468 
2192 1.084376 
2193 0.467903 
2194 -2.973773 
2195 -1.989576 
2196 1.577549 
2197 1.596789 
2198 1.580300 
2199 1.535970 
2200 1.768491 
2201 1.461026 
2202 1.539424 
2203 1.620114 
2204 1.602551 
2205 1.586916 
2206 1.423014 
2207 1.690853 
2208 1.509793 
2209 1.518374 
2210 1.765795 
2211 1.559336 
2212 1.612567 
2213 1.654234 
2214 1.515913 
2215 1.542871 
2216 1.545531 
2217 1.444206 
2218 1.742956 
2219 1.592822 
2220 1.691659 
2221 1.602356 
2222 1.492746 
2223 1.626464 
2224 2.148448 
2225 1.426248 
2226 1.456078 
2227 1.546603 
2228 1.942532 
2229 1.758039 
2230 2.029411 
2231 0.296605 
2232 0.127712 
2233 1.890536 
2234 1.831960 
2235 1.949051 
2236 1.696391 
2237 1.597644 
2238 1.556457 
2239 1.521654 
2240 1.608045 
2241 1.551821 
2242 1.593731 
2243 1.656651 
2244 1.713755 
2245 1.575302 
2246 1.663437 
2247 1.482313 
2248 1.517452 
2249 1.752255 
2250 1.479881 
2251 1.699893 
2252 1.634346 
2253 1.615682 
2254 1.586899 
2255 1.621660 
2256 1.559248 
2257 1.659689 
2258 1.665594 
2259 1.558186 
2260 1.628396 
2261 1.658773 
2262 1.636363 
2263 1.442883 
2264 1.831807 
2265 1.601882 
2266 1.597044 
2267 1.673264 
2268 0.833302 
2269 1.008041 
2270 2.216832 
2271 2.086805 
2272 1.719308 
2273 1.680757 
2274 1.609070 
2275 1.461988 
2276 1.630616 
2277 1.658368 
2278 1.556171 
2279 1.577901 
2280 1.571614 
2281 1.603987 
2282 1.722050 
2283 1.469163 
2284 1.563028 
2285 1.555382 
2286 1.646345 
2287 1.553721 
2288 1.608463 
2289 1.589304 
2290 1.495517 
2291 1.635547 
2292 1.509752 
2293 1.653030 
2294 1.622270 
2295 1.555667 
2296 1.560136 
2297 1.552967 
2298 1.658826 
2299 1.743428 
2300 1.744329 
2301 1.615413 
2302 1.507786 
2303 1.468398 
2304 1.689687 
2305 1.341009 
2306 1.375790 
2307 1.913704 
2308 1.681121 
2309 1.558196 
2310 1.440425 
2311 1.503049 
2312 1.671577 
2313 1.441751 
2314 1.575613 
2315 1.607107 
2316 1.704280 
2317 1.391956 
2318 1.673306 
2319 1.508547 
2320 1.599387 
2321 1.518640 
2322 1.576642 
2323 1.555261 
2324 1.571886 
2325 1.362226 
2326 1.582274 
2327 1.643492 
2328 1.637257 
2329 1.741951 
2330 1.183239 
2331 1.668247 
2332 1.546344 
2333 1.599639 
2334 1.652879 
2335 1.472067 
2336 2.512187 
2337 2.388075 
2338 0.149721 
2339 -0.025469 
2340 -1.380379 
2341 -1.330427 
2342 -2.262355 
2343 -2.633524 
2344 -1.864060 
2345 -1.974415 
2346 -1.916274 
2347 -1.941288 
2348 -1.998604 
2349 -1.925509 
2350 -1.826349 
2351 -1.990080 
2352 -2.018754 
2353 -2.304502 
2354 -2.342398 
2355 1.526718 
2356 1.219435 
2357 1.824800 
2358 1.686886 
2359 1.713120 
2360 1.907305 
2361 1.862523 
2362 1.647345 
2363 1.240420 
2364 2.327202 
2365 2.371954 
2366 0.988866 
2367 0.968691 
2368 1.115855 
2369 -1.587657 
2370 -1.828243 
2371 -2.666410 
2372 -1.930542 
2373 -1.751280 
2374 -2.012493 
2375 -2.458420 
2376 -2.111459 
2377 -2.058311 
2378 -1.774190 
2379 -2.119339 
2380 -2.214202 
2381 -1.955045 
2382 -1.987196 
2383 -2.014782 
2384 -2.191404 
2385 -2.291455 
2386 -2.212594 
2387 -2.102320 
2388 -2.092888 
2389 -2.413623 
2390 -2.154378 
2391 -2.432603 
2392 1.453129 
2393 1.418249 
2394 1.724234 
2395 1.746382 
2396 1.480762 
2397 1.768824 
2398 1.569186 
2399 1.707466 
2400 1.768287 
2401 1.905618 
2402 1.846931 
2403 1.227213 
2404 2.789832 
2405 1.913399 
2406 -0.010615 
2407 0.126181 
2408 0.128872 
2409 -2.425308 
2410 -2.197484 
2411 -2.583361 
2412 -1.943495 
2413 -1.984320 
2414 -2.187506 
2415 -2.109359 
2416 -2.080338 
2417 -1.863318 
2418 -1.895671 
2419 -2.024104 
2420 -2.201498 
2421 -2.209790 
2422 -2.013840 
2423 -2.074543 
2424 -2.221539 
2425 -2.247549 
2426 -2.427078 
2427 -2.209244 
2428 -1.561627 
2429 1.621383 
2430 1.496625 
2431 1.885697 
2432 1.433334 
2433 1.535594 
2434 1.765267 
2435 1.649936 
2436 1.616080 
2437 1.655800 
2438 1.638980 
2439 1.609960 
2440 1.954763 
2441 1.840716 
2442 1.959551 
2443 0.935938 
2444 2.546058 
2445 2.116817 
2446 -0.475450 
2447 -0.673124 
2448 -0.707393 
2449 -2.503949 
2450 -2.364101 
2451 -2.505565 
2452 -1.971450 
2453 -1.946683 
2454 -2.143243 
2455 -2.029023 
2456 -2.212832 
2457 -2.123278 
2458 -2.011174 
2459 -2.064153 
2460 -2.278119 
2461 -2.183195 
2462 -2.067368 
2463 -2.416668 
2464 -1.943222 
2465 -2.212673 
2466 1.394446 
2467 1.264130 
2468 1.507866 
2469 1.633999 
2470 1.454604 
2471 1.702430 
2472 1.565331 
2473 1.513914 
2474 1.639339 
2475 1.630619 
2476 1.664308 
2477 1.619803 
2478 1.550506 
2479 1.599993 
2480 1.941708 
2481 2.102515 
2482 1.873741 
2483 0.499441 
2484 2.127207 
2485 1.472046 
2486 -1.938603 
2487 -1.869903 
2488 -0.736081 
2489 -2.380948 
2490 -2.433228 
2491 -2.363300 
2492 -2.110489 
2493 -2.227390 
2494 -2.156087 
2495 -2.242273 
2496 -2.461005 
2497 -2.152474 
2498 -2.014762 
2499 -2.256431 
2500 -2.215841 
2501 -2.293073 
2502 -2.261661 
2503 1.330242 
2504 1.374253 
2505 1.635679 
2506 1.657017 
2507 1.612623 
2508 1.645267 
2509 1.607856 
2510 1.559448 
2511 1.550449 
2512 1.532990 
2513 1.622175 
2514 1.682426 
2515 1.545434 
2516 1.703390 
2517 1.517434 
2518 1.676504 
2519 1.524527 
2520 2.046438 
2521 1.853760 
2522 1.949002 
2523 0.248052 
2524 1.240230 
2525 1.074897 
2526 -2.405490 
2527 -2.387613 
2528 -1.063493 
2529 -2.564793 
2530 -2.391153 
2531 -2.431213 
2532 -2.052632 
2533 -2.319859 
2534 -2.219302 
2535 -2.185197 
2536 -2.115723 
2537 -2.214906 
2538 -2.338258 
2539 -2.262113 
2540 1.327395 
2541 1.413262 
2542 1.823264 
2543 1.720554 
2544 1.398201 
2545 1.606256 
2546 1.698392 
2547 1.693732 
2548 1.563818 
2549 1.589512 
2550 1.659172 
2551 1.519361 
2552 1.687063 
2553 1.559841 
2554 1.545139 
2555 1.646777 
2556 1.889875 
2557 1.325235 
2558 1.615632 
2559 1.594138 
2560 2.008438 
2561 1.835570 
2562 1.969197 
2563 0.328362 
2564 1.763541 
2565 1.297097 
2566 -1.985495 
2567 -2.006265 
2568 -0.933916 
2569 -2.385383 
2570 -2.395002 
2571 -2.736979 
2572 -2.086016 
2573 -2.009019 
2574 -2.216006 
2575 -2.715644 
2576 -1.515148 
2577 1.556694 
2578 1.643326 
2579 1.764573 
2580 1.630568 
2581 1.571588 
2582 1.589595 
2583 1.571797 
2584 1.568395 
2585 1.529019 
2586 1.599549 
2587 1.692574 
2588 1.576149 
2589 1.460475 
2590 1.668064 
2591 1.617757 
2592 1.470954 
2593 1.619333 
2594 1.647093 
2595 1.602206 
2596 1.756768 
2597 1.700511 
2598 1.678071 
2599 1.347435 
2600 1.869181 
2601 1.587755 
2602 2.136632 
2603 0.714056 
2604 2.202839 
2605 1.705355 
2606 -1.288520 
2607 -0.993448 
2608 -0.921162 
2609 -2.319308 
2610 -2.207097 
2611 -2.896703 
2612 -1.696116 
2613 -1.692791 
2614 1.933712 
2615 2.001528 
2616 1.555965 
2617 1.498507 
2618 1.657315 
2619 1.548144 
2620 1.619832 
2621 1.631442 
2622 1.526508 
2623 1.565954 
2624 1.746017 
2625 1.546991 
2626 1.488596 
2627 1.568862 
2628 1.573322 
2629 1.725250 
2630 1.674994 
2631 1.507009 
2632 1.600420 
2633 1.616498 
2634 1.620159 
2635 1.451755 
2636 1.552395 
2637 1.738789 
2638 1.459598 
2639 1.692468 
2640 2.044416 
2641 1.985341 
2642 1.613313 
2643 0.679638 
2644 2.286998 
2645 2.384806 
2646 0.109260 
2647 0.083238 
2648 -0.317618 
2649 -1.075121 
2650 -1.340516 
2651 3.790231 
2652 1.607876 
2653 1.615805 
2654 1.595171 
2655 1.547458 
2656 1.603522 
2657 1.541536 
2658 1.670521 
2659 1.632677 
2660 1.600839 
2661 1.609511 
2662 1.568396 
2663 1.626238 
2664 1.568607 
2665 1.599790 
2666 1.514904 
2667 1.743093 
2668 1.642370 
2669 1.453672 
2670 1.739295 
2671 1.504905 
2672 1.628505 
2673 1.693719 
2674 1.516963 
2675 1.503758 
2676 1.823969 
2677 1.497916 
2678 1.523084 
2679 1.668214 
2680 1.896155 
2681 1.853049 
2682 1.683363 
2683 1.405655 
2684 2.584116 
2685 2.191000 
2686 0.189734 
2687 0.298438 
2688 1.562429 
2689 1.674480 
2690 1.560662 
2691 1.452724 
2692 1.821728 
2693 1.460730 
2694 1.555119 
2695 1.565620 
2696 1.513455 
2697 1.559168 
2698 1.632019 
2699 1.633726 
2700 1.570527 
2701 1.635720 
2702 1.578173 
2703 1.615617 
2704 1.636844 
2705 1.443975 
2706 1.638040 
2707 1.564410 
2708 1.613473 
2709 1.523009 
2710 1.599020 
2711 1.633434 
2712 1.609205 
2713 1.712436 
2714 1.551780 
2715 1.625864 
2716 1.675127 
2717 1.624894 
2718 1.591393 
2719 1.579698 
2720 1.886886 
2721 1.873953 
2722 1.790755 
2723 0.929921 
2724 0.634297 
2725 1.952048 
2726 1.675792 
2727 1.899599 
2728 1.704224 
2729 1.776945 
2730 1.536200 
2731 1.412285 
2732 1.757913 
2733 1.581146 
2734 1.398556 
2735 1.560065 
2736 1.631594 
2737 1.585960 
2738 1.641404 
2739 1.538145 
2740 1.570253 
2741 1.576393 
2742 1.498078 
2743 1.713676 
2744 1.568347 
2745 1.644732 
2746 1.657968 
2747 1.578066 
2748 1.695590 
2749 1.578627 
2750 1.614020 
2751 1.578996 
2752 1.548197 
2753 1.655872 
2754 1.675990 
2755 1.469539 
2756 1.686439 
2757 1.676797 
2758 1.655497 
2759 1.419281 
2760 1.125945 
2761 1.181615 
2762 1.962437 
2763 2.012713 
2764 1.716439 
2765 1.482407 
2766 1.656175 
2767 1.438554 
2768 1.577096 
2769 1.507470 
2770 1.662056 
2771 1.487712 
2772 1.459165 
2773 1.600627 
2774 1.607974 
2775 1.619125 
2776 1.460638 
2777 1.590244 
2778 1.684488 
2779 1.520411 
2780 1.757662 
2781 1.595869 
2782 1.530176 
2783 1.376624 
2784 1.675796 
2785 1.048930 
2786 1.760479 
2787 1.669976 
2788 2.053726 
2789 1.522341 
2790 2.023928 
2791 0.903720 
2792 2.860662 
2793 -0.244991 
2794 0.092466 
2795 -2.409426 
2796 -1.278453 
2797 -2.106726 
2798 -1.888085 
2799 -2.571249 
2800 -1.762425 
2801 -1.870352 
2802 -1.759532 
2803 -2.017276 
2804 -2.198554 
2805 -2.249916 
2806 -1.923592 
2807 -1.719206 
2808 -1.787450 
2809 -1.855698 
2810 1.485869 
2811 1.767526 
2812 1.614260 
2813 1.666671 
2814 1.571689 
2815 1.615373 
2816 1.940281 
2817 2.153385 
2818 1.147308 
2819 1.403467 
2820 3.355983 
2821 0.684757 
2822 0.483687 
2823 0.764075 
2824 -1.516627 
2825 -1.364977 
2826 -1.270991 
2827 -3.615218 
2828 -1.853390 
2829 -1.990768 
2830 -2.277100 
2831 -2.367151 
2832 -2.097318 
2833 -1.833723 
2834 -1.992125 
2835 -1.911933 
2836 -2.149167 
2837 -2.074828 
2838 -2.104213 
2839 -1.869419 
2840 -2.250499 
2841 -2.528781 
2842 -2.135833 
2843 -2.122268 
2844 -2.247086 
2845 -2.077207 
2846 -2.355375 
2847 1.693779 
2848 1.286760 
2849 1.737159 
2850 1.682330 
2851 1.605588 
2852 1.595165 
2853 1.723880 
2854 1.773727 
2855 1.362555 
2856 1.821555 
2857 2.499384 
2858 1.296589 
2859 0.948587 
2860 3.325536 
2861 -0.441757 
2862 -1.009824 
2863 0.046582 
2864 -1.651275 
2865 -1.863428 
2866 -1.819057 
2867 -2.888317 
2868 -1.894361 
2869 -2.098232 
2870 -2.186574 
2871 -2.215321 
2872 -2.310522 
2873 -1.843683 
2874 -2.114436 
2875 -1.928793 
2876 -2.136705 
2877 -2.168350 
2878 -2.077320 
2879 -2.069085 
2880 -1.929263 
2881 -2.345829 
2882 -2.227471 
2883 -2.177515 
2884 1.246872 
2885 1.547241 
2886 1.674897 
2887 1.749755 
2888 1.526321 
2889 1.664907 
2890 1.597098 
2891 1.566380 
2892 1.872182 
2893 1.699032 
2894 1.712416 
2895 1.052474 
2896 2.076518 
2897 2.697301 
2898 0.615951 
2899 0.755024 
2900 2.689192 
2901 -1.565045 
2902 -1.654492 
2903 -1.532444 
2904 -2.043119 
2905 -2.061112 
2906 -1.604225 
2907 -2.550090 
2908 -1.991298 
2909 -1.991266 
2910 -2.023882 
2911 -2.010180 
2912 -2.187220 
2913 -2.088407 
2914 -1.881527 
2915 -2.026796 
2916 -1.974391 
2917 -2.114963 
2918 -2.222929 
2919 -2.334369 
2920 -1.858279 
2921 1.451276 
2922 1.478978 
2923 1.721415 
2924 1.525117 
2925 1.613262 
2926 1.652151 
2927 1.583288 
2928 1.584079 
2929 1.573183 
2930 1.773981 
2931 1.526528 
2932 1.816145 
2933 1.926300 
2934 1.749804 
2935 1.282038 
2936 2.379287 
2937 2.564255 
2938 0.434325 
2939 0.285652 
2940 1.317137 
2941 -2.274384 
2942 -2.314872 
2943 -2.119755 
2944 -2.038586 
2945 -1.988873 
2946 -2.079832 
2947 -2.108184 
2948 -2.078614 
2949 -2.038620 
2950 -2.221206 
2951 -2.291830 
2952 -2.361431 
2953 -2.148073 
2954 -2.176724 
2955 -2.261390 
2956 -1.800127 
2957 -2.024752 
2958 1.318065 
2959 1.650711 
2960 1.580857 
2961 1.517225 
2962 1.641827 
2963 1.611664 
2964 1.479592 
2965 1.592550 
2966 1.607595 
2967 1.654623 
2968 1.655934 
2969 1.623534 
2970 1.557280 
2971 1.642667 
2972 1.923799 
2973 1.802540 
2974 1.794885 
2975 0.950879 
2976 2.250793 
2977 2.540546 
2978 0.177128 
2979 0.221324 
2980 1.049955 
2981 -2.341464 
2982 -2.144890 
2983 -2.313760 
2984 -2.128510 
2985 -2.064837 
2986 -2.280174 
2987 -2.210845 
2988 -2.430969 
2989 -2.266398 
2990 -2.022500 
2991 -2.227050 
2992 -2.186178 
2993 -2.388586 
2994 -2.108497 
2995 1.352255 
2996 1.310069 
2997 1.633455 
2998 1.614954 
2999 1.826075 
3000 1.041905 
3001 1.713961 
3002 1.796977 
3003 1.703002 
3004 1.545680 
3005 1.485190 
3006 1.631864 
3007 1.722291 
3008 1.664939 
3009 1.595776 
3010 1.467311 
3011 1.672385 
3012 1.624947 
3013 2.087569 
3014 1.990035 
3015 0.792841 
3016 2.409374 
3017 2.433305 
3018 0.173647 
3019 0.303921 
3020 0.834801 
3021 -2.369563 
3022 -2.203074 
3023 -2.282315 
3024 -2.180990 
3025 -2.468330 
3026 -2.284410 
3027 -2.342737 
3028 -2.216612 
3029 -2.230407 
3030 -2.393318 
3031 -2.316698 
3032 1.452814 
3033 1.490890 
3034 1.673279 
3035 1.674403 
3036 1.522082 
3037 1.646017 
3038 1.692408 
3039 1.551342 
3040 1.615585 
3041 1.556627 
3042 1.645010 
3043 1.566039 
3044 1.628489 
3045 1.722313 
3046 1.442631 
3047 1.575269 
3048 1.672572 
3049 1.635161 
3050 1.663263 
3051 1.540322 
3052 1.849438 
3053 1.897657 
3054 1.811907 
3055 1.121144 
3056 2.374597 
3057 2.400866 
3058 0.298917 
3059 0.213158 
3060 1.003913 
3061 -2.167900 
3062 -2.129749 
3063 -2.372099 
3064 -2.134494 
3065 -2.091891 
3066 -2.145349 
3067 -2.905334 
3068 -1.290910 
3069 1.768587 
3070 1.774884 
3071 1.803070 
3072 1.582533 
3073 1.533681 
3074 1.718359 
3075 1.488909 
3076 1.567861 
3077 1.693696 
3078 1.576204 
3079 1.580641 
3080 1.635159 
3081 1.587129 
3082 1.480030 
3083 1.604659 
3084 1.536053 
3085 1.625469 
3086 1.649525 
3087 1.528182 
3088 1.599737 
3089 1.675117 
3090 1.484429 
3091 1.575018 
3092 1.883438 
3093 1.805806 
3094 1.679410 
3095 1.152810 
3096 2.275976 
3097 2.475524 
3098 0.726712 
3099 0.682851 
3100 3.068260 
3101 -0.421890 
3102 -0.531627 
3103 -0.702146 
3104 -0.946513 
3105 -0.921235 
3106 2.328135 
3107 2.386442 
3108 1.627879 
3109 1.654088 
3110 1.691136 
3111 1.409295 
3112 1.532239 
3113 1.589967 
3114 1.775449 
3115 1.441064 
3116 1.565928 
3117 1.616653 
3118 1.545274 
3119 1.585101 
3120 1.681204 
3121 1.662530 
3122 1.522035 
3123 1.463948 
3124 1.513066 
3125 1.592599 
3126 1.657410 
3127 1.614321 
3128 1.621007 
3129 1.628492 
3130 1.614624 
3131 1.557479 
3132 1.791303 
3133 1.712957 
3134 1.688089 
3135 1.368185 
3136 1.934974 
3137 2.197556 
3138 1.122038 
3139 1.167626 
3140 1.255369 
3141 -0.197253 
3142 0.103594 
3143 3.768439 
3144 1.446534 
3145 1.788860 
3146 1.592213 
3147 1.471396 
3148 1.698284 
3149 1.615754 
3150 1.601648 
3151 1.516163 
3152 1.571760 
3153 1.619889 
3154 1.628002 
3155 1.594888 
3156 1.552023 
3157 1.728491 
3158 1.500871 
3159 1.601260 
3160 1.582774 
3161 1.469533 
3162 1.657886 
3163 1.538967 
3164 1.516384 
3165 1.484840 
3166 1.673768 
3167 1.684681 
3168 1.627340 
3169 1.514391 
3170 1.580495 
3171 1.704994 
3172 1.730377 
3173 1.797800 
3174 1.686125 
3175 1.450717 
3176 1.959031 
3177 2.363410 
3178 0.967099 
3179 1.136830 
3180 1.596771 
3181 1.507084 
3182 1.645643 
3183 1.562310 
3184 1.661009 
3185 1.519664 
3186 1.611910 
3187 1.518304 
3188 1.703479 
3189 1.548462 
3190 1.570844 
3191 1.515941 
3192 1.504459 
3193 1.560252 
3194 1.602816 
3195 1.742698 
3196 1.481807 
3197 1.721224 
3198 1.623886 
3199 1.542920 
3200 1.528277 
3201 1.612956 
3202 1.472695 
3203 1.687657 
3204 1.627138 
3205 1.506239 
3206 1.623363 
3207 1.646089 
3208 1.633351 
3209 1.590809 
3210 1.677253 
3211 1.541342 
3212 1.892456 
3213 1.818395 
3214 1.681297 
3215 1.029044 
3216 0.803213 
3217 1.650869 
3218 1.828554 
3219 1.790207 
3220 1.512075 
3221 1.773690 
3222 1.457186 
3223 1.407851 
3224 1.605109 
3225 1.509999 
3226 1.553101 
3227 1.504464 
3228 1.508050 
3229 1.522165 
3230 1.531350 
3231 1.644120 
3232 1.481017 
3233 1.631751 
3234 1.503278 
3235 1.508613 
3236 1.582292 
3237 1.674516 
3238 1.531507 
3239 1.439158 
3240 0.985867 
3241 1.675163 
3242 1.869581 
3243 1.689972 
3244 2.149513 
3245 2.202384 
3246 1.049065 
3247 0.958583 
3248 0.473205 
3249 -0.075180 
3250 -2.707140 
3251 -3.050065 
3252 -1.826916 
3253 -2.048073 
3254 -2.139269 
3255 -2.030899 
3256 -1.721326 
3257 -1.873124 
3258 -1.935565 
3259 -1.824118 
3260 -2.480198 
3261 -2.003681 
3262 -1.873636 
3263 -2.060765 
3264 -1.864587 
3265 1.415332 
3266 1.333658 
3267 1.921130 
3268 1.805498 
3269 1.657855 
3270 1.607996 
3271 1.667686 
3272 2.195283 
3273 1.548495 
3274 1.539113 
3275 1.444409 
3276 1.405852 
3277 1.365687 
3278 0.994674 
3279 -2.807443 
3280 -1.231922 
3281 -1.367406 
3282 -2.514230 
3283 -2.726210 
3284 -1.903998 
3285 -2.040787 
3286 -2.101564 
3287 -2.067466 
3288 -1.986571 
3289 -2.006174 
3290 -1.984612 
3291 -2.055000 
3292 -2.161456 
3293 -2.265602 
3294 -1.981705 
3295 -1.986485 
3296 -2.559398 
3297 -2.206242 
3298 -2.100616 
3299 -2.388645 
3300 -1.522257 
3301 -2.073805 
3302 1.613528 
3303 1.698547 
3304 1.610144 
3305 1.432082 
3306 1.574601 
3307 1.724383 
3308 1.868992 
3309 1.714199 
3310 1.413240 
3311 1.545272 
3312 2.699859 
3313 0.866838 
3314 1.423506 
3315 1.318697 
3316 -0.044026 
3317 -0.080017 
3318 -0.628344 
3319 -3.874382 
3320 -1.733913 
3321 -1.780674 
3322 -2.392399 
3323 -2.441609 
3324 -2.048539 
3325 -2.037035 
3326 -1.924142 
3327 -2.189039 
3328 -2.055909 
3329 -2.134115 
3330 -2.220115 
3331 -1.935204 
3332 -2.389067 
3333 -2.346083 
3334 -2.042743 
3335 -2.085517 
3336 -2.245670 
3337 -2.215067 
3338 -2.181580 
3339 1.437146 
3340 1.255794 
3341 1.745512 
3342 1.661796 
3343 1.660841 
3344 1.603142 
3345 1.552005 
3346 1.549649 
3347 1.570710 
3348 1.904536 
3349 1.828154 
3350 1.429562 
3351 1.392047 
3352 2.957638 
3353 1.106653 
3354 1.000925 
3355 0.884078 
3356 -0.800842 
3357 -0.829608 
3358 -1.251633 
3359 -3.609555 
3360 -1.846825 
3361 -1.759256 
3362 -2.345883 
3363 -2.269089 
3364 -2.018584 
3365 -1.985997 
3366 -2.212100 
3367 -1.925380 
3368 -2.143655 
3369 -1.999634 
3370 -2.152289 
3371 -1.929474 
3372 -1.951942 
3373 -2.082063 
3374 -2.020502 
3375 -2.295345 
3376 1.412867 
3377 1.343987 
3378 1.767316 
3379 1.721824 
3380 1.514464 
3381 1.724302 
3382 1.473841 
3383 1.607504 
3384 1.729888 
3385 1.716647 
3386 1.648326 
3387 1.481465 
3388 1.845166 
3389 2.175229 
3390 1.182254 
3391 1.261961 
3392 3.407117 
3393 0.586036 
3394 0.463361 
3395 0.499284 
3396 -1.463550 
3397 -1.288377 
3398 -1.254471 
3399 -3.503892 
3400 -1.792204 
3401 -1.764237 
3402 -2.330325 
3403 -2.265319 
3404 -2.215588 
3405 -2.138077 
3406 -2.072434 
3407 -2.067606 
3408 -2.043334 
3409 -2.268024 
3410 -2.300279 
3411 -2.391723 
3412 -1.793795 
3413 1.462635 
3414 1.243935 
3415 1.905217 
3416 1.562182 
3417 1.473495 
3418 1.573895 
3419 1.682837 
3420 1.605643 
3421 1.664850 
3422 1.551081 
3423 1.558503 
3424 1.671019 
3425 1.575404 
3426 1.679823 
3427 1.456458 
3428 1.924095 
3429 2.461838 
3430 1.048504 
3431 1.037233 
3432 3.255212 
3433 0.249419 
3434 0.093056 
3435 0.429618 
3436 -1.447087 
3437 -1.740865 
3438 -1.537617 
3439 -3.261801 
3440 -2.053524 
3441 -2.024633 
3442 -2.241066 
3443 -2.123443 
3444 -2.437817 
3445 -1.955060 
3446 -2.074209 
3447 -2.388077 
3448 -1.815294 
3449 -2.034332 
3450 1.360889 
3451 1.460733 
3452 1.581502 
3453 1.450803 
3454 1.643442 
3455 1.674389 
3456 1.537328 
3457 1.619700 
3458 1.622502 
3459 1.617441 
3460 1.722239 
3461 1.467530 
3462 1.591069 
3463 1.689421 
3464 1.695889 
3465 1.661365 
3466 1.683424 
3467 1.432159 
3468 2.032933 
3469 2.283874 
3470 1.098788 
3471 1.088832 
3472 3.317743 
3473 0.424188 
3474 0.375425 
3475 0.042718 
3476 -1.535403 
3477 -1.476502 
3478 -1.664808 
3479 -3.112703 
3480 -2.108391 
3481 -2.416821 
3482 -2.269608 
3483 -2.314349 
3484 -2.295982 
3485 -2.236028 
3486 -2.361104 
3487 1.399668 
3488 1.529017 
3489 1.623658 
3490 1.449755 
3491 1.700135 
3492 1.621094 
3493 1.532639 
3494 1.626001 
3495 1.536655 
3496 1.557297 
3497 1.594674 
3498 1.600310 
3499 1.552815 
3500 1.623541 
3501 1.538204 
3502 1.455914 
3503 1.686243 
3504 1.662569 
3505 1.796375 
3506 1.692744 
3507 1.401983 
3508 2.175550 
3509 2.316534 
3510 0.961882 
3511 0.972019 
3512 3.309251 
3513 0.758021 
3514 0.297743 
3515 0.402209 
3516 -1.752412 
3517 -1.639810 
3518 -2.218437 
3519 -2.623263 
3520 -2.026040 
3521 -2.321596 
3522 -2.837976 
3523 -2.457414 
3524 1.421784 
3525 1.504863 
3526 1.635077 
3527 1.787703 
3528 1.579005 
3529 1.509549 
3530 1.560452 
3531 1.577157 
3532 1.510799 
3533 1.541649 
3534 1.733475 
3535 1.644519 
3536 1.681713 
3537 1.485199 
3538 1.578638 
3539 1.570920 
3540 1.677118 
3541 1.553683 
3542 1.562705 
3543 1.581279 
3544 1.692809 
3545 1.741147 
3546 1.724928 
3547 1.313243 
3548 2.008515 
3549 2.233022 
3550 1.253466 
3551 1.239422 
3552 3.119769 
3553 0.792601 
3554 0.922608 
3555 0.850514 
3556 -0.384833 
3557 -1.006646 
3558 -1.303703 
3559 -3.506220 
3560 -0.928263 
3561 1.777449 
3562 2.045953 
3563 1.759552 
3564 1.661609 
3565 1.626822 
3566 1.536565 
3567 1.529973 
3568 1.639446 
3569 1.575753 
3570 1.494994 
3571 1.621638 
3572 1.451645 
3573 1.571673 
3574 1.655394 
3575 1.623950 
3576 1.475751 
3577 1.712241 
3578 1.545130 
3579 1.533237 
3580 1.711667 
3581 1.570494 
3582 1.558883 
3583 1.493780 
3584 1.848310 
3585 1.587065 
3586 1.745875 
3587 1.356430 
3588 1.894617 
3589 2.150485 
3590 1.296425 
3591 1.269665 
3592 2.778992 
3593 1.254376 
3594 1.205791 
3595 1.077144 
3596 -0.255835 
3597 -0.097803 
3598 2.602427 
3599 2.347932 
3600 1.698438 
3601 1.635720 
3602 1.548397 
3603 1.393432 
3604 1.599866 
3605 1.764175 
3606 1.503528 
3607 1.513097 
3608 1.575030 
3609 1.500010 
3610 1.487026 
3611 1.674073 
3612 1.584698 
3613 1.519542 
3614 1.618010 
3615 1.601518 
3616 1.512579 
3617 1.640069 
3618 1.575529 
3619 1.600785 
3620 1.538231 
3621 1.618983 
3622 1.580746 
3623 1.656028 
3624 1.482564 
3625 1.581917 
3626 1.888817 
3627 1.537805 
3628 1.885361 
3629 1.815048 
3630 1.530396 
3631 1.295799 
3632 1.698646 
3633 0.724420 
3634 0.839554 
3635 2.759533 
3636 1.496709 
3637 1.684797 
3638 1.621735 
3639 1.588109 
3640 1.619647 
3641 1.688580 
3642 1.482791 
3643 1.521028 
3644 1.440869 
3645 1.530708 
3646 1.703867 
3647 1.670914 
3648 1.667084 
3649 1.749981 
3650 1.513714 
3651 1.457822 
3652 1.511112 
3653 1.409091 
3654 1.730905 
3655 1.718853 
3656 1.514200 
3657 1.586342 
3658 1.577261 
3659 1.664052 
3660 1.490024 
3661 1.532894 
3662 1.650476 
3663 1.652928 
3664 1.670893 
3665 1.748548 
3666 1.643414 
3667 1.395080 
3668 2.005336 
3669 1.744219 
3670 1.367972 
3671 1.336457 
3672 1.605543 
3673 1.610332 
3674 1.666642 
3675 1.275730 
3676 1.833226 
3677 1.478279 
3678 1.549042 
3679 1.447234 
3680 1.697128 
3681 1.286151 
3682 1.652928 
3683 1.624218 
3684 1.673045 
3685 1.536276 
3686 1.514415 
3687 1.465718 
3688 1.493590 
3689 1.528441 
3690 1.641123 
3691 1.589268 
3692 1.708363 
3693 1.832731 
3694 1.528848 
3695 1.149882 
3696 1.405494 
3697 1.772776 
3698 1.661128 
3699 1.235975 
3700 3.067475 
3701 1.225380 
3702 1.246019 
3703 -0.451101 
3704 -0.365093 
3705 -1.875353 
3706 -1.848382 
3707 -3.271653 
3708 -1.631333 
3709 -1.949792 
3710 -1.926776 
3711 -2.038724 
3712 -2.013567 
3713 -1.829949 
3714 -1.861173 
3715 -1.877412 
3716 -2.140253 
3717 -2.035545 
3718 -2.118119 
3719 -2.111828 
3720 1.339145 
3721 1.481446 
3722 1.538357 
3723 1.837925 
3724 1.676639 
3725 1.576427 
3726 1.668405 
3727 1.635321 
3728 1.855218 
3729 1.999538 
3730 2.121143 
3731 0.077813 
3732 1.003867 
3733 1.333561 
3734 -2.605662 
3735 -2.445452 
3736 -1.115415 
3737 -2.250411 
3738 -2.265458 
3739 -2.355093 
3740 -2.157329 
3741 -1.922294 
3742 -2.023569 
3743 -2.060425 
3744 -2.000822 
3745 -2.106590 
3746 -1.912344 
3747 -1.923930 
3748 -2.259670 
3749 -2.172497 
3750 -1.897202 
3751 -2.013119 
3752 -2.132690 
3753 -2.249304 
3754 -2.524523 
3755 -2.161101 
3756 -2.163024 
3757 1.227899 
3758 1.432567 
3759 1.481026 
3760 1.550637 
3761 1.463392 
3762 1.730005 
3763 1.576566 
3764 1.993329 
3765 1.542953 
3766 1.564486 
3767 1.390450 
3768 1.951949 
3769 1.687249 
3770 2.077032 
3771 -0.831469 
3772 -0.269822 
3773 -0.279964 
3774 -2.589602 
3775 -2.994780 
3776 -1.729754 
3777 -2.180519 
3778 -2.177581 
3779 -1.992980 
3780 -1.830111 
3781 -1.809741 
3782 -1.967705 
3783 -1.958204 
3784 -1.965960 
3785 -2.230305 
3786 -2.130692 
3787 -2.088370 
3788 -2.342453 
3789 -2.094351 
3790 -2.226546 
3791 -2.208976 
3792 -1.795788 
3793 -1.944517 
3794 1.460150 
3795 1.534637 
3796 1.483683 
3797 1.565769 
3798 1.619639 
3799 1.589702 
3800 1.530295 
3801 1.694095 
3802 1.510916 
3803 1.602768 
3804 2.238033 
3805 1.530423 
3806 1.406646 
3807 1.557915 
3808 1.828648 
3809 1.458631 
3810 1.739953 
3811 -2.103456 
3812 -1.280098 
3813 -0.707937 
3814 -2.608274 
3815 -3.010014 
3816 -1.653485 
3817 -2.059626 
3818 -2.228544 
3819 -2.164166 
3820 -2.064049 
3821 -2.137810 
3822 -2.060524 
3823 -1.861595 
3824 -2.214687 
3825 -2.309847 
3826 -2.009461 
3827 -1.924652 
3828 -1.946595 
3829 -1.818731 
3830 -2.082959 
3831 1.280318 
3832 1.361722 
3833 1.609815 
3834 1.664512 
3835 1.634480 
3836 1.560809 
3837 1.634099 
3838 1.481976 
3839 1.592951 
3840 1.681383 
3841 1.705436 
3842 1.368970 
3843 1.557465 
3844 2.316801 
3845 1.415223 
3846 1.377735 
3847 1.364790 
3848 0.427083 
3849 0.974969 
3850 1.335065 
3851 -3.063249 
3852 -1.352629 
3853 -1.481702 
3854 -2.573190 
3855 -2.609611 
3856 -2.116107 
3857 -2.083158 
3858 -2.101100 
3859 -2.218021 
3860 -2.132033 
3861 -2.237582 
3862 -2.064120 
3863 -2.015444 
3864 -2.025391 
3865 -2.033912 
3866 -2.166960 
3867 -2.149489 
3868 1.334917 
3869 1.513382 
3870 1.703267 
3871 1.658659 
3872 1.475931 
3873 1.463010 
3874 1.608266 
3875 1.675884 
3876 1.564703 
3877 1.505528 
3878 1.711184 
3879 1.610928 
3880 1.586455 
3881 1.707192 
3882 1.367157 
3883 1.654867 
3884 2.566764 
3885 1.243890 
3886 1.348166 
3887 1.443746 
3888 0.572442 
3889 0.311481 
3890 0.044215 
3891 -3.384223 
3892 -1.583903 
3893 -1.808992 
3894 -2.586314 
3895 -2.360450 
3896 -1.999510 
3897 -2.221044 
3898 -2.101804 
3899 -2.231399 
3900 -2.047674 
3901 -2.190256 
3902 -2.288182 
3903 -2.205216 
3904 -1.886673 
3905 1.373726 
3906 1.404488 
3907 1.723811 
3908 1.472764 
3909 1.613657 
3910 1.515877 
3911 1.682243 
3912 1.488189 
3913 1.740785 
3914 1.601953 
3915 1.437594 
3916 1.606809 
3917 1.520255 
3918 1.630258 
3919 1.613982 
3920 1.746938 
3921 1.804115 
3922 1.429591 
3923 1.437765 
3924 2.625533 
3925 1.301316 
3926 1.378265 
3927 1.328993 
3928 0.102756 
3929 0.394817 
3930 0.010851 
3931 -3.580639 
3932 -1.972982 
3933 -1.621236 
3934 -2.720913 
3935 -2.559162 
3936 -2.073931 
3937 -2.306914 
3938 -2.395793 
3939 -2.562940 
3940 -1.865591 
3941 -1.901487 
3942 1.516364 
3943 1.348171 
3944 1.572606 
3945 1.518750 
3946 1.541306 
3947 1.639265 
3948 1.535081 
3949 1.494965 
3950 1.646207 
3951 1.526830 
3952 1.591873 
3953 1.543715 
3954 1.646097 
3955 1.549191 
3956 1.669675 
3957 1.630621 
3958 1.498648 
3959 1.603794 
3960 1.809775 
3961 1.781443 
3962 1.661584 
3963 1.405826 
3964 2.701163 
3965 1.193163 
3966 1.322540 
3967 1.301991 
3968 0.773062 
3969 0.425930 
3970 0.147482 
3971 -3.244508 
3972 -1.372243 
3973 -1.738879 
3974 -2.535250 
3975 -2.687920 
3976 -2.000670 
3977 -2.205040 
3978 -2.463028 
3979 1.553606 
3980 1.465222 
3981 1.694658 
3982 1.556391 
3983 1.566165 
3984 1.585070 
3985 1.613621 
3986 1.482058 
3987 1.599314 
3988 1.661159 
3989 1.628076 
3990 1.546185 
3991 1.524404 
3992 1.498258 
3993 1.761672 
3994 1.571201 
3995 1.461231 
3996 1.613377 
3997 1.614385 
3998 1.538191 
3999 1.549911 
4000 1.772211 
4001 1.767103 
4002 1.548949 
4003 1.441055 
4004 2.156762 
4005 1.702517 
4006 1.437656 
4007 1.382435 
4008 1.113909 
4009 1.471213 
4010 2.157546 
4011 -1.248158 
4012 -0.797567 
4013 -1.448086 
4014 -2.785839 
4015 -3.038954 
4016 1.634117 
4017 1.597520 
4018 1.593643 
4019 1.411841 
4020 1.558116 
4021 1.651342 
4022 1.565212 
4023 1.518490 
4024 1.679511 
4025 1.477638 
4026 1.598350 
4027 1.561113 
4028 1.632403 
4029 1.562147 
4030 1.547661 
4031 1.534248 
4032 1.649843 
4033 1.597287 
4034 1.514155 
4035 1.566629 
4036 1.664474 
4037 1.647889 
4038 1.496864 
4039 1.518093 
4040 1.935147 
4041 1.509969 
4042 1.476937 
4043 1.445115 
4044 2.393057 
4045 1.345146 
4046 1.460404 
4047 1.446050 
4048 2.097390 
4049 2.015925 
4050 1.343117 
4051 -0.515362 
4052 -0.272421 
4053 1.969978 
4054 1.910995 
4055 1.896316 
4056 1.806041 
4057 1.596872 
4058 1.450079 
4059 1.413065 
4060 1.505495 
4061 1.555866 
4062 1.678374 
4063 1.573644 
4064 1.551460 
4065 1.606847 
4066 1.600541 
4067 1.527195 
4068 1.437868 
4069 1.613956 
4070 1.549913 
4071 1.684413 
4072 1.507022 
4073 1.553355 
4074 1.720534 
4075 1.520435 
4076 1.742325 
4077 1.623271 
4078 1.485492 
4079 1.495602 
4080 1.654338 
4081 1.916286 
4082 1.475181 
4083 1.481202 
4084 2.078630 
4085 1.582176 
4086 1.391143 
4087 1.488866 
4088 0.342958 
4089 0.557178 
4090 2.316843 
4091 2.444477 
4092 1.687795 
4093 1.658791 
4094 1.514816 
4095 1.477960 
4096 1.629090 
4097 1.550771 
4098 1.525354 
4099 1.611544 
4100 1.500814 
4101 1.577277 
4102 1.658627 
4103 1.559713 
4104 1.594023 
4105 1.752113 
4106 1.521647 
4107 1.421736 
4108 1.613914 
4109 1.545298 
4110 1.664325 
4111 1.456299 
4112 1.520249 
4113 1.809180 
4114 1.693186 
4115 1.413630 
4116 1.685616 
4117 1.600937 
4118 1.556229 
4119 1.492422 
4120 1.627680 
4121 1.822648 
4122 1.495402 
4123 1.495281 
4124 1.675202 
4125 1.018707 
4126 0.966009 
4127 2.409858 
4128 1.802454 
4129 1.706441 
4130 1.202889 
4131 1.329407 
4132 1.749492 
4133 1.266812 
4134 1.696710 
4135 1.560318 
4136 1.678226 
4137 1.496367 
4138 1.437161 
4139 1.627040 
4140 1.757029 
4141 1.487864 
4142 1.517250 
4143 1.393311 
4144 1.585577 
4145 1.641349 
4146 1.501693 
4147 1.405838 
4148 1.617993 
4149 1.430258 
4150 1.141095 
4151 1.957990 
4152 2.433061 
4153 1.906257 
4154 1.141257 
4155 0.209096 
4156 -0.965926 
4157 -1.712852 
4158 -2.242181 
4159 -2.598213 
4160 -1.853887 
4161 -1.723890 
4162 -1.521884 
4163 -2.125845 
4164 1.468938 
4165 2.049003 
4166 1.509275 
4167 1.101498 
4168 1.172013 
4169 -0.516478 
4170 -1.726565 
4171 -3.524818 
4172 -1.932619 
4173 -2.093782 
4174 -1.817784 
4175 -1.656583 
4176 -1.688912 
4177 1.352265 
4178 1.636351 
4179 1.693409 
4180 3.093939 
4181 1.813632 
4182 0.181448 
4183 -1.001553 
4184 -1.791636 
4185 -2.183352 
4186 -2.034932 
4187 -1.954899 
4188 -1.923124 
4189 -1.960110 
4190 1.220279 
4191 1.509588 
4192 1.862030 
4193 2.070738 
4194 1.458494 
4195 0.575214 
4196 -0.460746 
4197 -1.632407 
4198 -2.228594 
4199 -2.788206 
4200 -1.893090 
4201 -1.642167 
4202 -2.088681 
4203 1.168933 
4204 1.317154 
4205 1.630206 
4206 1.657843 
4207 1.513071 
4208 2.818525 
4209 1.169707 
4210 -1.161023 
4211 -2.161578 
4212 -1.827550 
4213 -1.847697 
4214 -1.844536 
4215 -2.039460 
4216 1.297768 
4217 1.705109 
4218 1.517509 
4219 1.722037 
4220 2.325897 
4221 1.880563 
4222 1.350417 
4223 0.305855 
4224 -0.726645 
4225 -1.837905 
4226 -2.598645 
4227 -2.588266 
4228 -2.258601 
4229 1.117074 
4230 1.355635 
4231 1.391123 
4232 1.668316 
4233 1.670878 
4234 1.633874 
4235 1.192109 
4236 2.522437 
4237 1.005927 
4238 -0.923787 
4239 -2.242881 
4240 -1.658917 
4241 -2.076233 
4242 1.587611 
4243 1.495654 
4244 1.621635 
4245 1.512042 
4246 1.545020 
4247 1.554459 
4248 2.356080 
4249 2.021158 
4250 1.248340 
4251 0.478210 
4252 -0.408804 
4253 -1.373588 
4254 -2.150014 
4255 2.938193 
4256 1.525216 
4257 1.592342 
4258 1.379934 
4259 1.636938 
4260 1.694710 
4261 1.652526 
4262 1.436709 
4263 1.370397 
4264 3.043966 
4265 1.698724 
4266 -0.115176 
4267 -1.303898 
4268 1.788740 
4269 1.538599 
4270 1.296857 
4271 1.432308 
4272 1.552328 
4273 1.448801 
4274 1.529307 
4275 1.680288 
4276 2.162325 
4277 1.996132 
4278 1.306747 
4279 0.582189 
4280 0.051069 
4281 2.005521 
4282 1.839414 
4283 1.770247 
4284 1.627939 
4285 1.437036 
4286 1.574469 
4287 1.649864 
4288 1.576783 
4289 1.652715 
4290 1.506219 
4291 1.466915 
4292 1.065448 
4293 0.503585 
4294 2.214898 
4295 2.016319 
4296 1.613749 
4297 1.418362 
4298 1.526994 
4299 1.634679 
4300 1.604447 
4301 1.700962 
4302 1.547305 
4303 1.360104 
4304 1.570466 
4305 1.343513 
4306 1.026804 
4307 2.128178 
4308 1.748394 
4309 1.293103 
4310 1.611460 
4311 1.456630 
4312 1.288323 
4313 1.470768 
4314 1.815810 
4315 1.589655 
4316 1.670493 
4317 1.662743 
4318 1.621690 
4319 1.197799 
4320 1.716391 
4321 1.909401 
4322 1.703861 
4323 0.649928 
4324 -0.028339 
4325 -1.674532 
4326 -2.192871 
4327 -3.142984 
4328 -1.999955 
4329 -1.677508 
4330 -1.693530 
4331 -1.700880 
4332 -2.351753 
4333 1.210222 
4334 1.329095 
4335 1.416226 
4336 2.241429 
4337 0.742214 
4338 -1.114494 
4339 -2.758628 
4340 -1.730979 
4341 -1.905895 
4342 -1.709501 
4343 -1.656115 
4344 -1.585630 
4345 -2.238785 
4346 1.078064 
4347 1.464131 
4348 2.598883 
4349 2.161523 
4350 0.837014 
4351 -0.210483 
4352 -1.353975 
4353 -1.718020 
4354 -2.207070 
4355 -2.231315 
4356 -2.267555 
4357 -1.870949 
4358 -1.933855 
4359 0.938981 
4360 1.543918 
4361 1.630571 
4362 1.786162 
4363 1.230310 
4364 1.005353 
4365 -0.524944 
4366 -1.763911 
4367 -3.386501 
4368 -1.768627 
4369 -1.906690 
4370 -1.654874 
4371 -2.011853 
4372 1.205941 
4373 1.720201 
4374 1.575526 
4375 1.739643 
4376 2.903907 
4377 2.028081 
4378 0.462147 
4379 -0.598146 
4380 -1.663969 
4381 -2.085626 
4382 -2.185512 
4383 -2.062277 
4384 -2.554907 
4385 0.974854 
4386 1.261692 
4387 1.338854 
4388 1.778108 
4389 1.805623 
4390 1.600462 
4391 0.906610 
4392 0.775571 
4393 -0.920439 
4394 -1.944969 
4395 -3.350569 
4396 -1.748880 
4397 -2.243787 
4398 0.975676 
4399 1.419624 
4400 1.575797 
4401 1.599580 
4402 1.415403 
4403 1.657238 
4404 2.799511 
4405 2.060872 
4406 0.460873 
4407 -0.593384 
4408 -1.461752 
4409 -1.785191 
4410 -2.713124 
4411 1.486178 
4412 1.510787 
4413 1.534385 
4414 1.522118 
4415 1.590765 
4416 1.689842 
4417 2.071866 
4418 1.467155 
4419 0.959519 
4420 1.025438 
4421 -0.690575 
4422 -1.731464 
4423 -3.450327 
4424 1.373320 
4425 1.581445 
4426 1.631791 
4427 1.564708 
4428 1.628281 
4429 1.506359 
4430 1.506369 
4431 1.563962 
4432 3.029486 
4433 1.924338 
4434 0.633138 
4435 -0.197388 
4436 -0.857376 
4437 1.948997 
4438 1.945412 
4439 1.555571 
4440 1.508000 
4441 1.455340 
4442 1.791890 
4443 1.462505 
4444 1.700789 
4445 1.924804 
4446 1.584420 
4447 1.027191 
4448 0.517921 
4449 -0.205322 
4450 2.634905 
4451 2.225824 
4452 1.473216 
4453 1.522941 
4454 1.303018 
4455 1.853329 
4456 1.603832 
4457 1.546042 
4458 1.474681 
4459 1.648783 
4460 1.699712 
4461 1.325151 
4462 0.759753 
4463 2.306090 
4464 1.630559 
4465 1.610035 
4466 1.447884 
4467 1.453196 
4468 1.762410 
4469 1.617636 
4470 1.395316 
4471 1.435778 
4472 1.831516 
4473 1.852685 
4474 1.541856 
4475 1.049608 
4476 1.814910 
4477 1.579108 
4478 1.478484 
4479 1.206786 
4480 1.393723 
4481 1.592126 
4482 1.528045 
4483 1.603449 
4484 1.684826 
4485 1.528477 
4486 1.468673 
4487 1.590615 
4488 1.107833 
4489 1.741770 
4490 1.834894 
4491 1.400017 
4492 1.680311 
4493 0.016531 
4494 -1.558263 
4495 -2.968145 
4496 -1.597021 
4497 -1.738187 
4498 -1.896963 
4499 -1.698951 
4500 -1.723019 
4501 -2.407072 
4502 0.949056 
4503 1.273074 
4504 3.037438 
4505 1.837852 
4506 0.381017 
4507 -0.494337 
4508 -1.514257 
4509 -1.731229 
4510 -1.950938 
4511 -2.313716 
4512 -2.223744 
4513 -2.084105 
4514 -1.882810 
4515 1.069933 
4516 1.791573 
4517 1.923424 
4518 1.631178 
4519 0.759412 
4520 0.053529 
4521 -1.278765 
4522 -2.149955 
4523 -3.198811 
4524 -1.883228 
4525 -1.970490 
4526 -1.602811 
4527 -2.037303 
4528 1.064545 
4529 1.582975 
4530 1.547787 
4531 1.882563 
4532 2.912169 
4533 1.288525 
4534 -0.329522 
4535 -1.781160 
4536 -1.726330 
4537 -1.866730 
4538 -1.884498 
4539 -1.755517 
4540 -2.326670 
4541 0.943734 
4542 1.357419 
4543 1.438545 
4544 2.239995 
4545 2.240319 
4546 1.136145 
4547 0.363670 
4548 -0.735398 
4549 -1.691141 
4550 -2.365719 
4551 -2.756288 
4552 -1.770480 
4553 -2.337965 
4554 1.005541 
4555 1.191224 
4556 1.683117 
4557 1.456674 
4558 1.692837 
4559 1.287005 
4560 2.165690 
4561 0.376090 
4562 -1.402170 
4563 -2.820485 
4564 -1.801299 
4565 -2.067812 
4566 -2.171262 
4567 0.915818 
4568 1.476040 
4569 1.571319 
4570 1.591099 
4571 1.579265 
4572 2.381244 
4573 2.296078 
4574 0.861372 
4575 -0.017669 
4576 -0.761418 
4577 -1.579148 
4578 -2.020673 
4579 -3.039398 
4580 1.424166 
4581 1.558732 
4582 1.636707 
4583 1.594447 
4584 1.532712 
4585 1.693470 
4586 1.515178 
4587 1.418281 
4588 2.795328 
4589 0.895550 
4590 -1.002584 
4591 -2.307356 
4592 -1.430039 
4593 1.548448 
4594 1.747264 
4595 1.703494 
4596 1.470101 
4597 1.564716 
4598 1.596448 
4599 1.600010 
4600 2.304488 
4601 2.017928 
4602 1.288027 
4603 0.540198 
4604 -0.210945 
4605 -0.801033 
4606 2.515281 
4607 2.384463 
4608 1.586995 
4609 1.609478 
4610 1.427912 
4611 1.584565 
4612 1.677535 
4613 1.570841 
4614 1.318357 
4615 1.583758 
4616 1.871965 
4617 0.680707 
4618 -0.232673 
4619 2.918658 
4620 1.717172 
4621 1.398758 
4622 1.505981 
4623 1.488645 
4624 1.384059 
4625 1.655693 
4626 1.538659 
4627 1.610203 
4628 2.060933 
4629 1.920174 
4630 1.422480 
4631 0.694662 
4632 1.695075 
4633 1.547116 
4634 1.381551 
4635 1.477159 
4636 1.598953 
4637 1.539940 
4638 1.572401 
4639 1.437179 
4640 1.586230 
4641 1.627801 
4642 1.741848 
4643 1.180506 
4644 0.915018 
4645 1.854785 
4646 1.696934 
4647 1.522028 
4648 1.431286 
4649 1.451482 
4650 1.485959 
4651 1.893343 
4652 1.689442 
4653 1.567707 
4654 1.541253 
4655 1.310221 
4656 1.420608 
4657 0.952118 
4658 1.804016 
4659 1.858958 
4660 2.715860 
4661 1.672681 
4662 -0.315688 
4663 -1.938350 
4664 -1.527844 
4665 -1.647753 
4666 -2.052602 
4667 -1.997613 
4668 -1.763135 
4669 -1.688185 
4670 -2.323955 
4671 0.924231 
4672 2.358552 
4673 1.946769 
4674 1.321350 
4675 0.058352 
4676 -0.886590 
4677 -1.589381 
4678 -2.054839 
4679 -2.720994 
4680 -2.158647 
4681 -1.894451 
4682 -1.585587 
4683 -1.873724 
4684 1.453505 
4685 1.648042 
4686 1.720057 
4687 1.435169 
4688 1.208152 
4689 -0.279973 
4690 -1.764146 
4691 -3.381315 
4692 -1.742202 
4693 -1.930374 
4694 -1.999161 
4695 -1.836026 
4696 -2.498201 
4697 0.921906 
4698 1.275898 
4699 1.420901 
4700 3.000083 
4701 1.970637 
4702 0.392593 
4703 -0.533311 
4704 -1.456396 
4705 -1.797642 
4706 -2.165996 
4707 -2.059398 
4708 -1.888056 
4709 -2.295215 
4710 0.950679 
4711 1.216087 
4712 1.728353 
4713 1.969573 
4714 1.575393 
4715 0.905244 
4716 0.563011 
4717 -1.064801 
4718 -1.960545 
4719 -3.335490 
4720 -1.805896 
4721 -1.837091 
4722 -2.144231 
4723 0.967492 
4724 1.374146 
4725 1.648606 
4726 1.537987 
4727 1.634571 
4728 3.104151 
4729 1.890597 
4730 0.013631 
4731 -1.154779 
4732 -1.543961 
4733 -1.697816 
4734 -2.056711 
4735 -2.203009 
4736 1.282770 
4737 1.635950 
4738 1.515650 
4739 1.713347 
4740 1.957816 
4741 1.877787 
4742 1.519484 
4743 0.669178 
4744 -0.021281 
4745 -1.730015 
4746 -2.367843 
4747 -3.017250 
4748 -2.033270 
4749 1.169037 
4750 1.573754 
4751 1.483640 
4752 1.653438 
4753 1.383265 
4754 1.497570 
4755 1.526896 
4756 3.181667 
4757 1.600022 
4758 0.122972 
4759 -1.053807 
4760 -1.285535 
4761 -1.954886 
4762 1.960016 
4763 1.709385 
4764 1.747572 
4765 1.312342 
4766 1.458006 
4767 1.701674 
4768 2.051210 
4769 1.827312 
4770 1.462379 
4771 0.815442 
4772 0.485985 
4773 -0.601639 
4774 -1.432239 
4775 3.681427 
4776 1.496687 
4777 1.435459 
4778 1.512390 
4779 1.664750 
4780 1.476870 
4781 1.614993 
4782 1.559297 
4783 1.445217 
4784 2.957730 
4785 1.844475 
4786 0.805756 
4787 -0.316298 
4788 1.906773 
4789 1.590926 
4790 1.161693 
4791 1.358103 
4792 1.518172 
4793 1.504274 
4794 1.555316 
4795 1.581375 
4796 1.795517 
4797 1.681802 
4798 1.775936 
4799 0.908894 
4800 0.258818 
4801 1.981460 
4802 1.834002 
4803 1.812136 
4804 1.531686 
4805 1.362389 
4806 1.513842 
4807 1.697862 
4808 1.499880 
4809 1.643148 
4810 1.423539 
4811 1.561401 
4812 1.355486 
4813 0.853083 
4814 1.965901 
4815 1.854594 
4816 1.628553 
4817 1.467229 
4818 1.660253 
4819 1.407858 
4820 1.628657 
4821 1.587862 
4822 1.431477 
4823 1.525067 
4824 1.726613 
4825 1.327593 
4826 1.116496 
4827 1.974940 
4828 2.408555 
4829 2.231031 
4830 0.833829 
4831 -0.303969 
4832 -1.252260 
4833 -1.724670 
4834 -2.160302 
4835 -2.405327 
4836 -1.741750 
4837 -1.674261 
4838 -1.508142 
4839 -2.204204 
4840 1.525579 
4841 1.828454 
4842 1.709317 
4843 1.088842 
4844 0.524365 
4845 -1.046486 
4846 -2.075543 
4847 -3.345953 
4848 -2.038325 
4849 -1.922613 
4850 -1.722544 
4851 -1.582885 
4852 -1.864270 
4853 1.415532 
4854 1.470951 
4855 1.482692 
4856 2.984573 
4857 1.521816 
4858 -0.192492 
4859 -1.574168 
4860 -1.652436 
4861 -1.910416 
4862 -1.856020 
4863 -1.908391 
4864 -2.000808 
4865 -1.877212 
4866 1.188235 
4867 1.402671 
4868 2.038723 
4869 2.027122 
4870 1.503325 
4871 0.210200 
4872 -0.580391 
4873 -1.565292 
4874 -2.163030 
4875 -2.832014 
4876 -1.920530 
4877 -1.748353 
4878 -2.218616 
4879 0.754670 
4880 1.480917 
4881 1.659798 
4882 1.663742 
4883 1.339879 
4884 1.833239 
4885 0.386232 
4886 -1.118122 
4887 -3.122344 
4888 -1.735771 
4889 -1.985634 
4890 -1.813855 
4891 -2.105723 
4892 1.229197 
4893 1.650654 
4894 1.638522 
4895 1.619872 
4896 2.683720 
4897 2.053323 
4898 0.898017 
4899 -0.236176 
4900 -1.136043 
4901 -1.828128 
4902 -2.294668 
4903 -2.372081 
4904 -2.424829 
4905 1.108999 
4906 1.169178 
4907 1.408059 
4908 1.556280 
4909 1.895372 
4910 1.492321 
4911 1.326872 
4912 1.582106 
4913 0.067479 
4914 -1.718950 
4915 -3.115696 
4916 -1.710818 
4917 -2.499115 
4918 1.225415 
4919 1.185263 
4920 1.403473 
4921 1.640982 
4922 1.691612 
4923 1.409598 
4924 3.125578 
4925 1.699438 
4926 0.867689 
4927 -0.178691 
4928 -0.979676 
4929 -1.775678 
4930 -2.554492 
4931 1.921050 
4932 1.454253 
4933 1.446470 
4934 1.620667 
4935 1.675103 
4936 1.837661 
4937 1.638513 
4938 1.565922 
4939 1.196817 
4940 2.228140 
4941 1.178390 
4942 -1.590547 
4943 -2.584954 
4944 1.620352 
4945 1.451058 
4946 1.567575 
4947 1.468219 
4948 1.498095 
4949 1.593800 
4950 1.437672 
4951 1.620422 
4952 2.635633 
4953 1.831355 
4954 1.202375 
4955 0.262166 
4956 -0.390976 
4957 2.032278 
4958 1.751313 
4959 1.891184 
4960 1.348255 
4961 1.610904 
4962 1.502427 
4963 1.745719 
4964 1.731609 
4965 1.687068 
4966 1.555085 
4967 1.217479 
4968 0.906490 
4969 0.159615 
4970 2.241134 
4971 2.219896 
4972 1.801093 
4973 1.378620 
4974 1.359495 
4975 1.665003 
4976 1.346988 
4977 1.660569 
4978 1.720553 
4979 1.439607 
4980 1.552612 
4981 1.465529 
4982 0.785622 
4983 2.220576 
4984 1.764750 
4985 1.577462 
4986 1.291031 
4987 1.417692 
4988 1.344911 
4989 1.479106 
4990 1.685176 
4991 1.665825 
4992 1.737671 
4993 1.627320 
4994 1.494358 
4995 1.298010 
4996 1.879244 
4997 1.837506 
4998 1.711767 
4999 0.533549 
5000 -0.161092 
5001 -1.536421 
5002 -2.123976 
5003 -3.004492 
5004 -1.977522 
5005 -2.010926 
5006 -1.599221 
5007 -1.672121 
5008 -2.104006 
5009 1.377018 
5010 1.365006 
5011 1.487511 
5012 1.731430 
5013 0.525647 
5014 -1.336857 
5015 -3.078028 
5016 -1.873923 
5017 -1.818040 
5018 -1.883061 
5019 -1.920184 
5020 -1.979552 
5021 -1.979339 
5022 1.156463 
5023 1.705387 
5024 2.538617 
5025 2.201944 
5026 0.719779 
5027 -0.452909 
5028 -1.330469 
5029 -1.987447 
5030 -2.152608 
5031 -2.151922 
5032 -2.167480 
5033 -1.947429 
5034 -1.998022 
5035 1.184626 
5036 1.405791 
5037 1.866226 
5038 1.816725 
5039 1.117340 
5040 0.585582 
5041 -0.801618 
5042 -1.927672 
5043 -3.330542 
5044 -2.059123 
5045 -1.943227 
5046 -1.691120 
5047 -1.836584 
5048 0.927086 
5049 1.529392 
5050 1.674237 
5051 2.006908 
5052 2.850640 
5053 1.889707 
5054 0.108816 
5055 -1.208426 
5056 -1.909098 
5057 -2.037837 
5058 -1.938257 
5059 -1.897580 
5060 -2.271303 
5061 1.187425 
5062 1.351109 
5063 1.467775 
5064 2.067416 
5065 1.897588 
5066 1.527560 
5067 0.631400 
5068 0.142952 
5069 -1.848094 
5070 -2.257565 
5071 -2.971368 
5072 -2.099154 
5073 -2.151906 
5074 0.891735 
5075 1.450303 
5076 1.478679 
5077 1.665493 
5078 1.622565 
5079 1.443378 
5080 2.756253 
5081 1.787815 
5082 -0.158702 
5083 -1.604339 
5084 -2.074987 
5085 -2.135027 
5086 -2.322274 
5087 1.166538 
5088 1.395645 
5089 1.565057 
5090 1.623212 
5091 1.585401 
5092 2.067362 
5093 2.039882 
5094 1.287784 
5095 0.786938 
5096 0.024417 
5097 -1.686186 
5098 -2.420588 
5099 -3.104115 
5100 1.439958 
5101 1.654796 
5102 1.443019 
5103 1.694344 
5104 1.619475 
5105 1.493305 
5106 1.414405 
5107 1.625212 
5108 3.274983 
5109 1.755785 
5110 0.219889 
5111 -0.744684 
5112 -0.859860 
5113 1.867257 
5114 2.005866 
5115 1.737116 
5116 1.708943 
5117 1.663580 
5118 1.554912 
5119 1.385208 
5120 1.817947 
5121 2.042958 
5122 1.506046 
5123 1.010181 
5124 0.285832 
5125 -0.299348 
5126 2.717897 
5127 2.169969 
5128 1.512704 
5129 1.391543 
5130 1.619971 
5131 1.729145 
5132 1.502011 
5133 1.558017 
5134 1.609030 
5135 1.508594 
5136 1.683520 
5137 1.072780 
5138 0.349363 
5139 2.746871 
5140 1.856378 
5141 1.611484 
5142 1.470234 
5143 1.309326 
5144 1.544133 
5145 1.644829 
5146 1.442590 
5147 1.590688 
5148 1.854132 
5149 1.911444 
5150 1.529230 
5151 0.956227 
5152 1.871895 
5153 1.503582 
5154 1.306466 
5155 1.323418 
5156 1.426955 
5157 1.494638 
5158 1.692954 
5159 1.558504 
5160 1.563310 
5161 1.794922 
5162 1.508412 
5163 1.395906 
5164 1.029420 
5165 1.474865 
5166 1.761246 
5167 1.817445 
5168 1.618362 
5169 0.179779 
5170 -1.640606 
5171 -3.226317 
5172 -1.843594 
5173 -1.614513 
5174 -1.987498 
5175 -1.827539 
5176 -1.704696 
5177 -2.415765 
5178 0.930632 
5179 1.642349 
5180 3.053966 
5181 1.755912 
5182 0.382718 
5183 -0.916834 
5184 -1.649027 
5185 -1.700539 
5186 -1.910683 
5187 -2.126148 
5188 -2.489840 
5189 -1.894790 
5190 -1.852427 
5191 0.650644 
5192 1.437624 
5193 1.970984 
5194 1.849218 
5195 0.733865 
5196 0.100946 
5197 -1.123245 
5198 -2.204904 
5199 -3.068079 
5200 -1.804988 
5201 -1.614992 
5202 -1.624651 
5203 -2.082146 
5204 0.607309 
5205 1.202322 
5206 1.827397 
5207 2.180858 
5208 2.650222 
5209 0.896355 
5210 -0.844329 
5211 -2.236363 
5212 -1.672073 
5213 -2.017441 
5214 -1.931175 
5215 -1.822146 
5216 -3.055868 
5217 0.328089 
5218 0.828794 
5219 1.581456 
5220 2.315588 
5221 2.150684 
5222 1.008732 
5223 -0.012906 
5224 -0.812285 
5225 -1.706259 
5226 -2.454300 
5227 -2.455489 
5228 -2.067005 
5229 -2.613052 
5230 0.220972 
5231 1.037072 
5232 1.379638 
5233 1.732637 
5234 1.610035 
5235 1.456700 
5236 1.593385 
5237 -0.050051 
5238 -1.861171 
5239 -3.137401 
5240 -1.933638 
5241 -1.750091 
5242 -2.443913 
5243 0.611571 
5244 1.021786 
5245 1.449337 
5246 1.921408 
5247 1.762420 
5248 2.943679 
5249 1.825465 
5250 0.467407 
5251 -0.283260 
5252 -1.157340 
5253 -1.867194 
5254 -1.958357 
5255 -2.636339 
5256 0.792964 
5257 1.369777 
5258 1.765673 
5259 2.131044 
5260 1.772057 
5261 1.648084 
5262 1.572211 
5263 1.274794 
5264 2.060665 
5265 -0.229576 
5266 -2.075378 
5267 -2.680156 
5268 -1.638963 
5269 1.495295 
5270 1.495749 
5271 1.831294 
5272 1.578699 
5273 1.563013 
5274 1.376453 
5275 1.717405 
5276 2.900074 
5277 1.870989 
5278 0.666057 
5279 -0.265103 
5280 -0.566268 
5281 -1.045335 
5282 2.424244 
5283 2.221428 
5284 1.807918 
5285 1.489202 
5286 1.441065 
5287 1.475266 
5288 1.904385 
5289 1.771267 
5290 1.457844 
5291 0.996411 
5292 1.126405 
5293 0.147480 
5294 -0.434382 
5295 3.696505 
5296 2.041138 
5297 1.498308 
5298 1.324869 
5299 1.227980 
5300 1.352055 
5301 1.377273 
5302 1.458986 
5303 1.957577 
5304 2.649244 
5305 2.036836 
5306 0.779038 
5307 0.105264 
5308 1.902174 
5309 1.737487 
5310 1.260261 
5311 1.087962 
5312 1.673476 
5313 1.529482 
5314 1.455582 
5315 1.537424 
5316 1.970380 
5317 1.798993 
5318 1.417190 
5319 1.016950 
5320 0.221044 
5321 2.103653 
5322 1.893783 
5323 1.400907 
5324 1.346959 
5325 1.367294 
5326 1.825961 
5327 1.762723 
5328 1.705526 
5329 1.488386 
5330 1.593599 
5331 1.390336 
5332 1.310824 
5333 0.485013 
5334 1.714890 
5335 2.326247 
5336 2.976327 
5337 1.523518 
5338 -0.248479 
5339 -1.603846 
5340 -1.740396 
5341 -1.799516 
5342 -1.957434 
5343 -2.050248 
5344 -1.857714 
5345 -1.410323 
5346 -2.326136 
5347 1.479582 
5348 2.441231 
5349 2.276589 
5350 0.922447 
5351 -0.137338 
5352 -1.040367 
5353 -1.681241 
5354 -2.291330 
5355 -2.411280 
5356 -2.300093 
5357 -2.135973 
5358 -1.974193 
5359 -1.806388 
5360 1.241453 
5361 1.848683 
5362 1.872395 
5363 1.342326 
5364 1.076457 
5365 -0.567342 
5366 -2.365840 
5367 -3.154570 
5368 -2.292841 
5369 -2.124005 
5370 -2.029676 
5371 -1.858438 
5372 -1.666137 
5373 1.063083 
5374 1.716100 
5375 2.001826 
5376 2.868331 
5377 2.153980 
5378 0.314470 
5379 -1.077772 
5380 -1.920910 
5381 -1.970282 
5382 -2.242076 
5383 -2.084909 
5384 -1.915074 
5385 -2.148381 
5386 1.026870 
5387 1.640991 
5388 1.901545 
5389 2.000658 
5390 1.619667 
5391 0.842002 
5392 0.493197 
5393 -1.005129 
5394 -2.199025 
5395 -3.067208 
5396 -2.297045 
5397 -2.042951 
5398 -2.359963 
5399 0.936630 
5400 1.303838 
5401 1.713484 
5402 1.686181 
5403 1.528214 
5404 2.941842 
5405 1.542494 
5406 -0.163080 
5407 -1.799708 
5408 -2.067008 
5409 -2.157890 
5410 -2.001354 
5411 -2.106388 
5412 1.010858 
5413 1.571839 
5414 1.795647 
5415 1.893798 
5416 1.882996 
5417 2.349692 
5418 1.453905 
5419 0.500880 
5420 0.120919 
5421 -1.439520 
5422 -2.486844 
5423 -2.817658 
5424 -1.329993 
5425 1.364888 
5426 1.860360 
5427 1.879860 
5428 1.598770 
5429 1.598577 
5430 1.654001 
5431 1.454966 
5432 2.798463 
5433 1.296355 
5434 -0.483137 
5435 -1.959678 
5436 -1.465518 
5437 -1.674551 
5438 1.937063 
5439 2.113662 
5440 1.700873 
5441 1.441243 
5442 1.571618 
5443 1.538714 
5444 2.112324 
5445 2.184195 
5446 1.283144 
5447 0.676166 
5448 0.180948 
5449 -0.792607 
5450 -1.635607 
5451 3.467758 
5452 1.685952 
5453 1.741274 
5454 1.481436 
5455 1.354768 
5456 1.693280 
5457 1.641663 
5458 1.496444 
5459 1.453269 
5460 3.157094 
5461 1.737668 
5462 0.521625 
5463 -0.601640 
5464 1.750177 
5465 1.739928 
5466 1.451674 
5467 1.288212 
5468 1.516125 
5469 1.457749 
5470 1.697864 
5471 1.628075 
5472 2.023396 
5473 2.003098 
5474 1.582741 
5475 0.813437 
5476 0.344027 
5477 1.810578 
5478 1.924549 
5479 1.799420 
5480 1.462904 
5481 1.627853 
5482 1.627091 
5483 1.551211 
5484 1.539657 
5485 1.757458 
5486 1.580439 
5487 1.437404 
5488 1.233489 
5489 0.875977 
5490 1.851204 
5491 2.113016 
5492 1.723642 
5493 1.542444 
5494 1.323751 
5495 1.581849 
5496 1.528420 
5497 1.449503 
5498 1.572973 
5499 1.734385 
5500 1.820658 
5501 1.609514 
5502 0.732129 
5503 1.995197 
5504 1.615379 
5505 1.825237 
5506 1.599563 
5507 1.380598 
5508 3.123216 
5509 1.218790 
5510 1.142389 
5511 -1.098892 
5512 -0.558983 
5513 -1.873054 
5514 -1.973075 
5515 -2.980555 
5516 -1.758325 
5517 -1.823185 
5518 -1.983909 
5519 -2.042163 
5520 -1.997879 
5521 -1.849522 
5522 -1.822578 
5523 -1.906022 
5524 -2.097521 
5525 -1.928481 
5526 -2.043433 
5527 -2.352333 
5528 -2.107621 
5529 1.446316 
5530 1.509670 
5531 1.791405 
5532 1.862448 
5533 1.821567 
5534 1.651158 
5535 1.595608 
5536 2.557259 
5537 1.186898 
5538 1.519405 
5539 1.327522 
5540 -0.056874 
5541 0.078258 
5542 -0.014690 
5543 -4.006695 
5544 -1.801477 
5545 -1.712334 
5546 -2.455766 
5547 -2.408716 
5548 -1.835814 
5549 -2.169933 
5550 -2.194873 
5551 -2.121545 
5552 -2.237319 
5553 -2.113133 
5554 -2.231465 
5555 -1.935880 
5556 -2.280671 
5557 -2.492509 
5558 -2.098432 
5559 -2.147568 
5560 -2.467942 
5561 -2.006335 
5562 -2.415679 
5563 -2.305821 
5564 -1.563576 
5565 -1.754232 
5566 1.820459 
5567 1.730345 
5568 1.802186 
5569 1.653477 
5570 1.576214 
5571 1.471966 
5572 2.019946 
5573 1.943984 
5574 1.287064 
5575 1.368243 
5576 3.185828 
5577 0.703877 
5578 1.032094 
5579 0.732587 
5580 -1.209549 
5581 -1.015406 
5582 -1.159449 
5583 -3.756969 
5584 -1.781826 
5585 -2.049048 
5586 -2.137726 
5587 -2.301106 
5588 -2.027706 
5589 -1.952743 
5590 -2.100404 
5591 -1.874870 
5592 -2.084183 
5593 -2.172373 
5594 -2.227022 
5595 -1.893045 
5596 -2.308727 
5597 -2.383428 
5598 -2.038137 
5599 -2.044894 
5600 -1.863142 
5601 -2.023518 
5602 -2.118760 
5603 1.714147 
5604 1.397138 
5605 1.510574 
5606 1.687965 
5607 1.700124 
5608 1.645246 
5609 1.650362 
5610 1.797777 
5611 1.401266 
5612 2.105479 
5613 2.055631 
5614 1.320405 
5615 1.410218 
5616 3.538778 
5617 0.469275 
5618 0.516500 
5619 0.441581 
5620 -1.181089 
5621 -1.652264 
5622 -1.221461 
5623 -3.481091 
5624 -1.762887 
5625 -2.012679 
5626 -2.090094 
5627 -2.346499 
5628 -2.001126 
5629 -2.162037 
5630 -1.974646 
5631 -2.068491 
5632 -1.934902 
5633 -2.259308 
5634 -2.513304 
5635 -1.929174 
5636 -1.834957 
5637 -1.839276 
5638 -2.119143 
5639 -2.206824 
5640 1.508672 
5641 1.608187 
5642 1.638313 
5643 1.513627 
5644 1.616877 
5645 1.685655 
5646 1.550630 
5647 1.448331 
5648 1.693497 
5649 1.737556 
5650 1.573329 
5651 1.581141 
5652 2.037101 
5653 2.059968 
5654 1.213782 
5655 1.410412 
5656 3.240368 
5657 0.105864 
5658 0.394126 
5659 0.634064 
5660 -1.458362 
5661 -1.494734 
5662 -1.508676 
5663 -2.999620 
5664 -1.894934 
5665 -1.919493 
5666 -2.232128 
5667 -2.205226 
5668 -2.209747 
5669 -1.989178 
5670 -2.090041 
5671 -2.073890 
5672 -1.782872 
5673 -1.858233 
5674 -2.046421 
5675 -2.574930 
5676 -2.174955 
5677 1.337394 
5678 1.250509 
5679 1.661613 
5680 1.602117 
5681 1.300775 
5682 1.576950 
5683 1.858100 
5684 1.462832 
5685 1.597203 
5686 1.662549 
5687 1.521688 
5688 1.624208 
5689 1.705919 
5690 1.705958 
5691 1.612879 
5692 2.390303 
5693 1.896751 
5694 1.239085 
5695 1.132831 
5696 3.187691 
5697 -0.578614 
5698 0.158905 
5699 0.081356 
5700 -1.929108 
5701 -1.793487 
5702 -1.744668 
5703 -2.747140 
5704 -2.134901 
5705 -2.286359 
5706 -2.129071 
5707 -2.325084 
5708 -2.236861 
5709 -2.048154 
5710 -2.214512 
5711 -2.258808 
5712 -2.051108 
5713 -1.818965 
5714 1.225861 
5715 1.319857 
5716 1.673693 
5717 1.395172 
5718 1.601529 
5719 1.714495 
5720 1.499416 
5721 1.490536 
5722 1.789146 
5723 1.523971 
5724 1.530749 
5725 1.734828 
5726 1.481933 
5727 1.595278 
5728 1.784947 
5729 1.649943 
5730 1.709526 
5731 1.497286 
5732 2.353013 
5733 2.129862 
5734 1.025080 
5735 1.036431 
5736 3.279042 
5737 -0.269534 
5738 -0.488544 
5739 -0.671018 
5740 -1.819217 
5741 -2.229372 
5742 -2.253729 
5743 -2.546468 
5744 -2.118003 
5745 -2.319649 
5746 -2.005831 
5747 -2.417697 
5748 -1.701207 
5749 -2.285533 
5750 -2.099484 
5751 1.380518 
5752 1.559974 
5753 1.630939 
5754 1.385010 
5755 1.709084 
5756 1.729980 
5757 1.459949 
5758 1.279417 
5759 1.767552 
5760 1.615161 
5761 1.417645 
5762 1.747647 
5763 1.479370 
5764 1.556293 
5765 1.618869 
5766 1.607917 
5767 1.492543 
5768 1.730824 
5769 1.690348 
5770 1.585382 
5771 1.690917 
5772 1.875428 
5773 2.276479 
5774 1.187464 
5775 1.114270 
5776 3.252368 
5777 -0.077400 
5778 -0.016014 
5779 -0.508895 
5780 -1.721673 
5781 -2.149782 
5782 -2.247949 
5783 -2.308777 
5784 -1.893631 
5785 -1.786889 
5786 -2.534294 
5787 -2.502419 
5788 1.383149 
5789 1.372982 
5790 1.887515 
5791 1.572358 
5792 1.338163 
5793 1.789107 
5794 1.526546 
5795 1.547996 
5796 1.741964 
5797 1.424435 
5798 1.358963 
5799 1.742033 
5800 1.443799 
5801 1.539584 
5802 1.761413 
5803 1.641959 
5804 1.551738 
5805 1.841864 
5806 1.508023 
5807 1.388087 
5808 1.659185 
5809 1.651808 
5810 1.562150 
5811 1.830658 
5812 2.188252 
5813 1.863561 
5814 1.501985 
5815 1.103727 
5816 3.145619 
5817 0.818246 
5818 0.589864 
5819 0.425956 
5820 -0.877201 
5821 -1.053155 
5822 -1.591724 
5823 -3.895303 
5824 -1.233000 
5825 1.706340 
5826 1.641420 
5827 2.060280 
5828 1.590089 
5829 1.591844 
5830 1.709669 
5831 1.437811 
5832 1.410320 
5833 1.667522 
5834 1.502649 
5835 1.682277 
5836 1.743350 
5837 1.327971 
5838 1.527831 
5839 1.804806 
5840 1.523083 
5841 1.396554 
5842 1.756287 
5843 1.561481 
5844 1.620892 
5845 1.818716 
5846 1.472941 
5847 1.381172 
5848 1.898251 
5849 1.529460 
5850 1.536910 
5851 1.789703 
5852 2.045651 
5853 1.879926 
5854 1.476808 
5855 1.150894 
5856 3.073040 
5857 1.347754 
5858 0.822599 
5859 0.506765 
5860 -0.504637 
5861 -0.549840 
5862 2.417827 
5863 2.471895 
5864 1.970627 
5865 1.410417 
5866 1.403397 
5867 1.537494 
5868 1.581776 
5869 1.382827 
5870 1.819601 
5871 1.440737 
5872 1.557752 
5873 1.737798 
5874 1.518649 
5875 1.484829 
5876 1.731947 
5877 1.411396 
5878 1.394972 
5879 1.744901 
5880 1.424152 
5881 1.504231 
5882 1.912380 
5883 1.439746 
5884 1.634064 
5885 1.725319 
5886 1.448861 
5887 1.494079 
5888 1.955513 
5889 1.390518 
5890 1.399155 
5891 1.736473 
5892 1.796271 
5893 1.950508 
5894 1.489395 
5895 1.301249 
5896 1.765776 
5897 0.372781 
5898 0.161740 
5899 3.174437 
5900 1.551634 
5901 1.834514 
5902 1.428711 
5903 1.448599 
5904 1.838384 
5905 1.356168 
5906 1.329081 
5907 1.700868 
5908 1.619755 
5909 1.403111 
5910 1.736233 
5911 1.425388 
5912 1.542217 
5913 1.808672 
5914 1.535649 
5915 1.372670 
5916 1.900050 
5917 1.411061 
5918 1.363468 
5919 1.651655 
5920 1.454727 
5921 1.270612 
5922 1.891472 
5923 1.597120 
5924 1.485301 
5925 1.987531 
5926 1.301935 
5927 1.468096 
5928 1.617838 
5929 1.589975 
5930 1.472930 
5931 1.751972 
5932 1.886265 
5933 2.061599 
5934 1.134875 
5935 1.209250 
5936 1.343218 
5937 1.376593 
5938 1.530330 
5939 1.678548 
5940 1.422553 
5941 1.519069 
5942 1.354234 
5943 1.806304 
5944 1.570902 
5945 1.593395 
5946 1.435916 
5947 1.489363 
5948 1.584681 
5949 1.407184 
5950 1.774035 
5951 1.411114 
5952 1.642588 
5953 1.639926 
5954 1.288391 
5955 1.568400 
5956 1.468210 
5957 1.505599 
5958 1.362307 
5959 1.744197 
5960 2.432281 
5961 2.491076 
