958 1
0 -1.008652 
1 -1.565024 
2 -0.986395 
3 -1.539609 
4 -2.084388 
5 -1.078011 
6 -0.585541 
7 -0.360986 
8 -1.018976 
9 -1.128309 
10 -1.366192 
11 -2.180497 
12 -2.738853 
13 0.548763 
14 0.547839 
15 0.038826 
16 0.041979 
17 2.688077 
18 0.532571 
19 -1.199711 
20 -1.575984 
21 -0.139405 
22 -0.591311 
23 -2.492696 
24 -1.646578 
25 -0.031164 
26 -1.058832 
27 -2.120490 
28 -1.463460 
29 -1.674507 
30 -1.666423 
31 -1.090491 
32 -1.493809 
33 -1.488346 
34 -1.689201 
35 -1.271034 
36 -1.028013 
37 -1.878420 
38 -1.365885 
39 -1.598713 
40 1.036807 
41 2.452770 
42 1.048872 
43 -1.280581 
44 1.175741 
45 -0.248711 
46 2.219795 
47 2.232590 
48 0.068402 
49 0.909026 
50 1.188443 
51 2.811110 
52 2.203385 
53 -0.676987 
54 -1.757721 
55 -0.689331 
56 2.008705 
57 1.885767 
58 1.665746 
59 1.638760 
60 -0.527286 
61 -1.263196 
62 1.432149 
63 -2.176864 
64 -1.274227 
65 1.827581 
66 0.226456 
67 -1.923377 
68 -0.011631 
69 -1.498531 
70 -2.321216 
71 0.118119 
72 -1.529686 
73 -2.145984 
74 -1.262456 
75 0.271009 
76 -1.876900 
77 -1.386131 
78 1.376531 
79 1.847172 
80 1.129521 
81 1.770836 
82 -0.040687 
83 -2.467710 
84 -1.784313 
85 -1.583202 
86 -1.209634 
87 -1.514379 
88 -1.930274 
89 -1.997149 
90 0.135843 
91 -1.368100 
92 0.485739 
93 -1.707598 
94 -2.318733 
95 -0.770784 
96 0.588383 
97 -0.296372 
98 -1.746119 
99 -2.401521 
100 -1.773797 
101 -0.069040 
102 -2.196768 
103 -0.970950 
104 -0.698743 
105 -1.261981 
106 -2.334501 
107 -1.263770 
108 -1.702917 
109 -1.605577 
110 -1.442449 
111 -1.087656 
112 -1.955400 
113 -1.821783 
114 -0.887122 
115 -0.815334 
116 -2.079064 
117 -1.534726 
118 -1.043586 
119 -1.185763 
120 1.034940 
121 -0.690555 
122 -1.246611 
123 -2.420730 
124 -1.931703 
125 -1.691277 
126 -0.385139 
127 -1.575174 
128 -1.710003 
129 -1.008712 
130 -1.430117 
131 -1.528899 
132 -1.707073 
133 -0.981130 
134 -1.444498 
135 -1.628003 
136 -2.119077 
137 -1.264791 
138 -1.677648 
139 0.668040 
140 -1.453006 
141 -1.575130 
142 -0.764922 
143 2.072297 
144 1.478384 
145 1.109468 
146 1.908640 
147 1.971525 
148 1.945556 
149 2.004884 
150 1.435061 
151 -1.120358 
152 -0.284774 
153 0.920103 
154 -1.992135 
155 -2.095053 
156 -1.295383 
157 1.191612 
158 2.096915 
159 1.801195 
160 1.650816 
161 1.537815 
162 1.675737 
163 1.852265 
164 0.735424 
165 1.717394 
166 1.746096 
167 2.153305 
168 1.941487 
169 2.023228 
170 1.626166 
171 -0.335515 
172 -0.643916 
173 1.995199 
174 2.017485 
175 1.785972 
176 -0.388493 
177 1.248836 
178 2.242176 
179 1.881017 
180 1.189722 
181 0.052691 
182 2.437095 
183 1.891324 
184 1.743914 
185 2.222849 
186 1.870160 
187 0.371909 
188 2.391728 
189 1.006653 
190 1.273820 
191 -1.640052 
192 -2.072129 
193 -0.823248 
194 -0.108669 
195 -1.989273 
196 -1.147857 
197 -1.696388 
198 -1.694875 
199 1.740419 
200 1.918161 
201 -0.099812 
202 2.252760 
203 1.578525 
204 0.637660 
205 2.366063 
206 1.922595 
207 1.823042 
208 -0.699152 
209 0.830101 
210 2.399443 
211 1.814835 
212 1.838768 
213 1.739931 
214 2.013901 
215 1.376033 
216 -0.423480 
217 -1.188324 
218 -0.813759 
219 -2.449466 
220 0.970384 
221 0.738982 
222 -2.517203 
223 -0.847477 
224 -0.445826 
225 -1.158728 
226 -2.207514 
227 -1.506401 
228 -1.626457 
229 -1.493569 
230 -1.485114 
231 -1.149173 
232 -2.219543 
233 -0.310495 
234 1.998514 
235 1.293077 
236 0.682270 
237 -1.417941 
238 -1.577028 
239 -2.128201 
240 -1.937913 
241 -1.605192 
242 -1.481935 
243 0.972695 
244 1.270256 
245 1.032529 
246 -1.272360 
247 -2.393393 
248 -1.300926 
249 -1.636434 
250 -1.776858 
251 -1.139107 
252 0.465348 
253 2.101488 
254 -0.843953 
255 -2.040795 
256 -1.405144 
257 -1.531559 
258 -1.452366 
259 -1.456836 
260 -1.823476 
261 -1.388036 
262 -1.799145 
263 0.444618 
264 1.096017 
265 -1.920803 
266 -1.905577 
267 -0.914910 
268 -2.481990 
269 -1.033517 
270 -0.061284 
271 -1.245388 
272 0.148449 
273 2.340501 
274 1.599818 
275 1.982147 
276 1.977662 
277 2.205395 
278 -0.701556 
279 1.707671 
280 2.494736 
281 1.841116 
282 0.838046 
283 -1.506429 
284 -0.635225 
285 -1.999927 
286 -1.903175 
287 -0.792214 
288 -1.593306 
289 -1.599643 
290 -1.310219 
291 -1.270651 
292 -1.453599 
293 -0.361273 
294 -2.162656 
295 -0.776744 
296 -1.261565 
297 -1.782150 
298 -1.580115 
299 -0.326015 
300 -2.195971 
301 -0.512601 
302 -1.290960 
303 -0.782243 
304 -1.142827 
305 0.020252 
306 -2.406885 
307 -1.006483 
308 -1.354075 
309 -1.111340 
310 -1.249459 
311 -1.545036 
312 -0.783461 
313 -1.952810 
314 -1.711758 
315 -0.633494 
316 -1.366635 
317 -1.211451 
318 -1.541726 
319 -1.362687 
320 -2.526587 
321 -0.108633 
322 -1.444858 
323 -0.318535 
324 0.068411 
325 0.189925 
326 -2.155027 
327 -1.919220 
328 -1.062521 
329 -0.423746 
330 -1.903756 
331 -1.650157 
332 -2.463001 
333 0.127636 
334 -1.431981 
335 -0.465497 
336 -2.109295 
337 -0.767725 
338 0.641256 
339 -1.845703 
340 0.197496 
341 -0.870467 
342 -2.279766 
343 -1.459738 
344 -1.609578 
345 -0.207956 
346 -0.546471 
347 -2.117921 
348 -2.563530 
349 -0.110624 
350 -0.942875 
351 -0.726964 
352 -2.210329 
353 -1.498274 
354 -0.365597 
355 -0.586317 
356 -1.814838 
357 -0.327936 
358 -0.893092 
359 -1.760235 
360 -1.081907 
361 -2.408488 
362 -0.842260 
363 -0.091881 
364 -0.300405 
365 -1.403697 
366 -1.389592 
367 -2.020485 
368 -0.613735 
369 -0.467578 
370 -2.259130 
371 -1.387905 
372 -1.643461 
373 -0.854976 
374 -1.459385 
375 -1.169753 
376 -1.336995 
377 -0.526990 
378 -1.357199 
379 -1.796118 
380 -1.582691 
381 -0.951712 
382 -1.785964 
383 -0.890339 
384 -1.488129 
385 -1.535491 
386 -1.115347 
387 -1.347160 
388 -1.149044 
389 -1.910318 
390 -0.567336 
391 -1.528338 
392 -1.135356 
393 -1.789559 
394 -0.982513 
395 -1.385212 
396 -1.587501 
397 -1.215724 
398 -0.902018 
399 -1.536692 
400 -1.728291 
401 -1.157159 
402 -0.864123 
403 -1.638804 
404 -1.253917 
405 -1.234728 
406 -1.366834 
407 -1.655271 
408 -1.979139 
409 -1.372476 
410 -1.234104 
411 -0.389410 
412 -1.756849 
413 -1.824284 
414 -1.347151 
415 -0.038427 
416 -2.412162 
417 -1.539078 
418 -0.067964 
419 0.062276 
420 2.623891 
421 -0.095401 
422 -0.916550 
423 -0.412956 
424 -1.777818 
425 -0.980557 
426 -1.607109 
427 -0.862203 
428 -1.211031 
429 -1.014451 
430 -1.691890 
431 -1.317096 
432 -0.945236 
433 -1.243394 
434 -1.898114 
435 -1.187113 
436 -1.862453 
437 0.111712 
438 0.727295 
439 -2.130621 
440 1.561202 
441 1.695904 
442 1.768534 
443 1.779841 
444 -3.019248 
445 0.404381 
446 0.031281 
447 0.320113 
448 -1.743047 
449 -1.484624 
450 -1.016518 
451 -1.195127 
452 0.650298 
453 0.293648 
454 -2.364401 
455 -1.718348 
456 -0.955102 
457 -1.531634 
458 -1.233039 
459 -1.736952 
460 -1.559772 
461 -1.799832 
462 0.054323 
463 -1.585850 
464 -1.429984 
465 0.377356 
466 -1.947526 
467 -1.484904 
468 -0.384060 
469 0.286425 
470 -1.702151 
471 -2.240293 
472 -1.102784 
473 -0.885936 
474 -2.128348 
475 -0.869708 
476 -0.381085 
477 -0.984013 
478 0.518995 
479 -2.693399 
480 -1.216123 
481 0.295198 
482 -1.568905 
483 -2.059704 
484 -1.866916 
485 -0.352650 
486 -2.138643 
487 -0.342428 
488 2.569014 
489 -0.536411 
490 0.248973 
491 -0.967159 
492 1.281833 
493 0.567182 
494 1.244696 
495 2.540343 
496 2.153660 
497 0.433758 
498 1.725206 
499 1.266003 
500 1.656931 
501 -0.241997 
502 1.764366 
503 1.895636 
504 2.113471 
505 1.416111 
506 1.823702 
507 1.246058 
508 -0.236924 
509 1.776156 
510 1.074312 
511 2.258020 
512 1.605384 
513 1.391112 
514 1.774743 
515 1.673826 
516 1.597181 
517 1.617111 
518 1.533144 
519 1.606655 
520 1.410124 
521 1.852026 
522 1.164004 
523 1.713626 
524 1.513117 
525 1.422445 
526 2.058699 
527 1.165283 
528 -1.110548 
529 1.297274 
530 2.473402 
531 0.575542 
532 -1.506861 
533 -1.644311 
534 1.098842 
535 -1.743649 
536 1.508278 
537 1.483868 
538 -1.269906 
539 2.115898 
540 1.649099 
541 1.454714 
542 1.166927 
543 -1.984942 
544 -2.019657 
545 0.690516 
546 1.300190 
547 1.869110 
548 1.581933 
549 1.414609 
550 1.068418 
551 2.126350 
552 1.828920 
553 1.475788 
554 1.636613 
555 1.383704 
556 0.448354 
557 2.817259 
558 1.210863 
559 0.560058 
560 2.450076 
561 1.602737 
562 0.520261 
563 0.966540 
564 -1.691117 
565 1.436477 
566 1.630641 
567 1.892280 
568 1.778904 
569 -0.421257 
570 1.423700 
571 2.113354 
572 1.075804 
573 1.588780 
574 1.695539 
575 1.779201 
576 1.834919 
577 0.463195 
578 0.851783 
579 2.081977 
580 1.392473 
581 2.072242 
582 1.510536 
583 1.072570 
584 1.628767 
585 1.581979 
586 1.547466 
587 1.689556 
588 1.537490 
589 0.788969 
590 2.167376 
591 -1.707157 
592 0.670529 
593 -2.688254 
594 -0.242816 
595 -0.717268 
596 1.418144 
597 0.769358 
598 2.060260 
599 1.967536 
600 0.759442 
601 2.685942 
602 0.907202 
603 0.959436 
604 2.258886 
605 -2.022376 
606 -0.667276 
607 -0.016024 
608 0.115319 
609 0.572406 
610 2.171027 
611 1.999398 
612 2.076872 
613 1.736691 
614 1.264298 
615 -0.610151 
616 2.190804 
617 1.060646 
618 1.563144 
619 -1.440868 
620 -0.742733 
621 1.194323 
622 0.629819 
623 2.577633 
624 1.167435 
625 1.631221 
626 2.166132 
627 1.050753 
628 1.764457 
629 1.393277 
630 0.694463 
631 2.074828 
632 1.408301 
633 1.631284 
634 2.085972 
635 1.418153 
636 1.734175 
637 0.026952 
638 1.781075 
639 1.851485 
640 2.304185 
641 1.461317 
642 0.443575 
643 1.545409 
644 0.831054 
645 2.244055 
646 1.558808 
647 1.038534 
648 -0.201638 
649 0.561951 
650 2.406519 
651 1.741877 
652 0.161366 
653 1.403313 
654 2.575418 
655 0.772615 
656 2.042993 
657 1.470401 
658 1.643346 
659 -0.862214 
660 1.936085 
661 1.731761 
662 -1.648526 
663 -0.584800 
664 0.018504 
665 -1.873137 
666 -1.760599 
667 -1.415090 
668 -0.620769 
669 -1.597735 
670 -2.064261 
671 -0.805603 
672 -2.627442 
673 -0.187534 
674 -1.358568 
675 -0.234466 
676 -0.765044 
677 -1.391905 
678 -1.764520 
679 -1.430144 
680 -3.039460 
681 0.068258 
682 0.090890 
683 1.244253 
684 2.030634 
685 1.878409 
686 1.586390 
687 -0.438316 
688 1.858718 
689 1.301720 
690 0.416261 
691 2.027600 
692 2.095506 
693 1.987189 
694 0.825324 
695 0.489653 
696 1.766561 
697 2.087290 
698 0.667017 
699 1.697542 
700 -0.308246 
701 -1.222763 
702 2.365248 
703 1.334742 
704 3.124053 
705 0.146522 
706 -0.120933 
707 0.433376 
708 2.738251 
709 0.888174 
710 -0.090275 
711 1.070154 
712 -0.892367 
713 -0.004350 
714 -0.867882 
715 -2.662371 
716 -2.046427 
717 1.558422 
718 1.163385 
719 1.585912 
720 1.197419 
721 1.597234 
722 1.823751 
723 1.828088 
724 2.091185 
725 2.356801 
726 -0.247931 
727 -0.287346 
728 2.210339 
729 1.849917 
730 1.057739 
731 0.523438 
732 0.612380 
733 -2.007299 
734 1.983501 
735 0.618936 
736 0.723768 
737 0.062619 
738 -2.162974 
739 -1.977681 
740 -1.055870 
741 -0.177969 
742 -2.628351 
743 -0.733247 
744 -2.147997 
745 -1.315426 
746 -1.289235 
747 -0.422520 
748 -0.488977 
749 -2.878072 
750 -0.389480 
751 0.647259 
752 -0.855576 
753 -1.552270 
754 -0.608265 
755 -2.226036 
756 -0.755273 
757 -1.983911 
758 -1.937199 
759 0.443639 
760 -0.842335 
761 -0.047760 
762 -1.834677 
763 -2.100425 
764 -0.803027 
765 1.595320 
766 -2.437212 
767 0.661307 
768 -2.620037 
769 -0.030688 
770 -0.483735 
771 -1.062512 
772 -0.893678 
773 -1.482591 
774 -1.742599 
775 -1.202133 
776 -1.294441 
777 -0.875965 
778 -1.304439 
779 -1.859800 
780 -1.323543 
781 -0.751038 
782 -1.455734 
783 -1.700483 
784 -0.808752 
785 -1.491800 
786 -1.605813 
787 -1.347232 
788 -1.395160 
789 -0.377833 
790 -1.365302 
791 -1.824354 
792 -2.326996 
793 -0.560506 
794 -1.343382 
795 -0.929217 
796 -0.931177 
797 2.160847 
798 0.687573 
799 1.947848 
800 2.167524 
801 1.986002 
802 1.091211 
803 0.706695 
804 2.332537 
805 1.700303 
806 0.235085 
807 1.550472 
808 -0.697093 
809 -0.558448 
810 -2.541274 
811 -1.137502 
812 -2.020505 
813 -0.242700 
814 -1.763290 
815 -0.757044 
816 -1.443492 
817 -1.862464 
818 -0.867890 
819 -0.880074 
820 -1.245999 
821 -1.923354 
822 -1.414764 
823 -0.728051 
824 -1.510565 
825 -1.122494 
826 -0.944075 
827 -1.752773 
828 -2.742451 
829 -0.070269 
830 1.408392 
831 0.933674 
832 -2.491611 
833 0.960723 
834 1.519041 
835 0.950021 
836 -1.322017 
837 1.943079 
838 1.155781 
839 -1.484105 
840 -1.667181 
841 -1.206666 
842 -1.681358 
843 -0.731933 
844 -1.066681 
845 -1.329054 
846 -1.646787 
847 -1.181454 
848 -1.410875 
849 -0.759504 
850 -1.474794 
851 -1.681292 
852 -1.521222 
853 -1.231609 
854 -1.419682 
855 -1.225842 
856 -2.606289 
857 -1.369206 
858 0.026578 
859 0.392504 
860 1.473208 
861 1.224415 
862 1.628511 
863 2.258897 
864 -1.685032 
865 0.209500 
866 -1.482708 
867 -1.865599 
868 -1.921548 
869 -1.707625 
870 -1.162872 
871 -0.174883 
872 -1.348652 
873 -1.181786 
874 -1.749538 
875 -1.175059 
876 -0.402507 
877 -2.054180 
878 -0.771005 
879 -1.790320 
880 -0.442683 
881 -1.825410 
882 -1.263463 
883 -1.590862 
884 -2.225959 
885 -1.026617 
886 -0.056420 
887 -1.353408 
888 -2.636948 
889 1.034756 
890 -1.033738 
891 -0.326993 
892 -1.350331 
893 -2.018069 
894 -0.449424 
895 -1.360470 
896 -2.699680 
897 -0.993057 
898 -0.489054 
899 0.277053 
900 -2.325649 
901 -1.470029 
902 -1.104226 
903 0.319756 
904 1.635939 
905 -0.385253 
906 1.825171 
907 -1.957209 
908 1.307425 
909 -1.037580 
910 1.653292 
911 2.226841 
912 1.984533 
913 1.872372 
914 1.660591 
915 0.862029 
916 1.705700 
917 1.597726 
918 1.632041 
919 1.763117 
920 0.405461 
921 2.850840 
922 -0.082780 
923 0.974655 
924 -0.289411 
925 2.234202 
926 1.926621 
927 0.899668 
928 -0.294046 
929 2.072922 
930 2.421345 
931 -0.344850 
932 1.205804 
933 2.607804 
934 0.316283 
935 1.192425 
936 0.526071 
937 -0.286269 
938 0.115132 
939 -2.975011 
940 -0.950085 
941 -0.969073 
942 -1.215437 
943 -2.168886 
944 -0.602879 
945 -1.395135 
946 -1.090807 
947 -2.017443 
948 -2.344589 
949 -0.854444 
950 -1.046186 
951 -0.732818 
952 -1.743127 
953 -1.180140 
954 -1.159198 
955 -1.335173 
956 -2.457826 
957 -1.663560 
