1446 1
0 -2.335894 
1 -0.730518 
2 -0.268896 
3 -1.077042 
4 -1.333105 
5 1.569997 
6 -1.330863 
7 -1.387487 
8 -1.479016 
9 1.509300 
10 -0.036734 
11 -2.229998 
12 -2.120996 
13 1.744673 
14 -1.437879 
15 -0.352163 
16 -0.894457 
17 -1.994541 
18 -1.405355 
19 -0.298221 
20 -1.091969 
21 -1.496821 
22 1.919160 
23 1.954948 
24 -1.681552 
25 -1.177282 
26 -0.197084 
27 -1.503996 
28 -1.148236 
29 -1.688523 
30 1.041612 
31 -1.898935 
32 -2.013177 
33 -1.283291 
34 -0.282572 
35 -1.061423 
36 -1.390930 
37 -1.836631 
38 -0.220394 
39 -1.239012 
40 -0.482650 
41 -1.614743 
42 -1.532359 
43 -1.193063 
44 -1.763934 
45 -0.072023 
46 2.423828 
47 -1.100952 
48 -1.292807 
49 -0.982195 
50 -1.468137 
51 -1.208079 
52 -1.909939 
53 1.599438 
54 -0.889979 
55 -0.933440 
56 1.462002 
57 -0.529267 
58 -1.426722 
59 -1.952784 
60 -1.704688 
61 -1.625768 
62 0.028243 
63 -1.168335 
64 -0.481736 
65 -1.163810 
66 -1.899983 
67 2.111529 
68 -1.521706 
69 2.163706 
70 -1.352889 
71 -0.804130 
72 -1.423814 
73 -1.553135 
74 0.938186 
75 -1.504763 
76 -0.860091 
77 -1.998092 
78 -1.718490 
79 -0.064834 
80 -1.478593 
81 1.842525 
82 -1.516811 
83 -0.572479 
84 1.696227 
85 -1.641695 
86 1.817147 
87 -1.640424 
88 -0.585029 
89 1.064987 
90 -2.097711 
91 -1.708281 
92 -1.560792 
93 -0.940391 
94 -1.364105 
95 -1.234408 
96 1.882213 
97 -1.003140 
98 -0.951027 
99 -1.771116 
100 -1.231298 
101 -1.528310 
102 -0.420539 
103 -1.785981 
104 -1.582122 
105 -1.636505 
106 2.000010 
107 1.439895 
108 -1.312904 
109 -1.489637 
110 1.444369 
111 -1.573324 
112 -0.341951 
113 -1.960661 
114 1.688177 
115 -1.549550 
116 1.793506 
117 1.900365 
118 -1.076749 
119 -1.741409 
120 -1.964327 
121 -1.540834 
122 -0.813481 
123 -0.628334 
124 1.129605 
125 -1.986545 
126 -1.273120 
127 -0.745372 
128 -1.567170 
129 -0.863426 
130 -1.336074 
131 1.382256 
132 3.060851 
133 0.309121 
134 0.884376 
135 1.515917 
136 -2.174088 
137 2.140958 
138 -0.559953 
139 -0.128210 
140 2.206005 
141 -1.805300 
142 1.409382 
143 -1.025526 
144 1.473726 
145 -2.378771 
146 -0.572526 
147 -0.928410 
148 -1.353201 
149 -1.115350 
150 -1.410263 
151 -1.299051 
152 -1.375619 
153 -0.919662 
154 -1.615171 
155 -1.048769 
156 -1.220109 
157 -0.958064 
158 -1.869710 
159 -0.713768 
160 -1.025719 
161 0.076241 
162 -2.003049 
163 -1.391022 
164 1.655139 
165 -1.634832 
166 -0.479747 
167 -1.645962 
168 -1.678234 
169 -1.542349 
170 -1.327700 
171 0.092816 
172 -1.220280 
173 -0.737132 
174 -2.233142 
175 1.566221 
176 1.795487 
177 -0.595972 
178 -1.488518 
179 -1.733788 
180 0.055876 
181 -1.398464 
182 -2.398377 
183 1.106961 
184 -1.383032 
185 -0.909813 
186 -0.760908 
187 -1.851508 
188 -1.413717 
189 -1.680683 
190 -0.636218 
191 2.103074 
192 1.339310 
193 -0.919301 
194 -1.318903 
195 -1.860068 
196 -0.846607 
197 -1.590378 
198 -0.855980 
199 -1.475497 
200 -1.542643 
201 1.486904 
202 -0.941239 
203 -2.004305 
204 -1.173410 
205 -1.418129 
206 -0.670047 
207 -1.713238 
208 -1.090878 
209 -2.282373 
210 -0.846840 
211 -0.793214 
212 -1.230278 
213 -1.286308 
214 -1.362353 
215 -1.351843 
216 1.200018 
217 -2.092198 
218 -1.740008 
219 -0.496341 
220 1.168152 
221 -1.515753 
222 -0.581941 
223 -2.166765 
224 -1.460742 
225 -0.476929 
226 -1.591318 
227 -1.432116 
228 -1.488689 
229 2.338363 
230 -1.620154 
231 -0.619942 
232 -2.366965 
233 1.350679 
234 -0.132013 
235 1.885998 
236 -1.772791 
237 -1.761769 
238 -1.008972 
239 0.278033 
240 1.149664 
241 -0.070639 
242 -1.330945 
243 -2.499131 
244 -1.328080 
245 -1.244370 
246 -1.224508 
247 -1.327902 
248 -1.288623 
249 1.625401 
250 -2.195956 
251 1.538646 
252 1.841084 
253 0.977050 
254 -2.004818 
255 -1.320381 
256 2.145098 
257 -1.111847 
258 -0.714466 
259 -1.609894 
260 1.458385 
261 -1.076863 
262 -1.484469 
263 -1.521057 
264 -1.266712 
265 -1.153291 
266 -1.550292 
267 -1.069038 
268 -1.577490 
269 -1.673590 
270 -0.649418 
271 -0.993615 
272 -1.612323 
273 -1.202598 
274 -0.925504 
275 -1.250662 
276 1.693901 
277 -1.741027 
278 -0.647047 
279 -1.275270 
280 -1.343599 
281 -1.587042 
282 -1.124558 
283 1.315884 
284 -1.662411 
285 1.261785 
286 -1.512357 
287 -1.053263 
288 -0.957938 
289 -1.561820 
290 -0.499462 
291 -1.731862 
292 -1.151415 
293 -1.730529 
294 1.730623 
295 -1.299692 
296 -0.926919 
297 -1.287907 
298 -1.753691 
299 -0.732582 
300 -1.301298 
301 -1.281544 
302 2.151948 
303 -0.711196 
304 -1.808313 
305 -1.384567 
306 2.111008 
307 -0.257094 
308 1.336789 
309 -1.652270 
310 0.854811 
311 -1.802665 
312 -1.724622 
313 -1.350680 
314 1.003036 
315 -0.204803 
316 -1.397188 
317 -1.804806 
318 1.285519 
319 -1.066831 
320 -0.756850 
321 -1.606184 
322 1.795115 
323 -1.335281 
324 -2.142461 
325 -0.915816 
326 -0.195462 
327 2.154863 
328 -1.240221 
329 -0.736235 
330 -1.547597 
331 -1.545894 
332 -0.242233 
333 -0.918315 
334 -2.005235 
335 -1.543322 
336 -0.398888 
337 -1.688957 
338 -2.098104 
339 -0.503023 
340 -0.759399 
341 -0.884695 
342 -2.378339 
343 -0.464268 
344 -1.323703 
345 -1.944608 
346 -0.775725 
347 -0.825335 
348 -1.405237 
349 1.948752 
350 -0.245806 
351 -1.976534 
352 -1.123186 
353 -1.534572 
354 -0.107166 
355 -1.870047 
356 -1.746268 
357 1.320374 
358 -1.227868 
359 -1.314489 
360 -1.092400 
361 1.462688 
362 -1.521389 
363 -1.084713 
364 -1.042864 
365 -0.279059 
366 -1.488960 
367 -1.900018 
368 -1.320562 
369 -1.605808 
370 0.079270 
371 -1.665611 
372 -0.736462 
373 -0.874375 
374 -0.518703 
375 -2.308434 
376 -1.370159 
377 -1.392709 
378 -1.106500 
379 -1.219476 
380 -0.179517 
381 -0.857203 
382 -1.760475 
383 2.527155 
384 -2.192869 
385 -0.979384 
386 -0.943204 
387 1.186795 
388 -1.725074 
389 -1.738004 
390 1.582933 
391 -0.358503 
392 -0.704836 
393 -1.858593 
394 -1.248695 
395 1.559668 
396 1.465071 
397 -1.094991 
398 -1.493402 
399 -1.753722 
400 0.325529 
401 2.365931 
402 -1.870532 
403 -0.975488 
404 -0.969313 
405 1.871379 
406 -1.163062 
407 -1.579885 
408 -1.648296 
409 -1.482515 
410 -0.451631 
411 -1.253315 
412 1.455332 
413 -1.933993 
414 -0.662711 
415 1.834602 
416 -1.029516 
417 -0.309274 
418 -1.424547 
419 -1.643929 
420 -0.977160 
421 1.523377 
422 -2.294511 
423 -0.387787 
424 1.863570 
425 1.291509 
426 -1.441057 
427 2.335245 
428 -1.868522 
429 1.900187 
430 -1.363663 
431 0.348765 
432 -1.809854 
433 -1.868579 
434 0.677021 
435 -0.649841 
436 -0.796051 
437 -1.033340 
438 -1.823504 
439 2.041802 
440 -1.830163 
441 -1.736111 
442 -0.750734 
443 1.072892 
444 0.821787 
445 -1.818253 
446 -1.768830 
447 1.454176 
448 -0.776256 
449 1.747691 
450 -1.441895 
451 -1.937784 
452 0.207426 
453 -1.354531 
454 3.086449 
455 1.271821 
456 -1.229855 
457 -0.351053 
458 2.581232 
459 -1.026275 
460 -0.697957 
461 -1.513614 
462 -0.099753 
463 -1.950210 
464 -1.248139 
465 1.870961 
466 2.105139 
467 -1.149460 
468 -0.184340 
469 -1.030193 
470 -2.021708 
471 -1.187485 
472 -0.977795 
473 -1.286433 
474 -1.724793 
475 -0.985815 
476 -0.839067 
477 -1.613925 
478 -1.147436 
479 -1.482249 
480 -1.705624 
481 -2.015834 
482 -0.584489 
483 0.963814 
484 0.907420 
485 -2.100410 
486 -0.886476 
487 2.062749 
488 -1.736293 
489 -1.722574 
490 -1.095829 
491 -0.087843 
492 -0.785479 
493 -0.440565 
494 -2.023267 
495 -1.453124 
496 -1.062732 
497 -1.632843 
498 -1.670494 
499 -0.458197 
500 -0.329932 
501 -1.827525 
502 -0.580393 
503 -1.775381 
504 -0.709537 
505 -0.466025 
506 -1.980549 
507 -1.425072 
508 -1.622500 
509 -0.379711 
510 -1.205000 
511 -1.533877 
512 -0.455250 
513 -1.442191 
514 -1.297665 
515 -1.666763 
516 -1.245546 
517 -1.027104 
518 -1.656695 
519 1.762814 
520 2.165390 
521 -0.561639 
522 -1.511589 
523 -1.840702 
524 -1.559180 
525 1.650603 
526 1.713279 
527 -1.415957 
528 -1.165484 
529 -1.239956 
530 -1.578661 
531 -0.922722 
532 -0.648535 
533 -1.292495 
534 -0.090203 
535 -2.403996 
536 -1.594234 
537 -0.232864 
538 1.815699 
539 -1.808399 
540 1.317155 
541 -1.420299 
542 -1.304050 
543 -1.962438 
544 2.219027 
545 -0.439463 
546 1.491634 
547 -1.959285 
548 -1.135888 
549 1.258069 
550 -2.279100 
551 -0.695767 
552 -1.562877 
553 -0.861685 
554 0.916380 
555 -2.243790 
556 -1.565056 
557 -2.224466 
558 -0.570083 
559 -0.325788 
560 1.794413 
561 -0.482621 
562 -2.357528 
563 1.176268 
564 1.631434 
565 -0.661360 
566 -1.510256 
567 -1.798589 
568 -0.398980 
569 -1.917245 
570 -1.561579 
571 -0.934129 
572 -1.239105 
573 1.913401 
574 -0.330596 
575 -1.984185 
576 -0.600952 
577 1.818273 
578 -2.167747 
579 -1.001406 
580 -1.161044 
581 -1.418075 
582 -1.128929 
583 -1.351895 
584 -0.041851 
585 -2.918262 
586 -0.328971 
587 -1.119942 
588 -1.075478 
589 1.434688 
590 -1.062465 
591 -1.901012 
592 -1.463305 
593 -2.162551 
594 -0.693016 
595 -0.705998 
596 1.206763 
597 1.037726 
598 -2.729167 
599 -1.084719 
600 -0.692861 
601 0.126612 
602 -2.734634 
603 -1.163610 
604 0.537025 
605 1.812571 
606 -1.845501 
607 -1.793523 
608 -0.820597 
609 -2.019078 
610 2.292851 
611 -0.747486 
612 -0.388445 
613 -1.863209 
614 1.269988 
615 -1.937311 
616 2.616287 
617 -0.511061 
618 -1.774287 
619 1.323115 
620 -0.865878 
621 -1.658841 
622 -0.833744 
623 -1.679330 
624 -1.869468 
625 2.546116 
626 -0.793868 
627 1.391835 
628 -0.559076 
629 1.814040 
630 -1.804567 
631 -1.849626 
632 2.071259 
633 1.392810 
634 -2.130483 
635 -1.055271 
636 1.401338 
637 -1.737845 
638 -1.109116 
639 -1.667470 
640 -0.373046 
641 1.017325 
642 -3.007610 
643 -0.635042 
644 -1.988585 
645 1.276617 
646 -1.445656 
647 -1.252403 
648 -2.032734 
649 -1.770435 
650 -0.739157 
651 -0.369431 
652 1.513070 
653 -2.079108 
654 -0.951655 
655 2.203291 
656 -1.515440 
657 -0.347920 
658 -1.491820 
659 -1.479834 
660 -2.652156 
661 -1.229260 
662 -0.049827 
663 -0.070757 
664 -1.975900 
665 -1.007135 
666 -1.173612 
667 1.552056 
668 -1.367599 
669 -1.400427 
670 -1.130543 
671 -1.285815 
672 1.673411 
673 -1.962826 
674 1.741068 
675 -1.268125 
676 -0.758286 
677 -1.711500 
678 -1.260904 
679 -1.433053 
680 -2.159258 
681 1.011035 
682 -1.843762 
683 1.144354 
684 1.608395 
685 -1.575218 
686 -0.688260 
687 -1.949279 
688 -1.258966 
689 -1.281683 
690 -0.248638 
691 -1.909809 
692 1.945020 
693 -1.754183 
694 2.045965 
695 -1.103350 
696 -1.211172 
697 -1.559928 
698 -0.390816 
699 -1.815218 
700 -1.692569 
701 -1.350347 
702 -1.651137 
703 -0.311119 
704 -0.973148 
705 1.598384 
706 -1.135921 
707 -2.219395 
708 -1.820006 
709 -0.103237 
710 1.757137 
711 -1.837579 
712 -1.556479 
713 -0.109077 
714 1.609563 
715 -2.314720 
716 1.429907 
717 -0.774837 
718 1.429830 
719 -2.575542 
720 1.778875 
721 -0.181320 
722 -1.720344 
723 -1.908797 
724 -1.500538 
725 -2.483668 
726 -0.039542 
727 1.352840 
728 2.207204 
729 1.894292 
730 1.688723 
731 -1.932171 
732 -0.978009 
733 -2.236336 
734 -0.311458 
735 2.003604 
736 -1.506036 
737 -0.161987 
738 2.101917 
739 -2.016531 
740 -0.985186 
741 -2.388229 
742 1.147291 
743 1.733172 
744 -2.253073 
745 -2.137153 
746 0.777191 
747 -0.483799 
748 -0.961512 
749 -1.158870 
750 -2.075662 
751 -0.837040 
752 1.225910 
753 -2.852222 
754 2.362778 
755 0.408938 
756 -0.499307 
757 -1.208419 
758 -1.308543 
759 -2.064691 
760 -0.669883 
761 -2.025614 
762 -1.384515 
763 -1.033478 
764 -0.917882 
765 -2.898230 
766 -0.001448 
767 -0.592527 
768 -0.105102 
769 -1.616018 
770 -1.292280 
771 -1.738218 
772 -1.462113 
773 -1.198113 
774 -1.385773 
775 -1.079128 
776 -1.687667 
777 -1.151842 
778 -1.213231 
779 -1.055559 
780 1.466361 
781 -0.681084 
782 2.397370 
783 -1.830080 
784 -1.198038 
785 -0.844367 
786 -1.016896 
787 -1.640814 
788 -1.627471 
789 -1.775773 
790 1.572461 
791 -0.665038 
792 -0.441547 
793 -2.005673 
794 -1.539039 
795 -1.049399 
796 -1.613921 
797 -1.248727 
798 -1.603324 
799 0.202229 
800 -1.067604 
801 -1.163415 
802 2.343998 
803 -1.129058 
804 1.700225 
805 -0.909721 
806 -1.578935 
807 -1.464293 
808 -1.606266 
809 -1.015926 
810 -0.308497 
811 -1.543377 
812 -1.539126 
813 0.130525 
814 -1.035577 
815 -2.065322 
816 -1.389687 
817 -1.359478 
818 -1.556322 
819 1.111000 
820 -2.137634 
821 -1.732787 
822 0.782967 
823 -0.637206 
824 -0.597178 
825 1.895527 
826 -1.217924 
827 -1.957361 
828 1.633088 
829 -0.851583 
830 -1.978312 
831 -1.486538 
832 -2.049355 
833 1.875918 
834 -1.302525 
835 -0.795333 
836 -1.721292 
837 -0.074455 
838 -1.811458 
839 -1.029888 
840 -0.866233 
841 -1.123536 
842 1.930766 
843 -1.946794 
844 -0.855647 
845 0.635545 
846 -1.504890 
847 -2.074620 
848 -1.510977 
849 -0.777385 
850 -1.547923 
851 2.542457 
852 1.940763 
853 2.031680 
854 -1.988373 
855 -0.990600 
856 -1.113284 
857 -1.637005 
858 -1.509521 
859 -0.601976 
860 -0.621726 
861 -0.616040 
862 -2.419590 
863 1.829656 
864 1.577584 
865 -2.391192 
866 2.261147 
867 -0.654109 
868 -0.993526 
869 -0.993208 
870 -0.723708 
871 -2.270119 
872 -1.622232 
873 1.584362 
874 -2.067631 
875 1.291620 
876 -0.963245 
877 1.386222 
878 -2.390132 
879 -0.862580 
880 -1.825420 
881 -0.920844 
882 -0.752672 
883 2.488321 
884 0.089534 
885 -1.121236 
886 -2.190270 
887 -1.469158 
888 1.487906 
889 -1.758611 
890 -1.902022 
891 -0.648761 
892 1.768385 
893 -1.060050 
894 -1.671622 
895 -1.244982 
896 -0.120733 
897 2.068508 
898 -2.594347 
899 2.133292 
900 -2.163415 
901 1.495881 
902 -0.738761 
903 -1.532471 
904 -1.008832 
905 -2.734622 
906 1.131828 
907 2.103623 
908 1.356665 
909 -0.045932 
910 -1.728723 
911 -2.348351 
912 -0.777293 
913 -2.081376 
914 2.535086 
915 1.665995 
916 -1.658061 
917 0.078565 
918 0.977389 
919 -2.362738 
920 -1.116318 
921 -2.089918 
922 -0.908632 
923 1.555704 
924 2.098483 
925 -0.224405 
926 -1.039038 
927 -2.251871 
928 -2.264156 
929 2.026741 
930 1.741962 
931 -0.825750 
932 -1.187347 
933 -0.522420 
934 -1.181479 
935 -2.122533 
936 -0.970763 
937 -2.341506 
938 -0.932567 
939 -0.740309 
940 -1.758301 
941 -1.212472 
942 -1.171346 
943 -0.575915 
944 -2.543405 
945 1.666894 
946 0.361478 
947 -1.029992 
948 -1.543133 
949 -0.288342 
950 -0.677294 
951 -2.424136 
952 1.641273 
953 1.389815 
954 -1.994615 
955 -1.751677 
956 -1.956601 
957 1.035269 
958 -1.045254 
959 -1.468532 
960 -0.431251 
961 -1.952802 
962 1.416704 
963 -2.289687 
964 -0.732102 
965 -1.540946 
966 2.890173 
967 -1.590513 
968 -0.620707 
969 -0.918316 
970 -2.708005 
971 1.284733 
972 -1.187698 
973 -1.433576 
974 -1.788361 
975 2.217585 
976 -2.999042 
977 -0.580750 
978 -0.377130 
979 -0.450565 
980 -1.488535 
981 -0.865359 
982 1.224030 
983 -2.183598 
984 1.439008 
985 0.023722 
986 0.174677 
987 -3.067850 
988 -0.041519 
989 3.198025 
990 3.174282 
991 1.636111 
992 -2.374874 
993 -0.779508 
994 2.349820 
995 2.201488 
996 -0.296174 
997 1.030161 
998 -2.917690 
999 -1.036291 
1000 1.973586 
1001 1.922756 
1002 -0.190506 
1003 -2.847752 
1004 -0.865726 
1005 -0.798025 
1006 -2.841476 
1007 0.125038 
1008 1.845017 
1009 -1.112752 
1010 -2.320999 
1011 1.852057 
1012 -2.447625 
1013 -1.088761 
1014 1.941183 
1015 -0.515789 
1016 -0.245559 
1017 -1.834874 
1018 -1.913716 
1019 1.202056 
1020 -0.721138 
1021 1.342930 
1022 -0.195443 
1023 -3.214951 
1024 0.020833 
1025 1.865851 
1026 -1.738071 
1027 -1.565121 
1028 -0.113979 
1029 -2.485228 
1030 -0.544838 
1031 -1.238925 
1032 1.432844 
1033 -0.896543 
1034 2.565347 
1035 2.333000 
1036 -1.561332 
1037 -1.310789 
1038 -0.936957 
1039 -0.996292 
1040 -1.358771 
1041 -1.120675 
1042 -1.765259 
1043 -0.688694 
1044 -1.522697 
1045 2.005135 
1046 1.580146 
1047 -1.591119 
1048 -1.681738 
1049 1.880670 
1050 1.639512 
1051 -1.266521 
1052 -0.876915 
1053 -0.974900 
1054 -1.966756 
1055 -1.173169 
1056 -1.823663 
1057 -1.579315 
1058 -0.778363 
1059 1.278437 
1060 -1.185876 
1061 -0.641755 
1062 -1.953115 
1063 -1.003518 
1064 2.372894 
1065 -1.062668 
1066 -0.230440 
1067 -1.855042 
1068 1.504679 
1069 -2.438722 
1070 -1.037590 
1071 1.676198 
1072 -0.864117 
1073 -2.236761 
1074 -0.563876 
1075 -1.074296 
1076 -0.045217 
1077 -0.966990 
1078 -0.439277 
1079 -2.746072 
1080 -1.577404 
1081 -1.477525 
1082 1.490775 
1083 -1.310928 
1084 -0.494466 
1085 -2.086536 
1086 -1.661095 
1087 -0.388376 
1088 -0.483746 
1089 -2.276840 
1090 -0.405455 
1091 -1.143320 
1092 -1.843334 
1093 1.444377 
1094 -1.079069 
1095 -1.235132 
1096 -0.654122 
1097 -1.654649 
1098 -1.453691 
1099 -0.923085 
1100 1.382118 
1101 -1.669613 
1102 1.361909 
1103 -1.918279 
1104 -1.366837 
1105 -1.447824 
1106 -0.460879 
1107 -1.757483 
1108 -2.293349 
1109 -1.432371 
1110 1.364641 
1111 -0.252219 
1112 -0.928313 
1113 1.707468 
1114 0.051778 
1115 -2.654318 
1116 -2.080277 
1117 -0.572717 
1118 -1.365505 
1119 -0.889789 
1120 1.820446 
1121 1.243742 
1122 -2.033628 
1123 1.997720 
1124 -1.631517 
1125 1.794793 
1126 -1.794578 
1127 -0.424321 
1128 1.231092 
1129 -2.107741 
1130 -0.143221 
1131 -2.018792 
1132 -2.950715 
1133 -0.169900 
1134 -0.311843 
1135 -0.905857 
1136 -2.082755 
1137 -0.059510 
1138 -1.304863 
1139 -1.302013 
1140 -1.012821 
1141 1.705744 
1142 -2.750134 
1143 0.044389 
1144 -0.789315 
1145 -1.806497 
1146 2.046017 
1147 -1.255839 
1148 -0.610185 
1149 -0.979098 
1150 -1.885579 
1151 -1.652872 
1152 3.102093 
1153 -0.800664 
1154 -0.877092 
1155 1.987721 
1156 -1.181078 
1157 -1.326050 
1158 1.612134 
1159 -1.618315 
1160 -0.048262 
1161 -0.727063 
1162 -2.351643 
1163 1.932075 
1164 -0.106915 
1165 -1.446579 
1166 -1.038157 
1167 -1.932608 
1168 -1.213069 
1169 -2.028406 
1170 -0.510459 
1171 1.865082 
1172 -1.922348 
1173 -0.451585 
1174 -0.424295 
1175 -1.932873 
1176 -1.485052 
1177 -0.649742 
1178 -1.013864 
1179 -1.717732 
1180 -2.427247 
1181 -1.101859 
1182 1.431773 
1183 -0.187657 
1184 -1.914763 
1185 2.249828 
1186 -0.264148 
1187 -1.221172 
1188 -1.811633 
1189 -1.577807 
1190 -1.249592 
1191 -0.347687 
1192 -0.435297 
1193 -1.632150 
1194 -1.966714 
1195 1.594687 
1196 0.059298 
1197 -2.120962 
1198 -1.334687 
1199 2.150701 
1200 1.745316 
1201 -1.034968 
1202 -1.124221 
1203 -1.717336 
1204 1.441038 
1205 -1.902656 
1206 -0.465116 
1207 -1.605672 
1208 1.146491 
1209 -1.215230 
1210 -2.142153 
1211 -0.900599 
1212 1.643855 
1213 -1.248610 
1214 -0.901606 
1215 -1.911383 
1216 -1.025129 
1217 -1.085568 
1218 -2.417528 
1219 -0.318080 
1220 -2.320047 
1221 -1.175887 
1222 -1.116724 
1223 0.665735 
1224 -0.481465 
1225 -0.266936 
1226 -0.367386 
1227 -3.169547 
1228 -0.523348 
1229 -1.695310 
1230 -1.910426 
1231 1.383616 
1232 -2.026553 
1233 -1.064951 
1234 -0.751308 
1235 1.940946 
1236 -1.081429 
1237 0.201044 
1238 -0.974961 
1239 -2.582603 
1240 -2.013940 
1241 -1.206463 
1242 -1.510059 
1243 1.258694 
1244 -0.811797 
1245 -1.474564 
1246 -1.254855 
1247 2.260972 
1248 -1.753320 
1249 -2.249513 
1250 1.149875 
1251 -0.262649 
1252 -1.090824 
1253 1.101589 
1254 -2.187007 
1255 -1.159580 
1256 -0.941108 
1257 -1.999946 
1258 -1.716201 
1259 -0.041702 
1260 1.322627 
1261 -0.215219 
1262 -2.618381 
1263 -1.483011 
1264 -0.499583 
1265 -1.525239 
1266 -1.474140 
1267 -1.412837 
1268 -0.028718 
1269 -2.007522 
1270 -0.531071 
1271 -2.059359 
1272 -1.424813 
1273 -2.013138 
1274 -1.147940 
1275 -0.283103 
1276 0.922622 
1277 -2.348036 
1278 -1.682078 
1279 -0.524194 
1280 -1.690262 
1281 -0.396723 
1282 -2.049208 
1283 1.444727 
1284 -0.784429 
1285 -1.522660 
1286 2.131123 
1287 -1.656244 
1288 -1.649271 
1289 -0.636593 
1290 -1.367035 
1291 -1.471988 
1292 -0.914807 
1293 -1.880432 
1294 -1.609461 
1295 0.849894 
1296 -0.415792 
1297 -1.155753 
1298 -0.806604 
1299 -2.393070 
1300 -1.763736 
1301 -1.941181 
1302 -0.443198 
1303 -0.772552 
1304 -2.067658 
1305 -1.232724 
1306 1.781392 
1307 1.765868 
1308 -2.576806 
1309 -1.265640 
1310 0.013401 
1311 -0.917902 
1312 0.875319 
1313 -0.629550 
1314 -2.340002 
1315 -1.731053 
1316 -1.521210 
1317 -1.805494 
1318 -1.240770 
1319 -0.347149 
1320 0.719474 
1321 -1.005370 
1322 -2.891137 
1323 1.193715 
1324 -1.212995 
1325 -1.328695 
1326 -1.615860 
1327 -0.689158 
1328 -1.991532 
1329 0.123772 
1330 -1.757442 
1331 -1.153461 
1332 -1.987816 
1333 -0.602317 
1334 -0.974158 
1335 -1.511767 
1336 -1.525263 
1337 -2.446729 
1338 1.362531 
1339 0.038099 
1340 -0.720961 
1341 -1.383165 
1342 -1.842168 
1343 2.120920 
1344 -0.245374 
1345 -2.541306 
1346 -1.835497 
1347 0.120516 
1348 -1.447357 
1349 -2.196431 
1350 -0.209348 
1351 -0.821376 
1352 -2.499318 
1353 2.216510 
1354 -0.993483 
1355 0.120081 
1356 0.175390 
1357 1.373847 
1358 -1.884557 
1359 -2.071031 
1360 2.114365 
1361 1.110698 
1362 -1.740535 
1363 -1.525731 
1364 -0.215994 
1365 -2.299744 
1366 0.454997 
1367 -2.112275 
1368 -1.227048 
1369 -1.751758 
1370 1.840897 
1371 -1.190154 
1372 2.149725 
1373 3.058179 
1374 1.461974 
1375 -1.777165 
1376 1.666228 
1377 -2.049861 
1378 -1.112498 
1379 1.579543 
1380 0.217073 
1381 -0.773928 
1382 -3.201916 
1383 -0.304871 
1384 -1.373135 
1385 2.437233 
1386 1.715524 
1387 -1.528454 
1388 -2.635590 
1389 0.271250 
1390 -0.127170 
1391 -1.784590 
1392 -1.431460 
1393 -1.304037 
1394 -1.928625 
1395 1.296025 
1396 -1.674080 
1397 -0.385610 
1398 2.716180 
1399 -0.751787 
1400 -1.329909 
1401 -2.264663 
1402 -1.076025 
1403 -0.298156 
1404 2.113141 
1405 -1.399831 
1406 -1.913854 
1407 -0.575457 
1408 -2.052957 
1409 1.757901 
1410 -1.500706 
1411 -0.419290 
1412 1.793922 
1413 -2.461450 
1414 -0.990055 
1415 1.314894 
1416 -1.035875 
1417 -0.209697 
1418 -2.129672 
1419 -1.309614 
1420 -1.503652 
1421 -1.775118 
1422 1.477099 
1423 1.814989 
1424 1.901050 
1425 -1.672215 
1426 -1.369074 
1427 1.532498 
1428 -2.233946 
1429 -0.664765 
1430 -0.285136 
1431 -1.386107 
1432 -2.066730 
1433 -1.910362 
1434 0.117772 
1435 -0.345816 
1436 1.667268 
1437 -0.157141 
1438 -0.539450 
1439 -2.781669 
1440 1.367470 
1441 -0.132271 
1442 0.065105 
1443 -2.984425 
1444 -1.006649 
1445 -2.835686 
