5962 1
0 1.750777 
1 1.546927 
2 1.390923 
3 1.423002 
4 1.421776 
5 1.493389 
6 1.658925 
7 1.596536 
8 1.549902 
9 1.497382 
10 1.564339 
11 1.526407 
12 1.574466 
13 1.470447 
14 1.555490 
15 1.561583 
16 1.553209 
17 1.517473 
18 1.576704 
19 1.500207 
20 1.607379 
21 1.525700 
22 1.474073 
23 1.566185 
24 1.432153 
25 1.369116 
26 1.693762 
27 1.667539 
28 1.768828 
29 1.431702 
30 1.507673 
31 1.579280 
32 1.531454 
33 1.547561 
34 1.588536 
35 1.610878 
36 1.552976 
37 1.617715 
38 1.533865 
39 1.526654 
40 1.570645 
41 1.531201 
42 1.543236 
43 1.635968 
44 1.439621 
45 1.564911 
46 1.638424 
47 1.558338 
48 1.469119 
49 1.639334 
50 1.513619 
51 1.601713 
52 1.581442 
53 1.489428 
54 1.518263 
55 1.640217 
56 1.516469 
57 1.522497 
58 1.697671 
59 1.481201 
60 1.622834 
61 1.562126 
62 1.479272 
63 1.590010 
64 1.456846 
65 1.611920 
66 1.549962 
67 1.583953 
68 1.654917 
69 1.468713 
70 1.412972 
71 1.662836 
72 1.513238 
73 1.500343 
74 1.634315 
75 1.543231 
76 1.496072 
77 1.607797 
78 1.560984 
79 1.573481 
80 1.648622 
81 1.446202 
82 1.531871 
83 1.587375 
84 1.552854 
85 1.551424 
86 1.563489 
87 1.552454 
88 1.548186 
89 1.616957 
90 1.540353 
91 1.493209 
92 1.599111 
93 1.473380 
94 1.531687 
95 1.655510 
96 1.605993 
97 1.653916 
98 1.464291 
99 1.449219 
100 1.510366 
101 1.395879 
102 1.763488 
103 1.538271 
104 1.426526 
105 1.810880 
106 1.414057 
107 1.517771 
108 1.600275 
109 1.529055 
110 1.480914 
111 1.596854 
112 1.488156 
113 1.564105 
114 1.640521 
115 1.540658 
116 1.530785 
117 1.593222 
118 1.546990 
119 1.488482 
120 1.621144 
121 1.586017 
122 1.456413 
123 1.585905 
124 1.594843 
125 1.543660 
126 1.544445 
127 1.517805 
128 1.543656 
129 1.600582 
130 1.457629 
131 1.527086 
132 1.681367 
133 1.490717 
134 1.432773 
135 1.526833 
136 1.691591 
137 1.467366 
138 1.511089 
139 1.617516 
140 1.610285 
141 1.663040 
142 1.599802 
143 1.511996 
144 1.532290 
145 1.817315 
146 1.510455 
147 1.609081 
148 1.650747 
149 1.509265 
150 1.544296 
151 1.572758 
152 1.602518 
153 1.506027 
154 1.603261 
155 1.488007 
156 1.487833 
157 1.603567 
158 1.595275 
159 1.471778 
160 1.540348 
161 1.547857 
162 1.490399 
163 1.622994 
164 1.555266 
165 1.431899 
166 1.755296 
167 1.503880 
168 1.409564 
169 1.823105 
170 1.461983 
171 1.503568 
172 1.810292 
173 1.717685 
174 1.270203 
175 1.276531 
176 1.912797 
177 1.939612 
178 1.873941 
179 0.961893 
180 1.625996 
181 1.592552 
182 1.094718 
183 1.033697 
184 0.945538 
185 1.501556 
186 1.515072 
187 1.452624 
188 1.326545 
189 1.591904 
190 1.678604 
191 1.972224 
192 1.518586 
193 1.474596 
194 1.816443 
195 1.698985 
196 1.220640 
197 1.775396 
198 1.586200 
199 1.603330 
200 1.558016 
201 1.565365 
202 1.440116 
203 1.624973 
204 1.455422 
205 1.468704 
206 1.791849 
207 1.522135 
208 1.641497 
209 1.631492 
210 1.669397 
211 1.201008 
212 2.664682 
213 1.314603 
214 1.250420 
215 1.276257 
216 -0.403328 
217 -0.949574 
218 -0.592105 
219 -2.715849 
220 -2.014845 
221 -2.064492 
222 -1.382037 
223 -2.039963 
224 -2.573449 
225 -1.294387 
226 -1.489530 
227 -1.492861 
228 0.261104 
229 -0.152010 
230 -0.092563 
231 2.431657 
232 0.498191 
233 0.686077 
234 2.147358 
235 2.610299 
236 1.206176 
237 1.596767 
238 1.678824 
239 1.628052 
240 1.578676 
241 1.552600 
242 1.391188 
243 1.557894 
244 1.565976 
245 1.653733 
246 1.446274 
247 1.527143 
248 2.181630 
249 2.064412 
250 0.933091 
251 1.089413 
252 2.720501 
253 -0.890731 
254 -1.065212 
255 -1.188464 
256 -1.704842 
257 -1.877137 
258 -1.916849 
259 -2.124216 
260 -1.660818 
261 -1.815875 
262 -1.940875 
263 -1.537014 
264 -2.282318 
265 -2.106174 
266 -1.533112 
267 -1.519882 
268 -2.204285 
269 -1.943319 
270 -1.964640 
271 -0.034735 
272 -0.216227 
273 -0.193438 
274 2.016391 
275 2.344743 
276 0.839941 
277 1.964334 
278 1.719432 
279 1.799990 
280 1.791942 
281 1.630480 
282 1.543046 
283 1.261766 
284 1.293335 
285 1.673438 
286 1.649271 
287 1.344277 
288 2.524920 
289 2.332415 
290 0.222990 
291 0.162764 
292 0.441838 
293 -2.340458 
294 -2.185199 
295 -2.211399 
296 -1.590600 
297 -1.508930 
298 -1.608057 
299 -1.797464 
300 -1.619514 
301 -1.607230 
302 -1.729717 
303 -1.516652 
304 -1.530250 
305 -2.443964 
306 -1.385109 
307 -1.412886 
308 -2.545424 
309 -2.167478 
310 -2.127927 
311 -0.754311 
312 -1.742997 
313 -1.655843 
314 1.496756 
315 0.866960 
316 0.455231 
317 1.992633 
318 1.750153 
319 1.944175 
320 1.226795 
321 1.099218 
322 1.825292 
323 1.902887 
324 1.491729 
325 1.824237 
326 1.887957 
327 0.907157 
328 2.263420 
329 2.211711 
330 -1.132029 
331 -1.038986 
332 -0.649876 
333 -2.199493 
334 -2.100487 
335 -2.021691 
336 -2.092217 
337 -1.387553 
338 -1.472480 
339 -1.720200 
340 -1.770726 
341 -1.733363 
342 -1.581918 
343 -1.566866 
344 -1.457888 
345 -1.742456 
346 -1.674276 
347 -1.653387 
348 -2.072002 
349 -2.028113 
350 -1.972022 
351 -1.221726 
352 -2.587648 
353 -2.560478 
354 -0.632624 
355 -1.002790 
356 -0.724191 
357 0.039376 
358 0.130060 
359 3.814174 
360 1.334256 
361 1.669509 
362 1.555490 
363 1.561751 
364 2.213936 
365 1.764457 
366 1.686962 
367 0.297553 
368 0.825282 
369 0.548008 
370 -2.264349 
371 -2.833803 
372 -1.238662 
373 -1.742718 
374 -1.973506 
375 -1.898999 
376 -1.621001 
377 -1.666445 
378 -1.586989 
379 -1.723702 
380 -1.553408 
381 -1.586344 
382 -1.748529 
383 -1.669019 
384 -1.719808 
385 -1.723837 
386 -1.510669 
387 -1.478222 
388 -1.707156 
389 -1.720777 
390 -1.703134 
391 -1.864045 
392 -1.915316 
393 -1.917605 
394 -1.782804 
395 -1.778274 
396 1.383697 
397 1.430138 
398 1.749338 
399 1.608969 
400 1.404675 
401 1.613654 
402 1.535595 
403 1.522432 
404 1.922448 
405 1.896374 
406 1.843410 
407 -0.863165 
408 -0.787325 
409 -0.662424 
410 -2.536490 
411 -2.677036 
412 -1.565686 
413 -1.660605 
414 -1.669292 
415 -1.712623 
416 -1.609455 
417 -1.623361 
418 -1.704930 
419 -1.599066 
420 -1.641994 
421 -1.623344 
422 -1.699711 
423 -1.684736 
424 -1.747595 
425 -1.729875 
426 -1.572175 
427 -1.579676 
428 -1.716104 
429 -1.623377 
430 -1.559982 
431 -1.718719 
432 -2.032365 
433 1.350068 
434 1.304793 
435 1.570391 
436 1.510057 
437 1.587021 
438 1.625509 
439 1.371613 
440 2.747330 
441 0.524633 
442 0.305255 
443 -2.102733 
444 -1.357421 
445 -1.855500 
446 -1.832898 
447 -1.660017 
448 -1.757068 
449 -1.630505 
450 -1.651790 
451 -1.524937 
452 -1.756221 
453 -1.596839 
454 -1.632846 
455 -1.601685 
456 -1.636851 
457 -1.744704 
458 -1.759062 
459 1.372108 
460 1.469245 
461 1.474006 
462 1.562087 
463 1.589169 
464 1.483461 
465 1.555883 
466 1.479910 
467 1.568933 
468 1.508289 
469 1.489077 
470 1.622530 
471 1.478840 
472 1.432390 
473 1.534509 
474 1.613430 
475 1.508421 
476 1.525720 
477 1.514843 
478 1.533009 
479 1.564654 
480 1.454460 
481 1.475983 
482 1.554155 
483 1.586322 
484 1.569949 
485 1.419386 
486 1.548519 
487 1.576158 
488 1.573158 
489 1.418874 
490 1.556981 
491 1.524698 
492 1.467749 
493 1.559609 
494 1.424204 
495 1.603287 
496 1.709144 
497 1.663132 
498 1.281740 
499 1.391302 
500 1.561480 
501 1.630377 
502 1.448731 
503 1.396805 
504 1.450584 
505 1.589316 
506 1.507642 
507 1.563284 
508 1.561122 
509 1.589005 
510 1.629427 
511 1.251682 
512 1.514742 
513 1.357433 
514 1.681246 
515 1.600108 
516 1.379889 
517 1.426787 
518 1.605454 
519 1.693363 
520 1.404402 
521 1.381650 
522 1.510973 
523 1.693670 
524 2.257282 
525 2.018041 
526 1.271700 
527 1.020670 
528 0.843514 
529 1.496462 
530 1.776458 
531 2.159353 
532 1.411024 
533 1.291228 
534 1.519887 
535 1.739140 
536 3.506605 
537 1.159572 
538 0.519625 
539 -0.238920 
540 -2.095622 
541 -2.633433 
542 -1.758549 
543 -1.346142 
544 0.102419 
545 1.264291 
546 2.237654 
547 2.011293 
548 2.279295 
549 2.179646 
550 0.726094 
551 0.324252 
552 -0.543236 
553 -1.791356 
554 -2.234668 
555 -1.966272 
556 -3.032701 
557 -1.563158 
558 0.040073 
559 1.685405 
560 1.181364 
561 2.024482 
562 1.536231 
563 1.111097 
564 1.630566 
565 -0.034979 
566 -1.615092 
567 -2.943084 
568 -1.801301 
569 -1.747082 
570 -1.699123 
571 -1.261446 
572 -0.792345 
573 0.350753 
574 2.127459 
575 2.600821 
576 2.169060 
577 2.541409 
578 0.618722 
579 -0.547925 
580 -1.213361 
581 -1.764486 
582 -1.901830 
583 -1.599136 
584 -2.983781 
585 -2.337445 
586 -0.945487 
587 -0.241170 
588 -0.033799 
589 1.919279 
590 2.579010 
591 0.816641 
592 -0.033709 
593 -1.216432 
594 -2.263534 
595 -2.579574 
596 -1.707061 
597 -1.693238 
598 -1.710180 
599 -1.516341 
600 -0.867674 
601 -0.944521 
602 1.950637 
603 2.203118 
604 3.295294 
605 0.724205 
606 -0.604163 
607 -1.732112 
608 -1.743242 
609 -1.809612 
610 -1.505532 
611 -1.518261 
612 -1.261286 
613 -1.162268 
614 -1.143153 
615 2.528527 
616 2.459677 
617 2.091743 
618 0.664480 
619 -0.273153 
620 -1.202991 
621 -1.865573 
622 -1.906785 
623 -1.705769 
624 -1.834704 
625 -1.693559 
626 -1.698555 
627 -1.613155 
628 1.350073 
629 1.611506 
630 1.682876 
631 1.618065 
632 1.808005 
633 1.357559 
634 1.673004 
635 1.400630 
636 1.500955 
637 1.252002 
638 1.692245 
639 1.757723 
640 1.803093 
641 1.261222 
642 1.495875 
643 1.531637 
644 1.580191 
645 1.581747 
646 1.501177 
647 1.485314 
648 1.581435 
649 1.550900 
650 1.465865 
651 1.642635 
652 1.783464 
653 1.526963 
654 1.281908 
655 1.563652 
656 1.563251 
657 1.543342 
658 1.492616 
659 1.622235 
660 1.622875 
661 1.439167 
662 1.657545 
663 1.527319 
664 1.728529 
665 1.620832 
666 1.611795 
667 1.212959 
668 1.670133 
669 1.502066 
670 1.633020 
671 1.410885 
672 1.440114 
673 1.542047 
674 1.734217 
675 1.547547 
676 1.317971 
677 1.529626 
678 1.546745 
679 1.666158 
680 1.222684 
681 1.710258 
682 1.691202 
683 1.749279 
684 1.371493 
685 1.519565 
686 1.779891 
687 1.644871 
688 1.523946 
689 1.334554 
690 1.510085 
691 1.763475 
692 2.216284 
693 1.242297 
694 1.480603 
695 1.391316 
696 2.476069 
697 0.490704 
698 1.149332 
699 1.297795 
700 0.960854 
701 1.598621 
702 1.649869 
703 1.931128 
704 2.180309 
705 2.303093 
706 0.559017 
707 0.289672 
708 -0.422094 
709 -1.183273 
710 -2.488926 
711 -2.126672 
712 -2.601302 
713 -1.283654 
714 0.504769 
715 2.263580 
716 1.356745 
717 1.787490 
718 1.891227 
719 0.532664 
720 0.028575 
721 -0.849055 
722 -2.131560 
723 -2.728594 
724 -2.238089 
725 -2.033185 
726 -1.352037 
727 -0.824447 
728 -0.230086 
729 0.501978 
730 2.534601 
731 2.341214 
732 2.521677 
733 1.609925 
734 -0.321150 
735 -1.915802 
736 -1.477327 
737 -1.640397 
738 -1.247951 
739 -2.120815 
740 -2.710804 
741 -2.576125 
742 -1.102437 
743 0.500185 
744 0.433585 
745 2.440076 
746 1.899966 
747 0.515630 
748 -0.487598 
749 -1.624572 
750 -2.100152 
751 -2.045377 
752 -2.153066 
753 -1.747434 
754 -1.646607 
755 -0.888227 
756 -0.846798 
757 -0.716075 
758 2.395763 
759 1.982087 
760 0.755144 
761 -0.467217 
762 -2.001919 
763 -2.888078 
764 -1.825524 
765 -1.640425 
766 -1.752913 
767 -1.316460 
768 -1.996960 
769 -1.120644 
770 -1.309065 
771 1.890854 
772 2.507433 
773 1.749232 
774 0.126826 
775 -1.383372 
776 -1.682375 
777 -1.385660 
778 -2.001216 
779 -1.473737 
780 -1.716864 
781 -1.736821 
782 -1.691386 
783 -1.794611 
784 1.896420 
785 2.074447 
786 1.337067 
787 0.213677 
788 -1.023509 
789 -1.521513 
790 -1.966034 
791 -2.141200 
792 -1.634474 
793 -1.565851 
794 -1.719395 
795 -1.652051 
796 -1.847008 
797 1.429390 
798 1.525279 
799 1.588197 
800 1.658909 
801 1.736018 
802 1.326145 
803 1.412800 
804 1.642482 
805 1.496120 
806 1.571387 
807 1.525436 
808 1.337397 
809 2.046571 
810 1.187238 
811 1.447797 
812 1.601830 
813 1.598480 
814 1.548666 
815 1.418223 
816 1.455249 
817 1.527483 
818 1.656104 
819 1.502327 
820 1.532330 
821 1.670843 
822 1.670232 
823 1.243060 
824 1.601182 
825 1.485828 
826 1.455079 
827 1.638335 
828 1.627608 
829 1.467630 
830 1.472975 
831 1.570917 
832 1.327898 
833 1.617561 
834 1.465740 
835 1.690592 
836 1.291535 
837 1.768043 
838 1.665058 
839 1.640028 
840 1.559972 
841 1.542417 
842 1.490999 
843 1.598302 
844 1.520737 
845 1.384323 
846 1.734077 
847 1.510936 
848 2.825518 
849 0.965061 
850 1.194862 
851 0.981014 
852 1.084552 
853 0.522527 
854 1.405095 
855 2.930189 
856 1.542313 
857 1.443334 
858 1.582416 
859 1.556769 
860 2.160548 
861 2.604830 
862 0.400089 
863 0.157439 
864 0.313224 
865 -0.972717 
866 -3.020216 
867 -1.769247 
868 -0.247020 
869 0.752913 
870 1.823694 
871 3.007287 
872 1.750386 
873 1.591159 
874 1.974673 
875 0.417534 
876 -0.427204 
877 -1.031601 
878 -2.067431 
879 -3.144514 
880 -3.344171 
881 -1.925511 
882 -1.001573 
883 -0.177924 
884 0.448859 
885 1.216066 
886 2.178448 
887 2.093920 
888 1.560147 
889 -0.087677 
890 -1.315200 
891 -3.350852 
892 -1.849121 
893 -1.440618 
894 -1.822577 
895 -1.471552 
896 -3.531215 
897 -1.697452 
898 -0.051461 
899 1.294537 
900 1.804734 
901 2.522062 
902 1.094143 
903 -0.493413 
904 -1.961732 
905 -1.698887 
906 -1.607161 
907 -1.503910 
908 -2.039413 
909 -1.697255 
910 -1.712877 
911 -1.415485 
912 -0.574179 
913 -0.131601 
914 2.814014 
915 1.997133 
916 0.635915 
917 -1.150550 
918 -2.520069 
919 -2.315086 
920 -1.706902 
921 -1.566693 
922 -1.622448 
923 -1.706454 
924 -1.857033 
925 -1.590195 
926 -1.504777 
927 1.877637 
928 2.320096 
929 1.188675 
930 -0.620953 
931 -2.216773 
932 -1.716278 
933 -2.008176 
934 -1.424360 
935 -1.293749 
936 -1.495785 
937 -1.793460 
938 -1.613653 
939 -1.978816 
940 2.058406 
941 1.926563 
942 1.678045 
943 0.086100 
944 -1.491186 
945 -2.068716 
946 -1.668215 
947 -1.684329 
948 -1.725405 
949 -1.631952 
950 -1.626413 
951 -1.611102 
952 -1.961729 
953 1.491148 
954 1.583622 
955 1.057266 
956 0.728047 
957 -0.753467 
958 -1.881021 
959 -3.027320 
960 -1.551016 
961 -1.642301 
962 -1.720418 
963 -1.747101 
964 -1.827692 
965 -1.802100 
966 1.404300 
967 1.506814 
968 1.446651 
969 1.479719 
970 1.563382 
971 1.763732 
972 1.622379 
973 1.692312 
974 1.490761 
975 1.421037 
976 1.596872 
977 1.509477 
978 1.603389 
979 1.630619 
980 1.527646 
981 1.548985 
982 1.553675 
983 1.598178 
984 1.458223 
985 1.565768 
986 1.472358 
987 1.652478 
988 1.400723 
989 2.321448 
990 1.190421 
991 1.169063 
992 1.499866 
993 1.822490 
994 1.550644 
995 1.477600 
996 1.429313 
997 1.827311 
998 1.550838 
999 1.471653 
1000 1.502189 
1001 1.487931 
1002 1.826470 
1003 1.423042 
1004 1.561912 
1005 1.628147 
1006 1.568903 
1007 1.592858 
1008 1.512951 
1009 1.569438 
1010 1.695433 
1011 1.528380 
1012 1.555264 
1013 1.494442 
1014 1.613851 
1015 1.587435 
1016 1.551624 
1017 1.571972 
1018 1.583711 
1019 1.536677 
1020 1.544896 
1021 1.577913 
1022 1.435329 
1023 1.655936 
1024 1.406169 
1025 1.731198 
1026 1.640769 
1027 1.379244 
1028 1.462326 
1029 1.613574 
1030 1.572273 
1031 1.638386 
1032 1.640317 
1033 1.525337 
1034 1.460494 
1035 1.585639 
1036 1.534611 
1037 1.487647 
1038 1.547908 
1039 1.622357 
1040 1.513705 
1041 1.599554 
1042 1.474396 
1043 1.657677 
1044 1.572325 
1045 1.529442 
1046 1.547599 
1047 1.597296 
1048 1.598789 
1049 1.473174 
1050 1.545753 
1051 1.608745 
1052 1.475265 
1053 1.602475 
1054 1.497691 
1055 1.669897 
1056 1.451492 
1057 1.515773 
1058 1.467376 
1059 1.670666 
1060 1.553730 
1061 1.373704 
1062 1.576474 
1063 1.542275 
1064 1.522871 
1065 1.392740 
1066 1.816485 
1067 1.614236 
1068 1.459644 
1069 1.566199 
1070 1.706911 
1071 1.510335 
1072 1.534150 
1073 1.701484 
1074 1.671441 
1075 1.661839 
1076 1.573960 
1077 1.549335 
1078 1.624491 
1079 1.624177 
1080 1.461392 
1081 1.672775 
1082 1.530489 
1083 1.428193 
1084 1.575939 
1085 1.490928 
1086 1.547199 
1087 1.523476 
1088 1.533806 
1089 1.522527 
1090 1.744018 
1091 1.536582 
1092 1.527283 
1093 1.555756 
1094 1.672920 
1095 1.510665 
1096 1.688607 
1097 1.470599 
1098 1.395701 
1099 1.494919 
1100 3.200497 
1101 0.859274 
1102 0.992175 
1103 1.114175 
1104 1.925742 
1105 2.018698 
1106 1.317419 
1107 1.818702 
1108 2.837348 
1109 0.913317 
1110 1.121386 
1111 1.130669 
1112 1.229958 
1113 1.022015 
1114 0.977866 
1115 2.310502 
1116 0.814706 
1117 0.792488 
1118 2.282675 
1119 2.400264 
1120 0.890321 
1121 1.878186 
1122 1.964078 
1123 1.695690 
1124 1.496817 
1125 1.551058 
1126 1.429826 
1127 1.629458 
1128 1.512875 
1129 1.367705 
1130 1.681354 
1131 1.681422 
1132 1.362000 
1133 1.536885 
1134 1.556812 
1135 1.605577 
1136 2.581172 
1137 2.262096 
1138 0.243233 
1139 0.394512 
1140 1.892276 
1141 1.695853 
1142 0.979931 
1143 0.057382 
1144 -0.078028 
1145 0.609807 
1146 -1.749666 
1147 -2.446281 
1148 -1.121828 
1149 -2.353624 
1150 -2.364143 
1151 -2.043354 
1152 -2.714687 
1153 -1.673430 
1154 -1.544090 
1155 -0.065108 
1156 -0.138304 
1157 -0.811369 
1158 2.019582 
1159 1.849684 
1160 0.276020 
1161 2.132141 
1162 2.250972 
1163 1.411673 
1164 1.644749 
1165 1.517255 
1166 1.548715 
1167 1.599761 
1168 1.386359 
1169 1.469076 
1170 1.517206 
1171 1.634587 
1172 1.682961 
1173 2.022225 
1174 1.636081 
1175 0.451949 
1176 2.631068 
1177 -0.074299 
1178 -0.437843 
1179 -0.573139 
1180 -1.748187 
1181 -1.696895 
1182 -1.584505 
1183 -2.849818 
1184 -1.435144 
1185 -1.723517 
1186 -2.014133 
1187 -2.050021 
1188 -1.668872 
1189 -1.747095 
1190 -1.811181 
1191 -1.800786 
1192 -2.215969 
1193 -2.220126 
1194 -2.022723 
1195 -0.990646 
1196 -2.220095 
1197 -2.848197 
1198 -0.570446 
1199 -0.611933 
1200 -0.469016 
1201 1.869225 
1202 1.620599 
1203 1.025037 
1204 1.715888 
1205 1.384201 
1206 1.507593 
1207 2.078292 
1208 1.212800 
1209 1.865266 
1210 1.494740 
1211 1.392772 
1212 2.216252 
1213 2.291777 
1214 0.619617 
1215 0.866971 
1216 0.218551 
1217 -2.488196 
1218 -2.327161 
1219 -2.401780 
1220 -2.454483 
1221 -1.354862 
1222 -1.362775 
1223 -1.418124 
1224 -1.595663 
1225 -1.686722 
1226 -1.541853 
1227 -1.573624 
1228 -1.535792 
1229 -1.734680 
1230 -1.428717 
1231 -1.776509 
1232 -1.760088 
1233 -1.930776 
1234 -1.647689 
1235 -1.361374 
1236 -2.033954 
1237 -3.173523 
1238 -1.064744 
1239 -1.088642 
1240 -3.705740 
1241 -0.385478 
1242 -0.445022 
1243 -0.071106 
1244 1.131748 
1245 1.250550 
1246 0.526461 
1247 2.880351 
1248 1.019063 
1249 1.905029 
1250 1.930726 
1251 0.993628 
1252 2.687595 
1253 2.214793 
1254 -0.478133 
1255 -0.366602 
1256 -0.598841 
1257 -2.181723 
1258 -2.139369 
1259 -2.303926 
1260 -1.988005 
1261 -1.533241 
1262 -1.604218 
1263 -1.368309 
1264 -2.190881 
1265 -1.306706 
1266 -1.790739 
1267 -1.407282 
1268 -1.627426 
1269 -1.667067 
1270 -1.701322 
1271 -1.674860 
1272 -1.539572 
1273 -1.605356 
1274 -1.486451 
1275 -1.980458 
1276 -1.869200 
1277 -2.316449 
1278 -1.527596 
1279 -1.426435 
1280 -3.219991 
1281 -1.463493 
1282 -1.783374 
1283 -1.283316 
1284 -0.164562 
1285 -0.171231 
1286 2.464900 
1287 2.330827 
1288 1.919798 
1289 1.726164 
1290 1.782758 
1291 0.450315 
1292 1.201879 
1293 1.084839 
1294 -2.388944 
1295 -2.131295 
1296 -1.073192 
1297 -1.970819 
1298 -2.004482 
1299 -1.648389 
1300 -1.628626 
1301 -2.097005 
1302 -1.440314 
1303 -1.428185 
1304 -1.529246 
1305 -1.711837 
1306 -1.708422 
1307 -1.625853 
1308 -1.637043 
1309 -1.670974 
1310 -1.705093 
1311 -1.653914 
1312 -1.524330 
1313 -1.653321 
1314 -1.607660 
1315 -1.675827 
1316 -1.497841 
1317 -2.654132 
1318 -1.231198 
1319 -1.398259 
1320 -2.160503 
1321 -1.426244 
1322 -1.362413 
1323 1.822361 
1324 1.170629 
1325 1.551563 
1326 1.475582 
1327 1.614535 
1328 1.775472 
1329 1.983296 
1330 2.023776 
1331 -0.517748 
1332 -0.446396 
1333 -0.772060 
1334 -2.809927 
1335 -2.623332 
1336 -1.954842 
1337 -1.578354 
1338 -1.474122 
1339 -1.586978 
1340 -1.643267 
1341 -1.598138 
1342 -1.748007 
1343 -1.574931 
1344 -1.726075 
1345 -1.689764 
1346 -1.679484 
1347 -1.641781 
1348 -1.592321 
1349 -1.891781 
1350 -1.621144 
1351 -1.665457 
1352 -1.598903 
1353 -1.481955 
1354 -1.587977 
1355 -1.997800 
1356 -1.670137 
1357 -1.873091 
1358 -1.836612 
1359 -1.393559 
1360 1.471019 
1361 1.403396 
1362 1.625820 
1363 1.504110 
1364 1.850032 
1365 1.495682 
1366 1.539625 
1367 1.431552 
1368 0.613240 
1369 0.691054 
1370 0.495180 
1371 -3.419866 
1372 -1.166219 
1373 -1.184244 
1374 -2.330614 
1375 -2.317876 
1376 -1.571422 
1377 -1.546837 
1378 -1.944933 
1379 -1.426558 
1380 -1.723566 
1381 -1.561997 
1382 -1.604915 
1383 -1.729733 
1384 -1.677136 
1385 -1.701773 
1386 -1.581403 
1387 -1.713192 
1388 -1.664837 
1389 -1.789813 
1390 -1.551176 
1391 -1.660840 
1392 -1.413906 
1393 -1.581548 
1394 -1.565843 
1395 -2.032635 
1396 -1.801760 
1397 1.246995 
1398 1.692212 
1399 1.537982 
1400 2.316359 
1401 2.159942 
1402 0.957695 
1403 0.930004 
1404 -0.873977 
1405 -0.699506 
1406 -2.266870 
1407 -3.035873 
1408 -1.909467 
1409 -1.792539 
1410 -1.336279 
1411 -1.360118 
1412 -1.613391 
1413 -1.660570 
1414 -1.727877 
1415 -1.755584 
1416 -1.780859 
1417 -1.540932 
1418 -1.770082 
1419 -1.565819 
1420 -1.846528 
1421 1.569948 
1422 1.577834 
1423 1.457294 
1424 1.401917 
1425 1.664397 
1426 1.463149 
1427 1.661053 
1428 1.508701 
1429 1.759806 
1430 1.417352 
1431 1.549310 
1432 1.557499 
1433 1.634137 
1434 1.577673 
1435 1.490168 
1436 1.611849 
1437 1.574798 
1438 1.580314 
1439 1.527639 
1440 1.429054 
1441 1.570593 
1442 1.517848 
1443 1.654514 
1444 2.218049 
1445 1.224318 
1446 1.283081 
1447 1.317588 
1448 1.569252 
1449 1.608087 
1450 1.510550 
1451 1.603854 
1452 1.536863 
1453 1.599997 
1454 1.609391 
1455 1.541550 
1456 1.504801 
1457 1.650206 
1458 1.552497 
1459 1.542775 
1460 1.681849 
1461 1.433440 
1462 1.469396 
1463 1.653084 
1464 1.554587 
1465 1.518723 
1466 1.550407 
1467 1.662128 
1468 1.457540 
1469 1.631084 
1470 1.640036 
1471 1.479035 
1472 1.590808 
1473 1.644933 
1474 1.507839 
1475 1.615233 
1476 1.520764 
1477 1.496409 
1478 1.615986 
1479 1.604858 
1480 1.629416 
1481 1.955589 
1482 1.263542 
1483 1.422356 
1484 1.501642 
1485 1.482288 
1486 1.742569 
1487 1.541783 
1488 1.780231 
1489 1.476737 
1490 1.449089 
1491 1.436460 
1492 1.563419 
1493 1.628874 
1494 1.610524 
1495 1.523495 
1496 1.545813 
1497 1.576208 
1498 1.642762 
1499 1.583700 
1500 1.526360 
1501 1.478315 
1502 1.534640 
1503 1.722799 
1504 1.619339 
1505 1.513144 
1506 1.601347 
1507 1.561676 
1508 1.569071 
1509 1.521090 
1510 1.566713 
1511 1.704560 
1512 1.553280 
1513 1.683679 
1514 1.515393 
1515 1.513514 
1516 1.668236 
1517 1.673506 
1518 1.743146 
1519 1.158379 
1520 1.186682 
1521 1.611974 
1522 1.698277 
1523 1.751229 
1524 1.734064 
1525 1.565025 
1526 1.423195 
1527 1.439013 
1528 1.687634 
1529 1.608976 
1530 1.627209 
1531 1.617400 
1532 1.681899 
1533 1.618029 
1534 1.734786 
1535 1.609249 
1536 1.530818 
1537 1.522818 
1538 1.596933 
1539 1.546982 
1540 1.540662 
1541 1.621517 
1542 1.492410 
1543 1.526588 
1544 1.683565 
1545 1.574362 
1546 1.450029 
1547 1.501722 
1548 1.384978 
1549 1.626533 
1550 1.503011 
1551 1.750857 
1552 1.282871 
1553 1.305453 
1554 1.480198 
1555 1.879857 
1556 1.465794 
1557 1.438785 
1558 1.929446 
1559 1.768100 
1560 1.761275 
1561 1.673798 
1562 1.623475 
1563 1.576776 
1564 1.431539 
1565 1.834751 
1566 1.323475 
1567 1.240071 
1568 1.647852 
1569 0.994670 
1570 1.201811 
1571 1.340434 
1572 0.976744 
1573 1.383796 
1574 1.382045 
1575 2.423511 
1576 1.170712 
1577 1.237609 
1578 2.293662 
1579 1.600077 
1580 1.524124 
1581 1.702284 
1582 1.471242 
1583 1.483077 
1584 1.533959 
1585 1.951238 
1586 1.391457 
1587 1.390854 
1588 1.324556 
1589 1.570746 
1590 1.572313 
1591 1.603610 
1592 3.255401 
1593 0.954891 
1594 0.811575 
1595 0.774932 
1596 2.385885 
1597 0.819879 
1598 0.524973 
1599 0.154305 
1600 0.412420 
1601 -1.180496 
1602 -1.350670 
1603 -1.851324 
1604 -1.880940 
1605 -1.716105 
1606 -2.124310 
1607 -2.177255 
1608 -2.556019 
1609 -2.090152 
1610 -1.435016 
1611 -1.401633 
1612 -1.155308 
1613 -0.022844 
1614 -0.147756 
1615 2.523850 
1616 1.272709 
1617 1.156002 
1618 1.830690 
1619 2.416316 
1620 1.206790 
1621 1.806133 
1622 1.688194 
1623 1.528960 
1624 1.528766 
1625 1.329366 
1626 1.525084 
1627 1.564739 
1628 2.197168 
1629 2.316232 
1630 0.592477 
1631 0.844145 
1632 0.588076 
1633 -0.011362 
1634 -0.224625 
1635 -3.263444 
1636 -1.460827 
1637 -1.493699 
1638 -2.463500 
1639 -2.619276 
1640 -1.480654 
1641 -1.868455 
1642 -1.727169 
1643 -2.001098 
1644 -1.909747 
1645 -1.622191 
1646 -1.862039 
1647 -1.426240 
1648 -2.147590 
1649 -2.085360 
1650 -1.556467 
1651 -1.774003 
1652 -2.819129 
1653 -1.876501 
1654 -1.810696 
1655 -0.359695 
1656 0.123908 
1657 0.261467 
1658 1.085168 
1659 3.285975 
1660 1.161467 
1661 1.468091 
1662 2.010354 
1663 1.856982 
1664 1.606038 
1665 1.758977 
1666 1.652197 
1667 1.061825 
1668 3.914490 
1669 0.341780 
1670 0.505468 
1671 0.559808 
1672 -1.537452 
1673 -1.393060 
1674 -1.082172 
1675 -3.596812 
1676 -1.673040 
1677 -1.971917 
1678 -1.439488 
1679 -1.474315 
1680 -2.000312 
1681 -1.552460 
1682 -1.506165 
1683 -1.413867 
1684 -1.460345 
1685 -1.454743 
1686 -1.958180 
1687 -1.652143 
1688 -1.647191 
1689 -1.543495 
1690 -1.857037 
1691 -1.591344 
1692 -2.749565 
1693 -1.860246 
1694 -1.809602 
1695 -1.495181 
1696 -1.067716 
1697 -0.997591 
1698 -0.398038 
1699 2.590725 
1700 0.635249 
1701 0.602402 
1702 2.054824 
1703 2.602412 
1704 2.104405 
1705 2.060538 
1706 0.894168 
1707 0.871969 
1708 4.075944 
1709 -0.777214 
1710 -0.623245 
1711 -0.321552 
1712 -2.397123 
1713 -1.309946 
1714 -1.916871 
1715 -1.751704 
1716 -1.564013 
1717 -1.730995 
1718 -1.626282 
1719 -1.552038 
1720 -1.801707 
1721 -1.673257 
1722 -1.653998 
1723 -1.633535 
1724 -1.416833 
1725 -1.473157 
1726 -2.257609 
1727 -1.628697 
1728 -1.333951 
1729 -1.656843 
1730 -1.796453 
1731 -1.698211 
1732 -2.165215 
1733 -1.456784 
1734 -1.565246 
1735 -1.720682 
1736 -2.445085 
1737 -2.896840 
1738 -2.216473 
1739 -0.693578 
1740 -0.287912 
1741 1.995613 
1742 1.874603 
1743 1.555011 
1744 2.532101 
1745 2.501356 
1746 0.283115 
1747 0.269436 
1748 1.857321 
1749 -2.438711 
1750 -2.310951 
1751 -1.818642 
1752 -1.601421 
1753 -1.454159 
1754 -1.443286 
1755 -1.978542 
1756 -1.745246 
1757 -1.651686 
1758 -1.654143 
1759 -1.688637 
1760 -1.821251 
1761 -1.677961 
1762 -1.632694 
1763 -1.600680 
1764 -1.680546 
1765 -1.654979 
1766 -1.747319 
1767 -1.733942 
1768 -1.462213 
1769 -1.618665 
1770 -1.806923 
1771 -1.604524 
1772 -1.785011 
1773 -1.504268 
1774 -1.746429 
1775 -1.692077 
1776 -1.358951 
1777 -1.677131 
1778 1.770368 
1779 1.917796 
1780 1.609114 
1781 1.603328 
1782 2.007210 
1783 0.729853 
1784 2.570823 
1785 2.685658 
1786 -0.409875 
1787 -0.498594 
1788 -0.379765 
1789 -2.322890 
1790 -2.278678 
1791 -2.283767 
1792 -1.681620 
1793 -1.584639 
1794 -1.675228 
1795 -1.478487 
1796 -1.467095 
1797 -2.018889 
1798 -1.585560 
1799 -1.457969 
1800 -1.659488 
1801 -1.653023 
1802 -1.762346 
1803 -1.585217 
1804 -1.636507 
1805 -1.629846 
1806 -1.591655 
1807 -1.807904 
1808 -1.722064 
1809 -1.508048 
1810 -1.663398 
1811 -1.673293 
1812 -1.799431 
1813 -1.704924 
1814 -1.657542 
1815 1.377526 
1816 1.361633 
1817 1.557727 
1818 1.620369 
1819 1.429383 
1820 1.835380 
1821 1.929408 
1822 2.027048 
1823 0.235328 
1824 0.672031 
1825 0.854065 
1826 -2.652492 
1827 -2.625499 
1828 -0.890674 
1829 -1.985497 
1830 -1.975464 
1831 -1.798156 
1832 -1.519572 
1833 -1.709420 
1834 -1.541027 
1835 -1.917354 
1836 -1.627347 
1837 -1.818012 
1838 -1.608358 
1839 -1.592884 
1840 -1.520529 
1841 -1.624272 
1842 -1.775946 
1843 -1.735357 
1844 -1.740583 
1845 -1.604994 
1846 -1.678126 
1847 -1.666682 
1848 -1.579944 
1849 -1.612404 
1850 -1.634641 
1851 -1.705665 
1852 1.360241 
1853 1.606926 
1854 1.703261 
1855 1.430673 
1856 3.594278 
1857 0.999083 
1858 1.037026 
1859 -0.722134 
1860 -0.187145 
1861 -1.880669 
1862 -1.821833 
1863 -2.797487 
1864 -1.852003 
1865 -1.468429 
1866 -1.883573 
1867 -1.349495 
1868 -1.705368 
1869 -1.726656 
1870 -1.719365 
1871 -1.595676 
1872 -1.766045 
1873 -1.488378 
1874 -1.753939 
1875 -1.682702 
1876 1.473862 
1877 1.507253 
1878 1.622021 
1879 1.742612 
1880 1.427275 
1881 1.724189 
1882 1.378487 
1883 1.713887 
1884 1.511594 
1885 1.516104 
1886 1.489483 
1887 1.742445 
1888 1.662313 
1889 1.578194 
1890 1.477105 
1891 1.569745 
1892 1.460144 
1893 1.616926 
1894 1.588711 
1895 1.641765 
1896 1.551994 
1897 1.654491 
1898 1.453784 
1899 1.528597 
1900 1.530149 
1901 1.368596 
1902 1.784924 
1903 1.703737 
1904 1.497177 
1905 1.503843 
1906 1.590089 
1907 1.586469 
1908 1.546996 
1909 1.662514 
1910 1.466904 
1911 1.540134 
1912 1.725550 
1913 1.504442 
1914 1.519926 
1915 1.455265 
1916 1.272925 
1917 1.481235 
1918 2.015438 
1919 1.421075 
1920 1.495588 
1921 1.641083 
1922 1.464322 
1923 1.590366 
1924 1.529497 
1925 1.515758 
1926 1.579714 
1927 1.546899 
1928 1.441203 
1929 1.548357 
1930 1.713586 
1931 1.513879 
1932 1.538381 
1933 1.482173 
1934 1.328667 
1935 1.676376 
1936 1.588220 
1937 1.541002 
1938 1.454094 
1939 1.710068 
1940 1.553580 
1941 1.489212 
1942 1.558514 
1943 1.536195 
1944 1.846430 
1945 1.419791 
1946 1.424956 
1947 1.531409 
1948 1.458523 
1949 1.387859 
1950 1.905568 
1951 1.412407 
1952 1.386665 
1953 1.662192 
1954 1.613108 
1955 1.536126 
1956 1.608155 
1957 1.493568 
1958 1.575089 
1959 1.516916 
1960 1.594438 
1961 1.536843 
1962 1.487550 
1963 1.575381 
1964 1.521580 
1965 1.575146 
1966 1.628135 
1967 1.523555 
1968 1.407858 
1969 1.544498 
1970 1.654587 
1971 1.533848 
1972 1.784535 
1973 1.666522 
1974 1.313344 
1975 1.346619 
1976 1.609454 
1977 1.517179 
1978 1.590593 
1979 1.586068 
1980 1.749180 
1981 1.622079 
1982 1.485401 
1983 1.476981 
1984 1.889605 
1985 1.293339 
1986 1.439082 
1987 1.904149 
1988 1.541701 
1989 1.565886 
1990 1.757557 
1991 1.610980 
1992 1.499570 
1993 1.501974 
1994 1.709345 
1995 1.465711 
1996 1.626419 
1997 1.379385 
1998 1.430085 
1999 1.748370 
2000 1.680786 
2001 1.518279 
2002 1.505000 
2003 1.605111 
2004 1.298345 
2005 1.280277 
2006 2.004907 
2007 1.567942 
2008 1.407796 
2009 2.296998 
2010 1.683713 
2011 0.721743 
2012 1.769937 
2013 1.552445 
2014 1.535564 
2015 1.758010 
2016 1.524334 
2017 1.581210 
2018 2.611233 
2019 0.616331 
2020 1.410428 
2021 3.005831 
2022 0.346677 
2023 0.577087 
2024 2.357595 
2025 0.872248 
2026 0.778939 
2027 1.720062 
2028 1.159869 
2029 1.204961 
2030 0.910683 
2031 3.075004 
2032 1.434115 
2033 1.169302 
2034 1.774478 
2035 1.852342 
2036 1.394902 
2037 1.785814 
2038 1.575894 
2039 1.480625 
2040 1.524537 
2041 1.571082 
2042 1.419858 
2043 1.706251 
2044 1.553197 
2045 1.379317 
2046 1.696579 
2047 1.365714 
2048 1.502596 
2049 2.521681 
2050 1.161988 
2051 1.315009 
2052 2.504737 
2053 0.348906 
2054 -0.038666 
2055 1.684703 
2056 -0.985831 
2057 -1.122401 
2058 -0.261838 
2059 -3.139555 
2060 -1.968166 
2061 -1.066943 
2062 -2.316110 
2063 -2.212820 
2064 -1.931016 
2065 -1.456500 
2066 -1.689888 
2067 -2.112271 
2068 0.530584 
2069 0.236217 
2070 -0.613132 
2071 3.053686 
2072 1.363718 
2073 0.313922 
2074 2.066909 
2075 2.331831 
2076 1.375425 
2077 1.766589 
2078 1.466054 
2079 1.484998 
2080 1.409836 
2081 1.495513 
2082 1.456785 
2083 1.629104 
2084 2.861117 
2085 1.297014 
2086 1.380910 
2087 0.405547 
2088 0.676164 
2089 1.530391 
2090 -2.030853 
2091 -1.879963 
2092 -0.710216 
2093 -2.600065 
2094 -2.329115 
2095 -1.488816 
2096 -2.031445 
2097 -1.882793 
2098 -1.666598 
2099 -1.664381 
2100 -1.532189 
2101 -1.679905 
2102 -1.850414 
2103 -2.274786 
2104 -2.496426 
2105 -1.414773 
2106 -1.436641 
2107 -2.131281 
2108 -1.442050 
2109 -1.473268 
2110 -2.375327 
2111 0.730467 
2112 0.353245 
2113 0.029420 
2114 2.558969 
2115 2.159405 
2116 0.997216 
2117 1.765573 
2118 2.060938 
2119 1.532707 
2120 1.391720 
2121 1.767325 
2122 1.304981 
2123 1.637829 
2124 1.675153 
2125 1.783223 
2126 1.752695 
2127 -1.599261 
2128 -0.954532 
2129 -0.677281 
2130 -2.878717 
2131 -2.455519 
2132 -1.534181 
2133 -1.620542 
2134 -2.080597 
2135 -1.630047 
2136 -1.539230 
2137 -1.531788 
2138 -1.393975 
2139 -2.042460 
2140 -1.495084 
2141 -1.672321 
2142 -1.696836 
2143 -1.653791 
2144 -1.231629 
2145 -1.585920 
2146 -1.532051 
2147 -2.493456 
2148 -1.896365 
2149 -2.077447 
2150 -2.842320 
2151 -0.787023 
2152 -1.371520 
2153 -1.408264 
2154 1.483124 
2155 1.519058 
2156 0.141360 
2157 1.496324 
2158 1.354502 
2159 2.740465 
2160 2.110380 
2161 1.358969 
2162 1.417606 
2163 1.376032 
2164 0.289213 
2165 0.159476 
2166 0.094059 
2167 -3.857604 
2168 -1.469918 
2169 -1.511719 
2170 -2.036617 
2171 -2.060851 
2172 -1.613391 
2173 -1.847132 
2174 -1.492778 
2175 -1.544113 
2176 -1.704933 
2177 -1.655235 
2178 -1.588513 
2179 -1.584500 
2180 -1.495448 
2181 -1.777691 
2182 -1.652658 
2183 -1.682004 
2184 -1.384943 
2185 -1.546442 
2186 -1.450982 
2187 -2.051757 
2188 -1.980869 
2189 -2.329921 
2190 -2.009449 
2191 -1.110785 
2192 -2.716668 
2193 -2.074418 
2194 -0.951675 
2195 -1.003972 
2196 1.246787 
2197 1.540593 
2198 1.711053 
2199 1.447439 
2200 2.589918 
2201 1.175406 
2202 1.177006 
2203 1.259036 
2204 -1.352446 
2205 -1.200078 
2206 -1.211603 
2207 -3.437977 
2208 -1.458610 
2209 -1.790928 
2210 -1.795867 
2211 -1.569184 
2212 -1.648373 
2213 -1.630974 
2214 -1.630963 
2215 -1.603915 
2216 -1.672178 
2217 -1.596715 
2218 -1.718151 
2219 -1.629542 
2220 -1.592565 
2221 -1.594890 
2222 -1.733482 
2223 -1.663676 
2224 -1.570869 
2225 -1.549437 
2226 -1.507056 
2227 -1.732147 
2228 -1.745932 
2229 -1.820500 
2230 -1.701434 
2231 -1.586908 
2232 -1.526582 
2233 1.491733 
2234 1.416243 
2235 1.691679 
2236 1.734680 
2237 1.685391 
2238 1.292671 
2239 1.493828 
2240 3.712224 
2241 0.072874 
2242 0.030849 
2243 -0.374047 
2244 -1.558152 
2245 -1.488581 
2246 -1.533124 
2247 -2.639041 
2248 -1.569492 
2249 -1.648585 
2250 -1.677878 
2251 -1.645394 
2252 -1.856516 
2253 -1.437051 
2254 -1.528654 
2255 -1.717454 
2256 -1.519175 
2257 -1.681199 
2258 -1.792487 
2259 -1.724455 
2260 -1.588498 
2261 -1.601447 
2262 -1.626190 
2263 -1.743073 
2264 -1.266779 
2265 -1.522097 
2266 -1.989617 
2267 -1.834385 
2268 -1.793098 
2269 -1.690863 
2270 1.432722 
2271 1.383722 
2272 1.726364 
2273 1.418615 
2274 1.369987 
2275 1.386784 
2276 2.353786 
2277 2.264891 
2278 0.719995 
2279 0.665448 
2280 0.813613 
2281 -2.046277 
2282 -2.091003 
2283 -2.196541 
2284 -1.720856 
2285 -1.573262 
2286 -1.677022 
2287 -1.686023 
2288 -1.760096 
2289 -1.517102 
2290 -1.552836 
2291 -1.713873 
2292 -1.698476 
2293 -1.616570 
2294 -1.657871 
2295 -1.689504 
2296 -1.604118 
2297 -1.562968 
2298 -1.566811 
2299 -1.815058 
2300 -1.707646 
2301 -1.578620 
2302 -1.627197 
2303 -1.623232 
2304 -1.596613 
2305 -1.802562 
2306 -1.745497 
2307 1.274922 
2308 1.437766 
2309 1.310733 
2310 1.703506 
2311 1.467624 
2312 2.667785 
2313 1.764758 
2314 -0.114663 
2315 -0.838440 
2316 -1.389197 
2317 -1.370906 
2318 -1.881478 
2319 -2.037718 
2320 -1.827960 
2321 -1.635518 
2322 -1.423028 
2323 -1.480611 
2324 -1.570735 
2325 -1.542538 
2326 -1.776124 
2327 -1.695373 
2328 -1.764622 
2329 -1.688332 
2330 -1.658424 
2331 1.262765 
2332 1.485819 
2333 1.414050 
2334 1.549009 
2335 1.651381 
2336 1.495519 
2337 1.638963 
2338 1.262700 
2339 1.625870 
2340 1.504678 
2341 1.400457 
2342 1.625037 
2343 1.537137 
2344 1.591336 
2345 1.526467 
2346 1.412080 
2347 1.549116 
2348 1.562870 
2349 1.452189 
2350 1.595920 
2351 1.515198 
2352 1.604745 
2353 1.575965 
2354 1.419176 
2355 1.512874 
2356 1.455807 
2357 1.508254 
2358 1.591508 
2359 1.575591 
2360 1.257939 
2361 1.529815 
2362 1.607396 
2363 1.630152 
2364 1.596326 
2365 1.509304 
2366 1.535760 
2367 1.502834 
2368 1.680522 
2369 1.534545 
2370 1.557881 
2371 1.450177 
2372 1.609704 
2373 1.577881 
2374 1.510378 
2375 1.443372 
2376 1.591054 
2377 1.607998 
2378 1.509745 
2379 1.495550 
2380 1.582603 
2381 1.469289 
2382 1.512662 
2383 1.624594 
2384 1.553699 
2385 1.546457 
2386 1.526081 
2387 1.539717 
2388 1.598394 
2389 1.508172 
2390 1.501622 
2391 1.499203 
2392 1.413579 
2393 1.615644 
2394 1.519910 
2395 1.713801 
2396 1.465140 
2397 1.559042 
2398 1.450643 
2399 1.634575 
2400 1.516247 
2401 1.528995 
2402 1.597595 
2403 1.513078 
2404 1.579239 
2405 1.456303 
2406 1.571331 
2407 1.564878 
2408 1.474269 
2409 1.636577 
2410 1.532108 
2411 1.546602 
2412 1.571677 
2413 1.583264 
2414 1.476491 
2415 1.567300 
2416 1.547617 
2417 1.606418 
2418 1.541334 
2419 1.564068 
2420 1.536739 
2421 1.581345 
2422 1.501241 
2423 1.608686 
2424 1.541221 
2425 1.535437 
2426 1.489012 
2427 1.597837 
2428 1.789589 
2429 1.380700 
2430 1.495172 
2431 1.470345 
2432 1.414881 
2433 1.396654 
2434 1.559931 
2435 1.645158 
2436 1.462732 
2437 1.678868 
2438 1.627539 
2439 1.412431 
2440 1.701709 
2441 1.697444 
2442 1.484160 
2443 1.520551 
2444 1.687555 
2445 1.632565 
2446 1.615161 
2447 1.499472 
2448 1.684031 
2449 1.479336 
2450 1.431298 
2451 1.585682 
2452 1.566722 
2453 1.423511 
2454 1.590002 
2455 1.568195 
2456 1.555383 
2457 1.631283 
2458 1.527649 
2459 1.474671 
2460 1.513543 
2461 1.522674 
2462 1.474991 
2463 1.571465 
2464 1.575399 
2465 1.875147 
2466 1.324644 
2467 1.246275 
2468 1.619999 
2469 1.625091 
2470 1.312739 
2471 1.607939 
2472 1.872749 
2473 1.441785 
2474 1.479165 
2475 1.526192 
2476 1.221997 
2477 1.527446 
2478 2.057724 
2479 0.336699 
2480 1.339188 
2481 1.268482 
2482 0.772739 
2483 1.179645 
2484 1.045041 
2485 1.311263 
2486 1.841075 
2487 1.730692 
2488 1.494421 
2489 1.415218 
2490 1.302026 
2491 2.125555 
2492 1.422005 
2493 1.557389 
2494 1.750311 
2495 1.449545 
2496 1.389076 
2497 1.563800 
2498 1.606895 
2499 1.541112 
2500 1.449695 
2501 1.509450 
2502 1.783429 
2503 1.237353 
2504 1.230647 
2505 1.826426 
2506 2.216425 
2507 1.115142 
2508 2.005617 
2509 2.029651 
2510 1.114881 
2511 0.844510 
2512 1.495363 
2513 -1.381207 
2514 -1.069602 
2515 -0.827666 
2516 -1.751089 
2517 -1.243126 
2518 -1.458776 
2519 -2.614810 
2520 -2.065498 
2521 -2.078430 
2522 -2.038748 
2523 -1.458206 
2524 -2.369366 
2525 -0.298689 
2526 0.780953 
2527 0.746004 
2528 0.976834 
2529 1.425285 
2530 1.758250 
2531 2.203089 
2532 1.517453 
2533 1.423253 
2534 1.528564 
2535 1.623419 
2536 1.427197 
2537 1.689959 
2538 1.441571 
2539 1.435983 
2540 1.989226 
2541 1.523019 
2542 1.620531 
2543 1.366347 
2544 1.810030 
2545 1.579861 
2546 1.391254 
2547 -0.596501 
2548 -0.780373 
2549 -0.934944 
2550 -2.055372 
2551 -2.949318 
2552 -1.348750 
2553 -2.019354 
2554 -1.865199 
2555 -2.075647 
2556 -1.972077 
2557 -1.593328 
2558 -1.586298 
2559 -1.733983 
2560 -2.223110 
2561 -2.202451 
2562 -1.685942 
2563 -1.469957 
2564 -3.387883 
2565 -1.204535 
2566 -0.323636 
2567 -0.496870 
2568 0.562953 
2569 1.738890 
2570 1.696007 
2571 2.223270 
2572 1.662161 
2573 1.416000 
2574 1.640161 
2575 1.725463 
2576 1.849357 
2577 1.909315 
2578 1.172036 
2579 1.151771 
2580 3.021625 
2581 1.574437 
2582 0.485305 
2583 0.387872 
2584 -0.843478 
2585 -1.925784 
2586 -1.845252 
2587 -2.897456 
2588 -1.850030 
2589 -1.818825 
2590 -1.713972 
2591 -1.414346 
2592 -1.532206 
2593 -1.734994 
2594 -1.931380 
2595 -1.402503 
2596 -1.898005 
2597 -1.390897 
2598 -1.327802 
2599 -2.017371 
2600 -1.828871 
2601 -1.739550 
2602 -1.774982 
2603 -1.608921 
2604 -2.994539 
2605 -2.317174 
2606 -1.183882 
2607 -1.054088 
2608 -1.386052 
2609 0.895736 
2610 0.899814 
2611 1.322324 
2612 0.788830 
2613 1.217086 
2614 2.250117 
2615 1.668037 
2616 1.989682 
2617 2.060413 
2618 1.385520 
2619 0.538064 
2620 1.297349 
2621 0.433002 
2622 -2.408892 
2623 -2.283299 
2624 -1.212480 
2625 -1.895424 
2626 -1.843114 
2627 -1.838945 
2628 -1.940531 
2629 -1.563644 
2630 -1.428616 
2631 -1.633777 
2632 -1.670203 
2633 -1.707703 
2634 -1.600222 
2635 -1.744703 
2636 -1.581834 
2637 -1.647340 
2638 -1.829357 
2639 -1.457517 
2640 -1.963611 
2641 -1.594732 
2642 -1.626053 
2643 -1.502041 
2644 -2.274012 
2645 -2.464231 
2646 -1.282338 
2647 -1.470662 
2648 -1.423024 
2649 -0.945132 
2650 -0.416375 
2651 3.628599 
2652 1.240950 
2653 1.842859 
2654 1.377072 
2655 1.273008 
2656 2.306979 
2657 1.876768 
2658 1.552163 
2659 -0.797095 
2660 -0.657054 
2661 -0.832572 
2662 -2.545282 
2663 -2.868510 
2664 -1.764069 
2665 -1.475864 
2666 -1.570568 
2667 -1.686743 
2668 -1.606330 
2669 -1.631252 
2670 -1.710843 
2671 -1.743257 
2672 -1.631457 
2673 -1.510643 
2674 -1.884907 
2675 -1.685331 
2676 -1.440174 
2677 -1.606100 
2678 -1.735054 
2679 -1.830125 
2680 -1.563440 
2681 -1.665655 
2682 -1.846814 
2683 -1.441170 
2684 -1.839471 
2685 -1.855450 
2686 -1.417932 
2687 -1.822828 
2688 1.460639 
2689 1.439771 
2690 1.553587 
2691 1.531555 
2692 1.858214 
2693 1.475907 
2694 1.703069 
2695 1.470695 
2696 0.321465 
2697 0.686103 
2698 0.174777 
2699 -3.679734 
2700 -1.306995 
2701 -1.385967 
2702 -2.684689 
2703 -1.732851 
2704 -1.613189 
2705 -1.563410 
2706 -1.658462 
2707 -1.663955 
2708 -1.635881 
2709 -1.693636 
2710 -1.708118 
2711 -1.615370 
2712 -1.672453 
2713 -1.706872 
2714 -1.624450 
2715 -1.642093 
2716 -1.685112 
2717 -1.634373 
2718 -1.603876 
2719 -1.744800 
2720 -1.631618 
2721 -1.754205 
2722 -1.636766 
2723 -1.620715 
2724 -1.747164 
2725 1.735521 
2726 1.438789 
2727 1.429107 
2728 1.682205 
2729 1.527004 
2730 1.315941 
2731 1.704690 
2732 3.304416 
2733 1.047554 
2734 0.868957 
2735 0.942813 
2736 -1.194423 
2737 -1.402080 
2738 -1.348504 
2739 -3.572822 
2740 -1.530482 
2741 -1.672824 
2742 -1.513335 
2743 -1.914916 
2744 -1.581278 
2745 -1.632076 
2746 -1.792787 
2747 -1.602769 
2748 -1.725059 
2749 -1.700630 
2750 -1.640886 
2751 -1.618135 
2752 -1.676946 
2753 -1.637179 
2754 -1.730664 
2755 -1.674295 
2756 -1.699373 
2757 -1.610203 
2758 -1.674125 
2759 -1.724230 
2760 -1.650760 
2761 -1.584855 
2762 1.516051 
2763 1.802469 
2764 1.540409 
2765 1.785967 
2766 2.076284 
2767 0.656318 
2768 2.872564 
2769 -0.585372 
2770 -0.367912 
2771 -2.729509 
2772 -1.366904 
2773 -1.953832 
2774 -1.563796 
2775 -1.814506 
2776 -1.694013 
2777 -1.715196 
2778 -1.655496 
2779 -1.643258 
2780 -1.685343 
2781 -1.619254 
2782 -1.685792 
2783 -1.735930 
2784 -1.741090 
2785 -1.886061 
2786 1.433483 
2787 1.472899 
2788 1.598790 
2789 1.655332 
2790 1.553420 
2791 1.598418 
2792 1.629442 
2793 1.531338 
2794 1.569619 
2795 1.564420 
2796 1.583939 
2797 1.534046 
2798 1.673012 
2799 1.546361 
2800 1.621769 
2801 1.531563 
2802 1.581409 
2803 1.553680 
2804 1.573143 
2805 1.586782 
2806 1.542515 
2807 1.546711 
2808 1.683040 
2809 1.524338 
2810 1.590100 
2811 1.514756 
2812 1.593967 
2813 1.627367 
2814 1.514068 
2815 1.638833 
2816 1.508771 
2817 1.436210 
2818 1.617936 
2819 1.614231 
2820 1.483573 
2821 1.622084 
2822 1.557793 
2823 1.502069 
2824 1.624561 
2825 1.553741 
2826 1.605679 
2827 1.471957 
2828 1.519645 
2829 1.600737 
2830 1.573907 
2831 1.589257 
2832 1.623890 
2833 1.486785 
2834 1.574907 
2835 1.547763 
2836 1.545686 
2837 1.622800 
2838 1.523734 
2839 1.547726 
2840 1.604505 
2841 1.495370 
2842 1.517810 
2843 1.559733 
2844 1.532189 
2845 1.592790 
2846 1.500186 
2847 1.568458 
2848 1.464951 
2849 1.613198 
2850 1.652788 
2851 1.452114 
2852 1.575068 
2853 1.562643 
2854 1.539528 
2855 1.564542 
2856 1.459423 
2857 1.580857 
2858 1.516445 
2859 1.552327 
2860 1.513202 
2861 1.532342 
2862 1.594874 
2863 1.437396 
2864 1.500130 
2865 1.553455 
2866 1.620801 
2867 1.546280 
2868 1.587411 
2869 1.684976 
2870 1.442273 
2871 1.526883 
2872 1.616253 
2873 1.499937 
2874 1.579633 
2875 1.518618 
2876 1.474064 
2877 1.450522 
2878 1.507230 
2879 1.709278 
2880 1.545802 
2881 1.371489 
2882 1.705487 
2883 1.588191 
2884 1.482596 
2885 1.462979 
2886 1.746247 
2887 1.603108 
2888 1.385383 
2889 1.860781 
2890 1.605320 
2891 1.416162 
2892 1.500444 
2893 1.593497 
2894 2.093037 
2895 1.354250 
2896 1.497914 
2897 1.837991 
2898 1.632631 
2899 1.668649 
2900 1.595273 
2901 1.609849 
2902 1.541762 
2903 1.678425 
2904 1.598371 
2905 1.593568 
2906 1.501975 
2907 1.472326 
2908 1.449922 
2909 1.506730 
2910 1.674942 
2911 1.525437 
2912 1.462807 
2913 1.492793 
2914 1.821304 
2915 1.481852 
2916 1.571848 
2917 1.480811 
2918 1.379901 
2919 1.699141 
2920 1.666113 
2921 1.145229 
2922 1.383520 
2923 2.085038 
2924 1.746749 
2925 1.610304 
2926 1.442582 
2927 1.566027 
2928 2.636415 
2929 0.933808 
2930 0.877946 
2931 1.836253 
2932 0.711441 
2933 0.932615 
2934 2.610697 
2935 0.718388 
2936 0.725686 
2937 1.557681 
2938 1.589768 
2939 1.673682 
2940 0.494355 
2941 2.213880 
2942 2.420328 
2943 0.974804 
2944 1.901677 
2945 1.501348 
2946 1.220910 
2947 1.604809 
2948 1.547716 
2949 1.697354 
2950 1.426080 
2951 1.496128 
2952 1.370209 
2953 1.645126 
2954 1.799758 
2955 1.401382 
2956 1.854890 
2957 1.889607 
2958 1.060999 
2959 1.241755 
2960 1.702690 
2961 1.801332 
2962 2.143065 
2963 0.875184 
2964 1.806342 
2965 2.847180 
2966 -0.014109 
2967 0.010354 
2968 0.368358 
2969 -2.542919 
2970 -2.235338 
2971 -0.793484 
2972 -2.317605 
2973 -2.338784 
2974 -1.746517 
2975 -1.438771 
2976 -2.554121 
2977 -2.479588 
2978 -0.610383 
2979 -0.634676 
2980 -1.585082 
2981 1.998949 
2982 1.900150 
2983 0.116376 
2984 1.501931 
2985 1.605658 
2986 1.049929 
2987 2.219987 
2988 1.679794 
2989 1.472075 
2990 1.488860 
2991 1.470717 
2992 1.682918 
2993 1.769722 
2994 1.663879 
2995 0.957086 
2996 1.812989 
2997 1.210572 
2998 0.930276 
2999 2.384500 
3000 0.403456 
3001 0.757424 
3002 1.459306 
3003 -2.572293 
3004 -1.148178 
3005 -0.718577 
3006 -2.628670 
3007 -2.680922 
3008 -0.962623 
3009 -1.827713 
3010 -2.200019 
3011 -1.663356 
3012 -1.726612 
3013 -1.660265 
3014 -1.698756 
3015 -1.405377 
3016 -2.529152 
3017 -2.793079 
3018 -1.079011 
3019 -0.892719 
3020 -4.131863 
3021 0.225496 
3022 0.250306 
3023 -0.623307 
3024 1.148506 
3025 1.047079 
3026 0.777044 
3027 3.180451 
3028 1.414780 
3029 1.333116 
3030 2.168590 
3031 1.307539 
3032 1.349131 
3033 2.763222 
3034 0.850915 
3035 1.067931 
3036 4.275561 
3037 -0.197229 
3038 -0.198444 
3039 0.475197 
3040 -2.124494 
3041 -2.139958 
3042 -1.055360 
3043 -2.588250 
3044 -1.707746 
3045 -1.579823 
3046 -1.513345 
3047 -1.772506 
3048 -1.656040 
3049 -1.764573 
3050 -1.603371 
3051 -1.464139 
3052 -1.681118 
3053 -1.592849 
3054 -1.874754 
3055 -1.433654 
3056 -2.075275 
3057 -2.368329 
3058 -1.336633 
3059 -1.228658 
3060 -4.013804 
3061 -0.944123 
3062 -0.740724 
3063 -1.276089 
3064 0.708158 
3065 0.784287 
3066 0.055943 
3067 3.359242 
3068 0.381105 
3069 1.720222 
3070 2.330540 
3071 1.163616 
3072 2.091923 
3073 2.572155 
3074 0.408667 
3075 0.561365 
3076 1.317049 
3077 -2.223196 
3078 -2.195277 
3079 -1.251788 
3080 -1.645893 
3081 -1.734438 
3082 -2.190034 
3083 -1.379576 
3084 -1.587574 
3085 -1.541669 
3086 -1.773494 
3087 -1.585876 
3088 -1.626177 
3089 -1.584669 
3090 -1.621075 
3091 -1.677663 
3092 -1.584153 
3093 -1.581707 
3094 -1.457810 
3095 -1.823093 
3096 -1.752684 
3097 -1.687142 
3098 -1.575006 
3099 -1.653341 
3100 -2.583763 
3101 -1.487857 
3102 -1.585260 
3103 -1.730068 
3104 -0.274999 
3105 -0.985059 
3106 1.970724 
3107 2.495116 
3108 1.881442 
3109 1.725293 
3110 1.630216 
3111 0.720605 
3112 1.872480 
3113 2.303535 
3114 -1.121267 
3115 -0.959996 
3116 -0.362235 
3117 -2.139891 
3118 -2.245914 
3119 -1.900330 
3120 -1.647649 
3121 -2.055843 
3122 -1.429807 
3123 -1.291847 
3124 -1.572220 
3125 -1.766541 
3126 -1.588870 
3127 -1.607200 
3128 -1.785243 
3129 -1.607354 
3130 -1.566586 
3131 -1.606596 
3132 -1.572661 
3133 -1.513736 
3134 -1.508990 
3135 -1.851570 
3136 -1.706928 
3137 -1.833101 
3138 -1.516516 
3139 -1.561743 
3140 -1.762528 
3141 -1.628630 
3142 -1.666637 
3143 1.639309 
3144 1.394943 
3145 1.515342 
3146 1.577833 
3147 1.495806 
3148 1.766857 
3149 1.793748 
3150 2.138981 
3151 0.094713 
3152 0.248413 
3153 0.531199 
3154 -2.692042 
3155 -2.533586 
3156 -1.174171 
3157 -2.062433 
3158 -1.762627 
3159 -1.729692 
3160 -1.649189 
3161 -1.565581 
3162 -1.502486 
3163 -1.839908 
3164 -1.635960 
3165 -1.640553 
3166 -1.580255 
3167 -1.717926 
3168 -1.623746 
3169 -1.617980 
3170 -1.621232 
3171 -1.653894 
3172 -1.630994 
3173 -1.650561 
3174 -1.580909 
3175 -1.658502 
3176 -1.920667 
3177 -1.568173 
3178 -1.546880 
3179 -1.513710 
3180 1.385212 
3181 1.323319 
3182 1.583031 
3183 1.726349 
3184 1.276454 
3185 1.528003 
3186 1.784707 
3187 1.443153 
3188 1.467508 
3189 1.813092 
3190 1.752432 
3191 -1.536769 
3192 -1.052114 
3193 -0.783725 
3194 -2.428647 
3195 -2.583369 
3196 -1.589563 
3197 -2.175167 
3198 -1.404039 
3199 -1.487500 
3200 -1.624597 
3201 -1.573418 
3202 -1.571038 
3203 -1.730348 
3204 -1.633170 
3205 -1.628240 
3206 -1.621182 
3207 -1.687650 
3208 -1.632035 
3209 -1.599283 
3210 -1.635906 
3211 -1.659969 
3212 -1.539724 
3213 -1.668584 
3214 -1.787549 
3215 -1.568761 
3216 -1.658164 
3217 1.416357 
3218 1.544392 
3219 1.515984 
3220 1.981632 
3221 1.760934 
3222 1.190542 
3223 1.329615 
3224 -0.122748 
3225 -0.116156 
3226 -2.879940 
3227 -2.561531 
3228 -1.638019 
3229 -1.627177 
3230 -1.447415 
3231 -1.709967 
3232 -1.467874 
3233 -1.732069 
3234 -1.526936 
3235 -1.771155 
3236 -1.579475 
3237 -1.668782 
3238 -1.546433 
3239 -1.667561 
3240 -1.872303 
3241 1.405205 
3242 1.492102 
3243 1.404538 
3244 1.590246 
3245 1.472460 
3246 1.527956 
3247 1.505712 
3248 1.521729 
3249 1.580350 
3250 1.506586 
3251 1.574630 
3252 1.500153 
3253 1.564158 
3254 1.493809 
3255 1.449060 
3256 1.567661 
3257 1.489526 
3258 1.437855 
3259 1.610215 
3260 1.442795 
3261 1.581836 
3262 1.509465 
3263 1.613767 
3264 1.536558 
3265 1.514843 
3266 1.472871 
3267 1.645779 
3268 1.553198 
3269 1.504061 
3270 1.585172 
3271 1.577329 
3272 1.550401 
3273 1.509396 
3274 1.571185 
3275 1.500500 
3276 1.501304 
3277 1.568648 
3278 1.594335 
3279 1.564801 
3280 1.521701 
3281 1.597201 
3282 1.551732 
3283 1.583223 
3284 1.537823 
3285 1.576241 
3286 1.521083 
3287 1.462061 
3288 1.602331 
3289 1.605452 
3290 1.450937 
3291 1.525706 
3292 1.605744 
3293 1.518508 
3294 1.511625 
3295 1.584773 
3296 1.550409 
3297 1.607846 
3298 1.600488 
3299 1.469333 
3300 1.546228 
3301 1.541976 
3302 1.468307 
3303 1.620378 
3304 1.476908 
3305 1.594323 
3306 1.669772 
3307 1.492771 
3308 1.529908 
3309 1.428040 
3310 1.616133 
3311 1.552945 
3312 1.622475 
3313 1.507143 
3314 1.506783 
3315 1.564225 
3316 1.465431 
3317 1.582540 
3318 1.515888 
3319 1.595228 
3320 1.618967 
3321 1.471751 
3322 1.553530 
3323 1.516129 
3324 1.522038 
3325 1.654927 
3326 1.464267 
3327 1.496545 
3328 1.584429 
3329 1.502265 
3330 1.577246 
3331 1.507182 
3332 1.553219 
3333 1.661231 
3334 1.489737 
3335 1.535792 
3336 1.543929 
3337 1.488909 
3338 1.696864 
3339 1.480631 
3340 1.481799 
3341 1.539212 
3342 1.523261 
3343 1.610344 
3344 1.478403 
3345 1.496953 
3346 1.475849 
3347 1.608793 
3348 1.632359 
3349 1.601223 
3350 1.591442 
3351 1.564862 
3352 1.511889 
3353 1.670528 
3354 1.530844 
3355 1.822449 
3356 1.376821 
3357 1.505751 
3358 1.865055 
3359 1.605889 
3360 1.476910 
3361 1.615111 
3362 1.541783 
3363 1.480975 
3364 1.615133 
3365 1.485487 
3366 1.432194 
3367 1.621707 
3368 1.568075 
3369 1.482498 
3370 1.587538 
3371 1.537074 
3372 1.438127 
3373 1.397238 
3374 1.564507 
3375 1.679861 
3376 1.469278 
3377 1.175656 
3378 1.760465 
3379 1.664722 
3380 1.559986 
3381 1.627881 
3382 1.558825 
3383 1.621600 
3384 1.701089 
3385 2.147975 
3386 1.573767 
3387 0.851488 
3388 1.975708 
3389 0.892067 
3390 0.776640 
3391 1.033619 
3392 1.453619 
3393 0.864041 
3394 1.722156 
3395 1.496582 
3396 1.534161 
3397 1.069615 
3398 1.596623 
3399 2.368928 
3400 1.228661 
3401 1.717226 
3402 1.728263 
3403 1.642954 
3404 1.511152 
3405 1.571859 
3406 1.558845 
3407 1.485847 
3408 1.701671 
3409 1.529467 
3410 1.419679 
3411 1.594999 
3412 1.754801 
3413 1.561603 
3414 1.024894 
3415 1.752951 
3416 2.329542 
3417 1.879853 
3418 1.139540 
3419 1.098317 
3420 2.859618 
3421 0.648238 
3422 0.653964 
3423 -0.492377 
3424 -1.289025 
3425 -1.198577 
3426 -2.075598 
3427 -2.282823 
3428 -1.651453 
3429 -2.137569 
3430 -1.910205 
3431 -2.270040 
3432 -2.758069 
3433 -1.756090 
3434 -1.857679 
3435 -0.725434 
3436 -0.002055 
3437 -0.185504 
3438 1.187523 
3439 2.922676 
3440 0.978543 
3441 1.626563 
3442 1.870404 
3443 1.984206 
3444 1.930138 
3445 1.481941 
3446 1.429136 
3447 1.269171 
3448 1.741043 
3449 1.631314 
3450 1.598169 
3451 1.128064 
3452 2.099550 
3453 2.080850 
3454 1.478804 
3455 0.719495 
3456 1.938380 
3457 0.522759 
3458 -1.619619 
3459 -1.321755 
3460 -1.238812 
3461 -2.076198 
3462 -2.099069 
3463 -2.304951 
3464 -1.946696 
3465 -1.610881 
3466 -1.940628 
3467 -1.618555 
3468 -2.064999 
3469 -1.659142 
3470 -1.670491 
3471 -1.769823 
3472 -2.302509 
3473 -1.978990 
3474 -2.010746 
3475 -1.345222 
3476 -1.453060 
3477 -1.578474 
3478 0.033409 
3479 1.763090 
3480 0.741725 
3481 1.508662 
3482 2.086182 
3483 1.962830 
3484 1.429897 
3485 1.324391 
3486 1.819093 
3487 1.556322 
3488 1.409351 
3489 1.772285 
3490 1.766999 
3491 1.422211 
3492 1.670667 
3493 1.435951 
3494 0.339709 
3495 -2.225071 
3496 -1.189834 
3497 -1.536970 
3498 -2.059406 
3499 -2.612792 
3500 -1.836309 
3501 -1.518774 
3502 -1.583677 
3503 -1.546608 
3504 -1.737124 
3505 -1.666357 
3506 -1.462225 
3507 -1.588212 
3508 -1.372787 
3509 -1.862330 
3510 -1.599352 
3511 -1.606643 
3512 -1.765428 
3513 -1.855781 
3514 -1.908159 
3515 -1.675333 
3516 -2.193007 
3517 -2.575891 
3518 -1.194173 
3519 -0.316821 
3520 -0.062048 
3521 0.648397 
3522 1.099383 
3523 3.022207 
3524 1.575502 
3525 1.427817 
3526 1.496034 
3527 1.522371 
3528 2.579499 
3529 1.246016 
3530 1.606248 
3531 0.804181 
3532 -1.190961 
3533 -0.891683 
3534 -1.692415 
3535 -3.321200 
3536 -1.602958 
3537 -1.848596 
3538 -1.679174 
3539 -1.629454 
3540 -1.653622 
3541 -1.672889 
3542 -1.553429 
3543 -1.686490 
3544 -1.636223 
3545 -1.706997 
3546 -1.554455 
3547 -1.735120 
3548 -1.587173 
3549 -1.551003 
3550 -1.791558 
3551 -1.662330 
3552 -1.747683 
3553 -1.743815 
3554 -1.585409 
3555 -1.714874 
3556 -2.251352 
3557 -2.336812 
3558 -1.885994 
3559 -1.456843 
3560 -0.313896 
3561 1.709520 
3562 1.741841 
3563 1.958732 
3564 1.842612 
3565 1.868273 
3566 1.207377 
3567 1.476372 
3568 3.287487 
3569 -0.063880 
3570 -0.105996 
3571 -0.751871 
3572 -1.907098 
3573 -1.452229 
3574 -1.969710 
3575 -1.928394 
3576 -1.609311 
3577 -1.903026 
3578 -1.497382 
3579 -1.499626 
3580 -1.667780 
3581 -1.721648 
3582 -1.655087 
3583 -1.537257 
3584 -1.571234 
3585 -1.716900 
3586 -1.817465 
3587 -1.579438 
3588 -1.509645 
3589 -1.539916 
3590 -1.717550 
3591 -1.805295 
3592 -1.534562 
3593 -1.666629 
3594 -1.719221 
3595 -1.750623 
3596 -1.704532 
3597 -1.776164 
3598 1.634786 
3599 1.499165 
3600 1.548092 
3601 1.616293 
3602 1.426520 
3603 1.528864 
3604 2.375758 
3605 2.401808 
3606 0.701382 
3607 0.675536 
3608 0.454048 
3609 -1.981291 
3610 -2.085512 
3611 -2.594663 
3612 -1.667332 
3613 -1.534540 
3614 -1.783006 
3615 -1.576397 
3616 -1.450312 
3617 -1.931727 
3618 -1.525001 
3619 -1.611404 
3620 -1.674430 
3621 -1.595611 
3622 -1.720748 
3623 -1.595121 
3624 -1.708740 
3625 -1.543534 
3626 -1.711022 
3627 -1.667590 
3628 -1.573287 
3629 -1.549253 
3630 -1.677155 
3631 -1.753006 
3632 -1.726496 
3633 -1.681208 
3634 -1.670135 
3635 1.397141 
3636 1.427230 
3637 1.572174 
3638 1.570733 
3639 1.502037 
3640 1.743010 
3641 1.840004 
3642 1.560695 
3643 1.072847 
3644 2.345179 
3645 2.178108 
3646 -0.629569 
3647 -0.784467 
3648 -0.801976 
3649 -2.024593 
3650 -2.045306 
3651 -2.268290 
3652 -1.691068 
3653 -1.635692 
3654 -1.648479 
3655 -1.524456 
3656 -1.629486 
3657 -1.608279 
3658 -1.572572 
3659 -1.774301 
3660 -1.397953 
3661 -1.513477 
3662 -2.261365 
3663 -1.414474 
3664 -1.830875 
3665 -1.606530 
3666 -1.553366 
3667 -1.721219 
3668 -1.700846 
3669 -1.649386 
3670 -1.620659 
3671 -1.595928 
3672 1.575759 
3673 1.513058 
3674 1.427500 
3675 1.659041 
3676 2.466409 
3677 1.667971 
3678 1.425545 
3679 0.214496 
3680 -0.148884 
3681 -1.645186 
3682 -2.254556 
3683 -2.729177 
3684 -1.566790 
3685 -1.760254 
3686 -1.457928 
3687 -1.778248 
3688 -1.535300 
3689 -1.901370 
3690 -1.479736 
3691 -1.627844 
3692 -1.564354 
3693 -1.715484 
3694 -1.548722 
3695 -1.746687 
3696 1.468153 
3697 1.620509 
3698 1.539298 
3699 1.573592 
3700 1.558303 
3701 1.575301 
3702 1.540787 
3703 1.516930 
3704 1.583884 
3705 1.521431 
3706 1.541285 
3707 1.533157 
3708 1.564407 
3709 1.606882 
3710 1.556332 
3711 1.509864 
3712 1.488713 
3713 1.615927 
3714 1.352039 
3715 1.583336 
3716 1.543405 
3717 1.660956 
3718 1.577232 
3719 1.349299 
3720 1.489340 
3721 1.495143 
3722 1.614419 
3723 1.629678 
3724 1.478613 
3725 1.567884 
3726 1.627146 
3727 1.567650 
3728 1.578595 
3729 1.534518 
3730 1.591090 
3731 1.465151 
3732 1.614527 
3733 1.545308 
3734 1.628904 
3735 1.542804 
3736 1.493823 
3737 1.597600 
3738 1.611072 
3739 1.502472 
3740 1.501943 
3741 1.594820 
3742 1.567751 
3743 1.544682 
3744 1.586655 
3745 1.624274 
3746 1.562934 
3747 1.493502 
3748 1.533943 
3749 1.568729 
3750 1.669290 
3751 1.499696 
3752 1.572165 
3753 1.610965 
3754 1.401456 
3755 1.628214 
3756 1.462893 
3757 1.596756 
3758 1.494856 
3759 1.640956 
3760 1.631297 
3761 1.446178 
3762 1.573153 
3763 1.535171 
3764 1.615341 
3765 1.537078 
3766 1.491898 
3767 1.598173 
3768 1.464031 
3769 1.649155 
3770 1.543773 
3771 1.504523 
3772 1.566926 
3773 1.537648 
3774 1.573529 
3775 1.532723 
3776 1.498187 
3777 1.553481 
3778 1.626956 
3779 1.574923 
3780 1.619246 
3781 1.536574 
3782 1.543073 
3783 1.539196 
3784 1.546273 
3785 1.493603 
3786 1.542688 
3787 1.651907 
3788 1.495807 
3789 1.612501 
3790 1.591920 
3791 1.546866 
3792 1.579272 
3793 1.629569 
3794 1.494975 
3795 1.482790 
3796 1.598660 
3797 1.566228 
3798 1.442429 
3799 1.584179 
3800 1.581354 
3801 1.610968 
3802 1.571867 
3803 1.564762 
3804 1.610681 
3805 1.706007 
3806 1.665966 
3807 1.486613 
3808 1.639958 
3809 1.661407 
3810 1.525150 
3811 1.662967 
3812 1.668850 
3813 1.616893 
3814 1.574226 
3815 1.498412 
3816 1.695200 
3817 1.511885 
3818 1.511583 
3819 1.415290 
3820 1.474072 
3821 1.627110 
3822 1.648368 
3823 1.490811 
3824 1.466652 
3825 1.472618 
3826 1.588080 
3827 1.655635 
3828 1.546324 
3829 1.574723 
3830 1.591017 
3831 1.374490 
3832 1.437922 
3833 1.566286 
3834 1.600449 
3835 1.571075 
3836 1.917615 
3837 1.664138 
3838 2.066764 
3839 0.926665 
3840 1.738084 
3841 1.901275 
3842 1.031285 
3843 1.106211 
3844 1.647806 
3845 0.737759 
3846 1.069517 
3847 1.212909 
3848 1.187013 
3849 1.284889 
3850 0.569438 
3851 2.362280 
3852 1.310048 
3853 0.961463 
3854 2.169423 
3855 1.963051 
3856 1.381577 
3857 1.674227 
3858 1.672325 
3859 1.520029 
3860 1.579235 
3861 1.531222 
3862 1.537897 
3863 1.517384 
3864 1.462920 
3865 1.479552 
3866 1.638597 
3867 1.544274 
3868 1.516602 
3869 1.766092 
3870 1.506722 
3871 1.552520 
3872 2.358089 
3873 1.228072 
3874 1.143002 
3875 1.585421 
3876 -0.159088 
3877 0.057592 
3878 -0.194938 
3879 -2.721660 
3880 -1.584679 
3881 -1.204571 
3882 -1.987735 
3883 -2.300487 
3884 -1.802058 
3885 -1.699351 
3886 -1.933878 
3887 -2.090868 
3888 -1.769636 
3889 -1.855091 
3890 -1.549592 
3891 0.469673 
3892 0.185696 
3893 -0.041345 
3894 2.104873 
3895 2.643645 
3896 0.843345 
3897 1.722610 
3898 1.618758 
3899 1.990076 
3900 1.483828 
3901 1.484004 
3902 1.611295 
3903 1.523886 
3904 1.553527 
3905 1.879799 
3906 1.499902 
3907 1.192619 
3908 2.153043 
3909 2.822624 
3910 0.364448 
3911 0.356002 
3912 1.034620 
3913 -1.939076 
3914 -2.014317 
3915 -2.139299 
3916 -1.954756 
3917 -2.104887 
3918 -1.595813 
3919 -1.905895 
3920 -1.521742 
3921 -1.688305 
3922 -1.951615 
3923 -1.748391 
3924 -1.787749 
3925 -1.759870 
3926 -1.620365 
3927 -1.833348 
3928 -2.204709 
3929 -2.156944 
3930 -2.814936 
3931 -0.410840 
3932 -0.745464 
3933 -0.754083 
3934 2.049082 
3935 2.112445 
3936 0.621291 
3937 1.789020 
3938 2.128604 
3939 1.887467 
3940 1.558120 
3941 1.400886 
3942 1.640205 
3943 1.472901 
3944 2.010090 
3945 1.820039 
3946 1.977700 
3947 0.410833 
3948 0.790356 
3949 0.977375 
3950 -2.834749 
3951 -2.209083 
3952 -1.240550 
3953 -2.005540 
3954 -2.041089 
3955 -1.761766 
3956 -1.641781 
3957 -1.643700 
3958 -1.544814 
3959 -1.613088 
3960 -1.565176 
3961 -1.547639 
3962 -1.688127 
3963 -1.750268 
3964 -1.399154 
3965 -1.793269 
3966 -1.703868 
3967 -1.591594 
3968 -2.010469 
3969 -2.163149 
3970 -2.333595 
3971 -0.793361 
3972 -1.905717 
3973 -2.504979 
3974 0.264101 
3975 0.400254 
3976 -0.083989 
3977 0.724689 
3978 1.114965 
3979 3.175768 
3980 1.289835 
3981 1.507647 
3982 1.638185 
3983 1.580302 
3984 1.459802 
3985 1.924608 
3986 1.742518 
3987 -1.610961 
3988 -0.861811 
3989 -0.802287 
3990 -2.750704 
3991 -2.238996 
3992 -1.904006 
3993 -1.574821 
3994 -1.642704 
3995 -1.546801 
3996 -1.694309 
3997 -1.575708 
3998 -1.523838 
3999 -1.839348 
4000 -1.566457 
4001 -1.512387 
4002 -1.851611 
4003 -1.580308 
4004 -1.362987 
4005 -1.741805 
4006 -1.633474 
4007 -1.674526 
4008 -1.836224 
4009 -1.855161 
4010 -1.938110 
4011 -1.384297 
4012 -2.505433 
4013 -2.388079 
4014 -0.972224 
4015 -1.616818 
4016 1.424445 
4017 1.447603 
4018 1.644108 
4019 1.475683 
4020 1.800741 
4021 1.395854 
4022 1.530293 
4023 1.765964 
4024 -0.090922 
4025 -0.268902 
4026 -0.203603 
4027 -3.857138 
4028 -1.723225 
4029 -1.415616 
4030 -1.988363 
4031 -1.871221 
4032 -1.810392 
4033 -1.619822 
4034 -1.605613 
4035 -1.557792 
4036 -1.713389 
4037 -1.594004 
4038 -1.699569 
4039 -1.631098 
4040 -1.563027 
4041 -1.741554 
4042 -1.660385 
4043 -1.643628 
4044 -1.667369 
4045 -1.662867 
4046 -1.636096 
4047 -1.509886 
4048 -1.953842 
4049 -1.661933 
4050 -1.737895 
4051 -1.411521 
4052 -1.627294 
4053 1.526948 
4054 1.394103 
4055 1.715294 
4056 1.543165 
4057 1.425145 
4058 1.794812 
4059 1.441717 
4060 3.043876 
4061 0.854209 
4062 0.819249 
4063 0.778887 
4064 -1.418822 
4065 -1.601975 
4066 -1.501331 
4067 -2.972841 
4068 -1.641829 
4069 -2.134592 
4070 -1.438412 
4071 -1.492109 
4072 -1.718188 
4073 -1.672458 
4074 -1.604197 
4075 -1.593314 
4076 -1.602830 
4077 -1.763274 
4078 -1.547660 
4079 -1.679127 
4080 -1.674893 
4081 -1.551706 
4082 -1.698386 
4083 -1.659699 
4084 -1.511092 
4085 -1.584853 
4086 -1.558038 
4087 -1.960508 
4088 -1.714212 
4089 -1.784816 
4090 1.448112 
4091 1.404914 
4092 1.532272 
4093 1.435059 
4094 1.306618 
4095 1.723853 
4096 2.558914 
4097 1.470699 
4098 0.659387 
4099 0.647603 
4100 3.759789 
4101 -0.868454 
4102 -0.825877 
4103 -0.641702 
4104 -1.671070 
4105 -1.511524 
4106 -1.489217 
4107 -2.340817 
4108 -1.496734 
4109 -1.715308 
4110 -1.471432 
4111 -1.856649 
4112 -1.506917 
4113 -1.481088 
4114 -1.987109 
4115 -1.646669 
4116 -1.641922 
4117 -1.737568 
4118 -1.677254 
4119 -1.691508 
4120 -1.673790 
4121 -1.616622 
4122 -1.529879 
4123 -1.808062 
4124 -1.673974 
4125 -1.724419 
4126 -1.749738 
4127 1.375760 
4128 1.427170 
4129 1.341908 
4130 1.564322 
4131 1.711987 
4132 2.542227 
4133 2.465734 
4134 0.210197 
4135 0.340749 
4136 -1.317143 
4137 -1.274964 
4138 -2.255551 
4139 -2.250680 
4140 -1.722991 
4141 -1.553067 
4142 -1.601558 
4143 -1.609805 
4144 -1.736325 
4145 -1.824196 
4146 -1.492115 
4147 -1.481319 
4148 -1.890909 
4149 -1.661018 
4150 -1.819955 
4151 1.175419 
4152 1.497423 
4153 1.599587 
4154 1.606517 
4155 1.549441 
4156 1.496773 
4157 1.535093 
4158 1.621670 
4159 1.561834 
4160 1.476513 
4161 1.449551 
4162 1.420070 
4163 1.871891 
4164 1.248612 
4165 1.762703 
4166 1.869184 
4167 1.518937 
4168 1.454905 
4169 1.483013 
4170 1.655496 
4171 1.678323 
4172 1.492584 
4173 1.518345 
4174 1.604565 
4175 1.671627 
4176 1.638997 
4177 1.194957 
4178 1.829854 
4179 1.592280 
4180 1.558062 
4181 1.450987 
4182 1.593606 
4183 1.599282 
4184 1.548416 
4185 1.541692 
4186 1.517717 
4187 1.710464 
4188 1.800212 
4189 1.757645 
4190 1.206310 
4191 1.496087 
4192 1.638313 
4193 1.745399 
4194 1.354423 
4195 1.587571 
4196 1.362879 
4197 1.714824 
4198 1.835405 
4199 1.496224 
4200 1.537666 
4201 1.490061 
4202 2.174407 
4203 0.884168 
4204 2.098819 
4205 2.396618 
4206 1.261587 
4207 0.428302 
4208 0.360393 
4209 1.004489 
4210 2.359211 
4211 2.492838 
4212 1.139872 
4213 1.182422 
4214 1.354554 
4215 2.214735 
4216 3.187597 
4217 0.861155 
4218 0.329430 
4219 -1.594687 
4220 -2.335069 
4221 -2.561727 
4222 -2.046572 
4223 -0.102097 
4224 0.510938 
4225 1.665734 
4226 1.869419 
4227 1.983871 
4228 3.600376 
4229 0.958788 
4230 -0.484530 
4231 -1.116598 
4232 -1.404654 
4233 -2.277945 
4234 -1.884386 
4235 -1.512985 
4236 -2.580554 
4237 -1.157809 
4238 0.341510 
4239 2.561473 
4240 2.109725 
4241 2.280962 
4242 1.123140 
4243 -0.050906 
4244 -1.136458 
4245 -1.583607 
4246 -2.321394 
4247 -1.711597 
4248 -1.692649 
4249 -1.404547 
4250 -2.418415 
4251 -1.540753 
4252 -0.281433 
4253 0.401468 
4254 1.677813 
4255 3.119935 
4256 1.066194 
4257 -0.633094 
4258 -2.415250 
4259 -2.565054 
4260 -1.701049 
4261 -1.563751 
4262 -1.800351 
4263 -1.663629 
4264 -3.177116 
4265 -2.092485 
4266 -1.091817 
4267 -0.413147 
4268 2.648284 
4269 1.748150 
4270 0.463785 
4271 -1.117809 
4272 -1.899775 
4273 -1.626289 
4274 -1.608160 
4275 -1.504002 
4276 -1.583809 
4277 -1.639988 
4278 -1.866008 
4279 -1.500700 
4280 -1.512552 
4281 1.834708 
4282 1.857641 
4283 1.116025 
4284 -0.402985 
4285 -1.651647 
4286 -1.914672 
4287 -2.478819 
4288 -1.856479 
4289 -1.791438 
4290 -1.470477 
4291 -1.488271 
4292 -1.830718 
4293 -1.713589 
4294 1.508508 
4295 1.386910 
4296 1.952006 
4297 0.113348 
4298 -1.233447 
4299 -2.962609 
4300 -1.608352 
4301 -1.597939 
4302 -1.794794 
4303 -1.762283 
4304 -1.814850 
4305 -1.779618 
4306 -1.761211 
4307 1.281332 
4308 2.708081 
4309 2.168118 
4310 0.658435 
4311 -0.621727 
4312 -1.537198 
4313 -2.056731 
4314 -1.519745 
4315 -1.417030 
4316 -1.750960 
4317 -1.607005 
4318 -1.574564 
4319 -1.769769 
4320 1.294464 
4321 1.319946 
4322 1.716400 
4323 1.884263 
4324 1.720728 
4325 1.451023 
4326 1.487674 
4327 1.575125 
4328 1.528949 
4329 1.525507 
4330 1.530443 
4331 1.661837 
4332 1.660911 
4333 1.461360 
4334 1.433549 
4335 1.637583 
4336 1.619716 
4337 1.630766 
4338 1.454237 
4339 1.521332 
4340 1.592535 
4341 1.491607 
4342 1.508949 
4343 1.576932 
4344 1.512645 
4345 1.700689 
4346 1.375824 
4347 1.573043 
4348 1.671810 
4349 1.587907 
4350 1.385998 
4351 1.674711 
4352 1.590372 
4353 1.543358 
4354 1.611960 
4355 1.418743 
4356 1.728582 
4357 1.453311 
4358 1.722863 
4359 1.173871 
4360 1.726324 
4361 1.763871 
4362 1.484201 
4363 1.461712 
4364 1.298184 
4365 1.604666 
4366 1.603113 
4367 1.682718 
4368 1.222261 
4369 1.407357 
4370 1.277086 
4371 2.048898 
4372 2.072849 
4373 1.712436 
4374 1.770695 
4375 1.089224 
4376 0.472960 
4377 0.497618 
4378 1.568749 
4379 3.085702 
4380 1.477432 
4381 1.556461 
4382 1.444176 
4383 1.571681 
4384 3.384970 
4385 1.190956 
4386 0.571960 
4387 0.091346 
4388 -1.085809 
4389 -2.282511 
4390 -2.618600 
4391 -1.792454 
4392 -0.034737 
4393 0.779062 
4394 2.147794 
4395 2.514190 
4396 2.362132 
4397 2.137141 
4398 0.916053 
4399 0.029107 
4400 -0.762947 
4401 -1.547628 
4402 -2.366570 
4403 -1.934442 
4404 -3.215050 
4405 -2.003158 
4406 -0.697926 
4407 0.221514 
4408 1.008422 
4409 1.690955 
4410 1.874397 
4411 1.566098 
4412 0.609824 
4413 -0.843298 
4414 -2.509052 
4415 -2.346687 
4416 -1.507880 
4417 -2.118695 
4418 -1.408232 
4419 -1.618393 
4420 -2.835155 
4421 -0.822192 
4422 0.556513 
4423 2.347073 
4424 2.711000 
4425 1.599009 
4426 -0.067940 
4427 -1.490323 
4428 -1.700596 
4429 -1.770012 
4430 -1.524803 
4431 -1.605962 
4432 -1.920747 
4433 -2.218465 
4434 -1.843233 
4435 -0.827946 
4436 -0.462432 
4437 2.658797 
4438 2.064003 
4439 0.640380 
4440 -0.791788 
4441 -1.997302 
4442 -2.127039 
4443 -1.829579 
4444 -1.379350 
4445 -1.434285 
4446 -1.819547 
4447 -2.026809 
4448 -1.743230 
4449 -1.695584 
4450 1.630800 
4451 1.499214 
4452 1.715526 
4453 -0.191036 
4454 -1.819211 
4455 -2.837647 
4456 -1.727881 
4457 -1.691966 
4458 -1.666955 
4459 -1.604417 
4460 -1.744664 
4461 -1.680300 
4462 -1.810454 
4463 1.251744 
4464 2.654347 
4465 2.191747 
4466 0.272705 
4467 -0.841543 
4468 -1.436529 
4469 -1.780214 
4470 -1.745452 
4471 -1.692298 
4472 -1.457872 
4473 -1.657629 
4474 -1.692054 
4475 -1.718636 
4476 1.650458 
4477 1.814674 
4478 1.813309 
4479 0.751844 
4480 -0.093105 
4481 -1.503906 
4482 -2.269469 
4483 -2.341750 
4484 -1.556394 
4485 -1.534723 
4486 -1.670967 
4487 -1.849274 
4488 -1.926234 
4489 1.387797 
4490 1.484459 
4491 1.455881 
4492 1.492236 
4493 1.570820 
4494 1.479830 
4495 1.665142 
4496 1.616097 
4497 1.429383 
4498 1.539725 
4499 1.670873 
4500 1.617624 
4501 1.540901 
4502 1.529644 
4503 1.630236 
4504 1.581575 
4505 1.545406 
4506 1.588164 
4507 1.543270 
4508 1.570923 
4509 1.532590 
4510 1.567428 
4511 1.614299 
4512 1.621148 
4513 1.608802 
4514 1.576414 
4515 1.415386 
4516 1.513445 
4517 1.652090 
4518 1.430090 
4519 1.595595 
4520 1.654890 
4521 1.622389 
4522 1.463913 
4523 1.529854 
4524 1.491027 
4525 1.659705 
4526 1.476619 
4527 1.633696 
4528 1.254567 
4529 1.503121 
4530 1.550958 
4531 1.869465 
4532 1.655671 
4533 1.485253 
4534 1.615605 
4535 1.560084 
4536 1.616253 
4537 1.436084 
4538 1.694589 
4539 1.534179 
4540 1.689978 
4541 1.151613 
4542 1.289441 
4543 1.880848 
4544 3.310161 
4545 1.453492 
4546 0.681126 
4547 0.747277 
4548 0.612210 
4549 1.305390 
4550 1.735785 
4551 2.628002 
4552 1.919396 
4553 2.075613 
4554 0.923993 
4555 1.142102 
4556 2.752203 
4557 0.399580 
4558 -0.878775 
4559 -2.218197 
4560 -1.957602 
4561 -1.118831 
4562 0.757851 
4563 3.119571 
4564 1.473028 
4565 1.615776 
4566 1.974143 
4567 0.918472 
4568 2.618541 
4569 0.403418 
4570 -1.212172 
4571 -2.721002 
4572 -2.130644 
4573 -1.811584 
4574 -1.804644 
4575 -1.245518 
4576 -0.211274 
4577 1.003840 
4578 2.144237 
4579 2.720738 
4580 2.991518 
4581 1.490205 
4582 -0.084118 
4583 -1.306090 
4584 -1.457837 
4585 -1.792987 
4586 -1.561407 
4587 -1.801271 
4588 -3.229209 
4589 -2.050347 
4590 -0.729379 
4591 0.696861 
4592 0.601643 
4593 2.910478 
4594 1.501519 
4595 0.236123 
4596 -1.132608 
4597 -1.949623 
4598 -2.117997 
4599 -1.751817 
4600 -1.682680 
4601 -1.599616 
4602 -1.721081 
4603 -1.697137 
4604 -1.008874 
4605 -0.729099 
4606 2.590656 
4607 1.984345 
4608 1.700353 
4609 -0.428951 
4610 -1.704755 
4611 -2.332909 
4612 -1.648629 
4613 -1.789737 
4614 -1.546373 
4615 -1.639130 
4616 -1.958298 
4617 -1.763045 
4618 -1.259365 
4619 1.473562 
4620 2.448407 
4621 1.954154 
4622 0.069764 
4623 -1.491549 
4624 -1.660300 
4625 -1.395746 
4626 -1.757565 
4627 -1.709174 
4628 -1.566437 
4629 -1.706392 
4630 -1.685119 
4631 -1.719181 
4632 2.143759 
4633 1.899379 
4634 1.599687 
4635 0.472400 
4636 -0.626977 
4637 -1.774735 
4638 -2.165562 
4639 -1.895034 
4640 -1.630222 
4641 -1.561427 
4642 -1.659129 
4643 -1.680664 
4644 -1.627343 
4645 1.425296 
4646 1.489880 
4647 1.624880 
4648 1.005659 
4649 -0.629425 
4650 -1.841918 
4651 -3.016278 
4652 -1.891100 
4653 -1.578062 
4654 -1.508821 
4655 -1.519639 
4656 -1.832637 
4657 -1.804867 
4658 1.343226 
4659 1.374105 
4660 1.530561 
4661 1.555429 
4662 1.537822 
4663 1.578103 
4664 1.437007 
4665 1.605001 
4666 1.591640 
4667 1.525970 
4668 1.568069 
4669 1.666894 
4670 1.402659 
4671 1.508388 
4672 1.536770 
4673 1.482540 
4674 1.515887 
4675 1.681653 
4676 1.625049 
4677 1.512594 
4678 1.492069 
4679 1.601991 
4680 1.519180 
4681 1.588099 
4682 1.687619 
4683 1.440536 
4684 1.556812 
4685 1.621407 
4686 1.583256 
4687 1.454200 
4688 1.607263 
4689 1.752038 
4690 1.431286 
4691 1.436917 
4692 1.525115 
4693 1.531826 
4694 1.552313 
4695 1.612785 
4696 1.804534 
4697 1.364970 
4698 1.572101 
4699 1.498140 
4700 1.393406 
4701 1.543112 
4702 1.609643 
4703 1.888674 
4704 1.441460 
4705 1.524414 
4706 1.642204 
4707 1.557375 
4708 1.620187 
4709 1.975104 
4710 0.998930 
4711 1.460388 
4712 3.500674 
4713 1.353377 
4714 0.384638 
4715 0.162505 
4716 0.349607 
4717 0.995010 
4718 2.235084 
4719 2.297052 
4720 1.691485 
4721 1.519376 
4722 1.869416 
4723 0.861238 
4724 2.533808 
4725 2.134785 
4726 -0.335897 
4727 -1.488281 
4728 -2.714877 
4729 -2.043437 
4730 -0.596811 
4731 1.645549 
4732 1.282213 
4733 1.526940 
4734 1.674844 
4735 1.591313 
4736 2.831733 
4737 1.821223 
4738 0.008283 
4739 -1.360862 
4740 -1.313298 
4741 -1.766594 
4742 -1.763975 
4743 -1.726218 
4744 -1.121634 
4745 -0.063322 
4746 1.714160 
4747 3.175560 
4748 2.984495 
4749 1.418388 
4750 1.052287 
4751 -0.324909 
4752 -1.205675 
4753 -1.690918 
4754 -1.998697 
4755 -1.707970 
4756 -2.818045 
4757 -2.040668 
4758 -1.411470 
4759 -0.673671 
4760 0.283232 
4761 1.519206 
4762 2.345526 
4763 1.728328 
4764 0.109451 
4765 -1.307060 
4766 -2.339447 
4767 -2.456082 
4768 -1.779093 
4769 -1.680621 
4770 -1.476389 
4771 -1.676728 
4772 -2.414503 
4773 -1.409726 
4774 -0.387942 
4775 2.245102 
4776 2.080010 
4777 1.115867 
4778 -0.790577 
4779 -2.462319 
4780 -1.799990 
4781 -1.508691 
4782 -1.637669 
4783 -1.667443 
4784 -1.664752 
4785 -1.997327 
4786 -1.612115 
4787 -1.485578 
4788 1.736252 
4789 2.566000 
4790 1.342624 
4791 -0.027391 
4792 -1.263241 
4793 -1.750618 
4794 -2.050928 
4795 -1.565913 
4796 -1.640695 
4797 -1.639981 
4798 -1.689346 
4799 -1.681263 
4800 -1.595382 
4801 1.379253 
4802 2.113944 
4803 1.212706 
4804 0.423802 
4805 -0.787924 
4806 -2.418928 
4807 -2.582316 
4808 -1.678684 
4809 -1.643704 
4810 -1.679906 
4811 -1.738752 
4812 -1.678858 
4813 -1.579464 
4814 1.679239 
4815 1.497404 
4816 2.983176 
4817 1.203634 
4818 -0.367165 
4819 -1.765503 
4820 -1.808270 
4821 -1.571483 
4822 -1.662299 
4823 -1.603589 
4824 -1.692308 
4825 -1.644357 
4826 -1.837571 
4827 1.425881 
4828 1.614824 
4829 1.514855 
4830 1.645605 
4831 1.509007 
4832 1.488913 
4833 1.565397 
4834 1.704797 
4835 1.542233 
4836 1.612666 
4837 1.653323 
4838 1.596397 
4839 1.449990 
4840 1.554812 
4841 1.672345 
4842 1.563844 
4843 1.564381 
4844 1.469115 
4845 1.460109 
4846 1.438358 
4847 1.869481 
4848 1.772959 
4849 1.558945 
4850 1.531018 
4851 1.438209 
4852 1.476074 
4853 1.515940 
4854 1.722860 
4855 1.611943 
4856 1.472213 
4857 1.717144 
4858 1.533101 
4859 1.505836 
4860 1.671443 
4861 1.674579 
4862 1.464494 
4863 1.418316 
4864 1.676901 
4865 1.542961 
4866 1.504674 
4867 1.457591 
4868 1.552457 
4869 1.780170 
4870 1.388584 
4871 1.589314 
4872 1.545290 
4873 1.648010 
4874 1.487522 
4875 1.536598 
4876 1.499271 
4877 1.613568 
4878 1.628467 
4879 1.402479 
4880 1.982765 
4881 2.079860 
4882 1.439360 
4883 0.719488 
4884 0.772932 
4885 0.549126 
4886 1.429628 
4887 3.017933 
4888 1.370636 
4889 1.739503 
4890 1.415174 
4891 1.547222 
4892 2.081695 
4893 2.284912 
4894 1.255630 
4895 -0.053354 
4896 -1.250823 
4897 -2.340453 
4898 -2.329339 
4899 -1.537601 
4900 0.051624 
4901 0.993212 
4902 2.327860 
4903 2.252043 
4904 1.762541 
4905 1.988368 
4906 1.683086 
4907 0.317689 
4908 -0.889436 
4909 -1.665529 
4910 -2.252268 
4911 -2.054069 
4912 -2.924328 
4913 -2.130169 
4914 -0.756459 
4915 0.925914 
4916 1.222922 
4917 1.671524 
4918 1.710508 
4919 1.532447 
4920 0.423323 
4921 -1.091245 
4922 -2.457983 
4923 -2.535456 
4924 -1.470371 
4925 -2.016289 
4926 -1.412603 
4927 -1.733051 
4928 -1.172396 
4929 -0.145143 
4930 0.908013 
4931 3.586482 
4932 1.900014 
4933 0.922003 
4934 -0.775656 
4935 -2.942404 
4936 -1.637356 
4937 -1.909056 
4938 -1.556807 
4939 -1.466621 
4940 -2.465446 
4941 -1.947769 
4942 -1.476631 
4943 -0.979862 
4944 2.086499 
4945 2.152326 
4946 1.298622 
4947 -0.325128 
4948 -1.490030 
4949 -1.886140 
4950 -1.652578 
4951 -1.739568 
4952 -1.833093 
4953 -1.570830 
4954 -1.645989 
4955 -1.533356 
4956 -1.503572 
4957 1.450870 
4958 1.803499 
4959 1.511814 
4960 0.419338 
4961 -1.120037 
4962 -2.272999 
4963 -2.731529 
4964 -2.120559 
4965 -1.566378 
4966 -1.537330 
4967 -1.471103 
4968 -1.822132 
4969 -1.719760 
4970 1.313817 
4971 1.590582 
4972 2.667156 
4973 1.126118 
4974 -0.386905 
4975 -2.148535 
4976 -1.701490 
4977 -1.615620 
4978 -1.579901 
4979 -1.653901 
4980 -1.584912 
4981 -1.703600 
4982 -1.606595 
4983 1.663695 
4984 1.999489 
4985 2.297074 
4986 1.314035 
4987 0.091516 
4988 -1.245945 
4989 -1.487846 
4990 -1.865170 
4991 -2.081880 
4992 -1.805791 
4993 -1.561664 
4994 -1.501896 
4995 -1.628241 
4996 1.497104 
4997 1.554523 
4998 1.511728 
4999 1.580940 
5000 1.535464 
5001 1.486427 
5002 1.561699 
5003 1.634274 
5004 1.546789 
5005 1.463361 
5006 1.553405 
5007 1.598200 
5008 1.546213 
5009 1.544561 
5010 1.455715 
5011 1.633774 
5012 1.614852 
5013 1.637277 
5014 1.470940 
5015 1.458005 
5016 1.442774 
5017 1.531153 
5018 1.567430 
5019 1.611865 
5020 1.617725 
5021 1.624016 
5022 1.481246 
5023 1.505659 
5024 1.521159 
5025 1.491113 
5026 1.538064 
5027 1.575799 
5028 1.524534 
5029 1.485686 
5030 1.677138 
5031 1.462818 
5032 1.617815 
5033 1.610142 
5034 1.544283 
5035 1.363658 
5036 1.691616 
5037 1.480647 
5038 1.575925 
5039 1.560263 
5040 1.495540 
5041 1.627896 
5042 1.634073 
5043 1.496792 
5044 1.442847 
5045 1.608816 
5046 1.529320 
5047 1.608809 
5048 1.616319 
5049 2.071541 
5050 1.567246 
5051 1.145484 
5052 1.277172 
5053 0.672962 
5054 1.201990 
5055 2.425814 
5056 1.386829 
5057 1.669679 
5058 1.665167 
5059 1.361101 
5060 2.387128 
5061 1.830330 
5062 1.375381 
5063 0.579243 
5064 -0.280257 
5065 -1.691984 
5066 -2.541156 
5067 -2.368247 
5068 -0.693035 
5069 0.019902 
5070 1.611013 
5071 3.263591 
5072 1.458092 
5073 1.659870 
5074 1.972481 
5075 1.041540 
5076 0.089164 
5077 -1.105192 
5078 -2.169052 
5079 -2.945447 
5080 -2.448416 
5081 -2.290132 
5082 -1.486448 
5083 -0.434751 
5084 0.608485 
5085 1.272973 
5086 1.998801 
5087 2.197982 
5088 2.193430 
5089 0.295707 
5090 -1.364585 
5091 -2.564880 
5092 -1.480236 
5093 -1.374567 
5094 -2.070517 
5095 -1.523460 
5096 -3.607653 
5097 -1.288395 
5098 -0.064728 
5099 1.130010 
5100 2.281533 
5101 2.255920 
5102 0.580889 
5103 -0.754372 
5104 -1.770913 
5105 -1.605793 
5106 -1.787634 
5107 -1.409907 
5108 -1.592304 
5109 -2.080545 
5110 -1.868989 
5111 -1.238723 
5112 -0.757658 
5113 1.903766 
5114 2.365136 
5115 1.128778 
5116 -0.277759 
5117 -1.746281 
5118 -2.422812 
5119 -1.979737 
5120 -1.560145 
5121 -1.754249 
5122 -1.578134 
5123 -1.657516 
5124 -1.538597 
5125 -1.395596 
5126 1.400216 
5127 2.063762 
5128 2.076798 
5129 0.332846 
5130 -1.390254 
5131 -2.623696 
5132 -2.035412 
5133 -1.474099 
5134 -1.529053 
5135 -1.541267 
5136 -1.630767 
5137 -1.797673 
5138 -1.584995 
5139 1.479662 
5140 2.147739 
5141 2.527345 
5142 0.851725 
5143 -0.497111 
5144 -1.418340 
5145 -2.016998 
5146 -1.533188 
5147 -1.648378 
5148 -1.674759 
5149 -1.723212 
5150 -1.682640 
5151 -1.583275 
5152 1.541887 
5153 1.587881 
5154 1.909380 
5155 1.052033 
5156 -0.106445 
5157 -1.527073 
5158 -2.073012 
5159 -2.509879 
5160 -1.798807 
5161 -1.745070 
5162 -1.497688 
5163 -1.536170 
5164 -2.370079 
5165 1.111345 
5166 1.354358 
5167 1.514680 
5168 1.609636 
5169 1.712949 
5170 1.339646 
5171 1.576286 
5172 1.385266 
5173 1.443849 
5174 1.507383 
5175 1.696504 
5176 1.980146 
5177 1.618544 
5178 1.209746 
5179 1.416463 
5180 1.416078 
5181 1.630845 
5182 1.665819 
5183 1.398336 
5184 1.481142 
5185 1.460915 
5186 1.694878 
5187 1.658843 
5188 1.704385 
5189 1.805506 
5190 1.645051 
5191 0.921962 
5192 1.246706 
5193 1.443089 
5194 1.673987 
5195 1.764711 
5196 1.621387 
5197 1.692316 
5198 1.534376 
5199 1.516214 
5200 1.254903 
5201 1.889449 
5202 1.378857 
5203 1.496586 
5204 1.166561 
5205 1.586449 
5206 1.700620 
5207 1.759589 
5208 2.352975 
5209 1.163458 
5210 1.719025 
5211 1.070838 
5212 0.902665 
5213 1.069159 
5214 1.800550 
5215 2.203537 
5216 2.178030 
5217 0.772596 
5218 1.546203 
5219 1.409882 
5220 3.244485 
5221 1.621988 
5222 -0.092806 
5223 0.353501 
5224 0.458713 
5225 0.845852 
5226 1.692956 
5227 2.874832 
5228 1.904574 
5229 1.774613 
5230 1.016485 
5231 1.254148 
5232 2.119343 
5233 0.816753 
5234 -1.264134 
5235 -2.770020 
5236 -2.907121 
5237 -0.745961 
5238 0.117828 
5239 1.468222 
5240 1.110967 
5241 1.876157 
5242 1.075528 
5243 1.938623 
5244 3.085612 
5245 1.530882 
5246 -0.130157 
5247 -1.223330 
5248 -1.440540 
5249 -2.253529 
5250 -1.754889 
5251 -1.331121 
5252 -2.791748 
5253 -0.627496 
5254 1.015169 
5255 1.641617 
5256 2.343541 
5257 2.018731 
5258 0.667082 
5259 -0.585518 
5260 -1.376597 
5261 -1.667075 
5262 -1.788297 
5263 -1.751792 
5264 -2.147451 
5265 -2.288097 
5266 -1.395947 
5267 -0.931682 
5268 -0.355620 
5269 2.592667 
5270 1.860094 
5271 0.637051 
5272 -0.896510 
5273 -1.527998 
5274 -1.863296 
5275 -2.467658 
5276 -2.000545 
5277 -1.644891 
5278 -1.353599 
5279 -1.613571 
5280 -1.134939 
5281 -1.081659 
5282 1.799268 
5283 2.068889 
5284 1.893839 
5285 -0.073571 
5286 -1.862885 
5287 -2.550953 
5288 -1.787645 
5289 -1.684021 
5290 -1.580813 
5291 -1.465915 
5292 -1.826494 
5293 -1.554705 
5294 -1.485367 
5295 1.718409 
5296 2.668667 
5297 1.856109 
5298 0.475010 
5299 -0.885284 
5300 -1.292495 
5301 -1.858686 
5302 -1.693690 
5303 -1.725874 
5304 -1.359868 
5305 -1.735472 
5306 -1.746039 
5307 -1.767126 
5308 1.934385 
5309 1.950301 
5310 1.381720 
5311 0.649222 
5312 -0.151325 
5313 -1.317579 
5314 -2.404102 
5315 -2.216217 
5316 -1.563393 
5317 -1.497693 
5318 -1.791553 
5319 -1.872444 
5320 -1.810192 
5321 1.516414 
5322 1.554585 
5323 1.408837 
5324 1.120661 
5325 -0.200035 
5326 -1.661921 
5327 -3.035011 
5328 -1.889892 
5329 -1.605078 
5330 -1.490651 
5331 -1.633231 
5332 -1.638932 
5333 -2.510500 
5334 0.931511 
5335 1.107159 
5336 1.719301 
5337 1.771973 
5338 1.555699 
5339 1.206426 
5340 1.137853 
5341 1.462799 
5342 1.757087 
5343 1.865509 
5344 2.187952 
5345 1.671443 
5346 1.362973 
5347 0.925462 
5348 1.128012 
5349 1.522476 
5350 1.830333 
5351 1.688043 
5352 1.573413 
5353 1.353113 
5354 1.596819 
5355 1.839782 
5356 1.564877 
5357 1.612709 
5358 1.604657 
5359 1.372642 
5360 0.908837 
5361 1.296319 
5362 1.681503 
5363 2.270974 
5364 2.069460 
5365 1.559093 
5366 1.306896 
5367 1.231872 
5368 1.247504 
5369 1.765247 
5370 1.787257 
5371 1.424343 
5372 2.145835 
5373 1.088260 
5374 1.489345 
5375 1.712620 
5376 1.388345 
5377 1.474007 
5378 1.523614 
5379 1.667220 
5380 1.232094 
5381 1.321947 
5382 1.688584 
5383 1.875682 
5384 1.839893 
5385 1.708786 
5386 0.915254 
5387 1.576803 
5388 1.672703 
5389 1.777027 
5390 1.378762 
5391 1.437921 
5392 1.928140 
5393 1.347016 
5394 1.362893 
5395 1.833236 
5396 1.763360 
5397 1.640161 
5398 1.372890 
5399 1.202902 
5400 2.224638 
5401 1.910977 
5402 1.419767 
5403 0.583546 
5404 0.420110 
5405 0.947378 
5406 2.674923 
5407 1.015719 
5408 0.615714 
5409 1.219126 
5410 2.237077 
5411 2.073398 
5412 1.540639 
5413 2.232304 
5414 1.409098 
5415 0.736311 
5416 0.335347 
5417 -1.676053 
5418 -2.843684 
5419 -1.757622 
5420 -2.463605 
5421 -2.639205 
5422 -1.708737 
5423 -0.225640 
5424 0.269441 
5425 2.019598 
5426 1.940682 
5427 1.333902 
5428 0.746838 
5429 -0.413748 
5430 -1.826236 
5431 -3.208819 
5432 -1.659227 
5433 -1.627091 
5434 -1.768059 
5435 -1.635235 
5436 -1.304880 
5437 -0.877108 
5438 2.104114 
5439 1.927612 
5440 2.845337 
5441 0.769734 
5442 -0.732527 
5443 -2.217514 
5444 -1.933032 
5445 -1.599189 
5446 -1.477455 
5447 -1.526050 
5448 -2.095678 
5449 -1.804242 
5450 -1.434198 
5451 1.393508 
5452 2.254472 
5453 2.478323 
5454 0.556899 
5455 -0.442293 
5456 -0.875243 
5457 -1.741183 
5458 -2.070063 
5459 -1.716385 
5460 -1.733473 
5461 -1.576095 
5462 -1.931718 
5463 -1.462576 
5464 1.621126 
5465 2.187439 
5466 1.603276 
5467 0.547109 
5468 -0.566074 
5469 -1.338904 
5470 -2.214838 
5471 -2.342158 
5472 -1.770380 
5473 -1.541356 
5474 -1.674204 
5475 -1.615474 
5476 -1.726578 
5477 1.422905 
5478 1.363786 
5479 1.719482 
5480 1.506121 
5481 -0.002722 
5482 -1.459677 
5483 -3.033666 
5484 -1.852659 
5485 -1.934412 
5486 -1.457087 
5487 -1.300108 
5488 -1.708095 
5489 -2.049243 
5490 1.236489 
5491 1.364110 
5492 2.324222 
5493 2.036496 
5494 0.129047 
5495 -1.503766 
5496 -2.380675 
5497 -1.356413 
5498 -1.302630 
5499 -1.307216 
5500 -1.482787 
5501 -1.550972 
5502 -2.092037 
5503 1.187352 
5504 1.422783 
5505 1.523005 
5506 1.504920 
5507 1.756769 
5508 1.500904 
5509 1.645174 
5510 1.521819 
5511 1.488910 
5512 1.711251 
5513 1.491132 
5514 1.410366 
5515 1.544157 
5516 1.368619 
5517 1.547037 
5518 1.564298 
5519 1.725854 
5520 1.600177 
5521 1.532626 
5522 1.498611 
5523 1.492084 
5524 1.683927 
5525 1.541360 
5526 1.539817 
5527 1.328539 
5528 1.781891 
5529 1.464896 
5530 1.425182 
5531 1.709902 
5532 1.432861 
5533 1.516966 
5534 1.656053 
5535 1.638226 
5536 1.487621 
5537 1.660910 
5538 1.513960 
5539 1.564068 
5540 1.611586 
5541 1.543824 
5542 1.518131 
5543 1.486932 
5544 1.614462 
5545 1.699864 
5546 1.497398 
5547 1.467463 
5548 1.588344 
5549 1.539334 
5550 1.623934 
5551 1.635584 
5552 1.573188 
5553 1.478666 
5554 1.423630 
5555 1.629100 
5556 1.506822 
5557 1.505603 
5558 1.653658 
5559 1.571903 
5560 1.455406 
5561 1.523895 
5562 1.626431 
5563 1.577515 
5564 1.877849 
5565 1.812261 
5566 1.265727 
5567 1.188950 
5568 1.400654 
5569 1.626382 
5570 1.631738 
5571 1.722710 
5572 1.484800 
5573 1.461608 
5574 1.662667 
5575 1.691610 
5576 1.443989 
5577 1.517836 
5578 1.681535 
5579 1.581241 
5580 1.591526 
5581 1.624805 
5582 1.581488 
5583 1.430180 
5584 1.632721 
5585 1.628919 
5586 1.440507 
5587 1.615673 
5588 1.430604 
5589 1.504753 
5590 1.622609 
5591 1.657716 
5592 1.287846 
5593 1.727259 
5594 1.800666 
5595 1.393887 
5596 1.664084 
5597 1.737098 
5598 1.465647 
5599 1.384272 
5600 1.641098 
5601 1.785475 
5602 1.708552 
5603 1.083073 
5604 1.472645 
5605 1.542150 
5606 1.689949 
5607 1.682904 
5608 1.491111 
5609 1.610032 
5610 1.584006 
5611 1.600403 
5612 1.473948 
5613 1.397547 
5614 1.885212 
5615 1.503245 
5616 1.271336 
5617 1.810353 
5618 1.506457 
5619 1.530951 
5620 1.527325 
5621 1.673794 
5622 1.641421 
5623 1.403225 
5624 1.392331 
5625 1.511761 
5626 1.714580 
5627 1.689146 
5628 1.300160 
5629 1.631933 
5630 1.663928 
5631 1.597399 
5632 1.752663 
5633 1.372461 
5634 1.364763 
5635 1.595546 
5636 1.661722 
5637 1.633988 
5638 1.396841 
5639 1.462382 
5640 1.419281 
5641 1.467060 
5642 1.484212 
5643 1.856338 
5644 1.610168 
5645 1.533899 
5646 1.480864 
5647 1.479718 
5648 1.543512 
5649 1.586333 
5650 1.587984 
5651 1.504927 
5652 1.537038 
5653 1.514796 
5654 1.614416 
5655 1.754504 
5656 1.381339 
5657 1.732105 
5658 1.585992 
5659 1.657293 
5660 1.934893 
5661 1.514898 
5662 1.560046 
5663 1.468338 
5664 1.600016 
5665 1.518056 
5666 1.693510 
5667 1.699431 
5668 1.435974 
5669 1.710951 
5670 1.580584 
5671 1.447426 
5672 1.671213 
5673 1.720828 
5674 1.658936 
5675 1.255047 
5676 1.406144 
5677 1.571418 
5678 1.534748 
5679 1.583248 
5680 1.492811 
5681 1.539914 
5682 1.778009 
5683 1.466090 
5684 1.684601 
5685 1.589133 
5686 1.571554 
5687 1.696628 
5688 1.703121 
5689 1.884481 
5690 1.825124 
5691 0.616897 
5692 1.285586 
5693 1.152565 
5694 1.401456 
5695 1.498606 
5696 1.385128 
5697 1.398373 
5698 1.390102 
5699 1.469788 
5700 0.809435 
5701 1.300658 
5702 1.513756 
5703 0.710399 
5704 0.827613 
5705 0.885616 
5706 1.819308 
5707 1.872546 
5708 1.043175 
5709 2.096112 
5710 1.775316 
5711 1.652523 
5712 1.013943 
5713 1.122705 
5714 2.034199 
5715 1.938400 
5716 1.477548 
5717 1.507786 
5718 1.640995 
5719 1.550890 
5720 1.865336 
5721 1.821881 
5722 1.296395 
5723 1.301090 
5724 3.247983 
5725 0.566964 
5726 0.282070 
5727 0.423627 
5728 -1.749957 
5729 -1.299991 
5730 -1.435550 
5731 -2.503015 
5732 -2.102152 
5733 -2.095047 
5734 -1.345838 
5735 -1.671339 
5736 -1.607774 
5737 -1.606889 
5738 -2.035015 
5739 -2.112716 
5740 -1.835491 
5741 -2.220930 
5742 -2.117973 
5743 -1.416712 
5744 -2.332144 
5745 -2.321184 
5746 -0.418296 
5747 -0.970814 
5748 -0.558438 
5749 0.088906 
5750 0.067753 
5751 3.937086 
5752 1.415640 
5753 1.620335 
5754 1.544334 
5755 1.531755 
5756 1.862371 
5757 1.586713 
5758 1.539142 
5759 1.370847 
5760 2.295694 
5761 2.496252 
5762 -0.201555 
5763 -0.421613 
5764 0.014849 
5765 -2.045347 
5766 -2.443264 
5767 -2.414078 
5768 -1.723009 
5769 -1.718961 
5770 -1.748827 
5771 -1.816986 
5772 -1.770582 
5773 -1.605693 
5774 -1.699345 
5775 -1.671724 
5776 -1.455471 
5777 -1.953136 
5778 -1.674895 
5779 -1.658400 
5780 -1.807334 
5781 -1.855257 
5782 -1.975700 
5783 -1.405936 
5784 -2.252541 
5785 -2.108467 
5786 -1.719661 
5787 -1.575920 
5788 1.375967 
5789 1.356501 
5790 1.795619 
5791 1.527685 
5792 1.731001 
5793 1.748176 
5794 1.324831 
5795 1.415725 
5796 2.086712 
5797 1.926365 
5798 1.582344 
5799 -0.256916 
5800 -0.427211 
5801 -0.124543 
5802 -2.252467 
5803 -3.062046 
5804 -1.625451 
5805 -1.810722 
5806 -1.897003 
5807 -1.800030 
5808 -1.868377 
5809 -1.520658 
5810 -1.581225 
5811 -1.518931 
5812 -1.545641 
5813 -1.700069 
5814 -1.525066 
5815 -1.858539 
5816 -1.749680 
5817 -1.353191 
5818 -1.731367 
5819 -1.685748 
5820 -1.638845 
5821 -1.686050 
5822 -1.576112 
5823 -1.665948 
5824 -1.643109 
5825 1.292587 
5826 1.262211 
5827 2.018948 
5828 1.398424 
5829 1.432352 
5830 1.631449 
5831 1.638926 
5832 3.001268 
5833 1.139177 
5834 1.153117 
5835 1.081784 
5836 -0.606632 
5837 -0.577690 
5838 -0.526029 
5839 -4.038644 
5840 -1.340185 
5841 -1.273886 
5842 -2.034176 
5843 -2.243758 
5844 -1.711874 
5845 -1.510719 
5846 -1.625320 
5847 -1.617071 
5848 -1.538768 
5849 -1.756608 
5850 -1.779098 
5851 -1.587680 
5852 -1.638867 
5853 -1.501878 
5854 -1.925398 
5855 -1.591298 
5856 -1.475426 
5857 -1.559205 
5858 -1.781861 
5859 -1.831058 
5860 -1.663583 
5861 -1.742986 
5862 1.615075 
5863 1.498836 
5864 1.412696 
5865 1.533918 
5866 1.446549 
5867 1.719442 
5868 2.117942 
5869 2.065942 
5870 0.971136 
5871 0.867703 
5872 3.228640 
5873 -0.694445 
5874 -0.972540 
5875 -0.834713 
5876 -1.593547 
5877 -1.851459 
5878 -1.817894 
5879 -2.164045 
5880 -1.647841 
5881 -1.594911 
5882 -1.650212 
5883 -1.710775 
5884 -1.752812 
5885 -1.850864 
5886 -1.381486 
5887 -1.552595 
5888 -1.833189 
5889 -1.590637 
5890 -1.580940 
5891 -1.669004 
5892 -1.498808 
5893 -1.467567 
5894 -1.814271 
5895 -1.745361 
5896 -1.683134 
5897 -1.689322 
5898 -1.693036 
5899 1.292417 
5900 1.389822 
5901 1.820563 
5902 1.485780 
5903 1.496853 
5904 1.831391 
5905 1.530256 
5906 1.485217 
5907 1.555942 
5908 2.322119 
5909 2.411346 
5910 -0.464638 
5911 -0.245768 
5912 -0.134878 
5913 -2.559703 
5914 -2.170105 
5915 -2.121073 
5916 -2.195466 
5917 -1.375491 
5918 -1.384165 
5919 -1.719037 
5920 -1.694991 
5921 -1.588571 
5922 -1.660763 
5923 -1.764716 
5924 -1.888452 
5925 -1.701226 
5926 -1.542063 
5927 -1.527487 
5928 -1.670702 
5929 -1.553236 
5930 -1.508946 
5931 -2.019263 
5932 -1.546270 
5933 -1.660333 
5934 -1.723708 
5935 -1.706085 
5936 1.423659 
5937 1.457305 
5938 1.670938 
5939 1.636031 
5940 1.535718 
5941 1.517805 
5942 1.576933 
5943 1.527044 
5944 0.679652 
5945 0.508537 
5946 -2.473349 
5947 -2.360614 
5948 -2.041692 
5949 -2.028263 
5950 -1.251509 
5951 -1.206897 
5952 -1.684364 
5953 -1.649793 
5954 -1.641007 
5955 -1.621037 
5956 -1.483882 
5957 -1.552538 
5958 -1.779390 
5959 -1.797482 
5960 -2.509793 
5961 -2.459549 
