958 1
0 1.629201 
1 1.537065 
2 0.960618 
3 2.001460 
4 2.346291 
5 1.565255 
6 0.894581 
7 1.671713 
8 1.091705 
9 1.641082 
10 2.514996 
11 0.853456 
12 0.770911 
13 2.840085 
14 1.363953 
15 1.163562 
16 -0.882184 
17 -0.494140 
18 -2.590460 
19 -0.327630 
20 -0.320111 
21 2.353853 
22 1.912256 
23 1.441249 
24 1.656068 
25 0.196866 
26 1.385714 
27 2.534030 
28 1.821757 
29 2.199913 
30 0.703735 
31 0.479849 
32 3.044457 
33 0.147968 
34 -0.649591 
35 -0.883161 
36 -0.373734 
37 -2.609914 
38 0.396526 
39 -0.562156 
40 0.670286 
41 1.782295 
42 2.499364 
43 1.120597 
44 2.619362 
45 1.404912 
46 -1.161476 
47 0.051856 
48 2.248721 
49 2.105350 
50 -0.509599 
51 -0.502711 
52 -1.476718 
53 -1.468643 
54 -0.909132 
55 -1.719217 
56 -0.222848 
57 -2.380591 
58 -1.688026 
59 -0.486881 
60 -0.800502 
61 -1.580832 
62 -0.820209 
63 -2.191058 
64 -2.774531 
65 -1.396033 
66 -0.877561 
67 -0.218832 
68 -1.675964 
69 0.717142 
70 0.872466 
71 -2.450836 
72 -2.423344 
73 1.129736 
74 1.577179 
75 -0.893282 
76 0.759700 
77 0.494209 
78 2.261994 
79 2.057938 
80 0.251286 
81 3.312633 
82 0.750602 
83 0.584670 
84 1.773091 
85 2.727354 
86 1.118394 
87 0.341834 
88 2.202998 
89 2.031132 
90 1.392156 
91 -0.863519 
92 -0.760440 
93 -1.368959 
94 1.855809 
95 2.372271 
96 1.487355 
97 1.402125 
98 1.475442 
99 1.636263 
100 1.609647 
101 2.212462 
102 2.188509 
103 1.093953 
104 1.798170 
105 1.348199 
106 1.677385 
107 2.244029 
108 2.369290 
109 -1.282772 
110 2.058026 
111 -1.604739 
112 -2.246065 
113 -1.898645 
114 -1.036060 
115 -1.412237 
116 1.052414 
117 1.884282 
118 1.960275 
119 1.418131 
120 2.109079 
121 1.933933 
122 -1.171878 
123 -1.765097 
124 -0.124874 
125 -1.611491 
126 1.475068 
127 -2.548100 
128 2.418651 
129 1.384566 
130 -1.261994 
131 -1.391948 
132 -1.744779 
133 -1.388980 
134 -1.144611 
135 -2.303987 
136 -1.788341 
137 -2.404789 
138 1.974972 
139 0.847603 
140 1.552522 
141 -1.908991 
142 -2.470104 
143 -1.330219 
144 -1.646783 
145 -1.856361 
146 -1.522770 
147 1.664888 
148 1.559009 
149 1.911684 
150 1.581467 
151 1.218021 
152 1.167945 
153 1.987235 
154 -0.555192 
155 -2.191469 
156 0.597042 
157 3.179658 
158 1.183018 
159 0.270549 
160 -0.440160 
161 -2.152217 
162 -1.878324 
163 -1.572736 
164 -1.578666 
165 -1.909154 
166 -1.777572 
167 -0.886261 
168 -1.843459 
169 1.247421 
170 2.006473 
171 1.671795 
172 2.087708 
173 1.672125 
174 1.407694 
175 1.458643 
176 0.492778 
177 1.379049 
178 -1.975487 
179 -2.200654 
180 -1.478809 
181 -1.557326 
182 -1.800417 
183 -1.852844 
184 -1.521358 
185 -1.761579 
186 -1.656331 
187 -1.435085 
188 -1.714435 
189 -1.960801 
190 -0.200865 
191 -1.893495 
192 -1.799374 
193 0.741248 
194 -1.454673 
195 -2.635965 
196 -1.901353 
197 -1.918106 
198 -1.370163 
199 -1.581375 
200 -2.908059 
201 -0.655333 
202 0.316484 
203 1.552064 
204 0.524177 
205 -2.237008 
206 -1.597114 
207 -1.825808 
208 -1.396069 
209 -0.924891 
210 -1.954658 
211 -1.933791 
212 -2.697880 
213 -0.793951 
214 -1.075625 
215 1.427307 
216 1.178715 
217 -1.845099 
218 -1.930406 
219 -1.926457 
220 -2.386720 
221 -1.699317 
222 -0.374257 
223 -1.278960 
224 -1.899832 
225 -2.236808 
226 -0.729383 
227 -1.271585 
228 -1.820371 
229 -1.919416 
230 -1.111816 
231 -0.988830 
232 -1.295276 
233 -1.702528 
234 -2.030334 
235 -1.209791 
236 -2.343678 
237 -2.339938 
238 -0.837868 
239 0.286106 
240 1.377406 
241 0.862035 
242 1.142013 
243 -3.006235 
244 -1.662776 
245 -1.968877 
246 -1.480102 
247 1.553028 
248 1.931567 
249 2.019368 
250 1.904690 
251 -0.141682 
252 -1.362114 
253 -1.619818 
254 -1.935410 
255 -1.333816 
256 -1.634976 
257 -1.685319 
258 0.660117 
259 1.742838 
260 1.998117 
261 1.368152 
262 2.212945 
263 0.236607 
264 -1.170482 
265 -1.689092 
266 -1.767768 
267 1.450838 
268 1.888286 
269 1.778942 
270 1.818104 
271 0.068623 
272 1.247426 
273 1.535769 
274 1.512908 
275 1.585027 
276 1.467653 
277 1.668575 
278 1.347189 
279 1.350001 
280 1.667053 
281 1.339818 
282 1.846268 
283 1.113749 
284 1.484676 
285 1.609468 
286 1.386468 
287 1.499302 
288 1.259396 
289 1.526190 
290 1.602521 
291 1.588326 
292 1.198382 
293 1.217148 
294 1.038878 
295 1.373287 
296 1.229436 
297 0.885840 
298 1.348334 
299 1.350464 
300 0.904032 
301 1.471164 
302 1.225236 
303 0.753743 
304 1.617475 
305 -0.357458 
306 2.168409 
307 1.673157 
308 1.824432 
309 0.362575 
310 0.241623 
311 1.948550 
312 1.226462 
313 1.278060 
314 1.308577 
315 1.089513 
316 -1.230751 
317 -1.501377 
318 -1.498070 
319 -1.263016 
320 -2.143383 
321 -1.991545 
322 -1.483683 
323 0.420508 
324 -0.860076 
325 -1.261347 
326 -1.799323 
327 -1.405983 
328 -0.777531 
329 1.589274 
330 1.475204 
331 1.034673 
332 1.064416 
333 1.261494 
334 1.184053 
335 1.257370 
336 1.401858 
337 1.212239 
338 1.414693 
339 1.382377 
340 1.603668 
341 1.371458 
342 1.284483 
343 1.214906 
344 1.099101 
345 1.491572 
346 1.105760 
347 1.302504 
348 1.796201 
349 1.784207 
350 1.366557 
351 0.036162 
352 -0.088397 
353 0.866862 
354 2.727971 
355 0.919642 
356 1.801089 
357 1.901653 
358 0.677151 
359 0.127444 
360 1.540911 
361 -0.366764 
362 -0.124084 
363 2.524063 
364 1.000151 
365 1.276613 
366 1.280813 
367 1.362422 
368 -0.027151 
369 -0.216885 
370 2.237416 
371 1.862242 
372 -0.106917 
373 1.119243 
374 1.088443 
375 2.220762 
376 1.974009 
377 0.210151 
378 1.506681 
379 0.236355 
380 0.225281 
381 0.213015 
382 -2.153577 
383 -2.072454 
384 -0.418146 
385 0.882793 
386 1.583236 
387 1.775625 
388 -1.043080 
389 -1.353082 
390 -1.236771 
391 -1.224228 
392 -1.104353 
393 -1.273872 
394 -1.269050 
395 -0.939882 
396 -0.274218 
397 -1.698884 
398 -1.509552 
399 -1.323039 
400 -1.609399 
401 -1.215783 
402 -1.260396 
403 -1.095506 
404 -1.326092 
405 -1.362328 
406 1.418193 
407 1.257262 
408 -0.159189 
409 1.829891 
410 0.084224 
411 2.461617 
412 0.073496 
413 1.825645 
414 1.537003 
415 1.343181 
416 -0.062682 
417 1.756807 
418 1.722593 
419 1.019014 
420 0.987501 
421 1.630288 
422 1.313504 
423 1.190688 
424 -1.435135 
425 -0.544204 
426 -1.614138 
427 -1.491153 
428 -1.165882 
429 -0.385585 
430 -1.624876 
431 -1.513083 
432 -2.435619 
433 -1.124780 
434 -0.814095 
435 -0.130268 
436 -1.901309 
437 -1.559663 
438 -0.028166 
439 1.166270 
440 -0.017953 
441 1.531677 
442 2.079240 
443 1.520047 
444 -1.284420 
445 -1.039959 
446 -0.929550 
447 -1.196019 
448 -1.378402 
449 2.180927 
450 1.580736 
451 0.100653 
452 1.712548 
453 1.952956 
454 -1.530867 
455 0.114776 
456 0.012465 
457 -2.549230 
458 0.038865 
459 -1.591725 
460 -1.633526 
461 -1.926890 
462 0.147875 
463 -1.114829 
464 -1.896911 
465 0.229592 
466 -1.574747 
467 -1.305003 
468 0.567640 
469 0.587745 
470 -0.085257 
471 -3.042017 
472 -1.755553 
473 0.086925 
474 -1.655619 
475 -0.864687 
476 -0.240935 
477 -1.027621 
478 -2.252947 
479 0.938684 
480 2.896619 
481 1.647745 
482 0.228879 
483 -0.252529 
484 0.669896 
485 -1.041419 
486 -1.635719 
487 -1.328835 
488 -1.302740 
489 -1.183086 
490 -0.942254 
491 -1.168585 
492 -1.561694 
493 -1.785860 
494 -0.817370 
495 0.063334 
496 -1.355300 
497 -1.577605 
498 -0.867123 
499 -1.445562 
500 -1.283213 
501 -1.269529 
502 -1.260386 
503 -1.183233 
504 -1.275677 
505 -0.653119 
506 -1.377229 
507 -1.487008 
508 -1.028772 
509 -1.293498 
510 -1.213954 
511 -1.228357 
512 -0.772237 
513 -1.797184 
514 -1.632822 
515 -1.448933 
516 2.705714 
517 1.858097 
518 0.293516 
519 -0.070334 
520 -0.077959 
521 1.433056 
522 2.472799 
523 1.533691 
524 1.125354 
525 1.413438 
526 1.163111 
527 1.474355 
528 1.534511 
529 1.320277 
530 1.303131 
531 1.137213 
532 1.194659 
533 1.872202 
534 1.217902 
535 1.491307 
536 1.430831 
537 0.756464 
538 1.330125 
539 2.236575 
540 0.699829 
541 1.131347 
542 1.939934 
543 -1.439133 
544 -0.617725 
545 1.729632 
546 2.191887 
547 0.802298 
548 0.648034 
549 -0.927193 
550 -1.396382 
551 -2.102434 
552 -0.886023 
553 -1.407456 
554 -1.159371 
555 -1.208627 
556 -1.139050 
557 -1.506072 
558 -1.414613 
559 -1.134582 
560 -1.265040 
561 -1.137578 
562 -1.221791 
563 -1.398982 
564 -1.109349 
565 -1.264559 
566 -1.537194 
567 -1.179204 
568 -1.188931 
569 -1.184277 
570 -1.367645 
571 -1.268318 
572 -1.508565 
573 -1.256856 
574 -1.000026 
575 -1.163894 
576 -1.536541 
577 -1.448447 
578 -1.528253 
579 -1.107365 
580 -1.578088 
581 -0.111376 
582 -1.839883 
583 -1.402334 
584 -1.282317 
585 -0.183630 
586 0.744035 
587 3.330456 
588 0.579320 
589 1.447905 
590 1.558971 
591 1.797239 
592 1.375204 
593 -0.137438 
594 2.025601 
595 2.835270 
596 1.287276 
597 1.774849 
598 1.305546 
599 1.000193 
600 1.120125 
601 2.189388 
602 2.258418 
603 0.933894 
604 3.278838 
605 -1.202670 
606 1.088956 
607 -1.256586 
608 0.674583 
609 -0.009475 
610 -2.271754 
611 -1.650010 
612 -0.914178 
613 -1.263855 
614 -1.080105 
615 -1.255459 
616 -1.218021 
617 -1.643180 
618 -0.437456 
619 -1.636304 
620 -0.684897 
621 -0.164147 
622 -1.631844 
623 -2.386482 
624 -1.364709 
625 -1.676311 
626 -1.348832 
627 -0.684472 
628 -0.565794 
629 -0.038034 
630 -0.528298 
631 -3.714177 
632 -1.333445 
633 -1.280676 
634 -1.281000 
635 -1.070880 
636 -1.505722 
637 -1.284449 
638 -1.123256 
639 -1.124071 
640 -2.502626 
641 0.069007 
642 -0.293750 
643 -1.906828 
644 -1.306077 
645 -1.341425 
646 -1.125035 
647 -1.085123 
648 -1.372927 
649 -1.222950 
650 -1.491456 
651 -1.455293 
652 -1.371613 
653 -1.576868 
654 -1.231336 
655 -1.122305 
656 -1.039472 
657 -1.054377 
658 -1.401117 
659 -1.241286 
660 -1.425834 
661 -1.333327 
662 -1.316431 
663 -0.559681 
664 -0.460514 
665 -1.153028 
666 -1.287410 
667 -1.738204 
668 -0.157255 
669 -1.690262 
670 -1.412115 
671 -1.259514 
672 -2.482022 
673 -0.230916 
674 -0.402022 
675 -1.933296 
676 -1.256715 
677 -1.300848 
678 -1.021555 
679 -0.914083 
680 -0.951427 
681 -1.611799 
682 -1.069350 
683 -1.165366 
684 -2.011010 
685 -1.712331 
686 -0.721011 
687 -0.460180 
688 -0.859614 
689 -2.862585 
690 0.151358 
691 0.046483 
692 1.847244 
693 2.069351 
694 1.369079 
695 1.954022 
696 0.502553 
697 2.185081 
698 2.489706 
699 -0.714465 
700 0.899951 
701 -0.510009 
702 -2.382756 
703 -1.529456 
704 -1.402143 
705 -1.396048 
706 -1.471128 
707 -0.901622 
708 -1.097806 
709 -1.120372 
710 -1.221997 
711 -1.481829 
712 -1.510489 
713 -1.378086 
714 -0.940719 
715 -1.396327 
716 -1.548175 
717 -1.101806 
718 -1.103866 
719 -1.482745 
720 -1.605050 
721 -1.775920 
722 -0.722757 
723 -0.593709 
724 -2.234752 
725 -1.326181 
726 -0.403212 
727 0.324033 
728 0.534038 
729 -1.942748 
730 -1.686982 
731 -1.998251 
732 -1.852705 
733 0.531573 
734 3.659513 
735 0.064263 
736 -0.864311 
737 -1.430074 
738 -0.291467 
739 -1.361844 
740 0.160326 
741 -1.661337 
742 -0.868474 
743 -2.131794 
744 -1.547747 
745 -0.629432 
746 -1.553685 
747 -1.105278 
748 -1.213889 
749 -1.267266 
750 -1.213486 
751 -0.835473 
752 -0.674006 
753 -0.599652 
754 -2.581956 
755 -1.344003 
756 -1.825880 
757 -0.767773 
758 -0.409599 
759 -2.696988 
760 -1.253828 
761 -0.887678 
762 -1.381411 
763 -1.524941 
764 -0.675239 
765 -1.308180 
766 -1.187287 
767 -1.438517 
768 -0.546502 
769 -1.830195 
770 -1.366334 
771 -0.596219 
772 -0.957705 
773 -1.270468 
774 -1.749468 
775 -1.932798 
776 -2.064103 
777 -1.037527 
778 -0.500611 
779 -1.838876 
780 -1.746064 
781 -2.524664 
782 -0.540767 
783 -0.024547 
784 -1.661108 
785 -1.600139 
786 -1.072855 
787 -1.394042 
788 -2.360381 
789 -2.501777 
790 -0.793438 
791 0.165704 
792 -0.131534 
793 -3.826921 
794 -0.136679 
795 -0.348804 
796 -0.055874 
797 -1.098917 
798 -1.313742 
799 -1.878696 
800 -1.301109 
801 -1.116251 
802 -1.478041 
803 -1.032268 
804 -0.713869 
805 -1.301167 
806 -1.273609 
807 -1.321984 
808 -1.163495 
809 -1.418062 
810 -0.968073 
811 -1.354545 
812 -0.635982 
813 -3.338454 
814 0.747126 
815 1.166405 
816 1.564254 
817 1.389278 
818 1.596630 
819 2.736031 
820 1.834607 
821 1.454578 
822 1.001629 
823 1.444407 
824 2.027088 
825 1.713629 
826 0.451075 
827 1.845615 
828 0.335161 
829 -1.419595 
830 -1.339869 
831 -1.387403 
832 -1.336958 
833 -1.730630 
834 -1.218687 
835 -1.034175 
836 -1.333147 
837 -1.008865 
838 -1.520092 
839 -1.097413 
840 0.024996 
841 -1.899650 
842 -2.931333 
843 -0.140385 
844 1.546457 
845 1.622421 
846 0.795865 
847 1.649855 
848 1.215000 
849 1.397474 
850 1.122889 
851 1.113657 
852 1.506152 
853 1.613360 
854 0.442363 
855 1.646380 
856 2.824111 
857 0.703490 
858 -0.426825 
859 -1.187726 
860 -1.561076 
861 -2.183708 
862 -0.294667 
863 -1.286749 
864 -1.263474 
865 -1.006061 
866 -1.206567 
867 -1.660160 
868 -1.354911 
869 -1.700195 
870 -1.503866 
871 -0.975953 
872 -1.454551 
873 -1.542276 
874 -0.314018 
875 -1.693408 
876 -0.146689 
877 2.123618 
878 1.998139 
879 2.335063 
880 0.881959 
881 1.354551 
882 1.497834 
883 1.571651 
884 1.075150 
885 1.524596 
886 1.090110 
887 1.319544 
888 -0.772301 
889 -0.604979 
890 -2.160822 
891 -2.254820 
892 -0.649265 
893 -3.374089 
894 -0.127648 
895 -0.733248 
896 2.016956 
897 0.302694 
898 1.716681 
899 1.484934 
900 1.304013 
901 1.275098 
902 1.241080 
903 1.403138 
904 1.660456 
905 1.462484 
906 2.034669 
907 0.324466 
908 1.720713 
909 1.675386 
910 1.243202 
911 1.464468 
912 1.346635 
913 1.170434 
914 1.697929 
915 1.555427 
916 1.598731 
917 1.398875 
918 1.369309 
919 1.412279 
920 1.411984 
921 1.672188 
922 1.430372 
923 1.284589 
924 1.375720 
925 1.370734 
926 1.594312 
927 1.311749 
928 1.626715 
929 1.391441 
930 1.456438 
931 1.529800 
932 1.881426 
933 1.179871 
934 1.175161 
935 1.508525 
936 1.476471 
937 1.406417 
938 1.634315 
939 1.498640 
940 1.466293 
941 1.485609 
942 1.487167 
943 1.494466 
944 1.594380 
945 1.485454 
946 1.378623 
947 1.483014 
948 1.487445 
949 1.483883 
950 1.543974 
951 1.400744 
952 1.535801 
953 1.120033 
954 1.488034 
955 1.657771 
956 2.540818 
957 2.422540 
