1446 1
0 -1.731583 
1 1.610800 
2 1.966681 
3 1.709764 
4 2.043275 
5 -1.044493 
6 0.874533 
7 2.052720 
8 1.747675 
9 -1.032008 
10 1.532155 
11 1.830358 
12 2.106086 
13 -1.282760 
14 2.124351 
15 1.300816 
16 1.305502 
17 2.240701 
18 0.191209 
19 1.244222 
20 1.946216 
21 2.320384 
22 -0.853499 
23 -0.724936 
24 0.918565 
25 1.710446 
26 1.161636 
27 1.630400 
28 1.300211 
29 2.236830 
30 -0.625277 
31 1.579385 
32 1.640957 
33 1.855761 
34 1.476181 
35 0.058777 
36 1.144390 
37 1.901227 
38 0.684348 
39 1.570696 
40 1.325647 
41 1.169050 
42 1.293034 
43 1.707888 
44 1.842885 
45 1.508397 
46 -1.006327 
47 1.712546 
48 1.587360 
49 1.353632 
50 1.307256 
51 1.247882 
52 2.031961 
53 -0.903425 
54 1.128397 
55 1.620156 
56 -1.087354 
57 1.334197 
58 1.860955 
59 1.675663 
60 2.270745 
61 0.247697 
62 1.000980 
63 1.342404 
64 0.690463 
65 1.948864 
66 2.081795 
67 -0.700457 
68 1.790230 
69 -1.228097 
70 1.510646 
71 1.641532 
72 1.713306 
73 1.660335 
74 -0.826147 
75 1.514023 
76 1.763357 
77 0.667688 
78 1.913000 
79 0.831783 
80 -0.605603 
81 -0.779052 
82 2.457752 
83 1.781348 
84 -1.249323 
85 2.002558 
86 -0.728302 
87 2.191997 
88 0.926592 
89 -0.670666 
90 1.567405 
91 2.369889 
92 1.391419 
93 1.162238 
94 1.420886 
95 1.385726 
96 -1.243063 
97 1.816236 
98 1.591374 
99 1.637102 
100 1.295597 
101 1.399560 
102 1.266500 
103 1.556543 
104 2.201814 
105 2.180330 
106 -0.869805 
107 -0.673840 
108 2.179589 
109 -0.469728 
110 -0.448235 
111 2.253747 
112 1.452797 
113 1.773465 
114 -0.985645 
115 1.794807 
116 -0.816647 
117 -0.994152 
118 1.995791 
119 2.295533 
120 0.308966 
121 2.205957 
122 1.347178 
123 1.259410 
124 -1.358799 
125 1.507524 
126 1.130293 
127 1.960686 
128 1.829467 
129 1.962469 
130 0.860763 
131 -0.957117 
132 -5.091462 
133 1.322993 
134 -0.118967 
135 -0.581864 
136 2.178527 
137 -0.978380 
138 0.934408 
139 1.606997 
140 -0.989919 
141 2.299372 
142 -0.538079 
143 1.895509 
144 -0.788813 
145 1.573659 
146 1.813374 
147 1.661360 
148 1.185339 
149 1.639366 
150 1.920165 
151 0.675414 
152 1.727664 
153 1.868813 
154 1.568664 
155 -0.570302 
156 1.664159 
157 1.372231 
158 0.091372 
159 1.842340 
160 1.528807 
161 1.477363 
162 -0.489626 
163 1.972391 
164 -0.957381 
165 0.217039 
166 1.898228 
167 2.266092 
168 -0.240803 
169 2.168654 
170 1.595320 
171 1.271420 
172 1.950065 
173 0.145673 
174 2.188250 
175 -0.648587 
176 -0.941252 
177 1.280854 
178 2.007109 
179 1.699697 
180 1.279788 
181 1.921553 
182 1.834330 
183 -0.779571 
184 1.517980 
185 1.605073 
186 1.320880 
187 0.952114 
188 1.526103 
189 1.877727 
190 1.544585 
191 -0.385642 
192 -0.841919 
193 2.188997 
194 2.086685 
195 -0.740567 
196 2.155945 
197 1.850415 
198 0.516638 
199 -0.148800 
200 1.308039 
201 -0.642454 
202 1.631209 
203 2.021959 
204 1.881309 
205 1.778078 
206 1.358803 
207 -0.186431 
208 1.605777 
209 1.502538 
210 1.374235 
211 1.180185 
212 -0.473169 
213 2.148448 
214 1.233806 
215 1.658508 
216 -0.724477 
217 2.310910 
218 0.810610 
219 1.560041 
220 -0.544327 
221 1.583514 
222 1.370345 
223 1.962598 
224 1.308519 
225 1.477651 
226 1.398264 
227 1.348357 
228 1.956884 
229 -1.084863 
230 1.798883 
231 1.285693 
232 2.411980 
233 -0.673365 
234 1.811288 
235 -0.590284 
236 -0.081659 
237 1.962805 
238 2.056510 
239 0.744931 
240 -0.337759 
241 1.511852 
242 2.278945 
243 0.965622 
244 1.857471 
245 0.065692 
246 1.791417 
247 1.352107 
248 2.254616 
249 -0.543067 
250 2.149232 
251 -0.440510 
252 -0.826114 
253 -0.169642 
254 1.870305 
255 2.318143 
256 -0.606239 
257 2.156909 
258 1.742564 
259 0.758679 
260 -1.071205 
261 1.664737 
262 2.104224 
263 0.949204 
264 1.776641 
265 0.688192 
266 1.440664 
267 1.473448 
268 1.092555 
269 2.022354 
270 1.700878 
271 0.341392 
272 -0.441623 
273 1.600221 
274 1.414776 
275 2.072100 
276 -0.901729 
277 2.348358 
278 1.845173 
279 0.313211 
280 1.646524 
281 1.389910 
282 1.763117 
283 -0.985152 
284 0.823451 
285 -0.688246 
286 2.143279 
287 1.643945 
288 0.874112 
289 1.372871 
290 1.229471 
291 1.929579 
292 1.734318 
293 1.457296 
294 -1.035506 
295 2.017606 
296 1.650310 
297 -0.367881 
298 1.872032 
299 1.561998 
300 -0.115496 
301 2.188452 
302 -1.081918 
303 2.006428 
304 1.535613 
305 1.774341 
306 -0.980767 
307 1.571425 
308 -0.557257 
309 2.369035 
310 -0.356184 
311 1.881308 
312 -3.026807 
313 1.234001 
314 -0.114154 
315 1.682272 
316 0.112358 
317 2.294758 
318 -0.648454 
319 1.981204 
320 1.358824 
321 1.668184 
322 -0.912214 
323 1.795929 
324 2.214297 
325 1.457966 
326 1.411311 
327 -1.123987 
328 1.779461 
329 1.648580 
330 1.870128 
331 -0.244931 
332 -0.902685 
333 1.659971 
334 0.934242 
335 2.265996 
336 1.101295 
337 1.691258 
338 0.755944 
339 1.758131 
340 1.654960 
341 1.749194 
342 -0.189387 
343 1.684060 
344 1.796288 
345 2.056767 
346 0.879900 
347 0.337651 
348 1.761713 
349 -0.884668 
350 0.957729 
351 2.169045 
352 1.768232 
353 0.872909 
354 1.117766 
355 1.681373 
356 1.662478 
357 -0.563317 
358 1.774907 
359 1.560463 
360 1.905241 
361 -1.009903 
362 0.636060 
363 1.865406 
364 1.904077 
365 1.278062 
366 1.900785 
367 -0.611130 
368 1.106374 
369 1.134199 
370 1.416667 
371 1.841025 
372 1.527827 
373 1.473858 
374 2.008640 
375 -0.510341 
376 1.399752 
377 0.641381 
378 1.539251 
379 1.623592 
380 0.890695 
381 1.908273 
382 1.991175 
383 -1.046210 
384 1.004507 
385 2.109747 
386 1.713341 
387 -0.496062 
388 1.364549 
389 1.948050 
390 -0.798778 
391 1.658387 
392 1.339465 
393 2.036199 
394 1.432929 
395 -0.796017 
396 -0.988736 
397 1.643644 
398 1.514801 
399 1.717447 
400 1.100618 
401 -1.124597 
402 1.918305 
403 1.724405 
404 1.462556 
405 -0.797530 
406 1.511990 
407 1.875757 
408 -0.315474 
409 1.713844 
410 1.670993 
411 1.661259 
412 -0.450967 
413 2.080244 
414 2.126107 
415 -0.940255 
416 1.971260 
417 1.722311 
418 1.224812 
419 -0.140133 
420 1.729123 
421 -0.810022 
422 1.776141 
423 1.538831 
424 -0.197264 
425 0.685723 
426 2.881627 
427 -1.334255 
428 1.629632 
429 -0.996920 
430 2.164864 
431 0.934443 
432 1.311390 
433 2.016963 
434 0.784340 
435 1.079626 
436 1.697392 
437 1.347753 
438 1.905919 
439 -0.514182 
440 2.439968 
441 0.079948 
442 1.760805 
443 -0.440620 
444 -0.356106 
445 2.202684 
446 2.026139 
447 -0.667791 
448 1.611435 
449 -1.018714 
450 1.497936 
451 2.014937 
452 1.776798 
453 2.493867 
454 -0.993453 
455 -0.495180 
456 1.296270 
457 1.887690 
458 -1.160361 
459 1.690044 
460 1.861239 
461 2.237139 
462 0.417063 
463 -0.493502 
464 2.041445 
465 -0.486023 
466 -0.503890 
467 2.201454 
468 1.387706 
469 -0.052773 
470 1.373764 
471 1.989382 
472 1.186226 
473 1.365941 
474 1.560678 
475 1.342984 
476 1.828387 
477 1.275384 
478 0.943859 
479 1.448539 
480 1.812361 
481 1.753241 
482 1.543046 
483 -0.871486 
484 -0.532195 
485 2.320923 
486 1.982311 
487 -0.510561 
488 1.798206 
489 -0.564297 
490 2.058194 
491 1.337693 
492 0.877638 
493 1.546509 
494 1.812085 
495 1.098649 
496 1.550821 
497 0.912862 
498 1.615153 
499 1.177948 
500 1.521270 
501 1.374979 
502 1.824845 
503 0.397906 
504 1.462188 
505 1.261032 
506 0.964336 
507 1.801321 
508 1.743801 
509 1.940194 
510 -0.323441 
511 1.408627 
512 1.386584 
513 1.655184 
514 0.285123 
515 1.794244 
516 1.369193 
517 1.772421 
518 1.739134 
519 -1.180983 
520 -1.072778 
521 1.526459 
522 2.069659 
523 1.437853 
524 2.183543 
525 -0.886950 
526 -1.132877 
527 1.918826 
528 0.695463 
529 2.078551 
530 1.621598 
531 0.487541 
532 1.743219 
533 1.481853 
534 1.296424 
535 0.671756 
536 1.794496 
537 1.357051 
538 -1.033429 
539 1.735185 
540 -0.791563 
541 1.763897 
542 1.899176 
543 1.376493 
544 -0.974856 
545 2.054547 
546 -0.891298 
547 2.278667 
548 2.096155 
549 -0.937899 
550 0.785955 
551 1.841065 
552 1.441501 
553 1.279748 
554 -0.647706 
555 2.205700 
556 1.825206 
557 1.538511 
558 1.124678 
559 0.684185 
560 -0.845053 
561 1.779007 
562 2.481217 
563 -0.745305 
564 -0.745774 
565 1.845402 
566 1.205787 
567 1.944066 
568 0.919228 
569 1.422739 
570 1.554930 
571 1.497318 
572 1.430379 
573 -2.537705 
574 1.193339 
575 1.496318 
576 1.888553 
577 -0.978322 
578 1.119959 
579 1.901191 
580 1.110114 
581 2.082297 
582 1.579988 
583 0.000231 
584 0.873260 
585 1.236417 
586 1.570021 
587 1.685713 
588 1.803455 
589 -0.924378 
590 2.348376 
591 0.281993 
592 0.734825 
593 1.802325 
594 1.592308 
595 1.111402 
596 -0.669139 
597 -0.431539 
598 1.987278 
599 2.329668 
600 1.661543 
601 1.029347 
602 1.099693 
603 1.554361 
604 -0.322239 
605 -0.750402 
606 1.906136 
607 2.276770 
608 1.634093 
609 1.520504 
610 -1.049720 
611 1.837844 
612 0.347736 
613 1.806206 
614 -0.394296 
615 2.298188 
616 -1.774985 
617 1.726303 
618 2.419255 
619 -0.790950 
620 1.346023 
621 1.400702 
622 0.440485 
623 1.924344 
624 2.170341 
625 -0.839640 
626 2.142971 
627 -0.559551 
628 1.598564 
629 -1.130888 
630 1.574528 
631 1.751136 
632 -1.185153 
633 -0.559379 
634 2.179086 
635 2.122810 
636 -0.827515 
637 1.763626 
638 1.652171 
639 1.614172 
640 0.647319 
641 -0.521476 
642 2.396194 
643 1.600752 
644 1.833596 
645 -0.571936 
646 1.265419 
647 1.871999 
648 1.657235 
649 1.587371 
650 0.208513 
651 1.671725 
652 -0.456580 
653 2.303985 
654 1.901295 
655 -1.193388 
656 1.662307 
657 1.066374 
658 0.754624 
659 1.890696 
660 0.233866 
661 1.894290 
662 1.314407 
663 1.624309 
664 1.179205 
665 1.836970 
666 1.797899 
667 -0.635341 
668 1.257316 
669 0.912870 
670 1.198330 
671 1.990169 
672 -0.765204 
673 2.313841 
674 -0.981931 
675 1.993618 
676 -0.401803 
677 0.499806 
678 2.106060 
679 2.039776 
680 2.175718 
681 -0.571491 
682 2.169607 
683 -0.452366 
684 -0.964830 
685 1.814320 
686 1.261791 
687 1.829490 
688 2.046978 
689 2.223250 
690 0.173889 
691 -0.475359 
692 -0.551767 
693 2.289912 
694 -0.686718 
695 2.060009 
696 1.566938 
697 1.823960 
698 0.158399 
699 1.455979 
700 1.192801 
701 1.486942 
702 1.422072 
703 1.274709 
704 1.967436 
705 -0.910729 
706 1.630278 
707 1.339406 
708 1.893528 
709 1.497154 
710 -0.836047 
711 1.592125 
712 1.597645 
713 1.229122 
714 -0.775165 
715 2.019420 
716 -0.665507 
717 2.181851 
718 -0.643136 
719 2.178424 
720 -0.816242 
721 1.042489 
722 1.426630 
723 2.301270 
724 2.254989 
725 0.750065 
726 1.761289 
727 -0.773892 
728 -1.472758 
729 -0.599972 
730 -0.863312 
731 3.135477 
732 1.883743 
733 1.482092 
734 1.517613 
735 -1.225689 
736 1.848880 
737 1.544268 
738 -1.250561 
739 1.533399 
740 1.893041 
741 2.332546 
742 -0.581124 
743 -0.827486 
744 1.927480 
745 1.721265 
746 -0.327348 
747 1.323782 
748 1.635980 
749 0.274401 
750 1.312935 
751 1.736454 
752 -0.027459 
753 2.860282 
754 -1.034069 
755 1.427368 
756 0.084351 
757 1.210375 
758 2.222020 
759 1.259162 
760 1.118423 
761 0.854901 
762 1.567220 
763 1.718248 
764 1.615457 
765 -0.400508 
766 1.520894 
767 1.929966 
768 1.517113 
769 -0.307000 
770 1.831443 
771 1.639828 
772 1.127435 
773 1.950201 
774 1.731320 
775 -0.189880 
776 1.960241 
777 0.374272 
778 2.090700 
779 0.211191 
780 -0.666645 
781 2.085763 
782 -1.030823 
783 2.214284 
784 1.251110 
785 1.492215 
786 1.937020 
787 0.285690 
788 1.866578 
789 1.729313 
790 -0.857353 
791 1.322786 
792 1.165672 
793 1.243364 
794 1.723492 
795 1.190196 
796 1.973329 
797 1.749892 
798 0.027907 
799 1.088069 
800 1.044249 
801 1.643265 
802 -1.623330 
803 1.893943 
804 -1.014865 
805 1.770797 
806 1.209422 
807 1.906815 
808 -0.020143 
809 2.124922 
810 -0.463796 
811 2.094314 
812 1.164881 
813 0.635369 
814 1.236781 
815 2.080809 
816 1.367748 
817 1.863737 
818 1.535608 
819 -1.017470 
820 1.990991 
821 1.898495 
822 -0.411247 
823 0.691692 
824 1.661196 
825 -1.055521 
826 1.475250 
827 1.716945 
828 -0.744514 
829 1.174736 
830 1.911162 
831 1.884073 
832 1.820211 
833 -0.825961 
834 1.402097 
835 1.691501 
836 1.812960 
837 1.065617 
838 1.728922 
839 0.575951 
840 1.352419 
841 2.143220 
842 -1.173636 
843 1.364476 
844 2.175217 
845 -0.611695 
846 -0.268127 
847 2.157901 
848 1.455956 
849 1.582424 
850 1.893118 
851 -0.884029 
852 -0.751417 
853 -1.043797 
854 2.430967 
855 1.948136 
856 1.740315 
857 0.493294 
858 0.870861 
859 1.991189 
860 1.642181 
861 1.280888 
862 2.008892 
863 -1.234016 
864 -0.829058 
865 2.345088 
866 -1.103725 
867 1.987027 
868 1.466603 
869 1.802572 
870 0.520318 
871 1.459762 
872 2.235721 
873 -0.899058 
874 2.102478 
875 -0.646054 
876 2.147708 
877 -0.903073 
878 0.334658 
879 2.067186 
880 1.587742 
881 1.758228 
882 1.615193 
883 -1.290727 
884 1.048487 
885 1.000543 
886 1.743087 
887 1.560104 
888 -0.965104 
889 1.531088 
890 1.775136 
891 1.661096 
892 -0.855831 
893 1.863562 
894 1.575886 
895 1.509488 
896 2.082865 
897 -0.759475 
898 2.397336 
899 -0.635287 
900 1.421848 
901 -0.749148 
902 1.816424 
903 1.852885 
904 2.068170 
905 2.291790 
906 -0.492416 
907 -1.179978 
908 -0.605009 
909 0.608190 
910 1.889573 
911 2.214910 
912 2.083222 
913 2.279282 
914 -0.870390 
915 -0.507996 
916 2.431136 
917 1.517245 
918 -0.738428 
919 0.770162 
920 2.055629 
921 0.764390 
922 1.979652 
923 -0.797962 
924 -1.385347 
925 1.509616 
926 1.098696 
927 2.186159 
928 2.381731 
929 -0.823739 
930 -0.759590 
931 1.941583 
932 1.509022 
933 1.041959 
934 0.358582 
935 2.075818 
936 1.016151 
937 1.764214 
938 1.259962 
939 1.262287 
940 -0.219389 
941 1.920006 
942 2.265681 
943 0.240349 
944 1.706831 
945 -1.158948 
946 -0.373507 
947 2.547507 
948 1.735112 
949 0.406200 
950 0.854698 
951 1.987468 
952 -0.738336 
953 -0.871415 
954 1.994304 
955 2.289266 
956 0.451241 
957 -0.769011 
958 1.786305 
959 2.309314 
960 1.437533 
961 1.590305 
962 -0.970057 
963 1.992216 
964 1.907182 
965 1.834654 
966 -1.149479 
967 1.067400 
968 2.051570 
969 2.168001 
970 0.130134 
971 -0.914017 
972 1.429794 
973 2.027987 
974 1.593667 
975 -1.065724 
976 0.769522 
977 1.699217 
978 2.086032 
979 0.217731 
980 1.638399 
981 1.617207 
982 -0.955108 
983 1.738528 
984 -1.057278 
985 1.177087 
986 1.376969 
987 2.267280 
988 2.662364 
989 -1.648738 
990 -1.388493 
991 1.378221 
992 2.279471 
993 2.160493 
994 -1.058862 
995 -0.680719 
996 1.507046 
997 -0.865863 
998 1.223341 
999 2.087490 
1000 -0.906231 
1001 -0.959736 
1002 1.502857 
1003 2.759424 
1004 2.016024 
1005 2.086565 
1006 -1.065528 
1007 0.971514 
1008 -0.738501 
1009 1.987153 
1010 2.337714 
1011 -0.983368 
1012 2.134837 
1013 0.565438 
1014 -1.094900 
1015 1.882990 
1016 2.517231 
1017 -0.716264 
1018 1.863364 
1019 -0.991001 
1020 1.780558 
1021 -0.954228 
1022 1.459314 
1023 1.726162 
1024 1.432161 
1025 -0.979087 
1026 1.415788 
1027 2.047587 
1028 1.176924 
1029 1.661390 
1030 1.539474 
1031 0.946530 
1032 1.104889 
1033 2.885818 
1034 -0.945045 
1035 -0.695232 
1036 1.096375 
1037 1.264790 
1038 1.822634 
1039 1.020624 
1040 0.838189 
1041 2.023056 
1042 1.206881 
1043 1.347543 
1044 1.966831 
1045 -0.816256 
1046 -0.650445 
1047 2.357674 
1048 2.133396 
1049 -0.714943 
1050 -0.698148 
1051 2.104368 
1052 0.941852 
1053 1.188697 
1054 1.145325 
1055 1.985126 
1056 1.657133 
1057 1.711927 
1058 1.404570 
1059 -1.101812 
1060 1.236563 
1061 1.687930 
1062 -0.059703 
1063 1.884277 
1064 -1.320531 
1065 1.726949 
1066 1.244160 
1067 1.885690 
1068 -0.604158 
1069 2.290302 
1070 2.072726 
1071 -0.811930 
1072 1.605329 
1073 1.582334 
1074 0.941828 
1075 1.241402 
1076 0.389227 
1077 1.863250 
1078 1.070106 
1079 1.752817 
1080 2.086157 
1081 1.937095 
1082 -0.772609 
1083 0.453107 
1084 1.309453 
1085 1.758725 
1086 1.651002 
1087 0.336109 
1088 1.762007 
1089 0.661882 
1090 1.448126 
1091 1.319082 
1092 2.052423 
1093 -0.849229 
1094 -0.301073 
1095 2.286164 
1096 2.035916 
1097 -0.908587 
1098 0.652596 
1099 2.078566 
1100 -0.866251 
1101 2.314338 
1102 -0.836293 
1103 2.013463 
1104 1.616869 
1105 1.837282 
1106 -0.874314 
1107 1.462888 
1108 2.122533 
1109 1.134237 
1110 -0.977137 
1111 1.544925 
1112 1.296274 
1113 -1.040831 
1114 1.131973 
1115 2.396212 
1116 -0.058980 
1117 1.453170 
1118 1.856592 
1119 1.583868 
1120 -1.189058 
1121 0.178516 
1122 3.093132 
1123 -1.075375 
1124 2.166907 
1125 -0.973073 
1126 1.084856 
1127 1.648079 
1128 -0.821650 
1129 2.012910 
1130 1.397841 
1131 1.477588 
1132 1.396397 
1133 1.219498 
1134 1.189163 
1135 1.579427 
1136 -0.042770 
1137 1.096761 
1138 2.019989 
1139 1.804045 
1140 1.709878 
1141 -0.840769 
1142 2.284875 
1143 0.839044 
1144 1.873724 
1145 1.675970 
1146 -1.100375 
1147 1.323160 
1148 1.383742 
1149 1.716107 
1150 1.359821 
1151 0.823999 
1152 -0.651219 
1153 2.124389 
1154 2.144158 
1155 -1.068827 
1156 0.848622 
1157 2.144958 
1158 -1.301192 
1159 1.643893 
1160 1.291494 
1161 2.173772 
1162 1.225240 
1163 -1.422801 
1164 1.192784 
1165 2.093450 
1166 0.221473 
1167 1.361378 
1168 1.858555 
1169 1.587939 
1170 1.509391 
1171 -0.681555 
1172 0.389423 
1173 1.542871 
1174 1.337291 
1175 1.827591 
1176 1.453667 
1177 1.461594 
1178 0.458301 
1179 1.697884 
1180 -0.746424 
1181 2.331761 
1182 -1.083841 
1183 1.887038 
1184 2.229928 
1185 -1.202943 
1186 1.538988 
1187 1.032925 
1188 1.269756 
1189 1.966936 
1190 1.263234 
1191 0.559261 
1192 1.366722 
1193 1.933651 
1194 1.508426 
1195 -1.132244 
1196 0.853701 
1197 2.209101 
1198 1.646439 
1199 -1.063113 
1200 -1.199518 
1201 1.242252 
1202 1.803493 
1203 1.740976 
1204 -1.045509 
1205 1.975155 
1206 1.579936 
1207 1.380154 
1208 -0.799797 
1209 1.742655 
1210 1.610659 
1211 1.368898 
1212 -0.968586 
1213 1.694113 
1214 1.374480 
1215 1.775596 
1216 2.132833 
1217 1.509430 
1218 0.377698 
1219 0.902330 
1220 0.648875 
1221 2.103738 
1222 1.957906 
1223 -0.472661 
1224 0.776618 
1225 1.332031 
1226 1.597775 
1227 1.585847 
1228 1.522984 
1229 1.382071 
1230 1.976366 
1231 -0.674173 
1232 1.541742 
1233 2.009036 
1234 1.281986 
1235 -1.118106 
1236 1.767555 
1237 0.234095 
1238 1.344792 
1239 1.722106 
1240 1.534088 
1241 1.510151 
1242 1.862890 
1243 -0.843961 
1244 1.934426 
1245 1.662488 
1246 0.942906 
1247 -1.511200 
1248 1.420959 
1249 2.040670 
1250 -0.722015 
1251 1.375132 
1252 1.752033 
1253 -1.107141 
1254 1.500285 
1255 1.689755 
1256 1.670869 
1257 1.354698 
1258 1.764982 
1259 0.268277 
1260 -0.699269 
1261 1.215229 
1262 1.642818 
1263 1.998844 
1264 0.126472 
1265 1.594748 
1266 1.241495 
1267 1.926648 
1268 1.093676 
1269 1.656176 
1270 1.033916 
1271 1.534028 
1272 0.664664 
1273 2.173537 
1274 1.629479 
1275 0.528665 
1276 -0.760020 
1277 1.466021 
1278 1.698162 
1279 1.869969 
1280 1.951289 
1281 1.254232 
1282 1.720178 
1283 -0.941799 
1284 1.289173 
1285 2.067773 
1286 -0.966504 
1287 1.564141 
1288 -0.231331 
1289 1.127479 
1290 1.874935 
1291 1.915211 
1292 2.452384 
1293 -0.153969 
1294 1.735084 
1295 -0.583273 
1296 0.951067 
1297 1.306547 
1298 -0.027030 
1299 2.355460 
1300 0.453163 
1301 2.230382 
1302 1.528085 
1303 0.479574 
1304 2.195024 
1305 2.054113 
1306 -1.045648 
1307 -1.106976 
1308 1.665684 
1309 1.821191 
1310 -0.353215 
1311 1.536712 
1312 -0.766545 
1313 1.001081 
1314 1.851450 
1315 2.047293 
1316 1.201053 
1317 1.652189 
1318 1.750882 
1319 0.706335 
1320 -0.177955 
1321 3.491582 
1322 -0.249404 
1323 -0.697430 
1324 1.840210 
1325 0.401480 
1326 1.632449 
1327 1.203870 
1328 1.889073 
1329 0.358145 
1330 1.755031 
1331 1.057859 
1332 1.758395 
1333 0.462229 
1334 0.910509 
1335 1.890166 
1336 1.877220 
1337 1.982551 
1338 -0.831472 
1339 0.903529 
1340 1.113932 
1341 2.173317 
1342 1.523285 
1343 -1.002542 
1344 0.935017 
1345 2.243301 
1346 0.974056 
1347 0.824941 
1348 1.479087 
1349 1.728469 
1350 1.456045 
1351 0.490113 
1352 2.180181 
1353 -1.007861 
1354 1.939534 
1355 0.403704 
1356 0.884030 
1357 -1.039468 
1358 1.767249 
1359 2.105367 
1360 -1.193460 
1361 -0.575773 
1362 2.291277 
1363 2.051446 
1364 1.148862 
1365 1.714867 
1366 -0.389449 
1367 2.031173 
1368 1.796723 
1369 1.649463 
1370 -1.093723 
1371 1.400936 
1372 -0.571562 
1373 -1.555985 
1374 -0.171103 
1375 3.252218 
1376 -1.035392 
1377 2.065145 
1378 2.242229 
1379 -0.577216 
1380 0.270263 
1381 1.928222 
1382 1.755996 
1383 0.987766 
1384 1.942958 
1385 -0.820979 
1386 -0.742716 
1387 2.387787 
1388 0.637571 
1389 0.357238 
1390 1.758584 
1391 2.092797 
1392 1.437243 
1393 2.093069 
1394 1.452616 
1395 -0.886352 
1396 1.946666 
1397 1.448616 
1398 -1.566682 
1399 1.486834 
1400 1.383147 
1401 1.857046 
1402 1.717697 
1403 -0.191983 
1404 -1.463140 
1405 1.600377 
1406 1.802158 
1407 1.366798 
1408 1.715547 
1409 -0.711279 
1410 2.078954 
1411 1.049478 
1412 -0.756931 
1413 2.397654 
1414 1.936975 
1415 -0.425539 
1416 2.496197 
1417 0.150474 
1418 1.509939 
1419 -0.012794 
1420 2.052450 
1421 2.217802 
1422 -0.931100 
1423 -0.818784 
1424 -1.070254 
1425 2.210991 
1426 2.101784 
1427 -0.867001 
1428 -0.001492 
1429 2.072063 
1430 1.639228 
1431 1.067639 
1432 1.292155 
1433 2.095997 
1434 0.720638 
1435 0.933074 
1436 -0.890920 
1437 1.168351 
1438 1.118495 
1439 2.502545 
1440 -1.044223 
1441 1.222837 
1442 0.730759 
1443 2.572408 
1444 2.104076 
1445 2.131934 
