1446 1
0 1.919369 
1 -2.268001 
2 -2.306560 
3 -2.057406 
4 -2.267288 
5 0.718577 
6 -0.317015 
7 -2.108195 
8 -1.802145 
9 0.934097 
10 -1.779585 
11 -1.472185 
12 -2.128881 
13 1.846736 
14 -2.739400 
15 -1.339749 
16 -0.992932 
17 -2.328263 
18 0.005218 
19 -0.986804 
20 -1.330119 
21 -2.384319 
22 0.100100 
23 -0.271607 
24 -0.272194 
25 -1.456576 
26 -1.516145 
27 -1.467175 
28 -0.890591 
29 -2.540121 
30 0.818737 
31 -1.487919 
32 -1.200551 
33 -1.927106 
34 -1.620014 
35 0.302404 
36 -0.345542 
37 -1.740327 
38 -0.841239 
39 -1.653795 
40 -1.248004 
41 -0.920239 
42 -0.983472 
43 -1.651935 
44 -1.244624 
45 -1.734187 
46 0.147079 
47 -1.563363 
48 -0.891806 
49 -1.371706 
50 -1.331921 
51 -1.174230 
52 -1.671899 
53 -0.564755 
54 -0.918508 
55 -1.047426 
56 0.531757 
57 -1.551200 
58 -1.700065 
59 -1.188827 
60 -2.384061 
61 0.112327 
62 -1.101034 
63 -0.720092 
64 -1.050574 
65 -1.358462 
66 -1.527576 
67 -0.167177 
68 -1.818684 
69 0.968946 
70 -1.051674 
71 -1.553768 
72 -1.912130 
73 -1.413819 
74 0.523668 
75 -1.122235 
76 -1.841749 
77 0.247113 
78 -1.774229 
79 -0.840063 
80 0.304391 
81 -0.394783 
82 -2.121289 
83 -1.679876 
84 0.959311 
85 -1.603055 
86 0.250303 
87 -2.429057 
88 -0.688785 
89 0.569558 
90 -1.100905 
91 -2.643685 
92 -1.233608 
93 -1.063738 
94 -1.160473 
95 -1.161257 
96 0.818791 
97 -1.648805 
98 -1.753250 
99 -1.416512 
100 -0.741212 
101 -1.138785 
102 -1.387205 
103 -1.480290 
104 -2.093554 
105 -2.100879 
106 0.141816 
107 0.479827 
108 -2.086955 
109 0.723511 
110 -0.165622 
111 -2.323392 
112 -1.746788 
113 -1.496820 
114 0.703895 
115 -1.457268 
116 0.587074 
117 0.565253 
118 -2.035350 
119 -2.435452 
120 0.355032 
121 -2.390173 
122 -1.129449 
123 -1.246793 
124 0.713652 
125 -1.126051 
126 -1.021918 
127 -1.965962 
128 -1.435326 
129 -1.363999 
130 -1.158421 
131 0.247956 
132 4.705455 
133 -1.824402 
134 0.062901 
135 -0.479921 
136 -1.403010 
137 -0.120642 
138 -0.637450 
139 -1.848503 
140 0.585212 
141 -1.976589 
142 0.053363 
143 -1.997037 
144 0.314496 
145 -0.866048 
146 -1.880824 
147 -1.760538 
148 -0.865519 
149 -1.741432 
150 -1.895177 
151 -0.163276 
152 -1.527294 
153 -2.125130 
154 -1.145530 
155 0.561448 
156 -1.463146 
157 -1.042117 
158 -0.087747 
159 -1.831041 
160 -1.191214 
161 -1.817545 
162 0.473868 
163 -1.524847 
164 0.194810 
165 -0.091505 
166 -2.194861 
167 -1.624927 
168 0.010425 
169 -1.783205 
170 -1.202278 
171 -1.492847 
172 -1.807866 
173 -0.679921 
174 -1.713504 
175 0.483091 
176 0.699449 
177 -1.542767 
178 -1.845507 
179 -1.297841 
180 -1.520311 
181 -1.617845 
182 -1.238992 
183 0.330718 
184 -1.191190 
185 -1.644773 
186 -1.036092 
187 -0.492708 
188 -0.946322 
189 -1.254287 
190 -1.368422 
191 -1.133539 
192 0.391930 
193 -1.684740 
194 -2.152969 
195 0.008806 
196 -2.134670 
197 -1.144301 
198 -0.614509 
199 -0.103195 
200 -1.051867 
201 0.173361 
202 -1.763368 
203 -1.579662 
204 -1.903312 
205 -1.329709 
206 -1.290382 
207 0.130901 
208 -1.524689 
209 -0.977929 
210 -1.369014 
211 -1.023590 
212 0.340732 
213 -2.287694 
214 -0.878146 
215 -1.380949 
216 0.389025 
217 -1.877915 
218 -0.815685 
219 -1.500710 
220 -0.579800 
221 -0.809358 
222 -1.283369 
223 -1.603439 
224 -1.218340 
225 -1.524849 
226 -1.106366 
227 -0.814957 
228 -2.049714 
229 0.854409 
230 -1.667149 
231 -1.054207 
232 -1.349120 
233 0.124855 
234 -2.077404 
235 -0.461459 
236 0.173940 
237 -1.571157 
238 -1.738078 
239 -1.069317 
240 -0.627799 
241 -1.326108 
242 -1.789872 
243 -0.490797 
244 -1.817881 
245 0.402133 
246 -1.759048 
247 -1.274042 
248 -2.273250 
249 -0.002020 
250 -1.695087 
251 0.182499 
252 -0.059301 
253 -0.765326 
254 -0.771243 
255 -2.223394 
256 -1.162694 
257 -1.847803 
258 -0.763545 
259 -0.486255 
260 0.641265 
261 -1.354109 
262 -2.008174 
263 -0.985936 
264 -1.730366 
265 -0.313087 
266 -1.148046 
267 -1.425236 
268 -0.738069 
269 -1.877455 
270 -1.764970 
271 0.051514 
272 0.659277 
273 -1.248834 
274 -1.258495 
275 -2.269372 
276 -0.169280 
277 -2.164528 
278 -1.746047 
279 0.198367 
280 -1.414880 
281 -0.848145 
282 -1.967076 
283 0.497114 
284 -1.233780 
285 -0.196122 
286 -1.556708 
287 -1.002683 
288 -0.509067 
289 -0.903403 
290 -1.455964 
291 -1.865998 
292 -1.567823 
293 -1.101210 
294 0.702025 
295 -2.220410 
296 -1.708861 
297 0.463777 
298 -1.468708 
299 -1.464335 
300 -0.048392 
301 -2.029974 
302 0.257479 
303 -1.704559 
304 -1.129154 
305 -1.333202 
306 -0.251817 
307 -1.596880 
308 -0.420670 
309 -2.113078 
310 -0.293107 
311 -1.013024 
312 3.652815 
313 -0.591505 
314 -0.378780 
315 -1.848872 
316 -0.184962 
317 -2.230140 
318 0.153390 
319 -1.779905 
320 -1.402939 
321 -1.290976 
322 0.157729 
323 -1.481121 
324 -2.012587 
325 -1.372267 
326 -1.554920 
327 0.717774 
328 -1.758687 
329 -1.828140 
330 -1.798541 
331 0.808984 
332 0.824655 
333 -1.312606 
334 -0.837717 
335 -2.270859 
336 -1.021506 
337 -1.382906 
338 -0.351886 
339 -1.676134 
340 -1.354958 
341 -1.496970 
342 0.302790 
343 -1.755227 
344 -2.002514 
345 -1.933637 
346 -0.535054 
347 -0.050081 
348 -1.481673 
349 0.544704 
350 -0.739516 
351 -2.286841 
352 -1.796492 
353 -0.644971 
354 -1.084112 
355 -1.208470 
356 -1.389213 
357 0.071920 
358 -1.582570 
359 -1.329203 
360 -1.424410 
361 0.010075 
362 -0.948867 
363 -1.310814 
364 -1.807764 
365 -1.319967 
366 -1.524104 
367 0.388543 
368 -0.773516 
369 -0.511074 
370 -1.747673 
371 -1.686687 
372 -1.153929 
373 -0.945945 
374 -1.920542 
375 -0.081909 
376 -1.101080 
377 -0.697443 
378 -1.356678 
379 -1.217678 
380 -0.877233 
381 -1.893780 
382 -1.559445 
383 0.645604 
384 -0.761484 
385 -2.022104 
386 -1.469764 
387 0.374425 
388 -0.717929 
389 -1.819214 
390 0.292850 
391 -1.808627 
392 -1.110140 
393 -1.749979 
394 -1.028279 
395 -0.162644 
396 0.766384 
397 -1.508914 
398 -1.401181 
399 -1.540148 
400 -1.334887 
401 0.561229 
402 -1.506376 
403 -1.573169 
404 -1.296955 
405 0.207376 
406 -1.446558 
407 -1.406510 
408 0.570042 
409 -1.562233 
410 -1.688700 
411 -1.447218 
412 -0.584996 
413 -1.050907 
414 -2.208997 
415 0.119265 
416 -1.973721 
417 -1.851772 
418 -0.669461 
419 0.368902 
420 -1.502638 
421 0.529920 
422 -1.443018 
423 -1.616186 
424 -0.624527 
425 -0.405787 
426 -2.367626 
427 -0.200336 
428 -1.236756 
429 0.384939 
430 -1.988772 
431 -1.054300 
432 -0.917172 
433 -1.737543 
434 -1.386352 
435 -0.382671 
436 -1.628651 
437 -0.826137 
438 -1.623775 
439 -0.291952 
440 -2.258209 
441 -0.252237 
442 -1.195439 
443 -0.001576 
444 -0.348607 
445 -2.092309 
446 -1.361812 
447 0.195122 
448 -1.696620 
449 0.883600 
450 -1.339844 
451 -1.955748 
452 -1.724415 
453 -1.670269 
454 -0.412431 
455 -0.100153 
456 -0.466844 
457 -2.015328 
458 0.243569 
459 -1.637332 
460 -1.779137 
461 -1.117378 
462 -0.951456 
463 0.058051 
464 -1.818043 
465 -0.088651 
466 -0.420918 
467 -1.470809 
468 -1.368224 
469 -0.475363 
470 -0.621018 
471 -1.656787 
472 -1.039934 
473 -1.096942 
474 -1.209846 
475 -1.214739 
476 -1.593891 
477 -0.780862 
478 -0.815827 
479 -1.427130 
480 -1.613690 
481 -1.472643 
482 -1.687653 
483 0.789034 
484 0.494638 
485 -1.799207 
486 -1.771939 
487 -0.634361 
488 -1.643514 
489 0.777149 
490 -2.139116 
491 -1.198313 
492 -0.645396 
493 -1.653732 
494 -1.384268 
495 -0.811572 
496 -1.366833 
497 -0.610299 
498 -1.179158 
499 -1.295320 
500 -1.263686 
501 -0.716786 
502 -1.837329 
503 -0.379637 
504 -1.336595 
505 -1.101658 
506 -0.345312 
507 -1.794851 
508 -1.547405 
509 -2.033655 
510 0.229517 
511 -0.846706 
512 -1.007996 
513 -1.554824 
514 -0.362933 
515 -1.493354 
516 -1.057060 
517 -1.671611 
518 -1.660294 
519 0.513866 
520 0.410020 
521 -1.807714 
522 -1.970564 
523 -0.518465 
524 -1.755376 
525 -0.271257 
526 0.484247 
527 -1.914831 
528 -0.581712 
529 -2.038285 
530 -1.132029 
531 -0.360135 
532 -1.443187 
533 -1.112617 
534 -1.281600 
535 -0.452548 
536 -1.400663 
537 -1.686471 
538 0.211532 
539 -1.101048 
540 0.515441 
541 -1.765273 
542 -1.795539 
543 -1.136073 
544 -0.110047 
545 -2.115801 
546 0.537504 
547 -1.801525 
548 -1.892820 
549 0.188063 
550 -0.668643 
551 -1.500341 
552 -1.184698 
553 -0.958324 
554 -0.009387 
555 -1.986123 
556 -1.397025 
557 -1.161716 
558 -1.079242 
559 -0.778234 
560 -0.023333 
561 -1.812068 
562 -1.946851 
563 0.194589 
564 0.235547 
565 -2.012449 
566 -0.885600 
567 -1.408951 
568 -0.878091 
569 -1.126651 
570 -1.273732 
571 -1.186505 
572 -1.388900 
573 3.324494 
574 -1.012849 
575 -1.538987 
576 -1.769984 
577 0.272619 
578 -1.036065 
579 -1.500443 
580 -0.993681 
581 -1.623394 
582 -1.490228 
583 -0.164349 
584 -0.947767 
585 -0.502485 
586 -1.530968 
587 -1.431753 
588 -1.453952 
589 0.134736 
590 -1.886000 
591 -0.614916 
592 -0.768226 
593 -0.748481 
594 -1.701229 
595 -1.172640 
596 -0.178674 
597 -0.687402 
598 -1.438153 
599 -1.698596 
600 -1.297009 
601 -1.220286 
602 -0.591381 
603 -1.320386 
604 -0.246506 
605 -0.151432 
606 -1.860029 
607 -1.504897 
608 -1.459653 
609 -1.166471 
610 0.680998 
611 -1.920848 
612 -0.807650 
613 -1.132060 
614 -0.160613 
615 -1.920158 
616 1.038894 
617 -1.594185 
618 -2.588468 
619 0.309595 
620 -1.178945 
621 -0.972754 
622 -0.354429 
623 -1.868389 
624 -1.596038 
625 -0.300983 
626 -1.847907 
627 -0.114637 
628 -1.882054 
629 0.715889 
630 -1.196513 
631 -1.443229 
632 0.689546 
633 -0.404070 
634 -2.113510 
635 -1.707313 
636 0.563902 
637 -1.578099 
638 -1.537494 
639 -1.347501 
640 -0.881072 
641 -0.187056 
642 -1.596275 
643 -1.402789 
644 -1.601178 
645 0.098879 
646 -1.181536 
647 -1.555673 
648 -1.625184 
649 -1.277535 
650 -0.124131 
651 -1.458717 
652 -0.132970 
653 -2.061398 
654 -1.774107 
655 0.559287 
656 -1.141900 
657 -1.218533 
658 -0.602307 
659 -1.613856 
660 -0.088989 
661 -1.424038 
662 -1.480832 
663 -1.307451 
664 -0.939554 
665 -1.668243 
666 -1.305416 
667 -0.231272 
668 -0.834296 
669 -0.639694 
670 -0.914509 
671 -1.973037 
672 0.208641 
673 -2.115381 
674 0.334880 
675 -1.910099 
676 0.106483 
677 -0.357908 
678 -2.097233 
679 -1.702012 
680 -1.497675 
681 -0.083129 
682 -1.802991 
683 -0.492847 
684 0.322875 
685 -1.323338 
686 -1.527033 
687 -1.429878 
688 -1.897837 
689 -1.262708 
690 -0.887229 
691 -0.037370 
692 -0.091341 
693 -2.052711 
694 -0.126163 
695 -1.459877 
696 -1.211669 
697 -1.482114 
698 -0.729841 
699 -0.979853 
700 -1.167853 
701 -0.860112 
702 -1.009960 
703 -1.443709 
704 -1.687142 
705 0.473157 
706 -1.415220 
707 -1.289999 
708 -1.561383 
709 -1.372656 
710 0.013766 
711 -1.355315 
712 -1.087653 
713 -1.632663 
714 -0.317364 
715 -1.089923 
716 -0.192568 
717 -1.825961 
718 -0.640280 
719 -1.395494 
720 -0.023025 
721 -1.126028 
722 -1.094312 
723 -1.821048 
724 -1.788223 
725 -0.408487 
726 -1.638837 
727 -0.223462 
728 0.139397 
729 -0.689452 
730 -0.455736 
731 -2.512220 
732 -1.652323 
733 -1.303591 
734 -1.487789 
735 0.769391 
736 -1.449187 
737 -1.817772 
738 0.719432 
739 -1.271516 
740 -1.808403 
741 -1.566882 
742 -0.327385 
743 -0.110802 
744 -1.228327 
745 -1.233068 
746 -0.317075 
747 -1.483066 
748 -1.305639 
749 -0.707864 
750 -1.245109 
751 -1.102034 
752 -0.238218 
753 -2.191483 
754 0.055516 
755 -1.504404 
756 -0.464645 
757 -1.158766 
758 -1.726386 
759 -0.911219 
760 -0.820544 
761 -0.816076 
762 -1.095589 
763 -1.685781 
764 -0.764262 
765 0.121672 
766 -1.356514 
767 -2.138800 
768 -1.716030 
769 0.194851 
770 -1.513067 
771 -1.062855 
772 -1.052768 
773 -1.447597 
774 -1.287293 
775 -0.494545 
776 -1.765441 
777 -0.297759 
778 -1.782447 
779 -0.289500 
780 -0.065888 
781 -2.031423 
782 0.469999 
783 -1.784715 
784 -0.853829 
785 -1.156096 
786 -1.667619 
787 -0.695957 
788 -1.517481 
789 -1.381874 
790 0.337648 
791 -1.294911 
792 -0.934829 
793 -1.020215 
794 -1.415883 
795 -0.989195 
796 -1.150957 
797 -1.184213 
798 -0.369674 
799 -1.537237 
800 -0.865858 
801 -1.609785 
802 1.012522 
803 -1.944768 
804 0.565030 
805 -1.586095 
806 -1.022061 
807 -1.761718 
808 -0.560112 
809 -1.730523 
810 -0.424394 
811 -1.274992 
812 -0.843691 
813 -1.142787 
814 -0.979557 
815 -1.514099 
816 -1.267429 
817 -1.341528 
818 -1.594142 
819 0.551094 
820 -1.321580 
821 -1.337516 
822 -0.320538 
823 -1.173202 
824 -1.678992 
825 0.456749 
826 -1.327172 
827 -1.154678 
828 0.333228 
829 -1.265045 
830 -1.803769 
831 -1.317520 
832 -1.421629 
833 -0.162314 
834 -1.068256 
835 -1.495617 
836 -1.186193 
837 -1.409019 
838 -0.980429 
839 -0.715087 
840 -1.319284 
841 -1.877399 
842 0.413663 
843 -1.057316 
844 -1.570998 
845 -0.064274 
846 -0.867723 
847 -1.440932 
848 -1.418134 
849 -1.353888 
850 -1.566998 
851 0.396296 
852 0.137232 
853 0.432400 
854 -2.106510 
855 -1.879493 
856 -1.293236 
857 -0.471186 
858 -0.427309 
859 -2.082420 
860 -1.645876 
861 -1.399029 
862 -1.552957 
863 0.758202 
864 -0.172572 
865 -1.949084 
866 0.293001 
867 -1.880401 
868 -1.426232 
869 -1.532952 
870 -0.708272 
871 -0.737878 
872 -2.191001 
873 0.650149 
874 -1.881103 
875 0.130137 
876 -1.879178 
877 0.133661 
878 -0.064901 
879 -1.911238 
880 -1.342194 
881 -1.759738 
882 -1.368812 
883 0.588211 
884 -1.310961 
885 -0.563458 
886 -1.329638 
887 -1.228501 
888 0.622144 
889 -1.247431 
890 -1.406447 
891 -1.754889 
892 -0.193514 
893 -1.825754 
894 -0.963337 
895 -1.223990 
896 -1.716735 
897 0.035981 
898 -1.782462 
899 -0.386041 
900 -0.667742 
901 0.082208 
902 -1.843462 
903 -1.767856 
904 -1.840538 
905 -2.098263 
906 -0.170386 
907 0.807473 
908 -0.086327 
909 -1.100511 
910 -1.136635 
911 -1.756229 
912 -1.885365 
913 -1.647033 
914 -0.040527 
915 -0.364734 
916 -1.921291 
917 -1.432317 
918 -0.169663 
919 -0.509891 
920 -1.903376 
921 -0.722026 
922 -1.603084 
923 0.278733 
924 0.643952 
925 -1.582393 
926 -1.026174 
927 -1.843973 
928 -1.908098 
929 -0.061963 
930 0.093927 
931 -1.813208 
932 -1.325999 
933 -0.874670 
934 -0.592848 
935 -1.515635 
936 -0.983988 
937 -1.153987 
938 -1.106590 
939 -1.175400 
940 -0.176182 
941 -1.482629 
942 -1.563300 
943 -0.997099 
944 -1.462947 
945 0.287014 
946 -0.693865 
947 -1.878564 
948 -1.666161 
949 -0.608021 
950 -0.704312 
951 -1.355872 
952 0.110318 
953 0.166610 
954 -1.869063 
955 -1.918768 
956 -0.741219 
957 0.100923 
958 -1.371659 
959 -1.941947 
960 -1.323612 
961 -1.243322 
962 0.581527 
963 -1.941617 
964 -1.998711 
965 -1.305448 
966 0.552472 
967 -1.035347 
968 -1.816205 
969 -1.649853 
970 -0.629508 
971 0.185100 
972 -1.393021 
973 -1.729529 
974 -1.432420 
975 0.639881 
976 -0.581641 
977 -1.274715 
978 -1.804100 
979 -0.518934 
980 -1.626579 
981 -1.554683 
982 0.523600 
983 -1.269876 
984 0.347190 
985 -1.338547 
986 -1.619172 
987 -1.268458 
988 -2.287272 
989 0.155472 
990 -0.425441 
991 -1.022416 
992 -1.787020 
993 -2.241551 
994 0.405277 
995 0.158058 
996 -1.615878 
997 0.301582 
998 -0.985871 
999 -1.580243 
1000 -0.008973 
1001 -0.026676 
1002 -1.192121 
1003 -2.371094 
1004 -1.489385 
1005 -1.696214 
1006 1.072780 
1007 -1.491051 
1008 0.119961 
1009 -1.762606 
1010 -2.050317 
1011 0.136248 
1012 -1.719559 
1013 -0.630175 
1014 0.582964 
1015 -1.900127 
1016 -2.282770 
1017 -0.310637 
1018 -1.314429 
1019 0.326163 
1020 -1.300316 
1021 0.474110 
1022 -1.688488 
1023 -1.364394 
1024 -1.586600 
1025 -0.229658 
1026 -0.915971 
1027 -1.424458 
1028 -1.274163 
1029 -0.918876 
1030 -1.465811 
1031 -0.638677 
1032 -1.114053 
1033 -1.916378 
1034 -0.436075 
1035 -0.348322 
1036 -0.952878 
1037 -0.830275 
1038 -1.521319 
1039 -0.980324 
1040 -0.558183 
1041 -1.954105 
1042 -0.780236 
1043 -1.163432 
1044 -1.764731 
1045 -0.007954 
1046 0.075168 
1047 -1.961256 
1048 -1.782159 
1049 -0.246275 
1050 -0.232255 
1051 -1.593821 
1052 -0.844161 
1053 -0.835004 
1054 -0.870555 
1055 -1.760800 
1056 -1.410169 
1057 -1.562152 
1058 -1.391842 
1059 0.646215 
1060 -1.078097 
1061 -1.364422 
1062 -0.136027 
1063 -1.648600 
1064 0.508762 
1065 -1.416062 
1066 -1.420434 
1067 -1.468421 
1068 0.072291 
1069 -2.095248 
1070 -1.886767 
1071 0.417572 
1072 -1.318921 
1073 -1.178885 
1074 -1.224155 
1075 -0.820549 
1076 -0.585856 
1077 -1.699694 
1078 -1.065224 
1079 -1.040197 
1080 -1.517591 
1081 -1.701567 
1082 0.229100 
1083 -0.874469 
1084 -1.395043 
1085 -1.192042 
1086 -1.031206 
1087 -0.761487 
1088 -1.177766 
1089 -0.894492 
1090 -1.551579 
1091 -0.638531 
1092 -1.704545 
1093 -0.598063 
1094 0.976545 
1095 -1.890648 
1096 -1.861841 
1097 0.173926 
1098 -0.858367 
1099 -1.478024 
1100 -0.079907 
1101 -1.730781 
1102 -0.093197 
1103 -1.721239 
1104 -1.480106 
1105 -1.674574 
1106 0.348457 
1107 -1.035346 
1108 -1.460910 
1109 -1.059836 
1110 0.470862 
1111 -1.694990 
1112 -0.838236 
1113 0.334929 
1114 -1.426454 
1115 -1.928543 
1116 -0.115358 
1117 -1.124655 
1118 -1.702552 
1119 -1.301198 
1120 -0.451403 
1121 -0.911781 
1122 -1.939146 
1123 -0.399528 
1124 -1.979516 
1125 -0.322085 
1126 -0.762652 
1127 -1.138271 
1128 0.463315 
1129 -1.791175 
1130 -1.637907 
1131 -0.842499 
1132 -0.834399 
1133 -1.392963 
1134 -1.034430 
1135 -1.117066 
1136 0.034154 
1137 -1.064099 
1138 -1.769157 
1139 -1.457310 
1140 -1.561286 
1141 0.207756 
1142 -1.330682 
1143 -1.369963 
1144 -1.845112 
1145 -1.175504 
1146 0.336244 
1147 -1.174540 
1148 -1.353656 
1149 -1.281511 
1150 -0.837791 
1151 -0.885339 
1152 -0.350040 
1153 -1.652476 
1154 -2.004261 
1155 0.360810 
1156 -0.946786 
1157 -1.886889 
1158 0.712176 
1159 -1.498762 
1160 -1.343918 
1161 -2.110698 
1162 -0.771776 
1163 0.714720 
1164 -1.125860 
1165 -1.158096 
1166 -0.845979 
1167 -1.102720 
1168 -1.398030 
1169 -1.013950 
1170 -1.415100 
1171 -0.461028 
1172 -0.444603 
1173 -1.385475 
1174 -1.311416 
1175 -1.177811 
1176 -1.077072 
1177 -1.255222 
1178 -0.881670 
1179 -1.074073 
1180 -0.316053 
1181 -1.839993 
1182 0.183346 
1183 -1.600129 
1184 -1.587909 
1185 0.519445 
1186 -1.691642 
1187 -1.001419 
1188 -0.672651 
1189 -1.857483 
1190 -0.937694 
1191 -0.742314 
1192 -1.417114 
1193 -1.503614 
1194 -1.256023 
1195 0.505108 
1196 -1.130808 
1197 -1.670275 
1198 -1.479403 
1199 0.431403 
1200 0.569383 
1201 -1.205424 
1202 -1.716792 
1203 -1.329593 
1204 0.685847 
1205 -1.448184 
1206 -1.835972 
1207 -0.964793 
1208 0.315450 
1209 -1.180255 
1210 -1.730422 
1211 -0.996258 
1212 0.229783 
1213 -1.480301 
1214 -1.272925 
1215 -1.414404 
1216 -1.508148 
1217 -1.068266 
1218 -0.462800 
1219 -1.116016 
1220 -0.924909 
1221 -1.823153 
1222 -1.205919 
1223 -0.196933 
1224 -0.858347 
1225 -1.350283 
1226 -1.230268 
1227 -0.901965 
1228 -1.278901 
1229 -1.150249 
1230 -1.419318 
1231 -0.296590 
1232 -1.246206 
1233 -1.617802 
1234 -1.353530 
1235 0.326822 
1236 -1.591037 
1237 -0.534496 
1238 -1.392729 
1239 -0.920028 
1240 -1.290604 
1241 -1.483832 
1242 -1.505846 
1243 0.370142 
1244 -1.899470 
1245 -1.054204 
1246 -1.186450 
1247 0.765672 
1248 -1.457596 
1249 -1.405402 
1250 0.216411 
1251 -1.293986 
1252 -1.610477 
1253 0.610494 
1254 -1.185406 
1255 -1.589419 
1256 -1.326080 
1257 -1.078391 
1258 -1.393604 
1259 -0.635560 
1260 0.012065 
1261 -1.602167 
1262 -1.182294 
1263 -1.236500 
1264 -0.755521 
1265 -0.959973 
1266 -0.983622 
1267 -1.473375 
1268 -1.293440 
1269 -1.118526 
1270 -1.023445 
1271 -0.929823 
1272 -0.880353 
1273 -1.388261 
1274 -1.361832 
1275 -0.699776 
1276 -0.058066 
1277 -1.139865 
1278 -1.330749 
1279 -1.622056 
1280 -1.376746 
1281 -1.423195 
1282 -1.479451 
1283 0.469154 
1284 -1.144324 
1285 -1.846512 
1286 -0.029450 
1287 -1.118145 
1288 -0.244296 
1289 -1.147203 
1290 -1.381190 
1291 -1.497452 
1292 -1.966288 
1293 -0.359562 
1294 -1.367337 
1295 0.078589 
1296 -1.029277 
1297 -1.080035 
1298 -0.883831 
1299 -1.176973 
1300 -0.856708 
1301 -1.347017 
1302 -1.126516 
1303 -0.853316 
1304 -2.106202 
1305 -1.782548 
1306 0.210429 
1307 0.182769 
1308 -1.312463 
1309 -1.603417 
1310 -0.324959 
1311 -1.039401 
1312 0.038091 
1313 -1.059572 
1314 -1.506389 
1315 -1.568541 
1316 -0.958143 
1317 -1.083444 
1318 -1.604781 
1319 -0.834755 
1320 -0.721263 
1321 -2.110904 
1322 -0.715046 
1323 -0.266844 
1324 -1.131752 
1325 -0.644005 
1326 -1.312423 
1327 -1.216015 
1328 -1.584856 
1329 -0.743495 
1330 -1.128729 
1331 -0.880910 
1332 -1.049299 
1333 -0.798047 
1334 -1.217975 
1335 -1.233735 
1336 -1.307731 
1337 -1.693785 
1338 0.520613 
1339 -1.178303 
1340 -1.236938 
1341 -1.541091 
1342 -1.347101 
1343 0.280097 
1344 -0.922085 
1345 -1.613815 
1346 -0.696133 
1347 -0.894397 
1348 -1.034947 
1349 -0.866792 
1350 -1.513994 
1351 -0.872139 
1352 -1.492899 
1353 0.194712 
1354 -1.575969 
1355 -1.052908 
1356 -1.323295 
1357 0.461401 
1358 -1.556174 
1359 -1.343934 
1360 0.412607 
1361 0.042256 
1362 -1.993961 
1363 -1.898301 
1364 -1.257811 
1365 -1.116748 
1366 -0.339851 
1367 -1.575280 
1368 -1.521783 
1369 -1.440734 
1370 0.308131 
1371 -1.228858 
1372 -0.445810 
1373 -0.223163 
1374 -0.634096 
1375 -2.380387 
1376 0.569597 
1377 -1.704588 
1378 -1.986695 
1379 -0.299862 
1380 -0.896814 
1381 -1.494874 
1382 -0.821977 
1383 -1.033372 
1384 -1.514719 
1385 -0.158230 
1386 0.260682 
1387 -2.035727 
1388 -0.603384 
1389 -0.947176 
1390 -1.414631 
1391 -1.311900 
1392 -1.459387 
1393 -1.734386 
1394 -1.177599 
1395 0.420396 
1396 -1.698891 
1397 -1.480192 
1398 0.876471 
1399 -1.364727 
1400 -1.101447 
1401 -1.315951 
1402 -1.531778 
1403 -0.327686 
1404 1.079276 
1405 -1.530537 
1406 -1.503154 
1407 -1.354647 
1408 -1.485611 
1409 -0.065103 
1410 -1.034584 
1411 -1.490575 
1412 0.104467 
1413 -1.786645 
1414 -1.580903 
1415 -0.471182 
1416 -1.639633 
1417 -0.785038 
1418 -1.003576 
1419 -0.611715 
1420 -1.708884 
1421 -1.974989 
1422 0.109104 
1423 -0.080677 
1424 0.337411 
1425 -2.069357 
1426 -1.831794 
1427 0.322337 
1428 -0.540844 
1429 -1.320962 
1430 -1.455225 
1431 -0.922506 
1432 -0.852516 
1433 -1.106999 
1434 -1.135891 
1435 -1.148470 
1436 0.087040 
1437 -1.297462 
1438 -1.085634 
1439 -1.672098 
1440 0.682139 
1441 -1.607574 
1442 -1.356842 
1443 -1.430516 
1444 -2.019000 
1445 -1.671750 
