958 1
0 -0.348854 
1 0.085061 
2 -0.138107 
3 0.009227 
4 -0.436289 
5 0.385789 
6 0.083173 
7 -0.137906 
8 0.233243 
9 -0.214721 
10 -0.086740 
11 -0.085173 
12 0.384295 
13 -0.185816 
14 -0.491025 
15 -0.290755 
16 0.111868 
17 0.294428 
18 -0.102309 
19 -0.182349 
20 -0.468348 
21 0.062648 
22 0.109900 
23 0.294428 
24 0.056148 
25 0.109900 
26 0.405678 
27 0.405678 
28 0.386256 
29 0.446900 
30 0.386256 
31 -0.239345 
32 0.446900 
33 0.192476 
34 0.424271 
35 0.408662 
36 0.173374 
37 0.111602 
38 0.424271 
39 0.454610 
40 -0.460849 
41 -0.324816 
42 -0.062255 
43 -0.460849 
44 -0.244272 
45 -0.338585 
46 -0.244272 
47 -0.151038 
48 -0.151038 
49 0.031115 
50 -0.436059 
51 0.048712 
52 0.475133 
53 0.031115 
54 -0.248377 
55 -0.140201 
56 0.318379 
57 -0.401728 
58 0.452804 
59 -0.047389 
60 0.318379 
61 -0.401728 
62 0.205919 
63 -0.146342 
64 -0.473924 
65 -0.035169 
66 -0.247558 
67 -0.304378 
68 0.148448 
69 -0.334616 
70 -0.304378 
71 -0.102309 
72 -0.101237 
73 -0.309238 
74 -0.216423 
75 0.249001 
76 -0.476675 
77 -0.130268 
78 -0.348854 
79 -0.023925 
80 -0.222155 
81 0.452804 
82 0.341387 
83 0.227848 
84 0.074159 
85 -0.359277 
86 -0.424445 
87 0.000893 
88 -0.112351 
89 0.192476 
90 -0.130268 
91 -0.324970 
92 -0.128398 
93 0.451409 
94 -0.112827 
95 -0.310990 
96 -0.195659 
97 0.348824 
98 0.171465 
99 0.446900 
100 0.424271 
101 -0.023925 
102 -0.248377 
103 -0.460849 
104 -0.146342 
105 -0.461420 
106 0.018503 
107 -0.244272 
108 0.148448 
109 -0.396826 
110 0.227848 
111 0.460670 
112 -0.366431 
113 0.139644 
114 0.157881 
115 0.292165 
116 0.057184 
117 -0.151038 
118 -0.132006 
119 0.031115 
120 0.009227 
121 0.329160 
122 0.318379 
123 -0.436289 
124 0.083173 
125 0.074159 
126 0.456345 
127 -0.214721 
128 -0.401728 
129 0.384295 
130 0.214379 
131 -0.304378 
132 0.099498 
133 -0.424445 
134 -0.359277 
135 -0.054910 
136 0.204812 
137 -0.128398 
138 -0.290755 
139 0.196918 
140 0.111868 
141 0.000893 
142 -0.268374 
143 -0.324970 
144 -0.112827 
145 -0.266630 
146 -0.171690 
147 -0.422653 
148 -0.310990 
149 0.171465 
150 -0.182349 
151 -0.438149 
152 0.056148 
153 -0.050274 
154 -0.262080 
155 0.360467 
156 0.491932 
157 0.164228 
158 0.421165 
159 0.361539 
160 -0.410251 
161 -0.162176 
162 -0.372949 
163 0.292434 
164 -0.491025 
165 0.456345 
166 0.099498 
167 -0.371224 
168 0.041393 
169 0.111602 
170 0.311038 
171 0.204812 
172 -0.326438 
173 -0.400280 
174 -0.304090 
175 -0.201869 
176 -0.062255 
177 -0.439046 
178 -0.338585 
179 -0.344170 
180 -0.143497 
181 0.270455 
182 -0.085173 
183 -0.436059 
184 0.310945 
185 -0.331434 
186 0.278629 
187 -0.140201 
188 0.238685 
189 -0.047389 
190 0.205919 
191 -0.334616 
192 -0.488092 
193 0.414771 
194 -0.091000 
195 -0.383914 
196 0.294625 
197 -0.373244 
198 0.244416 
199 -0.101237 
200 0.217884 
201 -0.235017 
202 -0.309238 
203 -0.216423 
204 0.249001 
205 -0.268374 
206 -0.422653 
207 -0.476675 
208 -0.331434 
209 0.341387 
210 -0.112351 
211 0.451998 
212 -0.242231 
213 0.210127 
214 0.451409 
215 -0.488092 
216 -0.132479 
217 0.216167 
218 -0.195659 
219 -0.355664 
220 0.201299 
221 -0.396826 
222 0.292165 
223 0.454822 
224 -0.468348 
225 -0.296275 
226 0.048712 
227 0.214379 
228 -0.366164 
229 0.201299 
230 0.325482 
231 0.149688 
232 -0.035169 
233 -0.361002 
234 -0.054910 
235 0.018503 
236 0.491932 
237 -0.171690 
238 0.361539 
239 0.292434 
240 0.311038 
241 -0.050274 
242 -0.099574 
243 -0.224468 
244 0.310945 
245 0.414771 
246 0.238685 
247 -0.383914 
248 0.294625 
249 -0.266630 
250 -0.405166 
251 0.404682 
252 0.233243 
253 0.244416 
254 0.451998 
255 0.210127 
256 -0.198351 
257 0.216167 
258 -0.355664 
259 0.430099 
260 0.019905 
261 0.470334 
262 -0.184379 
263 0.432073 
264 0.278629 
265 0.294428 
266 0.084675 
267 0.149688 
268 0.009017 
269 0.160300 
270 -0.361002 
271 -0.421231 
272 -0.080721 
273 0.139644 
274 -0.355664 
275 0.109900 
276 0.405678 
277 0.149688 
278 0.233243 
279 0.073270 
280 -0.162176 
281 0.386256 
282 0.270128 
283 -0.461420 
284 0.460670 
285 -0.366431 
286 0.157881 
287 0.057184 
288 -0.361002 
289 -0.132006 
290 0.311118 
291 -0.206396 
292 0.074159 
293 0.074159 
294 0.018503 
295 -0.438149 
296 -0.359277 
297 0.000893 
298 -0.359277 
299 -0.146342 
300 0.018503 
301 0.360467 
302 0.148448 
303 -0.461420 
304 0.000893 
305 -0.128398 
306 0.148448 
307 -0.461420 
308 0.192476 
309 -0.324970 
310 -0.112351 
311 0.227848 
312 0.192476 
313 0.227848 
314 -0.112827 
315 -0.112827 
316 -0.324970 
317 0.460670 
318 -0.366431 
319 0.139644 
320 -0.396826 
321 0.460670 
322 0.451409 
323 -0.128398 
324 0.157881 
325 0.292165 
326 -0.366431 
327 0.139644 
328 0.451409 
329 -0.310990 
330 -0.396826 
331 0.057184 
332 -0.151038 
333 -0.310990 
334 -0.151038 
335 -0.132006 
336 0.031115 
337 -0.195659 
338 0.009227 
339 -0.195659 
340 0.009227 
341 0.329160 
342 0.171465 
343 0.171465 
344 0.292165 
345 -0.023925 
346 -0.146342 
347 -0.248377 
348 0.214379 
349 -0.054910 
350 0.491932 
351 0.318379 
352 -0.436289 
353 0.083173 
354 -0.248377 
355 0.083173 
356 0.155325 
357 -0.330996 
358 -0.299424 
359 0.074159 
360 0.456345 
361 -0.214721 
362 0.318379 
363 -0.244272 
364 0.456345 
365 0.277213 
366 -0.401728 
367 0.085316 
368 0.157881 
369 0.292165 
370 -0.401728 
371 0.161963 
372 0.074159 
373 0.062529 
374 0.384295 
375 0.419938 
376 0.372163 
377 -0.125105 
378 0.411143 
379 0.214379 
380 -0.304378 
381 -0.396826 
382 -0.387008 
383 -0.229153 
384 0.131192 
385 0.057184 
386 -0.132006 
387 0.329160 
388 -0.262080 
389 0.164228 
390 -0.201869 
391 0.099498 
392 -0.439046 
393 0.099498 
394 -0.424445 
395 0.204812 
396 -0.091000 
397 -0.099574 
398 -0.424445 
399 -0.359277 
400 -0.054910 
401 0.404682 
402 0.470334 
403 -0.304378 
404 -0.128398 
405 0.432073 
406 0.160300 
407 -0.421231 
408 0.204812 
409 -0.290755 
410 0.073270 
411 0.270128 
412 -0.206396 
413 -0.290755 
414 0.196918 
415 0.421165 
416 -0.235017 
417 -0.184379 
418 -0.326438 
419 0.111868 
420 -0.400280 
421 0.329160 
422 0.111868 
423 -0.304090 
424 -0.436289 
425 -0.344170 
426 -0.214721 
427 0.000893 
428 0.402938 
429 0.323670 
430 -0.205666 
431 0.000893 
432 -0.268374 
433 -0.268374 
434 -0.066269 
435 -0.279061 
436 -0.317513 
437 -0.324970 
438 -0.422653 
439 0.384295 
440 -0.324970 
441 -0.422653 
442 0.171465 
443 -0.310990 
444 0.151824 
445 -0.112827 
446 -0.266630 
447 -0.171690 
448 0.214379 
449 -0.072235 
450 -0.438149 
451 -0.424445 
452 -0.310990 
453 -0.182349 
454 -0.128398 
455 -0.438149 
456 0.056148 
457 -0.128398 
458 -0.112827 
459 -0.359277 
460 -0.310990 
461 0.171465 
462 -0.050274 
463 -0.438149 
464 -0.054910 
465 -0.050274 
466 0.360467 
467 0.360467 
468 -0.410251 
469 0.164228 
470 0.491932 
471 -0.372949 
472 0.360467 
473 -0.371224 
474 0.041393 
475 -0.262080 
476 -0.326438 
477 0.056148 
478 0.361539 
479 -0.262080 
480 -0.400280 
481 -0.304090 
482 -0.410251 
483 -0.372949 
484 0.491932 
485 -0.371224 
486 0.041393 
487 -0.266630 
488 -0.171690 
489 -0.162176 
490 -0.326438 
491 -0.400280 
492 -0.304090 
493 -0.162176 
494 -0.410251 
495 -0.344170 
496 -0.143497 
497 0.270455 
498 -0.410251 
499 -0.112827 
500 0.456345 
501 -0.491025 
502 -0.372949 
503 0.292434 
504 -0.373244 
505 0.217884 
506 -0.372949 
507 0.456345 
508 -0.491025 
509 0.099498 
510 -0.242231 
511 -0.132479 
512 0.454822 
513 -0.296275 
514 0.099498 
515 -0.371224 
516 0.171465 
517 0.357974 
518 0.336190 
519 0.041496 
520 0.041393 
521 0.111602 
522 -0.182349 
523 0.111602 
524 0.492864 
525 -0.336373 
526 0.093778 
527 0.311038 
528 -0.326438 
529 -0.245731 
530 0.311038 
531 0.204812 
532 -0.461833 
533 -0.326438 
534 0.049829 
535 -0.332464 
536 -0.400280 
537 0.361539 
538 0.058656 
539 -0.400280 
540 0.482077 
541 -0.459166 
542 0.164228 
543 -0.186891 
544 0.366501 
545 -0.394806 
546 -0.413722 
547 0.102133 
548 0.447931 
549 -0.283760 
550 -0.143497 
551 0.041393 
552 -0.371224 
553 -0.338585 
554 -0.344170 
555 0.294470 
556 0.270455 
557 0.292434 
558 0.007731 
559 0.270455 
560 -0.085173 
561 0.138821 
562 0.402938 
563 0.323670 
564 -0.205666 
565 -0.085173 
566 -0.436059 
567 0.310945 
568 -0.331434 
569 -0.140201 
570 0.278629 
571 -0.066269 
572 0.278629 
573 -0.331434 
574 -0.279061 
575 -0.317513 
576 0.151824 
577 -0.140201 
578 -0.439046 
579 0.238685 
580 -0.338585 
581 -0.091000 
582 -0.344170 
583 -0.143497 
584 0.205919 
585 -0.099574 
586 0.205919 
587 0.404682 
588 0.470334 
589 0.204812 
590 -0.304090 
591 0.432073 
592 0.160300 
593 -0.488092 
594 -0.062255 
595 0.414771 
596 -0.304090 
597 -0.421231 
598 0.073270 
599 -0.201869 
600 -0.062255 
601 -0.201869 
602 -0.439046 
603 0.270128 
604 -0.439046 
605 -0.488092 
606 0.414771 
607 -0.091000 
608 -0.206396 
609 -0.091000 
610 0.361539 
611 0.238685 
612 -0.101237 
613 0.217884 
614 -0.047389 
615 -0.334616 
616 0.292434 
617 -0.047389 
618 0.311038 
619 -0.334616 
620 0.414771 
621 -0.309238 
622 -0.383914 
623 -0.268374 
624 -0.436059 
625 0.294625 
626 0.244416 
627 0.451998 
628 -0.309238 
629 -0.216423 
630 0.249001 
631 0.310945 
632 -0.422653 
633 0.210127 
634 0.216167 
635 -0.355664 
636 -0.268374 
637 -0.331434 
638 0.149688 
639 -0.361002 
640 0.233243 
641 -0.216423 
642 0.249001 
643 -0.476675 
644 0.196918 
645 0.421165 
646 -0.235017 
647 -0.184379 
648 0.311118 
649 0.341387 
650 -0.422653 
651 0.085061 
652 -0.138107 
653 -0.137906 
654 -0.185816 
655 0.341387 
656 -0.112351 
657 -0.101237 
658 0.217884 
659 0.062648 
660 -0.239345 
661 0.451998 
662 -0.373244 
663 0.408662 
664 0.173374 
665 0.454610 
666 -0.373244 
667 -0.383914 
668 0.475133 
669 -0.383914 
670 -0.222155 
671 0.294625 
672 0.244416 
673 0.348824 
674 0.294625 
675 -0.394806 
676 0.499392 
677 -0.431655 
678 0.244416 
679 -0.041128 
680 0.219741 
681 0.451998 
682 0.357161 
683 0.012060 
684 -0.112351 
685 -0.242231 
686 0.210127 
687 0.292165 
688 0.210127 
689 -0.337600 
690 0.389557 
691 0.451409 
692 -0.488092 
693 -0.028640 
694 0.457396 
695 -0.079059 
696 0.451409 
697 -0.488092 
698 -0.132479 
699 -0.476675 
700 -0.132479 
701 0.216167 
702 0.006632 
703 0.173603 
704 -0.411841 
705 -0.331434 
706 0.041496 
707 0.492864 
708 -0.336373 
709 0.093778 
710 0.216167 
711 -0.195659 
712 -0.355664 
713 0.201299 
714 -0.245731 
715 -0.355664 
716 0.201299 
717 -0.461833 
718 0.201299 
719 0.049829 
720 -0.396826 
721 -0.242231 
722 -0.332464 
723 0.058656 
724 0.482077 
725 -0.396826 
726 0.292165 
727 -0.459166 
728 -0.186891 
729 -0.054910 
730 0.018503 
731 -0.468348 
732 0.454822 
733 0.048712 
734 0.366501 
735 0.454822 
736 -0.468348 
737 -0.296275 
738 -0.344170 
739 -0.296275 
740 0.048712 
741 -0.195659 
742 0.402938 
743 0.201299 
744 0.323670 
745 -0.205666 
746 -0.171690 
747 0.214379 
748 -0.066269 
749 -0.279061 
750 -0.317513 
751 0.151824 
752 -0.072235 
753 0.385789 
754 -0.086740 
755 -0.324816 
756 0.149688 
757 -0.473924 
758 0.149688 
759 -0.054910 
760 -0.247558 
761 0.018503 
762 -0.348854 
763 0.452804 
764 -0.130268 
765 0.491932 
766 -0.171690 
767 0.414771 
768 -0.023925 
769 0.491932 
770 -0.072235 
771 0.385789 
772 0.361539 
773 0.214379 
774 -0.086740 
775 -0.324816 
776 -0.473924 
777 0.361539 
778 0.292434 
779 -0.035169 
780 -0.247558 
781 -0.348854 
782 0.292434 
783 0.311038 
784 0.452804 
785 -0.035169 
786 -0.130268 
787 -0.023925 
788 -0.396826 
789 -0.361002 
790 0.292165 
791 0.311038 
792 -0.050274 
793 -0.361002 
794 0.214379 
795 -0.050274 
796 -0.054910 
797 0.491932 
798 0.233243 
799 0.361539 
800 0.310945 
801 0.244416 
802 0.499392 
803 -0.431655 
804 0.310945 
805 0.414771 
806 -0.041128 
807 0.219741 
808 0.238685 
809 0.210127 
810 0.357161 
811 0.238685 
812 0.012060 
813 -0.337600 
814 -0.383914 
815 0.294625 
816 0.389557 
817 -0.383914 
818 0.294625 
819 -0.028640 
820 0.457396 
821 -0.266630 
822 -0.079059 
823 0.006632 
824 -0.266630 
825 0.173603 
826 -0.411841 
827 -0.043659 
828 -0.439564 
829 0.233243 
830 0.244416 
831 0.357974 
832 0.210127 
833 0.336190 
834 0.155325 
835 0.278629 
836 0.451998 
837 -0.330996 
838 0.451998 
839 -0.299424 
840 0.277213 
841 0.085316 
842 0.216167 
843 -0.355664 
844 0.161963 
845 0.062529 
846 -0.355664 
847 0.419938 
848 0.372163 
849 -0.125105 
850 0.411143 
851 -0.387008 
852 -0.229153 
853 0.470334 
854 0.131192 
855 -0.366164 
856 0.325482 
857 -0.224468 
858 -0.405166 
859 0.278629 
860 -0.198351 
861 0.430099 
862 0.019905 
863 0.084675 
864 0.009017 
865 -0.080721 
866 0.294428 
867 0.216167 
868 0.109900 
869 0.405678 
870 0.386256 
871 0.446900 
872 0.294428 
873 0.424271 
874 -0.460849 
875 -0.244272 
876 0.149688 
877 -0.151038 
878 0.149688 
879 0.031115 
880 -0.361002 
881 0.318379 
882 -0.401728 
883 -0.304378 
884 -0.424445 
885 0.160300 
886 -0.128398 
887 -0.112827 
888 0.294428 
889 -0.310990 
890 0.171465 
891 -0.438149 
892 -0.421231 
893 0.360467 
894 -0.410251 
895 -0.372949 
896 -0.371224 
897 0.041393 
898 -0.361002 
899 -0.043659 
900 0.160300 
901 -0.439564 
902 0.311118 
903 0.085061 
904 -0.138107 
905 -0.137906 
906 0.139644 
907 -0.421231 
908 -0.162176 
909 0.233243 
910 0.139644 
911 0.405678 
912 0.109900 
913 -0.185816 
914 -0.162176 
915 0.233243 
916 0.062648 
917 0.405678 
918 0.109900 
919 -0.239345 
920 0.408662 
921 0.173374 
922 0.454610 
923 0.475133 
924 -0.222155 
925 0.348824 
926 0.329160 
927 -0.262080 
928 0.164228 
929 -0.201869 
930 0.386256 
931 0.292434 
932 0.270128 
933 0.386256 
934 0.311038 
935 0.270128 
936 0.414771 
937 -0.383914 
938 0.294625 
939 0.244416 
940 0.451998 
941 0.210127 
942 0.216167 
943 0.402938 
944 0.323670 
945 -0.205666 
946 -0.066269 
947 -0.279061 
948 -0.317513 
949 -0.206396 
950 0.151824 
951 -0.072235 
952 -0.206396 
953 0.385789 
954 -0.086740 
955 -0.324816 
956 -0.473924 
957 -0.247558 
