5962 1
0 0.023179 
1 0.023179 
2 -0.275116 
3 -0.275116 
4 -0.275116 
5 -0.275116 
6 0.448798 
7 0.448798 
8 0.448798 
9 0.448798 
10 0.448798 
11 0.448798 
12 -0.293575 
13 -0.293575 
14 -0.293575 
15 -0.293575 
16 -0.293575 
17 -0.293575 
18 0.298691 
19 0.298691 
20 0.298691 
21 0.298691 
22 0.298691 
23 0.298691 
24 0.298691 
25 0.298691 
26 0.407113 
27 0.407113 
28 0.023179 
29 0.407113 
30 0.407113 
31 -0.275116 
32 -0.275116 
33 -0.275116 
34 -0.275116 
35 -0.275116 
36 -0.275116 
37 0.448798 
38 0.448798 
39 0.448798 
40 0.448798 
41 0.448798 
42 0.448798 
43 0.448798 
44 -0.293575 
45 -0.293575 
46 -0.293575 
47 -0.293575 
48 -0.293575 
49 -0.293575 
50 -0.293575 
51 -0.293575 
52 -0.293575 
53 -0.293575 
54 -0.293575 
55 0.298691 
56 -0.317606 
57 -0.317606 
58 0.298691 
59 -0.317606 
60 -0.317606 
61 0.298691 
62 0.298691 
63 0.407113 
64 0.407113 
65 0.407113 
66 0.407113 
67 0.407113 
68 -0.275116 
69 0.407113 
70 0.407113 
71 -0.275116 
72 -0.275116 
73 -0.275116 
74 -0.275116 
75 -0.275116 
76 -0.275116 
77 0.448798 
78 -0.275116 
79 -0.275116 
80 0.448798 
81 -0.293575 
82 -0.293575 
83 -0.293575 
84 -0.293575 
85 -0.293575 
86 -0.293575 
87 -0.293575 
88 -0.293575 
89 -0.293575 
90 -0.293575 
91 -0.293575 
92 -0.293575 
93 -0.293575 
94 -0.293575 
95 -0.317606 
96 -0.293575 
97 -0.293575 
98 -0.317606 
99 -0.317606 
100 0.407113 
101 0.407113 
102 0.407113 
103 0.407113 
104 0.407113 
105 0.407113 
106 0.407113 
107 0.407113 
108 0.407113 
109 -0.275116 
110 -0.275116 
111 -0.275116 
112 -0.275116 
113 -0.275116 
114 -0.275116 
115 -0.275116 
116 -0.275116 
117 -0.275116 
118 -0.293575 
119 -0.293575 
120 -0.293575 
121 -0.293575 
122 -0.293575 
123 -0.293575 
124 -0.293575 
125 -0.293575 
126 -0.293575 
127 -0.293575 
128 -0.293575 
129 -0.293575 
130 -0.293575 
131 -0.293575 
132 -0.293575 
133 -0.293575 
134 -0.293575 
135 -0.293575 
136 -0.293575 
137 0.407113 
138 0.407113 
139 0.407113 
140 0.407113 
141 0.407113 
142 0.407113 
143 0.407113 
144 0.407113 
145 0.407113 
146 0.407113 
147 0.407113 
148 -0.275116 
149 -0.275116 
150 -0.275116 
151 -0.275116 
152 -0.275116 
153 -0.275116 
154 -0.386202 
155 -0.275116 
156 -0.275116 
157 -0.386202 
158 -0.293575 
159 -0.293575 
160 -0.293575 
161 -0.293575 
162 -0.293575 
163 -0.293575 
164 -0.293575 
165 -0.293575 
166 -0.293575 
167 -0.293575 
168 -0.293575 
169 -0.293575 
170 -0.293575 
171 -0.293575 
172 -0.293575 
173 -0.293575 
174 0.407113 
175 0.407113 
176 0.407113 
177 0.407113 
178 0.407113 
179 0.407113 
180 0.407113 
181 0.407113 
182 0.407113 
183 0.407113 
184 0.407113 
185 -0.275116 
186 0.073319 
187 0.073319 
188 0.073319 
189 0.073319 
190 0.073319 
191 0.073319 
192 0.073319 
193 0.073319 
194 0.073319 
195 0.073319 
196 0.073319 
197 -0.386202 
198 0.073319 
199 0.073319 
200 -0.293575 
201 -0.293575 
202 -0.293575 
203 -0.293575 
204 -0.293575 
205 -0.293575 
206 -0.293575 
207 -0.293575 
208 -0.293575 
209 -0.293575 
210 -0.293575 
211 0.407113 
212 0.407113 
213 0.407113 
214 0.407113 
215 0.407113 
216 0.407113 
217 0.407113 
218 0.407113 
219 0.407113 
220 0.069104 
221 0.069104 
222 0.407113 
223 0.073319 
224 0.073319 
225 0.073319 
226 0.069104 
227 0.069104 
228 0.073319 
229 0.073319 
230 0.073319 
231 0.073319 
232 0.073319 
233 0.073319 
234 0.073319 
235 0.073319 
236 0.073319 
237 0.073319 
238 -0.293575 
239 -0.293575 
240 -0.293575 
241 -0.293575 
242 -0.293575 
243 0.073319 
244 -0.293575 
245 -0.293575 
246 0.073319 
247 0.073319 
248 0.407113 
249 0.407113 
250 0.407113 
251 0.407113 
252 0.407113 
253 0.407113 
254 0.407113 
255 0.407113 
256 0.407113 
257 0.069104 
258 0.069104 
259 0.069104 
260 0.073319 
261 0.073319 
262 0.073319 
263 0.069104 
264 0.069104 
265 0.069104 
266 0.073319 
267 0.073319 
268 0.073319 
269 0.073319 
270 0.073319 
271 0.073319 
272 0.073319 
273 0.073319 
274 0.073319 
275 0.073319 
276 0.073319 
277 0.073319 
278 -0.293575 
279 -0.293575 
280 0.073319 
281 -0.293575 
282 -0.293575 
283 0.073319 
284 0.073319 
285 0.407113 
286 0.407113 
287 0.407113 
288 0.407113 
289 0.407113 
290 0.407113 
291 0.407113 
292 0.407113 
293 0.069104 
294 0.407113 
295 0.407113 
296 0.069104 
297 0.069104 
298 0.069104 
299 0.069104 
300 0.073319 
301 0.073319 
302 0.073319 
303 0.069104 
304 0.069104 
305 0.073319 
306 0.073319 
307 0.073319 
308 0.073319 
309 0.073319 
310 0.073319 
311 0.073319 
312 0.073319 
313 0.073319 
314 0.073319 
315 0.073319 
316 0.073319 
317 0.073319 
318 0.073319 
319 0.073319 
320 0.073319 
321 0.073319 
322 0.407113 
323 0.407113 
324 0.407113 
325 0.407113 
326 0.407113 
327 0.407113 
328 0.407113 
329 0.407113 
330 0.407113 
331 0.407113 
332 0.407113 
333 0.069104 
334 0.069104 
335 0.069104 
336 0.069104 
337 0.069104 
338 0.069104 
339 0.069104 
340 0.069104 
341 0.069104 
342 0.073319 
343 0.073319 
344 0.073319 
345 0.073319 
346 0.073319 
347 0.073319 
348 0.073319 
349 0.073319 
350 0.073319 
351 0.073319 
352 0.073319 
353 0.073319 
354 0.073319 
355 0.073319 
356 0.073319 
357 0.073319 
358 0.073319 
359 0.407113 
360 0.407113 
361 0.407113 
362 0.407113 
363 0.407113 
364 0.407113 
365 0.407113 
366 0.407113 
367 0.407113 
368 0.407113 
369 0.407113 
370 0.407113 
371 0.069104 
372 0.069104 
373 0.069104 
374 0.069104 
375 0.069104 
376 0.069104 
377 0.069104 
378 0.069104 
379 0.069104 
380 0.073319 
381 0.073319 
382 0.073319 
383 0.073319 
384 0.073319 
385 0.073319 
386 0.073319 
387 0.073319 
388 0.073319 
389 0.073319 
390 0.073319 
391 0.073319 
392 0.073319 
393 0.073319 
394 0.073319 
395 0.073319 
396 -0.424108 
397 -0.424108 
398 -0.424108 
399 0.407113 
400 0.407113 
401 0.407113 
402 0.407113 
403 0.407113 
404 0.407113 
405 0.407113 
406 0.407113 
407 0.407113 
408 0.407113 
409 0.407113 
410 0.407113 
411 0.069104 
412 0.069104 
413 0.069104 
414 0.069104 
415 0.069104 
416 0.069104 
417 0.069104 
418 0.069104 
419 0.069104 
420 0.073319 
421 0.073319 
422 0.073319 
423 0.073319 
424 0.073319 
425 0.073319 
426 0.073319 
427 0.073319 
428 0.073319 
429 0.073319 
430 0.073319 
431 0.073319 
432 0.073319 
433 0.114817 
434 0.114817 
435 -0.424108 
436 -0.424108 
437 0.407113 
438 0.407113 
439 0.407113 
440 0.407113 
441 0.407113 
442 0.407113 
443 0.407113 
444 0.407113 
445 0.069104 
446 0.069104 
447 0.069104 
448 0.069104 
449 0.069104 
450 0.069104 
451 0.073319 
452 0.073319 
453 0.073319 
454 0.073319 
455 0.073319 
456 0.073319 
457 0.073319 
458 0.073319 
459 0.023179 
460 -0.275116 
461 -0.275116 
462 0.448798 
463 0.448798 
464 0.448798 
465 -0.293575 
466 -0.293575 
467 -0.293575 
468 0.298691 
469 0.298691 
470 0.298691 
471 -0.317606 
472 0.407113 
473 0.407113 
474 -0.275116 
475 -0.275116 
476 0.448798 
477 0.448798 
478 -0.293575 
479 -0.293575 
480 -0.293575 
481 -0.293575 
482 -0.293575 
483 -0.317606 
484 0.298691 
485 0.407113 
486 0.407113 
487 0.407113 
488 -0.275116 
489 -0.275116 
490 -0.275116 
491 -0.293575 
492 -0.293575 
493 -0.293575 
494 -0.293575 
495 -0.293575 
496 -0.293575 
497 -0.317606 
498 0.407113 
499 0.407113 
500 0.407113 
501 -0.275116 
502 -0.275116 
503 -0.275116 
504 -0.293575 
505 -0.293575 
506 -0.293575 
507 -0.293575 
508 -0.293575 
509 -0.293575 
510 -0.293575 
511 0.407113 
512 0.407113 
513 0.407113 
514 0.407113 
515 -0.275116 
516 -0.275116 
517 -0.275116 
518 -0.293575 
519 -0.293575 
520 -0.293575 
521 -0.293575 
522 -0.293575 
523 -0.293575 
524 0.407113 
525 0.407113 
526 0.407113 
527 0.407113 
528 0.073319 
529 0.073319 
530 0.073319 
531 0.073319 
532 0.073319 
533 0.073319 
534 -0.293575 
535 -0.293575 
536 -0.293575 
537 0.407113 
538 0.407113 
539 0.407113 
540 0.069104 
541 0.073319 
542 0.069104 
543 0.069104 
544 0.073319 
545 0.073319 
546 0.073319 
547 0.073319 
548 -0.293575 
549 0.073319 
550 0.407113 
551 0.407113 
552 0.407113 
553 0.069104 
554 0.073319 
555 0.069104 
556 0.069104 
557 0.069104 
558 0.073319 
559 0.073319 
560 0.073319 
561 0.073319 
562 0.073319 
563 0.407113 
564 0.407113 
565 0.407113 
566 0.407113 
567 0.069104 
568 0.073319 
569 0.069104 
570 0.069104 
571 0.073319 
572 0.073319 
573 0.073319 
574 0.073319 
575 0.073319 
576 0.407113 
577 0.407113 
578 0.407113 
579 0.407113 
580 0.069104 
581 0.069104 
582 0.069104 
583 0.073319 
584 0.073319 
585 0.073319 
586 0.073319 
587 0.073319 
588 0.073319 
589 0.407113 
590 0.407113 
591 0.407113 
592 0.407113 
593 0.069104 
594 0.069104 
595 0.069104 
596 0.073319 
597 0.073319 
598 0.073319 
599 0.073319 
600 0.073319 
601 0.073319 
602 -0.424108 
603 0.407113 
604 0.407113 
605 0.407113 
606 0.407113 
607 0.069104 
608 0.069104 
609 0.069104 
610 0.073319 
611 0.073319 
612 0.073319 
613 0.073319 
614 0.073319 
615 -0.424108 
616 -0.424108 
617 0.407113 
618 0.407113 
619 0.407113 
620 0.407113 
621 0.069104 
622 0.069104 
623 0.069104 
624 0.073319 
625 0.073319 
626 0.073319 
627 0.073319 
628 0.023179 
629 0.023179 
630 0.023179 
631 0.448798 
632 -0.097454 
633 0.448798 
634 0.362600 
635 0.274751 
636 -0.020358 
637 0.298691 
638 -0.317606 
639 -0.317606 
640 -0.317606 
641 0.123904 
642 0.023179 
643 0.023179 
644 -0.097454 
645 -0.097454 
646 0.362600 
647 0.362600 
648 -0.020358 
649 -0.020358 
650 -0.317606 
651 -0.317606 
652 -0.317606 
653 -0.317606 
654 0.123904 
655 0.123904 
656 0.069104 
657 -0.275116 
658 -0.097454 
659 -0.094142 
660 0.362600 
661 -0.275116 
662 -0.020358 
663 -0.293575 
664 -0.317606 
665 -0.293575 
666 -0.317606 
667 0.123904 
668 0.069104 
669 0.069104 
670 0.250871 
671 -0.443939 
672 0.297482 
673 -0.036604 
674 -0.275116 
675 -0.293575 
676 -0.293575 
677 -0.293575 
678 -0.293575 
679 -0.317606 
680 0.123904 
681 0.123904 
682 0.250871 
683 0.250871 
684 0.297482 
685 0.297482 
686 -0.275116 
687 -0.275116 
688 -0.293575 
689 -0.293575 
690 -0.293575 
691 -0.293575 
692 -0.317606 
693 0.123904 
694 -0.150856 
695 0.283534 
696 0.250871 
697 -0.317768 
698 0.297482 
699 -0.275116 
700 -0.275116 
701 -0.275116 
702 -0.293575 
703 0.104200 
704 0.283546 
705 -0.317606 
706 0.407113 
707 -0.150856 
708 -0.092465 
709 0.069104 
710 0.440886 
711 -0.491461 
712 -0.275116 
713 -0.275116 
714 -0.223355 
715 -0.419660 
716 0.283546 
717 0.283546 
718 0.283546 
719 0.407113 
720 -0.092465 
721 -0.092465 
722 0.440886 
723 0.440886 
724 -0.275116 
725 -0.275116 
726 -0.223355 
727 -0.223355 
728 -0.223355 
729 0.283869 
730 0.283546 
731 -0.191953 
732 0.073319 
733 -0.238914 
734 -0.474588 
735 -0.158041 
736 0.440886 
737 -0.275116 
738 -0.275116 
739 0.350335 
740 -0.223355 
741 0.186683 
742 0.283869 
743 0.482509 
744 -0.191953 
745 0.073319 
746 0.113518 
747 -0.474588 
748 0.404721 
749 -0.473671 
750 0.310868 
751 -0.490816 
752 0.320435 
753 0.186683 
754 0.186683 
755 0.482509 
756 0.482509 
757 0.482509 
758 0.113518 
759 0.113518 
760 0.404721 
761 0.404721 
762 0.310868 
763 0.310868 
764 0.320435 
765 0.320435 
766 0.320435 
767 0.186683 
768 0.356195 
769 0.482509 
770 0.466071 
771 -0.424108 
772 0.113518 
773 0.113518 
774 0.404721 
775 0.310868 
776 0.310868 
777 0.275473 
778 0.320435 
779 0.171855 
780 0.440156 
781 -0.265826 
782 0.073319 
783 0.466071 
784 -0.424108 
785 -0.424108 
786 0.113518 
787 0.310868 
788 0.310868 
789 0.275473 
790 0.275473 
791 0.171855 
792 0.171855 
793 -0.265826 
794 -0.265826 
795 0.466071 
796 0.466071 
797 -0.368491 
798 -0.431999 
799 -0.431999 
800 0.448798 
801 0.448798 
802 0.180142 
803 0.180142 
804 -0.020358 
805 -0.020358 
806 0.497203 
807 0.497203 
808 0.497203 
809 0.073033 
810 -0.443939 
811 -0.443939 
812 -0.443939 
813 0.430542 
814 -0.036604 
815 0.362600 
816 -0.275116 
817 0.416316 
818 0.416316 
819 -0.317606 
820 -0.317606 
821 -0.354161 
822 0.497203 
823 0.123904 
824 -0.443939 
825 0.298691 
826 -0.443939 
827 -0.097454 
828 -0.094142 
829 0.042785 
830 -0.275116 
831 -0.406024 
832 0.386254 
833 0.214821 
834 -0.317606 
835 -0.354161 
836 0.123904 
837 -0.443939 
838 0.069104 
839 -0.443939 
840 -0.443939 
841 0.297482 
842 -0.036604 
843 -0.275116 
844 -0.275116 
845 -0.076612 
846 -0.317606 
847 -0.354161 
848 -0.354161 
849 0.123904 
850 -0.317768 
851 -0.317768 
852 -0.443939 
853 -0.317768 
854 0.010065 
855 -0.036604 
856 -0.275116 
857 -0.241634 
858 0.471216 
859 -0.317606 
860 -0.354161 
861 -0.317606 
862 -0.092465 
863 -0.317768 
864 0.283534 
865 0.250871 
866 -0.317768 
867 -0.159211 
868 -0.354076 
869 -0.354076 
870 -0.275116 
871 0.161337 
872 -0.238914 
873 -0.317606 
874 -0.317606 
875 0.123904 
876 -0.150856 
877 -0.012541 
878 0.194897 
879 0.440886 
880 -0.491461 
881 -0.459765 
882 0.431734 
883 0.016240 
884 -0.419660 
885 0.101587 
886 0.283546 
887 -0.191953 
888 0.123904 
889 -0.150856 
890 -0.092465 
891 -0.034272 
892 -0.446224 
893 -0.006045 
894 0.319961 
895 -0.223355 
896 0.350335 
897 0.308500 
898 0.101587 
899 0.283546 
900 -0.191953 
901 0.073319 
902 -0.238914 
903 -0.474588 
904 0.440156 
905 0.440156 
906 0.440156 
907 -0.317606 
908 0.350335 
909 0.350335 
910 -0.401608 
911 0.283869 
912 -0.075456 
913 -0.082496 
914 0.073319 
915 -0.070309 
916 -0.194967 
917 0.440156 
918 -0.473671 
919 0.440156 
920 -0.490816 
921 0.320435 
922 0.186683 
923 0.466071 
924 -0.385815 
925 0.482509 
926 0.466071 
927 0.073319 
928 -0.070309 
929 0.113518 
930 0.404721 
931 0.440156 
932 -0.490816 
933 0.151214 
934 -0.490816 
935 0.451371 
936 0.440156 
937 0.356195 
938 0.482509 
939 0.466071 
940 -0.424108 
941 0.113518 
942 -0.070309 
943 -0.070309 
944 0.310868 
945 0.310868 
946 0.275473 
947 0.171855 
948 0.174604 
949 0.440156 
950 0.174604 
951 0.174604 
952 0.466071 
953 -0.424108 
954 -0.424108 
955 0.113518 
956 0.113518 
957 -0.070309 
958 -0.070309 
959 0.275473 
960 0.275473 
961 0.171855 
962 -0.265826 
963 -0.265826 
964 -0.150280 
965 -0.150280 
966 -0.368491 
967 -0.443939 
968 -0.431999 
969 -0.443939 
970 -0.431999 
971 0.448798 
972 0.140468 
973 -0.298051 
974 0.140468 
975 0.416316 
976 0.416316 
977 0.416316 
978 0.180142 
979 0.416316 
980 0.416316 
981 -0.020358 
982 -0.354161 
983 0.497203 
984 -0.354161 
985 0.497203 
986 -0.354161 
987 0.497203 
988 0.497203 
989 0.073033 
990 -0.443939 
991 -0.368491 
992 -0.368491 
993 -0.368491 
994 -0.368491 
995 -0.431999 
996 -0.431999 
997 -0.431999 
998 -0.431999 
999 -0.431999 
1000 0.148794 
1001 0.362600 
1002 0.448798 
1003 0.449383 
1004 0.362600 
1005 0.053665 
1006 0.449383 
1007 0.180142 
1008 0.180142 
1009 0.180142 
1010 0.180142 
1011 0.180142 
1012 0.180142 
1013 -0.020358 
1014 -0.020358 
1015 0.180142 
1016 0.497203 
1017 -0.020358 
1018 0.140468 
1019 0.497203 
1020 0.497203 
1021 -0.020358 
1022 0.497203 
1023 0.497203 
1024 -0.354161 
1025 0.497203 
1026 0.497203 
1027 0.123904 
1028 0.050825 
1029 -0.443939 
1030 -0.368491 
1031 -0.368491 
1032 -0.443939 
1033 0.069104 
1034 -0.169623 
1035 0.298691 
1036 0.298691 
1037 -0.169623 
1038 0.297482 
1039 0.430542 
1040 0.332034 
1041 0.449383 
1042 -0.036604 
1043 0.430542 
1044 0.113518 
1045 0.362600 
1046 0.150649 
1047 0.113518 
1048 -0.275116 
1049 0.425394 
1050 -0.124984 
1051 0.416316 
1052 -0.406024 
1053 -0.124984 
1054 -0.124984 
1055 0.091284 
1056 -0.020358 
1057 -0.317606 
1058 -0.354161 
1059 -0.354161 
1060 0.089439 
1061 0.140468 
1062 -0.354161 
1063 -0.317606 
1064 0.123904 
1065 0.050825 
1066 0.123904 
1067 0.069104 
1068 -0.368491 
1069 -0.006045 
1070 -0.443939 
1071 -0.169623 
1072 0.069104 
1073 0.069104 
1074 0.081899 
1075 -0.253404 
1076 0.297482 
1077 0.081899 
1078 -0.199433 
1079 -0.036604 
1080 0.430542 
1081 0.091284 
1082 0.297482 
1083 -0.036604 
1084 0.113518 
1085 0.113518 
1086 -0.275116 
1087 -0.124984 
1088 -0.124984 
1089 0.471216 
1090 -0.205083 
1091 -0.124984 
1092 -0.124984 
1093 -0.354161 
1094 -0.124984 
1095 -0.317606 
1096 -0.317606 
1097 -0.317606 
1098 0.140468 
1099 -0.354161 
1100 -0.317606 
1101 0.123904 
1102 0.123904 
1103 -0.006045 
1104 -0.006045 
1105 -0.006045 
1106 -0.006045 
1107 -0.006045 
1108 -0.317768 
1109 -0.006045 
1110 -0.006045 
1111 0.081899 
1112 -0.132458 
1113 -0.132458 
1114 -0.295804 
1115 0.297482 
1116 0.297482 
1117 0.081899 
1118 0.297482 
1119 0.297482 
1120 -0.032915 
1121 0.030413 
1122 0.030413 
1123 0.471216 
1124 0.298691 
1125 0.471216 
1126 -0.473671 
1127 -0.124984 
1128 -0.124984 
1129 0.471216 
1130 -0.124984 
1131 -0.317606 
1132 0.091284 
1133 -0.317606 
1134 -0.317606 
1135 0.436136 
1136 -0.317606 
1137 -0.317606 
1138 -0.092465 
1139 0.123904 
1140 0.123904 
1141 -0.150856 
1142 -0.150280 
1143 -0.097454 
1144 -0.317768 
1145 0.042785 
1146 -0.097454 
1147 -0.097454 
1148 -0.317768 
1149 -0.132458 
1150 -0.132458 
1151 0.081899 
1152 -0.491461 
1153 -0.132458 
1154 0.081899 
1155 -0.358342 
1156 -0.432673 
1157 -0.354076 
1158 0.030413 
1159 -0.024057 
1160 -0.157292 
1161 -0.419660 
1162 -0.419660 
1163 0.471216 
1164 -0.419660 
1165 0.283546 
1166 0.161337 
1167 0.283546 
1168 0.283546 
1169 -0.238914 
1170 -0.317606 
1171 -0.191953 
1172 -0.386202 
1173 -0.317606 
1174 -0.317606 
1175 0.123904 
1176 0.123904 
1177 -0.092465 
1178 -0.092465 
1179 -0.150280 
1180 -0.092465 
1181 -0.092465 
1182 -0.317768 
1183 -0.097454 
1184 -0.379149 
1185 -0.097454 
1186 -0.097454 
1187 -0.097454 
1188 0.397669 
1189 -0.150856 
1190 -0.150856 
1191 -0.491461 
1192 -0.379149 
1193 -0.241634 
1194 -0.459765 
1195 -0.269276 
1196 -0.241634 
1197 0.186647 
1198 -0.419660 
1199 -0.419660 
1200 0.308744 
1201 0.283546 
1202 0.283546 
1203 -0.075456 
1204 0.283546 
1205 -0.226858 
1206 -0.075456 
1207 -0.191953 
1208 -0.191953 
1209 -0.386202 
1210 -0.191953 
1211 -0.317606 
1212 0.123904 
1213 -0.238914 
1214 0.123904 
1215 -0.092465 
1216 -0.150856 
1217 -0.092465 
1218 -0.150856 
1219 -0.238914 
1220 -0.092465 
1221 -0.092465 
1222 0.397669 
1223 -0.379149 
1224 -0.097454 
1225 0.397669 
1226 -0.379149 
1227 -0.379149 
1228 -0.150856 
1229 -0.334179 
1230 0.352799 
1231 -0.379149 
1232 -0.241634 
1233 -0.241634 
1234 0.308744 
1235 -0.241634 
1236 -0.241634 
1237 0.308744 
1238 -0.419660 
1239 -0.419660 
1240 -0.401608 
1241 -0.075456 
1242 0.283546 
1243 0.463376 
1244 -0.191953 
1245 0.283546 
1246 -0.226858 
1247 -0.191953 
1248 -0.123681 
1249 0.073319 
1250 -0.244356 
1251 -0.474588 
1252 -0.474588 
1253 0.368803 
1254 -0.092465 
1255 -0.238914 
1256 -0.316219 
1257 -0.092465 
1258 -0.092465 
1259 -0.238914 
1260 -0.379149 
1261 -0.379149 
1262 0.440156 
1263 0.087392 
1264 -0.379149 
1265 -0.317606 
1266 0.320435 
1267 0.320435 
1268 -0.317606 
1269 0.320435 
1270 0.320435 
1271 -0.317606 
1272 0.186683 
1273 0.186683 
1274 -0.401608 
1275 -0.067342 
1276 -0.067342 
1277 -0.401608 
1278 -0.067342 
1279 0.023631 
1280 -0.401608 
1281 -0.082496 
1282 0.283546 
1283 0.023631 
1284 -0.082496 
1285 0.466071 
1286 -0.424108 
1287 -0.244356 
1288 0.073319 
1289 0.073319 
1290 0.073319 
1291 -0.474588 
1292 -0.474588 
1293 0.076276 
1294 -0.474588 
1295 -0.474588 
1296 -0.238914 
1297 0.087392 
1298 0.171855 
1299 0.419083 
1300 0.087392 
1301 0.141278 
1302 0.275473 
1303 0.320435 
1304 0.320435 
1305 -0.161697 
1306 0.320435 
1307 0.320435 
1308 -0.161697 
1309 0.320435 
1310 0.320435 
1311 0.275647 
1312 0.186683 
1313 0.186683 
1314 -0.401608 
1315 0.482509 
1316 -0.150280 
1317 0.466071 
1318 0.466071 
1319 0.482509 
1320 0.023631 
1321 0.466071 
1322 0.466071 
1323 -0.424108 
1324 -0.424108 
1325 0.073319 
1326 0.073319 
1327 0.073319 
1328 0.404721 
1329 -0.070309 
1330 -0.070309 
1331 0.404721 
1332 0.404721 
1333 -0.244356 
1334 0.404721 
1335 0.310868 
1336 -0.070309 
1337 0.171855 
1338 0.275473 
1339 0.275473 
1340 0.141278 
1341 0.275473 
1342 -0.161697 
1343 0.320435 
1344 -0.265826 
1345 -0.265826 
1346 0.320435 
1347 0.174604 
1348 0.237459 
1349 0.186683 
1350 0.440156 
1351 0.174604 
1352 -0.150280 
1353 0.174604 
1354 0.466071 
1355 0.466071 
1356 -0.150280 
1357 -0.150280 
1358 0.466071 
1359 0.466071 
1360 -0.457808 
1361 -0.424108 
1362 -0.424108 
1363 -0.424108 
1364 -0.424108 
1365 -0.424108 
1366 0.113518 
1367 -0.424108 
1368 0.404721 
1369 0.404721 
1370 -0.100979 
1371 -0.132458 
1372 -0.070309 
1373 -0.070309 
1374 -0.132458 
1375 -0.132458 
1376 0.171855 
1377 0.141278 
1378 0.275473 
1379 0.141278 
1380 -0.012199 
1381 0.275473 
1382 0.141278 
1383 -0.012199 
1384 0.171855 
1385 -0.265826 
1386 0.237459 
1387 -0.265826 
1388 0.171855 
1389 -0.150280 
1390 -0.150280 
1391 -0.150280 
1392 0.482509 
1393 -0.150280 
1394 -0.150280 
1395 0.466071 
1396 0.466071 
1397 -0.424108 
1398 -0.457808 
1399 -0.424108 
1400 -0.424108 
1401 -0.424108 
1402 -0.424108 
1403 0.113518 
1404 -0.070309 
1405 0.113518 
1406 -0.070309 
1407 -0.441039 
1408 0.275473 
1409 -0.441039 
1410 0.275473 
1411 -0.441039 
1412 0.171855 
1413 -0.265826 
1414 -0.265826 
1415 -0.265826 
1416 -0.265826 
1417 0.174604 
1418 -0.150280 
1419 0.174604 
1420 0.174604 
1421 0.091228 
1422 -0.431999 
1423 -0.443939 
1424 -0.431999 
1425 0.032482 
1426 0.140468 
1427 0.102480 
1428 0.140468 
1429 0.102480 
1430 0.416316 
1431 0.416316 
1432 0.180142 
1433 0.416316 
1434 0.416316 
1435 0.416316 
1436 -0.354161 
1437 0.416316 
1438 -0.354161 
1439 0.497203 
1440 -0.354161 
1441 0.497203 
1442 0.497203 
1443 0.073033 
1444 0.073033 
1445 -0.368491 
1446 -0.443939 
1447 -0.368491 
1448 -0.368491 
1449 -0.443939 
1450 -0.431999 
1451 -0.431999 
1452 -0.443939 
1453 0.148794 
1454 -0.431999 
1455 0.148794 
1456 0.148794 
1457 0.140468 
1458 0.053665 
1459 0.237459 
1460 0.140468 
1461 -0.298051 
1462 0.072497 
1463 0.416316 
1464 0.416316 
1465 0.072497 
1466 0.180142 
1467 0.416316 
1468 0.180142 
1469 0.416316 
1470 -0.020358 
1471 0.140468 
1472 -0.354161 
1473 0.497203 
1474 0.140468 
1475 -0.354161 
1476 0.497203 
1477 0.140468 
1478 0.140468 
1479 0.497203 
1480 0.497203 
1481 0.073033 
1482 0.050825 
1483 0.123904 
1484 -0.368491 
1485 -0.368491 
1486 0.091228 
1487 -0.443939 
1488 0.491283 
1489 0.298691 
1490 -0.443939 
1491 -0.169623 
1492 -0.443939 
1493 0.430542 
1494 0.148794 
1495 -0.097454 
1496 0.449383 
1497 0.002042 
1498 -0.094142 
1499 -0.036604 
1500 -0.036604 
1501 0.042785 
1502 0.042785 
1503 0.482509 
1504 -0.275116 
1505 0.425394 
1506 -0.406024 
1507 -0.406024 
1508 0.091284 
1509 -0.354161 
1510 0.386254 
1511 0.091284 
1512 0.140468 
1513 0.214821 
1514 -0.354161 
1515 -0.317606 
1516 0.497203 
1517 -0.317606 
1518 0.089439 
1519 0.050825 
1520 0.123904 
1521 0.050825 
1522 -0.368491 
1523 0.091228 
1524 -0.169623 
1525 -0.169623 
1526 0.069104 
1527 0.050825 
1528 0.081899 
1529 -0.443939 
1530 -0.253404 
1531 0.081899 
1532 -0.443939 
1533 -0.199433 
1534 -0.036604 
1535 0.297482 
1536 0.091284 
1537 -0.205083 
1538 -0.036604 
1539 -0.036604 
1540 -0.036604 
1541 -0.275116 
1542 0.471216 
1543 0.471216 
1544 -0.275116 
1545 -0.205083 
1546 0.236780 
1547 -0.076612 
1548 0.436136 
1549 0.091284 
1550 -0.317606 
1551 0.150287 
1552 0.150287 
1553 0.140468 
1554 -0.354161 
1555 -0.317606 
1556 0.123904 
1557 0.123904 
1558 -0.150280 
1559 -0.150280 
1560 -0.006045 
1561 0.050825 
1562 0.050825 
1563 -0.317768 
1564 -0.276555 
1565 0.155686 
1566 -0.443939 
1567 0.081899 
1568 0.081899 
1569 -0.317768 
1570 0.081899 
1571 0.081899 
1572 0.010065 
1573 -0.036604 
1574 0.400186 
1575 -0.036604 
1576 -0.036604 
1577 -0.036604 
1578 -0.275116 
1579 0.298691 
1580 0.471216 
1581 -0.241634 
1582 0.161337 
1583 0.161337 
1584 0.471216 
1585 0.091284 
1586 -0.238914 
1587 -0.317606 
1588 0.150287 
1589 -0.317606 
1590 -0.317606 
1591 -0.317606 
1592 -0.317606 
1593 0.123904 
1594 0.123904 
1595 0.123904 
1596 -0.150280 
1597 -0.150280 
1598 -0.275116 
1599 -0.275116 
1600 0.283534 
1601 -0.275116 
1602 -0.275116 
1603 0.250871 
1604 0.195726 
1605 -0.026737 
1606 -0.317768 
1607 -0.401608 
1608 0.276358 
1609 -0.159211 
1610 -0.358342 
1611 -0.432673 
1612 -0.354076 
1613 -0.401608 
1614 -0.024057 
1615 -0.354076 
1616 0.161337 
1617 0.161337 
1618 -0.275116 
1619 0.471216 
1620 -0.238914 
1621 0.161337 
1622 -0.386202 
1623 0.161337 
1624 -0.238914 
1625 -0.317606 
1626 -0.386202 
1627 -0.191953 
1628 -0.317606 
1629 -0.317606 
1630 0.123904 
1631 -0.194967 
1632 0.123904 
1633 -0.150280 
1634 -0.150856 
1635 -0.150280 
1636 -0.275116 
1637 -0.012541 
1638 0.397669 
1639 -0.265826 
1640 0.194897 
1641 -0.275116 
1642 -0.275116 
1643 0.440886 
1644 0.471216 
1645 0.471216 
1646 -0.491461 
1647 0.471216 
1648 0.471216 
1649 -0.459765 
1650 -0.269276 
1651 0.308744 
1652 0.431734 
1653 0.308744 
1654 0.308744 
1655 0.016240 
1656 0.161337 
1657 0.161337 
1658 -0.419660 
1659 0.161337 
1660 -0.226858 
1661 0.101587 
1662 -0.226858 
1663 -0.386202 
1664 0.283546 
1665 -0.317606 
1666 0.434137 
1667 -0.238914 
1668 -0.194967 
1669 0.368803 
1670 -0.150280 
1671 -0.092465 
1672 -0.238914 
1673 -0.238914 
1674 -0.092465 
1675 -0.083404 
1676 -0.275116 
1677 -0.034272 
1678 -0.275116 
1679 -0.275116 
1680 -0.446224 
1681 -0.317606 
1682 0.119172 
1683 -0.006045 
1684 -0.334179 
1685 0.352799 
1686 0.319961 
1687 0.308744 
1688 0.308744 
1689 -0.223355 
1690 -0.401608 
1691 -0.401608 
1692 0.350335 
1693 -0.401608 
1694 -0.401608 
1695 0.308500 
1696 -0.075456 
1697 0.050825 
1698 0.101587 
1699 -0.123681 
1700 -0.386202 
1701 0.283546 
1702 -0.123681 
1703 0.434137 
1704 -0.244356 
1705 -0.194967 
1706 -0.238914 
1707 0.368803 
1708 -0.474588 
1709 -0.194967 
1710 -0.238914 
1711 -0.474588 
1712 0.400186 
1713 -0.037401 
1714 0.440156 
1715 0.440156 
1716 0.440156 
1717 0.440156 
1718 -0.317606 
1719 -0.317606 
1720 0.440156 
1721 0.012745 
1722 0.012745 
1723 -0.317606 
1724 0.352799 
1725 -0.334179 
1726 0.350335 
1727 -0.401608 
1728 -0.401608 
1729 0.350335 
1730 -0.369305 
1731 0.185579 
1732 -0.401608 
1733 -0.140917 
1734 0.023631 
1735 0.283869 
1736 0.466071 
1737 0.023631 
1738 -0.067342 
1739 0.466071 
1740 -0.082496 
1741 -0.244356 
1742 -0.457808 
1743 -0.244356 
1744 0.076276 
1745 0.073319 
1746 -0.244356 
1747 -0.238914 
1748 -0.194967 
1749 -0.238914 
1750 -0.070309 
1751 0.440156 
1752 0.440156 
1753 -0.169623 
1754 -0.473671 
1755 0.440156 
1756 0.440156 
1757 0.440156 
1758 -0.317606 
1759 -0.317606 
1760 -0.490816 
1761 -0.317606 
1762 -0.317606 
1763 0.320435 
1764 0.451840 
1765 -0.368571 
1766 0.186683 
1767 -0.401608 
1768 -0.401608 
1769 0.466071 
1770 -0.401608 
1771 0.466071 
1772 -0.385815 
1773 0.023631 
1774 0.472025 
1775 -0.238914 
1776 0.466071 
1777 -0.082496 
1778 -0.424108 
1779 -0.457808 
1780 -0.457808 
1781 -0.424108 
1782 -0.424108 
1783 0.186683 
1784 -0.100979 
1785 0.113518 
1786 -0.070309 
1787 -0.070309 
1788 0.404721 
1789 -0.070309 
1790 -0.070309 
1791 0.440156 
1792 0.419083 
1793 0.386254 
1794 -0.490816 
1795 0.150649 
1796 -0.490816 
1797 0.151214 
1798 -0.265826 
1799 -0.265826 
1800 -0.490816 
1801 -0.265826 
1802 -0.265826 
1803 0.451371 
1804 -0.368571 
1805 0.014497 
1806 0.440156 
1807 -0.050915 
1808 0.466071 
1809 0.356195 
1810 0.466071 
1811 0.174604 
1812 -0.238914 
1813 0.466071 
1814 0.466071 
1815 -0.424108 
1816 -0.424108 
1817 -0.424108 
1818 -0.424108 
1819 -0.457808 
1820 -0.100979 
1821 -0.424108 
1822 -0.424108 
1823 0.191221 
1824 0.113518 
1825 0.404721 
1826 0.298691 
1827 0.298691 
1828 -0.132458 
1829 0.298691 
1830 -0.441039 
1831 0.162931 
1832 0.150649 
1833 -0.441039 
1834 -0.132458 
1835 0.456271 
1836 -0.441039 
1837 0.141278 
1838 0.456271 
1839 -0.265826 
1840 -0.012199 
1841 0.237459 
1842 -0.265826 
1843 -0.012199 
1844 0.174604 
1845 0.174604 
1846 0.103247 
1847 0.174604 
1848 0.174604 
1849 0.103247 
1850 0.466071 
1851 0.466071 
1852 -0.424108 
1853 -0.424108 
1854 -0.424108 
1855 -0.424108 
1856 -0.424108 
1857 0.113518 
1858 0.113518 
1859 0.113518 
1860 0.113518 
1861 -0.441039 
1862 -0.132458 
1863 -0.441039 
1864 -0.441039 
1865 -0.441039 
1866 -0.490816 
1867 -0.265826 
1868 -0.012199 
1869 -0.265826 
1870 0.191221 
1871 0.174604 
1872 0.041053 
1873 0.174604 
1874 0.041053 
1875 0.103247 
1876 -0.267534 
1877 -0.443939 
1878 -0.431999 
1879 0.032482 
1880 -0.431999 
1881 0.102480 
1882 0.164868 
1883 0.102480 
1884 0.140468 
1885 0.416316 
1886 0.237459 
1887 0.416316 
1888 -0.069144 
1889 0.416316 
1890 -0.150856 
1891 0.416316 
1892 -0.208775 
1893 0.497203 
1894 0.267051 
1895 0.497203 
1896 0.267051 
1897 0.073033 
1898 -0.215379 
1899 0.073033 
1900 -0.443939 
1901 0.012745 
1902 0.091228 
1903 0.091228 
1904 -0.267534 
1905 -0.443939 
1906 -0.443939 
1907 -0.267534 
1908 -0.470843 
1909 0.032482 
1910 0.148794 
1911 -0.111546 
1912 0.102480 
1913 0.140468 
1914 -0.111546 
1915 0.416316 
1916 0.237459 
1917 -0.026737 
1918 0.237459 
1919 0.180142 
1920 -0.026737 
1921 0.416316 
1922 0.072497 
1923 0.240104 
1924 0.416316 
1925 0.180142 
1926 0.497203 
1927 0.497203 
1928 -0.150856 
1929 0.497203 
1930 0.497203 
1931 0.140468 
1932 0.497203 
1933 0.073033 
1934 0.497203 
1935 0.073033 
1936 -0.215379 
1937 0.141278 
1938 0.012745 
1939 0.091228 
1940 -0.443939 
1941 -0.267534 
1942 -0.443939 
1943 -0.443939 
1944 0.141278 
1945 -0.443939 
1946 -0.470843 
1947 -0.252746 
1948 -0.443939 
1949 -0.498103 
1950 0.339650 
1951 -0.036604 
1952 -0.036604 
1953 0.140468 
1954 -0.036604 
1955 -0.436852 
1956 -0.069144 
1957 -0.069144 
1958 0.046859 
1959 0.072497 
1960 0.416316 
1961 -0.183228 
1962 0.392511 
1963 -0.317606 
1964 -0.026463 
1965 0.091284 
1966 -0.317606 
1967 -0.317606 
1968 0.091284 
1969 0.497203 
1970 0.089439 
1971 0.030413 
1972 0.089439 
1973 0.267051 
1974 0.123904 
1975 0.141278 
1976 0.091228 
1977 0.091228 
1978 0.091228 
1979 0.141278 
1980 0.091228 
1981 0.050825 
1982 -0.443939 
1983 -0.443939 
1984 -0.214263 
1985 -0.443939 
1986 0.139389 
1987 -0.331772 
1988 -0.036604 
1989 -0.036604 
1990 0.104200 
1991 -0.275116 
1992 -0.275116 
1993 -0.333837 
1994 -0.036604 
1995 0.078823 
1996 -0.374802 
1997 -0.275116 
1998 -0.043645 
1999 -0.215379 
2000 -0.317606 
2001 -0.317606 
2002 -0.418868 
2003 0.214821 
2004 0.091284 
2005 0.150287 
2006 -0.317606 
2007 0.267051 
2008 0.150287 
2009 -0.317606 
2010 0.267051 
2011 0.123904 
2012 0.141278 
2013 0.123904 
2014 0.091228 
2015 0.456271 
2016 0.073319 
2017 0.073319 
2018 0.141278 
2019 -0.317768 
2020 -0.050915 
2021 -0.373648 
2022 0.081899 
2023 -0.443939 
2024 -0.299625 
2025 -0.354076 
2026 -0.354076 
2027 0.352799 
2028 0.370046 
2029 -0.036604 
2030 0.169881 
2031 -0.255559 
2032 -0.275116 
2033 -0.243329 
2034 -0.275116 
2035 -0.275116 
2036 -0.473671 
2037 0.161337 
2038 0.297482 
2039 -0.395179 
2040 -0.317606 
2041 -0.265826 
2042 -0.395410 
2043 -0.317606 
2044 0.362600 
2045 -0.395410 
2046 -0.317606 
2047 0.089439 
2048 0.123904 
2049 0.179241 
2050 0.123904 
2051 0.123904 
2052 -0.150280 
2053 0.482509 
2054 0.073319 
2055 -0.253810 
2056 -0.317768 
2057 -0.379149 
2058 0.025166 
2059 0.073319 
2060 0.073319 
2061 -0.419660 
2062 0.084465 
2063 0.088563 
2064 0.471216 
2065 0.023631 
2066 0.214762 
2067 -0.401608 
2068 -0.354076 
2069 -0.354076 
2070 -0.293575 
2071 0.164868 
2072 0.161337 
2073 0.114817 
2074 -0.213122 
2075 -0.241634 
2076 0.161337 
2077 0.217175 
2078 0.161337 
2079 -0.213122 
2080 -0.317606 
2081 0.362600 
2082 -0.386202 
2083 -0.317606 
2084 -0.317606 
2085 -0.194967 
2086 0.179241 
2087 -0.092465 
2088 -0.092465 
2089 -0.150280 
2090 0.123904 
2091 -0.046786 
2092 -0.253810 
2093 0.154027 
2094 -0.039101 
2095 -0.275116 
2096 0.073319 
2097 0.407480 
2098 -0.194967 
2099 0.088563 
2100 0.088563 
2101 0.016240 
2102 -0.354076 
2103 -0.354076 
2104 -0.392348 
2105 0.169881 
2106 -0.354076 
2107 -0.001483 
2108 0.101587 
2109 -0.485900 
2110 -0.239518 
2111 0.161337 
2112 0.101587 
2113 0.174604 
2114 0.240104 
2115 0.161337 
2116 -0.169623 
2117 0.434137 
2118 0.217175 
2119 -0.226858 
2120 0.434137 
2121 0.089439 
2122 -0.194967 
2123 0.214762 
2124 -0.194967 
2125 -0.092465 
2126 -0.296978 
2127 -0.046786 
2128 -0.194967 
2129 -0.238914 
2130 -0.034272 
2131 -0.034272 
2132 0.448798 
2133 0.446671 
2134 0.443246 
2135 0.023179 
2136 0.191221 
2137 0.319961 
2138 0.405044 
2139 -0.006045 
2140 -0.006045 
2141 0.154027 
2142 0.350335 
2143 0.350335 
2144 -0.470903 
2145 0.350335 
2146 0.308500 
2147 0.274751 
2148 0.185579 
2149 0.185579 
2150 -0.253404 
2151 -0.067342 
2152 -0.232929 
2153 -0.123681 
2154 -0.067342 
2155 -0.067342 
2156 -0.226858 
2157 0.434137 
2158 -0.123681 
2159 -0.194967 
2160 -0.431999 
2161 -0.194967 
2162 0.214762 
2163 -0.296978 
2164 -0.194967 
2165 -0.194967 
2166 -0.194967 
2167 -0.034272 
2168 0.440156 
2169 0.049998 
2170 0.191221 
2171 0.191221 
2172 -0.146537 
2173 -0.258902 
2174 -0.158028 
2175 0.310899 
2176 0.359776 
2177 -0.326934 
2178 0.155686 
2179 0.350335 
2180 0.350335 
2181 0.012745 
2182 0.185579 
2183 -0.354161 
2184 0.194897 
2185 0.350335 
2186 0.185579 
2187 -0.431999 
2188 0.185579 
2189 -0.082496 
2190 0.472025 
2191 -0.082496 
2192 -0.067342 
2193 0.050825 
2194 -0.082496 
2195 -0.123681 
2196 -0.457808 
2197 -0.431999 
2198 -0.457808 
2199 -0.457808 
2200 0.078823 
2201 -0.053306 
2202 -0.194967 
2203 -0.375117 
2204 0.440156 
2205 0.440156 
2206 -0.092641 
2207 0.440156 
2208 0.440156 
2209 -0.101032 
2210 0.191221 
2211 0.191221 
2212 0.104200 
2213 0.191221 
2214 0.191221 
2215 -0.470903 
2216 -0.376338 
2217 0.191221 
2218 0.050825 
2219 0.191221 
2220 0.191221 
2221 0.046859 
2222 0.041053 
2223 0.041053 
2224 -0.236879 
2225 0.041053 
2226 -0.238914 
2227 0.466071 
2228 -0.082496 
2229 -0.238914 
2230 -0.267534 
2231 -0.082496 
2232 -0.123681 
2233 -0.457808 
2234 -0.424108 
2235 -0.457808 
2236 -0.457808 
2237 -0.274425 
2238 0.186683 
2239 0.186683 
2240 -0.465680 
2241 0.440156 
2242 0.211994 
2243 0.191221 
2244 0.440156 
2245 0.440156 
2246 0.298691 
2247 0.162931 
2248 -0.490816 
2249 -0.441039 
2250 -0.490816 
2251 -0.490816 
2252 -0.441039 
2253 0.191221 
2254 0.191221 
2255 0.456271 
2256 0.451371 
2257 0.451371 
2258 0.191221 
2259 0.191221 
2260 0.191221 
2261 0.451840 
2262 0.103247 
2263 -0.082496 
2264 0.174604 
2265 0.466071 
2266 0.103247 
2267 0.122418 
2268 0.466071 
2269 0.466071 
2270 -0.424108 
2271 -0.424108 
2272 -0.424108 
2273 -0.424108 
2274 -0.274425 
2275 -0.274425 
2276 -0.490173 
2277 0.195726 
2278 -0.452782 
2279 0.113518 
2280 -0.274425 
2281 -0.132458 
2282 -0.132458 
2283 0.298691 
2284 -0.132458 
2285 -0.132458 
2286 -0.238264 
2287 -0.132458 
2288 -0.441039 
2289 0.319961 
2290 -0.012199 
2291 -0.490816 
2292 0.319961 
2293 -0.012199 
2294 -0.012199 
2295 0.319961 
2296 -0.012199 
2297 0.191221 
2298 0.486758 
2299 0.103247 
2300 0.041053 
2301 0.122418 
2302 0.041053 
2303 0.103247 
2304 0.122418 
2305 0.466071 
2306 0.466071 
2307 -0.424108 
2308 -0.424108 
2309 -0.424108 
2310 -0.424108 
2311 -0.424108 
2312 -0.424108 
2313 0.113518 
2314 0.113518 
2315 0.113518 
2316 -0.132458 
2317 -0.441039 
2318 -0.441039 
2319 -0.441039 
2320 -0.490816 
2321 -0.441039 
2322 -0.012199 
2323 -0.265826 
2324 0.191221 
2325 -0.265826 
2326 0.041053 
2327 0.174604 
2328 0.041053 
2329 0.174604 
2330 0.122418 
2331 0.181335 
2332 0.404721 
2333 -0.443939 
2334 0.404721 
2335 0.032482 
2336 0.164868 
2337 0.102480 
2338 0.140468 
2339 0.102480 
2340 0.237459 
2341 -0.243329 
2342 -0.069144 
2343 0.088563 
2344 -0.150856 
2345 0.162931 
2346 -0.208775 
2347 0.162931 
2348 0.267051 
2349 0.497203 
2350 0.267051 
2351 0.497203 
2352 -0.215379 
2353 0.073033 
2354 0.073033 
2355 0.012745 
2356 0.012745 
2357 0.477929 
2358 -0.267534 
2359 -0.267534 
2360 0.477929 
2361 0.404721 
2362 -0.443939 
2363 0.164868 
2364 -0.431999 
2365 0.181335 
2366 0.140468 
2367 0.140468 
2368 -0.041807 
2369 0.140468 
2370 0.237459 
2371 -0.041807 
2372 0.072497 
2373 0.237459 
2374 0.091284 
2375 0.072497 
2376 -0.069144 
2377 0.091284 
2378 0.392511 
2379 -0.150856 
2380 -0.296978 
2381 -0.150856 
2382 -0.208775 
2383 0.497203 
2384 0.267051 
2385 0.267051 
2386 0.497203 
2387 0.267051 
2388 -0.215379 
2389 0.497203 
2390 -0.215379 
2391 0.073033 
2392 0.012745 
2393 0.407113 
2394 0.012745 
2395 0.477929 
2396 -0.443939 
2397 -0.267534 
2398 0.477929 
2399 -0.443939 
2400 -0.443939 
2401 0.404721 
2402 0.299227 
2403 0.404721 
2404 0.271532 
2405 -0.267534 
2406 0.359776 
2407 0.359776 
2408 -0.111546 
2409 -0.069144 
2410 0.161337 
2411 -0.274425 
2412 -0.069144 
2413 0.359776 
2414 -0.026737 
2415 -0.208775 
2416 0.185579 
2417 0.240104 
2418 -0.075394 
2419 -0.208775 
2420 -0.208775 
2421 -0.359500 
2422 -0.208775 
2423 0.267051 
2424 0.267051 
2425 0.089439 
2426 0.497203 
2427 0.267051 
2428 -0.258167 
2429 0.027213 
2430 0.407113 
2431 -0.267534 
2432 -0.267534 
2433 0.141278 
2434 0.141278 
2435 0.141278 
2436 0.320435 
2437 0.141278 
2438 0.141278 
2439 -0.075456 
2440 0.141278 
2441 -0.302162 
2442 0.407113 
2443 0.141278 
2444 0.141278 
2445 -0.431999 
2446 0.359776 
2447 0.099923 
2448 -0.356476 
2449 -0.069144 
2450 -0.069144 
2451 -0.168810 
2452 -0.231978 
2453 -0.012199 
2454 -0.484354 
2455 -0.208775 
2456 -0.208775 
2457 0.151214 
2458 -0.208775 
2459 -0.208775 
2460 0.477929 
2461 0.089439 
2462 0.150287 
2463 -0.470843 
2464 0.267051 
2465 -0.258167 
2466 0.141278 
2467 0.123904 
2468 0.027213 
2469 0.141278 
2470 0.407113 
2471 0.141278 
2472 0.141278 
2473 -0.368491 
2474 -0.075394 
2475 0.141278 
2476 -0.114893 
2477 0.141278 
2478 0.141278 
2479 -0.470903 
2480 0.471216 
2481 0.267051 
2482 0.378369 
2483 0.141278 
2484 0.141278 
2485 0.404721 
2486 -0.097454 
2487 0.271532 
2488 0.068568 
2489 -0.097454 
2490 -0.213122 
2491 -0.293575 
2492 -0.213122 
2493 0.103247 
2494 -0.158041 
2495 -0.043645 
2496 -0.259415 
2497 0.362600 
2498 0.150287 
2499 0.150287 
2500 -0.470843 
2501 0.089439 
2502 0.189794 
2503 0.179241 
2504 0.123904 
2505 0.027213 
2506 0.027213 
2507 -0.302944 
2508 0.456271 
2509 0.027213 
2510 -0.037401 
2511 -0.253810 
2512 -0.368491 
2513 0.073319 
2514 0.471216 
2515 0.471216 
2516 -0.076612 
2517 0.023631 
2518 0.023631 
2519 0.122418 
2520 0.023631 
2521 0.141278 
2522 0.486758 
2523 -0.485900 
2524 0.023631 
2525 -0.334179 
2526 -0.485900 
2527 -0.485900 
2528 -0.495077 
2529 -0.213122 
2530 -0.213122 
2531 -0.255559 
2532 -0.213122 
2533 -0.213122 
2534 0.477929 
2535 0.089439 
2536 -0.395410 
2537 0.023631 
2538 0.089439 
2539 0.189794 
2540 0.179241 
2541 0.214762 
2542 0.179241 
2543 0.027213 
2544 -0.302944 
2545 -0.253810 
2546 -0.253810 
2547 -0.094335 
2548 -0.253810 
2549 -0.253810 
2550 0.486758 
2551 0.449383 
2552 0.076276 
2553 -0.386202 
2554 0.471216 
2555 0.471216 
2556 -0.349381 
2557 -0.332241 
2558 -0.332241 
2559 -0.132759 
2560 -0.332241 
2561 -0.332241 
2562 0.359748 
2563 -0.485900 
2564 -0.485900 
2565 -0.358342 
2566 -0.485900 
2567 -0.215379 
2568 -0.255559 
2569 0.161337 
2570 -0.236248 
2571 0.434578 
2572 0.089439 
2573 -0.169623 
2574 0.099923 
2575 0.089439 
2576 -0.167949 
2577 0.214762 
2578 0.214762 
2579 0.214762 
2580 -0.296978 
2581 0.214762 
2582 -0.276005 
2583 -0.491461 
2584 -0.034272 
2585 0.473810 
2586 -0.457427 
2587 -0.214594 
2588 -0.359500 
2589 -0.460229 
2590 -0.014133 
2591 0.310899 
2592 0.310899 
2593 0.104200 
2594 -0.332241 
2595 -0.332241 
2596 0.446671 
2597 -0.332241 
2598 0.386254 
2599 0.153724 
2600 -0.485900 
2601 -0.485900 
2602 0.132706 
2603 -0.485900 
2604 0.328766 
2605 -0.082496 
2606 0.050825 
2607 -0.123681 
2608 0.140862 
2609 -0.123681 
2610 -0.169623 
2611 0.140862 
2612 -0.123681 
2613 -0.167949 
2614 -0.431999 
2615 0.462547 
2616 0.214762 
2617 -0.296978 
2618 0.214762 
2619 -0.296978 
2620 0.303971 
2621 -0.473671 
2622 -0.034272 
2623 0.440156 
2624 -0.057665 
2625 0.440156 
2626 0.440156 
2627 0.141278 
2628 0.440156 
2629 0.440156 
2630 0.191221 
2631 -0.395410 
2632 0.310899 
2633 -0.231978 
2634 -0.332241 
2635 -0.332241 
2636 0.294234 
2637 -0.332241 
2638 -0.332241 
2639 0.114817 
2640 0.121907 
2641 0.097812 
2642 -0.206564 
2643 -0.431999 
2644 -0.431999 
2645 0.407480 
2646 -0.123681 
2647 -0.215379 
2648 -0.398244 
2649 -0.123681 
2650 -0.082496 
2651 -0.431999 
2652 -0.457808 
2653 -0.431999 
2654 0.078823 
2655 0.403994 
2656 0.310868 
2657 -0.465680 
2658 -0.356476 
2659 -0.376153 
2660 0.072497 
2661 0.360446 
2662 0.440156 
2663 0.440156 
2664 -0.326934 
2665 0.440156 
2666 0.440156 
2667 0.404721 
2668 -0.325513 
2669 -0.253404 
2670 0.186647 
2671 -0.325513 
2672 -0.325513 
2673 0.423052 
2674 0.049998 
2675 0.417249 
2676 -0.151456 
2677 0.417249 
2678 -0.431999 
2679 -0.124984 
2680 -0.267534 
2681 -0.431999 
2682 -0.082496 
2683 -0.267534 
2684 -0.267534 
2685 -0.398244 
2686 -0.123681 
2687 -0.082496 
2688 -0.424108 
2689 -0.457808 
2690 -0.424108 
2691 -0.274425 
2692 -0.424108 
2693 0.078823 
2694 -0.465680 
2695 -0.201291 
2696 -0.465680 
2697 -0.455374 
2698 -0.201291 
2699 -0.238264 
2700 -0.455374 
2701 0.440156 
2702 -0.441039 
2703 0.403994 
2704 -0.490816 
2705 -0.441039 
2706 -0.441039 
2707 -0.383563 
2708 -0.451809 
2709 -0.441039 
2710 -0.490816 
2711 0.486758 
2712 -0.325513 
2713 0.191221 
2714 0.417249 
2715 0.417249 
2716 0.191221 
2717 0.122418 
2718 0.417249 
2719 0.041053 
2720 0.466071 
2721 0.122418 
2722 0.063467 
2723 0.466071 
2724 0.466071 
2725 -0.274425 
2726 -0.424108 
2727 -0.274425 
2728 -0.274425 
2729 -0.424108 
2730 -0.274425 
2731 -0.424108 
2732 -0.490173 
2733 0.195726 
2734 0.195726 
2735 -0.490173 
2736 -0.244356 
2737 -0.441039 
2738 -0.132458 
2739 0.298691 
2740 -0.132458 
2741 0.162931 
2742 0.319961 
2743 -0.441039 
2744 -0.132458 
2745 0.319961 
2746 0.319961 
2747 -0.012199 
2748 0.486758 
2749 -0.325513 
2750 -0.123466 
2751 -0.325513 
2752 -0.265826 
2753 -0.123466 
2754 0.174604 
2755 0.174604 
2756 0.063467 
2757 0.417249 
2758 0.122418 
2759 0.063467 
2760 0.466071 
2761 0.466071 
2762 -0.424108 
2763 -0.274425 
2764 -0.424108 
2765 -0.424108 
2766 -0.106311 
2767 0.195726 
2768 0.113518 
2769 -0.441039 
2770 -0.452782 
2771 -0.441039 
2772 -0.441039 
2773 -0.441039 
2774 -0.441039 
2775 0.319961 
2776 -0.374802 
2777 -0.325513 
2778 -0.241634 
2779 -0.265826 
2780 -0.241634 
2781 0.174604 
2782 0.041053 
2783 0.174604 
2784 0.041053 
2785 0.103247 
2786 -0.267534 
2787 0.181335 
2788 0.404721 
2789 -0.443939 
2790 0.404721 
2791 0.140468 
2792 0.164868 
2793 0.140468 
2794 0.140468 
2795 -0.243329 
2796 0.237459 
2797 0.088563 
2798 -0.069144 
2799 0.162931 
2800 -0.150856 
2801 0.162931 
2802 -0.208775 
2803 -0.258167 
2804 0.267051 
2805 -0.258167 
2806 0.267051 
2807 0.497203 
2808 -0.215379 
2809 0.073033 
2810 0.012745 
2811 0.012745 
2812 0.181335 
2813 0.181335 
2814 0.477929 
2815 0.181335 
2816 0.181335 
2817 0.477929 
2818 0.201256 
2819 -0.443939 
2820 0.404721 
2821 0.201256 
2822 0.140468 
2823 0.201256 
2824 -0.041807 
2825 0.140468 
2826 0.237459 
2827 0.201256 
2828 -0.243329 
2829 0.097988 
2830 0.091284 
2831 0.088563 
2832 0.237459 
2833 -0.296978 
2834 0.162931 
2835 0.097988 
2836 0.497203 
2837 0.497203 
2838 -0.150856 
2839 0.497203 
2840 -0.258167 
2841 -0.215379 
2842 0.497203 
2843 0.497203 
2844 -0.215379 
2845 0.497203 
2846 -0.215379 
2847 0.407113 
2848 0.012745 
2849 0.012745 
2850 0.320435 
2851 0.477929 
2852 -0.443939 
2853 -0.443939 
2854 -0.036604 
2855 -0.443939 
2856 -0.443939 
2857 0.455581 
2858 0.404721 
2859 0.404721 
2860 0.431734 
2861 -0.041807 
2862 0.201256 
2863 -0.183288 
2864 -0.274425 
2865 -0.455374 
2866 0.359776 
2867 0.091284 
2868 -0.158041 
2869 -0.455374 
2870 -0.296978 
2871 0.088563 
2872 0.211994 
2873 0.440886 
2874 0.088563 
2875 -0.208775 
2876 -0.258167 
2877 0.088563 
2878 -0.208775 
2879 -0.258167 
2880 -0.258167 
2881 -0.215379 
2882 -0.258167 
2883 0.267051 
2884 0.407113 
2885 0.057206 
2886 0.407113 
2887 0.320435 
2888 0.141278 
2889 0.141278 
2890 -0.036604 
2891 -0.075394 
2892 -0.075394 
2893 0.087392 
2894 0.442378 
2895 -0.038099 
2896 0.418552 
2897 -0.114893 
2898 -0.274425 
2899 -0.274425 
2900 0.274751 
2901 -0.274425 
2902 -0.274425 
2903 -0.194967 
2904 0.049869 
2905 -0.274425 
2906 -0.232869 
2907 0.360446 
2908 0.088563 
2909 -0.438371 
2910 0.189794 
2911 0.189794 
2912 0.073033 
2913 0.189794 
2914 -0.470843 
2915 0.462547 
2916 -0.470843 
2917 -0.470843 
2918 0.073033 
2919 -0.258167 
2920 0.267051 
2921 0.123904 
2922 0.057206 
2923 0.407113 
2924 0.407113 
2925 0.027213 
2926 0.073319 
2927 0.283534 
2928 -0.325513 
2929 -0.368491 
2930 -0.368491 
2931 -0.375325 
2932 0.140468 
2933 -0.287475 
2934 -0.427305 
2935 -0.140917 
2936 0.430542 
2937 0.141278 
2938 -0.274425 
2939 0.139389 
2940 -0.432673 
2941 -0.274425 
2942 0.443246 
2943 0.448798 
2944 0.376559 
2945 0.068568 
2946 -0.094335 
2947 0.189794 
2948 0.189794 
2949 0.418552 
2950 0.023631 
2951 0.477929 
2952 0.189794 
2953 0.189794 
2954 0.362600 
2955 0.073033 
2956 0.189794 
2957 -0.379275 
2958 0.123904 
2959 0.179241 
2960 0.123904 
2961 -0.302944 
2962 0.456271 
2963 0.073319 
2964 0.073319 
2965 0.283534 
2966 -0.174058 
2967 -0.368491 
2968 -0.457427 
2969 0.073319 
2970 0.256001 
2971 0.412048 
2972 0.140468 
2973 0.140468 
2974 -0.161697 
2975 0.023631 
2976 -0.437078 
2977 0.069104 
2978 -0.222636 
2979 -0.111546 
2980 -0.206564 
2981 -0.100979 
2982 -0.236248 
2983 0.367484 
2984 -0.215379 
2985 -0.215379 
2986 0.392511 
2987 0.099923 
2988 0.482509 
2989 -0.453341 
2990 0.362600 
2991 0.189794 
2992 0.378369 
2993 0.189794 
2994 -0.379275 
2995 0.214762 
2996 0.179241 
2997 0.123904 
2998 -0.302944 
2999 -0.158028 
3000 -0.302944 
3001 -0.118011 
3002 -0.046839 
3003 -0.253810 
3004 -0.368491 
3005 -0.276555 
3006 0.256001 
3007 0.256001 
3008 -0.401608 
3009 -0.084572 
3010 -0.258167 
3011 -0.490173 
3012 0.140468 
3013 -0.150856 
3014 0.386254 
3015 -0.222636 
3016 0.030413 
3017 0.368803 
3018 0.367484 
3019 -0.215379 
3020 0.332551 
3021 0.477929 
3022 -0.215379 
3023 -0.157292 
3024 -0.215379 
3025 -0.215379 
3026 -0.253810 
3027 -0.167949 
3028 -0.158041 
3029 0.378369 
3030 -0.167949 
3031 0.089439 
3032 0.214762 
3033 0.214762 
3034 0.214762 
3035 0.214762 
3036 -0.265826 
3037 -0.276005 
3038 0.214762 
3039 -0.020358 
3040 -0.452782 
3041 -0.046839 
3042 -0.026463 
3043 0.191221 
3044 0.191221 
3045 -0.151456 
3046 0.191221 
3047 -0.395410 
3048 0.328699 
3049 -0.395410 
3050 -0.083404 
3051 0.274751 
3052 -0.332241 
3053 -0.072906 
3054 -0.332241 
3055 -0.332241 
3056 -0.453341 
3057 0.027213 
3058 -0.215379 
3059 0.119172 
3060 -0.473671 
3061 -0.215379 
3062 -0.008767 
3063 -0.215379 
3064 -0.424108 
3065 -0.073146 
3066 -0.424108 
3067 -0.167949 
3068 -0.123681 
3069 0.462547 
3070 -0.431999 
3071 0.214762 
3072 0.214762 
3073 -0.265826 
3074 0.462547 
3075 0.378238 
3076 0.370046 
3077 -0.451809 
3078 -0.276005 
3079 -0.406333 
3080 0.191221 
3081 0.191221 
3082 0.121099 
3083 -0.395410 
3084 -0.395410 
3085 0.463376 
3086 -0.395410 
3087 0.417249 
3088 -0.168810 
3089 -0.024057 
3090 -0.269276 
3091 0.451371 
3092 -0.332241 
3093 -0.332241 
3094 -0.039101 
3095 -0.332241 
3096 0.181335 
3097 0.023179 
3098 0.211142 
3099 -0.398244 
3100 -0.165377 
3101 0.413477 
3102 -0.398244 
3103 0.250871 
3104 0.413477 
3105 -0.123681 
3106 -0.431999 
3107 -0.431999 
3108 0.462547 
3109 0.378238 
3110 -0.431999 
3111 0.378369 
3112 0.434578 
3113 0.370046 
3114 0.010065 
3115 0.370046 
3116 0.303971 
3117 0.114817 
3118 0.434137 
3119 0.236780 
3120 0.068568 
3121 0.191221 
3122 -0.371058 
3123 -0.395410 
3124 -0.395410 
3125 0.057206 
3126 -0.354076 
3127 -0.395410 
3128 0.121907 
3129 0.455581 
3130 -0.332241 
3131 -0.081777 
3132 -0.332241 
3133 0.211142 
3134 0.049998 
3135 0.413477 
3136 -0.165377 
3137 0.491283 
3138 -0.183228 
3139 0.063467 
3140 0.250871 
3141 -0.183228 
3142 -0.123681 
3143 -0.431999 
3144 -0.431999 
3145 -0.431999 
3146 0.403994 
3147 -0.274425 
3148 0.403994 
3149 0.462547 
3150 -0.465680 
3151 -0.465680 
3152 -0.106311 
3153 -0.455374 
3154 0.271643 
3155 -0.455374 
3156 -0.167949 
3157 -0.323304 
3158 0.191221 
3159 -0.259415 
3160 0.191221 
3161 0.191221 
3162 -0.451809 
3163 -0.114893 
3164 -0.383563 
3165 -0.325513 
3166 -0.123466 
3167 -0.383563 
3168 -0.114893 
3169 0.191221 
3170 0.191221 
3171 0.386254 
3172 -0.438371 
3173 0.063467 
3174 -0.165377 
3175 -0.183228 
3176 0.063467 
3177 0.063467 
3178 -0.183228 
3179 -0.183228 
3180 -0.424108 
3181 -0.274425 
3182 -0.424108 
3183 -0.424108 
3184 -0.274425 
3185 -0.490173 
3186 -0.106311 
3187 0.195726 
3188 -0.452782 
3189 0.113518 
3190 -0.490173 
3191 -0.452782 
3192 -0.452782 
3193 -0.455374 
3194 -0.452782 
3195 -0.441039 
3196 -0.455374 
3197 -0.374802 
3198 -0.374802 
3199 0.319961 
3200 -0.374802 
3201 -0.374802 
3202 0.319961 
3203 -0.123466 
3204 -0.241634 
3205 0.486758 
3206 0.063467 
3207 0.063467 
3208 0.486758 
3209 0.063467 
3210 0.041053 
3211 0.063467 
3212 0.063467 
3213 0.063467 
3214 0.417249 
3215 -0.183228 
3216 -0.183228 
3217 -0.424108 
3218 -0.424108 
3219 -0.274425 
3220 -0.106311 
3221 -0.431999 
3222 0.113518 
3223 -0.455374 
3224 -0.452782 
3225 -0.455374 
3226 -0.441039 
3227 -0.441039 
3228 -0.441039 
3229 -0.441039 
3230 -0.374802 
3231 -0.441039 
3232 -0.241634 
3233 -0.436852 
3234 -0.241634 
3235 -0.436852 
3236 0.041053 
3237 -0.165377 
3238 0.041053 
3239 -0.165377 
3240 0.122418 
3241 0.181335 
3242 0.404721 
3243 0.181335 
3244 0.404721 
3245 -0.443939 
3246 -0.147997 
3247 0.140468 
3248 0.359776 
3249 0.140468 
3250 -0.455374 
3251 -0.243329 
3252 0.097988 
3253 0.088563 
3254 0.162931 
3255 0.162931 
3256 0.162931 
3257 0.162931 
3258 -0.215379 
3259 -0.258167 
3260 -0.215379 
3261 -0.258167 
3262 -0.215379 
3263 0.497203 
3264 0.073033 
3265 -0.243329 
3266 0.012745 
3267 -0.243329 
3268 -0.243329 
3269 -0.323304 
3270 -0.243329 
3271 0.404721 
3272 0.271532 
3273 -0.157292 
3274 -0.157292 
3275 0.181335 
3276 -0.147997 
3277 -0.147997 
3278 -0.041807 
3279 0.237459 
3280 0.359776 
3281 -0.041807 
3282 0.097988 
3283 -0.455374 
3284 0.091284 
3285 0.097988 
3286 0.097988 
3287 0.091284 
3288 0.097988 
3289 0.162931 
3290 -0.296978 
3291 -0.215379 
3292 0.162931 
3293 0.440886 
3294 -0.215379 
3295 -0.215379 
3296 -0.258167 
3297 -0.215379 
3298 -0.215379 
3299 -0.215379 
3300 -0.215379 
3301 0.497203 
3302 0.283534 
3303 0.407113 
3304 -0.243329 
3305 0.012745 
3306 -0.323304 
3307 0.012745 
3308 0.012745 
3309 0.063383 
3310 0.404721 
3311 0.404721 
3312 -0.038099 
3313 0.404721 
3314 0.404721 
3315 -0.020358 
3316 -0.455374 
3317 -0.455374 
3318 -0.274425 
3319 -0.455374 
3320 -0.455374 
3321 -0.399412 
3322 -0.455374 
3323 -0.424108 
3324 0.088563 
3325 -0.123466 
3326 0.162931 
3327 -0.395179 
3328 0.162931 
3329 -0.123466 
3330 -0.038099 
3331 -0.208775 
3332 0.162931 
3333 -0.258167 
3334 -0.215379 
3335 -0.215379 
3336 -0.258167 
3337 -0.215379 
3338 -0.258167 
3339 0.057206 
3340 0.407113 
3341 0.283534 
3342 -0.258902 
3343 0.407113 
3344 -0.258902 
3345 -0.036604 
3346 -0.075394 
3347 -0.036604 
3348 -0.036604 
3349 -0.038099 
3350 0.141278 
3351 0.141278 
3352 0.419083 
3353 0.141278 
3354 0.141278 
3355 0.397669 
3356 -0.455374 
3357 -0.153681 
3358 -0.490816 
3359 -0.455374 
3360 0.359776 
3361 -0.274425 
3362 -0.123466 
3363 -0.123466 
3364 0.088563 
3365 -0.208775 
3366 0.073319 
3367 -0.012541 
3368 0.073033 
3369 -0.208775 
3370 -0.349381 
3371 -0.038449 
3372 0.073033 
3373 -0.470843 
3374 -0.038449 
3375 -0.258167 
3376 0.057206 
3377 0.123904 
3378 0.057206 
3379 -0.376338 
3380 0.407113 
3381 -0.376338 
3382 0.283534 
3383 -0.368491 
3384 0.283534 
3385 0.283534 
3386 -0.368491 
3387 0.141278 
3388 0.141278 
3389 -0.385815 
3390 0.082941 
3391 -0.398244 
3392 0.141278 
3393 0.141278 
3394 0.141278 
3395 -0.298051 
3396 -0.111546 
3397 -0.111546 
3398 -0.274425 
3399 0.493378 
3400 0.084781 
3401 0.443246 
3402 0.271643 
3403 0.084465 
3404 0.332034 
3405 0.127807 
3406 0.477929 
3407 0.189794 
3408 -0.379275 
3409 -0.032821 
3410 -0.470843 
3411 -0.379275 
3412 0.189794 
3413 -0.158028 
3414 0.123904 
3415 0.448798 
3416 0.276358 
3417 -0.302944 
3418 0.161337 
3419 0.283534 
3420 0.049998 
3421 0.283534 
3422 -0.368491 
3423 0.063467 
3424 0.339650 
3425 0.014497 
3426 -0.106311 
3427 0.332551 
3428 -0.460229 
3429 -0.150856 
3430 0.141278 
3431 -0.038449 
3432 -0.383563 
3433 -0.332241 
3434 -0.111546 
3435 -0.222636 
3436 -0.111546 
3437 -0.111546 
3438 -0.215379 
3439 -0.032915 
3440 -0.187088 
3441 -0.069144 
3442 0.378369 
3443 -0.253404 
3444 -0.158041 
3445 -0.123681 
3446 -0.032821 
3447 -0.123681 
3448 -0.379275 
3449 0.189794 
3450 -0.158028 
3451 0.214762 
3452 -0.158028 
3453 -0.158028 
3454 0.473810 
3455 0.276358 
3456 0.448798 
3457 -0.386202 
3458 -0.187088 
3459 -0.046839 
3460 0.378238 
3461 -0.223355 
3462 0.049869 
3463 -0.373648 
3464 0.386254 
3465 -0.399412 
3466 -0.495077 
3467 -0.332241 
3468 -0.332241 
3469 0.140468 
3470 -0.235987 
3471 0.002042 
3472 -0.232929 
3473 -0.111546 
3474 -0.183288 
3475 -0.222636 
3476 -0.183288 
3477 -0.215379 
3478 0.388606 
3479 -0.253404 
3480 0.407113 
3481 -0.215379 
3482 -0.424108 
3483 0.378369 
3484 0.451371 
3485 -0.123681 
3486 -0.167949 
3487 0.214762 
3488 0.214762 
3489 -0.158028 
3490 -0.375117 
3491 0.473810 
3492 -0.032821 
3493 -0.046839 
3494 0.097812 
3495 -0.014133 
3496 -0.046839 
3497 -0.199433 
3498 -0.226858 
3499 0.351876 
3500 -0.153681 
3501 0.497203 
3502 -0.491461 
3503 0.328766 
3504 -0.332241 
3505 -0.157292 
3506 -0.395410 
3507 -0.072906 
3508 -0.072906 
3509 -0.332241 
3510 -0.332241 
3511 -0.332241 
3512 -0.252746 
3513 -0.183288 
3514 -0.366174 
3515 -0.215379 
3516 -0.183288 
3517 -0.183288 
3518 -0.073146 
3519 -0.424108 
3520 -0.008767 
3521 0.451371 
3522 -0.424108 
3523 -0.167949 
3524 -0.366174 
3525 0.462547 
3526 0.214762 
3527 -0.265826 
3528 0.473810 
3529 0.370046 
3530 -0.265826 
3531 -0.465680 
3532 0.148794 
3533 -0.498103 
3534 0.261754 
3535 0.425394 
3536 -0.316219 
3537 0.082941 
3538 0.425394 
3539 0.425394 
3540 -0.046839 
3541 -0.395410 
3542 0.497203 
3543 -0.081777 
3544 -0.020358 
3545 -0.332241 
3546 -0.332241 
3547 0.211142 
3548 -0.332241 
3549 -0.376153 
3550 -0.165377 
3551 0.211142 
3552 -0.287475 
3553 0.250871 
3554 -0.006045 
3555 0.413477 
3556 -0.165377 
3557 -0.183228 
3558 0.413477 
3559 -0.183228 
3560 0.413477 
3561 -0.431999 
3562 -0.431999 
3563 -0.366174 
3564 -0.366174 
3565 -0.432673 
3566 0.370046 
3567 0.370046 
3568 0.462547 
3569 0.447285 
3570 0.370046 
3571 -0.441039 
3572 0.123904 
3573 0.275647 
3574 0.308744 
3575 -0.211426 
3576 -0.092465 
3577 0.405044 
3578 -0.325513 
3579 -0.114893 
3580 0.127695 
3581 0.214821 
3582 -0.371058 
3583 -0.276005 
3584 -0.232869 
3585 -0.174058 
3586 0.091284 
3587 -0.165377 
3588 0.211142 
3589 -0.332241 
3590 -0.165377 
3591 -0.165377 
3592 -0.183228 
3593 -0.006045 
3594 0.250871 
3595 -0.398244 
3596 -0.165377 
3597 -0.183228 
3598 -0.431999 
3599 -0.431999 
3600 -0.431999 
3601 -0.366174 
3602 -0.424108 
3603 -0.455374 
3604 0.447285 
3605 -0.070309 
3606 -0.455374 
3607 -0.455374 
3608 -0.455374 
3609 -0.455374 
3610 -0.455374 
3611 0.132706 
3612 -0.201291 
3613 -0.455374 
3614 0.132706 
3615 -0.114893 
3616 -0.114893 
3617 0.132706 
3618 -0.114893 
3619 -0.436852 
3620 -0.241634 
3621 -0.325513 
3622 0.493378 
3623 0.084781 
3624 0.211142 
3625 0.211142 
3626 -0.438371 
3627 -0.165377 
3628 -0.165377 
3629 -0.183228 
3630 -0.183228 
3631 -0.165377 
3632 0.063467 
3633 -0.183228 
3634 -0.183228 
3635 -0.431999 
3636 -0.424108 
3637 -0.431999 
3638 -0.431999 
3639 -0.431999 
3640 0.447285 
3641 -0.431999 
3642 -0.432673 
3643 0.447285 
3644 -0.455374 
3645 -0.455374 
3646 -0.455374 
3647 -0.452782 
3648 0.271643 
3649 -0.201291 
3650 -0.441039 
3651 -0.452782 
3652 -0.201291 
3653 -0.201291 
3654 -0.374802 
3655 -0.201291 
3656 -0.441039 
3657 -0.374802 
3658 0.493378 
3659 -0.436852 
3660 -0.123466 
3661 0.386254 
3662 0.386254 
3663 -0.123466 
3664 0.386254 
3665 -0.165377 
3666 0.063467 
3667 -0.165377 
3668 -0.165377 
3669 0.063467 
3670 -0.183228 
3671 -0.183228 
3672 -0.424108 
3673 -0.431999 
3674 -0.424108 
3675 -0.431999 
3676 -0.106311 
3677 -0.455374 
3678 0.113518 
3679 -0.455374 
3680 -0.452782 
3681 -0.441039 
3682 -0.441039 
3683 -0.441039 
3684 -0.441039 
3685 -0.441039 
3686 -0.374802 
3687 -0.436852 
3688 -0.241634 
3689 -0.436852 
3690 -0.241634 
3691 -0.165377 
3692 0.041053 
3693 -0.165377 
3694 0.041053 
3695 0.063467 
3696 -0.243329 
3697 0.271532 
3698 0.404721 
3699 0.271532 
3700 0.404721 
3701 0.140468 
3702 0.140468 
3703 0.140468 
3704 0.140468 
3705 -0.243329 
3706 -0.455374 
3707 0.097988 
3708 0.097988 
3709 0.097988 
3710 0.162931 
3711 0.162931 
3712 0.162931 
3713 -0.258167 
3714 -0.215379 
3715 -0.258167 
3716 -0.215379 
3717 -0.215379 
3718 -0.215379 
3719 -0.038449 
3720 0.012745 
3721 0.012745 
3722 -0.323304 
3723 -0.323304 
3724 -0.323304 
3725 -0.323304 
3726 -0.323304 
3727 -0.323304 
3728 -0.157292 
3729 -0.157292 
3730 -0.157292 
3731 0.174604 
3732 0.140468 
3733 0.174604 
3734 0.174604 
3735 0.174604 
3736 0.174604 
3737 0.097988 
3738 -0.243329 
3739 0.097988 
3740 0.097988 
3741 0.097988 
3742 0.097988 
3743 0.162931 
3744 0.097988 
3745 0.097988 
3746 -0.215379 
3747 0.162931 
3748 -0.215379 
3749 -0.215379 
3750 -0.258167 
3751 -0.215379 
3752 -0.215379 
3753 -0.215379 
3754 -0.215379 
3755 -0.215379 
3756 -0.215379 
3757 0.012745 
3758 0.283534 
3759 0.012745 
3760 -0.323304 
3761 -0.323304 
3762 -0.323304 
3763 -0.323304 
3764 -0.243329 
3765 -0.323304 
3766 -0.038099 
3767 -0.157292 
3768 0.419083 
3769 0.271532 
3770 0.271532 
3771 0.174604 
3772 0.174604 
3773 -0.147997 
3774 0.174604 
3775 0.174604 
3776 -0.243329 
3777 0.012745 
3778 0.012745 
3779 -0.455374 
3780 -0.123466 
3781 0.012745 
3782 0.162931 
3783 -0.349381 
3784 -0.349381 
3785 0.162931 
3786 -0.258167 
3787 -0.038449 
3788 -0.038449 
3789 -0.258167 
3790 -0.258167 
3791 -0.215379 
3792 -0.258167 
3793 -0.258167 
3794 -0.491461 
3795 0.057206 
3796 -0.323304 
3797 -0.323304 
3798 -0.084572 
3799 -0.323304 
3800 -0.323304 
3801 0.283534 
3802 -0.385815 
3803 -0.038099 
3804 -0.036604 
3805 -0.385815 
3806 -0.385815 
3807 0.404721 
3808 0.419083 
3809 -0.298051 
3810 0.404721 
3811 0.078032 
3812 -0.298051 
3813 -0.455374 
3814 0.078032 
3815 0.078032 
3816 -0.455374 
3817 0.063383 
3818 0.063383 
3819 -0.123466 
3820 0.063383 
3821 0.189794 
3822 -0.123466 
3823 -0.032821 
3824 -0.032821 
3825 -0.038449 
3826 -0.038449 
3827 -0.349381 
3828 0.073033 
3829 -0.038449 
3830 -0.038449 
3831 -0.491461 
3832 0.057206 
3833 -0.491461 
3834 0.407113 
3835 -0.084572 
3836 -0.491461 
3837 -0.084572 
3838 -0.036604 
3839 -0.385815 
3840 -0.385815 
3841 0.283534 
3842 0.419083 
3843 -0.150856 
3844 -0.459765 
3845 -0.385815 
3846 -0.385815 
3847 0.141278 
3848 0.078032 
3849 0.078032 
3850 -0.111546 
3851 -0.101032 
3852 -0.101032 
3853 0.078032 
3854 0.078032 
3855 0.078032 
3856 -0.101032 
3857 0.011568 
3858 0.011568 
3859 0.063383 
3860 -0.123681 
3861 0.189794 
3862 -0.032821 
3863 -0.032821 
3864 -0.032821 
3865 -0.032821 
3866 -0.038449 
3867 -0.379275 
3868 0.049998 
3869 -0.158028 
3870 -0.386202 
3871 -0.386202 
3872 0.276358 
3873 0.378238 
3874 0.049998 
3875 0.283534 
3876 0.378238 
3877 0.378238 
3878 0.283534 
3879 -0.373648 
3880 -0.373648 
3881 0.339650 
3882 -0.385815 
3883 -0.385815 
3884 0.339650 
3885 -0.232929 
3886 -0.038449 
3887 -0.111546 
3888 0.078032 
3889 0.078032 
3890 0.423052 
3891 0.078032 
3892 0.078032 
3893 -0.111546 
3894 -0.123681 
3895 -0.101032 
3896 0.011568 
3897 0.011568 
3898 -0.123681 
3899 -0.253404 
3900 -0.123681 
3901 0.189794 
3902 -0.123681 
3903 0.189794 
3904 -0.379275 
3905 0.473810 
3906 -0.158028 
3907 0.049998 
3908 0.473810 
3909 0.473810 
3910 0.378238 
3911 0.049998 
3912 -0.046839 
3913 -0.153681 
3914 0.378238 
3915 -0.046839 
3916 0.378238 
3917 0.378238 
3918 -0.153681 
3919 -0.373648 
3920 -0.373648 
3921 0.299227 
3922 0.299227 
3923 -0.495077 
3924 -0.072906 
3925 -0.252746 
3926 -0.252746 
3927 -0.072906 
3928 -0.252746 
3929 -0.252746 
3930 -0.183288 
3931 -0.008767 
3932 -0.008767 
3933 -0.183288 
3934 -0.008767 
3935 -0.008767 
3936 -0.123681 
3937 0.451371 
3938 -0.123681 
3939 0.451371 
3940 -0.123681 
3941 -0.123681 
3942 0.473810 
3943 0.214762 
3944 0.473810 
3945 -0.375117 
3946 -0.265826 
3947 -0.375117 
3948 0.473810 
3949 -0.046839 
3950 -0.153681 
3951 0.378238 
3952 -0.153681 
3953 -0.153681 
3954 -0.153681 
3955 -0.046839 
3956 -0.373648 
3957 -0.373648 
3958 -0.153681 
3959 -0.495077 
3960 -0.495077 
3961 -0.072906 
3962 -0.252746 
3963 -0.252746 
3964 0.261754 
3965 -0.287475 
3966 -0.287475 
3967 -0.183288 
3968 -0.287475 
3969 -0.287475 
3970 -0.006045 
3971 0.451371 
3972 0.413477 
3973 -0.008767 
3974 -0.008767 
3975 0.451371 
3976 -0.008767 
3977 0.451371 
3978 -0.424108 
3979 -0.465680 
3980 -0.366174 
3981 0.473810 
3982 -0.465680 
3983 -0.265826 
3984 -0.465680 
3985 -0.465680 
3986 -0.375117 
3987 -0.465680 
3988 -0.498103 
3989 -0.046839 
3990 0.425394 
3991 -0.316219 
3992 0.132706 
3993 0.132706 
3994 0.132706 
3995 0.132706 
3996 0.440886 
3997 0.440886 
3998 0.497203 
3999 -0.020358 
4000 0.440886 
4001 -0.072906 
4002 -0.252746 
4003 -0.287475 
4004 0.211142 
4005 -0.252746 
4006 -0.252746 
4007 -0.165377 
4008 -0.287475 
4009 -0.267534 
4010 -0.165377 
4011 -0.008767 
4012 -0.183228 
4013 0.250871 
4014 -0.183228 
4015 -0.183228 
4016 -0.424108 
4017 -0.431999 
4018 -0.366174 
4019 -0.366174 
4020 0.214762 
4021 -0.375117 
4022 -0.375117 
4023 0.370046 
4024 -0.465680 
4025 -0.375117 
4026 -0.455374 
4027 0.132706 
4028 0.082941 
4029 0.132706 
4030 0.132706 
4031 0.132706 
4032 0.418552 
4033 0.440886 
4034 0.440886 
4035 0.132706 
4036 0.440886 
4037 -0.371058 
4038 -0.114893 
4039 0.376559 
4040 -0.174058 
4041 0.211142 
4042 -0.287475 
4043 -0.287475 
4044 0.283869 
4045 -0.287475 
4046 -0.287475 
4047 -0.183228 
4048 0.388606 
4049 0.388606 
4050 0.250871 
4051 -0.008767 
4052 -0.183228 
4053 -0.424108 
4054 -0.431999 
4055 -0.431999 
4056 -0.432673 
4057 -0.366174 
4058 -0.432673 
4059 0.462547 
4060 -0.431999 
4061 -0.455374 
4062 -0.432673 
4063 0.370046 
4064 -0.455374 
4065 0.132706 
4066 0.370046 
4067 -0.379149 
4068 -0.379149 
4069 0.132706 
4070 -0.379149 
4071 0.132706 
4072 0.132706 
4073 0.057803 
4074 0.275473 
4075 -0.436852 
4076 0.376559 
4077 -0.241634 
4078 -0.436852 
4079 0.388606 
4080 0.388606 
4081 0.211142 
4082 0.388606 
4083 0.388606 
4084 -0.183228 
4085 -0.183228 
4086 0.388606 
4087 0.388606 
4088 -0.183228 
4089 -0.183228 
4090 -0.431999 
4091 -0.431999 
4092 -0.432673 
4093 -0.431999 
4094 -0.431999 
4095 -0.432673 
4096 -0.431999 
4097 -0.431999 
4098 -0.452782 
4099 -0.452782 
4100 -0.432673 
4101 -0.452782 
4102 -0.452782 
4103 -0.455374 
4104 -0.379149 
4105 0.132706 
4106 -0.455374 
4107 -0.374802 
4108 -0.374802 
4109 -0.379149 
4110 -0.374802 
4111 -0.241634 
4112 0.057803 
4113 0.275473 
4114 -0.436852 
4115 0.057803 
4116 0.388606 
4117 0.388606 
4118 0.493378 
4119 0.388606 
4120 -0.165377 
4121 0.388606 
4122 0.388606 
4123 0.388606 
4124 0.388606 
4125 -0.183228 
4126 -0.183228 
4127 -0.424108 
4128 -0.431999 
4129 -0.431999 
4130 -0.431999 
4131 -0.431999 
4132 -0.455374 
4133 -0.455374 
4134 -0.455374 
4135 -0.455374 
4136 0.132706 
4137 -0.441039 
4138 0.132706 
4139 -0.441039 
4140 -0.241634 
4141 -0.441039 
4142 -0.436852 
4143 -0.436852 
4144 -0.436852 
4145 -0.436852 
4146 -0.165377 
4147 -0.165377 
4148 -0.165377 
4149 -0.165377 
4150 -0.165377 
4151 -0.368491 
4152 -0.431999 
4153 -0.431999 
4154 0.140468 
4155 0.140468 
4156 0.416316 
4157 0.180142 
4158 0.416316 
4159 -0.354161 
4160 -0.354161 
4161 -0.354161 
4162 0.140468 
4163 0.073033 
4164 -0.368491 
4165 0.491283 
4166 0.491283 
4167 0.148794 
4168 0.002042 
4169 -0.036604 
4170 0.482509 
4171 0.482509 
4172 -0.354161 
4173 0.140468 
4174 0.140468 
4175 -0.317606 
4176 0.140468 
4177 0.050825 
4178 0.491283 
4179 -0.368491 
4180 0.148794 
4181 -0.331772 
4182 0.449383 
4183 0.042785 
4184 0.072497 
4185 0.180142 
4186 0.386254 
4187 0.214821 
4188 0.140468 
4189 -0.317606 
4190 0.050825 
4191 0.050825 
4192 -0.368491 
4193 0.491283 
4194 -0.331772 
4195 -0.331772 
4196 -0.036604 
4197 0.482509 
4198 0.482509 
4199 -0.076612 
4200 0.150287 
4201 0.140468 
4202 -0.317606 
4203 0.123904 
4204 -0.275116 
4205 -0.317768 
4206 -0.373648 
4207 -0.331772 
4208 0.010065 
4209 0.169881 
4210 -0.243329 
4211 -0.473671 
4212 -0.395179 
4213 -0.395179 
4214 -0.238914 
4215 -0.317606 
4216 0.123904 
4217 -0.150280 
4218 0.283534 
4219 0.025166 
4220 -0.419660 
4221 -0.358342 
4222 -0.401608 
4223 -0.293575 
4224 0.114817 
4225 0.161337 
4226 -0.238914 
4227 -0.238914 
4228 -0.317606 
4229 0.123904 
4230 -0.150280 
4231 -0.012541 
4232 0.194897 
4233 -0.265826 
4234 -0.491461 
4235 -0.459765 
4236 0.431734 
4237 0.016240 
4238 0.174604 
4239 -0.169623 
4240 -0.386202 
4241 -0.317606 
4242 -0.238914 
4243 -0.194967 
4244 -0.092465 
4245 -0.150280 
4246 -0.150280 
4247 0.405044 
4248 0.154027 
4249 -0.470903 
4250 0.274751 
4251 -0.253404 
4252 -0.226858 
4253 0.050825 
4254 -0.123681 
4255 -0.244356 
4256 -0.244356 
4257 -0.474588 
4258 0.049998 
4259 0.440156 
4260 0.310899 
4261 0.155686 
4262 0.012745 
4263 0.194897 
4264 -0.431999 
4265 0.283869 
4266 -0.140917 
4267 0.466071 
4268 -0.244356 
4269 -0.100979 
4270 -0.375117 
4271 -0.092641 
4272 -0.326934 
4273 0.104200 
4274 -0.470903 
4275 0.050825 
4276 0.046859 
4277 0.466071 
4278 -0.385815 
4279 -0.140917 
4280 0.466071 
4281 -0.424108 
4282 -0.100979 
4283 -0.100979 
4284 0.191221 
4285 0.440156 
4286 -0.169623 
4287 0.151214 
4288 0.456271 
4289 0.237459 
4290 0.440156 
4291 0.356195 
4292 -0.050915 
4293 0.466071 
4294 -0.424108 
4295 -0.424108 
4296 -0.100979 
4297 -0.070309 
4298 -0.070309 
4299 0.386254 
4300 -0.490816 
4301 -0.265826 
4302 -0.265826 
4303 0.014497 
4304 -0.050915 
4305 -0.050915 
4306 0.466071 
4307 -0.424108 
4308 -0.424108 
4309 -0.424108 
4310 0.113518 
4311 0.113518 
4312 -0.441039 
4313 -0.441039 
4314 -0.441039 
4315 -0.265826 
4316 -0.265826 
4317 0.174604 
4318 0.174604 
4319 0.174604 
4320 0.091228 
4321 -0.443939 
4322 0.032482 
4323 0.102480 
4324 0.102480 
4325 0.416316 
4326 0.416316 
4327 0.416316 
4328 0.416316 
4329 0.497203 
4330 0.497203 
4331 0.073033 
4332 0.073033 
4333 -0.443939 
4334 -0.443939 
4335 0.032482 
4336 -0.498103 
4337 -0.498103 
4338 -0.436852 
4339 0.046859 
4340 -0.183228 
4341 -0.026463 
4342 -0.317606 
4343 -0.317606 
4344 0.497203 
4345 0.073033 
4346 0.091228 
4347 0.091228 
4348 -0.443939 
4349 -0.252746 
4350 -0.267534 
4351 -0.094142 
4352 0.042785 
4353 0.072497 
4354 0.392511 
4355 0.386254 
4356 0.214821 
4357 -0.317606 
4358 0.089439 
4359 0.123904 
4360 0.091228 
4361 0.091228 
4362 -0.443939 
4363 0.407113 
4364 0.370046 
4365 -0.036604 
4366 -0.255559 
4367 0.297482 
4368 -0.076612 
4369 0.150287 
4370 -0.317606 
4371 -0.317606 
4372 0.123904 
4373 0.482509 
4374 -0.368491 
4375 -0.114893 
4376 -0.317768 
4377 0.370046 
4378 0.404721 
4379 -0.243329 
4380 -0.255559 
4381 -0.158041 
4382 0.362600 
4383 -0.265826 
4384 -0.317606 
4385 0.123904 
4386 0.482509 
4387 0.154027 
4388 0.154027 
4389 0.407480 
4390 -0.159211 
4391 -0.401608 
4392 0.370046 
4393 -0.255559 
4394 0.161337 
4395 -0.241634 
4396 -0.265826 
4397 -0.317606 
4398 -0.194967 
4399 -0.046786 
4400 -0.094335 
4401 0.194897 
4402 -0.194967 
4403 0.407480 
4404 -0.459765 
4405 0.431734 
4406 0.016240 
4407 -0.255559 
4408 0.434578 
4409 0.240104 
4410 0.434137 
4411 -0.194967 
4412 -0.194967 
4413 -0.034272 
4414 0.448798 
4415 0.023179 
4416 0.446671 
4417 0.446671 
4418 0.446671 
4419 0.132706 
4420 -0.082496 
4421 -0.082496 
4422 -0.232929 
4423 0.434137 
4424 -0.194967 
4425 -0.053306 
4426 -0.473671 
4427 0.440156 
4428 0.440156 
4429 0.440156 
4430 -0.231978 
4431 -0.354161 
4432 -0.206564 
4433 -0.206564 
4434 0.407480 
4435 -0.232929 
4436 -0.082496 
4437 -0.457808 
4438 -0.053306 
4439 -0.356476 
4440 0.360446 
4441 -0.326934 
4442 0.440156 
4443 -0.470903 
4444 0.050825 
4445 0.046859 
4446 0.466071 
4447 -0.385815 
4448 0.041053 
4449 -0.082496 
4450 -0.457808 
4451 0.186683 
4452 0.113518 
4453 0.440156 
4454 0.440156 
4455 0.440156 
4456 0.151214 
4457 -0.490816 
4458 0.451371 
4459 0.440156 
4460 -0.238914 
4461 -0.082496 
4462 0.466071 
4463 -0.424108 
4464 -0.457808 
4465 0.186683 
4466 0.211994 
4467 0.211994 
4468 -0.490816 
4469 -0.490816 
4470 0.191221 
4471 0.451371 
4472 0.191221 
4473 -0.082496 
4474 -0.082496 
4475 0.466071 
4476 -0.424108 
4477 -0.424108 
4478 -0.490173 
4479 0.113518 
4480 0.113518 
4481 -0.132458 
4482 -0.441039 
4483 -0.490816 
4484 -0.012199 
4485 0.191221 
4486 0.041053 
4487 0.041053 
4488 0.103247 
4489 -0.267534 
4490 0.404721 
4491 0.164868 
4492 0.164868 
4493 0.140468 
4494 0.237459 
4495 -0.069144 
4496 -0.150856 
4497 -0.208775 
4498 0.267051 
4499 0.267051 
4500 -0.215379 
4501 0.073033 
4502 0.012745 
4503 -0.267534 
4504 -0.443939 
4505 0.271532 
4506 0.271532 
4507 0.161337 
4508 0.359776 
4509 0.185579 
4510 0.185579 
4511 -0.359500 
4512 -0.359500 
4513 0.267051 
4514 -0.215379 
4515 0.012745 
4516 -0.267534 
4517 0.477929 
4518 0.442378 
4519 -0.302162 
4520 -0.111546 
4521 0.359776 
4522 0.237459 
4523 -0.150856 
4524 -0.208775 
4525 0.267051 
4526 -0.359500 
4527 0.267051 
4528 0.141278 
4529 0.012745 
4530 -0.075394 
4531 0.442378 
4532 0.267051 
4533 0.267051 
4534 -0.194967 
4535 -0.168810 
4536 -0.438371 
4537 0.073033 
4538 0.150287 
4539 -0.359500 
4540 0.267051 
4541 0.141278 
4542 0.027213 
4543 0.456271 
4544 0.442378 
4545 0.267051 
4546 0.267051 
4547 -0.432673 
4548 0.448798 
4549 -0.293575 
4550 0.418552 
4551 0.362600 
4552 -0.259415 
4553 0.089439 
4554 0.179241 
4555 0.027213 
4556 0.456271 
4557 0.073319 
4558 0.267051 
4559 0.267051 
4560 0.069104 
4561 0.271532 
4562 0.271532 
4563 0.392511 
4564 -0.453341 
4565 -0.259415 
4566 0.089439 
4567 0.179241 
4568 -0.491461 
4569 -0.094335 
4570 0.456271 
4571 -0.401608 
4572 0.267051 
4573 0.386254 
4574 0.368803 
4575 0.332551 
4576 -0.157292 
4577 -0.169623 
4578 -0.236248 
4579 0.089439 
4580 0.214762 
4581 -0.491461 
4582 -0.296978 
4583 0.448798 
4584 -0.151456 
4585 0.104200 
4586 0.274751 
4587 -0.332241 
4588 0.132706 
4589 -0.473671 
4590 0.328766 
4591 -0.236248 
4592 -0.123681 
4593 -0.431999 
4594 0.310868 
4595 -0.473671 
4596 -0.296978 
4597 0.440156 
4598 -0.253404 
4599 -0.168810 
4600 0.451371 
4601 0.114817 
4602 0.023179 
4603 0.097812 
4604 -0.431999 
4605 -0.123681 
4606 -0.431999 
4607 -0.465680 
4608 -0.356476 
4609 -0.296978 
4610 0.236780 
4611 -0.253404 
4612 -0.470903 
4613 0.121907 
4614 0.046859 
4615 0.049998 
4616 0.097812 
4617 -0.431999 
4618 -0.123681 
4619 -0.424108 
4620 -0.465680 
4621 -0.274425 
4622 0.195726 
4623 0.440156 
4624 0.440156 
4625 -0.451809 
4626 -0.253404 
4627 0.486758 
4628 0.386254 
4629 -0.165377 
4630 -0.431999 
4631 0.466071 
4632 -0.274425 
4633 -0.424108 
4634 -0.465680 
4635 -0.465680 
4636 -0.465680 
4637 0.403994 
4638 -0.441039 
4639 -0.441039 
4640 -0.325513 
4641 0.417249 
4642 0.417249 
4643 0.417249 
4644 0.466071 
4645 -0.424108 
4646 -0.274425 
4647 -0.424108 
4648 0.195726 
4649 -0.441039 
4650 -0.441039 
4651 -0.441039 
4652 0.319961 
4653 -0.325513 
4654 -0.265826 
4655 0.174604 
4656 0.174604 
4657 0.122418 
4658 0.181335 
4659 0.181335 
4660 -0.443939 
4661 0.140468 
4662 0.140468 
4663 -0.243329 
4664 0.088563 
4665 0.162931 
4666 0.162931 
4667 -0.258167 
4668 -0.258167 
4669 0.497203 
4670 0.073033 
4671 0.012745 
4672 -0.443939 
4673 -0.443939 
4674 0.404721 
4675 0.201256 
4676 0.201256 
4677 -0.158041 
4678 0.088563 
4679 0.088563 
4680 0.088563 
4681 0.088563 
4682 -0.258167 
4683 0.497203 
4684 0.407113 
4685 -0.443939 
4686 0.181335 
4687 0.181335 
4688 -0.041807 
4689 -0.041807 
4690 -0.399412 
4691 0.360446 
4692 0.360446 
4693 -0.038099 
4694 -0.470843 
4695 0.088563 
4696 -0.258167 
4697 0.407113 
4698 0.407113 
4699 -0.075394 
4700 0.418552 
4701 -0.114893 
4702 -0.041807 
4703 -0.490816 
4704 -0.158041 
4705 0.360446 
4706 -0.012541 
4707 0.462547 
4708 0.088563 
4709 -0.258167 
4710 0.123904 
4711 0.407113 
4712 -0.325513 
4713 -0.287475 
4714 0.418552 
4715 0.378369 
4716 -0.298051 
4717 0.049869 
4718 -0.293575 
4719 0.332034 
4720 0.362600 
4721 0.477929 
4722 0.189794 
4723 0.123904 
4724 -0.118011 
4725 -0.302944 
4726 0.073319 
4727 -0.106311 
4728 0.267051 
4729 -0.383563 
4730 0.030413 
4731 -0.495077 
4732 -0.069144 
4733 -0.158041 
4734 0.482509 
4735 0.189794 
4736 0.214762 
4737 -0.118011 
4738 -0.094335 
4739 0.378238 
4740 -0.373648 
4741 -0.495077 
4742 -0.083404 
4743 0.368803 
4744 -0.222636 
4745 0.119172 
4746 0.477929 
4747 0.482509 
4748 -0.167949 
4749 0.214762 
4750 0.378238 
4751 -0.302944 
4752 -0.199433 
4753 -0.151456 
4754 0.104200 
4755 0.274751 
4756 0.030413 
4757 0.132706 
4758 -0.473671 
4759 -0.398244 
4760 -0.008767 
4761 -0.167949 
4762 0.462547 
4763 0.378238 
4764 0.214762 
4765 -0.452782 
4766 0.082941 
4767 0.191221 
4768 -0.081777 
4769 0.294234 
4770 0.114817 
4771 -0.287475 
4772 0.413477 
4773 0.211142 
4774 0.413477 
4775 -0.431999 
4776 0.434578 
4777 -0.356476 
4778 0.271643 
4779 -0.326934 
4780 0.191221 
4781 -0.354076 
4782 0.121907 
4783 0.091284 
4784 0.049998 
4785 0.063467 
4786 0.211142 
4787 -0.183228 
4788 -0.431999 
4789 -0.106311 
4790 -0.070309 
4791 -0.452782 
4792 -0.452782 
4793 -0.259415 
4794 -0.451809 
4795 -0.123466 
4796 0.084781 
4797 0.386254 
4798 0.063467 
4799 0.063467 
4800 -0.183228 
4801 -0.424108 
4802 -0.106311 
4803 0.113518 
4804 -0.106311 
4805 -0.455374 
4806 -0.323304 
4807 -0.323304 
4808 -0.383563 
4809 -0.383563 
4810 -0.383563 
4811 0.063467 
4812 0.063467 
4813 -0.183228 
4814 -0.424108 
4815 -0.424108 
4816 -0.106311 
4817 0.113518 
4818 -0.452782 
4819 -0.441039 
4820 -0.441039 
4821 -0.374802 
4822 -0.241634 
4823 -0.241634 
4824 0.041053 
4825 0.041053 
4826 0.063467 
4827 -0.243329 
4828 0.404721 
4829 0.404721 
4830 -0.147997 
4831 0.359776 
4832 -0.455374 
4833 0.097988 
4834 0.162931 
4835 0.162931 
4836 -0.215379 
4837 -0.215379 
4838 -0.215379 
4839 0.073033 
4840 0.012745 
4841 0.012745 
4842 0.404721 
4843 0.404721 
4844 -0.455374 
4845 -0.455374 
4846 -0.424108 
4847 -0.123466 
4848 -0.123466 
4849 0.162931 
4850 0.162931 
4851 -0.215379 
4852 -0.215379 
4853 0.283534 
4854 0.012745 
4855 -0.243329 
4856 0.442378 
4857 0.431734 
4858 -0.183288 
4859 -0.399412 
4860 0.097988 
4861 0.097988 
4862 -0.038099 
4863 -0.208775 
4864 0.162931 
4865 -0.215379 
4866 0.057206 
4867 -0.376338 
4868 -0.075394 
4869 0.442378 
4870 -0.114893 
4871 0.397669 
4872 -0.490816 
4873 -0.424108 
4874 -0.438371 
4875 -0.012541 
4876 0.462547 
4877 -0.379275 
4878 -0.038449 
4879 0.057206 
4880 0.161337 
4881 -0.325513 
4882 0.014497 
4883 0.014497 
4884 0.141278 
4885 -0.298051 
4886 0.078032 
4887 -0.101032 
4888 0.332034 
4889 0.073319 
4890 0.127807 
4891 -0.379275 
4892 -0.158028 
4893 0.161337 
4894 -0.187088 
4895 0.063467 
4896 -0.106311 
4897 0.014497 
4898 -0.383563 
4899 -0.332241 
4900 -0.332241 
4901 -0.069144 
4902 -0.158041 
4903 0.127807 
4904 -0.379275 
4905 -0.158028 
4906 -0.032821 
4907 0.378238 
4908 0.378238 
4909 -0.373648 
4910 -0.495077 
4911 -0.157292 
4912 0.368803 
4913 -0.332241 
4914 -0.366174 
4915 -0.253810 
4916 0.407113 
4917 -0.123681 
4918 0.214762 
4919 -0.032821 
4920 -0.020358 
4921 -0.199433 
4922 -0.151456 
4923 -0.495077 
4924 0.274751 
4925 -0.020358 
4926 -0.366174 
4927 -0.473671 
4928 -0.008767 
4929 0.407113 
4930 -0.424108 
4931 -0.366174 
4932 0.370046 
4933 -0.498103 
4934 0.261754 
4935 -0.092465 
4936 -0.491461 
4937 -0.081777 
4938 -0.157292 
4939 -0.287475 
4940 -0.287475 
4941 -0.287475 
4942 -0.006045 
4943 -0.183228 
4944 -0.431999 
4945 0.447285 
4946 -0.265826 
4947 -0.441039 
4948 0.308744 
4949 0.405044 
4950 0.057206 
4951 0.121907 
4952 -0.020358 
4953 0.049998 
4954 0.491283 
4955 -0.165377 
4956 -0.183228 
4957 -0.431999 
4958 0.447285 
4959 -0.366174 
4960 -0.455374 
4961 -0.455374 
4962 -0.259415 
4963 -0.451809 
4964 -0.371058 
4965 -0.174058 
4966 0.386254 
4967 0.386254 
4968 -0.165377 
4969 -0.183228 
4970 -0.431999 
4971 -0.431999 
4972 0.447285 
4973 -0.455374 
4974 -0.455374 
4975 -0.201291 
4976 -0.201291 
4977 -0.436852 
4978 0.493378 
4979 0.493378 
4980 -0.165377 
4981 -0.165377 
4982 -0.183228 
4983 -0.424108 
4984 -0.431999 
4985 -0.431999 
4986 -0.455374 
4987 -0.455374 
4988 -0.441039 
4989 -0.441039 
4990 -0.441039 
4991 -0.436852 
4992 -0.436852 
4993 -0.165377 
4994 -0.165377 
4995 -0.165377 
4996 -0.323304 
4997 -0.323304 
4998 -0.157292 
4999 0.140468 
5000 0.140468 
5001 -0.243329 
5002 0.097988 
5003 0.097988 
5004 0.162931 
5005 -0.258167 
5006 -0.258167 
5007 -0.215379 
5008 -0.038449 
5009 0.012745 
5010 -0.323304 
5011 -0.038099 
5012 0.271532 
5013 0.271532 
5014 0.174604 
5015 0.012745 
5016 -0.123466 
5017 -0.123466 
5018 -0.038449 
5019 -0.038449 
5020 -0.258167 
5021 -0.215379 
5022 0.012745 
5023 -0.323304 
5024 0.063383 
5025 -0.038099 
5026 -0.020358 
5027 -0.274425 
5028 -0.399412 
5029 0.088563 
5030 -0.395179 
5031 -0.038099 
5032 -0.258167 
5033 -0.038449 
5034 -0.258167 
5035 -0.491461 
5036 -0.491461 
5037 -0.075394 
5038 -0.038099 
5039 0.271532 
5040 0.397669 
5041 -0.490816 
5042 -0.274425 
5043 0.088563 
5044 -0.012541 
5045 0.189794 
5046 -0.038449 
5047 -0.038449 
5048 -0.491461 
5049 0.049998 
5050 -0.368491 
5051 -0.368491 
5052 -0.385815 
5053 0.141278 
5054 -0.298051 
5055 -0.274425 
5056 0.443246 
5057 0.332034 
5058 0.189794 
5059 0.189794 
5060 -0.038449 
5061 0.049998 
5062 0.049998 
5063 0.049998 
5064 0.063467 
5065 -0.106311 
5066 -0.150856 
5067 -0.383563 
5068 -0.222636 
5069 -0.215379 
5070 -0.069144 
5071 -0.158041 
5072 0.189794 
5073 0.189794 
5074 0.473810 
5075 0.049998 
5076 -0.386202 
5077 0.378238 
5078 -0.373648 
5079 -0.495077 
5080 0.140468 
5081 -0.232929 
5082 -0.222636 
5083 0.388606 
5084 -0.215379 
5085 -0.123681 
5086 -0.123681 
5087 -0.465680 
5088 -0.465680 
5089 0.097812 
5090 -0.199433 
5091 -0.153681 
5092 0.328766 
5093 -0.395410 
5094 -0.332241 
5095 -0.252746 
5096 -0.215379 
5097 -0.073146 
5098 0.413477 
5099 0.451371 
5100 -0.465680 
5101 -0.465680 
5102 -0.465680 
5103 0.261754 
5104 -0.465680 
5105 -0.046839 
5106 -0.081777 
5107 -0.332241 
5108 -0.376153 
5109 -0.287475 
5110 0.413477 
5111 0.413477 
5112 -0.183228 
5113 -0.431999 
5114 -0.432673 
5115 0.462547 
5116 -0.441039 
5117 0.308744 
5118 0.405044 
5119 0.127695 
5120 -0.276005 
5121 0.091284 
5122 -0.332241 
5123 -0.183228 
5124 -0.267534 
5125 -0.183228 
5126 -0.431999 
5127 -0.432673 
5128 -0.070309 
5129 -0.455374 
5130 0.132706 
5131 0.132706 
5132 0.132706 
5133 -0.241634 
5134 0.084781 
5135 -0.438371 
5136 -0.183228 
5137 0.388606 
5138 -0.183228 
5139 -0.431999 
5140 -0.431999 
5141 -0.432673 
5142 -0.455374 
5143 -0.455374 
5144 0.132706 
5145 -0.241634 
5146 0.275473 
5147 -0.241634 
5148 -0.241634 
5149 0.388606 
5150 0.388606 
5151 -0.183228 
5152 -0.424108 
5153 -0.431999 
5154 -0.431999 
5155 -0.452782 
5156 -0.452782 
5157 0.132706 
5158 0.132706 
5159 -0.241634 
5160 -0.436852 
5161 -0.436852 
5162 -0.165377 
5163 -0.165377 
5164 0.388606 
5165 -0.470903 
5166 -0.168810 
5167 -0.168810 
5168 0.140468 
5169 0.140468 
5170 -0.243329 
5171 -0.243329 
5172 -0.243329 
5173 0.162931 
5174 0.189794 
5175 -0.038449 
5176 -0.038449 
5177 -0.038449 
5178 -0.323304 
5179 -0.323304 
5180 -0.323304 
5181 0.271532 
5182 -0.020358 
5183 0.174604 
5184 0.012745 
5185 -0.123466 
5186 0.189794 
5187 0.189794 
5188 -0.038449 
5189 -0.038449 
5190 -0.038449 
5191 0.012745 
5192 -0.323304 
5193 -0.323304 
5194 -0.020358 
5195 -0.020358 
5196 0.012745 
5197 0.012745 
5198 0.012745 
5199 0.088563 
5200 0.189794 
5201 -0.258167 
5202 -0.038449 
5203 -0.038449 
5204 -0.491461 
5205 -0.491461 
5206 -0.323304 
5207 -0.432673 
5208 -0.020358 
5209 -0.020358 
5210 0.012745 
5211 -0.274425 
5212 0.088563 
5213 0.443246 
5214 -0.258167 
5215 0.189794 
5216 -0.038449 
5217 -0.491461 
5218 -0.491461 
5219 -0.199433 
5220 0.378238 
5221 -0.385815 
5222 -0.495077 
5223 -0.274425 
5224 -0.274425 
5225 0.443246 
5226 0.443246 
5227 0.189794 
5228 0.189794 
5229 0.189794 
5230 -0.491461 
5231 -0.491461 
5232 0.378238 
5233 0.378238 
5234 -0.495077 
5235 -0.495077 
5236 -0.495077 
5237 -0.222636 
5238 -0.222636 
5239 0.443246 
5240 -0.158041 
5241 0.189794 
5242 -0.123681 
5243 0.473810 
5244 -0.491461 
5245 -0.386202 
5246 0.378238 
5247 -0.373648 
5248 -0.495077 
5249 -0.255559 
5250 -0.232929 
5251 -0.222636 
5252 -0.252746 
5253 -0.158041 
5254 0.451371 
5255 -0.123681 
5256 -0.465680 
5257 -0.465680 
5258 0.097812 
5259 -0.465680 
5260 -0.465680 
5261 0.328766 
5262 -0.232929 
5263 -0.232929 
5264 -0.252746 
5265 -0.252746 
5266 0.451371 
5267 0.451371 
5268 0.451371 
5269 -0.465680 
5270 0.097812 
5271 0.097812 
5272 -0.465680 
5273 -0.465680 
5274 -0.465680 
5275 -0.081777 
5276 -0.232929 
5277 -0.376153 
5278 -0.252746 
5279 0.413477 
5280 0.451371 
5281 -0.183228 
5282 -0.431999 
5283 -0.432673 
5284 0.097812 
5285 -0.465680 
5286 -0.465680 
5287 0.405044 
5288 0.127695 
5289 -0.276005 
5290 0.084781 
5291 -0.332241 
5292 -0.183228 
5293 -0.267534 
5294 -0.183228 
5295 -0.431999 
5296 -0.432673 
5297 0.392511 
5298 -0.432673 
5299 -0.465680 
5300 0.127695 
5301 0.127695 
5302 0.275473 
5303 0.084781 
5304 -0.183228 
5305 -0.183228 
5306 0.388606 
5307 -0.183228 
5308 -0.432673 
5309 -0.432673 
5310 -0.432673 
5311 -0.432673 
5312 -0.432673 
5313 0.392511 
5314 0.275473 
5315 0.275473 
5316 0.084781 
5317 0.084781 
5318 0.388606 
5319 0.388606 
5320 0.388606 
5321 -0.424108 
5322 -0.431999 
5323 -0.431999 
5324 -0.432673 
5325 0.392511 
5326 0.392511 
5327 0.392511 
5328 0.392511 
5329 -0.436852 
5330 -0.436852 
5331 -0.165377 
5332 -0.165377 
5333 -0.165377 
5334 -0.199433 
5335 -0.168810 
5336 -0.168810 
5337 -0.168810 
5338 -0.168810 
5339 -0.243329 
5340 -0.243329 
5341 0.189794 
5342 0.189794 
5343 0.189794 
5344 0.189794 
5345 -0.038449 
5346 0.440886 
5347 -0.199433 
5348 -0.199433 
5349 -0.020358 
5350 -0.020358 
5351 -0.168810 
5352 -0.168810 
5353 -0.243329 
5354 0.189794 
5355 0.189794 
5356 0.189794 
5357 0.189794 
5358 0.189794 
5359 -0.038449 
5360 -0.491461 
5361 -0.199433 
5362 -0.020358 
5363 -0.020358 
5364 -0.020358 
5365 -0.168810 
5366 -0.168810 
5367 -0.243329 
5368 0.189794 
5369 0.189794 
5370 0.189794 
5371 0.189794 
5372 0.189794 
5373 -0.491461 
5374 -0.491461 
5375 -0.491461 
5376 -0.491461 
5377 -0.020358 
5378 -0.020358 
5379 -0.020358 
5380 -0.267534 
5381 -0.267534 
5382 -0.267534 
5383 -0.267534 
5384 0.189794 
5385 0.189794 
5386 -0.491461 
5387 -0.491461 
5388 -0.199433 
5389 -0.199433 
5390 -0.020358 
5391 -0.020358 
5392 -0.020358 
5393 -0.267534 
5394 -0.267534 
5395 -0.267534 
5396 -0.267534 
5397 -0.267534 
5398 0.189794 
5399 -0.491461 
5400 -0.491461 
5401 -0.199433 
5402 -0.199433 
5403 -0.199433 
5404 -0.020358 
5405 -0.020358 
5406 -0.020358 
5407 -0.267534 
5408 -0.267534 
5409 -0.267534 
5410 -0.267534 
5411 0.189794 
5412 -0.491461 
5413 -0.491461 
5414 -0.491461 
5415 -0.199433 
5416 -0.199433 
5417 -0.465680 
5418 -0.465680 
5419 -0.267534 
5420 -0.267534 
5421 -0.267534 
5422 -0.267534 
5423 -0.267534 
5424 -0.267534 
5425 -0.366174 
5426 -0.465680 
5427 -0.491461 
5428 -0.465680 
5429 -0.465680 
5430 -0.465680 
5431 -0.465680 
5432 -0.267534 
5433 -0.267534 
5434 -0.267534 
5435 -0.267534 
5436 -0.267534 
5437 -0.267534 
5438 -0.366174 
5439 -0.465680 
5440 -0.491461 
5441 -0.465680 
5442 -0.465680 
5443 -0.465680 
5444 -0.465680 
5445 -0.267534 
5446 -0.267534 
5447 -0.267534 
5448 -0.267534 
5449 -0.267534 
5450 -0.267534 
5451 -0.366174 
5452 -0.366174 
5453 -0.465680 
5454 -0.491461 
5455 -0.465680 
5456 -0.465680 
5457 -0.465680 
5458 -0.465680 
5459 -0.267534 
5460 -0.267534 
5461 -0.267534 
5462 -0.267534 
5463 -0.267534 
5464 -0.431999 
5465 0.392511 
5466 0.392511 
5467 -0.465680 
5468 -0.465680 
5469 -0.465680 
5470 -0.465680 
5471 -0.465680 
5472 -0.465680 
5473 -0.267534 
5474 -0.267534 
5475 -0.267534 
5476 -0.183228 
5477 -0.431999 
5478 0.392511 
5479 0.392511 
5480 0.392511 
5481 -0.465680 
5482 -0.465680 
5483 -0.465680 
5484 -0.465680 
5485 -0.465680 
5486 -0.465680 
5487 -0.267534 
5488 -0.267534 
5489 -0.183228 
5490 -0.431999 
5491 -0.431999 
5492 0.392511 
5493 0.392511 
5494 0.392511 
5495 0.392511 
5496 0.392511 
5497 0.392511 
5498 0.392511 
5499 0.405044 
5500 0.405044 
5501 0.405044 
5502 -0.183228 
5503 -0.199433 
5504 -0.199433 
5505 -0.168810 
5506 -0.168810 
5507 -0.168810 
5508 -0.168810 
5509 -0.168810 
5510 -0.168810 
5511 -0.168810 
5512 -0.168810 
5513 -0.243329 
5514 -0.243329 
5515 -0.243329 
5516 -0.243329 
5517 0.189794 
5518 0.189794 
5519 0.189794 
5520 0.189794 
5521 0.189794 
5522 0.189794 
5523 0.189794 
5524 0.189794 
5525 -0.038449 
5526 -0.038449 
5527 -0.293575 
5528 -0.293575 
5529 -0.199433 
5530 -0.199433 
5531 -0.199433 
5532 -0.199433 
5533 -0.199433 
5534 -0.168810 
5535 -0.020358 
5536 -0.020358 
5537 -0.168810 
5538 -0.020358 
5539 -0.020358 
5540 -0.168810 
5541 -0.168810 
5542 -0.168810 
5543 -0.168810 
5544 -0.168810 
5545 -0.168810 
5546 -0.243329 
5547 -0.243329 
5548 -0.243329 
5549 -0.243329 
5550 0.189794 
5551 0.189794 
5552 0.189794 
5553 0.189794 
5554 0.189794 
5555 0.189794 
5556 0.189794 
5557 0.189794 
5558 0.189794 
5559 0.189794 
5560 0.189794 
5561 -0.038449 
5562 0.189794 
5563 0.189794 
5564 -0.038449 
5565 -0.038449 
5566 -0.491461 
5567 -0.491461 
5568 -0.199433 
5569 -0.199433 
5570 -0.199433 
5571 -0.199433 
5572 -0.020358 
5573 -0.020358 
5574 -0.020358 
5575 -0.020358 
5576 -0.020358 
5577 -0.020358 
5578 -0.020358 
5579 -0.020358 
5580 -0.168810 
5581 -0.168810 
5582 -0.168810 
5583 -0.168810 
5584 -0.168810 
5585 -0.168810 
5586 -0.243329 
5587 -0.243329 
5588 -0.243329 
5589 0.189794 
5590 0.189794 
5591 0.189794 
5592 0.189794 
5593 0.189794 
5594 0.189794 
5595 0.189794 
5596 0.189794 
5597 0.189794 
5598 0.189794 
5599 0.189794 
5600 0.189794 
5601 0.189794 
5602 0.189794 
5603 -0.491461 
5604 -0.491461 
5605 -0.491461 
5606 -0.491461 
5607 -0.491461 
5608 -0.199433 
5609 -0.491461 
5610 -0.491461 
5611 -0.020358 
5612 -0.491461 
5613 -0.491461 
5614 -0.020358 
5615 -0.020358 
5616 -0.020358 
5617 -0.020358 
5618 -0.020358 
5619 -0.020358 
5620 -0.168810 
5621 -0.020358 
5622 -0.020358 
5623 -0.168810 
5624 -0.267534 
5625 -0.267534 
5626 -0.243329 
5627 -0.267534 
5628 -0.267534 
5629 0.189794 
5630 -0.267534 
5631 -0.267534 
5632 0.189794 
5633 -0.267534 
5634 -0.267534 
5635 0.189794 
5636 0.189794 
5637 0.189794 
5638 0.189794 
5639 0.189794 
5640 -0.491461 
5641 -0.491461 
5642 -0.491461 
5643 -0.491461 
5644 -0.491461 
5645 -0.491461 
5646 -0.199433 
5647 -0.199433 
5648 -0.491461 
5649 -0.199433 
5650 -0.199433 
5651 -0.491461 
5652 -0.020358 
5653 -0.020358 
5654 -0.020358 
5655 -0.020358 
5656 -0.020358 
5657 -0.020358 
5658 -0.020358 
5659 -0.020358 
5660 -0.020358 
5661 -0.267534 
5662 -0.267534 
5663 -0.267534 
5664 -0.267534 
5665 -0.267534 
5666 -0.267534 
5667 -0.267534 
5668 -0.267534 
5669 -0.267534 
5670 -0.267534 
5671 -0.267534 
5672 0.189794 
5673 0.189794 
5674 0.189794 
5675 0.189794 
5676 0.189794 
5677 -0.491461 
5678 -0.491461 
5679 -0.491461 
5680 -0.491461 
5681 -0.491461 
5682 -0.491461 
5683 -0.199433 
5684 -0.199433 
5685 -0.199433 
5686 -0.199433 
5687 -0.491461 
5688 -0.491461 
5689 -0.491461 
5690 -0.491461 
5691 -0.020358 
5692 -0.020358 
5693 -0.020358 
5694 -0.020358 
5695 -0.020358 
5696 -0.020358 
5697 0.486758 
5698 -0.020358 
5699 -0.020358 
5700 -0.267534 
5701 -0.267534 
5702 -0.267534 
5703 -0.267534 
5704 -0.267534 
5705 -0.267534 
5706 -0.267534 
5707 -0.267534 
5708 -0.267534 
5709 0.189794 
5710 -0.267534 
5711 -0.267534 
5712 0.189794 
5713 0.189794 
5714 -0.491461 
5715 -0.491461 
5716 -0.491461 
5717 -0.491461 
5718 -0.491461 
5719 -0.491461 
5720 -0.491461 
5721 -0.491461 
5722 -0.491461 
5723 -0.491461 
5724 -0.491461 
5725 -0.491461 
5726 -0.465680 
5727 -0.465680 
5728 -0.465680 
5729 -0.465680 
5730 -0.465680 
5731 -0.465680 
5732 -0.465680 
5733 -0.465680 
5734 0.486758 
5735 -0.267534 
5736 -0.267534 
5737 -0.267534 
5738 -0.267534 
5739 -0.267534 
5740 -0.267534 
5741 -0.267534 
5742 -0.267534 
5743 -0.267534 
5744 -0.267534 
5745 -0.267534 
5746 -0.267534 
5747 -0.267534 
5748 -0.267534 
5749 -0.267534 
5750 -0.267534 
5751 -0.366174 
5752 -0.366174 
5753 -0.491461 
5754 -0.465680 
5755 -0.465680 
5756 -0.491461 
5757 -0.491461 
5758 -0.491461 
5759 -0.491461 
5760 -0.465680 
5761 -0.465680 
5762 -0.465680 
5763 -0.465680 
5764 -0.465680 
5765 -0.465680 
5766 -0.465680 
5767 -0.465680 
5768 -0.465680 
5769 -0.465680 
5770 -0.465680 
5771 -0.465680 
5772 -0.267534 
5773 -0.267534 
5774 -0.267534 
5775 -0.267534 
5776 -0.267534 
5777 -0.267534 
5778 -0.267534 
5779 -0.267534 
5780 -0.267534 
5781 -0.267534 
5782 -0.267534 
5783 -0.267534 
5784 -0.267534 
5785 -0.267534 
5786 -0.267534 
5787 -0.267534 
5788 -0.366174 
5789 -0.366174 
5790 -0.366174 
5791 -0.465680 
5792 -0.465680 
5793 -0.465680 
5794 -0.491461 
5795 -0.491461 
5796 -0.491461 
5797 -0.465680 
5798 -0.465680 
5799 -0.465680 
5800 -0.465680 
5801 -0.465680 
5802 -0.465680 
5803 -0.465680 
5804 -0.465680 
5805 -0.465680 
5806 -0.465680 
5807 -0.465680 
5808 -0.465680 
5809 -0.267534 
5810 -0.267534 
5811 -0.267534 
5812 -0.267534 
5813 -0.465680 
5814 -0.267534 
5815 -0.267534 
5816 -0.267534 
5817 -0.267534 
5818 -0.267534 
5819 -0.267534 
5820 -0.267534 
5821 -0.267534 
5822 -0.267534 
5823 -0.267534 
5824 -0.267534 
5825 -0.366174 
5826 -0.366174 
5827 -0.366174 
5828 -0.366174 
5829 -0.366174 
5830 0.392511 
5831 -0.465680 
5832 -0.465680 
5833 -0.465680 
5834 -0.491461 
5835 -0.491461 
5836 -0.465680 
5837 -0.465680 
5838 -0.465680 
5839 -0.465680 
5840 -0.465680 
5841 -0.465680 
5842 -0.465680 
5843 -0.465680 
5844 -0.465680 
5845 -0.465680 
5846 -0.465680 
5847 -0.465680 
5848 -0.465680 
5849 -0.465680 
5850 -0.465680 
5851 -0.465680 
5852 -0.267534 
5853 -0.267534 
5854 -0.267534 
5855 -0.267534 
5856 -0.267534 
5857 -0.267534 
5858 -0.267534 
5859 -0.267534 
5860 -0.183228 
5861 -0.183228 
5862 -0.431999 
5863 -0.431999 
5864 -0.366174 
5865 0.392511 
5866 0.392511 
5867 0.392511 
5868 0.392511 
5869 0.392511 
5870 0.392511 
5871 -0.465680 
5872 -0.465680 
5873 -0.465680 
5874 -0.465680 
5875 -0.465680 
5876 -0.465680 
5877 -0.465680 
5878 -0.465680 
5879 -0.465680 
5880 -0.465680 
5881 -0.465680 
5882 -0.465680 
5883 -0.465680 
5884 -0.465680 
5885 -0.465680 
5886 -0.465680 
5887 -0.465680 
5888 -0.465680 
5889 -0.267534 
5890 -0.267534 
5891 -0.267534 
5892 -0.267534 
5893 -0.267534 
5894 -0.183228 
5895 -0.267534 
5896 -0.267534 
5897 -0.183228 
5898 -0.183228 
5899 -0.431999 
5900 -0.431999 
5901 -0.431999 
5902 0.392511 
5903 -0.431999 
5904 0.392511 
5905 0.392511 
5906 0.392511 
5907 0.392511 
5908 0.392511 
5909 0.392511 
5910 0.392511 
5911 -0.465680 
5912 -0.465680 
5913 0.392511 
5914 -0.465680 
5915 -0.465680 
5916 0.392511 
5917 -0.465680 
5918 -0.465680 
5919 0.392511 
5920 -0.465680 
5921 -0.465680 
5922 0.392511 
5923 -0.465680 
5924 -0.465680 
5925 0.405044 
5926 -0.465680 
5927 -0.465680 
5928 0.405044 
5929 -0.465680 
5930 -0.465680 
5931 -0.183228 
5932 0.405044 
5933 0.405044 
5934 -0.183228 
5935 -0.183228 
5936 -0.431999 
5937 -0.431999 
5938 -0.431999 
5939 -0.431999 
5940 0.392511 
5941 0.392511 
5942 0.392511 
5943 0.392511 
5944 0.392511 
5945 0.392511 
5946 0.392511 
5947 0.392511 
5948 0.392511 
5949 0.392511 
5950 0.392511 
5951 0.392511 
5952 0.392511 
5953 0.392511 
5954 0.405044 
5955 0.405044 
5956 0.405044 
5957 0.405044 
5958 0.405044 
5959 0.405044 
5960 -0.183228 
5961 -0.183228 
