5962 1
0 -1.694491 
1 -1.400498 
2 -1.519332 
3 -1.514365 
4 -1.627135 
5 -1.551216 
6 -1.587692 
7 -1.557703 
8 -1.580825 
9 -1.539655 
10 -1.606255 
11 -1.511891 
12 -1.589796 
13 -1.528878 
14 -1.522874 
15 -1.629734 
16 -1.627054 
17 -1.678314 
18 -1.520185 
19 -1.514560 
20 -1.458705 
21 -1.582724 
22 -1.595554 
23 -1.603368 
24 -1.642855 
25 -1.634822 
26 -1.438173 
27 -1.539331 
28 -1.863050 
29 -1.494091 
30 -1.512776 
31 -1.578370 
32 -1.529052 
33 -1.551681 
34 -1.581098 
35 -1.602576 
36 -1.474938 
37 -1.616286 
38 -1.575837 
39 -1.603202 
40 -1.670622 
41 -1.509294 
42 -1.593838 
43 -1.686677 
44 -1.534054 
45 -1.514865 
46 -1.594643 
47 -1.638455 
48 -1.514958 
49 -1.631738 
50 -1.570765 
51 -1.599558 
52 -1.570965 
53 -1.531479 
54 -1.537682 
55 -1.758805 
56 -1.418738 
57 -1.542494 
58 -1.823050 
59 -1.547018 
60 -1.703580 
61 -1.739867 
62 -1.724680 
63 -1.197426 
64 -1.307629 
65 -1.798664 
66 -1.739607 
67 -1.787899 
68 -1.652233 
69 -1.492676 
70 -1.642531 
71 -1.574578 
72 -1.528784 
73 -1.501958 
74 -1.741869 
75 -1.557924 
76 -1.500945 
77 -1.699506 
78 -1.618554 
79 -1.500752 
80 -1.633703 
81 -1.496178 
82 -1.531409 
83 -1.726835 
84 -1.600987 
85 -1.544680 
86 -1.642383 
87 -1.536380 
88 -1.649626 
89 -1.693847 
90 -1.591017 
91 -1.458273 
92 -1.685412 
93 -1.490788 
94 -1.461751 
95 -1.795263 
96 -1.566561 
97 -1.514689 
98 -1.527607 
99 -1.533837 
100 0.328956 
101 0.267941 
102 -2.027841 
103 -2.300301 
104 -0.650780 
105 -1.941080 
106 -1.951102 
107 -2.010865 
108 -1.717681 
109 -1.456267 
110 -1.446659 
111 -1.609792 
112 -1.597156 
113 -1.384877 
114 -1.690760 
115 -1.648839 
116 -1.555311 
117 -1.613206 
118 -1.572729 
119 -1.512326 
120 -1.671500 
121 -1.591206 
122 -1.513781 
123 -1.607961 
124 -1.603205 
125 -1.517336 
126 -1.574677 
127 -1.678209 
128 -1.640435 
129 -1.639604 
130 -1.541998 
131 -1.473240 
132 -1.749067 
133 -1.496413 
134 -1.528393 
135 -1.527072 
136 -2.035372 
137 1.998985 
138 1.927055 
139 0.805897 
140 1.954940 
141 2.435047 
142 -0.743736 
143 -0.473379 
144 -0.276850 
145 -2.156237 
146 -1.881686 
147 -2.025102 
148 -1.730898 
149 -1.437094 
150 -1.483277 
151 -1.733972 
152 -1.587366 
153 -1.500212 
154 -1.689064 
155 -1.466385 
156 -1.490282 
157 -1.686206 
158 -1.630623 
159 -1.560475 
160 -1.612576 
161 -1.631762 
162 -1.452615 
163 -1.608617 
164 -1.530288 
165 -1.501004 
166 -1.670578 
167 -1.546440 
168 -1.586270 
169 -1.665612 
170 -1.588606 
171 -1.512344 
172 -1.464621 
173 -1.420258 
174 1.697072 
175 1.659287 
176 1.794886 
177 1.755873 
178 1.888578 
179 1.453241 
180 2.672228 
181 2.616811 
182 0.766079 
183 0.656385 
184 1.103376 
185 -1.815763 
186 -1.527968 
187 -1.244312 
188 -1.878490 
189 -1.710802 
190 -1.612588 
191 -1.931544 
192 -1.826688 
193 -1.686684 
194 -1.446088 
195 -1.714366 
196 -1.703417 
197 -1.522534 
198 -1.638075 
199 -1.693082 
200 -1.641328 
201 -1.641170 
202 -1.462138 
203 -1.581161 
204 -1.612293 
205 -1.692698 
206 -1.570536 
207 -1.586236 
208 -1.676729 
209 -1.483356 
210 -1.521060 
211 1.727938 
212 1.516785 
213 1.809171 
214 1.571109 
215 1.606183 
216 1.734580 
217 1.614177 
218 1.497018 
219 1.770546 
220 2.425836 
221 2.269156 
222 1.141536 
223 1.192501 
224 3.529568 
225 0.489968 
226 0.300751 
227 0.143295 
228 -1.100572 
229 -1.248210 
230 -1.774907 
231 -1.306815 
232 -1.305635 
233 -2.134392 
234 -0.996673 
235 -1.294633 
236 -0.969140 
237 -1.840141 
238 -1.494702 
239 -1.849493 
240 -1.751852 
241 -1.618566 
242 -1.621056 
243 -2.041726 
244 -1.571579 
245 -1.606954 
246 -1.468510 
247 -1.674377 
248 1.534675 
249 1.486780 
250 1.803349 
251 1.592950 
252 1.662940 
253 1.634687 
254 1.630570 
255 1.551431 
256 1.829276 
257 1.318791 
258 1.407276 
259 1.921452 
260 1.736025 
261 1.819673 
262 1.743862 
263 1.488225 
264 2.615714 
265 1.787564 
266 1.309078 
267 1.494112 
268 1.958601 
269 1.261031 
270 1.268554 
271 2.117363 
272 1.844809 
273 1.839421 
274 1.600237 
275 1.410788 
276 2.945007 
277 0.096385 
278 0.512182 
279 0.552012 
280 -0.982045 
281 -1.135597 
282 -1.144904 
283 -3.016473 
284 -1.194222 
285 1.691612 
286 1.683460 
287 1.928382 
288 1.638244 
289 1.536953 
290 1.617814 
291 1.594701 
292 1.658489 
293 1.674566 
294 1.610262 
295 1.649660 
296 1.626529 
297 1.586341 
298 1.564628 
299 1.646074 
300 1.646142 
301 1.666304 
302 1.696802 
303 1.537767 
304 1.603312 
305 1.764663 
306 1.567513 
307 1.648144 
308 1.742599 
309 1.554156 
310 1.618175 
311 1.815959 
312 1.969742 
313 1.811203 
314 1.685929 
315 1.797248 
316 3.046976 
317 1.445319 
318 1.474509 
319 1.396552 
320 0.007356 
321 -0.161409 
322 2.578152 
323 2.438494 
324 2.003261 
325 1.592243 
326 1.582581 
327 1.463952 
328 1.563598 
329 1.670550 
330 1.640694 
331 1.602790 
332 1.604118 
333 1.570055 
334 1.668408 
335 1.597815 
336 1.489476 
337 1.693869 
338 1.592474 
339 1.746475 
340 1.621715 
341 1.569757 
342 1.577634 
343 1.570944 
344 1.517103 
345 1.716839 
346 1.736681 
347 1.476491 
348 1.712440 
349 1.534555 
350 1.435272 
351 1.749208 
352 1.613120 
353 1.565246 
354 1.685087 
355 1.658676 
356 1.959607 
357 1.457565 
358 1.359698 
359 1.956718 
360 1.548232 
361 1.573403 
362 1.656974 
363 1.692989 
364 1.611495 
365 1.630302 
366 1.606813 
367 1.654088 
368 1.531368 
369 1.697717 
370 1.624360 
371 1.710675 
372 1.449750 
373 1.752698 
374 1.648656 
375 1.618195 
376 1.589347 
377 1.643274 
378 1.621183 
379 1.705090 
380 1.711659 
381 1.472646 
382 1.686877 
383 1.555436 
384 1.591771 
385 1.660378 
386 1.665719 
387 1.576722 
388 1.666038 
389 1.600931 
390 1.521607 
391 1.710592 
392 1.646426 
393 1.669176 
394 1.544298 
395 1.546919 
396 1.669583 
397 1.568593 
398 1.563557 
399 1.677145 
400 1.694184 
401 1.652591 
402 1.521622 
403 1.613918 
404 1.714126 
405 1.538766 
406 1.542793 
407 1.772984 
408 1.603492 
409 1.534546 
410 1.661187 
411 1.611297 
412 1.604388 
413 1.642810 
414 1.650364 
415 1.525459 
416 1.642583 
417 1.499077 
418 1.630070 
419 1.665948 
420 1.529046 
421 1.668241 
422 1.656798 
423 1.703627 
424 1.580718 
425 1.633155 
426 1.602526 
427 1.629041 
428 1.669828 
429 1.565347 
430 1.598275 
431 1.623580 
432 1.560588 
433 1.646808 
434 1.499146 
435 1.721212 
436 1.698282 
437 1.722220 
438 1.599701 
439 1.457681 
440 1.592897 
441 1.584921 
442 1.625193 
443 1.641485 
444 1.616327 
445 1.637760 
446 1.567233 
447 1.615855 
448 1.634924 
449 1.551495 
450 1.683063 
451 1.630662 
452 1.576124 
453 1.589200 
454 1.543093 
455 1.763133 
456 1.741402 
457 1.780048 
458 1.663989 
459 -1.149565 
460 -1.496404 
461 -1.529073 
462 -1.661915 
463 -1.511823 
464 -1.678086 
465 -1.619606 
466 -1.566201 
467 -1.430970 
468 -1.502159 
469 -1.588447 
470 -1.632925 
471 -1.481406 
472 -1.501539 
473 -1.583724 
474 -1.582541 
475 -1.641915 
476 -1.670198 
477 -1.521176 
478 -1.466023 
479 -1.587979 
480 -1.448841 
481 -1.381421 
482 -1.518987 
483 -1.710342 
484 -1.908148 
485 -1.312478 
486 -1.390993 
487 -1.554571 
488 -1.462458 
489 -1.556708 
490 -1.508973 
491 -1.523171 
492 -1.502818 
493 -1.536756 
494 -1.492066 
495 -1.678206 
496 -2.200534 
497 -2.209425 
498 -0.483714 
499 -0.824208 
500 -1.278106 
501 -1.525506 
502 -1.661949 
503 -1.652030 
504 -1.674959 
505 -1.585176 
506 -1.530652 
507 -1.429572 
508 -1.659585 
509 -1.708452 
510 -1.952175 
511 0.962930 
512 0.617969 
513 -0.525613 
514 -1.521436 
515 -3.232397 
516 -2.095906 
517 -1.633467 
518 -1.192410 
519 -1.411818 
520 -1.208382 
521 -1.579323 
522 -1.610396 
523 -1.740780 
524 2.765532 
525 2.283865 
526 1.086170 
527 -0.122583 
528 -1.129368 
529 -2.426106 
530 -1.948033 
531 -1.103611 
532 -0.723655 
533 -1.351059 
534 -2.336803 
535 -1.801181 
536 -1.232966 
537 1.831017 
538 1.800608 
539 1.775014 
540 3.780422 
541 1.619197 
542 0.383122 
543 0.388188 
544 0.490776 
545 0.145382 
546 -1.225399 
547 -3.518648 
548 -0.964430 
549 -0.798101 
550 2.353798 
551 1.919447 
552 1.678338 
553 1.919186 
554 1.585398 
555 1.435453 
556 2.326536 
557 1.916680 
558 1.813906 
559 1.429326 
560 0.111621 
561 0.047700 
562 -0.033106 
563 4.207654 
564 1.949086 
565 1.522955 
566 1.512867 
567 1.476251 
568 1.318493 
569 1.623657 
570 1.516184 
571 1.806438 
572 2.943187 
573 1.834262 
574 1.116256 
575 0.948132 
576 1.981688 
577 1.595812 
578 1.480426 
579 1.444868 
580 1.607704 
581 1.583545 
582 1.719286 
583 1.618503 
584 1.727549 
585 1.719284 
586 1.542926 
587 1.488954 
588 1.494698 
589 1.744760 
590 1.712505 
591 1.759234 
592 1.572296 
593 1.723709 
594 1.592546 
595 1.679639 
596 1.675330 
597 1.588930 
598 1.576517 
599 1.650926 
600 1.734995 
601 1.627498 
602 1.628395 
603 1.549103 
604 1.760587 
605 1.562300 
606 1.634640 
607 1.548645 
608 1.629481 
609 1.708541 
610 1.588839 
611 1.735413 
612 1.767152 
613 1.675707 
614 1.758750 
615 1.412404 
616 1.654596 
617 1.640972 
618 1.533692 
619 1.716641 
620 1.672615 
621 1.681338 
622 1.642206 
623 1.565720 
624 1.519990 
625 1.646139 
626 1.574297 
627 1.717813 
628 -1.236304 
629 -1.686343 
630 -1.732315 
631 -1.716533 
632 -1.843320 
633 -1.649720 
634 -1.473806 
635 -1.354344 
636 -1.417008 
637 -1.424604 
638 -1.694303 
639 -1.909420 
640 -1.740488 
641 -1.364074 
642 -1.664466 
643 -1.493039 
644 -1.582961 
645 -1.550895 
646 -1.571956 
647 -1.527228 
648 -1.565589 
649 -1.546055 
650 -1.485558 
651 -1.783076 
652 -1.741062 
653 -1.728282 
654 -1.376120 
655 -1.440085 
656 -1.407145 
657 -1.506681 
658 -1.506016 
659 -1.842472 
660 -1.717269 
661 -1.554473 
662 -1.550351 
663 -1.533230 
664 -1.664547 
665 -1.777094 
666 -1.849773 
667 -0.887243 
668 -0.977563 
669 -1.294165 
670 -1.832476 
671 -2.020481 
672 -2.174004 
673 -1.770576 
674 -1.342194 
675 -1.360183 
676 -1.074921 
677 -1.442055 
678 -1.676917 
679 -1.884315 
680 0.024967 
681 -0.409448 
682 -1.671449 
683 -3.021492 
684 -2.941160 
685 -1.638745 
686 -0.495431 
687 0.222067 
688 0.085630 
689 -0.804965 
690 -1.969942 
691 -2.484855 
692 -3.585941 
693 0.784895 
694 0.026514 
695 -0.836277 
696 -2.537227 
697 -2.162052 
698 -0.481126 
699 0.749975 
700 2.104960 
701 1.914339 
702 -0.248949 
703 -2.388605 
704 -2.837101 
705 -1.978274 
706 0.503030 
707 0.446987 
708 0.928589 
709 1.313097 
710 1.802223 
711 2.879743 
712 1.922570 
713 2.283232 
714 1.872558 
715 0.756944 
716 -0.326552 
717 -0.145778 
718 -0.341177 
719 3.684271 
720 1.304364 
721 1.125190 
722 2.237973 
723 2.554061 
724 1.670503 
725 1.434728 
726 1.441401 
727 1.720140 
728 2.730569 
729 1.670813 
730 1.671269 
731 1.325448 
732 2.108821 
733 1.532945 
734 1.347369 
735 1.389084 
736 1.506369 
737 1.686464 
738 1.725881 
739 1.592056 
740 1.786420 
741 1.684042 
742 1.528732 
743 1.436659 
744 1.557626 
745 1.868608 
746 1.562989 
747 1.711701 
748 1.425215 
749 1.522752 
750 1.811182 
751 1.753247 
752 1.599518 
753 1.676172 
754 1.688120 
755 1.555172 
756 1.581222 
757 1.578095 
758 1.748608 
759 1.614468 
760 1.691522 
761 1.610533 
762 1.570730 
763 1.601783 
764 1.598620 
765 1.554606 
766 1.736472 
767 1.651054 
768 1.624233 
769 1.632477 
770 1.695212 
771 1.455037 
772 1.426403 
773 1.693302 
774 1.717561 
775 1.597854 
776 1.588133 
777 1.686715 
778 1.645187 
779 1.519532 
780 1.529521 
781 1.616259 
782 1.622791 
783 1.674113 
784 1.500335 
785 1.631631 
786 1.741528 
787 1.627235 
788 1.664912 
789 1.621468 
790 1.570789 
791 1.651530 
792 1.566150 
793 1.628395 
794 1.683407 
795 1.656792 
796 1.835605 
797 -1.430841 
798 -1.527740 
799 -1.551140 
800 -1.493794 
801 -1.804031 
802 -1.567864 
803 -1.401908 
804 -1.556621 
805 -1.637459 
806 -1.529731 
807 -1.603271 
808 -1.535009 
809 -1.850690 
810 -1.362453 
811 -1.516491 
812 -1.535954 
813 -1.544810 
814 -1.561454 
815 -1.623833 
816 -1.569675 
817 -1.485794 
818 -1.658886 
819 -1.496754 
820 -1.521594 
821 -1.641780 
822 -1.633473 
823 -1.463969 
824 -1.534271 
825 -1.571940 
826 -1.530966 
827 -1.628878 
828 -1.648881 
829 -1.446884 
830 -1.470207 
831 -1.804269 
832 -1.547049 
833 -1.540243 
834 -1.535512 
835 -1.573508 
836 -1.375530 
837 -1.514209 
838 -1.698088 
839 -1.738640 
840 -3.259039 
841 -1.655941 
842 -0.776859 
843 -0.567936 
844 -0.795400 
845 -1.588171 
846 -2.072900 
847 -1.689888 
848 -1.745643 
849 -1.349867 
850 -1.593152 
851 -1.692448 
852 -3.080287 
853 -1.926249 
854 -0.559345 
855 0.480341 
856 0.992787 
857 0.509751 
858 -0.777762 
859 -3.603599 
860 -1.759360 
861 -1.787420 
862 -1.096153 
863 -1.480852 
864 -3.193607 
865 -1.913304 
866 -0.667647 
867 0.454619 
868 1.165269 
869 2.226877 
870 2.577589 
871 0.914531 
872 -0.219429 
873 -1.141648 
874 -1.947985 
875 -2.916788 
876 -2.879951 
877 -2.048230 
878 -0.428635 
879 0.590757 
880 1.140857 
881 1.559583 
882 2.020092 
883 1.980787 
884 3.519767 
885 1.841249 
886 0.978582 
887 0.462419 
888 -0.714160 
889 -2.359559 
890 -1.916403 
891 0.223300 
892 0.659167 
893 1.522861 
894 2.054367 
895 2.235955 
896 1.465300 
897 1.899318 
898 1.643105 
899 1.499221 
900 3.310233 
901 1.586799 
902 1.341858 
903 1.026708 
904 0.921842 
905 1.196841 
906 2.160142 
907 2.361682 
908 1.679474 
909 1.498083 
910 1.748932 
911 1.636202 
912 1.784250 
913 1.745904 
914 1.532102 
915 1.561477 
916 1.601518 
917 1.636197 
918 1.639259 
919 1.560606 
920 1.623359 
921 1.657209 
922 1.541704 
923 1.655025 
924 1.592418 
925 1.623489 
926 1.709570 
927 1.522741 
928 1.557036 
929 1.607301 
930 1.670437 
931 1.556744 
932 1.588880 
933 1.613522 
934 1.686412 
935 1.589230 
936 1.525333 
937 1.784357 
938 1.637627 
939 1.592213 
940 1.574574 
941 1.610879 
942 1.695307 
943 1.629265 
944 1.629151 
945 1.501535 
946 1.667077 
947 1.573913 
948 1.655852 
949 1.568433 
950 1.554329 
951 1.671088 
952 1.727245 
953 1.435976 
954 1.651011 
955 1.719452 
956 1.564969 
957 1.635489 
958 1.630563 
959 1.647525 
960 1.687209 
961 1.684559 
962 1.627346 
963 1.568312 
964 1.633912 
965 1.656939 
966 -1.576744 
967 -1.670963 
968 -1.656203 
969 -1.504621 
970 -1.586074 
971 -1.677670 
972 -1.549101 
973 -1.592841 
974 -1.485711 
975 -1.722336 
976 -1.636070 
977 -1.655686 
978 -1.564544 
979 -1.548901 
980 -1.506166 
981 -1.609302 
982 -1.715938 
983 -1.597898 
984 -1.566185 
985 -1.505013 
986 -1.589318 
987 -1.695904 
988 -1.592224 
989 -1.685220 
990 -1.568257 
991 -1.558770 
992 -1.584942 
993 -1.635215 
994 -1.600572 
995 -1.629234 
996 -1.614712 
997 -1.679032 
998 -1.594850 
999 -1.572258 
1000 -1.537170 
1001 -1.562292 
1002 -1.749209 
1003 -1.598467 
1004 -1.428558 
1005 -1.722595 
1006 -1.615284 
1007 -1.557732 
1008 -1.605926 
1009 -1.546398 
1010 -1.524851 
1011 -1.613715 
1012 -1.549885 
1013 -1.616081 
1014 -1.581251 
1015 -1.642162 
1016 -1.596138 
1017 -1.645309 
1018 -1.529066 
1019 -1.583290 
1020 -1.604026 
1021 -1.560905 
1022 -1.648731 
1023 -1.587739 
1024 -1.592325 
1025 -1.662550 
1026 -1.610243 
1027 -1.514958 
1028 -1.520548 
1029 -1.598220 
1030 -1.630376 
1031 -1.596429 
1032 -1.538136 
1033 -1.556899 
1034 -1.702381 
1035 -1.536323 
1036 -1.547869 
1037 -1.461722 
1038 -1.593838 
1039 -1.586524 
1040 -1.699990 
1041 -1.507794 
1042 -1.653899 
1043 -1.578198 
1044 -1.751804 
1045 -1.721060 
1046 -1.669989 
1047 -1.605861 
1048 -1.735235 
1049 -1.512959 
1050 -1.713573 
1051 -1.632786 
1052 -1.440467 
1053 -1.543019 
1054 -1.606839 
1055 -1.582039 
1056 -1.569861 
1057 -1.610834 
1058 -1.547938 
1059 -1.482185 
1060 -1.607425 
1061 -1.565950 
1062 -1.536768 
1063 -1.603387 
1064 -1.544348 
1065 -1.601742 
1066 -1.636421 
1067 -1.610067 
1068 -1.593011 
1069 -1.518029 
1070 -1.696557 
1071 -1.518442 
1072 -1.526584 
1073 -1.548181 
1074 -1.431540 
1075 -1.611500 
1076 -2.048656 
1077 -1.749325 
1078 -1.313451 
1079 -1.282601 
1080 -3.249455 
1081 -1.294151 
1082 -1.174579 
1083 -0.863063 
1084 -0.942884 
1085 -1.101676 
1086 -0.608137 
1087 -3.222864 
1088 -1.042909 
1089 -0.713187 
1090 -2.409676 
1091 -2.277247 
1092 -1.172672 
1093 -1.757626 
1094 -1.736816 
1095 -1.589235 
1096 -1.659767 
1097 -1.715706 
1098 -1.440566 
1099 -1.556008 
1100 -1.477207 
1101 -1.577910 
1102 -1.688747 
1103 -1.659977 
1104 -1.522311 
1105 -1.462366 
1106 -1.516834 
1107 -1.707667 
1108 -1.591384 
1109 -1.502712 
1110 -1.666258 
1111 -1.558727 
1112 -2.006947 
1113 -1.900496 
1114 -2.176006 
1115 -0.709794 
1116 -1.863184 
1117 -2.585032 
1118 0.209705 
1119 0.149052 
1120 1.187209 
1121 1.869516 
1122 2.053095 
1123 2.365424 
1124 1.252202 
1125 1.161079 
1126 1.572751 
1127 -2.426628 
1128 -0.554458 
1129 0.030497 
1130 -2.468473 
1131 -2.739114 
1132 -0.714053 
1133 -2.112635 
1134 -2.207362 
1135 -1.359146 
1136 -1.486183 
1137 -1.206446 
1138 -1.651874 
1139 -1.883628 
1140 -1.481312 
1141 -1.690538 
1142 -1.493919 
1143 -1.446615 
1144 -2.164301 
1145 -1.894926 
1146 -1.242418 
1147 -1.118976 
1148 -3.964332 
1149 -1.003991 
1150 -0.766604 
1151 -0.665850 
1152 -0.114395 
1153 0.134973 
1154 0.777021 
1155 3.423809 
1156 1.178810 
1157 1.199221 
1158 2.410161 
1159 2.314450 
1160 1.586541 
1161 1.746585 
1162 1.655406 
1163 1.913352 
1164 1.628721 
1165 1.604385 
1166 3.004842 
1167 0.054085 
1168 -0.176018 
1169 0.948605 
1170 -1.981730 
1171 -1.656356 
1172 -0.139208 
1173 -1.260028 
1174 -0.784225 
1175 -3.362922 
1176 -1.458764 
1177 -1.664166 
1178 -1.632773 
1179 -1.505539 
1180 -1.832687 
1181 -2.023171 
1182 -1.964764 
1183 -0.958924 
1184 -2.372125 
1185 -1.575710 
1186 -0.137703 
1187 0.005743 
1188 1.095354 
1189 1.912252 
1190 2.329448 
1191 2.241677 
1192 1.663019 
1193 1.833970 
1194 1.711424 
1195 1.875974 
1196 1.620669 
1197 1.670524 
1198 1.474962 
1199 1.599260 
1200 1.673347 
1201 1.621504 
1202 1.567505 
1203 1.695496 
1204 1.941093 
1205 1.787114 
1206 2.272977 
1207 1.100597 
1208 1.585339 
1209 2.895378 
1210 0.771090 
1211 1.390915 
1212 -0.850208 
1213 -2.193931 
1214 -1.801945 
1215 -1.306873 
1216 -2.611578 
1217 -1.228689 
1218 -1.153381 
1219 -1.291993 
1220 -0.574707 
1221 -0.806627 
1222 0.648276 
1223 3.117076 
1224 0.996997 
1225 1.112957 
1226 2.571848 
1227 2.551827 
1228 1.486457 
1229 1.665566 
1230 1.613495 
1231 1.843157 
1232 1.594556 
1233 1.557423 
1234 1.663735 
1235 1.554010 
1236 1.668291 
1237 1.536200 
1238 1.628095 
1239 1.624892 
1240 1.635298 
1241 1.669419 
1242 1.517755 
1243 1.591189 
1244 1.706532 
1245 1.725678 
1246 1.674732 
1247 1.420571 
1248 4.034189 
1249 1.007607 
1250 0.525787 
1251 0.498913 
1252 2.040112 
1253 1.070222 
1254 1.595235 
1255 1.637104 
1256 0.984360 
1257 2.074001 
1258 2.141534 
1259 2.144422 
1260 1.659507 
1261 1.655828 
1262 1.701517 
1263 2.076182 
1264 1.459072 
1265 1.720727 
1266 1.612413 
1267 1.670413 
1268 1.601790 
1269 1.753066 
1270 1.456470 
1271 1.467396 
1272 1.674943 
1273 1.596330 
1274 1.580915 
1275 1.719415 
1276 1.622944 
1277 1.709047 
1278 1.483995 
1279 1.619186 
1280 1.592338 
1281 1.639472 
1282 1.553848 
1283 1.629727 
1284 1.945579 
1285 1.812165 
1286 1.601842 
1287 1.294508 
1288 1.995360 
1289 1.790001 
1290 1.196159 
1291 2.012902 
1292 2.013526 
1293 1.395580 
1294 1.630835 
1295 1.963333 
1296 1.475064 
1297 1.673220 
1298 1.690204 
1299 1.683088 
1300 1.674303 
1301 1.591954 
1302 1.627679 
1303 1.563579 
1304 1.458315 
1305 1.633890 
1306 1.682039 
1307 1.586801 
1308 1.645284 
1309 1.530838 
1310 1.608330 
1311 1.768811 
1312 1.667622 
1313 1.532218 
1314 1.604222 
1315 1.711997 
1316 1.539274 
1317 1.387211 
1318 1.675472 
1319 1.821400 
1320 1.661663 
1321 1.611624 
1322 1.602869 
1323 1.493562 
1324 1.550232 
1325 1.695278 
1326 1.787513 
1327 1.684410 
1328 1.683053 
1329 1.586899 
1330 1.520733 
1331 1.551294 
1332 1.667775 
1333 1.698388 
1334 1.548871 
1335 1.551071 
1336 1.703959 
1337 1.607208 
1338 1.601462 
1339 1.564593 
1340 1.631637 
1341 1.641890 
1342 1.605163 
1343 1.625731 
1344 1.652110 
1345 1.603446 
1346 1.684113 
1347 1.587834 
1348 1.617116 
1349 1.692020 
1350 1.645689 
1351 1.602584 
1352 1.621415 
1353 1.588045 
1354 1.568422 
1355 1.695810 
1356 1.577506 
1357 1.672673 
1358 1.582643 
1359 1.634560 
1360 1.631966 
1361 1.399333 
1362 1.821635 
1363 1.705915 
1364 1.505994 
1365 1.774538 
1366 1.617079 
1367 1.646135 
1368 1.630857 
1369 1.546180 
1370 1.591073 
1371 1.691563 
1372 1.611303 
1373 1.674464 
1374 1.632073 
1375 1.625247 
1376 1.715453 
1377 1.629433 
1378 1.613896 
1379 1.703606 
1380 1.579995 
1381 1.665117 
1382 1.745303 
1383 1.536138 
1384 1.682381 
1385 1.605957 
1386 1.712639 
1387 1.581648 
1388 1.547505 
1389 1.630743 
1390 1.647756 
1391 1.734828 
1392 1.649504 
1393 1.665608 
1394 1.695272 
1395 1.491129 
1396 1.755895 
1397 1.349941 
1398 1.717346 
1399 1.660303 
1400 1.799111 
1401 1.521015 
1402 1.625600 
1403 1.458446 
1404 1.767568 
1405 1.586496 
1406 1.602168 
1407 1.550684 
1408 1.633057 
1409 1.493612 
1410 1.619166 
1411 1.677617 
1412 1.664371 
1413 1.692810 
1414 1.538031 
1415 1.576315 
1416 1.634463 
1417 1.579245 
1418 1.655329 
1419 1.676351 
1420 1.769923 
1421 -1.516265 
1422 -1.614108 
1423 -1.533574 
1424 -1.533900 
1425 -1.659813 
1426 -1.600833 
1427 -1.563764 
1428 -1.588560 
1429 -1.567144 
1430 -1.601836 
1431 -1.569118 
1432 -1.668093 
1433 -1.535851 
1434 -1.650919 
1435 -1.592248 
1436 -1.605269 
1437 -1.620894 
1438 -1.596202 
1439 -1.581884 
1440 -1.551965 
1441 -1.533292 
1442 -1.606345 
1443 -1.573938 
1444 -1.662662 
1445 -1.538767 
1446 -1.522467 
1447 -1.577229 
1448 -1.593244 
1449 -1.683754 
1450 -1.530837 
1451 -1.546648 
1452 -1.515046 
1453 -1.643951 
1454 -1.669571 
1455 -1.522777 
1456 -1.586545 
1457 -1.538051 
1458 -1.607439 
1459 -1.603279 
1460 -1.607735 
1461 -1.569838 
1462 -1.602514 
1463 -1.524231 
1464 -1.652525 
1465 -1.608534 
1466 -1.623105 
1467 -1.502869 
1468 -1.477853 
1469 -1.605888 
1470 -1.675850 
1471 -1.576214 
1472 -1.661878 
1473 -1.691623 
1474 -1.471469 
1475 -1.611307 
1476 -1.674970 
1477 -1.544370 
1478 -1.541431 
1479 -1.631054 
1480 -1.645361 
1481 -1.617131 
1482 -1.586463 
1483 -1.584793 
1484 -1.717338 
1485 -1.542919 
1486 -1.561134 
1487 -1.492896 
1488 -1.553293 
1489 -1.591583 
1490 -1.623544 
1491 -1.566017 
1492 -1.641118 
1493 -1.500076 
1494 -1.575567 
1495 -1.597276 
1496 -1.769645 
1497 -1.690730 
1498 -1.806629 
1499 -1.427099 
1500 -1.672158 
1501 -2.029557 
1502 -1.510192 
1503 -1.637856 
1504 -1.723344 
1505 -1.484170 
1506 -1.388583 
1507 -1.841983 
1508 -1.569658 
1509 -1.540750 
1510 -1.858628 
1511 -1.533794 
1512 -1.525725 
1513 -1.792141 
1514 -1.500823 
1515 -1.579301 
1516 -1.617057 
1517 -1.523737 
1518 -1.615504 
1519 -1.640138 
1520 -1.557854 
1521 -1.596027 
1522 -1.603411 
1523 -1.673787 
1524 -1.501305 
1525 -1.600971 
1526 -1.600440 
1527 -1.627686 
1528 -1.619263 
1529 -1.817163 
1530 -1.515324 
1531 -1.447798 
1532 -2.572619 
1533 -1.128237 
1534 -1.399162 
1535 -1.862210 
1536 -0.845947 
1537 -1.456386 
1538 -2.998116 
1539 -0.433119 
1540 -0.559023 
1541 -2.362039 
1542 -1.442614 
1543 -1.302548 
1544 -1.415098 
1545 -1.330353 
1546 -1.306277 
1547 -2.513493 
1548 -1.357186 
1549 -1.488313 
1550 -1.992213 
1551 -1.613322 
1552 -1.490988 
1553 -1.700349 
1554 -1.523996 
1555 -1.608990 
1556 -1.556287 
1557 -1.516741 
1558 -1.615474 
1559 -1.591254 
1560 -1.475940 
1561 -1.324353 
1562 -1.618597 
1563 -1.723302 
1564 -1.830564 
1565 -1.611652 
1566 -1.822093 
1567 -1.172197 
1568 -2.204620 
1569 -2.764138 
1570 -0.440018 
1571 -0.579101 
1572 -2.973287 
1573 0.639360 
1574 0.988392 
1575 0.645892 
1576 2.038694 
1577 2.208065 
1578 0.971015 
1579 1.909045 
1580 3.183552 
1581 -0.123069 
1582 0.581381 
1583 0.570260 
1584 -1.079374 
1585 -0.966537 
1586 -1.107268 
1587 -3.098985 
1588 -1.258994 
1589 -1.247315 
1590 -2.383391 
1591 -1.723521 
1592 -1.531968 
1593 -1.387562 
1594 -1.583406 
1595 -1.570722 
1596 -1.671607 
1597 -1.726229 
1598 -1.486139 
1599 -1.538945 
1600 -2.084357 
1601 -1.167945 
1602 -1.244188 
1603 -2.051115 
1604 -1.421224 
1605 -1.623763 
1606 -2.565201 
1607 0.374769 
1608 0.558743 
1609 0.108439 
1610 2.541054 
1611 2.428062 
1612 0.880432 
1613 2.118961 
1614 2.170690 
1615 1.547687 
1616 1.984928 
1617 1.840019 
1618 1.392833 
1619 1.469333 
1620 3.386711 
1621 1.252075 
1622 1.444248 
1623 1.447807 
1624 -0.715263 
1625 0.624810 
1626 0.830878 
1627 -2.968617 
1628 -0.211914 
1629 -0.959145 
1630 -2.619572 
1631 -2.058109 
1632 -1.850308 
1633 -1.538482 
1634 -1.672008 
1635 -0.997020 
1636 -1.921552 
1637 -3.219144 
1638 -0.460239 
1639 -0.347676 
1640 -3.916296 
1641 0.397108 
1642 0.459839 
1643 0.192022 
1644 1.290367 
1645 1.320845 
1646 0.810048 
1647 3.561108 
1648 1.755194 
1649 1.352726 
1650 1.767596 
1651 1.883307 
1652 1.702371 
1653 1.648390 
1654 1.591802 
1655 1.468974 
1656 1.742093 
1657 1.629181 
1658 1.395509 
1659 1.598280 
1660 2.215609 
1661 1.479323 
1662 1.794232 
1663 1.692928 
1664 1.744540 
1665 2.010706 
1666 0.451857 
1667 -2.658310 
1668 -0.902901 
1669 -2.356960 
1670 -2.107152 
1671 -1.201596 
1672 -2.022027 
1673 -1.870762 
1674 -1.889783 
1675 0.423246 
1676 0.314728 
1677 -0.045770 
1678 2.668297 
1679 2.765069 
1680 0.343388 
1681 2.624105 
1682 2.303470 
1683 1.294882 
1684 1.542449 
1685 1.695320 
1686 1.563314 
1687 1.617817 
1688 1.640183 
1689 1.679799 
1690 1.558408 
1691 1.643368 
1692 1.808320 
1693 1.641380 
1694 1.523976 
1695 1.640418 
1696 1.566149 
1697 1.511777 
1698 1.611637 
1699 1.718639 
1700 1.888653 
1701 1.496124 
1702 1.755514 
1703 1.383729 
1704 -0.488087 
1705 2.921248 
1706 -1.358912 
1707 -0.835346 
1708 2.851692 
1709 0.397381 
1710 0.118517 
1711 1.369179 
1712 1.011416 
1713 1.044527 
1714 1.156380 
1715 3.532293 
1716 1.551472 
1717 1.028030 
1718 2.038211 
1719 1.917000 
1720 1.595415 
1721 1.713340 
1722 1.525468 
1723 1.635527 
1724 1.626529 
1725 1.669100 
1726 1.736183 
1727 1.527397 
1728 1.627715 
1729 1.684709 
1730 1.723479 
1731 1.664059 
1732 1.708669 
1733 1.489699 
1734 1.697392 
1735 1.803136 
1736 1.573517 
1737 1.600452 
1738 1.547211 
1739 1.581868 
1740 3.767621 
1741 0.679325 
1742 1.489518 
1743 0.556811 
1744 1.252267 
1745 3.280838 
1746 1.525058 
1747 1.366672 
1748 1.822549 
1749 1.573990 
1750 1.592582 
1751 2.273493 
1752 1.686276 
1753 1.605169 
1754 1.446554 
1755 1.770060 
1756 1.712200 
1757 1.533930 
1758 1.555573 
1759 1.596552 
1760 1.664476 
1761 1.586426 
1762 1.618422 
1763 1.644369 
1764 1.619449 
1765 1.759896 
1766 1.650670 
1767 1.738820 
1768 1.633152 
1769 1.682313 
1770 1.648565 
1771 1.703145 
1772 1.602915 
1773 1.606980 
1774 1.626982 
1775 1.723710 
1776 2.156267 
1777 2.205376 
1778 0.854906 
1779 1.387924 
1780 1.445969 
1781 1.504013 
1782 2.598474 
1783 1.926999 
1784 1.377939 
1785 2.127609 
1786 1.806860 
1787 1.672967 
1788 1.794036 
1789 1.506211 
1790 1.554701 
1791 1.596734 
1792 1.570728 
1793 1.645689 
1794 1.655237 
1795 1.639598 
1796 1.629835 
1797 1.680370 
1798 1.710262 
1799 1.574238 
1800 1.631794 
1801 1.603994 
1802 1.629591 
1803 1.619175 
1804 1.605851 
1805 1.733408 
1806 1.645316 
1807 1.531148 
1808 1.565968 
1809 1.500408 
1810 1.675465 
1811 1.656837 
1812 1.597408 
1813 2.032117 
1814 1.742390 
1815 1.060804 
1816 1.758336 
1817 1.684168 
1818 1.544331 
1819 2.222668 
1820 1.579398 
1821 1.532497 
1822 2.076810 
1823 1.710089 
1824 1.520676 
1825 2.013441 
1826 1.539364 
1827 1.567046 
1828 1.701066 
1829 1.499825 
1830 1.520275 
1831 1.670409 
1832 1.563953 
1833 1.640727 
1834 1.575936 
1835 1.597470 
1836 1.548164 
1837 1.569325 
1838 1.634153 
1839 1.614441 
1840 1.545143 
1841 1.610272 
1842 1.654193 
1843 1.698504 
1844 1.625505 
1845 1.564178 
1846 1.603420 
1847 1.755656 
1848 1.622088 
1849 1.421869 
1850 1.697965 
1851 1.596486 
1852 1.804188 
1853 1.805295 
1854 1.895349 
1855 1.788015 
1856 1.760718 
1857 1.505777 
1858 1.766142 
1859 1.515466 
1860 1.571108 
1861 1.639358 
1862 1.716692 
1863 1.626564 
1864 1.686057 
1865 1.611611 
1866 1.748938 
1867 1.461116 
1868 1.706653 
1869 1.629850 
1870 1.669948 
1871 1.655943 
1872 1.656960 
1873 1.667155 
1874 1.614973 
1875 1.514260 
1876 -1.579943 
1877 -1.530784 
1878 -1.679535 
1879 -1.698029 
1880 -1.665150 
1881 -1.592858 
1882 -1.595953 
1883 -1.614308 
1884 -1.639757 
1885 -1.475548 
1886 -1.730641 
1887 -1.554405 
1888 -1.567874 
1889 -1.587131 
1890 -1.618100 
1891 -1.697216 
1892 -1.495680 
1893 -1.706149 
1894 -1.480404 
1895 -1.652473 
1896 -1.501239 
1897 -1.597545 
1898 -1.589289 
1899 -1.672635 
1900 -1.610238 
1901 -1.554487 
1902 -1.739290 
1903 -1.500626 
1904 -1.660177 
1905 -1.552048 
1906 -1.603920 
1907 -1.572512 
1908 -1.520219 
1909 -1.496944 
1910 -1.603528 
1911 -1.749047 
1912 -1.493151 
1913 -1.511931 
1914 -1.678934 
1915 -1.605790 
1916 -1.425156 
1917 -1.467244 
1918 -1.725222 
1919 -1.649082 
1920 -1.593343 
1921 -1.598848 
1922 -1.485186 
1923 -1.573626 
1924 -1.624856 
1925 -1.529967 
1926 -1.483251 
1927 -1.657288 
1928 -1.487252 
1929 -1.630998 
1930 -1.676556 
1931 -1.630496 
1932 -1.613742 
1933 -1.581739 
1934 -1.521267 
1935 -1.682738 
1936 -1.568299 
1937 -1.721184 
1938 -1.557840 
1939 -1.522484 
1940 -1.713275 
1941 -1.583564 
1942 -1.491349 
1943 -1.560386 
1944 -1.473129 
1945 -1.543522 
1946 -1.634922 
1947 -1.597147 
1948 -1.584051 
1949 -1.446029 
1950 -1.460594 
1951 -1.701108 
1952 -1.517876 
1953 -1.358565 
1954 -1.679175 
1955 -1.665281 
1956 -1.185961 
1957 -2.035578 
1958 -2.023623 
1959 -1.231899 
1960 -1.667885 
1961 -1.726471 
1962 -1.187782 
1963 -1.684385 
1964 -1.633570 
1965 -1.452614 
1966 -1.621149 
1967 -1.600612 
1968 -1.627459 
1969 -1.496478 
1970 -1.672776 
1971 -1.505986 
1972 -1.550912 
1973 -1.606437 
1974 -1.712282 
1975 -1.465482 
1976 -1.597280 
1977 -1.507499 
1978 -1.675384 
1979 -1.639170 
1980 -1.491637 
1981 -1.414127 
1982 -1.658327 
1983 -1.622259 
1984 -1.475677 
1985 -1.590784 
1986 -1.623576 
1987 -1.514215 
1988 -2.076884 
1989 -2.127614 
1990 -1.442147 
1991 -1.088506 
1992 -2.004006 
1993 -0.677321 
1994 -2.133342 
1995 -1.984446 
1996 -0.040331 
1997 -2.867144 
1998 -2.396987 
1999 -0.245621 
2000 -1.756371 
2001 -1.791178 
2002 -0.502023 
2003 -1.911169 
2004 -1.848257 
2005 -1.281049 
2006 -1.519168 
2007 -1.613104 
2008 -1.528009 
2009 -1.561456 
2010 -1.547758 
2011 -1.743010 
2012 -1.620044 
2013 -1.563315 
2014 -1.485883 
2015 -1.661356 
2016 -1.499783 
2017 -1.477428 
2018 -1.489296 
2019 -1.671270 
2020 -2.045163 
2021 -1.631452 
2022 -1.308775 
2023 -1.381574 
2024 -3.475793 
2025 -1.310835 
2026 -1.195809 
2027 -0.493474 
2028 -1.252596 
2029 -1.152728 
2030 2.474361 
2031 0.975667 
2032 0.113305 
2033 3.876235 
2034 -0.060985 
2035 -0.169820 
2036 2.598464 
2037 -1.475172 
2038 -1.749606 
2039 1.166301 
2040 -1.812206 
2041 -1.732315 
2042 -0.260219 
2043 -2.580631 
2044 -1.955154 
2045 -0.778187 
2046 -2.123210 
2047 -1.477587 
2048 -1.583227 
2049 -1.499332 
2050 -1.549494 
2051 -1.577315 
2052 -1.483007 
2053 -1.661239 
2054 -1.799912 
2055 -1.288424 
2056 -1.838099 
2057 -1.999830 
2058 -1.606605 
2059 -1.328068 
2060 -2.831888 
2061 -1.413752 
2062 -0.824649 
2063 -0.838911 
2064 0.728194 
2065 1.572783 
2066 1.544309 
2067 2.528224 
2068 1.698824 
2069 1.747507 
2070 2.173251 
2071 1.589478 
2072 1.835215 
2073 3.160422 
2074 0.735147 
2075 0.776091 
2076 3.670895 
2077 -0.063275 
2078 -0.073831 
2079 1.462439 
2080 -1.243464 
2081 -1.090314 
2082 0.490299 
2083 -2.829834 
2084 -0.160901 
2085 -1.759624 
2086 -1.865520 
2087 -1.868935 
2088 -1.638526 
2089 -1.520687 
2090 -1.531359 
2091 -1.564044 
2092 -2.328867 
2093 -1.698445 
2094 -1.701954 
2095 -0.991960 
2096 -1.936492 
2097 -1.993063 
2098 0.818252 
2099 0.451436 
2100 0.571339 
2101 1.465153 
2102 2.517677 
2103 2.529891 
2104 1.577057 
2105 1.650503 
2106 1.739288 
2107 1.700767 
2108 1.781146 
2109 1.553906 
2110 1.636170 
2111 1.510157 
2112 2.015352 
2113 2.170758 
2114 1.390176 
2115 1.504508 
2116 3.010706 
2117 0.811843 
2118 0.766561 
2119 2.047452 
2120 0.164689 
2121 1.652166 
2122 -0.991707 
2123 -3.177808 
2124 -1.549625 
2125 -1.667036 
2126 -2.179811 
2127 -1.326347 
2128 -2.138633 
2129 -2.277745 
2130 -1.039789 
2131 -0.935485 
2132 -0.001736 
2133 0.520319 
2134 0.852427 
2135 3.166219 
2136 1.402182 
2137 1.407811 
2138 2.162954 
2139 2.351978 
2140 1.367355 
2141 1.786811 
2142 1.615499 
2143 1.720541 
2144 1.702801 
2145 1.626813 
2146 1.508763 
2147 1.528695 
2148 1.609871 
2149 1.580496 
2150 1.710680 
2151 1.622404 
2152 1.451102 
2153 1.714760 
2154 1.577595 
2155 1.832786 
2156 2.331077 
2157 1.697928 
2158 2.187023 
2159 0.001283 
2160 -2.067993 
2161 -0.890306 
2162 -0.426642 
2163 -2.256442 
2164 -0.897124 
2165 -0.565494 
2166 -2.985231 
2167 0.662258 
2168 0.578628 
2169 0.784760 
2170 2.816304 
2171 2.388516 
2172 1.317534 
2173 1.788223 
2174 1.737625 
2175 2.154796 
2176 1.521174 
2177 1.597856 
2178 1.746616 
2179 1.544100 
2180 1.700688 
2181 1.756944 
2182 1.470281 
2183 1.607303 
2184 1.627300 
2185 1.621352 
2186 1.637066 
2187 1.511805 
2188 1.535065 
2189 1.572712 
2190 1.504041 
2191 1.808744 
2192 1.632526 
2193 1.441482 
2194 1.457758 
2195 1.790552 
2196 1.757958 
2197 -0.827515 
2198 2.077222 
2199 2.118565 
2200 -0.855113 
2201 2.117746 
2202 2.161259 
2203 -0.323613 
2204 1.732294 
2205 1.539210 
2206 0.857716 
2207 2.910568 
2208 1.964152 
2209 1.362731 
2210 1.666643 
2211 1.615301 
2212 1.859871 
2213 1.455626 
2214 1.421523 
2215 1.559816 
2216 1.615903 
2217 1.694887 
2218 1.607439 
2219 1.565081 
2220 1.601370 
2221 1.579562 
2222 1.734807 
2223 1.460245 
2224 1.651946 
2225 1.576051 
2226 1.552724 
2227 1.506300 
2228 1.503564 
2229 1.610597 
2230 1.590596 
2231 1.731015 
2232 3.407857 
2233 0.890291 
2234 -0.149678 
2235 1.490464 
2236 1.760928 
2237 -0.231793 
2238 2.245380 
2239 2.360982 
2240 0.274032 
2241 2.555142 
2242 2.444930 
2243 0.868781 
2244 1.821510 
2245 1.684395 
2246 1.315207 
2247 1.591492 
2248 1.588021 
2249 1.700105 
2250 1.580172 
2251 1.643715 
2252 1.685641 
2253 1.546865 
2254 1.695794 
2255 1.528623 
2256 1.570632 
2257 1.642022 
2258 1.649258 
2259 1.648134 
2260 1.614137 
2261 1.537370 
2262 1.684633 
2263 1.608156 
2264 1.382125 
2265 1.639369 
2266 1.673794 
2267 1.630025 
2268 2.315302 
2269 2.437622 
2270 0.688368 
2271 -0.023762 
2272 1.461033 
2273 1.746565 
2274 -0.214513 
2275 2.922430 
2276 1.668517 
2277 0.167831 
2278 2.129503 
2279 2.288825 
2280 0.560303 
2281 2.139156 
2282 1.836532 
2283 1.733573 
2284 1.599217 
2285 1.648110 
2286 1.565686 
2287 1.528291 
2288 1.654789 
2289 1.477882 
2290 1.577322 
2291 1.746004 
2292 1.560813 
2293 1.671032 
2294 1.597392 
2295 1.595466 
2296 1.610909 
2297 1.446586 
2298 1.723219 
2299 1.637378 
2300 1.579083 
2301 1.487614 
2302 1.665253 
2303 1.665444 
2304 1.619963 
2305 1.901287 
2306 2.172186 
2307 0.450196 
2308 2.476776 
2309 0.002316 
2310 2.331899 
2311 0.615473 
2312 1.853986 
2313 0.744509 
2314 2.162332 
2315 1.785910 
2316 1.661466 
2317 1.468675 
2318 1.563371 
2319 1.589171 
2320 1.541924 
2321 1.619334 
2322 1.727356 
2323 1.614818 
2324 1.621086 
2325 1.660517 
2326 1.475103 
2327 1.629477 
2328 1.553246 
2329 1.757967 
2330 1.721411 
2331 -1.282232 
2332 -1.510449 
2333 -1.461476 
2334 -1.765980 
2335 -1.514363 
2336 -1.545056 
2337 -1.498218 
2338 -1.549379 
2339 -1.578033 
2340 -1.497567 
2341 -1.553816 
2342 -1.578203 
2343 -1.503847 
2344 -1.583417 
2345 -1.542786 
2346 -1.498635 
2347 -1.532817 
2348 -1.640530 
2349 -1.339512 
2350 -1.646369 
2351 -1.632411 
2352 -1.604668 
2353 -1.525026 
2354 -1.467678 
2355 -1.567122 
2356 -1.449205 
2357 -1.712455 
2358 -1.582533 
2359 -1.528117 
2360 -1.312991 
2361 -1.630589 
2362 -1.583477 
2363 -1.648413 
2364 -1.474651 
2365 -1.516573 
2366 -1.595448 
2367 -1.539232 
2368 -1.529499 
2369 -1.625910 
2370 -1.567899 
2371 -1.594873 
2372 -1.567800 
2373 -1.612827 
2374 -1.774849 
2375 -1.462265 
2376 -1.594126 
2377 -1.650246 
2378 -1.537142 
2379 -1.579549 
2380 -1.541380 
2381 -1.455532 
2382 -1.647176 
2383 -1.586302 
2384 -1.582290 
2385 -1.544030 
2386 -1.504624 
2387 -1.559559 
2388 -1.640673 
2389 -1.514866 
2390 -1.552999 
2391 -1.554815 
2392 -1.516451 
2393 -1.517573 
2394 -1.566329 
2395 -1.657348 
2396 -1.404711 
2397 -1.531815 
2398 -1.611018 
2399 -1.695048 
2400 -1.576300 
2401 -1.645690 
2402 -1.438353 
2403 -1.644943 
2404 -1.751017 
2405 -1.661186 
2406 -1.498039 
2407 -1.630851 
2408 -2.038231 
2409 -1.264723 
2410 -1.175437 
2411 -2.073776 
2412 -1.482073 
2413 -1.441641 
2414 -2.382937 
2415 -1.598007 
2416 -1.295953 
2417 -1.895559 
2418 -1.640499 
2419 -1.663796 
2420 -1.556583 
2421 -1.575176 
2422 -1.577119 
2423 -1.597640 
2424 -1.599504 
2425 -1.593202 
2426 -1.457785 
2427 -1.537998 
2428 -1.566932 
2429 -1.570389 
2430 -1.556324 
2431 -1.619727 
2432 -1.464653 
2433 -1.526367 
2434 -1.697799 
2435 -1.575315 
2436 -1.470051 
2437 -1.627267 
2438 -1.596024 
2439 -1.517156 
2440 -1.915639 
2441 -1.730123 
2442 -1.865919 
2443 -1.063410 
2444 -1.828793 
2445 -3.062191 
2446 -0.283128 
2447 -0.181261 
2448 -2.409333 
2449 0.829548 
2450 0.611509 
2451 -2.001055 
2452 -0.005845 
2453 0.194016 
2454 -2.913278 
2455 -1.578185 
2456 -0.899218 
2457 -2.363077 
2458 -1.873847 
2459 -1.610562 
2460 -1.642742 
2461 -1.424825 
2462 -1.462340 
2463 -1.553943 
2464 -1.473554 
2465 -1.484800 
2466 -1.623264 
2467 -1.575443 
2468 -1.498503 
2469 -1.533432 
2470 -1.523220 
2471 -1.627435 
2472 -1.532675 
2473 -1.558904 
2474 -1.541592 
2475 -1.650949 
2476 -1.766327 
2477 -1.373363 
2478 -1.586572 
2479 -1.801605 
2480 -1.409594 
2481 -1.886180 
2482 -1.642902 
2483 0.862490 
2484 0.717646 
2485 0.443563 
2486 2.517403 
2487 2.516539 
2488 0.842554 
2489 2.284207 
2490 2.656173 
2491 0.299476 
2492 2.160030 
2493 1.995792 
2494 -1.364240 
2495 -0.468726 
2496 -0.206854 
2497 -2.300903 
2498 -1.842410 
2499 -1.820721 
2500 -1.590765 
2501 -1.290578 
2502 -1.744638 
2503 -1.707590 
2504 -1.531776 
2505 -1.573595 
2506 -1.586332 
2507 -1.503042 
2508 -1.740888 
2509 -1.745971 
2510 -1.397978 
2511 -1.470218 
2512 -1.989907 
2513 -2.659852 
2514 -0.830753 
2515 -0.934636 
2516 -3.210920 
2517 -0.068889 
2518 0.040089 
2519 0.294623 
2520 1.463607 
2521 1.447038 
2522 1.052982 
2523 2.988272 
2524 1.681661 
2525 1.376096 
2526 1.773860 
2527 2.021787 
2528 1.580882 
2529 2.100621 
2530 2.108868 
2531 1.080348 
2532 2.454597 
2533 2.474031 
2534 0.357005 
2535 1.150120 
2536 1.104568 
2537 -1.294065 
2538 -0.892729 
2539 -2.791851 
2540 -1.520285 
2541 -1.372453 
2542 -1.581677 
2543 -1.596743 
2544 -1.628436 
2545 -1.561599 
2546 -1.570251 
2547 -1.635912 
2548 -1.753349 
2549 -1.787560 
2550 -2.239359 
2551 -0.418860 
2552 -0.073528 
2553 -0.372489 
2554 2.415688 
2555 2.402411 
2556 0.643785 
2557 2.150301 
2558 2.171096 
2559 1.914207 
2560 1.496370 
2561 1.601116 
2562 1.751068 
2563 1.516613 
2564 1.553194 
2565 1.409390 
2566 1.473696 
2567 1.754460 
2568 1.459853 
2569 1.714397 
2570 1.913763 
2571 1.361461 
2572 2.408723 
2573 2.257475 
2574 1.246655 
2575 1.301251 
2576 0.094773 
2577 -1.850577 
2578 -1.584003 
2579 -2.117314 
2580 -1.925585 
2581 -1.745000 
2582 -1.385834 
2583 -1.400425 
2584 -3.424204 
2585 -0.749402 
2586 -0.911245 
2587 -0.854648 
2588 0.827462 
2589 0.772956 
2590 0.585748 
2591 3.806669 
2592 1.699393 
2593 1.112808 
2594 2.062351 
2595 1.992896 
2596 1.694024 
2597 1.574908 
2598 1.484763 
2599 1.516782 
2600 1.545407 
2601 1.678346 
2602 1.585208 
2603 1.567735 
2604 1.598250 
2605 1.555583 
2606 1.653833 
2607 1.628387 
2608 1.368480 
2609 1.676759 
2610 1.859815 
2611 1.308050 
2612 2.224617 
2613 1.718413 
2614 -1.738971 
2615 -0.715700 
2616 -2.007770 
2617 -2.104216 
2618 -0.643308 
2619 -1.346173 
2620 -2.980706 
2621 -1.639938 
2622 -0.443401 
2623 -0.474751 
2624 0.454228 
2625 2.428230 
2626 2.259556 
2627 1.969481 
2628 1.603457 
2629 1.637462 
2630 1.673393 
2631 1.768744 
2632 1.558234 
2633 1.663293 
2634 1.565364 
2635 1.564718 
2636 1.622339 
2637 1.610132 
2638 1.754240 
2639 1.473862 
2640 1.614410 
2641 1.654183 
2642 1.646474 
2643 1.655118 
2644 1.552949 
2645 1.517501 
2646 1.653140 
2647 1.713828 
2648 1.678752 
2649 2.021433 
2650 1.804345 
2651 -0.874681 
2652 -0.414291 
2653 -2.362575 
2654 -2.441103 
2655 -0.328851 
2656 -2.598953 
2657 -2.241476 
2658 -0.272204 
2659 -0.010355 
2660 0.166153 
2661 1.312234 
2662 2.439027 
2663 2.636934 
2664 1.294289 
2665 1.787644 
2666 1.674708 
2667 1.876886 
2668 1.650275 
2669 1.552404 
2670 1.655271 
2671 1.605269 
2672 1.715956 
2673 1.650213 
2674 1.567469 
2675 1.636666 
2676 1.642769 
2677 1.648372 
2678 1.668825 
2679 1.631574 
2680 1.625708 
2681 1.603412 
2682 1.670267 
2683 1.733870 
2684 1.479797 
2685 1.555139 
2686 1.590242 
2687 1.721043 
2688 -1.825745 
2689 -0.386407 
2690 -2.365079 
2691 -1.904223 
2692 -0.226090 
2693 -2.176580 
2694 -2.524605 
2695 0.684395 
2696 0.483014 
2697 0.425138 
2698 1.838115 
2699 3.617633 
2700 1.338864 
2701 1.634848 
2702 2.072830 
2703 1.824210 
2704 1.676526 
2705 1.611288 
2706 1.465551 
2707 1.642076 
2708 1.566398 
2709 1.677245 
2710 1.692160 
2711 1.637631 
2712 1.580771 
2713 1.584770 
2714 1.684169 
2715 1.704846 
2716 1.707895 
2717 1.685239 
2718 1.624916 
2719 1.707598 
2720 1.541224 
2721 1.534364 
2722 1.632507 
2723 1.762787 
2724 3.240971 
2725 -1.242800 
2726 -0.267414 
2727 -1.351510 
2728 -2.766538 
2729 -0.286082 
2730 -1.538343 
2731 -1.689971 
2732 0.538509 
2733 0.491710 
2734 0.648958 
2735 3.348196 
2736 1.614976 
2737 1.666598 
2738 1.719931 
2739 2.206950 
2740 1.657029 
2741 1.705198 
2742 1.470906 
2743 1.509256 
2744 1.574510 
2745 1.714759 
2746 1.612831 
2747 1.697544 
2748 1.647384 
2749 1.690465 
2750 1.599592 
2751 1.614561 
2752 1.607525 
2753 1.674999 
2754 1.651966 
2755 1.677760 
2756 1.477159 
2757 1.750168 
2758 1.598661 
2759 1.598073 
2760 2.464938 
2761 2.557554 
2762 -0.100103 
2763 -0.481410 
2764 -1.293854 
2765 -3.276319 
2766 -0.088771 
2767 -0.020587 
2768 0.564589 
2769 1.173892 
2770 1.452499 
2771 3.536317 
2772 1.652606 
2773 1.636950 
2774 1.646767 
2775 1.532227 
2776 1.685860 
2777 1.635598 
2778 1.582566 
2779 1.716528 
2780 1.676208 
2781 1.626256 
2782 1.708079 
2783 1.621150 
2784 1.800749 
2785 1.782438 
2786 -1.389201 
2787 -1.492159 
2788 -1.521237 
2789 -1.633583 
2790 -1.632026 
2791 -1.656178 
2792 -1.633057 
2793 -1.437254 
2794 -1.636122 
2795 -1.640215 
2796 -1.705178 
2797 -1.747969 
2798 -1.542927 
2799 -1.508218 
2800 -1.554402 
2801 -1.580562 
2802 -1.559603 
2803 -1.699342 
2804 -1.620179 
2805 -1.660226 
2806 -1.552350 
2807 -1.576630 
2808 -1.676145 
2809 -1.694873 
2810 -1.568056 
2811 -1.479729 
2812 -1.670559 
2813 -1.608543 
2814 -1.602387 
2815 -1.691488 
2816 -1.554672 
2817 -1.606326 
2818 -1.622526 
2819 -1.551752 
2820 -1.593409 
2821 -1.559475 
2822 -1.713835 
2823 -1.441386 
2824 -1.522429 
2825 -1.644056 
2826 -1.496285 
2827 -1.578541 
2828 -1.645539 
2829 -1.427828 
2830 -1.658095 
2831 -1.625651 
2832 -1.672667 
2833 -1.731258 
2834 -1.629616 
2835 -1.434588 
2836 -1.582409 
2837 -1.623556 
2838 -1.580802 
2839 -1.552271 
2840 -1.566425 
2841 -1.560382 
2842 -1.664575 
2843 -1.532104 
2844 -1.585676 
2845 -1.661803 
2846 -1.627760 
2847 -1.508532 
2848 -1.483473 
2849 -1.597663 
2850 -1.666349 
2851 -1.562523 
2852 -1.537310 
2853 -1.495196 
2854 -1.559288 
2855 -1.625968 
2856 -1.501499 
2857 -1.398424 
2858 -1.607490 
2859 -1.567801 
2860 -1.519286 
2861 -1.773696 
2862 -1.689033 
2863 -1.424059 
2864 -1.779018 
2865 -1.724276 
2866 -1.255041 
2867 -1.820388 
2868 -1.769485 
2869 -1.134492 
2870 -1.765972 
2871 -1.764286 
2872 -1.404944 
2873 -1.615933 
2874 -1.759723 
2875 -1.511512 
2876 -1.596788 
2877 -1.666887 
2878 -1.497546 
2879 -1.519300 
2880 -1.570610 
2881 -1.538918 
2882 -1.595954 
2883 -1.719975 
2884 -1.698394 
2885 -1.545753 
2886 -1.569298 
2887 -1.619075 
2888 -1.516958 
2889 -1.628472 
2890 -1.603806 
2891 -1.641073 
2892 -1.464165 
2893 -1.667247 
2894 -1.481694 
2895 -1.619777 
2896 -2.137286 
2897 -1.883941 
2898 -1.162096 
2899 -1.324405 
2900 -2.883908 
2901 -1.224660 
2902 -1.483948 
2903 -0.156905 
2904 -1.087006 
2905 -1.093152 
2906 0.062912 
2907 -3.239228 
2908 -1.161198 
2909 -0.007251 
2910 -2.421678 
2911 -2.295290 
2912 -0.712868 
2913 -2.106724 
2914 -1.952992 
2915 -1.558700 
2916 -1.545398 
2917 -1.653660 
2918 -1.631232 
2919 -1.484748 
2920 -1.426478 
2921 -1.714126 
2922 -1.609863 
2923 -1.623383 
2924 -1.587036 
2925 -1.661099 
2926 -1.598624 
2927 -1.523438 
2928 -1.588179 
2929 -1.550760 
2930 -1.479870 
2931 -1.602618 
2932 -1.930585 
2933 -2.068839 
2934 -1.924265 
2935 -0.960852 
2936 -2.746489 
2937 -1.176549 
2938 0.367975 
2939 0.637477 
2940 1.202450 
2941 1.061381 
2942 1.126755 
2943 3.335560 
2944 0.924445 
2945 0.712958 
2946 3.676528 
2947 0.122718 
2948 -0.365258 
2949 1.149171 
2950 -2.495008 
2951 -1.956541 
2952 -0.066079 
2953 -2.316487 
2954 -2.490525 
2955 -1.153820 
2956 -1.433531 
2957 -1.570749 
2958 -1.798882 
2959 -1.632225 
2960 -1.612650 
2961 -1.440771 
2962 -1.479771 
2963 -1.722395 
2964 -1.751847 
2965 -1.787159 
2966 -1.415905 
2967 -1.464574 
2968 -3.284902 
2969 -1.048385 
2970 -1.152372 
2971 -0.994937 
2972 -0.299033 
2973 -0.090784 
2974 0.748786 
2975 3.534631 
2976 1.359314 
2977 1.385340 
2978 2.322060 
2979 2.401266 
2980 1.744782 
2981 1.502118 
2982 1.548322 
2983 1.753196 
2984 1.597724 
2985 1.701328 
2986 3.015191 
2987 0.554772 
2988 1.238826 
2989 3.505642 
2990 -0.254437 
2991 -0.390790 
2992 0.379463 
2993 -0.998475 
2994 -0.474828 
2995 -3.757777 
2996 -1.470444 
2997 -1.737761 
2998 -1.521835 
2999 -1.385308 
3000 -1.697953 
3001 -1.795413 
3002 -1.760508 
3003 -1.154732 
3004 -2.093249 
3005 -2.980815 
3006 -0.176436 
3007 -0.250735 
3008 -0.452153 
3009 2.544353 
3010 2.051005 
3011 1.888639 
3012 1.781381 
3013 1.618285 
3014 1.859695 
3015 1.867767 
3016 1.459013 
3017 1.876829 
3018 1.508013 
3019 1.570882 
3020 1.638095 
3021 1.500090 
3022 1.717188 
3023 1.634538 
3024 1.942478 
3025 1.763819 
3026 2.198988 
3027 1.082406 
3028 1.675951 
3029 3.385042 
3030 0.584352 
3031 1.528963 
3032 -1.467304 
3033 -1.498416 
3034 -1.593323 
3035 -1.613642 
3036 -1.857668 
3037 -1.421028 
3038 -1.470610 
3039 -1.713075 
3040 -1.662609 
3041 -1.774882 
3042 -2.533864 
3043 0.714238 
3044 0.600468 
3045 0.459412 
3046 2.780377 
3047 2.772100 
3048 0.974313 
3049 1.793134 
3050 1.862935 
3051 1.991120 
3052 1.607590 
3053 1.732363 
3054 1.615736 
3055 1.427117 
3056 1.666447 
3057 1.634773 
3058 1.712960 
3059 1.590590 
3060 1.628661 
3061 1.686585 
3062 1.536964 
3063 1.649519 
3064 1.632399 
3065 1.600049 
3066 1.922255 
3067 1.439697 
3068 1.758691 
3069 -1.442885 
3070 -1.569795 
3071 -1.656171 
3072 -1.753748 
3073 -2.114124 
3074 -1.329752 
3075 -1.336703 
3076 -3.318024 
3077 -0.661202 
3078 -0.666990 
3079 -0.683761 
3080 1.145097 
3081 1.274690 
3082 1.036346 
3083 3.186469 
3084 1.741789 
3085 1.590184 
3086 1.817462 
3087 1.732656 
3088 1.787168 
3089 1.489761 
3090 1.451769 
3091 1.677080 
3092 1.595994 
3093 1.652639 
3094 1.528034 
3095 1.737709 
3096 1.772222 
3097 1.641268 
3098 1.484555 
3099 1.556916 
3100 1.495304 
3101 1.574060 
3102 1.662261 
3103 1.614670 
3104 1.737150 
3105 1.800589 
3106 -1.273074 
3107 -1.542806 
3108 -1.645643 
3109 -1.665387 
3110 -2.074011 
3111 -1.059698 
3112 -1.917060 
3113 -2.830287 
3114 0.015503 
3115 0.071261 
3116 -0.027305 
3117 2.485120 
3118 2.406772 
3119 1.451706 
3120 1.740685 
3121 1.748245 
3122 1.460190 
3123 1.502617 
3124 1.608009 
3125 1.709206 
3126 1.579530 
3127 1.505810 
3128 1.622172 
3129 1.631198 
3130 1.595581 
3131 1.592191 
3132 1.560037 
3133 1.625196 
3134 1.585452 
3135 1.643215 
3136 1.534678 
3137 1.517392 
3138 1.792141 
3139 1.617254 
3140 1.665964 
3141 1.721647 
3142 1.660889 
3143 -1.391855 
3144 -1.588860 
3145 -1.564421 
3146 -1.411140 
3147 -2.071954 
3148 -1.566468 
3149 -1.668892 
3150 -2.510504 
3151 0.151478 
3152 0.103176 
3153 -0.257908 
3154 2.655829 
3155 2.505933 
3156 1.131030 
3157 1.836125 
3158 1.799687 
3159 1.912730 
3160 1.645169 
3161 1.567778 
3162 1.690591 
3163 1.443379 
3164 1.506415 
3165 1.758461 
3166 1.575279 
3167 1.673151 
3168 1.619018 
3169 1.656349 
3170 1.616707 
3171 1.530678 
3172 1.625987 
3173 1.573328 
3174 1.521487 
3175 1.705542 
3176 1.616395 
3177 1.469271 
3178 1.585977 
3179 1.625319 
3180 -1.585158 
3181 -1.794055 
3182 -1.752430 
3183 -1.713197 
3184 -2.142781 
3185 -1.316187 
3186 -1.313845 
3187 -1.798578 
3188 -0.269991 
3189 -0.279756 
3190 -1.006457 
3191 3.100770 
3192 1.358570 
3193 1.127391 
3194 2.192590 
3195 2.166660 
3196 1.744506 
3197 1.462814 
3198 1.557195 
3199 1.647561 
3200 1.660396 
3201 1.592499 
3202 1.546497 
3203 1.604165 
3204 1.484391 
3205 1.628816 
3206 1.674443 
3207 1.648742 
3208 1.559902 
3209 1.729802 
3210 1.661577 
3211 1.482752 
3212 1.576345 
3213 1.626708 
3214 1.516050 
3215 1.690558 
3216 2.041473 
3217 -1.078303 
3218 -1.212387 
3219 -2.059746 
3220 -2.036239 
3221 -2.468943 
3222 -0.629704 
3223 -1.243899 
3224 1.013516 
3225 1.016851 
3226 2.416654 
3227 2.254763 
3228 1.733154 
3229 1.593172 
3230 1.404475 
3231 1.437674 
3232 1.573709 
3233 1.612773 
3234 1.614587 
3235 1.657746 
3236 1.583073 
3237 1.673515 
3238 1.486769 
3239 1.625757 
3240 1.854931 
3241 -1.470185 
3242 -1.456985 
3243 -1.471470 
3244 -1.558958 
3245 -1.605820 
3246 -1.623959 
3247 -1.459373 
3248 -1.570152 
3249 -1.566296 
3250 -1.558101 
3251 -1.538108 
3252 -1.520275 
3253 -1.628299 
3254 -1.445911 
3255 -1.564712 
3256 -1.522607 
3257 -1.475341 
3258 -1.596016 
3259 -1.594940 
3260 -1.542864 
3261 -1.434583 
3262 -1.552303 
3263 -1.665725 
3264 -1.706315 
3265 -1.565231 
3266 -1.469015 
3267 -1.624323 
3268 -1.616773 
3269 -1.555411 
3270 -1.588295 
3271 -1.619837 
3272 -1.497231 
3273 -1.690645 
3274 -1.532575 
3275 -1.538820 
3276 -1.620277 
3277 -1.564527 
3278 -1.605853 
3279 -1.553694 
3280 -1.674824 
3281 -1.683660 
3282 -1.503549 
3283 -1.552456 
3284 -1.769241 
3285 -1.473550 
3286 -1.473087 
3287 -1.539710 
3288 -1.667233 
3289 -1.576779 
3290 -1.541552 
3291 -1.548778 
3292 -1.573366 
3293 -1.490490 
3294 -1.636132 
3295 -1.594237 
3296 -1.577650 
3297 -1.641022 
3298 -1.584432 
3299 -1.525413 
3300 -1.599542 
3301 -1.544457 
3302 -1.623409 
3303 -1.529130 
3304 -1.574960 
3305 -1.682037 
3306 -1.484645 
3307 -1.504487 
3308 -1.616003 
3309 -1.439809 
3310 -1.527912 
3311 -1.626343 
3312 -1.572172 
3313 -1.515150 
3314 -1.509041 
3315 -1.670572 
3316 -1.802043 
3317 -1.710399 
3318 -1.880494 
3319 -1.294230 
3320 -1.588003 
3321 -2.340846 
3322 -1.448903 
3323 -1.517084 
3324 -1.570925 
3325 -1.579618 
3326 -1.550775 
3327 -1.775601 
3328 -1.601735 
3329 -1.538765 
3330 -1.669025 
3331 -1.422171 
3332 -1.508379 
3333 -1.633660 
3334 -1.543349 
3335 -1.647058 
3336 -1.637545 
3337 -1.423319 
3338 -1.630777 
3339 -1.618130 
3340 -1.512368 
3341 -1.612259 
3342 -1.664721 
3343 -1.484337 
3344 -1.540326 
3345 -1.465798 
3346 -1.522009 
3347 -1.610490 
3348 -1.726682 
3349 -1.756992 
3350 -1.537456 
3351 -1.484725 
3352 -2.383060 
3353 -1.077221 
3354 -0.950839 
3355 -2.097752 
3356 -0.100463 
3357 -0.788858 
3358 -3.074214 
3359 0.428920 
3360 0.475898 
3361 -2.145842 
3362 -1.426312 
3363 -1.112182 
3364 -1.222300 
3365 -1.559431 
3366 -1.514123 
3367 -2.439249 
3368 -1.597809 
3369 -1.519496 
3370 -1.811222 
3371 -1.498708 
3372 -1.563394 
3373 -1.636597 
3374 -1.618038 
3375 -1.387483 
3376 -1.634650 
3377 -1.475507 
3378 -1.692926 
3379 -1.503612 
3380 -1.401370 
3381 -1.614906 
3382 -1.665054 
3383 -1.511213 
3384 -1.807167 
3385 -1.755391 
3386 -1.717597 
3387 -1.156565 
3388 -2.063728 
3389 -2.920132 
3390 -0.456190 
3391 -0.208889 
3392 -1.097564 
3393 2.071126 
3394 1.894936 
3395 1.017840 
3396 2.332904 
3397 2.237861 
3398 1.263939 
3399 1.546246 
3400 3.075180 
3401 1.326595 
3402 1.218547 
3403 1.008561 
3404 -0.572073 
3405 -1.604255 
3406 -0.840243 
3407 -2.686175 
3408 -1.512747 
3409 -1.434045 
3410 -2.118086 
3411 -1.906137 
3412 -1.591242 
3413 -1.528129 
3414 -1.633081 
3415 -1.613739 
3416 -1.452791 
3417 -1.348196 
3418 -1.876686 
3419 -1.569349 
3420 -1.581936 
3421 -1.610655 
3422 -1.640316 
3423 -1.634867 
3424 -1.859537 
3425 -2.208736 
3426 -1.754597 
3427 0.434203 
3428 0.361927 
3429 0.398289 
3430 2.695308 
3431 2.499792 
3432 0.943792 
3433 2.004559 
3434 2.025534 
3435 1.693418 
3436 1.977275 
3437 1.724703 
3438 1.399826 
3439 1.523679 
3440 2.591742 
3441 2.004595 
3442 1.410118 
3443 1.466699 
3444 2.242124 
3445 1.341740 
3446 1.102396 
3447 -1.030287 
3448 -0.509801 
3449 -0.808843 
3450 -2.476461 
3451 -2.276268 
3452 -1.544358 
3453 -1.576772 
3454 -1.546716 
3455 -1.598066 
3456 -1.779809 
3457 -1.630524 
3458 -1.490252 
3459 -1.741289 
3460 -3.020718 
3461 -1.114416 
3462 -1.116471 
3463 -0.392042 
3464 0.972045 
3465 0.915001 
3466 0.978472 
3467 3.495750 
3468 1.697987 
3469 1.579614 
3470 1.784194 
3471 1.745367 
3472 1.662666 
3473 1.608960 
3474 1.658929 
3475 1.444169 
3476 1.548695 
3477 1.646086 
3478 1.363316 
3479 1.759253 
3480 1.882574 
3481 1.792508 
3482 1.593818 
3483 1.579432 
3484 1.508223 
3485 1.183154 
3486 0.875339 
3487 -2.821736 
3488 -1.386771 
3489 -1.652806 
3490 -1.615589 
3491 -1.503259 
3492 -1.930077 
3493 -1.793724 
3494 -1.508757 
3495 -1.256327 
3496 -2.403006 
3497 -2.248124 
3498 -0.544664 
3499 -0.534412 
3500 0.209041 
3501 1.886289 
3502 1.962661 
3503 2.440165 
3504 1.584620 
3505 1.635275 
3506 1.714559 
3507 1.604234 
3508 1.656399 
3509 1.658423 
3510 1.560900 
3511 1.476832 
3512 1.743161 
3513 1.561079 
3514 1.563502 
3515 1.563212 
3516 1.641919 
3517 1.569912 
3518 1.537368 
3519 1.679102 
3520 1.775645 
3521 1.727630 
3522 1.567188 
3523 1.616111 
3524 -1.497881 
3525 -1.289186 
3526 -1.713566 
3527 -1.557255 
3528 -1.535014 
3529 -1.661403 
3530 -1.650069 
3531 -1.629423 
3532 -2.112805 
3533 -2.380778 
3534 -1.277868 
3535 0.026778 
3536 0.076684 
3537 0.985664 
3538 2.525780 
3539 2.514154 
3540 1.454650 
3541 1.839158 
3542 1.626774 
3543 1.655984 
3544 1.599782 
3545 1.603061 
3546 1.655412 
3547 1.583912 
3548 1.629002 
3549 1.597606 
3550 1.626950 
3551 1.666120 
3552 1.568784 
3553 1.702654 
3554 1.635195 
3555 1.584255 
3556 1.562710 
3557 1.674469 
3558 1.592929 
3559 1.619657 
3560 1.671510 
3561 -1.383013 
3562 -1.458965 
3563 -1.802097 
3564 -1.738980 
3565 -1.550300 
3566 -1.552104 
3567 -1.612485 
3568 -2.961707 
3569 -1.298499 
3570 -1.179201 
3571 -0.781429 
3572 1.089561 
3573 1.010521 
3574 1.487341 
3575 3.092128 
3576 1.477801 
3577 1.835391 
3578 1.622583 
3579 1.687809 
3580 1.790977 
3581 1.438324 
3582 1.549622 
3583 1.523541 
3584 1.673344 
3585 1.761766 
3586 1.593884 
3587 1.530293 
3588 1.583080 
3589 1.617846 
3590 1.671526 
3591 1.645717 
3592 1.574694 
3593 1.612621 
3594 1.668232 
3595 1.649240 
3596 1.661059 
3597 1.887174 
3598 -1.443110 
3599 -1.389358 
3600 -1.509433 
3601 -1.703359 
3602 -1.543357 
3603 -1.589855 
3604 -2.462970 
3605 -2.244736 
3606 -1.023112 
3607 -0.955030 
3608 -1.214230 
3609 1.834045 
3610 1.921323 
3611 2.114502 
3612 1.619975 
3613 1.509454 
3614 1.950208 
3615 1.591890 
3616 1.484944 
3617 1.762257 
3618 1.532401 
3619 1.614790 
3620 1.664712 
3621 1.674179 
3622 1.589585 
3623 1.489818 
3624 1.687010 
3625 1.519832 
3626 1.654803 
3627 1.696048 
3628 1.540395 
3629 1.515217 
3630 1.748699 
3631 1.653123 
3632 1.639194 
3633 1.667850 
3634 1.643799 
3635 -1.350648 
3636 -1.329700 
3637 -1.647649 
3638 -1.664997 
3639 -1.595678 
3640 -1.900787 
3641 -1.907252 
3642 -1.593051 
3643 -0.892805 
3644 -2.191563 
3645 -2.295578 
3646 0.943390 
3647 0.793257 
3648 0.777900 
3649 2.018135 
3650 2.060912 
3651 1.991090 
3652 1.551162 
3653 1.657115 
3654 1.583087 
3655 1.466848 
3656 1.632712 
3657 1.662505 
3658 1.647260 
3659 1.614675 
3660 1.615508 
3661 1.581659 
3662 1.736514 
3663 1.589385 
3664 1.616022 
3665 1.612390 
3666 1.610507 
3667 1.644161 
3668 1.553159 
3669 1.649045 
3670 1.613047 
3671 1.610337 
3672 -1.258917 
3673 -1.604639 
3674 -1.757825 
3675 -1.657891 
3676 -2.613003 
3677 -1.780617 
3678 -1.533103 
3679 -0.219014 
3680 0.313481 
3681 1.675837 
3682 1.851789 
3683 2.804411 
3684 1.622956 
3685 1.563074 
3686 1.790815 
3687 1.506578 
3688 1.636716 
3689 1.643086 
3690 1.632848 
3691 1.602189 
3692 1.623365 
3693 1.653193 
3694 1.575407 
3695 1.582020 
3696 -1.593705 
3697 -1.582239 
3698 -1.592986 
3699 -1.535514 
3700 -1.534687 
3701 -1.655936 
3702 -1.600833 
3703 -1.614779 
3704 -1.602812 
3705 -1.547366 
3706 -1.499092 
3707 -1.658922 
3708 -1.585973 
3709 -1.607891 
3710 -1.591211 
3711 -1.599502 
3712 -1.548685 
3713 -1.465159 
3714 -1.559050 
3715 -1.677929 
3716 -1.550582 
3717 -1.615733 
3718 -1.633622 
3719 -1.385121 
3720 -1.615710 
3721 -1.534193 
3722 -1.643684 
3723 -1.611215 
3724 -1.500037 
3725 -1.508123 
3726 -1.614202 
3727 -1.582420 
3728 -1.662917 
3729 -1.524431 
3730 -1.557593 
3731 -1.534551 
3732 -1.590581 
3733 -1.583563 
3734 -1.561832 
3735 -1.576943 
3736 -1.535688 
3737 -1.614437 
3738 -1.637068 
3739 -1.530424 
3740 -1.527690 
3741 -1.582031 
3742 -1.519136 
3743 -1.600042 
3744 -1.615352 
3745 -1.614552 
3746 -1.522444 
3747 -1.622296 
3748 -1.615296 
3749 -1.662925 
3750 -1.596439 
3751 -1.517532 
3752 -1.594749 
3753 -1.622009 
3754 -1.465945 
3755 -1.581877 
3756 -1.577015 
3757 -1.588803 
3758 -1.519780 
3759 -1.678207 
3760 -1.616527 
3761 -1.590407 
3762 -1.651641 
3763 -1.554954 
3764 -1.518440 
3765 -1.633035 
3766 -1.612098 
3767 -1.569986 
3768 -1.468881 
3769 -1.610068 
3770 -1.484008 
3771 -1.698660 
3772 -1.745599 
3773 -1.557449 
3774 -1.738900 
3775 -1.571542 
3776 -1.365010 
3777 -1.967790 
3778 -1.821398 
3779 -1.470093 
3780 -1.597367 
3781 -1.708325 
3782 -1.664261 
3783 -1.476077 
3784 -1.586748 
3785 -1.507976 
3786 -1.604338 
3787 -1.545005 
3788 -1.505855 
3789 -1.678704 
3790 -1.634036 
3791 -1.589758 
3792 -1.587427 
3793 -1.630777 
3794 -1.603152 
3795 -1.538682 
3796 -1.595795 
3797 -1.615934 
3798 -1.629344 
3799 -1.568694 
3800 -1.529472 
3801 -1.448549 
3802 -1.684968 
3803 -1.634541 
3804 -1.504521 
3805 -1.786663 
3806 -1.689084 
3807 -1.514943 
3808 -2.087013 
3809 -2.164236 
3810 -1.665299 
3811 -0.976111 
3812 -2.031429 
3813 -1.285296 
3814 -1.251065 
3815 -1.331606 
3816 -0.844288 
3817 -1.971881 
3818 -2.252589 
3819 -0.963838 
3820 -1.722998 
3821 -1.707168 
3822 -1.612429 
3823 -1.921893 
3824 -1.648753 
3825 -1.519714 
3826 -1.565510 
3827 -1.525434 
3828 -1.720041 
3829 -1.480790 
3830 -1.509553 
3831 -1.530560 
3832 -1.649828 
3833 -1.729661 
3834 -1.541757 
3835 -1.554332 
3836 -1.497448 
3837 -1.464551 
3838 -1.451279 
3839 -1.868562 
3840 -2.031834 
3841 -1.717785 
3842 -1.298411 
3843 -1.560252 
3844 -3.043753 
3845 -1.221084 
3846 -1.067441 
3847 -0.362451 
3848 0.397523 
3849 0.397861 
3850 1.676169 
3851 2.330348 
3852 1.518738 
3853 2.866099 
3854 0.979022 
3855 1.101054 
3856 3.084995 
3857 -0.046971 
3858 -0.002650 
3859 0.041849 
3860 -1.463419 
3861 -1.339865 
3862 -0.979176 
3863 -2.677551 
3864 -1.681878 
3865 -1.468149 
3866 -1.742049 
3867 -1.754565 
3868 -1.497473 
3869 -1.527460 
3870 -1.670026 
3871 -1.585927 
3872 -1.376344 
3873 -1.699993 
3874 -1.635981 
3875 -1.447415 
3876 -1.707145 
3877 -1.698149 
3878 -1.915103 
3879 -1.271276 
3880 -2.469423 
3881 -2.257417 
3882 -0.413530 
3883 -0.235547 
3884 0.393375 
3885 2.139706 
3886 2.066401 
3887 2.144367 
3888 1.635019 
3889 1.749163 
3890 1.716782 
3891 1.730522 
3892 1.935649 
3893 2.167614 
3894 1.300928 
3895 1.402239 
3896 3.399526 
3897 0.798458 
3898 0.925510 
3899 1.547717 
3900 -0.609023 
3901 -0.442974 
3902 -0.768367 
3903 -2.973127 
3904 -0.379907 
3905 -1.853714 
3906 -1.876232 
3907 -1.852154 
3908 -1.493884 
3909 -1.569544 
3910 -1.450636 
3911 -1.603270 
3912 -1.801986 
3913 -1.539313 
3914 -1.375471 
3915 -1.870096 
3916 -1.905385 
3917 -1.728521 
3918 -1.599169 
3919 1.243436 
3920 0.725585 
3921 0.899416 
3922 2.633779 
3923 2.675084 
3924 1.557223 
3925 1.615862 
3926 1.750653 
3927 1.788035 
3928 1.584196 
3929 1.575362 
3930 1.541617 
3931 1.661547 
3932 1.660379 
3933 1.675238 
3934 1.522765 
3935 1.754411 
3936 2.541507 
3937 1.412808 
3938 1.422456 
3939 1.844197 
3940 0.541600 
3941 0.557439 
3942 -2.531556 
3943 -2.236373 
3944 -1.556093 
3945 -1.602950 
3946 -1.471416 
3947 -1.600055 
3948 -1.979285 
3949 -2.180897 
3950 -1.107376 
3951 -1.114965 
3952 -3.754521 
3953 -0.292561 
3954 -0.329306 
3955 -0.167606 
3956 1.439348 
3957 1.592639 
3958 1.278927 
3959 3.055777 
3960 1.712514 
3961 1.673359 
3962 1.548974 
3963 1.653981 
3964 1.708112 
3965 1.584877 
3966 1.478772 
3967 1.618712 
3968 1.509553 
3969 1.666724 
3970 1.619646 
3971 1.646741 
3972 1.624518 
3973 1.570773 
3974 1.641459 
3975 1.670047 
3976 1.822272 
3977 1.475791 
3978 1.527494 
3979 -1.804009 
3980 -1.383156 
3981 -1.562044 
3982 -1.594252 
3983 -1.619975 
3984 -1.669201 
3985 -1.806321 
3986 -1.982709 
3987 -0.959799 
3988 -2.240564 
3989 -2.145762 
3990 0.441018 
3991 0.434193 
3992 0.631805 
3993 2.130061 
3994 2.227060 
3995 1.998699 
3996 1.507008 
3997 1.658731 
3998 1.697515 
3999 1.487273 
4000 1.536618 
4001 1.537120 
4002 1.628213 
4003 1.610605 
4004 1.601997 
4005 1.510400 
4006 1.553234 
4007 1.727393 
4008 1.497489 
4009 1.615562 
4010 1.616471 
4011 1.593845 
4012 1.795212 
4013 1.617232 
4014 1.487948 
4015 1.518461 
4016 -1.325109 
4017 -1.473446 
4018 -1.805255 
4019 -1.663086 
4020 -1.445851 
4021 -1.634415 
4022 -1.628422 
4023 -1.577550 
4024 -1.881729 
4025 -1.851277 
4026 -1.648090 
4027 1.165504 
4028 0.799524 
4029 0.483315 
4030 2.706618 
4031 2.324887 
4032 1.465443 
4033 1.684173 
4034 1.674307 
4035 1.779854 
4036 1.610076 
4037 1.601761 
4038 1.642150 
4039 1.604473 
4040 1.575677 
4041 1.633279 
4042 1.678145 
4043 1.571897 
4044 1.659218 
4045 1.675192 
4046 1.647965 
4047 1.578652 
4048 1.657948 
4049 1.533369 
4050 1.667760 
4051 1.648551 
4052 1.832874 
4053 -1.493743 
4054 -1.362804 
4055 -1.665096 
4056 -1.490952 
4057 -1.427797 
4058 -1.713221 
4059 -1.675473 
4060 -2.629008 
4061 -1.375603 
4062 -1.426866 
4063 -1.328026 
4064 0.866660 
4065 0.748310 
4066 0.959064 
4067 3.749243 
4068 1.484195 
4069 1.708305 
4070 1.652082 
4071 1.733615 
4072 1.774636 
4073 1.584843 
4074 1.533018 
4075 1.534817 
4076 1.521924 
4077 1.653466 
4078 1.590366 
4079 1.629607 
4080 1.557307 
4081 1.622582 
4082 1.623889 
4083 1.678559 
4084 1.528946 
4085 1.656897 
4086 1.659450 
4087 1.641668 
4088 1.675912 
4089 1.784326 
4090 -1.506721 
4091 -1.312613 
4092 -1.690676 
4093 -1.476781 
4094 -1.245602 
4095 -1.842236 
4096 -2.529985 
4097 -1.274458 
4098 -0.696971 
4099 -0.680228 
4100 -4.156930 
4101 0.269051 
4102 0.146631 
4103 0.454518 
4104 1.565888 
4105 1.596611 
4106 1.585968 
4107 2.324926 
4108 1.656666 
4109 1.647684 
4110 1.543880 
4111 1.580230 
4112 1.673966 
4113 1.633436 
4114 1.673900 
4115 1.638160 
4116 1.508836 
4117 1.693563 
4118 1.637385 
4119 1.633932 
4120 1.613683 
4121 1.524513 
4122 1.706907 
4123 1.664609 
4124 1.755014 
4125 1.747011 
4126 1.693315 
4127 -1.199184 
4128 -1.469692 
4129 -1.398591 
4130 -1.610273 
4131 -1.719940 
4132 -2.745703 
4133 -2.335506 
4134 -0.557555 
4135 -0.261832 
4136 1.164407 
4137 1.175851 
4138 2.308252 
4139 2.254644 
4140 1.600807 
4141 1.628655 
4142 1.572251 
4143 1.422556 
4144 1.662088 
4145 1.575338 
4146 1.622992 
4147 1.650814 
4148 1.865048 
4149 1.700001 
4150 1.711687 
4151 -1.229624 
4152 -1.694247 
4153 -1.558410 
4154 -1.545914 
4155 -1.576855 
4156 -1.434979 
4157 -1.509545 
4158 -1.638528 
4159 -1.605760 
4160 -1.578349 
4161 -1.474505 
4162 -1.599688 
4163 -1.669101 
4164 -1.491202 
4165 -1.568627 
4166 -1.843087 
4167 -1.487117 
4168 -1.550167 
4169 -1.654632 
4170 -1.657148 
4171 -1.587630 
4172 -1.611912 
4173 -1.499577 
4174 -1.702154 
4175 -1.671089 
4176 -1.604792 
4177 -1.612382 
4178 -1.644751 
4179 -1.562088 
4180 -1.769585 
4181 -1.618669 
4182 -1.792266 
4183 -1.401911 
4184 -1.500541 
4185 -1.573494 
4186 -1.765463 
4187 -1.807808 
4188 -1.682466 
4189 -1.522207 
4190 -1.604676 
4191 -1.577441 
4192 -1.904323 
4193 -1.938717 
4194 -1.499407 
4195 -1.199311 
4196 -1.112682 
4197 -0.647504 
4198 -1.049008 
4199 -3.865465 
4200 -1.403943 
4201 -1.488966 
4202 -1.562702 
4203 -1.902046 
4204 -1.825551 
4205 -1.741885 
4206 -1.776911 
4207 -1.094244 
4208 -1.852611 
4209 0.903907 
4210 2.583190 
4211 1.823814 
4212 0.053274 
4213 -0.808958 
4214 -1.956456 
4215 -3.259894 
4216 -2.092617 
4217 -1.890948 
4218 -1.480760 
4219 -1.094413 
4220 -0.745278 
4221 0.213175 
4222 1.391129 
4223 3.666817 
4224 3.376259 
4225 1.624881 
4226 0.635166 
4227 0.095097 
4228 -0.240431 
4229 -2.281488 
4230 -2.034760 
4231 -1.065974 
4232 -0.517638 
4233 0.710562 
4234 1.497775 
4235 3.867629 
4236 1.651081 
4237 1.542991 
4238 1.535912 
4239 1.486694 
4240 2.025540 
4241 1.362163 
4242 -1.684791 
4243 -1.862972 
4244 -1.222488 
4245 0.450163 
4246 1.817729 
4247 3.112772 
4248 1.628460 
4249 1.742433 
4250 1.355916 
4251 1.525847 
4252 1.970193 
4253 1.914941 
4254 2.004034 
4255 0.022506 
4256 -0.252581 
4257 -0.066264 
4258 1.504562 
4259 3.878303 
4260 1.837282 
4261 1.547679 
4262 1.490838 
4263 1.349197 
4264 1.590928 
4265 1.405536 
4266 1.537572 
4267 1.789193 
4268 1.620842 
4269 1.362200 
4270 1.683883 
4271 2.980085 
4272 1.701630 
4273 1.523471 
4274 1.598598 
4275 1.635378 
4276 1.600633 
4277 1.440900 
4278 1.594489 
4279 1.752591 
4280 2.396115 
4281 1.350936 
4282 1.299126 
4283 1.597638 
4284 1.606167 
4285 1.717950 
4286 1.552256 
4287 1.636291 
4288 1.573091 
4289 1.649061 
4290 1.565300 
4291 1.643664 
4292 1.878399 
4293 2.345143 
4294 1.044416 
4295 1.296432 
4296 1.601055 
4297 1.656765 
4298 1.728397 
4299 1.676805 
4300 1.743262 
4301 1.679423 
4302 1.619248 
4303 1.625134 
4304 1.864216 
4305 1.736142 
4306 1.978501 
4307 1.077026 
4308 1.327339 
4309 1.775280 
4310 1.732055 
4311 1.884186 
4312 1.612674 
4313 1.650710 
4314 1.678742 
4315 1.558136 
4316 1.541648 
4317 1.667742 
4318 1.599231 
4319 1.680614 
4320 -1.422610 
4321 -1.692731 
4322 -1.665374 
4323 -1.675480 
4324 -1.543522 
4325 -1.620804 
4326 -1.569030 
4327 -1.686831 
4328 -1.661979 
4329 -1.510998 
4330 -1.523458 
4331 -1.700098 
4332 -1.788150 
4333 -1.401021 
4334 -1.584738 
4335 -1.542755 
4336 -1.604344 
4337 -1.550218 
4338 -1.599732 
4339 -1.547604 
4340 -1.479176 
4341 -1.607858 
4342 -1.598511 
4343 -1.595837 
4344 -1.578825 
4345 -1.674587 
4346 -1.496850 
4347 -1.613367 
4348 -1.577121 
4349 -1.512383 
4350 -1.538271 
4351 -1.645917 
4352 -1.606592 
4353 -1.520692 
4354 -1.420038 
4355 -1.480742 
4356 -1.731807 
4357 -1.515470 
4358 -1.551460 
4359 -1.518963 
4360 -1.508500 
4361 -1.615408 
4362 -1.570633 
4363 -1.677660 
4364 -2.249776 
4365 -1.469940 
4366 -1.130251 
4367 -1.855129 
4368 -1.474867 
4369 -1.646930 
4370 -1.534287 
4371 -1.422007 
4372 -1.658205 
4373 -1.535014 
4374 -1.428381 
4375 -1.506336 
4376 -3.393333 
4377 -1.749039 
4378 0.134428 
4379 0.621265 
4380 -0.055098 
4381 -0.792768 
4382 -2.007405 
4383 -2.996426 
4384 -1.672685 
4385 -1.424470 
4386 -1.471138 
4387 -1.555843 
4388 -3.384427 
4389 -1.435817 
4390 -0.149937 
4391 0.878961 
4392 2.649198 
4393 2.481182 
4394 1.308621 
4395 0.026803 
4396 -0.682657 
4397 -0.937020 
4398 -2.286995 
4399 -2.117965 
4400 -3.190455 
4401 -1.810853 
4402 -0.395091 
4403 0.530008 
4404 1.249408 
4405 2.040284 
4406 1.850995 
4407 1.701926 
4408 2.429269 
4409 1.523055 
4410 0.412329 
4411 -2.571594 
4412 -3.180607 
4413 -1.880578 
4414 -0.138566 
4415 0.496527 
4416 0.878535 
4417 1.558707 
4418 2.213356 
4419 1.969870 
4420 1.792647 
4421 1.879899 
4422 1.749863 
4423 1.370365 
4424 -0.692976 
4425 -0.692055 
4426 -1.764909 
4427 2.305535 
4428 1.159211 
4429 1.700607 
4430 2.180582 
4431 1.676151 
4432 1.674022 
4433 1.562209 
4434 1.615099 
4435 1.706962 
4436 4.259138 
4437 0.767129 
4438 0.822276 
4439 0.636258 
4440 1.101618 
4441 1.564795 
4442 1.963236 
4443 1.985864 
4444 1.585748 
4445 1.673360 
4446 1.625029 
4447 1.771970 
4448 2.338828 
4449 2.261695 
4450 0.859797 
4451 0.972138 
4452 1.207239 
4453 1.616783 
4454 1.712829 
4455 1.754996 
4456 1.706705 
4457 1.627848 
4458 1.665436 
4459 1.686757 
4460 1.728205 
4461 1.934299 
4462 1.982966 
4463 0.602695 
4464 0.768696 
4465 1.287807 
4466 2.054557 
4467 2.220670 
4468 1.684383 
4469 1.630516 
4470 1.612095 
4471 1.606868 
4472 1.445642 
4473 1.460067 
4474 1.686239 
4475 1.798286 
4476 1.179992 
4477 1.073139 
4478 1.849104 
4479 2.937727 
4480 1.618049 
4481 1.691701 
4482 1.492281 
4483 1.569407 
4484 1.562982 
4485 1.560178 
4486 1.740392 
4487 1.666614 
4488 1.943045 
4489 -1.426385 
4490 -1.498311 
4491 -1.412487 
4492 -1.565800 
4493 -1.712531 
4494 -1.523416 
4495 -1.406303 
4496 -1.646289 
4497 -1.541494 
4498 -1.477160 
4499 -1.717789 
4500 -1.634184 
4501 -1.576121 
4502 -1.566241 
4503 -1.569665 
4504 -1.505643 
4505 -1.534990 
4506 -1.736090 
4507 -1.571578 
4508 -1.529497 
4509 -1.618135 
4510 -1.638256 
4511 -1.697226 
4512 -1.718461 
4513 -1.554158 
4514 -1.557751 
4515 -1.508562 
4516 -1.531811 
4517 -1.551332 
4518 -1.531175 
4519 -1.674217 
4520 -2.335807 
4521 -1.563859 
4522 -1.330068 
4523 -1.738020 
4524 -1.575115 
4525 -1.676611 
4526 -1.561994 
4527 -1.537348 
4528 -1.495558 
4529 -1.526617 
4530 -1.563924 
4531 -1.691953 
4532 -3.341830 
4533 -1.799045 
4534 -0.333484 
4535 0.074273 
4536 0.077803 
4537 -0.765725 
4538 -2.375535 
4539 -2.755000 
4540 -1.350548 
4541 -1.639222 
4542 -1.601200 
4543 -1.709981 
4544 -3.101440 
4545 -1.931775 
4546 -0.689270 
4547 0.680010 
4548 2.671854 
4549 2.586334 
4550 1.000208 
4551 -0.137992 
4552 -0.769098 
4553 -1.489083 
4554 -2.006032 
4555 -2.174621 
4556 -3.234878 
4557 -1.854338 
4558 -0.564696 
4559 0.098580 
4560 0.674900 
4561 1.502137 
4562 2.132299 
4563 1.809765 
4564 1.221577 
4565 0.280286 
4566 -0.186411 
4567 -3.930303 
4568 -2.526994 
4569 -2.230484 
4570 -1.038799 
4571 0.101560 
4572 0.926378 
4573 1.335358 
4574 2.152576 
4575 2.207986 
4576 2.146147 
4577 1.939409 
4578 1.506497 
4579 0.839407 
4580 -2.220260 
4581 -2.047357 
4582 -1.144962 
4583 -0.170898 
4584 0.538370 
4585 1.219093 
4586 2.166188 
4587 2.528398 
4588 1.671983 
4589 1.521194 
4590 1.569767 
4591 1.766809 
4592 1.928767 
4593 -1.499531 
4594 -1.789372 
4595 -1.101378 
4596 0.036763 
4597 0.964984 
4598 1.989250 
4599 2.968991 
4600 1.791057 
4601 1.560337 
4602 1.642496 
4603 1.619038 
4604 1.829508 
4605 2.186493 
4606 -0.912153 
4607 -1.271328 
4608 -2.476977 
4609 0.076912 
4610 1.050908 
4611 1.842766 
4612 1.734262 
4613 1.584021 
4614 1.577949 
4615 1.558441 
4616 1.573915 
4617 1.887187 
4618 1.855164 
4619 -0.871663 
4620 -2.589990 
4621 -1.183832 
4622 0.536720 
4623 2.227716 
4624 1.857781 
4625 1.574922 
4626 1.416209 
4627 1.456907 
4628 1.523579 
4629 1.567832 
4630 1.543451 
4631 1.765493 
4632 -1.787606 
4633 -2.747231 
4634 -1.455749 
4635 0.396285 
4636 1.484277 
4637 1.911921 
4638 1.559571 
4639 1.546147 
4640 1.530107 
4641 1.640366 
4642 1.541453 
4643 1.668643 
4644 2.986534 
4645 -0.703047 
4646 -1.509663 
4647 -1.086963 
4648 0.083414 
4649 1.490560 
4650 2.326211 
4651 2.207559 
4652 1.471831 
4653 1.673696 
4654 1.694115 
4655 1.653702 
4656 1.637237 
4657 1.917912 
4658 -1.354292 
4659 -1.392070 
4660 -1.512173 
4661 -1.587390 
4662 -1.610998 
4663 -1.610990 
4664 -1.437963 
4665 -1.531901 
4666 -1.609702 
4667 -1.658721 
4668 -1.647955 
4669 -1.612233 
4670 -1.594948 
4671 -1.533216 
4672 -1.435595 
4673 -1.619439 
4674 -1.695071 
4675 -1.654692 
4676 -1.552142 
4677 -1.563704 
4678 -1.596870 
4679 -1.559252 
4680 -1.561271 
4681 -1.613549 
4682 -1.549995 
4683 -1.644483 
4684 -1.572992 
4685 -1.443779 
4686 -1.606598 
4687 -1.685787 
4688 -1.786099 
4689 -1.656363 
4690 -1.454378 
4691 -1.534709 
4692 -1.512869 
4693 -1.609583 
4694 -1.522704 
4695 -1.464761 
4696 -1.508913 
4697 -1.676621 
4698 -1.628127 
4699 -1.539202 
4700 -2.148142 
4701 -2.183045 
4702 -1.165692 
4703 -0.599540 
4704 -0.586468 
4705 -0.805124 
4706 -1.688185 
4707 -2.868036 
4708 -1.587991 
4709 -1.417468 
4710 -1.667423 
4711 -1.552228 
4712 -2.341820 
4713 -2.150799 
4714 -1.218239 
4715 -0.335967 
4716 1.011666 
4717 3.005852 
4718 1.600486 
4719 0.053240 
4720 -0.638535 
4721 -1.228223 
4722 -1.680585 
4723 -2.583333 
4724 -2.062474 
4725 -2.185047 
4726 -1.532823 
4727 -0.440986 
4728 0.268232 
4729 1.000547 
4730 2.392094 
4731 2.839546 
4732 3.629405 
4733 1.197937 
4734 -0.393794 
4735 -1.353289 
4736 -1.863742 
4737 -1.740810 
4738 -1.562146 
4739 -0.902600 
4740 0.106528 
4741 0.977920 
4742 1.879261 
4743 3.057627 
4744 1.891902 
4745 1.870165 
4746 1.683022 
4747 1.124268 
4748 0.709762 
4749 -2.002288 
4750 -1.973121 
4751 -1.766622 
4752 -0.760964 
4753 0.468234 
4754 1.737704 
4755 3.219405 
4756 1.741561 
4757 1.649201 
4758 1.613946 
4759 1.475861 
4760 1.774001 
4761 1.682713 
4762 -1.385587 
4763 -1.703472 
4764 -2.069769 
4765 -0.192216 
4766 1.172390 
4767 2.925889 
4768 1.835516 
4769 1.597574 
4770 1.438035 
4771 1.464746 
4772 1.619798 
4773 1.728135 
4774 1.696493 
4775 -1.442381 
4776 -2.781558 
4777 -1.783219 
4778 0.196170 
4779 1.633360 
4780 1.914296 
4781 1.615215 
4782 1.428048 
4783 1.478275 
4784 1.501798 
4785 1.603029 
4786 1.594288 
4787 1.722198 
4788 -2.017058 
4789 -2.514989 
4790 -1.431251 
4791 0.252219 
4792 1.238048 
4793 1.873384 
4794 1.810766 
4795 1.592151 
4796 1.574290 
4797 1.615657 
4798 1.582038 
4799 1.749588 
4800 2.160256 
4801 -1.477666 
4802 -1.611743 
4803 -1.197347 
4804 -0.155493 
4805 0.938490 
4806 2.327619 
4807 2.473535 
4808 1.693227 
4809 1.614929 
4810 1.595433 
4811 1.598035 
4812 1.790421 
4813 1.958231 
4814 -1.014357 
4815 -1.680859 
4816 -2.148793 
4817 -0.639626 
4818 0.931098 
4819 2.940415 
4820 1.635409 
4821 1.590725 
4822 1.595947 
4823 1.614896 
4824 1.735901 
4825 1.585298 
4826 1.661322 
4827 -1.498009 
4828 -1.522778 
4829 -1.629760 
4830 -1.661471 
4831 -1.639850 
4832 -1.529113 
4833 -1.575016 
4834 -1.669284 
4835 -1.656655 
4836 -1.583394 
4837 -1.593960 
4838 -1.546840 
4839 -1.591894 
4840 -1.504449 
4841 -1.612561 
4842 -1.675674 
4843 -1.537866 
4844 -1.532087 
4845 -1.607994 
4846 -1.645683 
4847 -1.671577 
4848 -1.606099 
4849 -1.498993 
4850 -1.717949 
4851 -1.578213 
4852 -1.431020 
4853 -1.704655 
4854 -1.609352 
4855 -1.646801 
4856 -2.016232 
4857 -1.955013 
4858 -1.631342 
4859 -1.178749 
4860 -1.143994 
4861 -1.659669 
4862 -1.939121 
4863 -1.862571 
4864 -1.584466 
4865 -1.563852 
4866 -1.587010 
4867 -1.477048 
4868 -1.958527 
4869 -2.018138 
4870 -1.471934 
4871 -0.797465 
4872 -0.454601 
4873 -0.298180 
4874 -0.884572 
4875 -3.636248 
4876 -1.562696 
4877 -1.629137 
4878 -1.675024 
4879 -1.408353 
4880 -1.687893 
4881 -1.715020 
4882 -1.656911 
4883 -1.262897 
4884 0.005737 
4885 1.487881 
4886 2.837695 
4887 2.053700 
4888 0.085756 
4889 -0.772132 
4890 -1.927335 
4891 -3.048096 
4892 -1.598251 
4893 -1.449993 
4894 -1.422887 
4895 -1.734505 
4896 -1.040124 
4897 0.397077 
4898 1.572851 
4899 3.014823 
4900 2.614550 
4901 1.870463 
4902 1.378043 
4903 0.147931 
4904 -0.256479 
4905 -1.823651 
4906 -1.800164 
4907 -1.790954 
4908 -2.445261 
4909 -0.560364 
4910 0.954380 
4911 2.503958 
4912 1.882867 
4913 1.479517 
4914 1.430461 
4915 1.500106 
4916 1.520429 
4917 1.074242 
4918 -1.900024 
4919 -1.972956 
4920 -2.793962 
4921 -1.860866 
4922 0.145789 
4923 1.075160 
4924 1.799137 
4925 1.647017 
4926 1.526828 
4927 1.511929 
4928 1.761109 
4929 1.698922 
4930 1.540457 
4931 -1.417110 
4932 -2.644727 
4933 -2.185703 
4934 -0.815345 
4935 0.261194 
4936 1.174232 
4937 1.976843 
4938 1.884398 
4939 1.529526 
4940 1.641228 
4941 1.620099 
4942 1.660070 
4943 1.553702 
4944 -1.775476 
4945 -2.126251 
4946 -1.904344 
4947 -0.352280 
4948 0.503231 
4949 1.524881 
4950 2.234685 
4951 2.176619 
4952 1.731660 
4953 1.643260 
4954 1.505022 
4955 1.552716 
4956 1.661811 
4957 -1.402905 
4958 -1.755079 
4959 -1.438942 
4960 -0.427358 
4961 0.913214 
4962 2.386106 
4963 2.623178 
4964 1.648877 
4965 1.760687 
4966 1.576584 
4967 1.542795 
4968 1.735077 
4969 1.842187 
4970 -1.218715 
4971 -1.422216 
4972 -2.611705 
4973 -1.053017 
4974 0.519438 
4975 2.178344 
4976 1.803435 
4977 1.529924 
4978 1.543984 
4979 1.582835 
4980 1.748067 
4981 1.887712 
4982 1.679146 
4983 -1.238708 
4984 -2.081007 
4985 -2.463508 
4986 -1.019260 
4987 0.176822 
4988 1.272697 
4989 1.745043 
4990 1.684855 
4991 1.770104 
4992 1.669892 
4993 1.578551 
4994 1.573454 
4995 1.561612 
4996 -1.541994 
4997 -1.661563 
4998 -1.582532 
4999 -1.502334 
5000 -1.593557 
5001 -1.413358 
5002 -1.607872 
5003 -1.641415 
5004 -1.515035 
5005 -1.498140 
5006 -1.529365 
5007 -1.790378 
5008 -1.620379 
5009 -1.491126 
5010 -1.601443 
5011 -1.596641 
5012 -1.454975 
5013 -1.584344 
5014 -1.512283 
5015 -1.662735 
5016 -1.581002 
5017 -1.577030 
5018 -1.541614 
5019 -1.489203 
5020 -1.639928 
5021 -1.547831 
5022 -1.515183 
5023 -1.480444 
5024 -1.431445 
5025 -1.611026 
5026 -1.573604 
5027 -1.630223 
5028 -1.517978 
5029 -1.444474 
5030 -1.718298 
5031 -1.552422 
5032 -1.626467 
5033 -1.529294 
5034 -1.617516 
5035 -1.598280 
5036 -1.448256 
5037 -1.541813 
5038 -1.554028 
5039 -1.630949 
5040 -2.806110 
5041 -1.431248 
5042 -0.928688 
5043 -1.399199 
5044 -1.537244 
5045 -1.734708 
5046 -1.654307 
5047 -1.468113 
5048 -1.543587 
5049 -1.437910 
5050 -1.565642 
5051 -1.698430 
5052 -3.240322 
5053 -0.982399 
5054 0.573164 
5055 1.418917 
5056 0.460857 
5057 -0.235000 
5058 -1.591342 
5059 -3.566893 
5060 -1.489862 
5061 -1.565059 
5062 -1.576114 
5063 -1.562987 
5064 -3.655392 
5065 -1.314683 
5066 0.234354 
5067 0.895016 
5068 2.202251 
5069 2.379472 
5070 1.543551 
5071 0.696525 
5072 -0.191648 
5073 -0.560279 
5074 -2.640670 
5075 -2.094259 
5076 -2.890812 
5077 -2.231376 
5078 -0.622953 
5079 0.362561 
5080 1.156098 
5081 1.825158 
5082 1.752577 
5083 1.926230 
5084 2.178269 
5085 1.223862 
5086 0.414241 
5087 -2.584626 
5088 -2.431166 
5089 -2.093155 
5090 -1.132811 
5091 -0.082527 
5092 0.726038 
5093 1.737424 
5094 2.215663 
5095 1.837003 
5096 1.858832 
5097 1.843420 
5098 1.588689 
5099 1.308628 
5100 -1.677081 
5101 -1.998298 
5102 -1.769666 
5103 -0.774835 
5104 0.303055 
5105 1.347426 
5106 2.429592 
5107 2.112705 
5108 1.711715 
5109 1.669922 
5110 1.539631 
5111 1.592070 
5112 1.499597 
5113 -1.480476 
5114 -1.626106 
5115 -1.706955 
5116 -0.902229 
5117 0.484077 
5118 2.152915 
5119 2.856158 
5120 1.603890 
5121 1.699506 
5122 1.536577 
5123 1.636265 
5124 1.656069 
5125 1.637703 
5126 -1.468314 
5127 -1.560848 
5128 -2.450485 
5129 -1.162937 
5130 0.710512 
5131 2.353682 
5132 1.797641 
5133 1.615217 
5134 1.520848 
5135 1.546142 
5136 1.604344 
5137 1.701964 
5138 1.679049 
5139 -1.391133 
5140 -2.229611 
5141 -2.169405 
5142 -1.389399 
5143 0.241990 
5144 1.306580 
5145 1.863016 
5146 1.946942 
5147 1.495204 
5148 1.442535 
5149 1.639504 
5150 1.634361 
5151 1.719517 
5152 -1.266463 
5153 -1.702402 
5154 -1.801518 
5155 -1.438679 
5156 -0.298972 
5157 1.109808 
5158 2.301909 
5159 2.468513 
5160 1.650472 
5161 1.520814 
5162 1.686474 
5163 1.618838 
5164 1.886937 
5165 -1.417107 
5166 -1.534632 
5167 -1.578596 
5168 -1.509387 
5169 -1.589222 
5170 -1.494278 
5171 -1.695633 
5172 -1.753213 
5173 -1.535306 
5174 -1.551992 
5175 -1.472257 
5176 -1.683179 
5177 -1.614396 
5178 -1.358810 
5179 -1.629415 
5180 -1.574478 
5181 -1.703944 
5182 -1.540100 
5183 -1.480711 
5184 -1.649107 
5185 -1.796071 
5186 -1.473657 
5187 -1.445129 
5188 -1.665758 
5189 -1.679419 
5190 -1.671887 
5191 -1.394935 
5192 -1.469864 
5193 -1.658042 
5194 -1.468405 
5195 -1.722938 
5196 -1.756685 
5197 -1.563955 
5198 -1.455738 
5199 -1.650521 
5200 -1.596432 
5201 -1.727487 
5202 -1.644140 
5203 -1.292522 
5204 -1.461179 
5205 -1.500781 
5206 -1.641134 
5207 -1.660736 
5208 -2.312668 
5209 -1.830396 
5210 -1.257688 
5211 -0.884428 
5212 -1.132630 
5213 -1.706753 
5214 -2.148464 
5215 -1.513205 
5216 -0.950221 
5217 -1.597810 
5218 -1.656940 
5219 -1.921181 
5220 -2.643005 
5221 -1.847282 
5222 -1.023181 
5223 -0.474203 
5224 0.142965 
5225 -0.146497 
5226 -1.053534 
5227 -3.817812 
5228 -1.067171 
5229 -0.771132 
5230 -2.180884 
5231 -2.014433 
5232 -2.285100 
5233 -1.812481 
5234 -1.227147 
5235 -0.714062 
5236 -0.308060 
5237 1.775933 
5238 2.808608 
5239 1.785976 
5240 -0.138368 
5241 -0.308042 
5242 -0.110439 
5243 -4.069929 
5244 -2.065974 
5245 -1.596070 
5246 -1.370527 
5247 -1.192278 
5248 -3.017696 
5249 0.131854 
5250 0.697187 
5251 1.110819 
5252 3.591414 
5253 1.316536 
5254 0.296452 
5255 0.983145 
5256 -2.009874 
5257 -1.415286 
5258 -1.253372 
5259 -1.234054 
5260 -1.409708 
5261 -0.144166 
5262 1.282231 
5263 3.324839 
5264 2.196800 
5265 1.933236 
5266 1.390788 
5267 0.975457 
5268 0.947606 
5269 -1.948874 
5270 -1.573934 
5271 -1.632510 
5272 -2.748915 
5273 -1.180662 
5274 0.821608 
5275 2.138176 
5276 1.739879 
5277 1.774291 
5278 1.557629 
5279 1.282895 
5280 1.153160 
5281 1.073537 
5282 -1.887792 
5283 -2.129135 
5284 -2.820859 
5285 -1.852427 
5286 -0.641190 
5287 0.605098 
5288 1.228261 
5289 1.613738 
5290 1.892962 
5291 1.687726 
5292 1.790630 
5293 1.665841 
5294 1.611780 
5295 -1.515078 
5296 -1.936094 
5297 -2.150875 
5298 -1.386932 
5299 -0.462691 
5300 0.611503 
5301 1.432808 
5302 2.002247 
5303 2.237375 
5304 1.845629 
5305 1.539594 
5306 1.557644 
5307 1.552033 
5308 -1.379656 
5309 -1.560573 
5310 -1.769420 
5311 -1.519938 
5312 -0.597932 
5313 0.555556 
5314 1.646786 
5315 3.388811 
5316 1.853662 
5317 1.652503 
5318 1.339035 
5319 1.670726 
5320 1.815326 
5321 -1.449018 
5322 -1.435601 
5323 -1.683918 
5324 -3.248181 
5325 -0.966128 
5326 0.557471 
5327 1.733797 
5328 1.658594 
5329 1.596989 
5330 1.680794 
5331 1.450503 
5332 1.712837 
5333 1.800401 
5334 -1.374449 
5335 -1.544966 
5336 -1.729687 
5337 -1.518469 
5338 -1.554149 
5339 -1.545215 
5340 -1.716906 
5341 -1.540940 
5342 -1.533754 
5343 -1.588388 
5344 -1.902232 
5345 -1.584116 
5346 -1.555856 
5347 -1.443911 
5348 -1.583800 
5349 -1.611903 
5350 -1.660252 
5351 -1.434620 
5352 -1.482779 
5353 -1.668278 
5354 -1.665207 
5355 -1.517907 
5356 -1.645387 
5357 -1.628487 
5358 -1.605423 
5359 -1.481218 
5360 -1.424259 
5361 -1.559704 
5362 -1.578878 
5363 -1.728588 
5364 -1.505119 
5365 -1.529790 
5366 -1.575616 
5367 -1.615740 
5368 -1.537121 
5369 -1.597957 
5370 -1.643686 
5371 -1.546171 
5372 -1.394321 
5373 -1.747640 
5374 -1.654227 
5375 -1.622943 
5376 -1.551276 
5377 -1.635343 
5378 -1.668246 
5379 -1.411893 
5380 -1.544453 
5381 -1.478329 
5382 -1.525027 
5383 -1.694456 
5384 -1.522535 
5385 -1.181779 
5386 -1.823143 
5387 -1.818595 
5388 -1.530977 
5389 -1.567683 
5390 -1.491273 
5391 -1.487620 
5392 -1.695811 
5393 -1.429172 
5394 -1.502314 
5395 -1.710788 
5396 -1.833799 
5397 -1.421881 
5398 -1.202083 
5399 -1.737154 
5400 -1.558678 
5401 -1.567501 
5402 -1.576414 
5403 -1.565832 
5404 -2.559231 
5405 -2.084558 
5406 -1.000378 
5407 -0.558316 
5408 -0.841236 
5409 -2.046234 
5410 -2.039951 
5411 -1.306246 
5412 -1.831163 
5413 -1.449428 
5414 -1.280785 
5415 -1.474101 
5416 -2.146798 
5417 -2.603529 
5418 -1.008717 
5419 0.052667 
5420 0.318096 
5421 0.006318 
5422 -1.946616 
5423 -2.947143 
5424 -0.584648 
5425 -2.061195 
5426 -1.626130 
5427 -1.544756 
5428 -2.236487 
5429 -2.191900 
5430 -1.220826 
5431 -0.086908 
5432 1.704612 
5433 2.713780 
5434 2.122685 
5435 0.186686 
5436 -0.309155 
5437 -0.407578 
5438 -2.581674 
5439 -1.997112 
5440 -2.082284 
5441 -2.043674 
5442 -1.366956 
5443 -0.436135 
5444 0.299191 
5445 1.006562 
5446 2.253635 
5447 2.520825 
5448 1.561404 
5449 0.477171 
5450 0.248311 
5451 -3.437620 
5452 -1.843372 
5453 -1.785741 
5454 -1.361446 
5455 -1.125884 
5456 -0.336029 
5457 0.671549 
5458 1.479969 
5459 3.477540 
5460 1.980576 
5461 1.727637 
5462 1.510010 
5463 1.336189 
5464 -1.357700 
5465 -1.612427 
5466 -1.690127 
5467 -1.468497 
5468 -2.526832 
5469 -0.539918 
5470 0.966316 
5471 2.624505 
5472 1.895444 
5473 1.547679 
5474 1.404980 
5475 1.475328 
5476 1.434613 
5477 -1.437100 
5478 -1.517788 
5479 -1.896246 
5480 -2.984237 
5481 -1.879706 
5482 -0.437612 
5483 0.632729 
5484 1.455720 
5485 1.781890 
5486 1.652687 
5487 1.425000 
5488 1.865136 
5489 1.807769 
5490 -1.328802 
5491 -1.415762 
5492 -1.796831 
5493 -2.142664 
5494 -1.415688 
5495 -0.519113 
5496 0.541912 
5497 1.518381 
5498 1.997281 
5499 2.183693 
5500 1.540759 
5501 1.648338 
5502 1.800036 
5503 -1.388884 
5504 -1.548257 
5505 -1.514079 
5506 -1.568789 
5507 -1.646539 
5508 -1.593946 
5509 -1.560061 
5510 -1.496403 
5511 -1.632023 
5512 -1.559001 
5513 -1.642800 
5514 -1.524633 
5515 -1.503646 
5516 -1.573389 
5517 -1.623995 
5518 -1.630153 
5519 -1.547052 
5520 -1.536711 
5521 -1.655275 
5522 -1.547200 
5523 -1.566035 
5524 -1.526852 
5525 -1.687202 
5526 -1.637278 
5527 -1.481005 
5528 -1.614937 
5529 -1.584113 
5530 -1.494036 
5531 -1.756388 
5532 -1.519260 
5533 -1.485586 
5534 -1.729240 
5535 -1.662158 
5536 -1.594649 
5537 -1.708146 
5538 -1.525424 
5539 -1.509689 
5540 -1.541747 
5541 -1.589447 
5542 -1.511471 
5543 -1.694587 
5544 -1.465373 
5545 -1.607657 
5546 -1.706034 
5547 -1.617671 
5548 -1.639971 
5549 -1.661319 
5550 -1.601081 
5551 -1.457163 
5552 -1.578836 
5553 -1.550824 
5554 -1.583462 
5555 -1.610684 
5556 -1.509762 
5557 -1.547940 
5558 -1.683028 
5559 -1.597686 
5560 -1.520354 
5561 -1.636686 
5562 -1.760867 
5563 -1.497809 
5564 -1.641548 
5565 -1.523370 
5566 -1.591327 
5567 -1.509163 
5568 -1.625084 
5569 -1.600570 
5570 -1.577457 
5571 -1.605120 
5572 -1.642223 
5573 -1.466303 
5574 -1.646281 
5575 -1.569195 
5576 -1.614009 
5577 -1.599660 
5578 -1.558609 
5579 -1.638022 
5580 -1.598356 
5581 -1.592450 
5582 -1.703304 
5583 -1.543640 
5584 -1.514113 
5585 -1.467181 
5586 -1.724029 
5587 -1.563128 
5588 -1.685017 
5589 -1.679740 
5590 -1.479333 
5591 -1.504394 
5592 -1.514839 
5593 -1.672329 
5594 -1.655856 
5595 -1.571444 
5596 -1.615519 
5597 -1.651501 
5598 -1.510355 
5599 -1.618129 
5600 -1.606840 
5601 -1.503945 
5602 -1.662064 
5603 -1.609779 
5604 -1.642337 
5605 -1.699687 
5606 -1.570635 
5607 -1.491209 
5608 -1.549809 
5609 -1.521845 
5610 -1.656014 
5611 -1.703141 
5612 -1.697758 
5613 -1.364471 
5614 -1.617190 
5615 -1.653289 
5616 -1.629506 
5617 -1.711091 
5618 -1.479874 
5619 -1.524616 
5620 -1.552352 
5621 -1.680198 
5622 -1.554878 
5623 -1.619488 
5624 -1.592064 
5625 -1.612610 
5626 -1.667098 
5627 -1.603123 
5628 -1.475468 
5629 -1.671847 
5630 -1.776494 
5631 -1.518246 
5632 -1.680422 
5633 -1.559453 
5634 -1.479717 
5635 -1.633185 
5636 -1.642633 
5637 -1.581665 
5638 -1.469577 
5639 -1.557694 
5640 -1.520871 
5641 -1.587064 
5642 -1.647313 
5643 -1.499048 
5644 -1.656512 
5645 -1.603575 
5646 -1.569483 
5647 -1.480071 
5648 -1.620607 
5649 -1.517364 
5650 -1.471562 
5651 -1.633357 
5652 -1.511141 
5653 -1.506328 
5654 -1.711924 
5655 -1.552298 
5656 -1.406771 
5657 -1.626454 
5658 -1.610396 
5659 -1.606728 
5660 -1.692162 
5661 -1.560759 
5662 -1.563360 
5663 -1.514977 
5664 -1.627831 
5665 -1.418170 
5666 -1.654658 
5667 -1.578450 
5668 -1.424845 
5669 -1.688709 
5670 -1.562472 
5671 -1.518087 
5672 -1.706504 
5673 -1.569969 
5674 -1.592307 
5675 -1.504387 
5676 -1.496142 
5677 -1.472844 
5678 -1.660611 
5679 -1.615610 
5680 -1.568923 
5681 -1.614629 
5682 -1.627656 
5683 -1.596574 
5684 -1.590625 
5685 -1.589911 
5686 -1.516326 
5687 -1.613450 
5688 -1.702522 
5689 -1.549044 
5690 -1.336275 
5691 -1.719717 
5692 -1.521458 
5693 -1.618249 
5694 -1.705662 
5695 -1.691443 
5696 -1.710769 
5697 -1.519769 
5698 -1.737821 
5699 -1.729207 
5700 -1.630176 
5701 -1.658649 
5702 -1.668875 
5703 -1.852317 
5704 -1.534289 
5705 -1.578997 
5706 -1.694542 
5707 -1.506108 
5708 -1.501189 
5709 -1.691283 
5710 -1.579917 
5711 -1.547703 
5712 -1.540705 
5713 -1.661601 
5714 -1.622603 
5715 -1.519242 
5716 -1.697027 
5717 -1.479151 
5718 -1.556983 
5719 -1.696840 
5720 -1.554258 
5721 -1.454760 
5722 -1.678200 
5723 -1.596170 
5724 -1.602476 
5725 -1.689409 
5726 -1.501191 
5727 -1.482260 
5728 -1.744723 
5729 -1.916762 
5730 -1.804625 
5731 -1.198531 
5732 -2.525805 
5733 -2.097748 
5734 -0.614742 
5735 -0.990500 
5736 -2.140736 
5737 -0.183050 
5738 -1.484156 
5739 -1.337639 
5740 -1.012797 
5741 -1.530641 
5742 -1.516295 
5743 -2.601680 
5744 -1.526904 
5745 -1.625812 
5746 -1.860877 
5747 -1.784394 
5748 -1.788945 
5749 -1.468806 
5750 -1.588210 
5751 -1.250892 
5752 -1.463360 
5753 -1.836085 
5754 -1.517720 
5755 -1.562490 
5756 -1.601069 
5757 -1.446022 
5758 -1.532961 
5759 -1.687567 
5760 -1.485318 
5761 -1.470383 
5762 -1.640957 
5763 -1.613981 
5764 -1.721129 
5765 -1.579485 
5766 -1.580216 
5767 -1.699286 
5768 -1.393980 
5769 -2.097210 
5770 -2.129755 
5771 0.882884 
5772 0.267311 
5773 0.422836 
5774 2.783966 
5775 2.084699 
5776 2.257209 
5777 1.798753 
5778 1.228552 
5779 1.399811 
5780 0.065812 
5781 0.034846 
5782 -0.225177 
5783 -3.132506 
5784 -0.909463 
5785 -0.880258 
5786 -2.158103 
5787 -2.433221 
5788 -1.479747 
5789 -1.486690 
5790 -1.934762 
5791 -1.464163 
5792 -1.541809 
5793 -1.668414 
5794 -1.583948 
5795 -1.607891 
5796 -1.703694 
5797 -1.421096 
5798 -1.339923 
5799 -1.780582 
5800 -1.950850 
5801 -1.940286 
5802 -1.400201 
5803 -1.424997 
5804 -3.411357 
5805 -0.308284 
5806 -0.671133 
5807 -0.638463 
5808 1.303213 
5809 0.992851 
5810 0.849504 
5811 3.412041 
5812 1.697705 
5813 1.454107 
5814 1.974318 
5815 1.699074 
5816 2.121611 
5817 1.746852 
5818 1.588759 
5819 1.691597 
5820 1.880422 
5821 2.035891 
5822 1.881968 
5823 -0.361978 
5824 -0.006448 
5825 -1.774418 
5826 -1.915547 
5827 -1.995546 
5828 -1.531497 
5829 -1.648117 
5830 -1.634251 
5831 -1.446055 
5832 -1.663064 
5833 -1.641863 
5834 -1.526986 
5835 -1.562925 
5836 -1.697078 
5837 -1.907278 
5838 -1.784133 
5839 -0.925388 
5840 -2.441910 
5841 -2.448214 
5842 0.366605 
5843 0.133541 
5844 0.111557 
5845 2.419110 
5846 2.285247 
5847 1.965693 
5848 1.654085 
5849 1.636578 
5850 1.629661 
5851 1.648004 
5852 1.628258 
5853 1.548575 
5854 1.615239 
5855 1.584278 
5856 1.580214 
5857 1.550768 
5858 1.743799 
5859 1.762699 
5860 1.501794 
5861 1.417335 
5862 -1.991645 
5863 -1.774969 
5864 -1.582497 
5865 -1.486333 
5866 -1.548518 
5867 -1.579434 
5868 -1.562498 
5869 -1.545212 
5870 -1.708939 
5871 -1.426148 
5872 -1.478474 
5873 -1.591303 
5874 -1.651885 
5875 -1.592420 
5876 -1.711463 
5877 -2.259677 
5878 -1.874268 
5879 0.897087 
5880 0.246336 
5881 0.390561 
5882 2.714696 
5883 2.552532 
5884 1.262664 
5885 1.773702 
5886 1.674424 
5887 1.744790 
5888 1.862230 
5889 1.429380 
5890 1.504768 
5891 1.683966 
5892 1.486976 
5893 1.629128 
5894 1.801406 
5895 1.599861 
5896 1.695840 
5897 1.647188 
5898 1.490202 
5899 -1.566318 
5900 -1.660021 
5901 -1.702260 
5902 -1.522325 
5903 -1.458919 
5904 -1.810084 
5905 -1.285038 
5906 -1.212031 
5907 -1.936655 
5908 -1.565139 
5909 -1.526614 
5910 -1.895791 
5911 -1.441145 
5912 -2.866853 
5913 -1.214345 
5914 -1.221005 
5915 -1.145180 
5916 1.140243 
5917 0.665227 
5918 0.738901 
5919 3.406772 
5920 1.625964 
5921 1.591210 
5922 1.992014 
5923 1.699182 
5924 1.706598 
5925 1.875547 
5926 1.464808 
5927 1.371885 
5928 1.680651 
5929 1.403720 
5930 1.500605 
5931 1.957738 
5932 1.634679 
5933 1.650029 
5934 1.678824 
5935 1.533154 
5936 -1.543544 
5937 -1.543312 
5938 -1.620576 
5939 -1.500342 
5940 -1.496650 
5941 -1.574107 
5942 -1.679908 
5943 -1.492624 
5944 -2.080209 
5945 -1.847616 
5946 -1.196395 
5947 -1.081181 
5948 0.561370 
5949 0.331879 
5950 2.544240 
5951 2.543665 
5952 1.815250 
5953 1.776174 
5954 1.400182 
5955 1.296619 
5956 1.374173 
5957 1.501708 
5958 1.821400 
5959 1.820771 
5960 2.444792 
5961 2.437176 
