5962 1
0 0.240903 
1 0.240903 
2 0.240903 
3 0.240903 
4 0.240903 
5 0.240903 
6 0.240903 
7 0.240903 
8 -0.179142 
9 -0.179142 
10 -0.179142 
11 -0.179142 
12 0.240903 
13 0.240903 
14 0.240903 
15 0.240903 
16 0.240903 
17 0.240903 
18 0.240903 
19 0.240903 
20 0.240903 
21 0.240903 
22 0.390987 
23 0.390987 
24 0.390987 
25 0.390987 
26 0.240903 
27 0.240903 
28 0.240903 
29 0.240903 
30 0.240903 
31 0.240903 
32 0.240903 
33 0.240903 
34 0.240903 
35 0.240903 
36 0.240903 
37 0.240903 
38 -0.179142 
39 -0.179142 
40 -0.179142 
41 -0.179142 
42 -0.179142 
43 -0.179142 
44 0.240903 
45 0.240903 
46 0.240903 
47 0.240903 
48 0.240903 
49 0.240903 
50 0.240903 
51 0.240903 
52 0.240903 
53 0.240903 
54 0.240903 
55 0.240903 
56 0.390987 
57 0.390987 
58 0.390987 
59 0.390987 
60 0.390987 
61 0.390987 
62 0.390987 
63 0.240903 
64 0.240903 
65 0.240903 
66 0.240903 
67 0.240903 
68 0.240903 
69 0.240903 
70 0.240903 
71 0.240903 
72 0.240903 
73 0.240903 
74 0.240903 
75 0.240903 
76 0.240903 
77 -0.179142 
78 0.240903 
79 0.240903 
80 -0.179142 
81 -0.179142 
82 -0.179142 
83 0.240903 
84 0.240903 
85 0.240903 
86 0.240903 
87 0.240903 
88 0.240903 
89 0.240903 
90 0.240903 
91 0.240903 
92 0.240903 
93 0.240903 
94 0.240903 
95 0.390987 
96 0.240903 
97 0.240903 
98 0.390987 
99 0.390987 
100 -0.051547 
101 -0.051547 
102 0.240903 
103 0.240903 
104 0.240903 
105 0.240903 
106 0.240903 
107 0.240903 
108 0.240903 
109 0.240903 
110 0.240903 
111 0.240903 
112 0.240903 
113 0.240903 
114 0.240903 
115 0.240903 
116 0.240903 
117 0.240903 
118 -0.179142 
119 -0.179142 
120 -0.179142 
121 0.240903 
122 0.240903 
123 0.240903 
124 0.240903 
125 0.240903 
126 0.240903 
127 0.240903 
128 0.240903 
129 0.240903 
130 0.240903 
131 0.240903 
132 0.240903 
133 0.240903 
134 0.240903 
135 0.240903 
136 0.240903 
137 -0.051547 
138 -0.051547 
139 -0.051547 
140 0.240903 
141 0.240903 
142 0.240903 
143 0.240903 
144 0.240903 
145 0.240903 
146 0.240903 
147 0.240903 
148 0.240903 
149 0.240903 
150 0.240903 
151 0.240903 
152 0.240903 
153 0.240903 
154 -0.179142 
155 0.240903 
156 0.240903 
157 -0.179142 
158 -0.179142 
159 -0.179142 
160 -0.329729 
161 0.240903 
162 0.240903 
163 -0.329729 
164 0.240903 
165 0.240903 
166 -0.329729 
167 0.240903 
168 0.240903 
169 0.240903 
170 0.240903 
171 0.240903 
172 0.240903 
173 0.240903 
174 -0.051547 
175 -0.051547 
176 -0.051547 
177 -0.051547 
178 -0.051547 
179 -0.013079 
180 0.240903 
181 0.240903 
182 0.240903 
183 0.240903 
184 0.240903 
185 0.240903 
186 0.240903 
187 0.240903 
188 -0.301406 
189 -0.301406 
190 -0.301406 
191 -0.301406 
192 -0.301406 
193 -0.301406 
194 -0.301406 
195 -0.329729 
196 -0.329729 
197 -0.329729 
198 -0.329729 
199 -0.329729 
200 -0.329729 
201 -0.329729 
202 -0.329729 
203 -0.329729 
204 -0.329729 
205 -0.329729 
206 -0.329729 
207 -0.301406 
208 -0.301406 
209 -0.301406 
210 -0.301406 
211 -0.051547 
212 -0.051547 
213 -0.051547 
214 -0.051547 
215 -0.051547 
216 -0.051547 
217 -0.051547 
218 -0.051547 
219 0.240903 
220 -0.051547 
221 -0.051547 
222 0.240903 
223 -0.301406 
224 -0.301406 
225 -0.301406 
226 0.073601 
227 0.073601 
228 -0.301406 
229 -0.301406 
230 -0.301406 
231 -0.301406 
232 -0.301406 
233 -0.301406 
234 -0.329729 
235 -0.329729 
236 -0.329729 
237 -0.329729 
238 -0.329729 
239 -0.329729 
240 -0.329729 
241 -0.329729 
242 -0.329729 
243 -0.329729 
244 -0.329729 
245 -0.329729 
246 -0.301406 
247 -0.301406 
248 -0.051547 
249 -0.051547 
250 -0.051547 
251 -0.051547 
252 -0.051547 
253 -0.051547 
254 -0.051547 
255 -0.051547 
256 -0.051547 
257 -0.051547 
258 -0.051547 
259 -0.051547 
260 -0.301406 
261 -0.301406 
262 -0.301406 
263 0.073601 
264 0.073601 
265 0.073601 
266 -0.301406 
267 -0.301406 
268 -0.301406 
269 -0.301406 
270 -0.301406 
271 -0.301406 
272 -0.301406 
273 -0.301406 
274 -0.329729 
275 -0.329729 
276 -0.329729 
277 -0.329729 
278 -0.329729 
279 -0.329729 
280 -0.329729 
281 -0.329729 
282 -0.329729 
283 -0.301406 
284 -0.301406 
285 -0.051547 
286 -0.051547 
287 -0.051547 
288 -0.051547 
289 -0.051547 
290 -0.051547 
291 -0.051547 
292 -0.051547 
293 -0.051547 
294 -0.051547 
295 -0.051547 
296 -0.051547 
297 -0.051547 
298 -0.051547 
299 0.490149 
300 -0.301406 
301 -0.301406 
302 -0.301406 
303 0.073601 
304 0.073601 
305 -0.301406 
306 -0.301406 
307 -0.301406 
308 -0.301406 
309 -0.301406 
310 -0.301406 
311 -0.301406 
312 -0.329729 
313 -0.329729 
314 -0.329729 
315 -0.329729 
316 -0.329729 
317 -0.329729 
318 -0.329729 
319 -0.329729 
320 -0.301406 
321 -0.301406 
322 -0.051547 
323 -0.051547 
324 -0.051547 
325 -0.051547 
326 -0.051547 
327 -0.051547 
328 -0.051547 
329 -0.051547 
330 -0.051547 
331 -0.051547 
332 -0.051547 
333 -0.051547 
334 -0.051547 
335 -0.051547 
336 -0.051547 
337 -0.051547 
338 -0.051547 
339 0.490149 
340 -0.051547 
341 -0.051547 
342 -0.301406 
343 -0.301406 
344 -0.301406 
345 -0.301406 
346 -0.301406 
347 -0.301406 
348 -0.301406 
349 -0.301406 
350 -0.301406 
351 -0.329729 
352 -0.301406 
353 -0.301406 
354 -0.301406 
355 -0.329729 
356 -0.301406 
357 -0.301406 
358 -0.301406 
359 -0.051547 
360 -0.051547 
361 -0.051547 
362 -0.051547 
363 -0.051547 
364 -0.051547 
365 -0.051547 
366 -0.051547 
367 -0.051547 
368 -0.051547 
369 -0.051547 
370 -0.051547 
371 -0.051547 
372 -0.051547 
373 -0.051547 
374 -0.051547 
375 -0.051547 
376 -0.051547 
377 -0.051547 
378 -0.051547 
379 -0.051547 
380 -0.301406 
381 -0.301406 
382 -0.301406 
383 -0.301406 
384 -0.301406 
385 -0.301406 
386 -0.301406 
387 -0.301406 
388 -0.301406 
389 -0.301406 
390 -0.301406 
391 -0.301406 
392 -0.301406 
393 -0.301406 
394 -0.301406 
395 -0.301406 
396 -0.051547 
397 -0.051547 
398 -0.051547 
399 -0.051547 
400 -0.051547 
401 -0.051547 
402 -0.051547 
403 -0.051547 
404 -0.051547 
405 -0.051547 
406 -0.051547 
407 -0.051547 
408 -0.051547 
409 -0.051547 
410 -0.051547 
411 -0.051547 
412 -0.051547 
413 -0.051547 
414 -0.051547 
415 -0.051547 
416 0.081274 
417 -0.051547 
418 -0.051547 
419 0.081274 
420 -0.301406 
421 -0.301406 
422 -0.301406 
423 -0.301406 
424 -0.301406 
425 -0.301406 
426 -0.301406 
427 -0.301406 
428 -0.301406 
429 -0.301406 
430 -0.301406 
431 -0.301406 
432 -0.301406 
433 -0.051547 
434 -0.051547 
435 -0.051547 
436 -0.051547 
437 -0.051547 
438 -0.051547 
439 -0.051547 
440 -0.051547 
441 -0.051547 
442 -0.051547 
443 -0.051547 
444 -0.051547 
445 -0.051547 
446 -0.051547 
447 -0.051547 
448 -0.051547 
449 0.081274 
450 0.081274 
451 -0.301406 
452 -0.301406 
453 -0.301406 
454 -0.301406 
455 -0.301406 
456 -0.301406 
457 -0.301406 
458 -0.301406 
459 0.240903 
460 0.240903 
461 0.240903 
462 0.240903 
463 -0.179142 
464 -0.179142 
465 0.240903 
466 0.240903 
467 0.240903 
468 0.240903 
469 0.240903 
470 0.390987 
471 0.390987 
472 0.240903 
473 0.240903 
474 0.240903 
475 -0.369174 
476 -0.179142 
477 -0.179142 
478 0.240903 
479 0.240903 
480 0.240903 
481 0.240903 
482 0.390987 
483 0.390987 
484 0.390987 
485 0.240903 
486 0.240903 
487 0.240903 
488 0.240903 
489 0.240903 
490 0.240903 
491 -0.179142 
492 0.240903 
493 0.240903 
494 0.240903 
495 0.240903 
496 0.240903 
497 0.390987 
498 -0.051547 
499 -0.051547 
500 0.240903 
501 0.240903 
502 0.240903 
503 0.240903 
504 -0.179142 
505 0.240903 
506 0.240903 
507 0.240903 
508 0.240903 
509 0.240903 
510 0.240903 
511 -0.051547 
512 -0.051547 
513 -0.051547 
514 0.240903 
515 0.240903 
516 0.240903 
517 0.240903 
518 -0.179142 
519 0.240903 
520 0.240903 
521 0.240903 
522 0.240903 
523 0.240903 
524 -0.051547 
525 -0.051547 
526 -0.051547 
527 0.240903 
528 0.073601 
529 0.073601 
530 -0.301406 
531 -0.329729 
532 -0.329729 
533 -0.329729 
534 -0.329729 
535 -0.329729 
536 -0.329729 
537 -0.051547 
538 -0.051547 
539 -0.051547 
540 -0.051547 
541 -0.301406 
542 0.073601 
543 0.073601 
544 -0.329729 
545 -0.329729 
546 -0.329729 
547 -0.329729 
548 -0.329729 
549 -0.329729 
550 -0.051547 
551 -0.051547 
552 -0.051547 
553 -0.051547 
554 -0.301406 
555 0.073601 
556 0.073601 
557 0.073601 
558 -0.329729 
559 -0.329729 
560 -0.329729 
561 -0.329729 
562 -0.329729 
563 -0.009403 
564 -0.009403 
565 -0.051547 
566 -0.051547 
567 -0.051547 
568 -0.301406 
569 0.073601 
570 0.073601 
571 -0.301406 
572 -0.329729 
573 -0.329729 
574 -0.329729 
575 -0.329729 
576 -0.051547 
577 -0.051547 
578 -0.051547 
579 -0.051547 
580 -0.051547 
581 -0.051547 
582 -0.051547 
583 -0.301406 
584 -0.301406 
585 -0.301406 
586 -0.329729 
587 -0.329729 
588 -0.301406 
589 -0.051547 
590 -0.051547 
591 -0.051547 
592 -0.051547 
593 -0.051547 
594 -0.051547 
595 -0.051547 
596 -0.301406 
597 -0.301406 
598 -0.301406 
599 -0.301406 
600 -0.329729 
601 -0.301406 
602 -0.051547 
603 -0.051547 
604 -0.051547 
605 -0.051547 
606 -0.051547 
607 -0.051547 
608 -0.051547 
609 -0.051547 
610 -0.301406 
611 -0.301406 
612 -0.301406 
613 -0.301406 
614 -0.301406 
615 0.125776 
616 -0.051547 
617 -0.051547 
618 -0.051547 
619 -0.051547 
620 -0.051547 
621 -0.051547 
622 0.081274 
623 0.081274 
624 -0.301406 
625 -0.301406 
626 -0.301406 
627 0.472680 
628 0.240903 
629 0.240903 
630 0.240903 
631 0.001526 
632 -0.371950 
633 -0.179142 
634 0.001526 
635 0.214461 
636 0.259795 
637 0.390882 
638 0.018455 
639 0.390987 
640 0.390987 
641 0.354370 
642 0.240903 
643 0.240903 
644 -0.369174 
645 -0.371950 
646 0.001526 
647 0.001526 
648 0.259795 
649 0.259795 
650 0.018455 
651 0.018455 
652 0.018455 
653 0.390987 
654 0.354370 
655 0.354370 
656 0.320613 
657 -0.404836 
658 -0.003125 
659 0.240903 
660 -0.179142 
661 0.192552 
662 0.259795 
663 0.240903 
664 0.018455 
665 -0.406865 
666 0.204554 
667 -0.474942 
668 -0.167033 
669 0.320613 
670 0.105782 
671 -0.003125 
672 -0.190812 
673 -0.179142 
674 -0.419629 
675 0.240903 
676 -0.329729 
677 -0.406865 
678 -0.406865 
679 0.204554 
680 -0.474942 
681 -0.167033 
682 0.105782 
683 0.105782 
684 -0.190812 
685 -0.190812 
686 -0.419629 
687 -0.419629 
688 -0.329729 
689 -0.329729 
690 -0.329729 
691 -0.406865 
692 0.204554 
693 -0.051547 
694 -0.167033 
695 -0.202858 
696 0.240903 
697 0.073601 
698 0.073601 
699 0.371579 
700 -0.419629 
701 0.344071 
702 -0.329729 
703 -0.329729 
704 -0.329729 
705 0.204554 
706 -0.009403 
707 -0.009403 
708 0.297541 
709 -0.223527 
710 -0.023430 
711 0.450415 
712 0.086434 
713 0.194536 
714 0.284280 
715 -0.329729 
716 -0.329729 
717 -0.329729 
718 -0.329729 
719 -0.009403 
720 0.297541 
721 0.297541 
722 -0.023430 
723 -0.023430 
724 0.086434 
725 0.086434 
726 0.284280 
727 0.284280 
728 -0.329729 
729 -0.329729 
730 -0.329729 
731 -0.329729 
732 -0.007205 
733 -0.009403 
734 0.297541 
735 0.400700 
736 -0.023430 
737 -0.301362 
738 0.086434 
739 0.490755 
740 0.284280 
741 0.327467 
742 -0.329729 
743 -0.329729 
744 -0.329729 
745 -0.007205 
746 -0.007205 
747 -0.007205 
748 0.112294 
749 -0.341888 
750 0.233203 
751 -0.160631 
752 0.305392 
753 0.327467 
754 0.327467 
755 -0.398935 
756 -0.398935 
757 -0.398935 
758 -0.007205 
759 -0.007205 
760 0.112294 
761 0.112294 
762 0.233203 
763 0.233203 
764 0.305392 
765 0.305392 
766 0.305392 
767 0.327467 
768 0.371800 
769 -0.398935 
770 0.472680 
771 -0.073374 
772 -0.007205 
773 -0.399618 
774 0.112294 
775 -0.389825 
776 0.233203 
777 0.472680 
778 0.305392 
779 -0.106109 
780 -0.106109 
781 -0.106109 
782 0.472680 
783 0.472680 
784 0.125776 
785 0.261974 
786 -0.346826 
787 0.138861 
788 0.138861 
789 0.138861 
790 0.138861 
791 0.442381 
792 0.442381 
793 -0.106109 
794 -0.106109 
795 0.472680 
796 0.472680 
797 0.266744 
798 0.266744 
799 0.283512 
800 0.001526 
801 0.001526 
802 0.001526 
803 0.259795 
804 0.259795 
805 0.093989 
806 0.018455 
807 0.124662 
808 0.124662 
809 0.390987 
810 0.354370 
811 -0.369174 
812 -0.369174 
813 -0.369174 
814 -0.371950 
815 0.001526 
816 0.001526 
817 0.001526 
818 0.018455 
819 0.018455 
820 0.093989 
821 0.093989 
822 0.124662 
823 -0.167033 
824 -0.369174 
825 0.354370 
826 -0.404836 
827 -0.003125 
828 -0.324203 
829 -0.371950 
830 0.001526 
831 0.259795 
832 0.138264 
833 -0.106109 
834 0.093989 
835 0.093989 
836 -0.167033 
837 -0.167033 
838 0.320613 
839 -0.126756 
840 0.117834 
841 -0.328754 
842 -0.328754 
843 0.001526 
844 0.135338 
845 -0.262402 
846 -0.406865 
847 -0.263795 
848 0.093989 
849 -0.093760 
850 -0.167033 
851 0.105782 
852 0.033990 
853 -0.126756 
854 -0.190812 
855 -0.419629 
856 0.388070 
857 0.344071 
858 0.344071 
859 0.427448 
860 -0.263795 
861 0.204554 
862 -0.009403 
863 0.179178 
864 -0.202858 
865 -0.126756 
866 -0.126756 
867 0.073601 
868 0.371579 
869 0.371579 
870 0.344071 
871 -0.329729 
872 -0.329729 
873 -0.329729 
874 0.133489 
875 -0.009403 
876 -0.340068 
877 0.179178 
878 -0.223527 
879 -0.023430 
880 0.450415 
881 0.325536 
882 0.194536 
883 -0.027133 
884 -0.329729 
885 -0.432522 
886 -0.329729 
887 -0.329729 
888 -0.009403 
889 -0.340068 
890 0.297541 
891 -0.340068 
892 -0.148642 
893 -0.129312 
894 0.086434 
895 -0.438529 
896 -0.438529 
897 -0.204419 
898 -0.329729 
899 -0.329729 
900 -0.329729 
901 -0.009403 
902 -0.009403 
903 0.297541 
904 0.400700 
905 0.470207 
906 -0.301362 
907 -0.054923 
908 0.490755 
909 0.284280 
910 0.327467 
911 0.093112 
912 -0.329729 
913 -0.329729 
914 -0.007205 
915 -0.399618 
916 -0.007205 
917 0.112294 
918 -0.341888 
919 0.233203 
920 0.490755 
921 0.305392 
922 -0.144956 
923 0.012971 
924 -0.185791 
925 -0.126756 
926 -0.398935 
927 -0.007205 
928 -0.399618 
929 0.147995 
930 0.147995 
931 0.199160 
932 0.244259 
933 0.023790 
934 0.044838 
935 0.105989 
936 0.140249 
937 0.371800 
938 -0.126756 
939 0.472680 
940 -0.073374 
941 -0.007205 
942 -0.399618 
943 0.199160 
944 0.244259 
945 0.244259 
946 0.472680 
947 0.284280 
948 -0.106109 
949 -0.106109 
950 -0.106109 
951 0.472680 
952 0.472680 
953 0.261974 
954 0.261974 
955 0.261974 
956 0.147995 
957 0.138861 
958 0.138861 
959 0.343179 
960 0.442381 
961 0.284280 
962 -0.106109 
963 -0.106109 
964 0.138264 
965 0.117834 
966 0.266744 
967 0.283512 
968 -0.369174 
969 -0.419407 
970 -0.369174 
971 0.041001 
972 0.001526 
973 0.001526 
974 -0.371950 
975 0.001526 
976 0.001526 
977 0.001526 
978 0.001526 
979 0.001526 
980 -0.263795 
981 0.093989 
982 -0.481402 
983 0.018455 
984 -0.481402 
985 0.124662 
986 -0.481402 
987 0.124662 
988 0.124662 
989 0.124662 
990 0.354370 
991 0.472680 
992 0.283512 
993 0.266744 
994 -0.369174 
995 0.283512 
996 0.283512 
997 0.283512 
998 -0.404836 
999 -0.404836 
1000 0.277322 
1001 -0.371950 
1002 0.001526 
1003 0.277322 
1004 0.265449 
1005 0.265449 
1006 0.038591 
1007 0.001526 
1008 0.001526 
1009 -0.377804 
1010 0.259795 
1011 0.259795 
1012 -0.377804 
1013 0.259795 
1014 0.259795 
1015 0.001526 
1016 0.018455 
1017 0.093989 
1018 0.018455 
1019 0.018455 
1020 0.018455 
1021 -0.481402 
1022 -0.481402 
1023 0.124662 
1024 -0.481402 
1025 0.124662 
1026 0.124662 
1027 -0.167033 
1028 -0.374469 
1029 0.354370 
1030 0.320613 
1031 -0.333487 
1032 -0.369174 
1033 0.320613 
1034 0.283512 
1035 0.283512 
1036 0.283512 
1037 -0.369174 
1038 0.277322 
1039 -0.369174 
1040 -0.473030 
1041 0.465959 
1042 -0.371950 
1043 0.038591 
1044 0.465959 
1045 0.001526 
1046 -0.371950 
1047 0.259795 
1048 0.259795 
1049 -0.371950 
1050 0.259795 
1051 0.259795 
1052 -0.263795 
1053 0.259795 
1054 0.018455 
1055 -0.263795 
1056 -0.406865 
1057 -0.406865 
1058 -0.263795 
1059 0.093989 
1060 -0.481402 
1061 -0.481402 
1062 0.093989 
1063 -0.481402 
1064 -0.167033 
1065 -0.374469 
1066 -0.167033 
1067 0.320613 
1068 -0.333487 
1069 0.105782 
1070 -0.167033 
1071 -0.167033 
1072 0.320613 
1073 0.320613 
1074 -0.473030 
1075 -0.404836 
1076 -0.015142 
1077 -0.473030 
1078 0.465959 
1079 0.073601 
1080 0.370354 
1081 -0.419629 
1082 0.465959 
1083 0.465959 
1084 0.465959 
1085 0.465959 
1086 -0.291616 
1087 0.259795 
1088 0.259795 
1089 -0.291616 
1090 0.259795 
1091 0.259795 
1092 -0.263795 
1093 -0.263795 
1094 0.427448 
1095 0.133489 
1096 -0.406865 
1097 0.204554 
1098 -0.197707 
1099 0.093989 
1100 -0.481402 
1101 -0.093760 
1102 -0.093760 
1103 -0.248509 
1104 -0.248509 
1105 -0.093760 
1106 0.320613 
1107 0.320613 
1108 -0.167033 
1109 0.320613 
1110 0.320613 
1111 0.073601 
1112 0.073601 
1113 0.073601 
1114 0.073601 
1115 0.073601 
1116 0.073601 
1117 0.370354 
1118 0.465959 
1119 0.465959 
1120 0.073601 
1121 0.465959 
1122 0.465959 
1123 -0.291616 
1124 0.388070 
1125 0.204413 
1126 -0.447917 
1127 0.427448 
1128 -0.329729 
1129 -0.291616 
1130 -0.329729 
1131 -0.329729 
1132 0.133489 
1133 -0.406865 
1134 -0.197707 
1135 -0.197707 
1136 0.353405 
1137 0.204554 
1138 -0.009403 
1139 -0.076818 
1140 -0.093760 
1141 -0.248509 
1142 -0.248509 
1143 0.179178 
1144 0.179178 
1145 -0.248509 
1146 -0.248509 
1147 -0.248509 
1148 -0.129312 
1149 0.073601 
1150 0.073601 
1151 -0.131830 
1152 0.450415 
1153 0.450415 
1154 0.073601 
1155 0.073601 
1156 0.073601 
1157 0.371579 
1158 -0.419629 
1159 -0.419629 
1160 0.370354 
1161 0.204413 
1162 0.204413 
1163 -0.291616 
1164 0.204413 
1165 0.204413 
1166 -0.291616 
1167 0.201798 
1168 0.427448 
1169 -0.329729 
1170 0.133489 
1171 0.427448 
1172 -0.197707 
1173 0.133489 
1174 -0.184483 
1175 -0.009403 
1176 -0.076818 
1177 -0.009403 
1178 -0.009403 
1179 -0.093760 
1180 -0.248509 
1181 -0.248509 
1182 -0.344148 
1183 -0.248509 
1184 -0.248509 
1185 -0.419407 
1186 -0.129312 
1187 -0.129312 
1188 -0.131830 
1189 0.073601 
1190 0.073601 
1191 -0.129312 
1192 0.073601 
1193 0.073601 
1194 -0.131830 
1195 0.371579 
1196 0.371579 
1197 -0.041619 
1198 -0.438529 
1199 -0.041619 
1200 -0.344148 
1201 -0.438529 
1202 -0.438529 
1203 -0.344148 
1204 -0.329729 
1205 0.204413 
1206 -0.438529 
1207 -0.329729 
1208 -0.432522 
1209 0.201798 
1210 -0.329729 
1211 -0.184483 
1212 -0.009403 
1213 -0.009403 
1214 -0.009403 
1215 -0.009403 
1216 -0.009403 
1217 0.400700 
1218 -0.340068 
1219 0.354370 
1220 0.400700 
1221 0.400700 
1222 0.354370 
1223 -0.129312 
1224 -0.419407 
1225 -0.344148 
1226 -0.229821 
1227 -0.229821 
1228 -0.131830 
1229 -0.229821 
1230 -0.229821 
1231 -0.131830 
1232 -0.185877 
1233 -0.438529 
1234 -0.438529 
1235 -0.438529 
1236 -0.438529 
1237 -0.344148 
1238 -0.185877 
1239 -0.438529 
1240 -0.204419 
1241 -0.329729 
1242 -0.438529 
1243 -0.344148 
1244 -0.432522 
1245 -0.432522 
1246 -0.329729 
1247 -0.329729 
1248 -0.329729 
1249 -0.399618 
1250 0.241730 
1251 -0.009403 
1252 -0.009403 
1253 -0.009403 
1254 -0.340068 
1255 0.400700 
1256 0.354370 
1257 -0.341888 
1258 -0.341888 
1259 -0.333487 
1260 -0.341888 
1261 -0.341888 
1262 0.354370 
1263 -0.281253 
1264 -0.281253 
1265 0.442018 
1266 -0.229821 
1267 -0.129312 
1268 0.442018 
1269 -0.229821 
1270 -0.438529 
1271 0.303501 
1272 -0.185877 
1273 -0.438529 
1274 0.303501 
1275 -0.185877 
1276 -0.204419 
1277 -0.344148 
1278 -0.438529 
1279 -0.204419 
1280 0.271434 
1281 -0.329729 
1282 -0.329729 
1283 -0.204419 
1284 -0.204419 
1285 -0.074007 
1286 -0.007205 
1287 0.241730 
1288 -0.009403 
1289 -0.009403 
1290 0.241730 
1291 0.112294 
1292 0.112294 
1293 -0.399618 
1294 -0.341888 
1295 -0.341888 
1296 0.354370 
1297 0.400700 
1298 0.400700 
1299 0.354370 
1300 0.244259 
1301 -0.341888 
1302 -0.281253 
1303 0.402593 
1304 0.402593 
1305 -0.281253 
1306 0.402593 
1307 0.402593 
1308 0.303501 
1309 0.402593 
1310 0.402593 
1311 -0.144956 
1312 0.327467 
1313 0.327467 
1314 -0.126756 
1315 -0.126756 
1316 -0.398935 
1317 -0.126756 
1318 -0.398935 
1319 -0.398935 
1320 -0.204419 
1321 -0.398935 
1322 -0.074007 
1323 -0.073374 
1324 -0.399618 
1325 -0.007205 
1326 0.261974 
1327 -0.073374 
1328 0.261974 
1329 -0.399618 
1330 -0.294262 
1331 0.112294 
1332 0.199160 
1333 -0.399618 
1334 -0.341888 
1335 0.244259 
1336 0.199160 
1337 -0.341888 
1338 -0.341888 
1339 0.244259 
1340 0.244259 
1341 0.244259 
1342 -0.145241 
1343 0.402593 
1344 -0.080057 
1345 0.284280 
1346 0.284280 
1347 -0.080057 
1348 0.113657 
1349 0.113657 
1350 -0.485395 
1351 -0.126756 
1352 0.138264 
1353 0.138264 
1354 0.271434 
1355 0.472680 
1356 -0.398935 
1357 0.302283 
1358 0.472680 
1359 0.472680 
1360 0.261974 
1361 -0.399618 
1362 0.261974 
1363 0.261974 
1364 0.261974 
1365 0.261974 
1366 0.261974 
1367 0.261974 
1368 0.261974 
1369 0.147995 
1370 0.376226 
1371 0.343179 
1372 0.138861 
1373 0.376226 
1374 -0.041619 
1375 -0.041619 
1376 0.343179 
1377 0.343179 
1378 0.343179 
1379 0.442381 
1380 0.442381 
1381 0.442381 
1382 -0.206232 
1383 0.442381 
1384 0.284280 
1385 0.442381 
1386 0.113657 
1387 -0.106109 
1388 -0.485395 
1389 0.138264 
1390 0.472680 
1391 -0.485395 
1392 0.117834 
1393 0.117834 
1394 0.138264 
1395 0.472680 
1396 0.472680 
1397 -0.399618 
1398 0.261974 
1399 -0.399618 
1400 0.261974 
1401 -0.399618 
1402 0.147995 
1403 0.147995 
1404 0.138861 
1405 0.147995 
1406 0.138861 
1407 0.138861 
1408 0.472680 
1409 -0.206232 
1410 0.472680 
1411 0.442381 
1412 0.284280 
1413 0.284280 
1414 -0.106109 
1415 -0.106109 
1416 -0.106109 
1417 -0.106109 
1418 0.138264 
1419 0.138264 
1420 0.117834 
1421 0.266744 
1422 -0.369174 
1423 0.354370 
1424 -0.369174 
1425 -0.213604 
1426 -0.084266 
1427 -0.419407 
1428 -0.084266 
1429 -0.419407 
1430 0.001526 
1431 0.265449 
1432 0.001526 
1433 0.265449 
1434 -0.263795 
1435 0.287049 
1436 -0.481402 
1437 0.287049 
1438 -0.481402 
1439 0.093989 
1440 -0.481402 
1441 0.093989 
1442 0.124662 
1443 0.124662 
1444 0.124662 
1445 0.472680 
1446 0.354370 
1447 0.266744 
1448 0.266744 
1449 -0.390966 
1450 0.283512 
1451 -0.369174 
1452 0.266744 
1453 0.491271 
1454 0.491271 
1455 -0.419407 
1456 0.277322 
1457 0.277322 
1458 0.041001 
1459 0.255656 
1460 -0.371950 
1461 0.001526 
1462 0.001526 
1463 0.001526 
1464 0.001526 
1465 -0.377804 
1466 -0.377804 
1467 0.001526 
1468 -0.075297 
1469 -0.263795 
1470 0.259795 
1471 -0.075297 
1472 -0.481402 
1473 0.018455 
1474 -0.481402 
1475 -0.481402 
1476 0.093989 
1477 -0.481402 
1478 -0.481402 
1479 0.124662 
1480 0.124662 
1481 0.124662 
1482 -0.374469 
1483 -0.167033 
1484 0.472680 
1485 -0.333487 
1486 -0.204815 
1487 -0.369174 
1488 0.282328 
1489 0.354370 
1490 -0.473030 
1491 -0.473030 
1492 -0.404836 
1493 0.277322 
1494 -0.369174 
1495 -0.003125 
1496 0.020181 
1497 0.020181 
1498 -0.324203 
1499 0.001526 
1500 -0.065345 
1501 -0.371950 
1502 0.001526 
1503 -0.377804 
1504 0.001526 
1505 0.066227 
1506 0.066227 
1507 0.259795 
1508 0.066227 
1509 0.066227 
1510 0.138264 
1511 -0.481402 
1512 -0.481402 
1513 -0.106109 
1514 -0.481402 
1515 -0.481402 
1516 0.124662 
1517 -0.481402 
1518 0.093989 
1519 -0.374469 
1520 -0.167033 
1521 -0.374469 
1522 -0.203454 
1523 0.320613 
1524 -0.333487 
1525 -0.374469 
1526 0.320613 
1527 -0.369174 
1528 -0.369174 
1529 -0.126756 
1530 -0.369174 
1531 -0.015142 
1532 0.117834 
1533 0.370354 
1534 0.020181 
1535 -0.328754 
1536 0.001526 
1537 0.001526 
1538 -0.328754 
1539 -0.291616 
1540 0.020181 
1541 0.001526 
1542 0.066227 
1543 0.001526 
1544 0.135338 
1545 -0.128750 
1546 -0.111289 
1547 -0.262402 
1548 0.066227 
1549 0.066227 
1550 -0.406865 
1551 -0.197707 
1552 -0.197707 
1553 0.070696 
1554 -0.481402 
1555 0.093989 
1556 -0.093760 
1557 -0.076818 
1558 -0.093760 
1559 -0.093760 
1560 -0.204815 
1561 0.144752 
1562 0.144752 
1563 0.105782 
1564 0.455403 
1565 0.153336 
1566 0.033990 
1567 0.165558 
1568 0.165558 
1569 -0.126756 
1570 0.165558 
1571 -0.054676 
1572 -0.190812 
1573 0.370354 
1574 0.370354 
1575 -0.419629 
1576 0.001526 
1577 0.001526 
1578 0.388070 
1579 0.001526 
1580 -0.291616 
1581 0.344071 
1582 0.066227 
1583 0.066227 
1584 0.344071 
1585 0.066227 
1586 0.490149 
1587 0.427448 
1588 -0.197707 
1589 -0.197707 
1590 0.353405 
1591 -0.197707 
1592 -0.263795 
1593 -0.076818 
1594 -0.076818 
1595 -0.093760 
1596 -0.093760 
1597 0.179178 
1598 -0.203454 
1599 -0.374469 
1600 -0.202858 
1601 -0.374469 
1602 -0.374469 
1603 -0.126756 
1604 -0.369174 
1605 0.165558 
1606 -0.126756 
1607 0.345564 
1608 0.142418 
1609 0.073601 
1610 0.165558 
1611 0.165558 
1612 0.371579 
1613 0.370354 
1614 -0.182752 
1615 0.371579 
1616 -0.291616 
1617 -0.291616 
1618 0.344071 
1619 -0.291616 
1620 -0.184483 
1621 -0.329729 
1622 0.201798 
1623 0.133489 
1624 0.344071 
1625 -0.184483 
1626 -0.197707 
1627 -0.263795 
1628 -0.184483 
1629 0.353405 
1630 -0.076818 
1631 -0.009403 
1632 -0.076818 
1633 -0.093760 
1634 -0.009403 
1635 -0.225154 
1636 -0.448082 
1637 0.179178 
1638 0.240903 
1639 -0.448082 
1640 -0.223527 
1641 -0.448082 
1642 -0.415586 
1643 -0.023430 
1644 -0.131830 
1645 0.165558 
1646 0.450415 
1647 0.165558 
1648 0.165558 
1649 0.325536 
1650 -0.324203 
1651 -0.332158 
1652 0.194536 
1653 -0.344148 
1654 -0.041619 
1655 -0.027133 
1656 -0.344148 
1657 -0.344148 
1658 -0.329729 
1659 -0.329729 
1660 -0.184483 
1661 -0.432522 
1662 0.201798 
1663 0.201798 
1664 -0.342486 
1665 -0.184483 
1666 0.241730 
1667 0.297541 
1668 -0.009403 
1669 -0.009403 
1670 -0.009403 
1671 -0.009403 
1672 0.354370 
1673 -0.448082 
1674 0.297541 
1675 0.445741 
1676 -0.344148 
1677 -0.340068 
1678 -0.419407 
1679 -0.419407 
1680 -0.148642 
1681 -0.054923 
1682 0.006727 
1683 0.490755 
1684 -0.091211 
1685 -0.131830 
1686 0.086434 
1687 -0.091211 
1688 -0.300324 
1689 -0.332158 
1690 -0.344148 
1691 -0.344148 
1692 -0.185877 
1693 -0.344148 
1694 -0.344148 
1695 -0.204419 
1696 -0.344148 
1697 -0.344148 
1698 -0.329729 
1699 -0.204419 
1700 0.188103 
1701 -0.342486 
1702 -0.329729 
1703 0.241730 
1704 0.241730 
1705 0.297541 
1706 -0.399618 
1707 -0.009403 
1708 -0.009403 
1709 0.325536 
1710 0.489508 
1711 0.297541 
1712 -0.321383 
1713 0.354370 
1714 0.400700 
1715 0.354370 
1716 0.354370 
1717 0.470207 
1718 -0.419407 
1719 -0.281253 
1720 -0.301362 
1721 0.490755 
1722 0.442018 
1723 -0.054923 
1724 0.254972 
1725 0.254972 
1726 0.490755 
1727 0.254972 
1728 -0.144956 
1729 0.284280 
1730 -0.215478 
1731 -0.483477 
1732 0.327467 
1733 -0.323079 
1734 -0.204419 
1735 0.093112 
1736 -0.074007 
1737 0.188103 
1738 -0.204419 
1739 -0.074007 
1740 0.050884 
1741 0.241730 
1742 0.347045 
1743 0.241730 
1744 0.241730 
1745 -0.399618 
1746 0.489508 
1747 0.489508 
1748 -0.007205 
1749 0.354370 
1750 0.354370 
1751 0.112294 
1752 0.173600 
1753 -0.381434 
1754 -0.341888 
1755 -0.145241 
1756 -0.145241 
1757 0.233203 
1758 0.442018 
1759 0.132432 
1760 0.490755 
1761 -0.144956 
1762 -0.144956 
1763 0.305392 
1764 0.303501 
1765 -0.011736 
1766 -0.144956 
1767 -0.144956 
1768 -0.144956 
1769 0.012971 
1770 0.271434 
1771 0.271434 
1772 -0.185791 
1773 0.271434 
1774 0.188103 
1775 0.302283 
1776 -0.074007 
1777 0.050884 
1778 -0.073374 
1779 0.347045 
1780 0.241730 
1781 -0.073374 
1782 -0.073374 
1783 -0.399618 
1784 -0.399618 
1785 0.147995 
1786 0.376226 
1787 -0.397429 
1788 0.147995 
1789 0.489508 
1790 0.489508 
1791 0.199160 
1792 -0.281253 
1793 -0.281253 
1794 0.244259 
1795 -0.281253 
1796 -0.080057 
1797 0.023790 
1798 -0.080057 
1799 0.442018 
1800 0.044838 
1801 -0.144956 
1802 -0.144956 
1803 0.105989 
1804 -0.144956 
1805 -0.485395 
1806 0.140249 
1807 -0.126756 
1808 -0.126756 
1809 0.371800 
1810 0.271434 
1811 -0.277983 
1812 0.449179 
1813 0.302283 
1814 0.117834 
1815 -0.399618 
1816 0.147995 
1817 -0.073374 
1818 -0.399618 
1819 0.261974 
1820 0.261974 
1821 0.261974 
1822 0.261974 
1823 0.376226 
1824 0.147995 
1825 0.261974 
1826 0.015551 
1827 0.176456 
1828 -0.041619 
1829 -0.329001 
1830 -0.206232 
1831 0.343179 
1832 -0.206232 
1833 -0.206232 
1834 0.472680 
1835 -0.206232 
1836 0.442381 
1837 0.442381 
1838 0.138264 
1839 -0.206232 
1840 0.442381 
1841 -0.485395 
1842 -0.485395 
1843 0.067237 
1844 0.138264 
1845 0.138264 
1846 0.138264 
1847 -0.479549 
1848 -0.479549 
1849 0.138264 
1850 0.271434 
1851 0.117834 
1852 0.147995 
1853 -0.399618 
1854 0.147995 
1855 -0.399618 
1856 0.147995 
1857 0.147995 
1858 0.147995 
1859 0.147995 
1860 0.138861 
1861 -0.329001 
1862 0.138861 
1863 -0.206232 
1864 0.472680 
1865 -0.206232 
1866 0.442381 
1867 0.138264 
1868 0.284280 
1869 -0.485395 
1870 -0.106109 
1871 0.138264 
1872 -0.106109 
1873 0.138264 
1874 0.138264 
1875 -0.479549 
1876 0.266744 
1877 0.354370 
1878 -0.369174 
1879 -0.213604 
1880 -0.369174 
1881 -0.419407 
1882 -0.473030 
1883 -0.419407 
1884 -0.084266 
1885 0.265449 
1886 0.422292 
1887 -0.294262 
1888 -0.293377 
1889 -0.294262 
1890 -0.293377 
1891 0.287049 
1892 -0.481402 
1893 0.093989 
1894 -0.481402 
1895 0.093989 
1896 -0.481402 
1897 0.124662 
1898 -0.481402 
1899 0.124662 
1900 0.016933 
1901 0.472680 
1902 0.266744 
1903 0.266744 
1904 0.491271 
1905 0.266744 
1906 0.354370 
1907 0.491271 
1908 0.497240 
1909 -0.213604 
1910 -0.473030 
1911 0.140809 
1912 -0.419407 
1913 -0.084266 
1914 0.265449 
1915 0.265449 
1916 0.341675 
1917 0.001526 
1918 0.265449 
1919 0.255656 
1920 0.259795 
1921 0.259795 
1922 -0.377804 
1923 0.259795 
1924 0.287049 
1925 -0.318758 
1926 0.491271 
1927 0.491271 
1928 -0.075297 
1929 0.124662 
1930 0.093989 
1931 -0.481402 
1932 0.124662 
1933 0.124662 
1934 0.124662 
1935 0.124662 
1936 -0.481402 
1937 -0.204815 
1938 0.472680 
1939 -0.204815 
1940 -0.204815 
1941 0.136065 
1942 -0.390966 
1943 -0.390966 
1944 -0.473030 
1945 0.140809 
1946 0.354370 
1947 -0.414851 
1948 -0.430240 
1949 -0.252689 
1950 -0.430240 
1951 0.041001 
1952 0.288011 
1953 -0.430240 
1954 0.001526 
1955 -0.303887 
1956 0.255656 
1957 0.001526 
1958 0.001526 
1959 0.001526 
1960 -0.144579 
1961 0.001526 
1962 -0.256912 
1963 0.177754 
1964 0.177754 
1965 -0.075297 
1966 0.093989 
1967 0.177754 
1968 -0.481402 
1969 0.124662 
1970 0.124662 
1971 -0.481402 
1972 0.124662 
1973 -0.481402 
1974 -0.204815 
1975 -0.374469 
1976 0.320613 
1977 -0.390966 
1978 -0.204815 
1979 -0.126756 
1980 0.016933 
1981 0.191152 
1982 -0.126756 
1983 0.033990 
1984 -0.051547 
1985 -0.338768 
1986 0.081274 
1987 0.438473 
1988 -0.328754 
1989 -0.116311 
1990 0.303049 
1991 -0.328754 
1992 -0.328754 
1993 0.020181 
1994 -0.159736 
1995 0.001526 
1996 0.001526 
1997 0.486692 
1998 0.486692 
1999 0.135338 
2000 0.353405 
2001 0.353405 
2002 0.066227 
2003 0.070696 
2004 0.353405 
2005 0.066227 
2006 0.177754 
2007 -0.406865 
2008 -0.197707 
2009 0.177754 
2010 -0.481402 
2011 -0.119402 
2012 -0.374469 
2013 -0.119402 
2014 -0.204815 
2015 -0.093760 
2016 -0.126756 
2017 -0.126756 
2018 -0.374469 
2019 -0.225967 
2020 -0.126756 
2021 0.497155 
2022 0.033990 
2023 0.033990 
2024 -0.316708 
2025 0.033990 
2026 0.033990 
2027 -0.184483 
2028 0.367487 
2029 -0.328754 
2030 0.493279 
2031 -0.328754 
2032 -0.461009 
2033 -0.476377 
2034 0.486692 
2035 0.486692 
2036 -0.231533 
2037 0.353405 
2038 0.153336 
2039 -0.159736 
2040 0.486692 
2041 0.486692 
2042 0.353405 
2043 -0.263795 
2044 -0.406865 
2045 -0.197707 
2046 -0.263795 
2047 -0.481402 
2048 -0.076818 
2049 -0.076818 
2050 -0.119402 
2051 -0.076818 
2052 -0.093760 
2053 -0.481362 
2054 0.179178 
2055 -0.374469 
2056 -0.126756 
2057 0.461345 
2058 -0.328555 
2059 0.033990 
2060 0.033990 
2061 0.171231 
2062 0.371579 
2063 0.033990 
2064 0.165558 
2065 0.073601 
2066 -0.328754 
2067 -0.271091 
2068 0.323742 
2069 0.371579 
2070 -0.219662 
2071 0.344071 
2072 0.344071 
2073 0.214886 
2074 0.344071 
2075 -0.111245 
2076 -0.193616 
2077 0.353405 
2078 0.353405 
2079 -0.184483 
2080 0.353405 
2081 0.353405 
2082 0.129055 
2083 0.353405 
2084 -0.184483 
2085 0.297541 
2086 -0.076818 
2087 -0.147684 
2088 0.297541 
2089 -0.093760 
2090 -0.359320 
2091 -0.448082 
2092 -0.076818 
2093 0.460413 
2094 0.460413 
2095 -0.199795 
2096 0.460413 
2097 -0.054923 
2098 -0.106429 
2099 -0.054923 
2100 -0.054923 
2101 0.391272 
2102 0.371579 
2103 0.371579 
2104 -0.202482 
2105 0.253523 
2106 -0.332158 
2107 0.183593 
2108 0.423622 
2109 0.323742 
2110 -0.303887 
2111 0.344071 
2112 0.344071 
2113 0.241730 
2114 -0.342486 
2115 0.344071 
2116 -0.359320 
2117 0.241730 
2118 -0.342486 
2119 0.129055 
2120 0.241730 
2121 -0.184483 
2122 0.297541 
2123 0.297541 
2124 -0.147684 
2125 0.297541 
2126 -0.481362 
2127 0.179178 
2128 0.297541 
2129 -0.298544 
2130 0.470207 
2131 0.470207 
2132 -0.212813 
2133 -0.183413 
2134 -0.054923 
2135 -0.124790 
2136 -0.054923 
2137 -0.054923 
2138 -0.073374 
2139 0.447277 
2140 -0.014924 
2141 0.259795 
2142 -0.332158 
2143 -0.332158 
2144 0.006727 
2145 -0.054509 
2146 0.100501 
2147 0.042175 
2148 0.063047 
2149 -0.344148 
2150 -0.065682 
2151 0.063047 
2152 0.063047 
2153 -0.344148 
2154 -0.432522 
2155 -0.342486 
2156 -0.329729 
2157 0.241730 
2158 -0.094409 
2159 0.297541 
2160 0.495356 
2161 -0.009403 
2162 0.297541 
2163 0.297541 
2164 0.297541 
2165 -0.231692 
2166 0.253944 
2167 0.470207 
2168 0.354370 
2169 -0.136423 
2170 0.470207 
2171 -0.362808 
2172 -0.265821 
2173 -0.049586 
2174 0.215308 
2175 0.062879 
2176 0.490755 
2177 0.470430 
2178 -0.204815 
2179 -0.144956 
2180 -0.144956 
2181 -0.353285 
2182 -0.144956 
2183 -0.345632 
2184 -0.341888 
2185 0.048426 
2186 0.048426 
2187 -0.385636 
2188 0.449179 
2189 -0.204419 
2190 0.271434 
2191 0.188103 
2192 0.050884 
2193 0.188103 
2194 0.050884 
2195 0.188103 
2196 0.347045 
2197 0.495356 
2198 -0.007205 
2199 0.297541 
2200 0.241730 
2201 0.233203 
2202 -0.384159 
2203 0.489508 
2204 0.120564 
2205 0.199160 
2206 0.489508 
2207 0.191152 
2208 0.244259 
2209 -0.147684 
2210 0.244259 
2211 0.244259 
2212 -0.033350 
2213 0.132432 
2214 0.132432 
2215 -0.110608 
2216 -0.208808 
2217 0.132432 
2218 0.473047 
2219 0.048426 
2220 0.048426 
2221 -0.144956 
2222 0.048426 
2223 0.138264 
2224 -0.432522 
2225 0.138264 
2226 0.449179 
2227 -0.126756 
2228 0.050884 
2229 0.489297 
2230 0.302283 
2231 0.050884 
2232 0.188103 
2233 0.347045 
2234 -0.399618 
2235 0.347045 
2236 0.261974 
2237 -0.073374 
2238 0.147995 
2239 0.147995 
2240 -0.097979 
2241 0.147995 
2242 0.248058 
2243 0.015551 
2244 0.244259 
2245 0.244259 
2246 0.120564 
2247 0.199160 
2248 0.199160 
2249 0.244259 
2250 0.197101 
2251 0.244259 
2252 0.138264 
2253 -0.203296 
2254 -0.329729 
2255 0.401224 
2256 -0.269594 
2257 -0.144956 
2258 -0.144956 
2259 -0.106429 
2260 0.138264 
2261 -0.126756 
2262 0.138264 
2263 0.138264 
2264 0.271434 
2265 0.117834 
2266 -0.277983 
2267 0.237517 
2268 0.117834 
2269 -0.277983 
2270 0.147995 
2271 -0.399618 
2272 0.261974 
2273 0.147995 
2274 0.054412 
2275 -0.073374 
2276 -0.073374 
2277 0.261974 
2278 0.147995 
2279 0.261974 
2280 0.376226 
2281 0.343179 
2282 0.176456 
2283 -0.185719 
2284 0.199160 
2285 0.343179 
2286 0.343179 
2287 -0.269594 
2288 -0.269594 
2289 -0.185719 
2290 -0.269594 
2291 -0.399618 
2292 -0.499397 
2293 -0.399618 
2294 0.067237 
2295 -0.499397 
2296 0.067237 
2297 -0.272391 
2298 -0.485395 
2299 0.138264 
2300 0.138264 
2301 0.237517 
2302 0.138264 
2303 -0.479549 
2304 0.237517 
2305 0.117834 
2306 -0.479549 
2307 0.147995 
2308 0.147995 
2309 -0.399618 
2310 0.147995 
2311 -0.399618 
2312 0.147995 
2313 0.147995 
2314 -0.041619 
2315 0.147995 
2316 0.343179 
2317 -0.329001 
2318 0.472680 
2319 -0.206232 
2320 0.472680 
2321 -0.206232 
2322 -0.329729 
2323 0.138264 
2324 0.138264 
2325 0.138264 
2326 0.138264 
2327 0.138264 
2328 0.138264 
2329 0.138264 
2330 -0.479549 
2331 -0.076229 
2332 0.088947 
2333 0.354370 
2334 -0.213604 
2335 -0.213604 
2336 -0.476377 
2337 -0.419407 
2338 -0.476377 
2339 -0.419407 
2340 0.422292 
2341 0.422292 
2342 0.255656 
2343 -0.294262 
2344 -0.293377 
2345 -0.025599 
2346 -0.075297 
2347 -0.025599 
2348 -0.481402 
2349 0.093989 
2350 -0.481402 
2351 0.093989 
2352 -0.481402 
2353 0.124662 
2354 0.124662 
2355 0.472680 
2356 -0.390966 
2357 0.266744 
2358 -0.023430 
2359 -0.076229 
2360 -0.213604 
2361 -0.213604 
2362 0.266744 
2363 -0.213604 
2364 -0.430240 
2365 -0.213604 
2366 -0.213604 
2367 -0.213604 
2368 0.038591 
2369 0.255656 
2370 0.422292 
2371 0.265449 
2372 0.255656 
2373 0.255656 
2374 0.265449 
2375 -0.293377 
2376 -0.293377 
2377 -0.294262 
2378 -0.075297 
2379 -0.075297 
2380 -0.144579 
2381 -0.481402 
2382 -0.075297 
2383 0.287049 
2384 -0.481402 
2385 -0.481402 
2386 0.124662 
2387 0.124662 
2388 -0.481402 
2389 0.124662 
2390 -0.481402 
2391 0.124662 
2392 0.472680 
2393 -0.358088 
2394 0.472680 
2395 -0.023430 
2396 0.016933 
2397 -0.023430 
2398 -0.023430 
2399 -0.089557 
2400 0.158305 
2401 -0.213604 
2402 0.497240 
2403 -0.066141 
2404 0.238223 
2405 -0.391901 
2406 0.020181 
2407 0.020181 
2408 -0.116311 
2409 0.341675 
2410 0.001526 
2411 0.491272 
2412 0.001526 
2413 0.001526 
2414 0.380157 
2415 -0.294262 
2416 -0.256912 
2417 0.494023 
2418 -0.318758 
2419 0.489393 
2420 -0.294262 
2421 -0.481402 
2422 -0.481402 
2423 0.491271 
2424 -0.481402 
2425 -0.481402 
2426 0.124662 
2427 -0.481402 
2428 -0.481402 
2429 -0.461826 
2430 -0.358088 
2431 0.136065 
2432 0.136065 
2433 -0.204815 
2434 -0.461826 
2435 0.136065 
2436 -0.390966 
2437 -0.066141 
2438 -0.066141 
2439 -0.262402 
2440 -0.066141 
2441 -0.066141 
2442 -0.231692 
2443 -0.306320 
2444 0.248058 
2445 0.458775 
2446 0.001526 
2447 0.001526 
2448 0.296402 
2449 0.020181 
2450 0.020181 
2451 0.263399 
2452 -0.013079 
2453 0.254972 
2454 0.371800 
2455 -0.256912 
2456 0.489393 
2457 -0.291616 
2458 0.489393 
2459 0.489393 
2460 -0.360416 
2461 -0.481402 
2462 -0.481402 
2463 0.070696 
2464 -0.481402 
2465 -0.481402 
2466 -0.374469 
2467 -0.119402 
2468 -0.461826 
2469 -0.374469 
2470 -0.204815 
2471 -0.298544 
2472 -0.374469 
2473 -0.212790 
2474 -0.374469 
2475 -0.374469 
2476 0.086434 
2477 0.165558 
2478 0.165558 
2479 0.465252 
2480 0.165558 
2481 -0.117872 
2482 -0.476377 
2483 0.288011 
2484 0.288011 
2485 0.062879 
2486 0.001526 
2487 -0.329001 
2488 -0.277983 
2489 0.001526 
2490 0.001526 
2491 0.348790 
2492 0.100501 
2493 0.175746 
2494 0.486692 
2495 0.100501 
2496 -0.225154 
2497 0.353405 
2498 0.133807 
2499 0.133807 
2500 0.353405 
2501 -0.481402 
2502 0.176456 
2503 -0.076818 
2504 -0.119402 
2505 -0.185115 
2506 -0.185115 
2507 -0.359320 
2508 0.473349 
2509 -0.374469 
2510 0.057508 
2511 0.383843 
2512 0.147995 
2513 -0.388476 
2514 0.198453 
2515 0.307621 
2516 0.018298 
2517 -0.316708 
2518 0.016283 
2519 0.331547 
2520 0.165558 
2521 0.253523 
2522 -0.160631 
2523 0.253523 
2524 0.253523 
2525 -0.103916 
2526 0.288011 
2527 -0.148642 
2528 0.455403 
2529 0.100501 
2530 0.100501 
2531 -0.474942 
2532 0.100501 
2533 0.100501 
2534 0.353405 
2535 0.100501 
2536 0.129055 
2537 -0.263795 
2538 0.100501 
2539 0.353405 
2540 -0.076818 
2541 0.312654 
2542 -0.076818 
2543 -0.298544 
2544 -0.359320 
2545 -0.390966 
2546 -0.390966 
2547 -0.185115 
2548 -0.066141 
2549 0.057508 
2550 -0.224565 
2551 0.345564 
2552 0.322153 
2553 -0.231533 
2554 -0.088216 
2555 -0.088216 
2556 0.277474 
2557 0.253523 
2558 0.253523 
2559 0.235938 
2560 0.253523 
2561 0.253523 
2562 -0.262894 
2563 0.489508 
2564 0.253523 
2565 -0.377804 
2566 0.460413 
2567 0.207829 
2568 -0.393090 
2569 0.100501 
2570 0.419740 
2571 0.312396 
2572 0.129055 
2573 0.129055 
2574 0.465252 
2575 0.129055 
2576 -0.094409 
2577 0.297541 
2578 0.312654 
2579 0.297541 
2580 0.253944 
2581 -0.147684 
2582 -0.390966 
2583 0.299413 
2584 -0.147684 
2585 0.142418 
2586 0.222137 
2587 0.215308 
2588 -0.202482 
2589 0.183593 
2590 -0.148642 
2591 0.357319 
2592 0.357319 
2593 0.323020 
2594 -0.088216 
2595 -0.088216 
2596 -0.391901 
2597 0.253523 
2598 -0.389825 
2599 0.100501 
2600 -0.054509 
2601 0.253523 
2602 -0.325374 
2603 -0.054509 
2604 -0.054509 
2605 -0.186041 
2606 0.207829 
2607 0.063047 
2608 0.204413 
2609 -0.094409 
2610 0.129055 
2611 0.465252 
2612 -0.094409 
2613 -0.094409 
2614 0.495356 
2615 0.297541 
2616 -0.481362 
2617 -0.481362 
2618 -0.231692 
2619 0.489508 
2620 -0.481362 
2621 0.447277 
2622 -0.390966 
2623 -0.390966 
2624 0.320613 
2625 -0.180408 
2626 0.204554 
2627 -0.189817 
2628 -0.088216 
2629 -0.088216 
2630 0.214584 
2631 -0.088216 
2632 -0.088216 
2633 -0.459363 
2634 -0.144956 
2635 -0.144956 
2636 0.469205 
2637 -0.144956 
2638 -0.144956 
2639 -0.481961 
2640 -0.009190 
2641 0.366305 
2642 -0.306320 
2643 0.342293 
2644 0.204413 
2645 0.489297 
2646 0.188103 
2647 0.188103 
2648 0.489297 
2649 0.188103 
2650 0.050884 
2651 0.495356 
2652 0.347045 
2653 0.495356 
2654 -0.204252 
2655 -0.384159 
2656 0.489508 
2657 0.489508 
2658 -0.384838 
2659 0.120564 
2660 -0.391901 
2661 -0.035477 
2662 0.418771 
2663 0.493472 
2664 -0.288461 
2665 -0.165152 
2666 -0.165152 
2667 0.054412 
2668 -0.441541 
2669 -0.441541 
2670 -0.068746 
2671 -0.144956 
2672 -0.441541 
2673 0.308449 
2674 0.406781 
2675 -0.056030 
2676 -0.020319 
2677 -0.144956 
2678 -0.144956 
2679 0.055366 
2680 0.492563 
2681 0.449179 
2682 0.214461 
2683 0.237517 
2684 0.237517 
2685 -0.182587 
2686 0.188103 
2687 0.050884 
2688 0.495356 
2689 0.347045 
2690 -0.204252 
2691 -0.204252 
2692 0.495356 
2693 -0.384838 
2694 -0.185115 
2695 0.147995 
2696 -0.295629 
2697 0.264234 
2698 0.147995 
2699 0.489508 
2700 0.489508 
2701 0.390882 
2702 0.264234 
2703 -0.003926 
2704 -0.340068 
2705 -0.441541 
2706 0.138264 
2707 -0.269594 
2708 -0.499397 
2709 0.138264 
2710 -0.441541 
2711 -0.441541 
2712 -0.441541 
2713 0.179178 
2714 -0.144956 
2715 0.271434 
2716 -0.333277 
2717 0.138264 
2718 0.237517 
2719 0.138264 
2720 0.237517 
2721 -0.277983 
2722 0.237517 
2723 0.492563 
2724 0.117834 
2725 -0.212790 
2726 -0.212790 
2727 -0.212790 
2728 -0.212790 
2729 0.147995 
2730 -0.204252 
2731 0.054412 
2732 0.147995 
2733 -0.204252 
2734 -0.204252 
2735 0.342564 
2736 0.264234 
2737 -0.185719 
2738 0.343179 
2739 -0.185719 
2740 0.264234 
2741 0.343179 
2742 -0.269594 
2743 -0.269594 
2744 -0.269594 
2745 0.138264 
2746 0.138264 
2747 -0.329729 
2748 0.138264 
2749 -0.352311 
2750 0.136448 
2751 0.237517 
2752 -0.272391 
2753 0.138264 
2754 -0.447917 
2755 0.237517 
2756 0.138264 
2757 0.237517 
2758 -0.479549 
2759 0.237517 
2760 -0.479549 
2761 0.117834 
2762 0.147995 
2763 -0.212790 
2764 -0.212790 
2765 0.307621 
2766 0.054412 
2767 0.131396 
2768 0.177754 
2769 0.264234 
2770 0.147995 
2771 0.130683 
2772 0.460867 
2773 0.130683 
2774 0.460867 
2775 0.138264 
2776 -0.117872 
2777 0.138264 
2778 -0.473426 
2779 -0.272391 
2780 -0.473426 
2781 -0.447917 
2782 0.138264 
2783 -0.479549 
2784 0.138264 
2785 -0.479549 
2786 -0.023430 
2787 -0.076229 
2788 -0.213604 
2789 -0.076229 
2790 -0.213604 
2791 -0.213604 
2792 -0.213604 
2793 0.422292 
2794 -0.476377 
2795 0.422292 
2796 0.422292 
2797 -0.294262 
2798 -0.293377 
2799 -0.025599 
2800 -0.293377 
2801 -0.025599 
2802 -0.481402 
2803 -0.481402 
2804 -0.481402 
2805 -0.481402 
2806 -0.481402 
2807 0.124662 
2808 -0.481402 
2809 0.124662 
2810 -0.390966 
2811 0.472680 
2812 -0.076229 
2813 -0.076229 
2814 -0.007430 
2815 0.461345 
2816 0.497240 
2817 0.088947 
2818 0.197101 
2819 0.197101 
2820 -0.213604 
2821 0.422292 
2822 0.197101 
2823 -0.476377 
2824 0.422292 
2825 0.061174 
2826 0.341675 
2827 0.279974 
2828 0.279974 
2829 0.341675 
2830 0.061174 
2831 -0.294262 
2832 -0.293377 
2833 -0.294262 
2834 -0.025599 
2835 -0.318758 
2836 0.062879 
2837 0.062879 
2838 0.136959 
2839 0.124662 
2840 -0.481402 
2841 0.136959 
2842 0.124662 
2843 0.124662 
2844 0.124662 
2845 0.124662 
2846 -0.481402 
2847 -0.358088 
2848 0.472680 
2849 -0.390966 
2850 -0.204815 
2851 -0.023430 
2852 0.018455 
2853 -0.390966 
2854 0.016283 
2855 0.088947 
2856 0.088947 
2857 -0.066141 
2858 0.038591 
2859 -0.213604 
2860 -0.125989 
2861 -0.125989 
2862 -0.329021 
2863 0.489393 
2864 -0.075035 
2865 -0.075035 
2866 0.297541 
2867 0.491272 
2868 -0.260063 
2869 0.269852 
2870 -0.294262 
2871 0.188103 
2872 0.297541 
2873 -0.294262 
2874 -0.294262 
2875 -0.035957 
2876 0.070696 
2877 -0.294262 
2878 -0.481402 
2879 -0.481402 
2880 0.124662 
2881 0.136959 
2882 -0.481402 
2883 -0.481402 
2884 -0.358088 
2885 -0.461826 
2886 -0.358088 
2887 0.018455 
2888 -0.204815 
2889 -0.461826 
2890 -0.461826 
2891 -0.257885 
2892 -0.390966 
2893 0.122869 
2894 -0.328555 
2895 0.248058 
2896 0.470503 
2897 -0.198948 
2898 0.248058 
2899 0.248058 
2900 -0.003926 
2901 -0.075035 
2902 -0.097997 
2903 0.491271 
2904 0.491272 
2905 0.491272 
2906 0.035604 
2907 -0.075035 
2908 -0.075035 
2909 0.458775 
2910 0.353405 
2911 -0.294262 
2912 -0.128750 
2913 0.353405 
2914 0.353405 
2915 0.133807 
2916 0.133807 
2917 0.133807 
2918 0.136959 
2919 -0.481402 
2920 -0.481402 
2921 -0.119402 
2922 -0.461826 
2923 -0.204815 
2924 -0.204815 
2925 0.055399 
2926 -0.329729 
2927 -0.390966 
2928 -0.461826 
2929 0.390987 
2930 0.057508 
2931 0.282328 
2932 -0.374980 
2933 -0.374980 
2934 0.465926 
2935 -0.185791 
2936 0.125776 
2937 -0.185719 
2938 0.248058 
2939 -0.056162 
2940 -0.056162 
2941 -0.075035 
2942 -0.075035 
2943 0.086434 
2944 -0.414851 
2945 -0.075035 
2946 0.140809 
2947 -0.360416 
2948 -0.360416 
2949 -0.385636 
2950 -0.360416 
2951 0.486692 
2952 0.100501 
2953 0.176456 
2954 0.353405 
2955 -0.487387 
2956 0.176456 
2957 -0.035957 
2958 -0.119402 
2959 -0.076818 
2960 -0.119402 
2961 -0.185115 
2962 0.217113 
2963 -0.054923 
2964 -0.054923 
2965 -0.461826 
2966 0.410628 
2967 0.057508 
2968 0.465993 
2969 0.093074 
2970 -0.447574 
2971 0.020625 
2972 -0.461826 
2973 0.241494 
2974 -0.333277 
2975 0.135355 
2976 0.138851 
2977 -0.202858 
2978 0.308449 
2979 0.155893 
2980 0.288011 
2981 0.489508 
2982 0.489508 
2983 0.312654 
2984 0.054231 
2985 0.054231 
2986 0.460413 
2987 0.424107 
2988 0.100501 
2989 0.024172 
2990 -0.487387 
2991 0.353405 
2992 0.129055 
2993 0.353405 
2994 -0.035957 
2995 0.312654 
2996 -0.076818 
2997 -0.119402 
2998 -0.147684 
2999 0.217113 
3000 -0.054923 
3001 0.493279 
3002 -0.076818 
3003 -0.054923 
3004 0.071830 
3005 -0.464361 
3006 0.323621 
3007 -0.054923 
3008 -0.159736 
3009 0.277175 
3010 -0.056162 
3011 0.341675 
3012 -0.103916 
3013 -0.056162 
3014 -0.170810 
3015 0.155893 
3016 0.155893 
3017 0.126934 
3018 0.489508 
3019 0.155893 
3020 -0.231692 
3021 0.489508 
3022 0.489508 
3023 -0.100896 
3024 0.465252 
3025 -0.429966 
3026 -0.106109 
3027 -0.094409 
3028 0.465252 
3029 -0.487387 
3030 -0.094409 
3031 0.129055 
3032 0.312654 
3033 0.297541 
3034 0.312654 
3035 -0.147684 
3036 -0.481362 
3037 -0.097997 
3038 -0.097997 
3039 0.205853 
3040 -0.054923 
3041 -0.054923 
3042 -0.390966 
3043 -0.054923 
3044 -0.054923 
3045 -0.043237 
3046 -0.054923 
3047 -0.054923 
3048 -0.088216 
3049 0.055506 
3050 0.177580 
3051 -0.148890 
3052 0.155893 
3053 0.155893 
3054 -0.324203 
3055 0.489508 
3056 0.155893 
3057 -0.139358 
3058 0.120564 
3059 0.130683 
3060 -0.167960 
3061 0.054231 
3062 0.054231 
3063 -0.010002 
3064 -0.429966 
3065 0.465252 
3066 0.129055 
3067 -0.094409 
3068 -0.094409 
3069 0.495356 
3070 0.470503 
3071 -0.097997 
3072 -0.097997 
3073 -0.481362 
3074 -0.068557 
3075 -0.206232 
3076 0.120564 
3077 0.296402 
3078 0.296402 
3079 -0.185877 
3080 0.296402 
3081 0.296402 
3082 -0.255422 
3083 0.018684 
3084 0.192552 
3085 -0.248999 
3086 0.055506 
3087 -0.473030 
3088 0.388070 
3089 0.100501 
3090 0.402661 
3091 0.231491 
3092 0.402661 
3093 0.362470 
3094 -0.397429 
3095 0.204413 
3096 0.204413 
3097 0.126332 
3098 0.279974 
3099 0.204413 
3100 -0.010002 
3101 0.188103 
3102 0.489297 
3103 0.188103 
3104 0.050884 
3105 0.188103 
3106 0.495356 
3107 -0.212790 
3108 -0.077496 
3109 0.495356 
3110 -0.212790 
3111 0.495356 
3112 0.283512 
3113 0.120564 
3114 0.120564 
3115 0.287049 
3116 0.103424 
3117 -0.201542 
3118 0.296402 
3119 0.027201 
3120 -0.153862 
3121 -0.054923 
3122 -0.009403 
3123 -0.473426 
3124 -0.340068 
3125 0.237517 
3126 -0.473426 
3127 -0.473426 
3128 0.171231 
3129 0.402661 
3130 0.402661 
3131 -0.325374 
3132 0.402661 
3133 0.402661 
3134 0.101223 
3135 -0.182587 
3136 0.050884 
3137 0.342293 
3138 -0.182587 
3139 0.050884 
3140 0.188103 
3141 0.050884 
3142 0.188103 
3143 0.495356 
3144 -0.212790 
3145 -0.212790 
3146 -0.413360 
3147 0.495356 
3148 0.495356 
3149 0.307621 
3150 -0.204252 
3151 0.342564 
3152 0.177754 
3153 0.264234 
3154 -0.464361 
3155 0.177754 
3156 0.264234 
3157 0.122720 
3158 0.054336 
3159 -0.265380 
3160 -0.340068 
3161 -0.340068 
3162 0.138264 
3163 0.136448 
3164 -0.473426 
3165 -0.441541 
3166 -0.231533 
3167 0.400700 
3168 0.487634 
3169 -0.020319 
3170 0.487634 
3171 -0.368904 
3172 -0.447917 
3173 0.050884 
3174 0.467191 
3175 0.050884 
3176 -0.182587 
3177 0.492563 
3178 0.050884 
3179 -0.010002 
3180 -0.212790 
3181 -0.212790 
3182 0.307621 
3183 -0.212790 
3184 -0.212790 
3185 -0.413360 
3186 0.054412 
3187 0.307621 
3188 0.342564 
3189 0.177754 
3190 0.131396 
3191 -0.464361 
3192 0.147995 
3193 0.264234 
3194 -0.185719 
3195 0.460867 
3196 0.130683 
3197 -0.269594 
3198 -0.269594 
3199 -0.185719 
3200 -0.269594 
3201 -0.117872 
3202 -0.499397 
3203 -0.231533 
3204 -0.473426 
3205 -0.352311 
3206 0.400700 
3207 -0.352311 
3208 -0.352311 
3209 -0.447917 
3210 0.138264 
3211 0.237517 
3212 0.050884 
3213 -0.447917 
3214 0.237517 
3215 0.050884 
3216 -0.010002 
3217 0.147995 
3218 -0.212790 
3219 -0.212790 
3220 0.054412 
3221 0.307621 
3222 0.177754 
3223 0.140249 
3224 0.147995 
3225 0.140249 
3226 0.460867 
3227 0.130683 
3228 0.460867 
3229 0.138264 
3230 -0.117872 
3231 0.138264 
3232 -0.473426 
3233 0.138264 
3234 -0.473426 
3235 -0.352311 
3236 0.138264 
3237 -0.352311 
3238 0.138264 
3239 -0.447917 
3240 -0.479549 
3241 -0.076229 
3242 -0.213604 
3243 0.461345 
3244 -0.213604 
3245 -0.076229 
3246 -0.476377 
3247 0.422292 
3248 -0.476377 
3249 0.422292 
3250 0.297541 
3251 0.422292 
3252 -0.019015 
3253 -0.294262 
3254 0.279115 
3255 -0.025599 
3256 -0.020319 
3257 -0.025599 
3258 -0.020319 
3259 -0.481402 
3260 -0.020319 
3261 -0.481402 
3262 0.124662 
3263 0.124662 
3264 0.124662 
3265 -0.023430 
3266 -0.390966 
3267 -0.023430 
3268 -0.076229 
3269 -0.076229 
3270 -0.213604 
3271 -0.213604 
3272 -0.076229 
3273 -0.431961 
3274 -0.431961 
3275 0.038591 
3276 -0.213604 
3277 -0.213604 
3278 0.197101 
3279 0.279974 
3280 -0.349194 
3281 0.061174 
3282 -0.019015 
3283 0.297541 
3284 0.061174 
3285 -0.019015 
3286 -0.019015 
3287 -0.294262 
3288 0.136959 
3289 0.279115 
3290 -0.294262 
3291 0.136959 
3292 -0.020319 
3293 0.136959 
3294 0.136959 
3295 -0.020319 
3296 0.062879 
3297 0.136959 
3298 0.124662 
3299 0.124662 
3300 0.124662 
3301 0.124662 
3302 -0.023430 
3303 -0.358088 
3304 0.055399 
3305 0.472680 
3306 0.198453 
3307 -0.007430 
3308 0.088947 
3309 0.461345 
3310 -0.213604 
3311 0.088947 
3312 0.461345 
3313 -0.125989 
3314 -0.125989 
3315 0.197101 
3316 -0.125989 
3317 -0.495624 
3318 0.248058 
3319 -0.125989 
3320 -0.125989 
3321 0.279974 
3322 0.297541 
3323 -0.349194 
3324 -0.075035 
3325 -0.202858 
3326 0.297541 
3327 0.345654 
3328 -0.020319 
3329 -0.020319 
3330 0.465926 
3331 -0.035957 
3332 0.136959 
3333 0.062879 
3334 0.136959 
3335 0.136959 
3336 0.136959 
3337 0.136959 
3338 -0.481402 
3339 -0.461826 
3340 -0.358088 
3341 -0.461826 
3342 0.055399 
3343 -0.248999 
3344 -0.461826 
3345 -0.461826 
3346 0.478382 
3347 0.490755 
3348 0.490755 
3349 0.025444 
3350 0.490755 
3351 -0.096888 
3352 0.235607 
3353 -0.125989 
3354 -0.257885 
3355 -0.265821 
3356 0.323638 
3357 -0.005772 
3358 0.035604 
3359 -0.177430 
3360 -0.414659 
3361 -0.075035 
3362 -0.295594 
3363 0.297541 
3364 -0.179142 
3365 0.400684 
3366 -0.430240 
3367 0.419740 
3368 -0.020319 
3369 -0.020319 
3370 -0.360416 
3371 -0.481402 
3372 0.133807 
3373 0.176456 
3374 -0.481402 
3375 -0.481402 
3376 -0.461826 
3377 -0.119402 
3378 -0.461826 
3379 0.055399 
3380 -0.248999 
3381 0.055399 
3382 -0.374980 
3383 -0.461826 
3384 0.490755 
3385 0.490755 
3386 -0.374980 
3387 0.391272 
3388 0.391272 
3389 0.490755 
3390 -0.369845 
3391 0.493279 
3392 0.279115 
3393 0.006727 
3394 0.280270 
3395 -0.089557 
3396 0.121722 
3397 0.088947 
3398 -0.400319 
3399 -0.301406 
3400 0.018455 
3401 -0.371950 
3402 -0.473426 
3403 0.388070 
3404 0.175746 
3405 -0.360416 
3406 0.400684 
3407 0.353405 
3408 -0.035957 
3409 -0.487387 
3410 -0.255422 
3411 -0.035957 
3412 0.176456 
3413 -0.076818 
3414 -0.119402 
3415 0.217113 
3416 -0.386820 
3417 -0.386820 
3418 -0.461826 
3419 0.135338 
3420 -0.136423 
3421 -0.374980 
3422 -0.495624 
3423 -0.068649 
3424 -0.106429 
3425 -0.120872 
3426 -0.400319 
3427 0.347296 
3428 0.055366 
3429 -0.056162 
3430 0.135355 
3431 -0.403908 
3432 0.313556 
3433 0.491272 
3434 -0.338768 
3435 0.329322 
3436 -0.183413 
3437 -0.288461 
3438 -0.073374 
3439 0.410628 
3440 -0.361243 
3441 -0.010002 
3442 -0.184409 
3443 0.460413 
3444 -0.360416 
3445 -0.487387 
3446 -0.487387 
3447 -0.255422 
3448 -0.035957 
3449 0.353405 
3450 -0.076818 
3451 0.312654 
3452 -0.076818 
3453 0.217113 
3454 -0.119402 
3455 -0.390966 
3456 0.217113 
3457 -0.119402 
3458 0.121722 
3459 -0.390966 
3460 -0.297064 
3461 -0.114648 
3462 -0.342486 
3463 0.347296 
3464 -0.088216 
3465 -0.306320 
3466 -0.086097 
3467 0.135355 
3468 0.173600 
3469 0.033990 
3470 0.012971 
3471 0.136448 
3472 0.093989 
3473 0.489508 
3474 0.495356 
3475 -0.361243 
3476 0.328675 
3477 0.410628 
3478 0.054231 
3479 0.410628 
3480 0.415265 
3481 0.054231 
3482 -0.487387 
3483 -0.487387 
3484 0.465252 
3485 -0.487387 
3486 -0.094409 
3487 -0.076818 
3488 0.312654 
3489 -0.076818 
3490 0.183100 
3491 -0.097997 
3492 0.490755 
3493 0.183100 
3494 0.489508 
3495 -0.190812 
3496 -0.297064 
3497 -0.409126 
3498 0.303501 
3499 -0.298544 
3500 0.296402 
3501 0.122869 
3502 -0.272951 
3503 -0.135311 
3504 0.122869 
3505 -0.324563 
3506 -0.056162 
3507 -0.378093 
3508 -0.301362 
3509 0.155893 
3510 0.120564 
3511 -0.378093 
3512 -0.404836 
3513 0.120564 
3514 -0.007430 
3515 0.489508 
3516 -0.374469 
3517 -0.374469 
3518 0.204413 
3519 -0.010002 
3520 0.188103 
3521 0.050884 
3522 -0.010002 
3523 -0.094409 
3524 0.470503 
3525 -0.077496 
3526 -0.076818 
3527 -0.077496 
3528 -0.097997 
3529 -0.068557 
3530 0.205853 
3531 -0.384159 
3532 0.232741 
3533 0.055820 
3534 -0.068746 
3535 0.205853 
3536 0.174021 
3537 0.114237 
3538 0.122869 
3539 0.122869 
3540 -0.352311 
3541 -0.088216 
3542 -0.088216 
3543 0.138851 
3544 0.122869 
3545 0.122869 
3546 -0.316708 
3547 -0.033330 
3548 0.343179 
3549 -0.431961 
3550 -0.374469 
3551 -0.374469 
3552 -0.034771 
3553 -0.010002 
3554 -0.010002 
3555 0.050884 
3556 -0.010002 
3557 -0.010002 
3558 0.277474 
3559 -0.010002 
3560 0.050884 
3561 -0.212790 
3562 0.495356 
3563 0.470503 
3564 -0.204252 
3565 0.495356 
3566 0.489508 
3567 0.371800 
3568 0.495356 
3569 0.471271 
3570 -0.467673 
3571 -0.068557 
3572 -0.085891 
3573 0.432721 
3574 0.418771 
3575 0.144872 
3576 0.024172 
3577 -0.447574 
3578 0.197695 
3579 0.227949 
3580 0.093074 
3581 -0.318017 
3582 0.101223 
3583 -0.385636 
3584 0.103424 
3585 0.246741 
3586 -0.489112 
3587 -0.208808 
3588 0.487634 
3589 -0.431961 
3590 -0.010002 
3591 -0.199795 
3592 -0.345632 
3593 0.188103 
3594 0.188103 
3595 -0.182587 
3596 -0.010002 
3597 0.050884 
3598 -0.212790 
3599 0.495356 
3600 -0.212790 
3601 -0.204252 
3602 0.495356 
3603 0.406781 
3604 0.406781 
3605 -0.413360 
3606 0.269852 
3607 0.264234 
3608 0.093112 
3609 0.186258 
3610 0.186258 
3611 0.264234 
3612 0.303049 
3613 0.264234 
3614 0.023790 
3615 0.316464 
3616 0.023790 
3617 -0.473426 
3618 0.241494 
3619 -0.473426 
3620 0.323638 
3621 0.487634 
3622 0.487634 
3623 -0.431961 
3624 0.487634 
3625 0.487634 
3626 -0.431961 
3627 -0.368904 
3628 0.487634 
3629 -0.447917 
3630 -0.368904 
3631 -0.010002 
3632 -0.182587 
3633 -0.010002 
3634 0.050884 
3635 -0.212790 
3636 0.307621 
3637 -0.212790 
3638 -0.212790 
3639 -0.212790 
3640 -0.204252 
3641 -0.204252 
3642 0.307621 
3643 -0.204252 
3644 0.140249 
3645 0.054412 
3646 0.131396 
3647 0.269852 
3648 0.342564 
3649 -0.265380 
3650 -0.265380 
3651 -0.464361 
3652 0.316464 
3653 0.138264 
3654 0.054336 
3655 0.138264 
3656 0.316464 
3657 0.136448 
3658 0.138264 
3659 -0.352311 
3660 0.136448 
3661 -0.352311 
3662 -0.352311 
3663 -0.231533 
3664 -0.352311 
3665 -0.352311 
3666 -0.447917 
3667 -0.479549 
3668 -0.368904 
3669 -0.447917 
3670 0.492563 
3671 0.050884 
3672 0.307621 
3673 -0.212790 
3674 0.307621 
3675 0.307621 
3676 0.054412 
3677 0.140249 
3678 0.177754 
3679 0.140249 
3680 0.147995 
3681 0.130683 
3682 0.460867 
3683 0.130683 
3684 0.460867 
3685 0.138264 
3686 -0.117872 
3687 0.138264 
3688 -0.473426 
3689 -0.352311 
3690 -0.473426 
3691 -0.352311 
3692 0.138264 
3693 -0.352311 
3694 0.138264 
3695 -0.447917 
3696 -0.076229 
3697 -0.076229 
3698 -0.213604 
3699 -0.076229 
3700 -0.213604 
3701 0.422292 
3702 0.422292 
3703 0.422292 
3704 0.422292 
3705 0.061174 
3706 0.297541 
3707 -0.294262 
3708 0.061174 
3709 -0.294262 
3710 0.279115 
3711 -0.294262 
3712 -0.020319 
3713 0.279115 
3714 -0.020319 
3715 0.124662 
3716 -0.020319 
3717 0.124662 
3718 0.124662 
3719 0.124662 
3720 0.198453 
3721 0.472680 
3722 -0.076229 
3723 -0.076229 
3724 -0.076229 
3725 -0.076229 
3726 -0.076229 
3727 -0.076229 
3728 0.197101 
3729 0.197101 
3730 -0.076229 
3731 0.197101 
3732 0.422292 
3733 -0.431961 
3734 0.061174 
3735 0.061174 
3736 0.061174 
3737 0.279974 
3738 0.061174 
3739 0.061174 
3740 0.061174 
3741 0.061174 
3742 -0.349194 
3743 0.279115 
3744 0.130683 
3745 -0.019015 
3746 0.279115 
3747 0.279115 
3748 0.136959 
3749 0.279115 
3750 0.279115 
3751 0.136959 
3752 0.279115 
3753 0.124662 
3754 0.279115 
3755 0.124662 
3756 0.124662 
3757 -0.248999 
3758 -0.461826 
3759 -0.248999 
3760 -0.248999 
3761 -0.145793 
3762 -0.076229 
3763 0.020625 
3764 -0.145793 
3765 0.197101 
3766 0.197101 
3767 -0.213604 
3768 0.277175 
3769 -0.495624 
3770 -0.431961 
3771 0.197101 
3772 -0.495624 
3773 -0.213604 
3774 0.061174 
3775 0.061174 
3776 -0.125989 
3777 -0.075035 
3778 -0.075035 
3779 -0.349194 
3780 0.313556 
3781 0.130683 
3782 0.297541 
3783 0.130683 
3784 0.130683 
3785 0.279115 
3786 -0.020319 
3787 0.279115 
3788 -0.020319 
3789 -0.020319 
3790 0.062879 
3791 0.136959 
3792 -0.020319 
3793 -0.020319 
3794 -0.119402 
3795 -0.461826 
3796 -0.248999 
3797 -0.461826 
3798 0.055399 
3799 -0.248999 
3800 -0.145793 
3801 0.490755 
3802 0.235607 
3803 0.490755 
3804 0.490755 
3805 0.197101 
3806 0.197101 
3807 0.490755 
3808 0.197101 
3809 0.028614 
3810 0.277175 
3811 0.323638 
3812 0.028614 
3813 -0.125989 
3814 -0.177430 
3815 -0.414659 
3816 -0.396160 
3817 -0.295594 
3818 -0.396160 
3819 0.297541 
3820 -0.255422 
3821 -0.136423 
3822 -0.153862 
3823 -0.255422 
3824 -0.255422 
3825 -0.020319 
3826 -0.020319 
3827 -0.255422 
3828 0.136959 
3829 -0.020319 
3830 -0.481402 
3831 -0.119402 
3832 -0.461826 
3833 -0.119402 
3834 -0.248999 
3835 0.055399 
3836 0.055399 
3837 0.490755 
3838 0.490755 
3839 0.490755 
3840 0.490755 
3841 -0.124836 
3842 0.235607 
3843 0.490755 
3844 0.490755 
3845 -0.369845 
3846 0.493279 
3847 0.135355 
3848 0.006727 
3849 0.277175 
3850 0.491272 
3851 0.121722 
3852 -0.396160 
3853 0.491272 
3854 -0.075035 
3855 -0.075035 
3856 -0.184409 
3857 -0.255422 
3858 -0.255422 
3859 0.011275 
3860 -0.255422 
3861 -0.255422 
3862 0.400684 
3863 -0.255422 
3864 -0.255422 
3865 -0.487387 
3866 -0.020319 
3867 -0.035957 
3868 -0.119402 
3869 -0.386820 
3870 -0.386820 
3871 -0.386820 
3872 0.217113 
3873 -0.136423 
3874 -0.136423 
3875 -0.495624 
3876 -0.124836 
3877 -0.124836 
3878 0.490755 
3879 -0.106429 
3880 -0.115921 
3881 0.490755 
3882 -0.115921 
3883 -0.115921 
3884 0.135355 
3885 0.329322 
3886 -0.403908 
3887 0.491272 
3888 0.491272 
3889 0.104551 
3890 0.135355 
3891 0.054231 
3892 0.054231 
3893 0.491272 
3894 0.011275 
3895 0.011275 
3896 0.410628 
3897 -0.184409 
3898 -0.010002 
3899 -0.184409 
3900 -0.487387 
3901 -0.094409 
3902 -0.184409 
3903 -0.094409 
3904 -0.035957 
3905 -0.097997 
3906 -0.077496 
3907 -0.097997 
3908 -0.386820 
3909 0.217113 
3910 -0.386820 
3911 -0.136423 
3912 0.490755 
3913 -0.136423 
3914 0.331547 
3915 -0.495624 
3916 0.331547 
3917 0.331547 
3918 -0.495624 
3919 -0.115921 
3920 -0.115921 
3921 -0.324563 
3922 -0.115921 
3923 -0.115921 
3924 0.135355 
3925 -0.346826 
3926 -0.346826 
3927 0.135355 
3928 -0.345632 
3929 0.495356 
3930 0.491272 
3931 0.277474 
3932 0.410628 
3933 0.120564 
3934 0.277474 
3935 0.277474 
3936 0.410628 
3937 0.277474 
3938 -0.094409 
3939 -0.487387 
3940 -0.094409 
3941 -0.094409 
3942 -0.077496 
3943 -0.077496 
3944 -0.077496 
3945 -0.077496 
3946 -0.077496 
3947 -0.097997 
3948 0.183100 
3949 0.489508 
3950 -0.097979 
3951 0.331547 
3952 0.489508 
3953 -0.252689 
3954 -0.252689 
3955 0.331547 
3956 0.331547 
3957 0.331547 
3958 0.459522 
3959 0.459522 
3960 -0.115921 
3961 0.138861 
3962 0.138861 
3963 -0.431961 
3964 -0.346826 
3965 -0.070311 
3966 -0.431961 
3967 0.120564 
3968 0.277474 
3969 0.277474 
3970 -0.345632 
3971 0.277474 
3972 0.277474 
3973 -0.010002 
3974 0.277474 
3975 -0.094409 
3976 0.277474 
3977 -0.094409 
3978 -0.094409 
3979 -0.077496 
3980 0.470503 
3981 -0.077496 
3982 -0.077496 
3983 -0.077496 
3984 -0.077496 
3985 0.489508 
3986 0.489508 
3987 0.465993 
3988 0.489508 
3989 0.489508 
3990 0.205853 
3991 0.331547 
3992 0.186258 
3993 0.122869 
3994 0.122869 
3995 0.122869 
3996 0.459522 
3997 0.459522 
3998 0.122869 
3999 0.138861 
4000 -0.431961 
4001 -0.431961 
4002 -0.070311 
4003 -0.070311 
4004 -0.431961 
4005 -0.070311 
4006 -0.070311 
4007 -0.378093 
4008 0.277474 
4009 0.277474 
4010 -0.374469 
4011 0.277474 
4012 0.050884 
4013 0.277474 
4014 0.050884 
4015 0.050884 
4016 0.495356 
4017 -0.212790 
4018 -0.077496 
4019 -0.077496 
4020 -0.077496 
4021 -0.077496 
4022 -0.413360 
4023 0.140249 
4024 0.186258 
4025 -0.114648 
4026 0.186258 
4027 -0.088216 
4028 -0.114648 
4029 0.186258 
4030 0.023790 
4031 -0.082020 
4032 0.023790 
4033 0.197695 
4034 0.227949 
4035 0.023790 
4036 0.259497 
4037 0.101223 
4038 -0.431961 
4039 0.103424 
4040 -0.431961 
4041 0.487634 
4042 -0.070311 
4043 -0.070311 
4044 -0.431961 
4045 -0.010002 
4046 -0.374469 
4047 -0.374469 
4048 0.277474 
4049 0.277474 
4050 -0.010002 
4051 0.277474 
4052 0.050884 
4053 0.495356 
4054 -0.212790 
4055 -0.212790 
4056 -0.212790 
4057 -0.212790 
4058 0.307621 
4059 -0.413360 
4060 0.140249 
4061 0.233203 
4062 0.140249 
4063 0.073601 
4064 -0.114648 
4065 0.186258 
4066 0.186258 
4067 0.023790 
4068 0.023790 
4069 0.023790 
4070 0.316464 
4071 0.023790 
4072 0.241494 
4073 0.259497 
4074 0.023790 
4075 0.023790 
4076 0.039604 
4077 -0.431961 
4078 -0.431961 
4079 0.039604 
4080 0.039604 
4081 -0.431961 
4082 -0.368904 
4083 -0.345632 
4084 0.487634 
4085 -0.010002 
4086 -0.345632 
4087 -0.368904 
4088 -0.010002 
4089 -0.010002 
4090 0.307621 
4091 0.307621 
4092 -0.212790 
4093 0.307621 
4094 -0.212790 
4095 0.140249 
4096 0.054412 
4097 -0.212790 
4098 0.140249 
4099 0.140249 
4100 0.269852 
4101 0.073601 
4102 0.073601 
4103 0.269852 
4104 -0.082020 
4105 0.269852 
4106 0.186258 
4107 -0.082020 
4108 -0.082020 
4109 0.316464 
4110 -0.117872 
4111 0.323621 
4112 0.316464 
4113 -0.352311 
4114 0.023790 
4115 -0.352311 
4116 -0.352311 
4117 -0.352311 
4118 -0.352311 
4119 0.039604 
4120 0.039604 
4121 -0.352311 
4122 0.039604 
4123 0.039604 
4124 -0.368904 
4125 -0.010002 
4126 -0.010002 
4127 0.307621 
4128 0.307621 
4129 0.307621 
4130 0.307621 
4131 0.054412 
4132 0.140249 
4133 0.140249 
4134 0.073601 
4135 0.140249 
4136 0.269852 
4137 0.269852 
4138 0.269852 
4139 0.269852 
4140 0.323621 
4141 0.323621 
4142 0.023790 
4143 0.023790 
4144 0.023790 
4145 -0.352311 
4146 0.039604 
4147 0.039604 
4148 0.039604 
4149 0.039604 
4150 -0.368904 
4151 0.266744 
4152 -0.369174 
4153 -0.369174 
4154 0.277322 
4155 -0.371950 
4156 0.001526 
4157 0.001526 
4158 -0.263795 
4159 -0.481402 
4160 -0.481402 
4161 -0.481402 
4162 -0.481402 
4163 0.124662 
4164 0.472680 
4165 0.282328 
4166 0.282328 
4167 -0.369174 
4168 0.020181 
4169 -0.065345 
4170 -0.377804 
4171 -0.377804 
4172 0.066227 
4173 -0.481402 
4174 -0.481402 
4175 -0.481402 
4176 -0.481402 
4177 -0.374469 
4178 0.282328 
4179 -0.333487 
4180 0.277322 
4181 -0.015142 
4182 -0.377804 
4183 -0.377804 
4184 -0.377804 
4185 0.259795 
4186 0.138264 
4187 -0.106109 
4188 -0.481402 
4189 -0.481402 
4190 -0.374469 
4191 -0.374469 
4192 0.320613 
4193 0.282328 
4194 -0.054676 
4195 -0.015142 
4196 -0.065345 
4197 -0.377804 
4198 -0.377804 
4199 -0.262402 
4200 -0.406865 
4201 -0.481402 
4202 -0.481402 
4203 -0.093760 
4204 -0.203454 
4205 0.105782 
4206 0.497155 
4207 -0.015142 
4208 -0.190812 
4209 0.493279 
4210 -0.476377 
4211 -0.231533 
4212 -0.159736 
4213 0.201798 
4214 0.490149 
4215 -0.197707 
4216 -0.076818 
4217 -0.225154 
4218 -0.202858 
4219 -0.203454 
4220 -0.131830 
4221 0.073601 
4222 -0.271091 
4223 -0.219662 
4224 0.214886 
4225 -0.193616 
4226 0.490149 
4227 0.490149 
4228 -0.184483 
4229 -0.076818 
4230 -0.225154 
4231 0.179178 
4232 -0.223527 
4233 -0.106429 
4234 0.450415 
4235 0.325536 
4236 0.194536 
4237 -0.027133 
4238 0.241730 
4239 -0.359320 
4240 0.201798 
4241 -0.184483 
4242 -0.399618 
4243 0.325536 
4244 -0.147684 
4245 -0.225154 
4246 0.006727 
4247 -0.073374 
4248 0.259795 
4249 0.006727 
4250 -0.324203 
4251 -0.065682 
4252 -0.204419 
4253 -0.074007 
4254 -0.204419 
4255 0.241730 
4256 0.489508 
4257 -0.321383 
4258 -0.136423 
4259 -0.321383 
4260 0.062879 
4261 -0.204815 
4262 -0.011736 
4263 -0.341888 
4264 -0.385636 
4265 0.093112 
4266 -0.323079 
4267 -0.074007 
4268 0.241730 
4269 -0.399618 
4270 -0.397429 
4271 -0.397429 
4272 -0.341888 
4273 -0.033350 
4274 -0.110608 
4275 0.473047 
4276 -0.144956 
4277 0.012971 
4278 -0.185791 
4279 -0.323079 
4280 -0.074007 
4281 -0.399618 
4282 -0.399618 
4283 0.376226 
4284 0.376226 
4285 0.376226 
4286 -0.381434 
4287 0.023790 
4288 -0.206232 
4289 -0.485395 
4290 0.140249 
4291 0.371800 
4292 -0.126756 
4293 0.271434 
4294 -0.399618 
4295 -0.399618 
4296 -0.399618 
4297 -0.397429 
4298 -0.397429 
4299 -0.206232 
4300 0.472680 
4301 -0.206232 
4302 0.138264 
4303 0.138264 
4304 -0.126756 
4305 0.138264 
4306 0.271434 
4307 -0.399618 
4308 -0.073374 
4309 0.261974 
4310 0.147995 
4311 0.147995 
4312 -0.329001 
4313 -0.206232 
4314 -0.206232 
4315 0.138264 
4316 0.138264 
4317 0.138264 
4318 0.138264 
4319 -0.479549 
4320 0.266744 
4321 0.354370 
4322 -0.213604 
4323 -0.419407 
4324 -0.419407 
4325 0.265449 
4326 0.265449 
4327 0.287049 
4328 0.287049 
4329 0.093989 
4330 0.093989 
4331 0.124662 
4332 0.124662 
4333 0.266744 
4334 -0.390966 
4335 0.140809 
4336 0.140809 
4337 -0.252689 
4338 -0.303887 
4339 0.001526 
4340 0.001526 
4341 0.177754 
4342 0.177754 
4343 0.177754 
4344 0.093989 
4345 0.124662 
4346 -0.390966 
4347 0.016933 
4348 -0.089557 
4349 -0.414851 
4350 -0.391901 
4351 -0.324203 
4352 -0.371950 
4353 -0.159736 
4354 0.259795 
4355 0.138264 
4356 -0.106109 
4357 0.177754 
4358 0.124662 
4359 -0.119402 
4360 0.016933 
4361 0.320613 
4362 0.081274 
4363 -0.231692 
4364 -0.338768 
4365 -0.328754 
4366 -0.461009 
4367 0.153336 
4368 -0.262402 
4369 -0.406865 
4370 0.177754 
4371 0.177754 
4372 -0.076818 
4373 -0.481362 
4374 -0.212790 
4375 0.086434 
4376 -0.225967 
4377 0.073601 
4378 0.062879 
4379 -0.461009 
4380 -0.461009 
4381 0.486692 
4382 0.427448 
4383 0.486692 
4384 -0.263795 
4385 -0.076818 
4386 -0.481362 
4387 0.461345 
4388 0.461345 
4389 0.073601 
4390 0.073601 
4391 -0.271091 
4392 0.423622 
4393 -0.193616 
4394 -0.193616 
4395 -0.111245 
4396 0.241730 
4397 0.353405 
4398 0.297541 
4399 0.179178 
4400 -0.185115 
4401 -0.223527 
4402 -0.023430 
4403 0.073601 
4404 0.325536 
4405 0.194536 
4406 -0.027133 
4407 -0.393090 
4408 0.312396 
4409 0.241730 
4410 0.241730 
4411 0.297541 
4412 0.297541 
4413 -0.147684 
4414 -0.212813 
4415 -0.124790 
4416 -0.183413 
4417 -0.391901 
4418 -0.325374 
4419 -0.325374 
4420 -0.186041 
4421 0.489297 
4422 0.241730 
4423 0.241730 
4424 0.297541 
4425 0.233203 
4426 0.447277 
4427 0.400700 
4428 0.191152 
4429 -0.459363 
4430 -0.459363 
4431 -0.345632 
4432 -0.325374 
4433 -0.306320 
4434 0.489297 
4435 0.063047 
4436 0.050884 
4437 0.347045 
4438 0.233203 
4439 -0.384838 
4440 -0.035477 
4441 -0.288461 
4442 -0.288461 
4443 -0.110608 
4444 0.473047 
4445 -0.144956 
4446 0.012971 
4447 -0.185791 
4448 0.117834 
4449 0.050884 
4450 0.347045 
4451 0.147995 
4452 0.147995 
4453 0.176456 
4454 0.199160 
4455 0.191152 
4456 0.023790 
4457 0.044838 
4458 0.105989 
4459 0.140249 
4460 0.449179 
4461 0.117834 
4462 0.117834 
4463 0.147995 
4464 0.347045 
4465 0.147995 
4466 0.248058 
4467 0.248058 
4468 0.244259 
4469 0.197101 
4470 -0.203296 
4471 -0.269594 
4472 -0.106429 
4473 -0.106429 
4474 0.117834 
4475 0.117834 
4476 0.147995 
4477 0.147995 
4478 0.147995 
4479 0.147995 
4480 0.176456 
4481 0.199160 
4482 0.199160 
4483 -0.399618 
4484 0.067237 
4485 -0.272391 
4486 0.138264 
4487 0.138264 
4488 -0.479549 
4489 -0.023430 
4490 -0.023430 
4491 -0.430240 
4492 -0.213604 
4493 0.422292 
4494 0.422292 
4495 -0.293377 
4496 -0.293377 
4497 -0.481402 
4498 -0.481402 
4499 -0.481402 
4500 -0.481402 
4501 0.124662 
4502 0.472680 
4503 -0.023430 
4504 0.158305 
4505 0.238223 
4506 0.238223 
4507 0.001526 
4508 0.001526 
4509 -0.256912 
4510 -0.256912 
4511 -0.481402 
4512 -0.481402 
4513 -0.481402 
4514 -0.481402 
4515 0.472680 
4516 -0.023430 
4517 0.136065 
4518 0.497240 
4519 -0.306320 
4520 0.341675 
4521 0.297541 
4522 0.341675 
4523 -0.318758 
4524 -0.035957 
4525 -0.481402 
4526 -0.481402 
4527 -0.481402 
4528 -0.374469 
4529 0.472680 
4530 -0.257885 
4531 -0.328555 
4532 -0.117872 
4533 -0.117872 
4534 0.491271 
4535 0.263399 
4536 0.458775 
4537 -0.128750 
4538 -0.318758 
4539 -0.481402 
4540 -0.481402 
4541 -0.374469 
4542 0.473349 
4543 -0.374469 
4544 0.136065 
4545 -0.117872 
4546 -0.117872 
4547 -0.056162 
4548 0.086434 
4549 0.348790 
4550 -0.385636 
4551 0.353405 
4552 -0.225154 
4553 -0.481402 
4554 -0.076818 
4555 0.473349 
4556 -0.298544 
4557 -0.388476 
4558 -0.117872 
4559 -0.117872 
4560 -0.202858 
4561 -0.148642 
4562 -0.148642 
4563 0.460413 
4564 0.024172 
4565 -0.225154 
4566 0.100501 
4567 -0.076818 
4568 0.299413 
4569 -0.185115 
4570 -0.224565 
4571 -0.159736 
4572 -0.170810 
4573 -0.170810 
4574 0.126934 
4575 -0.231692 
4576 -0.100896 
4577 0.129055 
4578 0.419740 
4579 0.129055 
4580 0.297541 
4581 0.299413 
4582 -0.147684 
4583 -0.212813 
4584 -0.043237 
4585 0.323020 
4586 -0.148890 
4587 -0.324203 
4588 -0.325374 
4589 -0.167960 
4590 0.188103 
4591 0.419740 
4592 -0.094409 
4593 0.495356 
4594 0.489508 
4595 0.447277 
4596 -0.481362 
4597 -0.189817 
4598 0.357319 
4599 0.388070 
4600 -0.389825 
4601 -0.481961 
4602 0.126332 
4603 0.188103 
4604 0.188103 
4605 0.188103 
4606 0.495356 
4607 -0.185115 
4608 -0.384838 
4609 0.489508 
4610 0.027201 
4611 -0.003926 
4612 -0.110608 
4613 0.171231 
4614 -0.144956 
4615 0.055366 
4616 0.237517 
4617 0.449179 
4618 0.188103 
4619 -0.212790 
4620 -0.185115 
4621 -0.204252 
4622 0.015551 
4623 -0.185719 
4624 -0.269594 
4625 -0.269594 
4626 0.171231 
4627 -0.499397 
4628 -0.333277 
4629 0.467191 
4630 0.237517 
4631 -0.277983 
4632 -0.212790 
4633 0.054412 
4634 -0.185115 
4635 -0.295629 
4636 -0.295629 
4637 -0.003926 
4638 0.138264 
4639 0.138264 
4640 -0.441541 
4641 0.271434 
4642 0.237517 
4643 0.237517 
4644 -0.479549 
4645 0.147995 
4646 -0.212790 
4647 0.054412 
4648 -0.204252 
4649 0.264234 
4650 0.264234 
4651 0.264234 
4652 0.138264 
4653 0.138264 
4654 0.138264 
4655 -0.447917 
4656 -0.447917 
4657 -0.479549 
4658 -0.076229 
4659 0.461345 
4660 0.461345 
4661 0.422292 
4662 0.422292 
4663 0.422292 
4664 -0.294262 
4665 -0.025599 
4666 -0.025599 
4667 -0.481402 
4668 -0.481402 
4669 0.124662 
4670 0.124662 
4671 -0.390966 
4672 0.018455 
4673 0.088947 
4674 -0.213604 
4675 -0.329021 
4676 -0.329021 
4677 -0.260063 
4678 0.188103 
4679 0.188103 
4680 -0.294262 
4681 -0.294262 
4682 -0.481402 
4683 0.124662 
4684 -0.358088 
4685 0.018455 
4686 0.122869 
4687 0.038591 
4688 0.197101 
4689 0.038591 
4690 0.279974 
4691 0.279974 
4692 0.491272 
4693 0.465926 
4694 0.133807 
4695 -0.294262 
4696 -0.481402 
4697 -0.358088 
4698 -0.358088 
4699 -0.257885 
4700 0.470503 
4701 -0.198948 
4702 0.038591 
4703 0.035604 
4704 -0.260063 
4705 0.371800 
4706 0.419740 
4707 0.133807 
4708 -0.294262 
4709 -0.481402 
4710 -0.119402 
4711 -0.358088 
4712 -0.461826 
4713 0.122869 
4714 0.470503 
4715 -0.476377 
4716 -0.089557 
4717 0.308449 
4718 0.348790 
4719 0.175746 
4720 0.353405 
4721 0.486692 
4722 0.176456 
4723 -0.119402 
4724 0.493279 
4725 -0.329729 
4726 0.093074 
4727 -0.400319 
4728 -0.117872 
4729 0.313556 
4730 0.308449 
4731 0.455403 
4732 -0.010002 
4733 0.465252 
4734 0.424107 
4735 0.353405 
4736 0.312654 
4737 0.493279 
4738 -0.185115 
4739 -0.054923 
4740 -0.231533 
4741 0.055506 
4742 0.177580 
4743 0.126934 
4744 -0.361243 
4745 0.130683 
4746 0.465252 
4747 0.424107 
4748 -0.094409 
4749 0.312654 
4750 -0.206232 
4751 -0.147684 
4752 -0.409126 
4753 -0.043237 
4754 0.323020 
4755 -0.148890 
4756 -0.325374 
4757 -0.325374 
4758 -0.167960 
4759 0.465252 
4760 0.054231 
4761 -0.094409 
4762 0.495356 
4763 -0.206232 
4764 0.287049 
4765 0.287049 
4766 -0.054923 
4767 0.214584 
4768 0.138851 
4769 0.171231 
4770 -0.481961 
4771 -0.034771 
4772 0.050884 
4773 0.279974 
4774 0.489297 
4775 -0.413360 
4776 0.283512 
4777 -0.384838 
4778 0.287049 
4779 0.287049 
4780 0.018684 
4781 0.192552 
4782 0.171231 
4783 -0.489112 
4784 0.362470 
4785 -0.182587 
4786 0.279974 
4787 0.050884 
4788 -0.212790 
4789 0.495356 
4790 -0.413360 
4791 0.287049 
4792 0.287049 
4793 -0.265380 
4794 -0.269594 
4795 0.171231 
4796 0.179178 
4797 -0.333277 
4798 -0.182587 
4799 0.050884 
4800 0.050884 
4801 -0.212790 
4802 0.054412 
4803 0.177754 
4804 0.177754 
4805 0.177754 
4806 0.122720 
4807 0.122720 
4808 -0.473426 
4809 0.400700 
4810 0.400700 
4811 0.050884 
4812 0.050884 
4813 0.050884 
4814 0.147995 
4815 -0.212790 
4816 0.054412 
4817 0.177754 
4818 0.147995 
4819 0.460867 
4820 0.460867 
4821 -0.117872 
4822 -0.473426 
4823 -0.473426 
4824 0.138264 
4825 0.138264 
4826 -0.447917 
4827 -0.076229 
4828 -0.213604 
4829 -0.213604 
4830 -0.213604 
4831 -0.349194 
4832 0.297541 
4833 -0.019015 
4834 0.279115 
4835 -0.020319 
4836 -0.020319 
4837 -0.020319 
4838 0.124662 
4839 0.124662 
4840 0.472680 
4841 0.088947 
4842 0.088947 
4843 -0.125989 
4844 -0.495624 
4845 -0.125989 
4846 -0.349194 
4847 -0.202858 
4848 -0.202858 
4849 0.136959 
4850 0.136959 
4851 -0.020319 
4852 0.124662 
4853 -0.461826 
4854 0.088947 
4855 -0.007430 
4856 -0.096888 
4857 -0.125989 
4858 0.489393 
4859 0.279974 
4860 -0.177430 
4861 -0.295594 
4862 0.465926 
4863 -0.481402 
4864 0.136959 
4865 0.124662 
4866 -0.461826 
4867 0.055399 
4868 -0.257885 
4869 -0.328555 
4870 -0.198948 
4871 -0.265821 
4872 0.035604 
4873 -0.349194 
4874 0.458775 
4875 0.419740 
4876 0.133807 
4877 -0.035957 
4878 -0.481402 
4879 -0.461826 
4880 0.135338 
4881 -0.461826 
4882 -0.120872 
4883 -0.120872 
4884 0.280270 
4885 -0.089557 
4886 0.323638 
4887 -0.177430 
4888 0.175746 
4889 -0.487387 
4890 -0.035957 
4891 -0.035957 
4892 -0.076818 
4893 0.135338 
4894 0.217113 
4895 -0.068649 
4896 -0.400319 
4897 -0.120872 
4898 0.313556 
4899 -0.403908 
4900 0.328675 
4901 -0.010002 
4902 -0.487387 
4903 -0.035957 
4904 -0.035957 
4905 -0.076818 
4906 0.490755 
4907 0.217113 
4908 -0.297064 
4909 0.347296 
4910 -0.086097 
4911 -0.324563 
4912 0.126934 
4913 0.328675 
4914 -0.007430 
4915 -0.106109 
4916 0.415265 
4917 -0.487387 
4918 -0.076818 
4919 0.490755 
4920 0.205853 
4921 -0.409126 
4922 -0.043237 
4923 0.459522 
4924 -0.148890 
4925 -0.301362 
4926 -0.007430 
4927 -0.167960 
4928 0.328675 
4929 0.415265 
4930 -0.010002 
4931 0.470503 
4932 0.371800 
4933 0.183100 
4934 -0.068746 
4935 0.024172 
4936 -0.272951 
4937 0.138851 
4938 -0.324563 
4939 -0.301362 
4940 -0.034771 
4941 0.120564 
4942 -0.010002 
4943 -0.010002 
4944 -0.212790 
4945 0.406781 
4946 0.470503 
4947 -0.068557 
4948 0.418771 
4949 -0.447574 
4950 0.101223 
4951 0.171231 
4952 0.101223 
4953 -0.199795 
4954 -0.199795 
4955 -0.199795 
4956 -0.010002 
4957 -0.212790 
4958 0.406781 
4959 -0.204252 
4960 0.269852 
4961 0.269852 
4962 -0.265380 
4963 0.303049 
4964 0.101223 
4965 0.101223 
4966 0.246741 
4967 -0.368904 
4968 -0.199795 
4969 -0.010002 
4970 -0.212790 
4971 -0.212790 
4972 0.406781 
4973 0.264234 
4974 0.186258 
4975 0.303049 
4976 0.303049 
4977 0.316464 
4978 0.487634 
4979 0.487634 
4980 0.487634 
4981 0.487634 
4982 -0.010002 
4983 0.307621 
4984 -0.212790 
4985 -0.204252 
4986 0.140249 
4987 0.140249 
4988 -0.265380 
4989 0.138264 
4990 0.138264 
4991 0.138264 
4992 -0.352311 
4993 -0.352311 
4994 -0.352311 
4995 -0.368904 
4996 -0.076229 
4997 -0.076229 
4998 0.197101 
4999 0.422292 
5000 0.422292 
5001 0.061174 
5002 0.061174 
5003 0.279115 
5004 0.279115 
5005 0.279115 
5006 0.279115 
5007 0.124662 
5008 0.124662 
5009 -0.248999 
5010 0.020625 
5011 -0.076229 
5012 -0.495624 
5013 -0.495624 
5014 -0.495624 
5015 -0.075035 
5016 0.313556 
5017 0.313556 
5018 0.279115 
5019 0.279115 
5020 -0.020319 
5021 0.124662 
5022 -0.461826 
5023 0.020625 
5024 0.461345 
5025 0.461345 
5026 0.197101 
5027 0.248058 
5028 0.279974 
5029 -0.075035 
5030 0.345654 
5031 0.465926 
5032 -0.020319 
5033 0.279115 
5034 -0.020319 
5035 -0.119402 
5036 0.490755 
5037 0.478382 
5038 0.025444 
5039 -0.495624 
5040 -0.265821 
5041 0.035604 
5042 0.028614 
5043 -0.136423 
5044 0.419740 
5045 -0.136423 
5046 0.279115 
5047 -0.020319 
5048 -0.119402 
5049 0.490755 
5050 -0.461826 
5051 -0.374980 
5052 0.490755 
5053 0.279115 
5054 -0.089557 
5055 0.028614 
5056 -0.371950 
5057 0.175746 
5058 0.353405 
5059 -0.255422 
5060 -0.020319 
5061 -0.386820 
5062 -0.136423 
5063 -0.136423 
5064 -0.068649 
5065 -0.400319 
5066 -0.056162 
5067 0.313556 
5068 0.329322 
5069 -0.073374 
5070 -0.010002 
5071 -0.360416 
5072 -0.255422 
5073 -0.094409 
5074 -0.077496 
5075 -0.136423 
5076 -0.097979 
5077 -0.297064 
5078 0.347296 
5079 -0.086097 
5080 0.033990 
5081 0.093989 
5082 -0.361243 
5083 0.054231 
5084 0.054231 
5085 -0.010002 
5086 -0.094409 
5087 -0.077496 
5088 0.489508 
5089 0.489508 
5090 -0.409126 
5091 0.296402 
5092 -0.135311 
5093 -0.056162 
5094 0.155893 
5095 -0.404836 
5096 0.489508 
5097 0.204413 
5098 0.277474 
5099 -0.094409 
5100 -0.077496 
5101 0.489508 
5102 -0.384159 
5103 -0.068746 
5104 0.465993 
5105 -0.352311 
5106 0.138851 
5107 -0.316708 
5108 -0.431961 
5109 -0.034771 
5110 0.050884 
5111 0.277474 
5112 0.050884 
5113 -0.077496 
5114 0.307621 
5115 0.233203 
5116 -0.068557 
5117 0.418771 
5118 -0.447574 
5119 0.093074 
5120 -0.385636 
5121 -0.489112 
5122 -0.431961 
5123 -0.345632 
5124 0.050884 
5125 0.050884 
5126 0.307621 
5127 0.307621 
5128 -0.413360 
5129 0.093112 
5130 0.233203 
5131 -0.082020 
5132 -0.473426 
5133 0.323638 
5134 -0.431961 
5135 -0.431961 
5136 -0.447917 
5137 -0.010002 
5138 -0.010002 
5139 0.307621 
5140 0.054412 
5141 0.307621 
5142 0.233203 
5143 0.233203 
5144 0.269852 
5145 0.323621 
5146 0.023790 
5147 0.023790 
5148 0.039604 
5149 0.039604 
5150 0.039604 
5151 -0.010002 
5152 0.307621 
5153 0.307621 
5154 0.054412 
5155 0.140249 
5156 0.073601 
5157 0.269852 
5158 0.269852 
5159 0.323621 
5160 0.023790 
5161 0.023790 
5162 0.039604 
5163 0.039604 
5164 0.039604 
5165 0.020625 
5166 -0.076229 
5167 -0.076229 
5168 0.469205 
5169 0.469205 
5170 0.279115 
5171 0.279115 
5172 0.279115 
5173 0.279115 
5174 0.279115 
5175 0.279115 
5176 -0.020319 
5177 0.124662 
5178 0.020625 
5179 0.020625 
5180 -0.076229 
5181 0.025444 
5182 0.469205 
5183 -0.495624 
5184 0.279974 
5185 0.313556 
5186 0.279115 
5187 0.279115 
5188 -0.020319 
5189 -0.020319 
5190 -0.020319 
5191 0.020625 
5192 0.020625 
5193 0.461345 
5194 0.025444 
5195 0.197101 
5196 0.279974 
5197 0.279974 
5198 0.279974 
5199 0.345654 
5200 0.279115 
5201 -0.020319 
5202 -0.020319 
5203 -0.020319 
5204 -0.119402 
5205 0.490755 
5206 0.478382 
5207 0.025444 
5208 0.025444 
5209 0.025444 
5210 0.279974 
5211 0.329322 
5212 0.345654 
5213 -0.371950 
5214 -0.020319 
5215 -0.255422 
5216 -0.020319 
5217 -0.119402 
5218 -0.386820 
5219 0.478382 
5220 -0.068649 
5221 0.025444 
5222 0.279115 
5223 0.329322 
5224 0.329322 
5225 -0.371950 
5226 -0.371950 
5227 -0.255422 
5228 -0.255422 
5229 -0.020319 
5230 -0.386820 
5231 -0.386820 
5232 -0.068649 
5233 -0.068649 
5234 0.279115 
5235 0.279115 
5236 0.279115 
5237 0.329322 
5238 -0.361243 
5239 -0.371950 
5240 -0.431961 
5241 -0.255422 
5242 -0.094409 
5243 -0.180408 
5244 -0.386820 
5245 -0.097979 
5246 -0.068649 
5247 0.347296 
5248 0.279115 
5249 0.033990 
5250 -0.316708 
5251 -0.361243 
5252 -0.034771 
5253 -0.431961 
5254 0.277474 
5255 -0.094409 
5256 -0.077496 
5257 -0.077496 
5258 -0.384159 
5259 -0.409126 
5260 0.465993 
5261 -0.135311 
5262 -0.316708 
5263 -0.316708 
5264 -0.034771 
5265 -0.034771 
5266 0.277474 
5267 0.277474 
5268 0.277474 
5269 -0.077496 
5270 -0.384159 
5271 -0.384159 
5272 0.465993 
5273 0.465993 
5274 0.465993 
5275 0.093074 
5276 -0.316708 
5277 -0.431961 
5278 -0.034771 
5279 -0.345632 
5280 0.277474 
5281 0.478382 
5282 -0.077496 
5283 0.307621 
5284 -0.384159 
5285 0.197695 
5286 0.465993 
5287 -0.082020 
5288 0.093074 
5289 -0.385636 
5290 -0.431961 
5291 0.039604 
5292 -0.345632 
5293 0.039604 
5294 0.478382 
5295 0.307621 
5296 0.307621 
5297 -0.413360 
5298 0.093112 
5299 -0.082020 
5300 -0.082020 
5301 -0.385636 
5302 -0.385636 
5303 0.039604 
5304 0.039604 
5305 0.039604 
5306 0.039604 
5307 0.039604 
5308 0.307621 
5309 0.054412 
5310 0.093112 
5311 0.093112 
5312 0.093112 
5313 0.323621 
5314 0.323621 
5315 -0.385636 
5316 0.023790 
5317 0.039604 
5318 0.039604 
5319 0.039604 
5320 0.424107 
5321 0.307621 
5322 0.307621 
5323 0.307621 
5324 0.093112 
5325 0.323621 
5326 0.323621 
5327 0.323621 
5328 0.323621 
5329 0.023790 
5330 0.023790 
5331 0.039604 
5332 0.039604 
5333 0.424107 
5334 0.144872 
5335 0.144872 
5336 -0.076229 
5337 0.144872 
5338 0.469205 
5339 0.469205 
5340 0.279115 
5341 0.279115 
5342 0.279115 
5343 0.279115 
5344 -0.020319 
5345 -0.215478 
5346 -0.215478 
5347 0.020625 
5348 0.020625 
5349 0.461345 
5350 0.144872 
5351 0.197101 
5352 -0.495624 
5353 0.469205 
5354 0.313556 
5355 0.279115 
5356 -0.020319 
5357 -0.020319 
5358 -0.020319 
5359 -0.215478 
5360 0.020625 
5361 0.020625 
5362 0.461345 
5363 0.197101 
5364 0.197101 
5365 0.469205 
5366 0.469205 
5367 0.469205 
5368 -0.020319 
5369 -0.020319 
5370 -0.020319 
5371 -0.020319 
5372 -0.020319 
5373 -0.119402 
5374 0.366305 
5375 0.469205 
5376 0.469205 
5377 0.469205 
5378 0.469205 
5379 0.469205 
5380 -0.431961 
5381 -0.431961 
5382 -0.431961 
5383 -0.431961 
5384 -0.020319 
5385 -0.020319 
5386 0.366305 
5387 0.366305 
5388 0.366305 
5389 0.366305 
5390 0.469205 
5391 0.469205 
5392 0.469205 
5393 -0.431961 
5394 -0.431961 
5395 -0.431961 
5396 -0.431961 
5397 -0.431961 
5398 -0.020319 
5399 0.366305 
5400 0.366305 
5401 0.366305 
5402 0.366305 
5403 0.366305 
5404 0.469205 
5405 0.469205 
5406 0.469205 
5407 -0.431961 
5408 -0.431961 
5409 -0.431961 
5410 -0.431961 
5411 -0.020319 
5412 0.366305 
5413 0.366305 
5414 0.366305 
5415 0.366305 
5416 0.366305 
5417 0.366305 
5418 0.366305 
5419 -0.431961 
5420 -0.431961 
5421 -0.431961 
5422 -0.431961 
5423 -0.431961 
5424 -0.431961 
5425 0.366305 
5426 0.366305 
5427 0.366305 
5428 0.366305 
5429 0.366305 
5430 0.366305 
5431 0.366305 
5432 -0.431961 
5433 -0.431961 
5434 -0.431961 
5435 -0.431961 
5436 -0.431961 
5437 -0.431961 
5438 0.366305 
5439 0.366305 
5440 0.366305 
5441 0.366305 
5442 0.366305 
5443 0.366305 
5444 0.366305 
5445 -0.431961 
5446 -0.431961 
5447 -0.431961 
5448 -0.431961 
5449 -0.431961 
5450 -0.431961 
5451 -0.077496 
5452 0.366305 
5453 0.366305 
5454 0.366305 
5455 0.366305 
5456 0.366305 
5457 0.366305 
5458 0.366305 
5459 -0.431961 
5460 -0.431961 
5461 -0.431961 
5462 -0.431961 
5463 -0.431961 
5464 -0.262894 
5465 -0.413360 
5466 -0.413360 
5467 0.366305 
5468 0.366305 
5469 0.366305 
5470 0.366305 
5471 0.366305 
5472 0.366305 
5473 -0.431961 
5474 -0.431961 
5475 -0.431961 
5476 0.367487 
5477 0.054412 
5478 0.054412 
5479 -0.413360 
5480 0.366305 
5481 0.366305 
5482 0.366305 
5483 0.366305 
5484 0.366305 
5485 0.366305 
5486 0.366305 
5487 -0.431961 
5488 -0.431961 
5489 0.424107 
5490 -0.483477 
5491 0.054412 
5492 0.307621 
5493 0.366305 
5494 0.366305 
5495 0.323621 
5496 0.366305 
5497 0.323621 
5498 0.235938 
5499 0.235938 
5500 0.424107 
5501 0.424107 
5502 0.424107 
5503 0.144872 
5504 0.144872 
5505 0.144872 
5506 0.144872 
5507 0.144872 
5508 0.144872 
5509 0.015551 
5510 0.015551 
5511 0.015551 
5512 0.015551 
5513 0.015551 
5514 0.015551 
5515 0.469205 
5516 0.469205 
5517 0.469205 
5518 0.469205 
5519 -0.020319 
5520 -0.020319 
5521 -0.020319 
5522 -0.020319 
5523 -0.215478 
5524 -0.215478 
5525 -0.215478 
5526 -0.215478 
5527 -0.215478 
5528 -0.215478 
5529 0.469205 
5530 0.469205 
5531 0.144872 
5532 0.469205 
5533 0.469205 
5534 0.144872 
5535 0.144872 
5536 0.144872 
5537 0.144872 
5538 0.469205 
5539 0.469205 
5540 0.469205 
5541 0.469205 
5542 0.469205 
5543 0.469205 
5544 0.469205 
5545 0.469205 
5546 0.469205 
5547 0.469205 
5548 0.469205 
5549 0.279115 
5550 -0.020319 
5551 -0.020319 
5552 -0.020319 
5553 -0.020319 
5554 -0.020319 
5555 -0.020319 
5556 -0.020319 
5557 -0.020319 
5558 -0.020319 
5559 -0.020319 
5560 -0.020319 
5561 -0.215478 
5562 -0.020319 
5563 -0.020319 
5564 -0.215478 
5565 -0.215478 
5566 0.469205 
5567 0.469205 
5568 0.020625 
5569 0.469205 
5570 0.469205 
5571 0.469205 
5572 0.469205 
5573 0.469205 
5574 0.469205 
5575 0.469205 
5576 0.469205 
5577 0.469205 
5578 0.469205 
5579 0.469205 
5580 0.469205 
5581 0.469205 
5582 0.469205 
5583 0.469205 
5584 0.469205 
5585 0.469205 
5586 0.469205 
5587 -0.020319 
5588 -0.020319 
5589 -0.020319 
5590 -0.020319 
5591 -0.020319 
5592 -0.020319 
5593 -0.020319 
5594 -0.020319 
5595 -0.020319 
5596 -0.020319 
5597 -0.020319 
5598 -0.020319 
5599 -0.020319 
5600 -0.020319 
5601 -0.020319 
5602 -0.020319 
5603 0.366305 
5604 0.366305 
5605 0.366305 
5606 0.366305 
5607 0.366305 
5608 0.469205 
5609 0.469205 
5610 0.469205 
5611 0.469205 
5612 0.469205 
5613 0.469205 
5614 0.469205 
5615 0.469205 
5616 0.469205 
5617 0.469205 
5618 0.469205 
5619 0.469205 
5620 0.469205 
5621 0.469205 
5622 0.469205 
5623 0.469205 
5624 -0.431961 
5625 -0.431961 
5626 0.469205 
5627 -0.431961 
5628 -0.431961 
5629 -0.020319 
5630 -0.431961 
5631 -0.431961 
5632 -0.020319 
5633 -0.431961 
5634 -0.431961 
5635 -0.020319 
5636 -0.020319 
5637 -0.020319 
5638 -0.020319 
5639 -0.020319 
5640 0.366305 
5641 0.366305 
5642 0.366305 
5643 0.366305 
5644 0.366305 
5645 0.366305 
5646 0.366305 
5647 0.366305 
5648 0.469205 
5649 0.366305 
5650 0.366305 
5651 0.469205 
5652 0.469205 
5653 0.469205 
5654 0.469205 
5655 0.469205 
5656 0.469205 
5657 0.469205 
5658 0.469205 
5659 0.469205 
5660 0.469205 
5661 -0.431961 
5662 -0.431961 
5663 -0.431961 
5664 -0.431961 
5665 -0.431961 
5666 -0.431961 
5667 -0.431961 
5668 -0.431961 
5669 -0.431961 
5670 -0.431961 
5671 -0.431961 
5672 -0.020319 
5673 -0.020319 
5674 -0.020319 
5675 -0.020319 
5676 -0.020319 
5677 0.366305 
5678 0.366305 
5679 0.366305 
5680 0.366305 
5681 0.366305 
5682 0.366305 
5683 0.366305 
5684 0.366305 
5685 0.366305 
5686 0.366305 
5687 0.366305 
5688 0.469205 
5689 0.469205 
5690 0.469205 
5691 0.469205 
5692 0.469205 
5693 0.469205 
5694 0.469205 
5695 0.469205 
5696 0.469205 
5697 0.469205 
5698 0.469205 
5699 0.469205 
5700 -0.431961 
5701 -0.431961 
5702 -0.431961 
5703 -0.431961 
5704 -0.431961 
5705 -0.431961 
5706 -0.431961 
5707 -0.431961 
5708 -0.431961 
5709 -0.020319 
5710 -0.431961 
5711 -0.431961 
5712 -0.020319 
5713 -0.020319 
5714 0.366305 
5715 0.366305 
5716 0.366305 
5717 0.366305 
5718 0.366305 
5719 0.366305 
5720 0.366305 
5721 0.366305 
5722 0.366305 
5723 0.366305 
5724 0.366305 
5725 0.366305 
5726 0.366305 
5727 0.366305 
5728 0.366305 
5729 0.366305 
5730 0.366305 
5731 0.366305 
5732 0.366305 
5733 0.366305 
5734 0.469205 
5735 -0.431961 
5736 -0.431961 
5737 -0.431961 
5738 -0.431961 
5739 -0.431961 
5740 -0.431961 
5741 -0.431961 
5742 -0.431961 
5743 -0.431961 
5744 -0.431961 
5745 -0.431961 
5746 -0.431961 
5747 -0.431961 
5748 -0.431961 
5749 -0.431961 
5750 -0.431961 
5751 0.366305 
5752 0.366305 
5753 0.366305 
5754 0.366305 
5755 0.366305 
5756 0.366305 
5757 0.366305 
5758 0.366305 
5759 0.366305 
5760 0.366305 
5761 0.366305 
5762 0.071830 
5763 0.366305 
5764 0.366305 
5765 0.366305 
5766 0.366305 
5767 0.366305 
5768 0.366305 
5769 0.366305 
5770 0.366305 
5771 0.366305 
5772 -0.431961 
5773 -0.431961 
5774 -0.431961 
5775 -0.431961 
5776 -0.431961 
5777 -0.431961 
5778 -0.431961 
5779 -0.431961 
5780 -0.431961 
5781 -0.431961 
5782 -0.431961 
5783 -0.431961 
5784 -0.431961 
5785 -0.431961 
5786 -0.431961 
5787 -0.431961 
5788 0.366305 
5789 0.366305 
5790 0.366305 
5791 0.366305 
5792 0.366305 
5793 0.366305 
5794 0.366305 
5795 0.366305 
5796 0.366305 
5797 0.366305 
5798 0.366305 
5799 0.366305 
5800 0.366305 
5801 0.366305 
5802 0.366305 
5803 0.366305 
5804 0.366305 
5805 0.366305 
5806 0.366305 
5807 0.366305 
5808 0.366305 
5809 -0.431961 
5810 -0.431961 
5811 -0.431961 
5812 -0.431961 
5813 0.366305 
5814 -0.431961 
5815 -0.431961 
5816 -0.431961 
5817 -0.431961 
5818 -0.431961 
5819 -0.431961 
5820 -0.431961 
5821 -0.431961 
5822 -0.431961 
5823 -0.431961 
5824 -0.431961 
5825 0.366305 
5826 0.366305 
5827 0.366305 
5828 0.366305 
5829 0.366305 
5830 0.366305 
5831 0.366305 
5832 0.366305 
5833 0.366305 
5834 0.366305 
5835 0.366305 
5836 0.366305 
5837 0.366305 
5838 0.366305 
5839 0.366305 
5840 0.366305 
5841 0.366305 
5842 0.366305 
5843 0.366305 
5844 0.366305 
5845 0.366305 
5846 0.366305 
5847 0.366305 
5848 0.366305 
5849 0.366305 
5850 0.366305 
5851 0.366305 
5852 -0.431961 
5853 -0.431961 
5854 -0.431961 
5855 -0.431961 
5856 -0.431961 
5857 -0.431961 
5858 -0.431961 
5859 -0.431961 
5860 -0.431961 
5861 -0.431961 
5862 0.366305 
5863 0.366305 
5864 0.366305 
5865 0.366305 
5866 0.366305 
5867 0.366305 
5868 0.366305 
5869 0.366305 
5870 0.366305 
5871 0.366305 
5872 0.366305 
5873 0.366305 
5874 0.366305 
5875 0.366305 
5876 0.366305 
5877 0.366305 
5878 0.366305 
5879 0.366305 
5880 0.366305 
5881 0.366305 
5882 0.366305 
5883 0.366305 
5884 0.366305 
5885 0.366305 
5886 0.366305 
5887 0.366305 
5888 0.366305 
5889 -0.431961 
5890 -0.431961 
5891 -0.431961 
5892 -0.431961 
5893 -0.431961 
5894 0.424107 
5895 0.424107 
5896 0.424107 
5897 0.424107 
5898 0.424107 
5899 -0.262894 
5900 -0.262894 
5901 -0.262894 
5902 0.366305 
5903 0.366305 
5904 0.366305 
5905 0.366305 
5906 0.366305 
5907 0.366305 
5908 0.366305 
5909 0.366305 
5910 0.366305 
5911 0.366305 
5912 0.366305 
5913 0.366305 
5914 0.366305 
5915 0.366305 
5916 0.366305 
5917 0.366305 
5918 0.366305 
5919 0.323621 
5920 0.366305 
5921 0.366305 
5922 0.235938 
5923 0.366305 
5924 0.366305 
5925 0.235938 
5926 0.366305 
5927 0.366305 
5928 0.424107 
5929 0.366305 
5930 0.366305 
5931 0.424107 
5932 0.424107 
5933 0.424107 
5934 0.424107 
5935 0.424107 
5936 -0.262894 
5937 -0.262894 
5938 -0.262894 
5939 -0.262894 
5940 0.366305 
5941 0.366305 
5942 0.366305 
5943 0.366305 
5944 0.366305 
5945 0.366305 
5946 0.366305 
5947 0.366305 
5948 0.366305 
5949 0.366305 
5950 0.366305 
5951 0.366305 
5952 0.366305 
5953 0.366305 
5954 0.235938 
5955 0.235938 
5956 0.424107 
5957 0.424107 
5958 0.424107 
5959 0.424107 
5960 0.424107 
5961 0.424107 
