1446 1
0 -0.138442 
1 0.363957 
2 -0.483046 
3 0.083023 
4 -0.087991 
5 0.407347 
6 0.229611 
7 0.453727 
8 0.272526 
9 0.207527 
10 0.327710 
11 0.466705 
12 -0.183359 
13 0.407347 
14 0.363957 
15 -0.496782 
16 0.273098 
17 0.390616 
18 -0.183359 
19 0.207527 
20 -0.044275 
21 -0.496782 
22 0.207527 
23 -0.393842 
24 0.466705 
25 -0.308958 
26 -0.124012 
27 -0.146068 
28 -0.174125 
29 -0.340785 
30 0.117262 
31 0.396431 
32 -0.174125 
33 -0.475000 
34 -0.275047 
35 0.017222 
36 0.363957 
37 -0.337683 
38 -0.208671 
39 0.372824 
40 -0.245231 
41 0.363957 
42 0.363957 
43 0.359124 
44 -0.256401 
45 0.413232 
46 0.375392 
47 -0.045100 
48 -0.208671 
49 -0.004896 
50 -0.303119 
51 -0.208671 
52 0.429943 
53 -0.206284 
54 -0.044275 
55 0.425380 
56 0.407347 
57 -0.256401 
58 -0.303119 
59 -0.116033 
60 0.011021 
61 0.013711 
62 -0.346708 
63 -0.174125 
64 0.273098 
65 0.117262 
66 -0.174125 
67 0.410890 
68 -0.303119 
69 0.273098 
70 0.037987 
71 0.163827 
72 -0.399360 
73 -0.000342 
74 -0.208671 
75 0.425380 
76 -0.186466 
77 0.466705 
78 -0.372283 
79 0.163827 
80 -0.116033 
81 -0.186466 
82 -0.066308 
83 -0.208671 
84 0.438107 
85 0.425380 
86 -0.208671 
87 0.250748 
88 -0.403085 
89 -0.044275 
90 -0.138442 
91 -0.208671 
92 0.410890 
93 -0.256401 
94 -0.399360 
95 0.410890 
96 -0.044275 
97 -0.450928 
98 0.180282 
99 -0.042703 
100 -0.081151 
101 0.492452 
102 0.050974 
103 -0.375308 
104 0.195187 
105 -0.149527 
106 -0.279131 
107 0.260920 
108 -0.381257 
109 -0.116033 
110 0.482603 
111 0.410890 
112 -0.488454 
113 -0.000342 
114 -0.161364 
115 -0.161364 
116 -0.187625 
117 -0.174125 
118 0.142896 
119 0.207527 
120 -0.077005 
121 0.410890 
122 -0.399360 
123 -0.270714 
124 0.375392 
125 -0.149746 
126 -0.282453 
127 -0.403085 
128 0.013711 
129 0.437079 
130 0.057827 
131 0.429921 
132 0.348409 
133 0.260920 
134 0.260920 
135 -0.187625 
136 0.428588 
137 -0.184112 
138 0.224537 
139 -0.174125 
140 0.142896 
141 -0.000342 
142 -0.195873 
143 -0.105041 
144 0.117262 
145 -0.346708 
146 -0.337683 
147 -0.399951 
148 0.488958 
149 -0.454042 
150 0.428588 
151 -0.149746 
152 0.164001 
153 -0.066308 
154 -0.066273 
155 -0.149527 
156 0.116116 
157 0.410890 
158 -0.077005 
159 -0.322769 
160 -0.271075 
161 0.427737 
162 0.364306 
163 -0.403085 
164 0.106758 
165 0.318794 
166 -0.333742 
167 0.195350 
168 0.468307 
169 -0.078578 
170 0.006814 
171 0.218553 
172 0.163827 
173 0.410890 
174 -0.161364 
175 0.224537 
176 -0.473641 
177 -0.270422 
178 -0.306401 
179 0.037987 
180 -0.386823 
181 -0.346708 
182 0.229611 
183 -0.473641 
184 -0.081151 
185 0.355454 
186 0.037987 
187 -0.149746 
188 -0.271075 
189 -0.138442 
190 -0.353850 
191 -0.044275 
192 -0.187625 
193 -0.081151 
194 -0.496782 
195 -0.029002 
196 -0.004896 
197 0.083023 
198 -0.161364 
199 -0.383257 
200 0.428588 
201 -0.471954 
202 -0.119706 
203 -0.161364 
204 -0.296924 
205 0.006814 
206 0.273098 
207 -0.303119 
208 -0.223995 
209 -0.357509 
210 -0.098922 
211 -0.393976 
212 0.318794 
213 0.037987 
214 -0.473641 
215 -0.337683 
216 0.106758 
217 -0.271075 
218 0.429943 
219 0.195350 
220 0.437079 
221 0.410890 
222 0.273098 
223 0.318794 
224 0.163827 
225 0.008224 
226 -0.403085 
227 0.207527 
228 -0.377222 
229 -0.161364 
230 0.389438 
231 0.006814 
232 0.364306 
233 0.407347 
234 -0.203721 
235 0.117262 
236 -0.059531 
237 -0.105092 
238 0.141436 
239 0.407347 
240 -0.090795 
241 -0.340785 
242 0.355454 
243 -0.465108 
244 0.013711 
245 0.229611 
246 0.220025 
247 0.116116 
248 -0.081151 
249 -0.340785 
250 0.437079 
251 -0.399360 
252 0.407347 
253 0.207527 
254 0.372824 
255 -0.393842 
256 0.407347 
257 -0.262173 
258 -0.066308 
259 -0.285941 
260 0.375392 
261 0.273098 
262 -0.296924 
263 -0.394176 
264 0.250748 
265 -0.346708 
266 -0.045100 
267 -0.180932 
268 0.428588 
269 0.428588 
270 0.250748 
271 -0.357509 
272 0.428588 
273 -0.483046 
274 0.492452 
275 -0.081151 
276 0.188918 
277 -0.408584 
278 -0.394176 
279 -0.119706 
280 -0.403085 
281 0.006814 
282 -0.195873 
283 0.028301 
284 0.425380 
285 -0.346708 
286 0.363957 
287 -0.101317 
288 0.195350 
289 -0.303119 
290 0.458439 
291 -0.119706 
292 -0.220522 
293 -0.168132 
294 -0.066308 
295 -0.346708 
296 0.025497 
297 -0.101317 
298 0.429943 
299 -0.184112 
300 0.367518 
301 -0.168132 
302 0.150732 
303 0.488958 
304 0.163827 
305 -0.399360 
306 0.269719 
307 -0.450928 
308 -0.353850 
309 -0.383257 
310 -0.488454 
311 -0.223995 
312 0.048128 
313 0.207527 
314 0.117262 
315 0.362009 
316 -0.168132 
317 -0.303119 
318 0.150732 
319 -0.122311 
320 0.429943 
321 -0.303119 
322 -0.271075 
323 0.163827 
324 -0.394176 
325 0.008495 
326 0.488958 
327 -0.353850 
328 -0.473641 
329 -0.473641 
330 0.429943 
331 0.318794 
332 -0.454042 
333 0.425380 
334 0.008495 
335 -0.138442 
336 -0.271075 
337 0.485279 
338 0.083023 
339 -0.457265 
340 0.477365 
341 -0.040634 
342 0.297707 
343 0.362009 
344 0.229611 
345 -0.044275 
346 -0.340785 
347 -0.403085 
348 0.224186 
349 0.117262 
350 -0.271075 
351 0.425380 
352 0.144881 
353 -0.044275 
354 -0.066273 
355 -0.356257 
356 0.483727 
357 0.466705 
358 0.025497 
359 -0.340785 
360 0.224537 
361 -0.346708 
362 -0.496782 
363 -0.044275 
364 0.101096 
365 -0.090795 
366 0.363003 
367 0.297707 
368 0.363957 
369 -0.257412 
370 -0.208671 
371 -0.257412 
372 -0.256401 
373 -0.122311 
374 0.220025 
375 -0.483221 
376 0.150732 
377 0.218553 
378 0.037987 
379 -0.256401 
380 0.429943 
381 0.180282 
382 -0.029002 
383 -0.340785 
384 -0.465108 
385 -0.049238 
386 0.037987 
387 -0.399360 
388 -0.149746 
389 0.116116 
390 -0.471954 
391 -0.499417 
392 -0.122311 
393 0.075246 
394 0.083023 
395 0.429921 
396 0.150732 
397 0.363003 
398 -0.000342 
399 -0.180932 
400 0.338354 
401 0.429921 
402 -0.149746 
403 -0.029002 
404 -0.138442 
405 0.375392 
406 -0.220522 
407 -0.340785 
408 0.364306 
409 0.106758 
410 -0.059531 
411 0.214144 
412 -0.081151 
413 0.428588 
414 -0.408584 
415 0.466705 
416 0.359124 
417 -0.471954 
418 -0.357509 
419 -0.369944 
420 -0.375308 
421 0.142896 
422 0.429943 
423 0.100164 
424 0.466705 
425 0.427737 
426 0.369421 
427 0.013711 
428 -0.077005 
429 0.006814 
430 0.413232 
431 -0.000342 
432 0.017222 
433 -0.353850 
434 0.477365 
435 0.008495 
436 -0.004896 
437 0.106758 
438 0.224537 
439 0.387609 
440 0.390616 
441 -0.176823 
442 0.390616 
443 -0.122311 
444 -0.124012 
445 0.271622 
446 -0.256401 
447 -0.375308 
448 -0.161364 
449 -0.168132 
450 0.051503 
451 0.195350 
452 0.319467 
453 0.390616 
454 0.028301 
455 0.142896 
456 0.006814 
457 0.180282 
458 0.180282 
459 0.338354 
460 0.075246 
461 0.288671 
462 0.188918 
463 0.370397 
464 0.037987 
465 -0.392597 
466 -0.220522 
467 0.425380 
468 -0.081151 
469 -0.087991 
470 0.249145 
471 -0.473641 
472 0.195350 
473 -0.000342 
474 0.073693 
475 0.230135 
476 0.083187 
477 -0.138442 
478 -0.149746 
479 0.269719 
480 0.478722 
481 0.075246 
482 0.037546 
483 0.224537 
484 0.180282 
485 -0.301375 
486 -0.399951 
487 0.453453 
488 0.013711 
489 0.135379 
490 0.273098 
491 0.116116 
492 0.195350 
493 0.360186 
494 0.375392 
495 0.229611 
496 -0.295168 
497 0.390616 
498 -0.354848 
499 0.229611 
500 -0.138442 
501 -0.471954 
502 0.083187 
503 -0.257412 
504 0.318794 
505 0.469020 
506 -0.454042 
507 -0.403085 
508 -0.372283 
509 0.117262 
510 -0.257412 
511 -0.101317 
512 -0.081151 
513 0.231519 
514 -0.465108 
515 0.083023 
516 -0.282453 
517 -0.488454 
518 0.483727 
519 0.028301 
520 0.218553 
521 0.360186 
522 0.144881 
523 -0.101317 
524 -0.353850 
525 -0.124012 
526 0.106758 
527 -0.187625 
528 0.150732 
529 -0.383257 
530 -0.357509 
531 0.013711 
532 -0.223995 
533 -0.183359 
534 -0.206284 
535 0.008495 
536 0.218553 
537 -0.282453 
538 0.297707 
539 -0.288475 
540 -0.124012 
541 0.260920 
542 0.229611 
543 0.025497 
544 -0.223995 
545 -0.346708 
546 -0.337683 
547 -0.471954 
548 -0.149527 
549 -0.471954 
550 -0.168132 
551 -0.122311 
552 0.135379 
553 0.106758 
554 -0.105041 
555 0.091269 
556 0.051503 
557 0.453453 
558 0.224537 
559 0.359124 
560 0.224537 
561 0.249097 
562 -0.183359 
563 -0.183359 
564 -0.322769 
565 -0.353850 
566 0.017222 
567 0.073693 
568 0.188918 
569 -0.034202 
570 -0.195873 
571 -0.308958 
572 0.008495 
573 0.438107 
574 -0.034202 
575 -0.116033 
576 -0.059531 
577 -0.306401 
578 0.469020 
579 0.375392 
580 -0.473641 
581 -0.282453 
582 0.224537 
583 0.195350 
584 0.275697 
585 -0.473641 
586 0.319467 
587 -0.270714 
588 0.428588 
589 -0.122311 
590 -0.161535 
591 -0.285941 
592 0.260920 
593 -0.161535 
594 -0.322769 
595 0.485279 
596 0.359124 
597 -0.392597 
598 -0.454042 
599 -0.394176 
600 -0.383257 
601 0.091269 
602 -0.044205 
603 0.363003 
604 0.360186 
605 -0.196058 
606 -0.411235 
607 -0.393842 
608 -0.206284 
609 -0.122311 
610 -0.122311 
611 0.407347 
612 0.372824 
613 -0.168132 
614 -0.488454 
615 -0.146068 
616 -0.084723 
617 -0.353850 
618 -0.303119 
619 0.224537 
620 0.450715 
621 0.260920 
622 0.135379 
623 -0.457265 
624 0.359124 
625 0.135379 
626 0.229611 
627 -0.119706 
628 -0.369944 
629 -0.042703 
630 -0.295168 
631 -0.161535 
632 0.180282 
633 0.260920 
634 -0.465108 
635 -0.337683 
636 0.355454 
637 -0.446341 
638 0.338354 
639 -0.066308 
640 -0.220522 
641 -0.411235 
642 -0.463207 
643 0.390616 
644 0.370397 
645 0.290825 
646 0.017222 
647 0.372824 
648 0.008495 
649 0.164001 
650 -0.408584 
651 0.466705 
652 -0.168132 
653 -0.497344 
654 -0.411235 
655 -0.499417 
656 0.460388 
657 -0.450928 
658 -0.066308 
659 -0.454042 
660 0.017222 
661 0.453308 
662 0.272526 
663 0.453453 
664 -0.454042 
665 0.269719 
666 -0.206284 
667 0.249097 
668 -0.119706 
669 0.057827 
670 -0.044205 
671 -0.256401 
672 0.106758 
673 -0.049238 
674 0.355454 
675 0.370397 
676 0.392382 
677 0.359124 
678 -0.399360 
679 0.260920 
680 -0.077005 
681 -0.369944 
682 0.150732 
683 -0.392597 
684 0.355454 
685 0.013711 
686 -0.383257 
687 -0.463207 
688 -0.381257 
689 -0.322769 
690 -0.408584 
691 -0.168132 
692 -0.199769 
693 -0.295168 
694 -0.059531 
695 0.077812 
696 -0.295168 
697 0.247544 
698 -0.408584 
699 -0.383257 
700 -0.146381 
701 -0.377222 
702 -0.151013 
703 0.225287 
704 0.297707 
705 0.100164 
706 -0.044205 
707 0.288671 
708 -0.471954 
709 0.372930 
710 -0.321401 
711 -0.077005 
712 -0.337683 
713 -0.377222 
714 0.249097 
715 0.037546 
716 0.121153 
717 -0.116033 
718 0.011021 
719 0.011021 
720 0.327710 
721 0.297707 
722 -0.195873 
723 0.218553 
724 -0.082495 
725 -0.262173 
726 -0.249543 
727 -0.116033 
728 0.427737 
729 -0.391601 
730 0.427737 
731 0.135379 
732 0.450660 
733 -0.383257 
734 0.180282 
735 -0.465108 
736 -0.295168 
737 0.458439 
738 -0.392597 
739 -0.377222 
740 -0.220522 
741 -0.149527 
742 0.409489 
743 -0.044205 
744 0.469020 
745 0.469020 
746 -0.044205 
747 0.100164 
748 -0.105041 
749 -0.377222 
750 0.083023 
751 0.037546 
752 0.135379 
753 0.006814 
754 -0.322769 
755 -0.045100 
756 -0.223995 
757 0.260920 
758 0.450715 
759 -0.187625 
760 -0.446642 
761 0.434645 
762 -0.497344 
763 0.195350 
764 0.013711 
765 -0.180932 
766 -0.220522 
767 -0.174125 
768 -0.271075 
769 -0.295168 
770 -0.044205 
771 -0.463207 
772 -0.077005 
773 0.396431 
774 -0.394176 
775 0.372824 
776 -0.077005 
777 0.249145 
778 0.077812 
779 0.011021 
780 -0.499417 
781 0.492452 
782 -0.087991 
783 0.409489 
784 0.135379 
785 0.051503 
786 -0.101317 
787 0.482603 
788 -0.282453 
789 0.011021 
790 -0.357509 
791 0.017222 
792 0.297707 
793 0.390616 
794 0.230135 
795 -0.186466 
796 -0.471954 
797 0.249145 
798 -0.105041 
799 0.051503 
800 -0.377222 
801 0.209948 
802 -0.206284 
803 0.429943 
804 0.269719 
805 0.421424 
806 -0.392597 
807 0.288671 
808 0.142896 
809 -0.275047 
810 -0.223125 
811 0.363003 
812 -0.392597 
813 -0.282563 
814 -0.206284 
815 -0.262173 
816 -0.471954 
817 -0.392597 
818 0.450715 
819 0.434645 
820 0.057827 
821 0.083023 
822 -0.105041 
823 -0.499417 
824 0.271622 
825 -0.223995 
826 0.359124 
827 0.037546 
828 -0.186466 
829 -0.196058 
830 -0.146068 
831 0.359124 
832 -0.392597 
833 -0.034551 
834 -0.408584 
835 -0.004896 
836 -0.392597 
837 -0.282563 
838 0.450715 
839 -0.042703 
840 -0.187625 
841 -0.183359 
842 0.369421 
843 0.450715 
844 0.409489 
845 0.390616 
846 0.437079 
847 0.011021 
848 -0.408584 
849 0.017222 
850 -0.066273 
851 -0.223995 
852 -0.105041 
853 -0.394176 
854 0.469020 
855 0.477365 
856 -0.034202 
857 -0.186466 
858 -0.223995 
859 0.207527 
860 0.288671 
861 -0.257412 
862 0.135379 
863 -0.394176 
864 0.051503 
865 -0.295168 
866 0.250748 
867 0.477365 
868 -0.122311 
869 -0.168132 
870 -0.203721 
871 -0.450928 
872 -0.149746 
873 -0.203721 
874 0.413430 
875 -0.203721 
876 0.343349 
877 -0.375308 
878 -0.229578 
879 0.288671 
880 -0.151013 
881 -0.174125 
882 0.017222 
883 -0.357509 
884 -0.087991 
885 -0.282453 
886 -0.183359 
887 -0.354848 
888 -0.203721 
889 -0.357509 
890 -0.066308 
891 -0.087991 
892 0.142896 
893 -0.206284 
894 -0.066308 
895 -0.101317 
896 -0.203721 
897 0.369421 
898 -0.203721 
899 -0.411235 
900 -0.101317 
901 0.355454 
902 -0.271075 
903 0.163827 
904 -0.475000 
905 0.083187 
906 0.218553 
907 -0.411235 
908 0.369421 
909 0.469020 
910 -0.450928 
911 0.485279 
912 0.434645 
913 0.288671 
914 0.319467 
915 -0.354848 
916 0.249145 
917 -0.195873 
918 -0.488454 
919 -0.180932 
920 0.150732 
921 -0.337683 
922 -0.377222 
923 -0.203721 
924 -0.187625 
925 -0.333742 
926 -0.488454 
927 0.482603 
928 -0.383257 
929 -0.369944 
930 -0.223995 
931 -0.206284 
932 -0.496782 
933 -0.408584 
934 0.180282 
935 0.372930 
936 0.083023 
937 -0.471954 
938 0.100164 
939 -0.483046 
940 0.017222 
941 0.331333 
942 -0.184112 
943 -0.393842 
944 -0.285941 
945 -0.450928 
946 -0.322769 
947 -0.183359 
948 0.458439 
949 0.288671 
950 0.288671 
951 -0.183359 
952 0.372930 
953 -0.465108 
954 -0.354848 
955 0.091269 
956 0.372824 
957 0.318794 
958 0.485279 
959 -0.353850 
960 -0.257412 
961 -0.375308 
962 -0.386823 
963 -0.256401 
964 0.106758 
965 0.434645 
966 0.249097 
967 -0.044205 
968 -0.180932 
969 -0.101317 
970 0.370397 
971 0.485279 
972 -0.386823 
973 -0.308958 
974 -0.488454 
975 0.269719 
976 0.017222 
977 0.369421 
978 0.218553 
979 -0.087991 
980 0.362009 
981 -0.262173 
982 -0.042703 
983 0.037546 
984 0.230135 
985 -0.499417 
986 -0.375308 
987 -0.033132 
988 -0.369944 
989 0.359124 
990 -0.282563 
991 -0.483046 
992 0.037546 
993 -0.138442 
994 0.135379 
995 -0.411235 
996 -0.275047 
997 0.458439 
998 0.372824 
999 0.037546 
1000 -0.119706 
1001 0.249097 
1002 0.260920 
1003 0.230135 
1004 -0.377222 
1005 0.269719 
1006 -0.457265 
1007 -0.042703 
1008 0.051503 
1009 0.437079 
1010 0.409489 
1011 0.218553 
1012 0.478722 
1013 -0.029002 
1014 -0.087991 
1015 -0.090795 
1016 0.135379 
1017 -0.337683 
1018 -0.295168 
1019 -0.101317 
1020 0.288671 
1021 -0.465108 
1022 0.269500 
1023 -0.377222 
1024 0.369421 
1025 0.028301 
1026 -0.471954 
1027 0.057827 
1028 -0.105041 
1029 -0.282453 
1030 0.297707 
1031 0.051503 
1032 0.017222 
1033 -0.240059 
1034 -0.457265 
1035 0.100164 
1036 -0.077005 
1037 -0.262173 
1038 -0.151013 
1039 0.106758 
1040 -0.354848 
1041 -0.149746 
1042 -0.148639 
1043 -0.029002 
1044 0.469020 
1045 -0.465108 
1046 -0.375308 
1047 -0.044205 
1048 0.320715 
1049 0.050974 
1050 0.409489 
1051 -0.411235 
1052 -0.220522 
1053 -0.119706 
1054 0.372930 
1055 -0.161364 
1056 -0.394176 
1057 -0.393842 
1058 -0.220522 
1059 -0.206284 
1060 0.091269 
1061 0.369421 
1062 -0.180932 
1063 0.017222 
1064 0.135379 
1065 0.413430 
1066 -0.411235 
1067 -0.149527 
1068 -0.483046 
1069 -0.000342 
1070 0.360186 
1071 0.488958 
1072 0.224537 
1073 -0.161535 
1074 0.028301 
1075 -0.042703 
1076 -0.463207 
1077 0.163827 
1078 0.077812 
1079 -0.161535 
1080 -0.220522 
1081 0.434645 
1082 -0.375308 
1083 0.375392 
1084 0.057827 
1085 -0.399951 
1086 0.450715 
1087 0.434645 
1088 0.434645 
1089 -0.295168 
1090 0.434645 
1091 -0.262173 
1092 0.372824 
1093 0.361061 
1094 0.383694 
1095 0.361061 
1096 0.150732 
1097 -0.029002 
1098 0.297707 
1099 0.249145 
1100 0.091269 
1101 -0.049238 
1102 0.100164 
1103 0.434645 
1104 0.396431 
1105 -0.386823 
1106 0.456858 
1107 -0.354848 
1108 0.083023 
1109 -0.203721 
1110 0.269719 
1111 -0.203721 
1112 0.188918 
1113 0.359124 
1114 0.359124 
1115 0.161225 
1116 0.488958 
1117 0.013711 
1118 0.273098 
1119 0.319467 
1120 0.319467 
1121 0.135379 
1122 0.224186 
1123 -0.282563 
1124 -0.357509 
1125 -0.369944 
1126 -0.161535 
1127 0.180282 
1128 0.091269 
1129 0.073693 
1130 -0.333742 
1131 -0.337683 
1132 0.372930 
1133 0.225287 
1134 -0.124012 
1135 0.231519 
1136 0.469020 
1137 -0.308958 
1138 -0.403085 
1139 -0.161535 
1140 -0.066308 
1141 -0.499417 
1142 0.150732 
1143 -0.381257 
1144 0.188918 
1145 0.343349 
1146 -0.483046 
1147 0.008495 
1148 0.144881 
1149 -0.288475 
1150 0.469020 
1151 -0.206284 
1152 -0.392597 
1153 -0.220522 
1154 -0.340785 
1155 0.458439 
1156 0.390616 
1157 0.006814 
1158 -0.199769 
1159 0.013711 
1160 -0.411235 
1161 0.037987 
1162 0.091269 
1163 -0.199769 
1164 0.051503 
1165 0.338354 
1166 -0.499417 
1167 -0.161535 
1168 0.426116 
1169 0.106758 
1170 -0.394176 
1171 -0.187625 
1172 0.077812 
1173 -0.196058 
1174 -0.497344 
1175 0.343349 
1176 -0.383257 
1177 0.051503 
1178 0.372824 
1179 0.372930 
1180 0.188918 
1181 0.364306 
1182 -0.296924 
1183 -0.146068 
1184 -0.105092 
1185 0.338354 
1186 -0.499417 
1187 0.288671 
1188 0.343349 
1189 0.466705 
1190 0.083023 
1191 -0.087991 
1192 -0.206284 
1193 0.372930 
1194 0.370397 
1195 0.249097 
1196 0.271622 
1197 -0.122311 
1198 0.039819 
1199 0.091269 
1200 -0.206284 
1201 0.437079 
1202 0.225287 
1203 -0.257412 
1204 -0.087991 
1205 0.008495 
1206 0.117262 
1207 -0.203721 
1208 -0.220522 
1209 -0.187625 
1210 0.015458 
1211 -0.282453 
1212 0.338354 
1213 -0.119706 
1214 -0.499417 
1215 0.075686 
1216 0.249145 
1217 -0.375308 
1218 -0.471954 
1219 0.318794 
1220 0.390616 
1221 -0.411235 
1222 0.051503 
1223 -0.220522 
1224 0.369421 
1225 -0.465108 
1226 -0.119706 
1227 -0.337683 
1228 0.013711 
1229 0.150732 
1230 0.320715 
1231 0.429921 
1232 0.091269 
1233 -0.101317 
1234 0.150732 
1235 -0.306401 
1236 0.483727 
1237 -0.187625 
1238 0.318794 
1239 0.429921 
1240 -0.168132 
1241 0.427737 
1242 0.272526 
1243 0.077812 
1244 0.363957 
1245 -0.183359 
1246 0.008495 
1247 -0.184112 
1248 0.260920 
1249 0.331333 
1250 -0.308958 
1251 -0.279131 
1252 -0.392597 
1253 0.077812 
1254 0.075686 
1255 0.437079 
1256 -0.049238 
1257 0.370397 
1258 0.037546 
1259 0.369421 
1260 0.369421 
1261 0.372930 
1262 0.375392 
1263 0.372824 
1264 -0.394176 
1265 -0.161535 
1266 0.318794 
1267 0.231519 
1268 -0.499417 
1269 0.288671 
1270 -0.270714 
1271 0.370397 
1272 -0.029002 
1273 0.331333 
1274 0.396431 
1275 -0.288475 
1276 -0.393842 
1277 0.360186 
1278 -0.408584 
1279 0.425380 
1280 -0.262173 
1281 0.390616 
1282 -0.146068 
1283 -0.186466 
1284 -0.004896 
1285 -0.000342 
1286 0.077812 
1287 -0.288475 
1288 0.028301 
1289 -0.439884 
1290 -0.282453 
1291 0.057827 
1292 0.370663 
1293 0.370397 
1294 0.091269 
1295 0.338354 
1296 0.013711 
1297 -0.288475 
1298 -0.296924 
1299 0.075686 
1300 -0.146381 
1301 -0.457265 
1302 0.318794 
1303 0.025497 
1304 0.037546 
1305 0.227010 
1306 -0.220522 
1307 -0.187625 
1308 0.297707 
1309 -0.457265 
1310 -0.381257 
1311 -0.257412 
1312 0.362009 
1313 0.372930 
1314 -0.386823 
1315 -0.186466 
1316 -0.059531 
1317 -0.077005 
1318 0.083023 
1319 -0.399951 
1320 0.427737 
1321 0.343349 
1322 0.073693 
1323 -0.279131 
1324 -0.457265 
1325 0.482603 
1326 0.034046 
1327 -0.149527 
1328 0.188918 
1329 0.195187 
1330 0.434645 
1331 0.260920 
1332 0.331333 
1333 0.360186 
1334 -0.408584 
1335 0.343349 
1336 0.318794 
1337 -0.372283 
1338 -0.282453 
1339 -0.044205 
1340 0.359124 
1341 -0.257412 
1342 0.320715 
1343 0.290825 
1344 0.451256 
1345 0.144881 
1346 0.370397 
1347 0.141436 
1348 0.106758 
1349 0.075686 
1350 -0.195873 
1351 0.269719 
1352 -0.411235 
1353 -0.463207 
1354 -0.187625 
1355 -0.101317 
1356 -0.457265 
1357 -0.203721 
1358 -0.408584 
1359 -0.122311 
1360 -0.411235 
1361 0.434645 
1362 -0.161535 
1363 0.271622 
1364 -0.306401 
1365 -0.168132 
1366 0.370397 
1367 -0.392597 
1368 -0.296924 
1369 -0.296924 
1370 -0.124012 
1371 -0.049238 
1372 -0.308958 
1373 0.037546 
1374 0.037546 
1375 0.164001 
1376 0.360186 
1377 0.083023 
1378 0.483727 
1379 0.106758 
1380 0.478722 
1381 0.485279 
1382 -0.049238 
1383 0.478722 
1384 0.409489 
1385 0.150732 
1386 -0.101317 
1387 0.468224 
1388 0.375392 
1389 -0.282563 
1390 0.413232 
1391 0.434645 
1392 0.370397 
1393 -0.168132 
1394 -0.288475 
1395 -0.105092 
1396 0.364306 
1397 -0.279131 
1398 -0.186466 
1399 0.372930 
1400 -0.203721 
1401 -0.463207 
1402 -0.296924 
1403 -0.119706 
1404 -0.199769 
1405 0.077812 
1406 0.360186 
1407 -0.105092 
1408 0.099131 
1409 0.458439 
1410 -0.066308 
1411 -0.375308 
1412 0.458439 
1413 -0.497344 
1414 -0.282563 
1415 -0.119706 
1416 -0.183359 
1417 -0.122311 
1418 -0.077005 
1419 -0.146068 
1420 -0.257412 
1421 0.390616 
1422 -0.105092 
1423 0.427737 
1424 0.218553 
1425 0.220025 
1426 0.362009 
1427 -0.377222 
1428 0.460388 
1429 0.008224 
1430 -0.408584 
1431 -0.357509 
1432 0.361061 
1433 0.320715 
1434 0.364306 
1435 -0.357509 
1436 -0.186466 
1437 -0.262173 
1438 -0.282453 
1439 0.214144 
1440 -0.377222 
1441 -0.105092 
1442 -0.223995 
1443 -0.436823 
1444 -0.399360 
1445 0.271622 
