39 1
0 -0.415629 
1 0.169007 
2 0.285479 
3 0.097115 
4 -0.437422 
5 0.091275 
6 -0.386985 
7 0.372350 
8 0.406340 
9 -0.074108 
10 0.474779 
11 0.437137 
12 0.163855 
13 -0.305967 
14 0.282173 
15 -0.427120 
16 -0.345179 
17 0.177737 
18 0.196930 
19 0.028615 
20 0.411258 
21 -0.427607 
22 -0.178086 
23 0.467133 
24 0.246147 
25 -0.277713 
26 0.107535 
27 -0.345882 
28 -0.422647 
29 -0.261273 
30 -0.023832 
31 0.371825 
32 -0.415629 
33 0.169007 
34 0.285479 
35 0.097115 
36 -0.437422 
37 0.091275 
38 -0.386985 
