39 1
0 0.066212 
1 -0.364096 
2 0.017030 
3 -0.146081 
4 -0.064797 
5 0.419579 
6 -0.416592 
7 -0.265987 
8 0.014568 
9 -0.087246 
10 -0.480942 
11 0.124868 
12 -0.260641 
13 0.158871 
14 0.092419 
15 0.348430 
16 0.201233 
17 -0.192707 
18 0.093947 
19 0.492695 
20 0.305076 
21 0.306421 
22 0.448184 
23 0.368704 
24 0.462768 
25 -0.028501 
26 -0.296007 
27 0.280589 
28 -0.226639 
29 0.133783 
30 -0.485430 
31 -0.466826 
32 0.066212 
33 -0.364096 
34 0.017030 
35 -0.146081 
36 -0.064797 
37 0.419579 
38 -0.416592 
