39 1
0 -0.476852 
1 0.277006 
2 0.298930 
3 -0.312324 
4 0.137250 
5 0.200645 
6 0.017954 
7 -0.372172 
8 0.051116 
9 -0.423481 
10 -0.455772 
11 0.475855 
12 -0.030044 
13 -0.377872 
14 0.349710 
15 -0.345624 
16 0.025690 
17 -0.167360 
18 0.086303 
19 0.191734 
20 -0.196013 
21 -0.357060 
22 -0.405115 
23 -0.366136 
24 0.450925 
25 0.461200 
26 0.212908 
27 0.105521 
28 0.312287 
29 -0.299435 
30 0.172917 
31 0.077663 
32 -0.476852 
33 0.277006 
34 0.298930 
35 -0.312324 
36 0.137250 
37 0.200645 
38 0.017954 
